0 0.003183
1 0.003054
2 0.002629
3 0.002812
4 0.002405
5 0.002043
6 0.001857
7 0.002243
8 0.001033
9 0.000522
10 0.000714
11 0.000871
12 0.000796
13 0.000379
14 0.000147
15 0.000119
16 0.000095
17 0.000072
18 0.000260
19 0.001048
20 0.001993
21 0.001853
22 0.001970
23 0.002083
24 0.002909
25 0.004557
26 0.007697
27 0.009852
28 0.002750
29 0.002931
30 0.002514
31 0.002404
32 0.002300
33 0.002104
34 0.001770
35 0.001230
36 0.000316
37 0.000185
38 0.000416
39 0.000701
40 0.001249
41 0.000770
42 0.000321
43 0.000100
44 0.000071
45 0.000071
46 0.000115
47 0.000548
48 0.001584
49 0.001643
50 0.000000
51 0.000000
52 0.004413
53 0.007646
54 0.009980
55 0.010319
56 0.002931
57 0.002514
58 0.002404
59 0.002300
60 0.002104
61 0.001769
62 0.001687
63 0.000597
64 0.000117
65 0.000075
66 0.000190
67 0.000532
68 0.001012
69 0.001548
70 0.000506
71 0.000118
72 0.000067
73 0.000057
74 0.000054
75 0.000209
76 0.000001
77 0.000000
78 0.000001
79 0.000000
80 0.000000
81 0.009980
82 0.010319
83 0.009676
84 0.002812
85 0.002404
86 0.002043
87 0.001856
88 0.001769
89 0.001687
90 0.001534
91 0.000261
92 0.000050
93 0.000039
94 0.000082
95 0.000235
96 0.001088
97 0.002568
98 0.001219
99 0.000243
100 0.000059
101 0.000017
102 0.000000
103 0.000000
104 0.000000
105 0.000000
106 0.000000
107 0.000001
108 0.000000
109 0.009294
110 0.009503
111 0.013748
112 0.002404
113 0.002300
114 0.001856
115 0.001769
116 0.000000
117 0.000000
118 0.000000
119 0.000000
120 0.000000
121 0.000008
122 0.000044
123 0.000146
124 0.000754
125 0.002148
126 0.002487
127 0.000031
128 0.000000
129 0.000000
130 0.000000
131 0.000000
132 0.000000
133 0.000001
134 0.000001
135 0.000001
136 0.000139
137 0.010191
138 0.016839
139 0.035757
140 0.002300
141 0.001947
142 0.001769
143 0.001687
144 0.000000
145 0.000000
146 0.000000
147 0.000000
148 0.000000
149 0.000000
150 0.000000
151 0.000000
152 0.000004
153 0.000004
154 0.000003
155 0.000000
156 0.000000
157 0.000000
158 0.000000
159 0.000000
160 0.000001
161 0.000002
162 0.000001
163 0.000000
164 0.009988
165 0.021271
166 0.045131
167 0.102225
168 0.001947
169 0.001769
170 0.001687
171 0.001534
172 0.000000
173 0.000000
174 0.000000
175 0.000000
176 0.000000
177 0.000000
178 0.000000
179 0.000000
180 0.000000
181 0.000000
182 0.000000
183 0.000000
184 0.000000
185 0.000000
186 0.000000
187 0.000001
188 0.000003
189 0.000001
190 0.000000
191 0.000002
192 0.026793
193 0.053613
194 0.141779
195 0.075028
196 0.001769
197 0.001687
198 0.001406
199 0.001270
200 0.000002
201 0.000000
202 0.000000
203 0.000000
204 0.000000
205 0.000001
206 0.000001
207 0.000001
208 0.000000
209 0.000000
210 0.000000
211 0.000000
212 0.000000
213 0.000000
214 0.000001
215 0.000002
216 0.000002
217 0.000000
218 0.000000
219 0.000676
220 0.075109
221 0.131481
222 0.062765
223 0.015312
224 0.001687
225 0.001405
226 0.001270
227 0.001207
228 0.000939
229 0.000000
230 0.000000
231 0.000000
232 0.000000
233 0.000000
234 0.000000
235 0.000001
236 0.000001
237 0.000001
238 0.000000
239 0.000000
240 0.000000
241 0.000001
242 0.000002
243 0.000002
244 0.000001
245 0.000000
246 0.000000
247 0.004680
248 0.008873
249 0.003932
250 0.001512
251 0.001056
252 0.001609
253 0.001270
254 0.001207
255 0.000684
256 0.000141
257 0.000000
258 0.000000
259 0.000000
260 0.000000
261 0.000000
262 0.000000
263 0.000000
264 0.000001
265 0.000001
266 0.000002
267 0.000005
268 0.000004
269 0.000011
270 0.000005
271 0.000001
272 0.000000
273 0.000000
274 0.000000
275 0.000484
276 0.000110
277 0.000044
278 0.000031
279 0.000034
280 0.001270
281 0.000427
282 0.000218
283 0.000060
284 0.000027
285 0.000000
286 0.000000
287 0.000000
288 0.000000
289 0.000000
290 0.000000
291 0.000000
292 0.000000
293 0.000000
294 0.000002
295 0.000037
296 0.007028
297 0.999988
298 0.000016
299 0.000001
300 0.000000
301 0.000000
302 0.000001
303 0.000031
304 0.000009
305 0.000005
306 0.000006
307 0.000008
308 0.000286
309 0.000108
310 0.000039
311 0.000016
312 0.000002
313 0.000000
314 0.000000
315 0.000000
316 0.000000
317 0.000000
318 0.000000
319 0.000000
320 0.000000
321 0.000000
322 0.000001
323 0.000013
324 0.000903
325 0.000768
326 0.000355
327 0.000001
328 0.000000
329 0.000000
330 0.000001
331 0.000006
332 0.000014
333 0.000008
334 0.000006
335 0.000010
336 0.000130
337 0.000046
338 0.000030
339 0.000014
340 0.000001
341 0.000000
342 0.000000
343 0.000000
344 0.000000
345 0.000000
346 0.000000
347 0.000000
348 0.000000
349 0.000000
350 0.000001
351 0.000002
352 0.000047
353 0.000020
354 0.000006
355 0.000002
356 0.000001
357 0.000000
358 0.000001
359 0.000004
360 0.000097
361 0.000048
362 0.000036
363 0.000020
364 0.000280
365 0.000155
366 0.000050
367 0.000018
368 0.000000
369 0.000000
370 0.000000
371 0.000000
372 0.000000
373 0.000000
374 0.000000
375 0.000000
376 0.000000
377 0.000000
378 0.000001
379 0.000002
380 0.000003
381 0.000002
382 0.000001
383 0.000001
384 0.000001
385 0.000001
386 0.000001
387 0.000002
388 0.000212
389 0.000498
390 0.000217
391 0.000124
392 0.000593
393 0.000254
394 0.000103
395 0.000009
396 0.000000
397 0.000000
398 0.000000
399 0.000001
400 0.000001
401 0.000000
402 0.000000
403 0.000000
404 0.000000
405 0.000000
406 0.000001
407 0.000001
408 0.000001
409 0.000001
410 0.000001
411 0.000001
412 0.000001
413 0.000002
414 0.000001
415 0.000002
416 0.000055
417 0.000678
418 0.000869
419 0.001357
420 0.000489
421 0.000417
422 0.000316
423 0.000007
424 0.000000
425 0.000000
426 0.000002
427 0.000002
428 0.000001
429 0.000000
430 0.000000
431 0.000000
432 0.000000
433 0.000000
434 0.000001
435 0.000001
436 0.000000
437 0.000000
438 0.000000
439 0.000001
440 0.000001
441 0.000013
442 0.000001
443 0.000000
444 0.000015
445 0.020138
446 0.006077
447 0.003703
448 0.000285
449 0.000235
450 0.000291
451 0.000004
452 0.000000
453 0.000002
454 0.000058
455 0.000017
456 0.000001
457 0.000000
458 0.000000
459 0.000000
460 0.000000
461 0.000000
462 0.000000
463 0.000000
464 0.000000
465 0.000000
466 0.000000
467 0.000001
468 0.000006
469 0.000010
470 0.000001
471 0.000000
472 0.000002
473 0.003442
474 0.052437
475 0.085427
476 0.000296
477 0.000254
478 0.000087
479 0.000001
480 0.000001
481 0.000063
482 0.999981
483 0.000060
484 0.000000
485 0.000000
486 0.000000
487 0.000000
488 0.000000
489 0.000000
490 0.000000
491 0.000000
492 0.000000
493 0.000000
494 0.000000
495 0.000000
496 0.000006
497 0.001186
498 0.000016
499 0.000001
500 0.000001
501 0.000315
502 0.017558
503 0.040984
504 0.000778
505 0.000531
506 0.000041
507 0.000001
508 0.000005
509 0.000477
510 0.000106
511 0.000030
512 0.000001
513 0.000000
514 0.000000
515 0.000000
516 0.000000
517 0.000000
518 0.000000
519 0.000000
520 0.000000
521 0.000000
522 0.000000
523 0.000000
524 0.000002
525 0.000408
526 0.999939
527 0.000019
528 0.000001
529 0.000014
530 0.011221
531 0.011505
532 0.001101
533 0.001970
534 0.000084
535 0.000008
536 0.000077
537 0.000205
538 0.000027
539 0.000006
540 0.000003
541 0.000000
542 0.000000
543 0.000000
544 0.000000
545 0.000000
546 0.000000
547 0.000000
548 0.000000
549 0.000000
550 0.000000
551 0.000000
552 0.000001
553 0.000011
554 0.002267
555 0.001086
556 0.000020
557 0.000039
558 0.001049
559 0.002791
560 0.002904
561 0.005504
562 0.000182
563 0.000064
564 0.000463
565 0.000133
566 0.000020
567 0.000007
568 0.000002
569 0.000000
570 0.000000
571 0.000000
572 0.000000
573 0.000000
574 0.000000
575 0.000000
576 0.000000
577 0.000000
578 0.000000
579 0.000000
580 0.000000
581 0.000001
582 0.000029
583 0.006883
584 0.001481
585 0.010002
586 0.003352
587 0.001660
588 0.006371
589 0.010007
590 0.001468
591 0.000371
592 0.000194
593 0.000006
594 0.000009
595 0.000005
596 0.000003
597 0.000000
598 0.000000
599 0.000000
600 0.000000
601 0.000000
602 0.000000
603 0.000000
604 0.000000
605 0.000000
606 0.000000
607 0.000000
608 0.000000
609 0.000000
610 0.000003
611 0.000416
612 0.002124
613 0.006544
614 0.010004
615 0.005748
616 0.010006
617 0.010002
618 0.004320
619 0.003363
620 0.000101
621 0.000007
622 0.000005
623 0.000003
624 0.000003
625 0.000001
626 0.000000
627 0.000000
628 0.000000
629 0.000000
630 0.000000
631 0.000000
632 0.000000
633 0.000000
634 0.000000
635 0.000000
636 0.000000
637 0.000000
638 0.000002
639 0.000298
640 0.000797
641 0.002246
642 0.000001
643 0.000001
644 0.010002
645 0.005306
646 0.003817
647 0.003741
648 0.003178
649 0.000092
650 0.000016
651 0.000006
652 0.000013
653 0.000041
654 0.000003
655 0.000001
656 0.000001
657 0.000001
658 0.000001
659 0.000000
660 0.000000
661 0.000000
662 0.000000
663 0.000000
664 0.000000
665 0.000004
666 0.000134
667 0.000176
668 0.000333
669 0.000001
670 0.000001
671 0.000002
672 0.000001
673 0.003973
674 0.003894
675 0.006140
676 0.009999
677 0.010001
678 0.000336
679 0.000211
680 0.000423
681 0.001210
682 0.000183
683 0.000004
684 0.000001
685 0.000001
686 0.000001
687 0.000001
688 0.000001
689 0.000006
690 0.000014
691 0.000008
692 0.000020
693 0.000126
694 0.000143
695 0.000187
696 0.000001
697 0.000001
698 0.000001
699 0.000001
700 0.000001
701 0.000001
702 0.006267
703 0.009998
704 0.010000
705 0.010003
706 0.010006
707 0.010008
708 0.008346
709 0.002855
710 0.000291
711 0.000014
712 0.000002
713 0.000001
714 0.000002
715 0.000002
716 0.000003
717 0.000011
718 0.000090
719 0.000096
720 0.000102
721 0.000134
722 0.000176
723 0.000001
724 0.000001
725 0.000001
726 0.000001
727 0.000001
728 0.000001
729 0.000001
730 0.000001
731 0.000001
732 0.010002
733 0.010005
734 0.010007
735 0.010007
736 0.004265
737 0.001544
738 0.000633
739 0.000043
740 0.000005
741 0.000002
742 0.000002
743 0.000002
744 0.000006
745 0.000029
746 0.000096
747 0.000126
748 0.000134
749 0.000176
750 0.000000
751 0.000000
752 0.000000
753 0.000000
754 0.000001
755 0.000001
756 0.000001
757 0.000001
758 0.000000
759 0.000000
760 0.000001
761 0.010006
762 0.010007
763 0.006104
764 0.002665
765 0.000997
766 0.000812
767 0.000148
768 0.000012
769 0.000003
770 0.000003
771 0.000003
772 0.000012
773 0.000072
774 0.000096
775 0.000109
776 0.000143
777 0.000000
778 0.000013
779 0.000011
780 0.000001
781 0.000000
782 0.000000
783 0.000001
