0 0.003760
1 0.003631
2 0.003201
3 0.003387
4 0.002970
5 0.002705
6 0.003064
7 0.003906
8 0.000979
9 0.000188
10 0.000143
11 0.000151
12 0.000201
13 0.000263
14 0.000187
15 0.000095
16 0.000074
17 0.000185
18 0.001929
19 0.015251
20 0.013721
21 0.004725
22 0.002098
23 0.001855
24 0.001465
25 0.001361
26 0.001583
27 0.001673
28 0.003324
29 0.003507
30 0.003083
31 0.002970
32 0.002861
33 0.002656
34 0.002551
35 0.002036
36 0.000357
37 0.000103
38 0.000105
39 0.000118
40 0.000147
41 0.000260
42 0.000271
43 0.000159
44 0.000124
45 0.000519
46 0.002372
47 0.005832
48 0.005364
49 0.001916
50 0.000000
51 0.000000
52 0.001252
53 0.001445
54 0.001319
55 0.001619
56 0.003507
57 0.003083
58 0.002970
59 0.002861
60 0.002656
61 0.002298
62 0.002209
63 0.000710
64 0.000134
65 0.000062
66 0.000099
67 0.000099
68 0.000105
69 0.000183
70 0.000381
71 0.000375
72 0.000623
73 0.001092
74 0.001197
75 0.001357
76 0.000000
77 0.000000
78 0.000000
79 0.000000
80 0.000000
81 0.001197
82 0.001479
83 0.001324
84 0.003387
85 0.002970
86 0.002591
87 0.002392
88 0.002298
89 0.002209
90 0.002041
91 0.000241
92 0.000045
93 0.000041
94 0.000063
95 0.000077
96 0.000093
97 0.000244
98 0.000550
99 0.001650
100 0.002659
101 0.000313
102 0.000000
103 0.000000
104 0.000000
105 0.000000
106 0.000000
107 0.000000
108 0.000000
109 0.001156
110 0.001201
111 0.001450
112 0.002970
113 0.002861
114 0.002392
115 0.002298
116 0.000000
117 0.000000
118 0.000000
119 0.000000
120 0.000000
121 0.000002
122 0.000041
123 0.000068
124 0.000144
125 0.000361
126 0.001112
127 0.000057
128 0.000001
129 0.000000
130 0.000000
131 0.000000
132 0.000000
133 0.000000
134 0.000000
135 0.000000
136 0.021649
137 0.000928
138 0.001128
139 0.001366
140 0.002861
141 0.002489
142 0.002298
143 0.002209
144 0.000000
145 0.000000
146 0.000000
147 0.000000
148 0.000000
149 0.000000
150 0.000000
151 0.000000
152 0.000000
153 0.000000
154 0.000000
155 0.000000
156 0.000000
157 0.000000
158 0.000000
159 0.000000
160 0.000000
161 0.000000
162 0.000000
163 0.000000
164 0.000939
165 0.000869
166 0.001060
167 0.001105
168 0.002489
169 0.002298
170 0.002209
171 0.002041
172 0.000000
173 0.000000
174 0.000000
175 0.000000
176 0.000000
177 0.000000
178 0.000000
179 0.000000
180 0.000000
181 0.000000
182 0.000000
183 0.000000
184 0.000000
185 0.000000
186 0.000000
187 0.000000
188 0.000000
189 0.000000
190 0.000000
191 0.000013
192 0.000741
193 0.000772
194 0.000808
195 0.001121
196 0.002298
197 0.002209
198 0.001898
199 0.001745
200 0.000011
201 0.000000
202 0.000000
203 0.000000
204 0.000000
205 0.000000
206 0.000000
207 0.000000
208 0.000000
209 0.000000
210 0.000000
211 0.000000
212 0.000000
213 0.000000
214 0.000000
215 0.000000
216 0.000000
217 0.000000
218 0.000000
219 0.000788
220 0.000731
221 0.000767
222 0.000855
223 0.001066
224 0.002209
225 0.001898
226 0.001745
227 0.001674
228 0.001360
229 0.000000
230 0.000000
231 0.000000
232 0.000000
233 0.000000
234 0.000000
235 0.000000
236 0.000000
237 0.000000
238 0.000000
239 0.000000
240 0.000000
241 0.000000
242 0.000000
243 0.000000
244 0.000000
245 0.000000
246 0.000000
247 0.000001
248 0.000003
249 0.000007
250 0.000023
251 0.000081
252 0.002123
253 0.001745
254 0.001674
255 0.000644
256 0.000056
257 0.000000
258 0.000000
259 0.000000
260 0.000000
261 0.000000
262 0.000000
263 0.000000
264 0.000000
265 0.000000
266 0.000000
267 0.000000
268 0.000000
269 0.000000
270 0.000000
271 0.000000
272 0.000000
273 0.000000
274 0.000000
275 0.000000
276 0.000000
277 0.000001
278 0.000002
279 0.000006
280 0.001746
281 0.000296
282 0.000091
283 0.000013
284 0.000003
285 0.000000
286 0.000000
287 0.000000
288 0.000000
289 0.000000
290 0.000000
291 0.000000
292 0.000000
293 0.000000
294 0.000000
295 0.000000
296 0.000000
297 0.000000
298 0.000000
299 0.000000
300 0.000000
301 0.000000
302 0.000000
303 0.000000
304 0.000000
305 0.000001
306 0.000002
307 0.000004
308 0.000126
309 0.000027
310 0.000006
311 0.000002
312 0.000000
313 0.000000
314 0.000000
315 0.000000
316 0.000000
317 0.000000
318 0.000000
319 0.000000
320 0.000000
321 0.000000
322 0.000000
323 0.000000
324 0.000000
325 0.000000
326 0.000000
327 0.000000
328 0.000000
329 0.000000
330 0.000000
331 0.000000
332 0.000001
333 0.000002
334 0.000004
335 0.000008
336 0.000029
337 0.000008
338 0.000004
339 0.000001
340 0.000000
341 0.000000
342 0.000000
343 0.000000
344 0.000000
345 0.000000
346 0.000000
347 0.000000
348 0.000000
349 0.000000
350 0.000000
351 0.000000
352 0.000000
353 0.000000
354 0.000000
355 0.000000
356 0.000001
357 0.000000
358 0.000000
359 0.000000
360 0.000003
361 0.000005
362 0.000007
363 0.000008
364 0.000044
365 0.000026
366 0.000011
367 0.000005
368 0.000000
369 0.000000
370 0.000000
371 0.000000
372 0.000000
373 0.000000
374 0.000000
375 0.000000
376 0.000000
377 0.000000
378 0.000000
379 0.000000
380 0.000000
381 0.000000
382 0.000000
383 0.000001
384 0.000005
385 0.000006
386 0.000000
387 0.000000
388 0.000002
389 0.000007
390 0.000004
391 0.000003
392 0.000061
393 0.000040
394 0.000028
395 0.000002
396 0.000000
397 0.000000
398 0.000000
399 0.000000
400 0.000001
401 0.000001
402 0.000000
403 0.000000
404 0.000000
405 0.000000
406 0.000000
407 0.000000
408 0.000000
409 0.000000
410 0.000000
411 0.000001
412 0.000153
413 0.000104
414 0.000001
415 0.000000
416 0.000000
417 0.000002
418 0.000002
419 0.000001
420 0.000024
421 0.000029
422 0.000032
423 0.000001
424 0.000000
425 0.000000
426 0.000000
427 0.000001
428 0.000005
429 0.000001
430 0.000000
431 0.000000
432 0.000000
433 0.000000
434 0.000000
435 0.000000
436 0.000000
437 0.000000
438 0.000000
439 0.000001
440 0.999993
441 0.944317
442 0.000010
443 0.000000
444 0.000000
445 0.000002
446 0.000001
447 0.000001
448 0.000017
449 0.000012
450 0.000011
451 0.000000
452 0.000000
453 0.000000
454 0.000007
455 0.000550
456 0.000146
457 0.000000
458 0.000000
459 0.000000
460 0.000000
461 0.000000
462 0.000000
463 0.000000
464 0.000000
465 0.000000
466 0.000000
467 0.000000
468 0.000013
469 0.000530
470 0.000063
471 0.000001
472 0.000000
473 0.000002
474 0.000003
475 0.000002
476 0.000033
477 0.000017
478 0.000003
479 0.000000
480 0.000000
481 0.000001
482 0.000258
483 0.999994
484 0.000001
485 0.000000
486 0.000000
487 0.000000
488 0.000000
489 0.000000
490 0.000000
491 0.000000
492 0.000000
493 0.000000
494 0.000000
495 0.000000
496 0.000000
497 0.000001
498 0.000011
499 0.000003
500 0.000001
501 0.000009
502 0.000080
503 0.000053
504 0.000136
505 0.000072
506 0.000003
507 0.000000
508 0.000000
509 0.000020
510 0.002907
511 0.000003
512 0.000000
513 0.000000
514 0.000000
515 0.000000
516 0.000000
517 0.000000
518 0.000000
519 0.000000
520 0.000000
521 0.000000
522 0.000000
523 0.000000
524 0.000000
525 0.000000
526 0.000001
527 0.000009
528 0.000005
529 0.000053
530 0.004032
531 0.002179
532 0.000125
533 0.000460
534 0.000010
535 0.000000
536 0.000015
537 0.000631
538 0.000005
539 0.000000
540 0.000000
541 0.000000
542 0.000000
543 0.000000
544 0.000000
545 0.000000
546 0.000000
547 0.000000
548 0.000000
549 0.000000
550 0.000000
551 0.000000
552 0.000000
553 0.000000
554 0.000000
555 0.000017
556 0.000018
557 0.000256
558 0.010002
559 0.009475
560 0.000937
561 0.002488
562 0.000055
563 0.000004
564 0.000119
565 0.000132
566 0.000000
567 0.000000
568 0.000000
569 0.000000
570 0.000000
571 0.000000
572 0.000000
573 0.000000
574 0.000000
575 0.000000
576 0.000000
577 0.000000
578 0.000000
579 0.000000
580 0.000000
581 0.000000
582 0.000000
583 0.000002
584 0.000055
585 0.000689
586 0.003838
587 0.010002
588 0.003630
589 0.010978
590 0.000940
591 0.000069
592 0.000074
593 0.000001
594 0.000000
595 0.000000
596 0.000000
597 0.000000
598 0.000000
599 0.000000
600 0.000000
601 0.000000
602 0.000000
603 0.000000
604 0.000000
605 0.000000
606 0.000000
607 0.000000
608 0.000000
609 0.000000
610 0.000000
611 0.000001
612 0.000045
613 0.000164
614 0.000719
615 0.002515
616 0.015898
617 0.010012
618 0.010009
619 0.001175
620 0.000019
621 0.000000
622 0.000000
623 0.000000
624 0.000000
625 0.000000
626 0.000000
627 0.000000
628 0.000000
629 0.000000
630 0.000000
631 0.000000
632 0.000000
633 0.000000
634 0.000000
635 0.000000
636 0.000000
637 0.000000
638 0.000001
639 0.000020
640 0.000022
641 0.000052
642 0.000000
643 0.000000
644 0.010011
645 0.010009
646 0.003075
647 0.000768
648 0.000111
649 0.000001
650 0.000000
651 0.000000
652 0.000000
653 0.000000
654 0.000000
655 0.000000
656 0.000000
657 0.000000
658 0.000000
659 0.000000
660 0.000000
661 0.000000
662 0.000000
663 0.000000
664 0.000000
665 0.000001
666 0.000020
667 0.000028
668 0.000030
669 0.000000
670 0.000000
671 0.000000
672 0.000000
673 0.003228
674 0.001088
675 0.000306
676 0.000225
677 0.000167
678 0.000002
679 0.000001
680 0.000002
681 0.000007
682 0.000002
683 0.000000
684 0.000000
685 0.000000
686 0.000000
687 0.000000
688 0.000001
689 0.000010
690 0.000002
691 0.000002
692 0.000004
693 0.000018
694 0.000022
695 0.000030
696 0.000000
697 0.000000
698 0.000000
699 0.000000
700 0.000000
701 0.000000
702 0.000437
703 0.000258
704 0.000241
705 0.000225
706 0.000167
707 0.000156
708 0.000136
709 0.000100
710 0.000012
711 0.000000
712 0.000000
713 0.000000
714 0.000000
715 0.000000
716 0.000002
717 0.000008
718 0.000012
719 0.000013
720 0.000014
721 0.000020
722 0.000028
723 0.000000
724 0.000000
725 0.000000
726 0.000000
727 0.000000
728 0.000000
729 0.000000
730 0.000000
731 0.000000
732 0.000257
733 0.000241
734 0.000179
735 0.000167
736 0.000156
737 0.000115
738 0.000100
739 0.000002
740 0.000000
741 0.000000
742 0.000000
743 0.000001
744 0.000011
745 0.000011
746 0.000013
747 0.000018
748 0.000020
749 0.000028
750 0.000000
751 0.000000
752 0.000000
753 0.000000
754 0.000000
755 0.000000
756 0.000000
757 0.000000
758 0.000000
759 0.000000
760 0.000000
761 0.000257
762 0.000241
763 0.000179
764 0.000167
765 0.000156
766 0.000145
767 0.000009
768 0.000000
769 0.000000
770 0.000000
771 0.000002
772 0.000012
773 0.000016
774 0.000013
775 0.000015
776 0.000022
777 0.000000
778 0.000003
779 0.000002
780 0.000000
781 0.000000
782 0.000000
783 0.000000
