0 0.010059
1 0.010061
2 0.010069
3 0.010066
4 0.010076
5 0.010088
6 0.010096
7 0.010101
8 0.000131
9 0.000005
10 0.000003
11 0.000004
12 0.000004
13 0.000006
14 0.000007
15 0.000010
16 0.000008
17 0.000009
18 0.000013
19 0.000014
20 0.000021
21 0.000024
22 0.000036
23 0.000040
24 0.000032
25 0.000035
26 0.000053
27 0.000059
28 0.010066
29 0.010063
30 0.010071
31 0.010074
32 0.010077
33 0.010084
34 0.010097
35 0.003092
36 0.000027
37 0.000002
38 0.000002
39 0.000002
40 0.000004
41 0.000006
42 0.000006
43 0.000007
44 0.000007
45 0.000011
46 0.000012
47 0.000018
48 0.000014
49 0.000021
50 0.000027
51 0.000032
52 0.000029
53 0.000044
54 0.000035
55 0.000053
56 0.010063
57 0.010071
58 0.010074
59 0.010076
60 0.010081
61 0.010092
62 0.010097
63 0.000323
64 0.000008
65 0.000001
66 0.000002
67 0.000002
68 0.000002
69 0.000004
70 0.000004
71 0.000006
72 0.000007
73 0.000007
74 0.000011
75 0.000012
76 0.000017
77 0.000017
78 0.000019
79 0.000021
80 0.000032
81 0.000029
82 0.000044
83 0.000088
84 0.010065
85 0.010073
86 0.010082
87 0.010087
88 0.010090
89 0.010093
90 0.010100
91 0.000050
92 0.000002
93 0.000001
94 0.000001
95 0.000001
96 0.000002
97 0.000003
98 0.000004
99 0.000004
100 0.000006
101 0.000007
102 0.000010
103 0.000009
104 0.000014
105 0.000014
106 0.000017
107 0.000026
108 0.000026
109 0.000026
110 0.000073
111 0.000353
112 0.010073
113 0.010076
114 0.010087
115 0.010090
116 0.006922
117 0.007148
118 0.002023
119 0.000009
120 0.000001
121 0.000001
122 0.000001
123 0.000001
124 0.000002
125 0.000002
126 0.000003
127 0.000004
128 0.000005
129 0.000006
130 0.000008
131 0.000009
132 0.000013
133 0.000011
134 0.000014
135 0.000021
136 0.000021
137 0.000060
138 0.000359
139 0.004806
140 0.010075
141 0.010084
142 0.010089
143 0.010092
144 0.007078
145 0.006972
146 0.000165
147 0.000002
148 0.000000
149 0.000001
150 0.000001
151 0.000001
152 0.000001
153 0.000002
154 0.000002
155 0.000004
156 0.000003
157 0.000005
158 0.000005
159 0.000008
160 0.000009
161 0.000009
162 0.000014
163 0.000017
164 0.000069
165 0.000376
166 0.004663
167 0.015027
168 0.010083
169 0.010089
170 0.010092
171 0.010097
172 0.007544
173 0.007149
174 0.000022
175 0.000001
176 0.000000
177 0.000000
178 0.000001
179 0.000001
180 0.000001
181 0.000001
182 0.000002
183 0.000003
184 0.000003
185 0.000004
186 0.000004
187 0.000005
188 0.000007
189 0.000008
190 0.000015
191 0.000068
192 0.000629
193 0.004138
194 0.014385
195 0.002749
196 0.010088
197 0.010091
198 0.010100
199 0.010107
200 0.008597
201 0.007378
202 0.000003
203 0.000000
204 0.000000
205 0.000000
206 0.000000
207 0.000001
208 0.000001
209 0.000001
210 0.000001
211 0.000002
212 0.000002
213 0.000003
214 0.000003
215 0.000004
216 0.000005
217 0.000012
218 0.000061
219 0.000508
220 0.006246
221 0.006364
222 0.001391
223 0.000174
224 0.010092
225 0.010101
226 0.010106
227 0.010109
228 0.010123
229 0.000119
230 0.000001
231 0.000000
232 0.000000
233 0.000000
234 0.000000
235 0.000000
236 0.000001
237 0.000001
238 0.000001
239 0.000001
240 0.000002
241 0.000002
242 0.000003
243 0.000004
244 0.000010
245 0.000057
246 0.000631
247 0.008331
248 0.003017
249 0.000297
250 0.000067
251 0.000023
252 0.010096
253 0.010107
254 0.010109
255 0.010178
256 0.010342
257 0.000009
258 0.000000
259 0.000000
260 0.000000
261 0.000000
262 0.000000
263 0.000000
264 0.000001
265 0.000001
266 0.000001
267 0.000001
268 0.000001
269 0.000001
270 0.000002
271 0.000007
272 0.000034
273 0.000492
274 0.999956
275 0.000590
276 0.000131
277 0.000025
278 0.000010
279 0.000012
280 0.010109
281 0.010231
282 0.010309
283 0.010449
284 0.010544
285 0.000001
286 0.000000
287 0.000000
288 0.000000
289 0.000000
290 0.000000
291 0.000000
292 0.000000
293 0.000000
294 0.000001
295 0.000001
296 0.000001
297 0.000001
298 0.000005
299 0.000030
300 0.000224
301 0.001937
302 0.000245
303 0.000043
304 0.000015
305 0.000007
306 0.000007
307 0.000010
308 0.010310
309 0.010407
310 0.010511
311 0.010605
312 0.000086
313 0.000000
314 0.000000
315 0.000000
316 0.000000
317 0.000000
318 0.000000
319 0.000000
320 0.000000
321 0.000000
322 0.000000
323 0.000001
324 0.000001
325 0.000003
326 0.000017
327 0.000195
328 0.000267
329 0.000051
330 0.000014
331 0.000006
332 0.000004
333 0.000006
334 0.000006
335 0.000010
336 0.010475
337 0.010542
338 0.010573
339 0.010617
340 0.000003
341 0.000000
342 0.000000
343 0.000000
344 0.000000
345 0.000000
346 0.000000
347 0.000000
348 0.000000
349 0.000000
350 0.000000
351 0.000001
352 0.000002
353 0.000009
354 0.000120
355 0.000054
356 0.000016
357 0.000005
358 0.000002
359 0.000003
360 0.000003
361 0.000004
362 0.000005
363 0.000006
364 0.010508
365 0.010522
366 0.010556
367 0.010583
368 0.000000
369 0.000000
370 0.000000
371 0.000000
372 0.000000
373 0.000000
374 0.000000
375 0.000000
376 0.000000
377 0.000000
378 0.000000
379 0.000001
380 0.000006
381 0.000021
382 0.000013
383 0.000005
384 0.000002
385 0.000002
386 0.000002
387 0.000003
388 0.000003
389 0.000003
390 0.000004
391 0.000006
392 0.010497
393 0.010531
394 0.010565
395 0.000061
396 0.000000
397 0.000000
398 0.000000
399 0.000000
400 0.000000
401 0.000000
402 0.000000
403 0.000000
404 0.000000
405 0.000000
406 0.000001
407 0.000003
408 0.000006
409 0.000004
410 0.000002
411 0.000001
412 0.000001
413 0.000001
414 0.000001
415 0.000002
416 0.000003
417 0.000003
418 0.000003
419 0.000004
420 0.010493
421 0.010524
422 0.010559
423 0.000002
424 0.000000
425 0.000000
426 0.000000
427 0.000000
428 0.000000
429 0.000000
430 0.000000
431 0.000000
432 0.000000
433 0.000000
434 0.000002
435 0.000002
436 0.000001
437 0.000001
438 0.000001
439 0.000001
440 0.000001
441 0.000001
442 0.000001
443 0.000001
444 0.000002
445 0.000002
446 0.000003
447 0.000003
448 0.010597
449 0.010526
450 0.010560
451 0.000000
452 0.000000
453 0.000000
454 0.000000
455 0.000000
456 0.000000
457 0.000000
458 0.000000
459 0.000000
460 0.000000
461 0.000000
462 0.000001
463 0.000000
464 0.000000
465 0.000000
466 0.000000
467 0.000000
468 0.000001
469 0.000001
470 0.000001
471 0.000001
472 0.000002
473 0.000002
474 0.000002
475 0.000006
476 0.010527
477 0.010573
478 0.000301
479 0.000000
480 0.000000
481 0.000000
482 0.000000
483 0.000000
484 0.000000
485 0.000000
486 0.000000
487 0.000000
488 0.000000
489 0.000000
490 0.000000
491 0.000000
492 0.000000
493 0.000000
494 0.000000
495 0.000000
496 0.000000
497 0.000001
498 0.000001
499 0.000001
500 0.000002
501 0.000006
502 0.000021
503 0.000092
504 0.010292
505 0.010480
506 0.000004
507 0.000000
508 0.000000
509 0.000000
510 0.000000
511 0.000000
512 0.000000
513 0.000000
514 0.000000
515 0.000000
516 0.000000
517 0.000000
518 0.000000
519 0.000000
520 0.000000
521 0.000000
522 0.000000
523 0.000000
524 0.000000
525 0.000001
526 0.000002
527 0.000007
528 0.000028
529 0.000121
530 0.000777
531 0.008893
532 0.010300
533 0.010311
534 0.000001
535 0.000000
536 0.000000
537 0.000000
538 0.000000
539 0.000000
540 0.000000
541 0.000000
542 0.000000
543 0.000000
544 0.000000
545 0.000000
546 0.000000
547 0.000000
548 0.000000
549 0.000000
550 0.000000
551 0.000001
552 0.000002
553 0.000011
554 0.000053
555 0.000347
556 0.003321
557 0.009387
558 0.008901
559 0.008908
560 0.010280
561 0.010285
562 0.000001
563 0.000000
564 0.000000
565 0.000000
566 0.000000
567 0.000000
568 0.000000
569 0.000000
570 0.000000
571 0.000000
572 0.000000
573 0.000000
574 0.000000
575 0.000000
576 0.000000
577 0.000001
578 0.000002
579 0.000011
580 0.000133
581 0.003174
582 0.011331
583 0.010928
584 0.010702
585 0.008939
586 0.008930
587 0.008973
588 0.010260
589 0.010280
590 0.000009
591 0.000000
592 0.000000
593 0.000000
594 0.000000
595 0.000000
596 0.000000
597 0.000000
598 0.000000
599 0.000000
600 0.000000
601 0.000000
602 0.000000
603 0.000000
604 0.000002
605 0.000038
606 0.000946
607 0.009312
608 0.009733
609 0.010415
610 0.011597
611 0.011659
612 0.008978
613 0.008965
614 0.008998
615 0.008993
616 0.010250
617 0.010259
618 0.010280
619 0.000023
620 0.000000
621 0.000000
622 0.000000
623 0.000000
624 0.000000
625 0.000000
626 0.000000
627 0.000000
628 0.000000
629 0.000000
630 0.000003
631 0.000253
632 0.009452
633 0.009232
634 0.009271
635 0.009319
636 0.009303
637 0.009414
638 0.009953
639 0.009006
640 0.009013
641 0.009050
642 0.011885
643 0.012259
644 0.010245
645 0.010249
646 0.010254
647 0.010274
648 0.000611
649 0.000000
650 0.000000
651 0.000000
652 0.000000
653 0.000000
654 0.000000
655 0.000001
656 0.000036
657 0.008913
658 0.008949
659 0.009180
660 0.009045
661 0.009019
662 0.009120
663 0.009222
664 0.009197
665 0.009111
666 0.008974
667 0.009054
668 0.009076
669 0.011997
670 0.012035
671 0.012253
672 0.000000
673 0.010245
674 0.010249
675 0.010269
676 0.010259
677 0.010279
678 0.000001
679 0.000001
680 0.000002
681 0.000027
682 0.009686
683 0.009102
684 0.008879
685 0.008956
686 0.009006
687 0.008889
688 0.008746
689 0.008762
690 0.008837
691 0.008936
692 0.008919
693 0.008910
694 0.008960
695 0.009047
696 0.011994
697 0.012004
698 0.012008
699 0.012195
700 0.000000
701 0.000000
702 0.010245
703 0.010249
704 0.010254
705 0.010258
706 0.010278
707 0.010281
708 0.010291
709 0.010313
710 0.009982
711 0.009352
712 0.008964
713 0.008905
714 0.008985
715 0.008870
716 0.008720
717 0.008732
718 0.008800
719 0.008816
720 0.008836
721 0.008904
722 0.008981
723 0.011918
724 0.011839
725 0.012046
726 0.012096
727 0.012054
728 0.000000
729 0.000000
730 0.000000
731 0.000000
732 0.010249
733 0.010252
734 0.010271
735 0.010276
736 0.010282
737 0.010305
738 0.010320
739 0.009548
740 0.009092
741 0.008962
742 0.008944
743 0.008815
744 0.008774
745 0.008786
746 0.008811
747 0.008868
748 0.008885
749 0.008949
750 0.011014
751 0.010002
752 0.010421
753 0.011384
754 0.012087
755 0.012113
756 0.000000
757 0.000000
758 0.000000
759 0.000000
760 0.000000
761 0.010247
762 0.010250
763 0.010271
764 0.010278
765 0.010287
766 0.010297
767 0.009785
768 0.009258
769 0.008977
770 0.008878
771 0.008756
772 0.008786
773 0.008842
774 0.008811
775 0.008837
776 0.008894
777 0.009617
778 0.009248
779 0.009301
780 0.009589
781 0.009952
782 0.011320
783 0.012064
