0 0.004654
1 0.005120
2 0.004824
3 0.005120
4 0.004823
5 0.004545
6 0.003374
7 0.002263
8 0.000514
9 0.000266
10 0.000434
11 0.000719
12 0.001182
13 0.001139
14 0.000877
15 0.000405
16 0.000281
17 0.000133
18 0.000318
19 0.000878
20 0.001898
21 0.002215
22 0.003760
23 0.005593
24 0.007140
25 0.008211
26 0.008336
27 0.007871
28 0.003550
29 0.004581
30 0.004823
31 0.004824
32 0.004824
33 0.004823
34 0.004200
35 0.002202
36 0.000326
37 0.000100
38 0.000194
39 0.000498
40 0.001581
41 0.002985
42 0.001322
43 0.000312
44 0.000161
45 0.000093
46 0.000095
47 0.000462
48 0.001825
49 0.003241
50 0.000005
51 0.000000
52 0.008211
53 0.008336
54 0.007341
55 0.005648
56 0.003124
57 0.003388
58 0.003992
59 0.004823
60 0.004824
61 0.004546
62 0.004545
63 0.001718
64 0.000267
65 0.000070
66 0.000100
67 0.000331
68 0.002245
69 0.006376
70 0.002010
71 0.000433
72 0.000100
73 0.000055
74 0.000039
75 0.000194
76 0.000021
77 0.000001
78 0.000002
79 0.000000
80 0.000000
81 0.007305
82 0.005523
83 0.003721
84 0.003017
85 0.002587
86 0.002858
87 0.003634
88 0.004546
89 0.004546
90 0.004546
91 0.000988
92 0.000183
93 0.000082
94 0.000055
95 0.000245
96 0.001773
97 0.006686
98 0.004005
99 0.000536
100 0.000079
101 0.000016
102 0.000000
103 0.000000
104 0.000000
105 0.000002
106 0.000000
107 0.000002
108 0.000005
109 0.004828
110 0.003558
111 0.002727
112 0.004710
113 0.002793
114 0.002029
115 0.002637
116 0.000000
117 0.000000
118 0.000001
119 0.000001
120 0.000003
121 0.000049
122 0.000109
123 0.000230
124 0.001378
125 0.003559
126 0.004468
127 0.000105
128 0.000001
129 0.000000
130 0.000000
131 0.000000
132 0.000000
133 0.000011
134 0.000008
135 0.000005
136 0.000989
137 0.003053
138 0.002305
139 0.002400
140 0.007688
141 0.004492
142 0.002490
143 0.001727
144 0.000000
145 0.000000
146 0.000000
147 0.000000
148 0.000000
149 0.000000
150 0.000001
151 0.000003
152 0.000019
153 0.000028
154 0.000031
155 0.000001
156 0.000000
157 0.000000
158 0.000000
159 0.000001
160 0.000062
161 0.000031
162 0.000004
163 0.000012
164 0.002874
165 0.001917
166 0.001989
167 0.002055
168 0.010001
169 0.007502
170 0.004823
171 0.002568
172 0.000239
173 0.000001
174 0.000000
175 0.000000
176 0.000000
177 0.000000
178 0.000000
179 0.000000
180 0.000000
181 0.000000
182 0.000000
183 0.000000
184 0.000000
185 0.000000
186 0.000001
187 0.000015
188 0.000004
189 0.000002
190 0.000002
191 0.000165
192 0.001655
193 0.001572
194 0.001628
195 0.002074
196 0.013894
197 0.010001
198 0.008586
199 0.004546
200 0.000576
201 0.000016
202 0.000000
203 0.000000
204 0.000000
205 0.000000
206 0.000000
207 0.000000
208 0.000000
209 0.000000
210 0.000000
211 0.000000
212 0.000001
213 0.000001
214 0.000002
215 0.000001
216 0.000000
217 0.000000
218 0.000005
219 0.000197
220 0.001507
221 0.001566
222 0.001720
223 0.002004
224 0.015320
225 0.021551
226 0.010002
227 0.010001
228 0.005059
229 0.000149
230 0.000000
231 0.000000
232 0.000000
233 0.000000
234 0.000000
235 0.000000
236 0.000000
237 0.000000
238 0.000000
239 0.000003
240 0.000047
241 0.000092
242 0.000022
243 0.000000
244 0.000000
245 0.000000
246 0.000001
247 0.000146
248 0.000241
249 0.000337
250 0.000633
251 0.001183
252 0.007303
253 0.010641
254 0.016553
255 0.010534
256 0.003270
257 0.000033
258 0.000001
259 0.000000
260 0.000000
261 0.000000
262 0.000001
263 0.000000
264 0.000000
265 0.000000
266 0.000001
267 0.000011
268 0.000601
269 0.999994
270 0.000019
271 0.000000
272 0.000000
273 0.000000
274 0.000001
275 0.000055
276 0.000059
277 0.000131
278 0.000259
279 0.000543
280 0.001325
281 0.002369
282 0.002609
283 0.002007
284 0.002473
285 0.000009
286 0.000000
287 0.000000
288 0.000000
289 0.000000
290 0.000002
291 0.000006
292 0.000002
293 0.000001
294 0.000001
295 0.000005
296 0.000026
297 0.000141
298 0.000005
299 0.000000
300 0.000000
301 0.000000
302 0.000001
303 0.000263
304 0.000302
305 0.000394
306 0.000416
307 0.000563
308 0.000455
309 0.000247
310 0.000273
311 0.000370
312 0.000127
313 0.000008
314 0.000001
315 0.000004
316 0.000005
317 0.000003
318 0.000001
319 0.000006
320 0.000036
321 0.000044
322 0.000032
323 0.000005
324 0.000003
325 0.000000
326 0.000000
327 0.000000
328 0.000000
329 0.000000
330 0.000003
331 0.000247
332 0.002091
333 0.002126
334 0.002088
335 0.001703
336 0.000229
337 0.000138
338 0.000099
339 0.000067
340 0.000015
341 0.000002
342 0.000002
343 0.000207
344 0.999994
345 0.000083
346 0.000001
347 0.000001
348 0.000016
349 0.000691
350 0.000277
351 0.000042
352 0.000001
353 0.000000
354 0.000000
355 0.000000
356 0.000000
357 0.000000
358 0.000001
359 0.000046
360 0.006824
361 0.006846
362 0.007527
363 0.007583
364 0.000183
365 0.000175
366 0.000132
367 0.000112
368 0.000002
369 0.000000
370 0.000010
371 0.000303
372 0.004899
373 0.005817
374 0.000013
375 0.000001
376 0.000004
377 0.000090
378 0.000674
379 0.000190
380 0.000001
381 0.000000
382 0.000000
383 0.000000
384 0.000000
385 0.000000
386 0.000000
387 0.000008
388 0.001721
389 0.010733
390 0.017618
391 0.017367
392 0.000137
393 0.000134
394 0.000168
395 0.000048
396 0.000001
397 0.000000
398 0.000008
399 0.000173
400 0.000236
401 0.000836
402 0.000145
403 0.000006
404 0.000001
405 0.000004
406 0.000034
407 0.000075
408 0.000008
409 0.000000
410 0.000000
411 0.000000
412 0.000000
413 0.000000
414 0.000000
415 0.000001
416 0.000174
417 0.009440
418 0.009767
419 0.007237
420 0.000197
421 0.000192
422 0.000259
423 0.000019
424 0.000000
425 0.000001
426 0.000012
427 0.000017
428 0.000005
429 0.000011
430 0.000032
431 0.000035
432 0.000004
433 0.000000
434 0.000002
435 0.000002
436 0.000011
437 0.000087
438 0.000042
439 0.000003
440 0.000001
441 0.000001
442 0.000000
443 0.000000
444 0.000005
445 0.001845
446 0.001064
447 0.000732
448 0.000512
449 0.000421
450 0.000343
451 0.000003
452 0.000000
453 0.000001
454 0.000041
455 0.000004
456 0.000001
457 0.000001
458 0.000005
459 0.000003
460 0.000001
461 0.000001
462 0.000000
463 0.000001
464 0.000003
465 0.000354
466 0.999987
467 0.000059
468 0.000004
469 0.000001
470 0.000000
471 0.000000
472 0.000000
473 0.000036
474 0.000133
475 0.000314
476 0.002771
477 0.001539
478 0.000258
479 0.000001
480 0.000000
481 0.000007
482 0.000007
483 0.000001
484 0.000000
485 0.000000
486 0.000001
487 0.000000
488 0.000001
489 0.000001
490 0.000001
491 0.000000
492 0.000003
493 0.000123
494 0.003196
495 0.002569
496 0.000014
497 0.000002
498 0.000000
499 0.000000
500 0.000000
501 0.000003
502 0.000206
503 0.000473
504 0.010003
505 0.005741
506 0.000206
507 0.000003
508 0.000004
509 0.000047
510 0.000002
511 0.000000
512 0.000000
513 0.000000
514 0.000000
515 0.000000
516 0.000001
517 0.000001
518 0.000000
519 0.000001
520 0.000002
521 0.000044
522 0.000068
523 0.000142
524 0.000104
525 0.000001
526 0.000000
527 0.000000
528 0.000000
529 0.000004
530 0.000646
531 0.001269
532 0.006651
533 0.005379
534 0.000192
535 0.000032
536 0.000201
537 0.000029
538 0.000002
539 0.000000
540 0.000000
541 0.000000
542 0.000000
543 0.000002
544 0.000004
545 0.000002
546 0.000000
547 0.000001
548 0.000001
549 0.000001
550 0.000001
551 0.000001
552 0.000019
553 0.000033
554 0.000003
555 0.000001
556 0.000001
557 0.000037
558 0.001555
559 0.001279
560 0.005168
561 0.006216
562 0.000241
563 0.000096
564 0.000337
565 0.000030
566 0.000004
567 0.000002
568 0.000001
569 0.000001
570 0.000009
571 0.000032
572 0.000017
573 0.000002
574 0.000000
575 0.000000
576 0.000000
577 0.000000
578 0.000000
579 0.000000
580 0.000007
581 0.000124
582 0.000193
583 0.000016
584 0.000048
585 0.004608
586 0.002875
587 0.002076
588 0.005703
589 0.009251
590 0.001740
591 0.000172
592 0.000054
593 0.000007
594 0.000006
595 0.000034
596 0.000230
597 0.001833
598 0.002526
599 0.000386
600 0.000008
601 0.000001
602 0.000000
603 0.000000
604 0.000000
605 0.000000
606 0.000000
607 0.000000
608 0.000000
609 0.000005
610 0.000109
611 0.000633
612 0.010006
613 0.007688
614 0.005287
615 0.003722
616 0.008415
617 0.012513
618 0.011822
619 0.001920
620 0.000079
621 0.000026
622 0.000114
623 0.000899
624 0.999944
625 0.013252
626 0.000556
627 0.000161
628 0.000015
629 0.000002
630 0.000001
631 0.000002
632 0.000000
633 0.000000
634 0.000000
635 0.000000
636 0.000000
637 0.000002
638 0.000102
639 0.009713
640 0.011531
641 0.010006
642 0.000000
643 0.000000
644 0.010945
645 0.011153
646 0.010002
647 0.010003
648 0.007003
649 0.001215
650 0.004498
651 0.003406
652 0.003760
653 0.002977
654 0.000380
655 0.000020
656 0.000101
657 0.001885
658 0.005085
659 0.001281
660 0.000057
661 0.000004
662 0.000001
663 0.000000
664 0.000001
665 0.000050
666 0.003130
667 0.005921
668 0.009938
669 0.000000
670 0.000000
671 0.000000
672 0.000000
673 0.010002
674 0.010002
675 0.010002
676 0.010002
677 0.010001
678 0.002424
679 0.003090
680 0.004744
681 0.003118
682 0.002333
683 0.000495
684 0.000667
685 0.003079
686 0.007689
687 0.010011
688 0.004972
689 0.002377
690 0.000368
691 0.000092
692 0.000190
693 0.001153
694 0.001752
695 0.003736
696 0.000000
697 0.000000
698 0.000000
699 0.000000
700 0.000000
701 0.000000
702 0.010002
703 0.010002
704 0.010001
705 0.010000
706 0.010000
707 0.033113
708 0.024314
709 0.009805
710 0.001279
711 0.000518
712 0.000894
713 0.003110
714 0.010011
715 0.010011
716 0.005876
717 0.003745
718 0.003349
719 0.001811
720 0.001025
721 0.001193
722 0.001385
723 0.000000
724 0.000000
725 0.000000
726 0.000000
727 0.000000
728 0.000000
729 0.000000
730 0.000000
731 0.000000
732 0.010000
733 0.010000
734 0.025986
735 0.029156
736 0.016344
737 0.002844
738 0.001794
739 0.000884
740 0.001486
741 0.003937
742 0.010012
743 0.008817
744 0.005961
745 0.005874
746 0.005776
747 0.003055
748 0.001697
749 0.001385
750 0.000000
751 0.000000
752 0.000000
753 0.000000
754 0.000000
755 0.000000
756 0.000000
757 0.000000
758 0.000001
759 0.000001
760 0.000000
761 0.016166
762 0.032245
763 0.020045
764 0.005897
765 0.002241
766 0.002090
767 0.002140
768 0.002148
769 0.004435
770 0.007838
771 0.006941
772 0.006047
773 0.007716
774 0.008699
775 0.004546
776 0.002814
777 0.000000
778 0.000110
779 0.000070
780 0.000000
781 0.000000
782 0.000000
783 0.000000
