0 0.010142
1 0.010144
2 0.010153
3 0.010149
4 0.010157
5 0.010163
6 0.010166
7 0.010168
8 0.010169
9 0.010172
10 0.010173
11 0.010179
12 0.010180
13 0.010185
14 0.010188
15 0.010193
16 0.010195
17 0.010201
18 0.010180
19 0.010086
20 0.010000
21 0.010000
22 0.010000
23 0.010000
24 0.010000
25 0.010000
26 0.010000
27 0.010000
28 0.010150
29 0.010147
30 0.010154
31 0.010156
32 0.010158
33 0.010162
34 0.010167
35 0.010169
36 0.010174
37 0.010176
38 0.010178
39 0.010179
40 0.010184
41 0.010186
42 0.010189
43 0.010194
44 0.010199
45 0.010202
46 0.010195
47 0.010158
48 0.010000
49 0.010000
50 0.010163
51 0.010249
52 0.010000
53 0.010000
54 0.010000
55 0.010000
56 0.010147
57 0.010154
58 0.010156
59 0.010158
60 0.010161
61 0.010166
62 0.010168
63 0.010170
64 0.010175
65 0.010177
66 0.010178
67 0.010183
68 0.010188
69 0.010190
70 0.010192
71 0.010198
72 0.010201
73 0.010203
74 0.010206
75 0.010180
76 0.010073
77 0.010186
78 0.010300
79 0.010249
80 0.010249
81 0.010000
82 0.010000
83 0.010000
84 0.010149
85 0.010156
86 0.010161
87 0.010164
88 0.010166
89 0.010167
90 0.010169
91 0.010174
92 0.010178
93 0.010180
94 0.010182
95 0.010184
96 0.010189
97 0.010191
98 0.010194
99 0.010199
100 0.010201
101 0.010268
102 0.010283
103 0.010357
104 0.010366
105 0.010253
106 0.010383
107 0.010354
108 0.010099
109 0.010000
110 0.010000
111 0.010000
112 0.010157
113 0.010158
114 0.010164
115 0.010165
116 0.011040
117 0.010607
118 0.010385
119 0.010310
120 0.010250
121 0.010196
122 0.010183
123 0.010185
124 0.010189
125 0.010192
126 0.010198
127 0.010266
128 0.010274
129 0.010369
130 0.010374
131 0.010411
132 0.010385
133 0.010245
134 0.010257
135 0.010149
136 0.010077
137 0.010000
138 0.010000
139 0.010000
140 0.010159
141 0.010164
142 0.010166
143 0.010167
144 0.011138
145 0.011086
146 0.010557
147 0.010426
148 0.010386
149 0.010349
150 0.010316
151 0.010284
152 0.010256
153 0.010292
154 0.010268
155 0.010336
156 0.010366
157 0.010396
158 0.010381
159 0.010409
160 0.010362
161 0.010286
162 0.010151
163 0.010093
164 0.010000
165 0.010000
166 0.010000
167 0.010000
168 0.010164
169 0.010167
170 0.010167
171 0.010169
172 0.010348
173 0.011170
174 0.011192
175 0.010520
176 0.010400
177 0.010386
178 0.010440
179 0.010428
180 0.010410
181 0.010385
182 0.010450
183 0.010429
184 0.010400
185 0.010410
186 0.010353
187 0.010391
188 0.010333
189 0.010276
190 0.010098
191 0.010084
192 0.010000
193 0.010000
194 0.010000
195 0.010000
196 0.010167
197 0.010168
198 0.010172
199 0.010173
200 0.010237
201 0.010892
202 0.011141
203 0.011261
204 0.010529
205 0.010496
206 0.010402
207 0.010432
208 0.010419
209 0.010364
210 0.010360
211 0.010460
212 0.010418
213 0.010407
214 0.010425
215 0.010397
216 0.010361
217 0.010339
218 0.010138
219 0.010096
220 0.010000
221 0.010000
222 0.010000
223 0.010000
224 0.010168
225 0.010172
226 0.010174
227 0.010175
228 0.010178
229 0.010331
230 0.011101
231 0.011190
232 0.011043
233 0.010524
234 0.010526
235 0.010363
236 0.010357
237 0.010350
238 0.010344
239 0.010343
240 0.010422
241 0.010423
242 0.010419
243 0.010402
244 0.010374
245 0.010361
246 0.010300
247 0.010049
248 0.010039
249 0.010032
250 0.010025
251 0.010018
252 0.010170
253 0.010175
254 0.010175
255 0.010205
256 0.010211
257 0.010305
258 0.010400
259 0.011207
260 0.011234
261 0.010837
262 0.010356
263 0.010346
264 0.010337
265 0.010337
266 0.010332
267 0.010331
268 0.010335
269 0.010417
270 0.010419
271 0.010371
272 0.010351
273 0.010380
274 0.010324
275 0.010069
276 0.010065
277 0.010056
278 0.010049
279 0.010044
280 0.010175
281 0.010208
282 0.010208
283 0.010213
284 0.010216
285 0.010254
286 0.010340
287 0.010669
288 0.011216
289 0.010356
290 0.010339
291 0.010332
292 0.010326
293 0.010322
294 0.010323
295 0.010326
296 0.010325
297 0.010331
298 0.010364
299 0.010342
300 0.010351
301 0.010396
302 0.010342
303 0.010064
304 0.010063
305 0.010059
306 0.010056
307 0.010054
308 0.010208
309 0.010210
310 0.010215
311 0.010219
312 0.010198
313 0.010202
314 0.010305
315 0.010373
316 0.010362
317 0.010346
318 0.010330
319 0.010320
320 0.010313
321 0.010314
322 0.010314
323 0.010319
324 0.010324
325 0.010327
326 0.010334
327 0.010342
328 0.010398
329 0.010405
330 0.010294
331 0.010232
332 0.010058
333 0.010057
334 0.010054
335 0.010050
336 0.010214
337 0.010193
338 0.010194
339 0.010197
340 0.010199
341 0.010202
342 0.010270
343 0.010342
344 0.010349
345 0.010335
346 0.010325
347 0.010312
348 0.010313
349 0.010307
350 0.010309
351 0.010311
352 0.010316
353 0.010326
354 0.010331
355 0.010342
356 0.010404
357 0.010408
358 0.010318
359 0.010264
360 0.010056
361 0.010053
362 0.010050
363 0.010049
364 0.010192
365 0.010193
366 0.010195
367 0.010198
368 0.010202
369 0.010204
370 0.010233
371 0.010312
372 0.010339
373 0.010326
374 0.010321
375 0.010314
376 0.010307
377 0.010304
378 0.010307
379 0.010306
380 0.010315
381 0.010320
382 0.010333
383 0.010343
384 0.010406
385 0.010406
386 0.010350
387 0.010289
388 0.010214
389 0.010049
390 0.010049
391 0.010048
392 0.010195
393 0.010197
394 0.010198
395 0.010202
396 0.010206
397 0.010209
398 0.010210
399 0.010281
400 0.010327
401 0.010324
402 0.010317
403 0.010311
404 0.010305
405 0.010303
406 0.010301
407 0.010308
408 0.010313
409 0.010323
410 0.010335
411 0.010346
412 0.010349
413 0.010415
414 0.010354
415 0.010330
416 0.010247
417 0.010050
418 0.010047
419 0.010046
420 0.010194
421 0.010200
422 0.010202
423 0.010203
424 0.010207
425 0.010210
426 0.010214
427 0.010258
428 0.010308
429 0.010324
430 0.010314
431 0.010309
432 0.010307
433 0.010305
434 0.010305
435 0.010310
436 0.010314
437 0.010324
438 0.010333
439 0.010344
440 0.010352
441 0.010348
442 0.010367
443 0.010500
444 0.010284
445 0.010046
446 0.010046
447 0.010045
448 0.010307
449 0.010224
450 0.010204
451 0.010205
452 0.010210
453 0.010214
454 0.010220
455 0.010239
456 0.010287
457 0.010316
458 0.010312
459 0.010315
460 0.010312
461 0.010309
462 0.010310
463 0.010313
464 0.010319
465 0.010327
466 0.010340
467 0.010351
468 0.010351
469 0.010361
470 0.011307
471 0.010792
472 0.010312
473 0.010209
474 0.010045
475 0.010042
476 0.010291
477 0.010300
478 0.010309
479 0.010318
480 0.010214
481 0.010217
482 0.010222
483 0.010225
484 0.010277
485 0.010309
486 0.010311
487 0.010314
488 0.010311
489 0.010314
490 0.010318
491 0.010321
492 0.010325
493 0.010335
494 0.010349
495 0.010351
496 0.010360
497 0.011622
498 0.011785
499 0.011072
500 0.010476
501 0.010244
502 0.010042
503 0.010041
504 0.010007
505 0.010255
506 0.010287
507 0.010299
508 0.010311
509 0.010321
510 0.010334
511 0.010230
512 0.010261
513 0.010300
514 0.010319
515 0.010317
516 0.010316
517 0.010320
518 0.010323
519 0.010328
520 0.010335
521 0.010343
522 0.010350
523 0.010360
524 0.011539
525 0.011851
526 0.011812
527 0.011542
528 0.010895
529 0.010262
530 0.010040
531 0.010040
532 0.010007
533 0.010007
534 0.010007
535 0.010007
536 0.010279
537 0.010299
538 0.010310
539 0.010323
540 0.010347
541 0.010399
542 0.010319
543 0.010318
544 0.010321
545 0.010326
546 0.010329
547 0.010336
548 0.010347
549 0.010353
550 0.010365
551 0.011018
552 0.011588
553 0.011719
554 0.012043
555 0.012047
556 0.011241
557 0.010314
558 0.010039
559 0.010039
560 0.010006
561 0.010006
562 0.010006
563 0.010007
564 0.010007
565 0.010007
566 0.010248
567 0.010295
568 0.010310
569 0.010358
570 0.010397
571 0.010418
572 0.010348
573 0.010331
574 0.010338
575 0.010345
576 0.010358
577 0.010369
578 0.010450
579 0.010683
580 0.011008
581 0.011587
582 0.011791
583 0.011952
584 0.011773
585 0.010037
586 0.010037
587 0.010035
588 0.010006
589 0.010006
590 0.010006
591 0.010007
592 0.010007
593 0.010007
594 0.010007
595 0.010008
596 0.010008
597 0.010308
598 0.010349
599 0.010381
600 0.010400
601 0.010417
602 0.010442
603 0.010361
604 0.010370
605 0.010375
606 0.010373
607 0.010359
608 0.010591
609 0.010885
610 0.011602
611 0.011913
612 0.010037
613 0.010037
614 0.010035
615 0.010035
616 0.010006
617 0.010006
618 0.010006
619 0.010006
620 0.010006
621 0.010007
622 0.010007
623 0.010007
624 0.010008
625 0.010028
626 0.010073
627 0.010100
628 0.010345
629 0.010365
630 0.010393
631 0.010421
632 0.010451
633 0.010470
634 0.010364
635 0.010349
636 0.010330
637 0.010497
638 0.010727
639 0.010036
640 0.010035
641 0.010034
642 0.012461
643 0.012739
644 0.010005
645 0.010006
646 0.010006
647 0.010006
648 0.010006
649 0.010006
650 0.010007
651 0.010007
652 0.010007
653 0.010008
654 0.010056
655 0.010085
656 0.010093
657 0.010091
658 0.010089
659 0.010350
660 0.010376
661 0.010287
662 0.010307
663 0.010316
664 0.010297
665 0.010235
666 0.010036
667 0.010033
668 0.010033
669 0.012458
670 0.012475
671 0.012580
672 0.010005
673 0.010005
674 0.010005
675 0.010006
676 0.010006
677 0.010006
678 0.010007
679 0.010007
680 0.010007
681 0.010007
682 0.010041
683 0.010074
684 0.010091
685 0.010086
686 0.010085
687 0.010083
688 0.010082
689 0.010069
690 0.010212
691 0.010222
692 0.010208
693 0.010038
694 0.010036
695 0.010033
696 0.012458
697 0.012458
698 0.012425
699 0.012606
700 0.010005
701 0.010005
702 0.010005
703 0.010005
704 0.010005
705 0.010006
706 0.010006
707 0.010006
708 0.010006
709 0.010007
710 0.010025
711 0.010059
712 0.010083
713 0.010087
714 0.010080
715 0.010079
716 0.010076
717 0.010067
718 0.010043
719 0.010042
720 0.010041
721 0.010038
722 0.010035
723 0.012482
724 0.012265
725 0.012586
726 0.012456
727 0.012457
728 0.010005
729 0.010005
730 0.010005
731 0.010005
732 0.010005
733 0.010006
734 0.010006
735 0.010006
736 0.010006
737 0.010007
738 0.010007
739 0.010047
740 0.010073
741 0.010083
742 0.010080
743 0.010078
744 0.010070
745 0.010059
746 0.010043
747 0.010040
748 0.010039
749 0.010036
750 0.011308
751 0.010606
752 0.010819
753 0.011535
754 0.012540
755 0.012455
756 0.010005
757 0.010005
758 0.010005
759 0.010005
760 0.010005
761 0.010006
762 0.010006
763 0.010006
764 0.010006
765 0.010006
766 0.010007
767 0.010032
768 0.010063
769 0.010079
770 0.010078
771 0.010076
772 0.010067
773 0.010050
774 0.010044
775 0.010042
776 0.010039
777 0.010474
778 0.010334
779 0.010339
780 0.010418
781 0.010534
782 0.011420
783 0.012456
