0 0.007265
1 0.005599
2 0.004521
3 0.004660
4 0.004238
5 0.003838
6 0.003621
7 0.003517
8 0.001381
9 0.000467
10 0.000371
11 0.000343
12 0.000408
13 0.000618
14 0.001075
15 0.001391
16 0.002163
17 0.003782
18 0.010280
19 0.012520
20 0.008382
21 0.005279
22 0.006279
23 0.006714
24 0.006499
25 0.006499
26 0.007836
27 0.006712
28 0.008653
29 0.007098
30 0.005361
31 0.004305
32 0.004125
33 0.003908
34 0.003517
35 0.002758
36 0.000751
37 0.000289
38 0.000273
39 0.000285
40 0.000284
41 0.000576
42 0.001001
43 0.001683
44 0.003639
45 0.008657
46 0.007309
47 0.004932
48 0.005521
49 0.005769
50 0.000000
51 0.000000
52 0.006499
53 0.008538
54 0.006907
55 0.005651
56 0.009744
57 0.008572
58 0.006956
59 0.005173
60 0.003970
61 0.003517
62 0.003417
63 0.001611
64 0.000469
65 0.000215
66 0.000255
67 0.000226
68 0.000252
69 0.000433
70 0.000867
71 0.002372
72 0.007967
73 0.010060
74 0.003760
75 0.002760
76 0.000001
77 0.000000
78 0.000000
79 0.000000
80 0.000000
81 0.007812
82 0.006404
83 0.004186
84 0.009744
85 0.009721
86 0.008517
87 0.006212
88 0.004494
89 0.003471
90 0.003225
91 0.000878
92 0.000251
93 0.000183
94 0.000178
95 0.000191
96 0.000262
97 0.000414
98 0.000842
99 0.003601
100 0.011331
101 0.001836
102 0.000000
103 0.000000
104 0.000000
105 0.000000
106 0.000000
107 0.000000
108 0.000000
109 0.006629
110 0.004470
111 0.003274
112 0.009079
113 0.009721
114 0.009698
115 0.008399
116 0.000000
117 0.000000
118 0.000000
119 0.000000
120 0.000000
121 0.000038
122 0.000161
123 0.000207
124 0.000321
125 0.000492
126 0.001272
127 0.000089
128 0.000002
129 0.000000
130 0.000000
131 0.000000
132 0.000000
133 0.000000
134 0.000000
135 0.000000
136 0.000935
137 0.004345
138 0.002897
139 0.002990
140 0.006945
141 0.008462
142 0.009698
143 0.009698
144 0.000000
145 0.000000
146 0.000000
147 0.000000
148 0.000000
149 0.000000
150 0.000000
151 0.000000
152 0.000001
153 0.000000
154 0.000001
155 0.000000
156 0.000000
157 0.000000
158 0.000000
159 0.000000
160 0.000000
161 0.000000
162 0.000000
163 0.000000
164 0.004211
165 0.002473
166 0.002556
167 0.002635
168 0.004968
169 0.006480
170 0.007929
171 0.009698
172 0.000000
173 0.000000
174 0.000000
175 0.000000
176 0.000000
177 0.000000
178 0.000000
179 0.000000
180 0.000000
181 0.000000
182 0.000000
183 0.000000
184 0.000000
185 0.000000
186 0.000000
187 0.000000
188 0.000000
189 0.000000
190 0.000000
191 0.000002
192 0.002236
193 0.002101
194 0.002170
195 0.002664
196 0.004618
197 0.004651
198 0.005658
199 0.007394
200 0.000024
201 0.000000
202 0.000000
203 0.000000
204 0.000000
205 0.000000
206 0.000000
207 0.000000
208 0.000000
209 0.000000
210 0.000000
211 0.000000
212 0.000000
213 0.000000
214 0.000000
215 0.000000
216 0.000000
217 0.000000
218 0.000000
219 0.000092
220 0.002035
221 0.002101
222 0.002318
223 0.002635
224 0.007020
225 0.005071
226 0.004283
227 0.005295
228 0.006450
229 0.000000
230 0.000000
231 0.000000
232 0.000000
233 0.000000
234 0.000000
235 0.000000
236 0.000000
237 0.000000
238 0.000000
239 0.000000
240 0.000000
241 0.000000
242 0.000000
243 0.000000
244 0.000000
245 0.000000
246 0.000000
247 0.000027
248 0.000065
249 0.000121
250 0.000267
251 0.000505
252 0.010998
253 0.008024
254 0.005981
255 0.002192
256 0.000323
257 0.000000
258 0.000000
259 0.000000
260 0.000000
261 0.000000
262 0.000000
263 0.000000
264 0.000000
265 0.000000
266 0.000000
267 0.000000
268 0.000000
269 0.000000
270 0.000000
271 0.000000
272 0.000000
273 0.000000
274 0.000000
275 0.000004
276 0.000006
277 0.000014
278 0.000030
279 0.000077
280 0.010647
281 0.003020
282 0.000862
283 0.000164
284 0.000056
285 0.000000
286 0.000000
287 0.000000
288 0.000000
289 0.000000
290 0.000000
291 0.000000
292 0.000000
293 0.000000
294 0.000000
295 0.000000
296 0.000000
297 0.000000
298 0.000000
299 0.000000
300 0.000000
301 0.000000
302 0.000000
303 0.000005
304 0.000006
305 0.000014
306 0.000025
307 0.000044
308 0.000619
309 0.000348
310 0.000216
311 0.000082
312 0.000010
313 0.000000
314 0.000000
315 0.000000
316 0.000000
317 0.000000
318 0.000001
319 0.000000
320 0.000000
321 0.000000
322 0.000000
323 0.000000
324 0.000000
325 0.000000
326 0.000000
327 0.000000
328 0.000000
329 0.000000
330 0.000001
331 0.000003
332 0.000014
333 0.000024
334 0.000046
335 0.000092
336 0.000252
337 0.000150
338 0.000091
339 0.000077
340 0.000005
341 0.000000
342 0.000000
343 0.000000
344 0.000000
345 0.000000
346 0.000001
347 0.000934
348 0.000015
349 0.000001
350 0.000000
351 0.000000
352 0.000000
353 0.000000
354 0.000000
355 0.000000
356 0.000000
357 0.000002
358 0.000006
359 0.000007
360 0.000029
361 0.000059
362 0.000085
363 0.000068
364 0.000285
365 0.000197
366 0.000099
367 0.000045
368 0.000001
369 0.000000
370 0.000000
371 0.000000
372 0.000000
373 0.000000
374 0.000000
375 0.000295
376 0.999998
377 0.000031
378 0.000000
379 0.000000
380 0.000000
381 0.000000
382 0.000000
383 0.000000
384 0.000001
385 0.000154
386 0.000121
387 0.000111
388 0.000105
389 0.000093
390 0.000045
391 0.000038
392 0.000248
393 0.000115
394 0.000048
395 0.000015
396 0.000000
397 0.000000
398 0.000000
399 0.000000
400 0.000000
401 0.000000
402 0.000001
403 0.000014
404 0.000588
405 0.000045
406 0.000000
407 0.000000
408 0.000000
409 0.000000
410 0.000000
411 0.000000
412 0.000002
413 0.001702
414 0.999995
415 0.000461
416 0.000178
417 0.000187
418 0.000088
419 0.000043
420 0.000080
421 0.000091
422 0.000062
423 0.000006
424 0.000000
425 0.000000
426 0.000009
427 0.000041
428 0.000003
429 0.000001
430 0.000000
431 0.000003
432 0.000001
433 0.000001
434 0.000000
435 0.000000
436 0.000000
437 0.000000
438 0.000000
439 0.000000
440 0.000001
441 0.000054
442 0.001115
443 0.000630
444 0.000335
445 0.000677
446 0.000422
447 0.000299
448 0.000063
449 0.000048
450 0.000044
451 0.000002
452 0.000000
453 0.000003
454 0.000453
455 0.007997
456 0.000076
457 0.000002
458 0.000004
459 0.000000
460 0.000000
461 0.000000
462 0.000000
463 0.000000
464 0.000000
465 0.000000
466 0.000000
467 0.000000
468 0.000000
469 0.000001
470 0.000012
471 0.000144
472 0.000307
473 0.001851
474 0.004047
475 0.002571
476 0.000070
477 0.000059
478 0.000021
479 0.000001
480 0.000001
481 0.000042
482 0.999995
483 0.068399
484 0.000392
485 0.000012
486 0.000000
487 0.000000
488 0.000000
489 0.000000
490 0.000000
491 0.000000
492 0.000000
493 0.000000
494 0.000000
495 0.000000
496 0.000000
497 0.000000
498 0.000001
499 0.000048
500 0.000205
501 0.000940
502 0.009633
503 0.008083
504 0.000219
505 0.000123
506 0.000025
507 0.000001
508 0.000007
509 0.000636
510 0.005370
511 0.007685
512 0.000488
513 0.000001
514 0.000000
515 0.000000
516 0.000000
517 0.000000
518 0.000000
519 0.000000
520 0.000000
521 0.000001
522 0.000007
523 0.000007
524 0.000000
525 0.000000
526 0.000000
527 0.000005
528 0.000117
529 0.000326
530 0.003306
531 0.007556
532 0.000250
533 0.000560
534 0.000078
535 0.000021
536 0.000238
537 0.005016
538 0.004911
539 0.001800
540 0.000012
541 0.000000
542 0.000000
543 0.000000
544 0.000000
545 0.000000
546 0.000000
547 0.000001
548 0.000002
549 0.000025
550 0.003121
551 0.000491
552 0.000019
553 0.000001
554 0.000000
555 0.000002
556 0.000017
557 0.000161
558 0.001159
559 0.002386
560 0.001041
561 0.002678
562 0.000356
563 0.000192
564 0.004032
565 0.019850
566 0.002277
567 0.000070
568 0.000001
569 0.000000
570 0.000000
571 0.000000
572 0.000000
573 0.000000
574 0.000000
575 0.000000
576 0.000008
577 0.001572
578 0.999992
579 0.014225
580 0.001320
581 0.000046
582 0.000002
583 0.000001
584 0.000027
585 0.000192
586 0.000329
587 0.001038
588 0.003604
589 0.010000
590 0.002296
591 0.001545
592 0.025690
593 0.002027
594 0.000108
595 0.000004
596 0.000001
597 0.000000
598 0.000000
599 0.000000
600 0.000000
601 0.000000
602 0.000000
603 0.000000
604 0.000001
605 0.000422
606 0.059525
607 0.080754
608 0.014094
609 0.002633
610 0.000203
611 0.000056
612 0.000270
613 0.000189
614 0.000246
615 0.000268
616 0.010000
617 0.010000
618 0.010001
619 0.022061
620 0.006222
621 0.000343
622 0.000007
623 0.000002
624 0.000001
625 0.000001
626 0.000000
627 0.000000
628 0.000000
629 0.000000
630 0.000000
631 0.000000
632 0.000000
633 0.000007
634 0.001756
635 0.009505
636 0.014193
637 0.019126
638 0.015383
639 0.001650
640 0.000676
641 0.000372
642 0.000000
643 0.000000
644 0.010000
645 0.010001
646 0.010001
647 0.010002
648 0.009953
649 0.000114
650 0.000006
651 0.000003
652 0.000006
653 0.000010
654 0.000001
655 0.000000
656 0.000000
657 0.000000
658 0.000000
659 0.000000
660 0.000000
661 0.000012
662 0.000033
663 0.000110
664 0.000719
665 0.005939
666 0.010000
667 0.005910
668 0.002220
669 0.000000
670 0.000000
671 0.000000
672 0.000000
673 0.010001
674 0.010002
675 0.014676
676 0.006062
677 0.001828
678 0.000022
679 0.000010
680 0.000038
681 0.000049
682 0.000015
683 0.000001
684 0.000000
685 0.000000
686 0.000000
687 0.000001
688 0.000011
689 0.000140
690 0.000222
691 0.000623
692 0.003915
693 0.010000
694 0.010000
695 0.010000
696 0.000000
697 0.000000
698 0.000000
699 0.000000
700 0.000000
701 0.000000
702 0.013025
703 0.007327
704 0.002328
705 0.000533
706 0.000267
707 0.000250
708 0.000219
709 0.000163
710 0.000046
711 0.000004
712 0.000001
713 0.000000
714 0.000001
715 0.000005
716 0.000057
717 0.000086
718 0.000320
719 0.001040
720 0.003635
721 0.013770
722 0.010000
723 0.000000
724 0.000001
725 0.000000
726 0.000000
727 0.000000
728 0.000000
729 0.000000
730 0.000000
731 0.000000
732 0.000804
733 0.000377
734 0.000286
735 0.000267
736 0.000250
737 0.000187
738 0.000163
739 0.000013
740 0.000002
741 0.000001
742 0.000001
743 0.000013
744 0.000106
745 0.000113
746 0.000128
747 0.000556
748 0.001815
749 0.006347
750 0.000097
751 0.000509
752 0.000723
753 0.000014
754 0.000000
755 0.000000
756 0.000000
757 0.000000
758 0.000000
759 0.000000
760 0.000000
761 0.000402
762 0.000377
763 0.000286
764 0.000267
765 0.000250
766 0.000234
767 0.000049
768 0.000004
769 0.000001
770 0.000004
771 0.000034
772 0.000113
773 0.000148
774 0.000128
775 0.000203
776 0.000772
777 0.000031
778 0.001422
779 0.001234
780 0.000144
781 0.000849
782 0.000046
783 0.000000
