0 0.003088
1 0.003573
2 0.003261
3 0.003798
4 0.004230
5 0.004381
6 0.003184
7 0.001388
8 0.000089
9 0.000011
10 0.000008
11 0.000007
12 0.000007
13 0.000007
14 0.000007
15 0.000006
16 0.000005
17 0.000005
18 0.000015
19 0.000109
20 0.000374
21 0.000399
22 0.000522
23 0.000554
24 0.000482
25 0.000514
26 0.000665
27 0.000708
28 0.002040
29 0.003014
30 0.003261
31 0.003261
32 0.003616
33 0.004438
34 0.004378
35 0.001558
36 0.000047
37 0.000007
38 0.000006
39 0.000006
40 0.000006
41 0.000006
42 0.000006
43 0.000005
44 0.000005
45 0.000005
46 0.000006
47 0.000046
48 0.000285
49 0.000374
50 0.000004
51 0.000004
52 0.000452
53 0.000589
54 0.000514
55 0.000665
56 0.001677
57 0.001899
58 0.002440
59 0.003261
60 0.003261
61 0.003507
62 0.004226
63 0.000754
64 0.000042
65 0.000008
66 0.000007
67 0.000005
68 0.000005
69 0.000005
70 0.000005
71 0.000005
72 0.000004
73 0.000004
74 0.000005
75 0.000014
76 0.000005
77 0.000003
78 0.000003
79 0.000004
80 0.000004
81 0.000452
82 0.000589
83 0.000514
84 0.001334
85 0.001258
86 0.001464
87 0.002113
88 0.002977
89 0.002995
90 0.003507
91 0.000233
92 0.000028
93 0.000011
94 0.000007
95 0.000005
96 0.000004
97 0.000005
98 0.000005
99 0.000004
100 0.000004
101 0.000004
102 0.000003
103 0.000003
104 0.000003
105 0.000003
106 0.000003
107 0.000004
108 0.000007
109 0.000425
110 0.000452
111 0.000589
112 0.001044
113 0.000974
114 0.000869
115 0.001295
116 0.000002
117 0.000002
118 0.000002
119 0.000003
120 0.000003
121 0.000005
122 0.000011
123 0.000007
124 0.000005
125 0.000004
126 0.000004
127 0.000004
128 0.000003
129 0.000003
130 0.000003
131 0.000003
132 0.000003
133 0.000003
134 0.000005
135 0.000006
136 0.000171
137 0.000325
138 0.000425
139 0.000554
140 0.000974
141 0.000753
142 0.000650
143 0.000680
144 0.000002
145 0.000002
146 0.000002
147 0.000002
148 0.000002
149 0.000002
150 0.000003
151 0.000003
152 0.000003
153 0.000003
154 0.000003
155 0.000003
156 0.000003
157 0.000003
158 0.000003
159 0.000003
160 0.000003
161 0.000003
162 0.000006
163 0.000009
164 0.000331
165 0.000305
166 0.000399
167 0.000425
168 0.000752
169 0.000649
170 0.000603
171 0.000522
172 0.000002
173 0.000002
174 0.000002
175 0.000002
176 0.000002
177 0.000002
178 0.000002
179 0.000002
180 0.000002
181 0.000002
182 0.000002
183 0.000002
184 0.000003
185 0.000003
186 0.000003
187 0.000003
188 0.000003
189 0.000004
190 0.000007
191 0.000035
192 0.000251
193 0.000268
194 0.000285
195 0.000399
196 0.000653
197 0.000603
198 0.000456
199 0.000391
200 0.000003
201 0.000002
202 0.000002
203 0.000003
204 0.000003
205 0.000002
206 0.000002
207 0.000002
208 0.000002
209 0.000002
210 0.000002
211 0.000002
212 0.000002
213 0.000002
214 0.000002
215 0.000002
216 0.000003
217 0.000004
218 0.000006
219 0.000012
220 0.000251
221 0.000268
222 0.000268
223 0.000352
224 0.000614
225 0.000464
226 0.000390
227 0.000362
228 0.000248
229 0.000002
230 0.000002
231 0.000002
232 0.000003
233 0.000003
234 0.000003
235 0.000002
236 0.000003
237 0.000003
238 0.000003
239 0.000002
240 0.000002
241 0.000002
242 0.000002
243 0.000002
244 0.000003
245 0.000004
246 0.000005
247 0.000003
248 0.000004
249 0.000004
250 0.000006
251 0.000016
252 0.000571
253 0.000398
254 0.000368
255 0.000247
256 0.000057
257 0.000003
258 0.000002
259 0.000002
260 0.000002
261 0.000003
262 0.000003
263 0.000003
264 0.000003
265 0.000003
266 0.000003
267 0.000003
268 0.000002
269 0.000002
270 0.000002
271 0.000002
272 0.000003
273 0.000004
274 0.000004
275 0.000003
276 0.000003
277 0.000003
278 0.000004
279 0.000004
280 0.000390
281 0.000162
282 0.000096
283 0.000028
284 0.000015
285 0.000003
286 0.000002
287 0.000002
288 0.000002
289 0.000003
290 0.000003
291 0.000004
292 0.000004
293 0.000003
294 0.000003
295 0.000003
296 0.000003
297 0.000002
298 0.000002
299 0.000003
300 0.000003
301 0.000004
302 0.000003
303 0.000003
304 0.000003
305 0.000003
306 0.000003
307 0.000004
308 0.000153
309 0.000051
310 0.000019
311 0.000010
312 0.000004
313 0.000003
314 0.000002
315 0.000002
316 0.000002
317 0.000002
318 0.000003
319 0.000004
320 0.000005
321 0.000005
322 0.000004
323 0.000004
324 0.000003
325 0.000003
326 0.000002
327 0.000003
328 0.000004
329 0.000003
330 0.000003
331 0.000003
332 0.000003
333 0.000003
334 0.000004
335 0.000004
336 0.000052
337 0.000022
338 0.000015
339 0.000008
340 0.000003
341 0.000003
342 0.000003
343 0.000002
344 0.000002
345 0.000002
346 0.000002
347 0.000003
348 0.000004
349 0.000005
350 0.000006
351 0.000005
352 0.000004
353 0.000003
354 0.000003
355 0.000003
356 0.000004
357 0.000003
358 0.000003
359 0.000003
360 0.000004
361 0.000004
362 0.000004
363 0.000005
364 0.000031
365 0.000029
366 0.000021
367 0.000012
368 0.000003
369 0.000003
370 0.000003
371 0.000002
372 0.000002
373 0.000002
374 0.000002
375 0.000002
376 0.000003
377 0.000004
378 0.000006
379 0.000008
380 0.000007
381 0.000005
382 0.000005
383 0.000004
384 0.000003
385 0.000003
386 0.000003
387 0.000003
388 0.000004
389 0.000005
390 0.000005
391 0.000005
392 0.000019
393 0.000016
394 0.000016
395 0.000004
396 0.000003
397 0.000003
398 0.000003
399 0.000002
400 0.000002
401 0.000002
402 0.000002
403 0.000002
404 0.000003
405 0.000003
406 0.000005
407 0.000008
408 0.000011
409 0.000011
410 0.000011
411 0.000007
412 0.000003
413 0.000003
414 0.000003
415 0.000003
416 0.000004
417 0.000005
418 0.000005
419 0.000004
420 0.000016
421 0.000010
422 0.000010
423 0.000004
424 0.000003
425 0.000003
426 0.000003
427 0.000003
428 0.000002
429 0.000002
430 0.000002
431 0.000002
432 0.000003
433 0.000003
434 0.000003
435 0.000005
436 0.000009
437 0.000033
438 0.000039
439 0.000021
440 0.000006
441 0.000003
442 0.000003
443 0.000003
444 0.000003
445 0.000004
446 0.000004
447 0.000004
448 0.000019
449 0.000010
450 0.000008
451 0.000003
452 0.000003
453 0.000003
454 0.000003
455 0.000003
456 0.000003
457 0.000002
458 0.000002
459 0.000002
460 0.000002
461 0.000003
462 0.000003
463 0.000003
464 0.000008
465 0.000041
466 0.999585
467 0.000198
468 0.000025
469 0.000005
470 0.000003
471 0.000003
472 0.000003
473 0.000003
474 0.000003
475 0.000004
476 0.000101
477 0.000038
478 0.000005
479 0.000003
480 0.000003
481 0.000003
482 0.000003
483 0.000003
484 0.000003
485 0.000002
486 0.000002
487 0.000002
488 0.000002
489 0.000003
490 0.000003
491 0.000003
492 0.000006
493 0.000027
494 0.000174
495 0.999857
496 0.000144
497 0.000013
498 0.000003
499 0.000002
500 0.000003
501 0.000003
502 0.000004
503 0.000004
504 0.001174
505 0.000421
506 0.000005
507 0.000003
508 0.000003
509 0.000003
510 0.000003
511 0.000003
512 0.000003
513 0.000002
514 0.000002
515 0.000002
516 0.000003
517 0.000003
518 0.000004
519 0.000005
520 0.000005
521 0.000007
522 0.000013
523 0.000021
524 0.000243
525 0.000022
526 0.000006
527 0.000003
528 0.000003
529 0.000003
530 0.000004
531 0.000005
532 0.001121
533 0.001043
534 0.000006
535 0.000003
536 0.000003
537 0.000003
538 0.000003
539 0.000003
540 0.000003
541 0.000002
542 0.000002
543 0.000003
544 0.000003
545 0.000004
546 0.000004
547 0.000004
548 0.000003
549 0.000003
550 0.000003
551 0.000005
552 0.000011
553 0.001146
554 0.000025
555 0.000004
556 0.000003
557 0.000003
558 0.000007
559 0.000005
560 0.001303
561 0.001258
562 0.000006
563 0.000003
564 0.000003
565 0.000003
566 0.000003
567 0.000003
568 0.000003
569 0.000003
570 0.000003
571 0.000004
572 0.000004
573 0.000004
574 0.000003
575 0.000003
576 0.000002
577 0.000003
578 0.000003
579 0.000003
580 0.000004
581 0.000013
582 0.008653
583 0.000092
584 0.000005
585 0.000212
586 0.000031
587 0.000012
588 0.001513
589 0.001303
590 0.000030
591 0.000004
592 0.000003
593 0.000003
594 0.000003
595 0.000003
596 0.000005
597 0.000005
598 0.000005
599 0.000004
600 0.000003
601 0.000003
602 0.000002
603 0.000002
604 0.000002
605 0.000003
606 0.000003
607 0.000002
608 0.000003
609 0.000004
610 0.000026
611 0.016283
612 0.010008
613 0.002478
614 0.000396
615 0.000084
616 0.001619
617 0.001513
618 0.001303
619 0.000052
620 0.000004
621 0.000003
622 0.000004
623 0.000006
624 0.000007
625 0.000006
626 0.000004
627 0.000003
628 0.000003
629 0.000003
630 0.000003
631 0.000003
632 0.000003
633 0.000003
634 0.000003
635 0.000002
636 0.000003
637 0.000003
638 0.000005
639 0.005506
640 0.019631
641 0.010008
642 0.000003
643 0.000006
644 0.001675
645 0.001619
646 0.001565
647 0.001349
648 0.000320
649 0.000005
650 0.000004
651 0.000005
652 0.000005
653 0.000004
654 0.000003
655 0.000003
656 0.000003
657 0.000003
658 0.000003
659 0.000003
660 0.000003
661 0.000003
662 0.000003
663 0.000003
664 0.000003
665 0.000003
666 0.000046
667 0.000569
668 0.006151
669 0.000003
670 0.000004
671 0.000006
672 0.000003
673 0.001675
674 0.001619
675 0.001398
676 0.001513
677 0.001303
678 0.000009
679 0.000006
680 0.000010
681 0.000038
682 0.000010
683 0.000004
684 0.000003
685 0.000003
686 0.000004
687 0.000004
688 0.000004
689 0.000005
690 0.000003
691 0.000003
692 0.000004
693 0.000005
694 0.000008
695 0.000087
696 0.000003
697 0.000003
698 0.000004
699 0.000005
700 0.000003
701 0.000003
702 0.001675
703 0.001619
704 0.001565
705 0.001513
706 0.001303
707 0.001258
708 0.001174
709 0.001007
710 0.000074
711 0.000004
712 0.000003
713 0.000003
714 0.000004
715 0.000004
716 0.000004
717 0.000004
718 0.000004
719 0.000004
720 0.000004
721 0.000005
722 0.000006
723 0.000003
724 0.000005
725 0.000004
726 0.000003
727 0.000003
728 0.000003
729 0.000003
730 0.000003
731 0.000003
732 0.001619
733 0.001565
734 0.001350
735 0.001303
736 0.001258
737 0.001082
738 0.001007
739 0.000007
740 0.000004
741 0.000004
742 0.000004
743 0.000004
744 0.000005
745 0.000004
746 0.000004
747 0.000005
748 0.000005
749 0.000006
750 0.000002
751 0.000002
752 0.000002
753 0.000003
754 0.000004
755 0.000003
756 0.000003
757 0.000003
758 0.000005
759 0.000005
760 0.000003
761 0.001619
762 0.001565
763 0.001350
764 0.001303
765 0.001258
766 0.001216
767 0.000047
768 0.000005
769 0.000004
770 0.000004
771 0.000004
772 0.000005
773 0.000004
774 0.000004
775 0.000004
776 0.000005
777 0.000002
778 0.000003
779 0.000003
780 0.000003
781 0.000002
782 0.000003
783 0.000003
