0 0.010092
1 0.010095
2 0.010107
3 0.010102
4 0.010113
5 0.010124
6 0.010129
7 0.010132
8 0.010535
9 0.010528
10 0.010232
11 0.010232
12 0.010231
13 0.010230
14 0.010230
15 0.010230
16 0.010233
17 0.010236
18 0.010218
19 0.010201
20 0.010190
21 0.010188
22 0.010185
23 0.010184
24 0.010185
25 0.010183
26 0.010181
27 0.010180
28 0.010103
29 0.010098
30 0.010110
31 0.010113
32 0.010116
33 0.010122
34 0.010131
35 0.010581
36 0.010603
37 0.010507
38 0.010238
39 0.010236
40 0.010235
41 0.010231
42 0.010232
43 0.010233
44 0.010237
45 0.010234
46 0.010228
47 0.010206
48 0.010192
49 0.010189
50 0.010399
51 0.010619
52 0.010185
53 0.010182
54 0.010183
55 0.010180
56 0.010098
57 0.010110
58 0.010113
59 0.010116
60 0.010121
61 0.010130
62 0.010133
63 0.010589
64 0.010610
65 0.010243
66 0.010238
67 0.010240
68 0.010240
69 0.010238
70 0.010237
71 0.010237
72 0.010237
73 0.010239
74 0.010236
75 0.010217
76 0.010223
77 0.010527
78 0.010645
79 0.010622
80 0.010618
81 0.010184
82 0.010181
83 0.010183
84 0.010102
85 0.010113
86 0.010122
87 0.010127
88 0.010130
89 0.010132
90 0.010136
91 0.010598
92 0.010620
93 0.010245
94 0.010245
95 0.010244
96 0.010243
97 0.010238
98 0.010239
99 0.010240
100 0.010239
101 0.010245
102 0.010273
103 0.010526
104 0.010536
105 0.010567
106 0.010617
107 0.010556
108 0.010285
109 0.010185
110 0.010184
111 0.010182
112 0.010113
113 0.010116
114 0.010128
115 0.010130
116 0.010091
117 0.010226
118 0.010694
119 0.010709
120 0.010637
121 0.010252
122 0.010246
123 0.010246
124 0.010243
125 0.010243
126 0.010242
127 0.010255
128 0.010270
129 0.010457
130 0.010565
131 0.010572
132 0.010557
133 0.010661
134 0.010482
135 0.010447
136 0.010233
137 0.010188
138 0.010185
139 0.010183
140 0.010116
141 0.010126
142 0.010130
143 0.010132
144 0.010243
145 0.010232
146 0.010788
147 0.010729
148 0.010275
149 0.010268
150 0.010264
151 0.010257
152 0.010253
153 0.010262
154 0.010275
155 0.010373
156 0.010544
157 0.010566
158 0.010585
159 0.010605
160 0.010535
161 0.010460
162 0.010449
163 0.010277
164 0.010188
165 0.010189
166 0.010186
167 0.010186
168 0.010126
169 0.010131
170 0.010133
171 0.010136
172 0.010192
173 0.010247
174 0.010833
175 0.010824
176 0.010283
177 0.010276
178 0.010274
179 0.010279
180 0.010291
181 0.010299
182 0.010557
183 0.010573
184 0.010600
185 0.010595
186 0.010473
187 0.010544
188 0.010507
189 0.010474
190 0.010289
191 0.010255
192 0.010191
193 0.010190
194 0.010190
195 0.011452
196 0.010131
197 0.010133
198 0.010141
199 0.010144
200 0.010193
201 0.010201
202 0.010850
203 0.010868
204 0.010350
205 0.010322
206 0.010297
207 0.010307
208 0.010313
209 0.010317
210 0.010324
211 0.010611
212 0.010529
213 0.010378
214 0.010432
215 0.010532
216 0.010527
217 0.010424
218 0.010279
219 0.010239
220 0.010191
221 0.010190
222 0.012854
223 0.014968
224 0.010134
225 0.010141
226 0.010144
227 0.010146
228 0.010153
229 0.010863
230 0.010839
231 0.010310
232 0.010370
233 0.010372
234 0.010379
235 0.010314
236 0.010314
237 0.010316
238 0.010318
239 0.010323
240 0.010351
241 0.010406
242 0.010536
243 0.010540
244 0.010469
245 0.010345
246 0.010284
247 0.010194
248 0.010290
249 0.014208
250 0.015349
251 0.016083
252 0.010136
253 0.010145
254 0.010147
255 0.010164
256 0.010179
257 0.010883
258 0.010915
259 0.010324
260 0.010325
261 0.010386
262 0.010315
263 0.010312
264 0.010309
265 0.010316
266 0.010317
267 0.010318
268 0.010326
269 0.010542
270 0.010542
271 0.010518
272 0.010352
273 0.010352
274 0.010289
275 0.012847
276 0.014719
277 0.015332
278 0.015331
279 0.013641
280 0.010146
281 0.010171
282 0.010175
283 0.010184
284 0.010189
285 0.010904
286 0.010933
287 0.010337
288 0.010331
289 0.010326
290 0.010319
291 0.010317
292 0.010316
293 0.010313
294 0.010318
295 0.010319
296 0.010320
297 0.010329
298 0.010522
299 0.010344
300 0.010356
301 0.010360
302 0.013666
303 0.014879
304 0.014889
305 0.014888
306 0.012149
307 0.010378
308 0.010174
309 0.010180
310 0.010187
311 0.010194
312 0.010919
313 0.010881
314 0.010380
315 0.010369
316 0.010334
317 0.010329
318 0.010326
319 0.010316
320 0.010315
321 0.010314
322 0.010317
323 0.010320
324 0.010326
325 0.010328
326 0.010339
327 0.010346
328 0.011640
329 0.014914
330 0.014935
331 0.014922
332 0.014732
333 0.010687
334 0.010202
335 0.010198
336 0.010185
337 0.010189
338 0.010191
339 0.010195
340 0.010967
341 0.010959
342 0.010386
343 0.010379
344 0.010344
345 0.010335
346 0.010333
347 0.010326
348 0.010324
349 0.010322
350 0.010322
351 0.010321
352 0.010325
353 0.010333
354 0.010339
355 0.013537
356 0.014511
357 0.014677
358 0.014943
359 0.011826
360 0.010240
361 0.010206
362 0.010204
363 0.010204
364 0.010188
365 0.010189
366 0.010191
367 0.010195
368 0.011016
369 0.011006
370 0.010396
371 0.010391
372 0.010356
373 0.010343
374 0.010338
375 0.010331
376 0.010329
377 0.010326
378 0.010328
379 0.010324
380 0.010332
381 0.010429
382 0.013807
383 0.014181
384 0.014496
385 0.014359
386 0.010661
387 0.010286
388 0.010225
389 0.010209
390 0.010208
391 0.010204
392 0.010190
393 0.010192
394 0.010194
395 0.011112
396 0.011136
397 0.010392
398 0.010378
399 0.010402
400 0.010398
401 0.010356
402 0.010345
403 0.010343
404 0.010337
405 0.010332
406 0.010329
407 0.010333
408 0.011886
409 0.012689
410 0.013381
411 0.013823
412 0.011604
413 0.010376
414 0.010347
415 0.010326
416 0.010257
417 0.010210
418 0.010209
419 0.010209
420 0.010189
421 0.010195
422 0.010197
423 0.011119
424 0.011143
425 0.010412
426 0.010394
427 0.010419
428 0.010406
429 0.010368
430 0.010362
431 0.010348
432 0.010348
433 0.010338
434 0.010338
435 0.011504
436 0.011984
437 0.012352
438 0.012703
439 0.010594
440 0.010363
441 0.010348
442 0.010360
443 0.010474
444 0.010292
445 0.010214
446 0.010211
447 0.010210
448 0.010213
449 0.010196
450 0.010198
451 0.011127
452 0.011151
453 0.010416
454 0.010414
455 0.010437
456 0.010425
457 0.010380
458 0.010367
459 0.010363
460 0.010359
461 0.010547
462 0.011095
463 0.011352
464 0.011570
465 0.011274
466 0.010372
467 0.010375
468 0.010367
469 0.010364
470 0.010824
471 0.010599
472 0.010378
473 0.010235
474 0.010266
475 0.010418
476 0.010192
477 0.010205
478 0.010889
479 0.011079
480 0.010420
481 0.010420
482 0.010420
483 0.010512
484 0.010443
485 0.010429
486 0.010382
487 0.010377
488 0.010368
489 0.010408
490 0.010561
491 0.010770
492 0.010414
493 0.010376
494 0.010385
495 0.010378
496 0.010376
497 0.011769
498 0.011262
499 0.010715
500 0.010670
501 0.010466
502 0.010408
503 0.010399
504 0.010013
505 0.010135
506 0.010719
507 0.010892
508 0.010434
509 0.010439
510 0.010539
511 0.010514
512 0.010554
513 0.010447
514 0.010405
515 0.010394
516 0.010385
517 0.010382
518 0.010427
519 0.010382
520 0.010389
521 0.010390
522 0.010394
523 0.010392
524 0.011313
525 0.012041
526 0.011881
527 0.011326
528 0.010783
529 0.010463
530 0.010389
531 0.010003
532 0.010013
533 0.010013
534 0.010580
535 0.010756
536 0.010408
537 0.010418
538 0.010517
539 0.010525
540 0.010478
541 0.010609
542 0.010449
543 0.010413
544 0.010407
545 0.010401
546 0.010399
547 0.010400
548 0.010403
549 0.010405
550 0.010514
551 0.011430
552 0.011541
553 0.011753
554 0.012073
555 0.011794
556 0.010922
557 0.010338
558 0.010003
559 0.010003
560 0.010012
561 0.010012
562 0.010491
563 0.010342
564 0.010364
565 0.010459
566 0.010489
567 0.010469
568 0.010539
569 0.010679
570 0.010691
571 0.010443
572 0.010429
573 0.010425
574 0.010418
575 0.010419
576 0.010913
577 0.010913
578 0.010958
579 0.011142
580 0.011383
581 0.011558
582 0.011504
583 0.011857
584 0.011206
585 0.010002
586 0.010003
587 0.010002
588 0.010011
589 0.010012
590 0.010320
591 0.010305
592 0.010430
593 0.010449
594 0.010453
595 0.010482
596 0.010575
597 0.010678
598 0.010600
599 0.010582
600 0.010432
601 0.010975
602 0.010985
603 0.010969
604 0.010969
605 0.010892
606 0.010875
607 0.010301
608 0.010619
609 0.010923
610 0.011253
611 0.011554
612 0.010002
613 0.010002
614 0.010002
615 0.010002
616 0.010011
617 0.010011
618 0.010012
619 0.010312
620 0.010386
621 0.010547
622 0.010560
623 0.010602
624 0.010601
625 0.010584
626 0.010581
627 0.010998
628 0.010996
629 0.010932
630 0.010911
631 0.010922
632 0.010318
633 0.010316
634 0.010308
635 0.010294
636 0.010279
637 0.010312
638 0.010848
639 0.010002
640 0.010002
641 0.010002
642 0.011937
643 0.012187
644 0.010010
645 0.010011
646 0.010011
647 0.010011
648 0.010432
649 0.010538
650 0.010603
651 0.010529
652 0.010829
653 0.010785
654 0.010838
655 0.010930
656 0.010880
657 0.010024
658 0.010025
659 0.010223
660 0.010228
661 0.010245
662 0.010259
663 0.010266
664 0.010250
665 0.010194
666 0.010002
667 0.010002
668 0.010002
669 0.011937
670 0.011984
671 0.012132
672 0.014065
673 0.010010
674 0.010010
675 0.010011
676 0.010011
677 0.010011
678 0.010415
679 0.010514
680 0.010652
681 0.010654
682 0.010017
683 0.010020
684 0.010022
685 0.010023
686 0.010024
687 0.010024
688 0.010026
689 0.010018
690 0.010144
691 0.010171
692 0.010140
693 0.010003
694 0.010002
695 0.010002
696 0.011937
697 0.011937
698 0.011946
699 0.012086
700 0.014065
701 0.014066
702 0.010010
703 0.010010
704 0.010010
705 0.010011
706 0.010012
707 0.010012
708 0.010013
709 0.010013
710 0.010016
711 0.010019
712 0.010021
713 0.010022
714 0.010022
715 0.010023
716 0.010022
717 0.010014
718 0.010003
719 0.010003
720 0.010003
721 0.010003
722 0.010002
723 0.011954
724 0.011871
725 0.011957
726 0.011937
727 0.011937
728 0.014065
729 0.014065
730 0.014065
731 0.014066
732 0.010010
733 0.010011
734 0.010012
735 0.010012
736 0.010012
737 0.010013
738 0.010014
739 0.010017
740 0.010019
741 0.010021
742 0.010022
743 0.010022
744 0.010018
745 0.010010
746 0.010003
747 0.010003
748 0.010003
749 0.010002
750 0.010990
751 0.010462
752 0.010735
753 0.011262
754 0.011998
755 0.011937
756 0.014064
757 0.014065
758 0.014616
759 0.014782
760 0.014065
761 0.010011
762 0.010011
763 0.010012
764 0.010012
765 0.010012
766 0.010013
767 0.010015
768 0.010018
769 0.010020
770 0.010021
771 0.010021
772 0.010015
773 0.010006
774 0.010003
775 0.010003
776 0.010003
777 0.010341
778 0.010207
779 0.010215
780 0.010293
781 0.010400
782 0.011029
783 0.011937
