0 0.009961
1 0.007116
2 0.006858
3 0.007052
4 0.006829
5 0.004998
6 0.003458
7 0.002116
8 0.000457
9 0.000099
10 0.000140
11 0.000312
12 0.000923
13 0.000731
14 0.000444
15 0.000130
16 0.000058
17 0.000037
18 0.000149
19 0.000630
20 0.001414
21 0.001474
22 0.001759
23 0.001829
24 0.001670
25 0.001742
26 0.002057
27 0.002139
28 0.010902
29 0.009890
30 0.006976
31 0.006858
32 0.006834
33 0.006830
34 0.004584
35 0.002136
36 0.000241
37 0.000056
38 0.000136
39 0.000441
40 0.000738
41 0.000695
42 0.000212
43 0.000069
44 0.000034
45 0.000036
46 0.000062
47 0.000357
48 0.001177
49 0.001414
50 0.000021
51 0.000000
52 0.001602
53 0.001902
54 0.001742
55 0.002771
56 0.012254
57 0.010823
58 0.009819
59 0.006976
60 0.006859
61 0.006624
62 0.006619
63 0.001666
64 0.000208
65 0.000078
66 0.000201
67 0.000642
68 0.000583
69 0.000287
70 0.000082
71 0.000033
72 0.000029
73 0.000026
74 0.000031
75 0.000143
76 0.000028
77 0.000000
78 0.000000
79 0.000000
80 0.000000
81 0.001602
82 0.002615
83 0.003477
84 0.010002
85 0.012164
86 0.010936
87 0.009710
88 0.006761
89 0.006648
90 0.006625
91 0.001113
92 0.000166
93 0.000170
94 0.000393
95 0.000703
96 0.000522
97 0.000144
98 0.000046
99 0.000023
100 0.000023
101 0.000007
102 0.000001
103 0.000001
104 0.000000
105 0.000000
106 0.000000
107 0.000000
108 0.000000
109 0.002441
110 0.003345
111 0.005308
112 0.008831
113 0.010002
114 0.012408
115 0.011059
116 0.000000
117 0.000000
118 0.000000
119 0.000000
120 0.000002
121 0.000231
122 0.001597
123 0.001031
124 0.000240
125 0.000057
126 0.000020
127 0.000001
128 0.000001
129 0.000001
130 0.000000
131 0.000000
132 0.000000
133 0.000000
134 0.000000
135 0.000000
136 0.000022
137 0.003248
138 0.005172
139 0.007633
140 0.005316
141 0.007684
142 0.010002
143 0.012858
144 0.000002
145 0.000000
146 0.000000
147 0.000000
148 0.000000
149 0.000000
150 0.000002
151 0.000005
152 0.000003
153 0.000000
154 0.000001
155 0.000001
156 0.000000
157 0.000000
158 0.000000
159 0.000000
160 0.000000
161 0.000000
162 0.000000
163 0.000000
164 0.004014
165 0.005178
166 0.007641
167 0.006255
168 0.002783
169 0.004384
170 0.006511
171 0.010001
172 0.000003
173 0.000009
174 0.000003
175 0.000000
176 0.000000
177 0.000000
178 0.000000
179 0.000000
180 0.000000
181 0.000000
182 0.000000
183 0.000000
184 0.000000
185 0.000000
186 0.000000
187 0.000000
188 0.000000
189 0.000000
190 0.000000
191 0.000000
192 0.006667
193 0.007790
194 0.006037
195 0.006678
196 0.001755
197 0.002179
198 0.003161
199 0.005399
200 0.000193
201 0.000004
202 0.000021
203 0.000005
204 0.000001
205 0.000000
206 0.000000
207 0.000000
208 0.000000
209 0.000000
210 0.000000
211 0.000000
212 0.000000
213 0.000000
214 0.000000
215 0.000000
216 0.000000
217 0.000000
218 0.000000
219 0.000086
220 0.006347
221 0.006344
222 0.006697
223 0.004797
224 0.002353
225 0.001524
226 0.001454
227 0.002489
228 0.003734
229 0.000001
230 0.000001
231 0.000101
232 0.000203
233 0.000026
234 0.000001
235 0.000000
236 0.000000
237 0.000000
238 0.000000
239 0.000000
240 0.000000
241 0.000000
242 0.000000
243 0.000000
244 0.000000
245 0.000000
246 0.000000
247 0.000501
248 0.000847
249 0.001010
250 0.001059
251 0.001056
252 0.003600
253 0.002241
254 0.001612
255 0.000667
256 0.000402
257 0.000001
258 0.000000
259 0.000009
260 0.003701
261 0.017564
262 0.000099
263 0.000001
264 0.000000
265 0.000000
266 0.000000
267 0.000000
268 0.000000
269 0.000000
270 0.000000
271 0.000000
272 0.000000
273 0.000000
274 0.000000
275 0.000141
276 0.000128
277 0.000125
278 0.000154
279 0.000198
280 0.005036
281 0.001368
282 0.000797
283 0.001787
284 0.001003
285 0.000003
286 0.000000
287 0.000005
288 0.999991
289 0.001550
290 0.000013
291 0.000000
292 0.000000
293 0.000000
294 0.000000
295 0.000000
296 0.000000
297 0.000000
298 0.000000
299 0.000000
300 0.000000
301 0.000000
302 0.000000
303 0.000086
304 0.000063
305 0.000071
306 0.000075
307 0.000130
308 0.002538
309 0.008976
310 0.006328
311 0.003390
312 0.000731
313 0.000023
314 0.000000
315 0.000001
316 0.000008
317 0.000009
318 0.000000
319 0.000000
320 0.000000
321 0.000000
322 0.000000
323 0.000000
324 0.000000
325 0.000000
326 0.000001
327 0.000000
328 0.000000
329 0.000000
330 0.000000
331 0.000008
332 0.000061
333 0.000078
334 0.000130
335 0.000239
336 0.010949
337 0.011999
338 0.021220
339 0.019354
340 0.000123
341 0.000007
342 0.000000
343 0.000000
344 0.000001
345 0.000001
346 0.000000
347 0.000000
348 0.000000
349 0.000000
350 0.000000
351 0.000001
352 0.000001
353 0.000002
354 0.000001
355 0.000000
356 0.000000
357 0.000000
358 0.000000
359 0.000001
360 0.000086
361 0.000157
362 0.000215
363 0.000233
364 0.018122
365 0.015356
366 0.005488
367 0.005165
368 0.000020
369 0.000002
370 0.000001
371 0.000000
372 0.000000
373 0.000000
374 0.000000
375 0.000000
376 0.000000
377 0.000000
378 0.000001
379 0.000029
380 0.000284
381 0.000098
382 0.000001
383 0.000000
384 0.000000
385 0.000000
386 0.000000
387 0.000001
388 0.000047
389 0.000213
390 0.000222
391 0.000320
392 0.001247
393 0.001691
394 0.001972
395 0.000187
396 0.000001
397 0.000001
398 0.000003
399 0.000000
400 0.000000
401 0.000000
402 0.000000
403 0.000000
404 0.000000
405 0.000000
406 0.000005
407 0.000809
408 0.999977
409 0.000309
410 0.000001
411 0.000000
412 0.000000
413 0.000000
414 0.000000
415 0.000000
416 0.000007
417 0.000284
418 0.000562
419 0.000507
420 0.000727
421 0.000305
422 0.000164
423 0.000003
424 0.000000
425 0.000001
426 0.000002
427 0.000000
428 0.000000
429 0.000000
430 0.000000
431 0.000000
432 0.000000
433 0.000001
434 0.000019
435 0.000279
436 0.001206
437 0.000137
438 0.000001
439 0.000000
440 0.000000
441 0.000000
442 0.000000
443 0.000000
444 0.000003
445 0.000810
446 0.000477
447 0.000310
448 0.000264
449 0.000065
450 0.000019
451 0.000000
452 0.000000
453 0.000001
454 0.000000
455 0.000000
456 0.000000
457 0.000000
458 0.000000
459 0.000001
460 0.000001
461 0.000004
462 0.000002
463 0.000008
464 0.000039
465 0.000006
466 0.000001
467 0.000001
468 0.000000
469 0.000000
470 0.000000
471 0.000000
472 0.000001
473 0.000093
474 0.000178
475 0.000109
476 0.000273
477 0.000063
478 0.000007
479 0.000000
480 0.000000
481 0.000000
482 0.000000
483 0.000000
484 0.000000
485 0.000000
486 0.000000
487 0.000001
488 0.000015
489 0.000003
490 0.000007
491 0.000002
492 0.000002
493 0.000001
494 0.000001
495 0.000004
496 0.000021
497 0.000001
498 0.000000
499 0.000000
500 0.000000
501 0.000003
502 0.000112
503 0.000207
504 0.000553
505 0.000275
506 0.000007
507 0.000000
508 0.000000
509 0.000000
510 0.000000
511 0.000000
512 0.000000
513 0.000000
514 0.000000
515 0.000001
516 0.000008
517 0.000138
518 0.000051
519 0.000110
520 0.000004
521 0.000001
522 0.000001
523 0.000002
524 0.000035
525 0.000004
526 0.000000
527 0.000000
528 0.000000
529 0.000004
530 0.000505
531 0.000968
532 0.000516
533 0.000463
534 0.000008
535 0.000001
536 0.000001
537 0.000000
538 0.000000
539 0.000000
540 0.000000
541 0.000000
542 0.000000
543 0.000000
544 0.000002
545 0.000278
546 0.999983
547 0.006301
548 0.000011
549 0.000001
550 0.000000
551 0.000000
552 0.000002
553 0.000004
554 0.000001
555 0.000001
556 0.000002
557 0.000061
558 0.002085
559 0.001438
560 0.000646
561 0.000613
562 0.000009
563 0.000001
564 0.000001
565 0.000000
566 0.000000
567 0.000000
568 0.000000
569 0.000000
570 0.000000
571 0.000001
572 0.000001
573 0.000026
574 0.000177
575 0.000021
576 0.000007
577 0.000001
578 0.000000
579 0.000000
580 0.000001
581 0.000009
582 0.000020
583 0.000017
584 0.000083
585 0.007003
586 0.004291
587 0.002894
588 0.000804
589 0.000646
590 0.000058
591 0.000001
592 0.000001
593 0.000000
594 0.000001
595 0.000001
596 0.000003
597 0.000006
598 0.000004
599 0.000006
600 0.000001
601 0.000001
602 0.000001
603 0.000001
604 0.000000
605 0.000001
606 0.000004
607 0.000019
608 0.000006
609 0.000002
610 0.000027
611 0.000142
612 0.010006
613 0.010003
614 0.007777
615 0.005583
616 0.000888
617 0.000804
618 0.000646
619 0.000090
620 0.000003
621 0.000001
622 0.000002
623 0.000013
624 0.000074
625 0.000418
626 0.000047
627 0.000005
628 0.000002
629 0.000002
630 0.000001
631 0.000000
632 0.000000
633 0.000000
634 0.000001
635 0.000105
636 0.000098
637 0.000059
638 0.000143
639 0.008893
640 0.010034
641 0.010006
642 0.000000
643 0.000000
644 0.000933
645 0.000888
646 0.000845
647 0.000680
648 0.000295
649 0.000050
650 0.000029
651 0.000029
652 0.000065
653 0.000076
654 0.000059
655 0.000010
656 0.000037
657 0.000509
658 0.000272
659 0.000008
660 0.000001
661 0.000001
662 0.000003
663 0.000015
664 0.000029
665 0.000186
666 0.005753
667 0.005886
668 0.009172
669 0.000000
670 0.000000
671 0.000000
672 0.000000
673 0.000933
674 0.000888
675 0.000717
676 0.000804
677 0.000646
678 0.000138
679 0.000044
680 0.000156
681 0.001375
682 0.003100
683 0.000653
684 0.000479
685 0.000179
686 0.000098
687 0.000055
688 0.000096
689 0.000605
690 0.001996
691 0.000901
692 0.002018
693 0.006306
694 0.005830
695 0.006019
696 0.000000
697 0.000000
698 0.000000
699 0.000000
700 0.000000
701 0.000000
702 0.000933
703 0.000888
704 0.000845
705 0.000808
706 0.001308
707 0.003867
708 0.010005
709 0.010007
710 0.005633
711 0.001362
712 0.000471
713 0.000078
714 0.000021
715 0.000047
716 0.000174
717 0.001355
718 0.010000
719 0.010001
720 0.010000
721 0.009999
722 0.006406
723 0.000000
724 0.000001
725 0.000000
726 0.000000
727 0.000000
728 0.000000
729 0.000000
730 0.000000
731 0.000000
732 0.000888
733 0.001417
734 0.002757
735 0.006871
736 0.010006
737 0.010005
738 0.010001
739 0.003915
740 0.000416
741 0.000059
742 0.000012
743 0.000029
744 0.000221
745 0.002901
746 0.010001
747 0.010000
748 0.010000
749 0.010000
750 0.000001
751 0.000001
752 0.000000
753 0.000001
754 0.000000
755 0.000000
756 0.000000
757 0.000000
758 0.000001
759 0.000001
760 0.000000
761 0.002447
762 0.005806
763 0.010005
764 0.010005
765 0.010000
766 0.010003
767 0.006150
768 0.000394
769 0.000023
770 0.000014
771 0.000026
772 0.000288
773 0.004423
774 0.010001
775 0.010000
776 0.010000
777 0.000001
778 0.000565
779 0.000350
780 0.000001
781 0.000001
782 0.000001
783 0.000000
