0 0.003017
1 0.002957
2 0.002672
3 0.003739
4 0.004933
5 0.007319
6 0.008724
7 0.011546
8 0.010303
9 0.007374
10 0.003604
11 0.002523
12 0.000793
13 0.000223
14 0.000095
15 0.000083
16 0.000068
17 0.000053
18 0.000218
19 0.000974
20 0.002191
21 0.002263
22 0.002595
23 0.002675
24 0.003451
25 0.004899
26 0.007139
27 0.009084
28 0.002616
29 0.002768
30 0.002417
31 0.002451
32 0.003445
33 0.005210
34 0.007789
35 0.008631
36 0.008521
37 0.010153
38 0.007868
39 0.004700
40 0.000580
41 0.000106
42 0.000079
43 0.000063
44 0.000049
45 0.000050
46 0.000085
47 0.000514
48 0.001901
49 0.002191
50 0.000080
51 0.000000
52 0.004770
53 0.007100
54 0.009566
55 0.011403
56 0.003087
57 0.002422
58 0.002250
59 0.002207
60 0.002153
61 0.003175
62 0.005050
63 0.006530
64 0.006869
65 0.011042
66 0.026376
67 0.005666
68 0.000568
69 0.000055
70 0.000052
71 0.000044
72 0.000041
73 0.000037
74 0.000040
75 0.000205
76 0.000301
77 0.000000
78 0.000000
79 0.000000
80 0.000000
81 0.009566
82 0.011403
83 0.020378
84 0.004960
85 0.003091
86 0.002175
87 0.001729
88 0.001696
89 0.001845
90 0.003106
91 0.003754
92 0.005706
93 0.011296
94 0.030960
95 0.008377
96 0.000500
97 0.000088
98 0.000043
99 0.000034
100 0.000034
101 0.000016
102 0.000004
103 0.000000
104 0.000000
105 0.000000
106 0.000000
107 0.000000
108 0.000060
109 0.011224
110 0.021223
111 0.032761
112 0.008856
113 0.005612
114 0.003412
115 0.002045
116 0.000000
117 0.000000
118 0.000000
119 0.000000
120 0.000035
121 0.011149
122 0.019182
123 0.006372
124 0.000701
125 0.000149
126 0.000040
127 0.000008
128 0.000005
129 0.000001
130 0.000000
131 0.000000
132 0.000000
133 0.000000
134 0.000000
135 0.000041
136 0.005657
137 0.024836
138 0.042190
139 0.026970
140 0.011173
141 0.009691
142 0.006574
143 0.004276
144 0.000000
145 0.000000
146 0.000000
147 0.000000
148 0.000000
149 0.000000
150 0.000001
151 0.000002
152 0.000011
153 0.000010
154 0.000012
155 0.000001
156 0.000000
157 0.000000
158 0.000000
159 0.000000
160 0.000000
161 0.000000
162 0.000038
163 0.000124
164 0.026069
165 0.041447
166 0.025031
167 0.014893
168 0.008927
169 0.011229
170 0.011547
171 0.009130
172 0.001084
173 0.000000
174 0.000000
175 0.000000
176 0.000000
177 0.000000
178 0.000000
179 0.000000
180 0.000000
181 0.000000
182 0.000000
183 0.000000
184 0.000000
185 0.000000
186 0.000000
187 0.000000
188 0.000000
189 0.000009
190 0.000103
191 0.007685
192 0.035155
193 0.022095
194 0.009102
195 0.004113
196 0.004861
197 0.007508
198 0.010947
199 0.012209
200 0.012856
201 0.000012
202 0.000000
203 0.000000
204 0.000001
205 0.000000
206 0.000000
207 0.000000
208 0.000000
209 0.000000
210 0.000000
211 0.000000
212 0.000000
213 0.000000
214 0.000000
215 0.000000
216 0.000000
217 0.000001
218 0.000232
219 0.009341
220 0.019489
221 0.006712
222 0.003659
223 0.003521
224 0.002408
225 0.003482
226 0.005343
227 0.010689
228 0.012065
229 0.039595
230 0.000002
231 0.000000
232 0.000000
233 0.000000
234 0.000000
235 0.000000
236 0.000000
237 0.000000
238 0.000000
239 0.000000
240 0.000000
241 0.000000
242 0.000000
243 0.000000
244 0.000000
245 0.000000
246 0.000102
247 0.001030
248 0.000587
249 0.000463
250 0.000975
251 0.001873
252 0.001519
253 0.001602
254 0.002373
255 0.003378
256 0.005707
257 0.018568
258 0.002613
259 0.000019
260 0.000000
261 0.000000
262 0.000000
263 0.000000
264 0.000000
265 0.000000
266 0.000000
267 0.000000
268 0.000000
269 0.000000
270 0.000000
271 0.000000
272 0.000000
273 0.000000
274 0.000004
275 0.000066
276 0.000055
277 0.000141
278 0.000292
279 0.000658
280 0.001143
281 0.000766
282 0.000819
283 0.001302
284 0.002686
285 0.004138
286 0.966446
287 0.002224
288 0.000000
289 0.000000
290 0.000000
291 0.000000
292 0.000000
293 0.000000
294 0.000000
295 0.000001
296 0.000003
297 0.000005
298 0.000000
299 0.000000
300 0.000000
301 0.000000
302 0.000000
303 0.000049
304 0.000084
305 0.000186
306 0.000334
307 0.000489
308 0.001090
309 0.000930
310 0.000731
311 0.000661
312 0.000989
313 0.000806
314 0.047055
315 0.001001
316 0.000000
317 0.000000
318 0.000000
319 0.000000
320 0.000000
321 0.000000
322 0.000002
323 0.000163
324 0.999999
325 0.000997
326 0.000000
327 0.000000
328 0.000000
329 0.000000
330 0.000000
331 0.000012
332 0.000224
333 0.000375
334 0.000476
335 0.000499
336 0.001139
337 0.001145
338 0.001184
339 0.000533
340 0.000110
341 0.000046
342 0.000293
343 0.000076
344 0.000000
345 0.000000
346 0.000000
347 0.000000
348 0.000000
349 0.000000
350 0.000018
351 0.010811
352 0.359000
353 0.002417
354 0.000021
355 0.000000
356 0.000000
357 0.000000
358 0.000000
359 0.000003
360 0.000379
361 0.000384
362 0.000320
363 0.000207
364 0.001315
365 0.001161
366 0.000475
367 0.000176
368 0.000015
369 0.000036
370 0.000007
371 0.000002
372 0.000000
373 0.000000
374 0.000000
375 0.000000
376 0.000000
377 0.000000
378 0.000056
379 0.011632
380 0.024302
381 0.001022
382 0.000058
383 0.000005
384 0.000000
385 0.000000
386 0.000000
387 0.000002
388 0.000132
389 0.000223
390 0.000116
391 0.000112
392 0.000458
393 0.000247
394 0.000115
395 0.000027
396 0.000004
397 0.000010
398 0.000001
399 0.000000
400 0.000000
401 0.000000
402 0.000000
403 0.000000
404 0.000000
405 0.000003
406 0.000071
407 0.000467
408 0.001301
409 0.001372
410 0.000893
411 0.001216
412 0.000013
413 0.000000
414 0.000000
415 0.000000
416 0.000014
417 0.000281
418 0.000240
419 0.000224
420 0.000168
421 0.000060
422 0.000035
423 0.000009
424 0.000007
425 0.000002
426 0.000000
427 0.000000
428 0.000000
429 0.000000
430 0.000000
431 0.000000
432 0.000001
433 0.000009
434 0.000011
435 0.000079
436 0.000023
437 0.000514
438 0.026908
439 0.999999
440 0.000048
441 0.000001
442 0.000000
443 0.000000
444 0.000004
445 0.001493
446 0.001484
447 0.001398
448 0.000093
449 0.000043
450 0.000029
451 0.000004
452 0.000005
453 0.000001
454 0.000000
455 0.000000
456 0.000000
457 0.000000
458 0.000000
459 0.000000
460 0.000000
461 0.000001
462 0.000019
463 0.000002
464 0.000004
465 0.000056
466 0.002553
467 0.008501
468 0.000588
469 0.000003
470 0.000000
471 0.000000
472 0.000002
473 0.001802
474 0.006650
475 0.004084
476 0.000323
477 0.000153
478 0.000042
479 0.000003
480 0.000001
481 0.000000
482 0.000000
483 0.000000
484 0.000000
485 0.000000
486 0.000004
487 0.000000
488 0.000000
489 0.000001
490 0.000000
491 0.000000
492 0.000000
493 0.000003
494 0.000107
495 0.000666
496 0.006454
497 0.000122
498 0.000002
499 0.000000
500 0.000001
501 0.000203
502 0.008555
503 0.008925
504 0.001643
505 0.000842
506 0.000102
507 0.000019
508 0.000001
509 0.000000
510 0.000000
511 0.000000
512 0.000000
513 0.000001
514 0.000005
515 0.000002
516 0.000000
517 0.000000
518 0.000000
519 0.000000
520 0.000000
521 0.000000
522 0.000006
523 0.000130
524 0.001466
525 0.999990
526 0.000058
527 0.000001
528 0.000000
529 0.000075
530 0.009554
531 0.010000
532 0.001572
533 0.001465
534 0.000159
535 0.000028
536 0.000003
537 0.000000
538 0.000000
539 0.000000
540 0.000001
541 0.000001
542 0.000007
543 0.000004
544 0.000001
545 0.000000
546 0.000000
547 0.000000
548 0.000000
549 0.000000
550 0.000000
551 0.000003
552 0.000059
553 0.001392
554 0.002495
555 0.000027
556 0.000002
557 0.000127
558 0.010000
559 0.010000
560 0.001815
561 0.001756
562 0.000086
563 0.000013
564 0.000002
565 0.000003
566 0.000007
567 0.000012
568 0.000031
569 0.000026
570 0.000011
571 0.000010
572 0.000000
573 0.000000
574 0.000000
575 0.000000
576 0.000000
577 0.000000
578 0.000000
579 0.000000
580 0.000001
581 0.000018
582 0.002376
583 0.001437
584 0.000251
585 0.010000
586 0.010000
587 0.010000
588 0.002089
589 0.001815
590 0.000283
591 0.000013
592 0.000008
593 0.000008
594 0.000072
595 0.000719
596 0.000727
597 0.000532
598 0.000238
599 0.000203
600 0.000007
601 0.000000
602 0.000000
603 0.000000
604 0.000000
605 0.000000
606 0.000000
607 0.000000
608 0.000000
609 0.000000
610 0.000043
611 0.004455
612 0.009542
613 0.010000
614 0.010000
615 0.010000
616 0.002225
617 0.002089
618 0.001825
619 0.000633
620 0.000074
621 0.000031
622 0.000133
623 0.000875
624 0.001715
625 0.001088
626 0.002773
627 0.006537
628 0.000403
629 0.000003
630 0.000000
631 0.000000
632 0.000000
633 0.000000
634 0.000000
635 0.000000
636 0.000000
637 0.000000
638 0.000028
639 0.003490
640 0.006511
641 0.009565
642 0.000000
643 0.000000
644 0.002296
645 0.002225
646 0.003319
647 0.005060
648 0.004734
649 0.000221
650 0.000054
651 0.000237
652 0.000678
653 0.003287
654 0.006073
655 0.004267
656 0.001603
657 0.001451
658 0.001189
659 0.000088
660 0.000003
661 0.000001
662 0.000000
663 0.000000
664 0.000000
665 0.000019
666 0.000945
667 0.001983
668 0.003649
669 0.000000
670 0.000000
671 0.000000
672 0.000000
673 0.003475
674 0.005204
675 0.008013
676 0.010000
677 0.010000
678 0.000638
679 0.000434
680 0.002591
681 0.008210
682 0.021572
683 0.006368
684 0.002039
685 0.004581
686 0.004231
687 0.001749
688 0.000547
689 0.000491
690 0.000083
691 0.000045
692 0.000111
693 0.000710
694 0.000778
695 0.001185
696 0.000000
697 0.000000
698 0.000000
699 0.000000
700 0.000000
701 0.000000
702 0.008090
703 0.010000
704 0.010000
705 0.010000
706 0.010000
707 0.011561
708 0.021852
709 0.027199
710 0.008893
711 0.002453
712 0.002490
713 0.009287
714 0.015456
715 0.002961
716 0.001051
717 0.000450
718 0.000561
719 0.000587
720 0.000614
721 0.000741
722 0.000892
723 0.000000
724 0.000000
725 0.000000
726 0.000000
727 0.000000
728 0.000000
729 0.000000
730 0.000000
731 0.000000
732 0.010000
733 0.010000
734 0.010000
735 0.016729
736 0.028609
737 0.016262
738 0.003886
739 0.001579
740 0.004629
741 0.013482
742 0.020034
743 0.006731
744 0.002084
745 0.000845
746 0.000591
747 0.000710
748 0.000741
749 0.000892
750 0.000000
751 0.000000
752 0.000000
753 0.000000
754 0.000000
755 0.000000
756 0.000000
757 0.000000
758 0.000031
759 0.000065
760 0.000000
761 0.010000
762 0.013034
763 0.025139
764 0.021268
765 0.006753
766 0.001962
767 0.001828
768 0.005797
769 0.018273
770 0.017014
771 0.012278
772 0.003676
773 0.001587
774 0.000689
775 0.000642
776 0.000774
777 0.000000
778 0.000044
779 0.000028
780 0.000000
781 0.000000
782 0.000000
783 0.000000
