0 0.003690
1 0.003598
2 0.004202
3 0.006067
4 0.008113
5 0.010000
6 0.012496
7 0.019374
8 0.003494
9 0.000366
10 0.000158
11 0.000112
12 0.000088
13 0.000078
14 0.000075
15 0.000152
16 0.000293
17 0.000595
18 0.001796
19 0.003712
20 0.002731
21 0.001620
22 0.001619
23 0.001632
24 0.001481
25 0.001549
26 0.001852
27 0.001933
28 0.003256
29 0.003438
30 0.003050
31 0.003967
32 0.005873
33 0.008913
34 0.010000
35 0.010141
36 0.002160
37 0.000407
38 0.000171
39 0.000113
40 0.000085
41 0.000068
42 0.000099
43 0.000215
44 0.000436
45 0.000602
46 0.000690
47 0.001200
48 0.001438
49 0.001326
50 0.000018
51 0.000000
52 0.001415
53 0.001703
54 0.001549
55 0.001852
56 0.003438
57 0.003017
58 0.002905
59 0.002829
60 0.003640
61 0.005594
62 0.008853
63 0.003299
64 0.001095
65 0.000391
66 0.000367
67 0.000131
68 0.000076
69 0.000066
70 0.000127
71 0.000282
72 0.000620
73 0.000465
74 0.000256
75 0.000330
76 0.000023
77 0.000258
78 0.000000
79 0.000000
80 0.000000
81 0.001415
82 0.001703
83 0.001549
84 0.003319
85 0.002905
86 0.002530
87 0.002340
88 0.002275
89 0.003439
90 0.005329
91 0.001395
92 0.000315
93 0.000447
94 0.000338
95 0.000265
96 0.000094
97 0.000142
98 0.000220
99 0.000589
100 0.000607
101 0.000139
102 0.000001
103 0.000002
104 0.000029
105 0.000000
106 0.000000
107 0.000000
108 0.000000
109 0.001353
110 0.001415
111 0.001703
112 0.002905
113 0.002797
114 0.002333
115 0.002241
116 0.000000
117 0.000000
118 0.000000
119 0.000000
120 0.000001
121 0.000094
122 0.000428
123 0.000315
124 0.000319
125 0.000305
126 0.000652
127 0.000059
128 0.000009
129 0.000002
130 0.000003
131 0.000001
132 0.000000
133 0.000000
134 0.000000
135 0.000000
136 0.001289
137 0.001116
138 0.001353
139 0.001681
140 0.002797
141 0.002429
142 0.002241
143 0.002153
144 0.000000
145 0.000000
146 0.000000
147 0.000000
148 0.000000
149 0.000000
150 0.000000
151 0.000001
152 0.000011
153 0.000008
154 0.000037
155 0.000010
156 0.000003
157 0.000011
158 0.000001
159 0.000000
160 0.000000
161 0.000000
162 0.000000
163 0.000001
164 0.001131
165 0.001064
166 0.001383
167 0.001562
168 0.002429
169 0.002241
170 0.002153
171 0.001987
172 0.000000
173 0.000000
174 0.000000
175 0.000001
176 0.000005
177 0.000000
178 0.000000
179 0.000000
180 0.000000
181 0.000000
182 0.000000
183 0.000000
184 0.000004
185 0.000000
186 0.000000
187 0.000000
188 0.000000
189 0.000000
190 0.000000
191 0.000154
192 0.000926
193 0.001098
194 0.001327
195 0.002153
196 0.002241
197 0.002153
198 0.001847
199 0.001697
200 0.000240
201 0.000000
202 0.000000
203 0.000000
204 0.000000
205 0.000007
206 0.000024
207 0.000002
208 0.000001
209 0.000002
210 0.000010
211 0.000001
212 0.000000
213 0.000000
214 0.000000
215 0.000000
216 0.000000
217 0.000000
218 0.000000
219 0.000213
220 0.001121
221 0.001388
222 0.002028
223 0.004077
224 0.002153
225 0.001847
226 0.001697
227 0.001626
228 0.001320
229 0.000000
230 0.000000
231 0.000000
232 0.000000
233 0.000000
234 0.000009
235 0.000427
236 0.999998
237 0.273513
238 0.001025
239 0.000001
240 0.000000
241 0.000000
242 0.000000
243 0.000000
244 0.000000
245 0.000000
246 0.000001
247 0.000072
248 0.000164
249 0.000451
250 0.001128
251 0.001636
252 0.002068
253 0.001697
254 0.001626
255 0.001065
256 0.000283
257 0.000001
258 0.000000
259 0.000000
260 0.000000
261 0.000000
262 0.000000
263 0.000359
264 0.027869
265 0.005280
266 0.000222
267 0.000001
268 0.000000
269 0.000000
270 0.000000
271 0.000000
272 0.000000
273 0.000000
274 0.000003
275 0.000023
276 0.000073
277 0.000150
278 0.000236
279 0.000340
280 0.001697
281 0.000714
282 0.000406
283 0.000202
284 0.000184
285 0.000001
286 0.000000
287 0.000000
288 0.000000
289 0.000000
290 0.000000
291 0.000004
292 0.000014
293 0.000010
294 0.000000
295 0.000000
296 0.000000
297 0.000000
298 0.000000
299 0.000000
300 0.000000
301 0.000000
302 0.000001
303 0.000103
304 0.000107
305 0.000127
306 0.000147
307 0.000140
308 0.000509
309 0.000327
310 0.000228
311 0.000183
312 0.000048
313 0.000002
314 0.000000
315 0.000000
316 0.000000
317 0.000000
318 0.000000
319 0.000000
320 0.000000
321 0.000000
322 0.000000
323 0.000001
324 0.000001
325 0.000001
326 0.000000
327 0.000000
328 0.000000
329 0.000001
330 0.000008
331 0.000120
332 0.000403
333 0.000223
334 0.000186
335 0.000297
336 0.000401
337 0.000358
338 0.000527
339 0.000779
340 0.000027
341 0.000001
342 0.000000
343 0.000000
344 0.000000
345 0.000000
346 0.000000
347 0.000000
348 0.000000
349 0.000000
350 0.000000
351 0.000003
352 0.000005
353 0.000000
354 0.000000
355 0.000000
356 0.000001
357 0.000008
358 0.000008
359 0.000082
360 0.001365
361 0.001052
362 0.001027
363 0.000761
364 0.000752
365 0.001428
366 0.001422
367 0.001018
368 0.000005
369 0.000000
370 0.000000
371 0.000000
372 0.000000
373 0.000000
374 0.000000
375 0.000000
376 0.000000
377 0.000000
378 0.000000
379 0.000001
380 0.000002
381 0.000001
382 0.000000
383 0.000012
384 0.000024
385 0.000005
386 0.000002
387 0.000036
388 0.002661
389 0.005319
390 0.003646
391 0.001818
392 0.002240
393 0.001468
394 0.001064
395 0.000138
396 0.000001
397 0.000000
398 0.000000
399 0.000000
400 0.000000
401 0.000000
402 0.000000
403 0.000000
404 0.000000
405 0.000000
406 0.000000
407 0.000000
408 0.000000
409 0.000003
410 0.000014
411 0.000180
412 0.001007
413 0.000020
414 0.000002
415 0.000010
416 0.000467
417 0.005041
418 0.003012
419 0.001591
420 0.004665
421 0.002569
422 0.001826
423 0.000016
424 0.000000
425 0.000000
426 0.000000
427 0.000000
428 0.000000
429 0.000000
430 0.000000
431 0.000000
432 0.000000
433 0.000000
434 0.000000
435 0.000000
436 0.000000
437 0.000000
438 0.000152
439 0.005623
440 0.010266
441 0.000158
442 0.000007
443 0.000002
444 0.000024
445 0.001400
446 0.000856
447 0.000574
448 0.006964
449 0.005346
450 0.002168
451 0.000004
452 0.000000
453 0.000000
454 0.000000
455 0.000000
456 0.000000
457 0.000000
458 0.000000
459 0.000000
460 0.000000
461 0.000000
462 0.000000
463 0.000000
464 0.000000
465 0.000000
466 0.000008
467 0.007224
468 0.999986
469 0.000332
470 0.000006
471 0.000000
472 0.000002
473 0.000139
474 0.000361
475 0.000587
476 0.005300
477 0.003187
478 0.000459
479 0.000001
480 0.000000
481 0.000000
482 0.000000
483 0.000000
484 0.000000
485 0.000000
486 0.000000
487 0.000000
488 0.000000
489 0.000000
490 0.000000
491 0.000000
492 0.000000
493 0.000000
494 0.000001
495 0.000101
496 0.001048
497 0.000409
498 0.000007
499 0.000000
500 0.000000
501 0.000033
502 0.001095
503 0.002117
504 0.003854
505 0.001736
506 0.000047
507 0.000000
508 0.000000
509 0.000000
510 0.000000
511 0.000000
512 0.000000
513 0.000000
514 0.000000
515 0.000000
516 0.000000
517 0.000000
518 0.000000
519 0.000000
520 0.000000
521 0.000000
522 0.000000
523 0.000000
524 0.000003
525 0.000090
526 0.000071
527 0.000005
528 0.000001
529 0.000057
530 0.004555
531 0.010002
532 0.001790
533 0.001305
534 0.000013
535 0.000000
536 0.000000
537 0.000000
538 0.000000
539 0.000000
540 0.000000
541 0.000001
542 0.000009
543 0.000002
544 0.000000
545 0.000000
546 0.000000
547 0.000000
548 0.000000
549 0.000000
550 0.000000
551 0.000000
552 0.000000
553 0.000015
554 0.001087
555 0.000245
556 0.000029
557 0.000341
558 0.010003
559 0.010003
560 0.001533
561 0.001272
562 0.000013
563 0.000000
564 0.000000
565 0.000000
566 0.000000
567 0.000000
568 0.000010
569 0.000569
570 0.999999
571 0.000019
572 0.000000
573 0.000000
574 0.000000
575 0.000000
576 0.000000
577 0.000000
578 0.000000
579 0.000000
580 0.000000
581 0.000006
582 0.000259
583 0.000912
584 0.000438
585 0.010004
586 0.010004
587 0.010003
588 0.001548
589 0.001313
590 0.000100
591 0.000001
592 0.000000
593 0.000000
594 0.000001
595 0.000025
596 0.001219
597 0.004335
598 0.000135
599 0.000002
600 0.000000
601 0.000000
602 0.000000
603 0.000000
604 0.000000
605 0.000000
606 0.000000
607 0.000000
608 0.000000
609 0.000001
610 0.000007
611 0.000510
612 0.004402
613 0.007722
614 0.010004
615 0.010004
616 0.001659
617 0.001543
618 0.001313
619 0.000161
620 0.000003
621 0.000004
622 0.000081
623 0.001454
624 0.000591
625 0.000022
626 0.000001
627 0.000000
628 0.000000
629 0.000000
630 0.000000
631 0.000000
632 0.000000
633 0.000000
634 0.000000
635 0.000000
636 0.000000
637 0.000002
638 0.000028
639 0.001331
640 0.002473
641 0.004597
642 0.000000
643 0.000000
644 0.001720
645 0.001659
646 0.001600
647 0.001364
648 0.000885
649 0.000448
650 0.000412
651 0.000062
652 0.000012
653 0.000003
654 0.000004
655 0.000011
656 0.000024
657 0.000035
658 0.000011
659 0.000005
660 0.000010
661 0.000022
662 0.000005
663 0.000002
664 0.000002
665 0.000039
666 0.000738
667 0.000959
668 0.001444
669 0.000000
670 0.000000
671 0.000000
672 0.000000
673 0.001720
674 0.001659
675 0.001576
676 0.004073
677 0.006909
678 0.000498
679 0.000117
680 0.000129
681 0.000256
682 0.000877
683 0.000734
684 0.000390
685 0.000097
686 0.000024
687 0.000031
688 0.000133
689 0.000637
690 0.000171
691 0.000079
692 0.000152
693 0.000708
694 0.000770
695 0.000923
696 0.000000
697 0.000000
698 0.000000
699 0.000000
700 0.000000
701 0.000000
702 0.001789
703 0.003686
704 0.006929
705 0.013058
706 0.010001
707 0.007433
708 0.003510
709 0.001477
710 0.000831
711 0.000764
712 0.000734
713 0.000215
714 0.000074
715 0.000086
716 0.000334
717 0.000442
718 0.000561
719 0.000587
720 0.000613
721 0.000738
722 0.000887
723 0.000000
724 0.000000
725 0.000000
726 0.000000
727 0.000000
728 0.000000
729 0.000000
730 0.000000
731 0.000000
732 0.011525
733 0.010001
734 0.010000
735 0.004895
736 0.002123
737 0.001070
738 0.000988
739 0.000949
740 0.000912
741 0.000502
742 0.000163
743 0.000259
744 0.000579
745 0.000537
746 0.000587
747 0.000708
748 0.000738
749 0.000887
750 0.000000
751 0.000000
752 0.000000
753 0.000000
754 0.000000
755 0.000000
756 0.000000
757 0.000000
758 0.000000
759 0.000000
760 0.000000
761 0.010000
762 0.006595
763 0.002913
764 0.001488
765 0.001263
766 0.001216
767 0.001171
768 0.000949
769 0.000913
770 0.000524
771 0.000620
772 0.000607
773 0.000650
774 0.000587
775 0.000641
776 0.000770
777 0.000001
778 0.000311
779 0.000269
780 0.000015
781 0.000000
782 0.000000
783 0.000000
