0 0.006994
1 0.009081
2 0.009700
3 0.009725
4 0.009015
5 0.006069
6 0.004266
7 0.003263
8 0.000916
9 0.000238
10 0.000305
11 0.001130
12 0.005980
13 0.012050
14 0.002871
15 0.000495
16 0.000189
17 0.000129
18 0.000326
19 0.001182
20 0.003240
21 0.005114
22 0.006630
23 0.006671
24 0.011652
25 0.013286
26 0.009517
27 0.005713
28 0.005260
29 0.006821
30 0.008371
31 0.009700
32 0.009701
33 0.008226
34 0.005337
35 0.002673
36 0.000427
37 0.000172
38 0.000312
39 0.002633
40 0.010365
41 0.006645
42 0.001421
43 0.000296
44 0.000155
45 0.000121
46 0.000223
47 0.001191
48 0.004343
49 0.006408
50 0.000000
51 0.000000
52 0.015913
53 0.011191
54 0.005593
55 0.002508
56 0.004487
57 0.005031
58 0.006156
59 0.008288
60 0.009701
61 0.009676
62 0.007497
63 0.001929
64 0.000271
65 0.000161
66 0.000696
67 0.005252
68 0.011487
69 0.002607
70 0.000495
71 0.000241
72 0.000131
73 0.000101
74 0.000194
75 0.001033
76 0.000001
77 0.000000
78 0.000000
79 0.000000
80 0.000000
81 0.006370
82 0.002478
83 0.001911
84 0.004365
85 0.003940
86 0.004447
87 0.005871
88 0.008143
89 0.009676
90 0.009677
91 0.001299
92 0.000223
93 0.000209
94 0.001908
95 0.010354
96 0.006734
97 0.001206
98 0.000298
99 0.000196
100 0.000137
101 0.000048
102 0.000000
103 0.000000
104 0.000000
105 0.000000
106 0.000000
107 0.000000
108 0.000000
109 0.002252
110 0.001793
111 0.002030
112 0.003937
113 0.003824
114 0.003322
115 0.004132
116 0.000000
117 0.000000
118 0.000000
119 0.000000
120 0.000001
121 0.000186
122 0.004037
123 0.010280
124 0.002542
125 0.000409
126 0.000206
127 0.000005
128 0.000000
129 0.000000
130 0.000000
131 0.000000
132 0.000000
133 0.000000
134 0.000000
135 0.000000
136 0.000074
137 0.001478
138 0.001657
139 0.001987
140 0.003823
141 0.003426
142 0.003218
143 0.003119
144 0.000000
145 0.000000
146 0.000000
147 0.000000
148 0.000000
149 0.000000
150 0.000000
151 0.000001
152 0.000002
153 0.000000
154 0.000000
155 0.000000
156 0.000000
157 0.000000
158 0.000000
159 0.000000
160 0.000000
161 0.000000
162 0.000000
163 0.000000
164 0.001487
165 0.001334
166 0.001611
167 0.001677
168 0.003426
169 0.003217
170 0.003117
171 0.002928
172 0.000000
173 0.000000
174 0.000000
175 0.000000
176 0.000000
177 0.000000
178 0.000000
179 0.000000
180 0.000000
181 0.000000
182 0.000000
183 0.000000
184 0.000000
185 0.000000
186 0.000001
187 0.000001
188 0.000000
189 0.000000
190 0.000000
191 0.000004
192 0.001187
193 0.001239
194 0.001293
195 0.001751
196 0.003400
197 0.003117
198 0.002763
199 0.002584
200 0.000008
201 0.000000
202 0.000000
203 0.000000
204 0.000001
205 0.000001
206 0.000000
207 0.000000
208 0.000000
209 0.000000
210 0.000000
211 0.000000
212 0.000000
213 0.000001
214 0.000000
215 0.000000
216 0.000000
217 0.000000
218 0.000000
219 0.000016
220 0.001187
221 0.001239
222 0.001438
223 0.001695
224 0.003650
225 0.003163
226 0.002641
227 0.002498
228 0.002115
229 0.000000
230 0.000000
231 0.000000
232 0.000001
233 0.000001
234 0.000001
235 0.000000
236 0.000000
237 0.000000
238 0.000000
239 0.000000
240 0.000001
241 0.000001
242 0.000000
243 0.000000
244 0.000000
245 0.000000
246 0.000000
247 0.000018
248 0.000043
249 0.000080
250 0.000180
251 0.000332
252 0.003566
253 0.003033
254 0.002921
255 0.001425
256 0.000230
257 0.000000
258 0.000000
259 0.000000
260 0.000000
261 0.000001
262 0.000000
263 0.000000
264 0.000000
265 0.000000
266 0.000000
267 0.000001
268 0.000001
269 0.000000
270 0.000000
271 0.000000
272 0.000000
273 0.000000
274 0.000000
275 0.000003
276 0.000005
277 0.000010
278 0.000017
279 0.000033
280 0.004657
281 0.000940
282 0.000398
283 0.000088
284 0.000037
285 0.000000
286 0.000000
287 0.000000
288 0.000001
289 0.000000
290 0.000000
291 0.000001
292 0.000001
293 0.000003
294 0.000003
295 0.000002
296 0.000000
297 0.000000
298 0.000000
299 0.000000
300 0.000000
301 0.000000
302 0.000000
303 0.000003
304 0.000004
305 0.000006
306 0.000008
307 0.000011
308 0.002350
309 0.000458
310 0.000085
311 0.000024
312 0.000003
313 0.000000
314 0.000000
315 0.000000
316 0.000001
317 0.000000
318 0.000000
319 0.000000
320 0.000010
321 0.999978
322 0.006854
323 0.000004
324 0.000000
325 0.000000
326 0.000000
327 0.000000
328 0.000000
329 0.000000
330 0.000000
331 0.000001
332 0.000005
333 0.000006
334 0.000008
335 0.000014
336 0.001102
337 0.000532
338 0.000293
339 0.000086
340 0.000001
341 0.000000
342 0.000000
343 0.000001
344 0.000001
345 0.000001
346 0.000000
347 0.000000
348 0.000003
349 0.008284
350 0.011862
351 0.000007
352 0.000000
353 0.000000
354 0.000000
355 0.000000
356 0.000000
357 0.000000
358 0.000000
359 0.000000
360 0.000004
361 0.000007
362 0.000011
363 0.000015
364 0.000571
365 0.000964
366 0.000701
367 0.000325
368 0.000002
369 0.000001
370 0.000006
371 0.000001
372 0.000000
373 0.000001
374 0.000001
375 0.000001
376 0.000005
377 0.000008
378 0.000004
379 0.000000
380 0.000000
381 0.000000
382 0.000000
383 0.000000
384 0.000001
385 0.000000
386 0.000000
387 0.000000
388 0.000002
389 0.000010
390 0.000017
391 0.000036
392 0.000350
393 0.000214
394 0.000214
395 0.000094
396 0.000005
397 0.000066
398 0.013087
399 0.000002
400 0.000000
401 0.000000
402 0.000002
403 0.000025
404 0.000001
405 0.000000
406 0.000000
407 0.000000
408 0.000000
409 0.000000
410 0.000000
411 0.000001
412 0.000001
413 0.000001
414 0.000000
415 0.000000
416 0.000002
417 0.000021
418 0.000045
419 0.000077
420 0.000156
421 0.000153
422 0.000142
423 0.000011
424 0.000016
425 0.002211
426 0.022222
427 0.000005
428 0.000000
429 0.000000
430 0.000021
431 0.000046
432 0.000000
433 0.000000
434 0.000000
435 0.000000
436 0.000000
437 0.000000
438 0.000001
439 0.000001
440 0.000001
441 0.000013
442 0.000001
443 0.000000
444 0.000001
445 0.000072
446 0.000116
447 0.000131
448 0.000203
449 0.000180
450 0.000359
451 0.000011
452 0.000035
453 0.999977
454 0.001232
455 0.000014
456 0.000001
457 0.000003
458 0.000020
459 0.000002
460 0.000000
461 0.000000
462 0.000000
463 0.000000
464 0.000000
465 0.000000
466 0.000001
467 0.000001
468 0.000003
469 0.000279
470 0.000081
471 0.000003
472 0.000002
473 0.000054
474 0.000065
475 0.000080
476 0.000545
477 0.000905
478 0.000631
479 0.000071
480 0.000272
481 0.000668
482 0.000025
483 0.000007
484 0.000038
485 0.000005
486 0.000001
487 0.000000
488 0.000000
489 0.000000
490 0.000000
491 0.000000
492 0.000000
493 0.000000
494 0.000001
495 0.000003
496 0.000027
497 0.000581
498 0.999976
499 0.000053
500 0.000003
501 0.000026
502 0.000142
503 0.000087
504 0.002070
505 0.004679
506 0.000584
507 0.000179
508 0.001564
509 0.000058
510 0.000006
511 0.000086
512 0.000012
513 0.000001
514 0.000000
515 0.000000
516 0.000000
517 0.000000
518 0.000000
519 0.000000
520 0.000000
521 0.000001
522 0.000003
523 0.000003
524 0.000022
525 0.000141
526 0.000727
527 0.000730
528 0.000022
529 0.000042
530 0.000554
531 0.000608
532 0.005988
533 0.010008
534 0.000458
535 0.000286
536 0.000544
537 0.000021
538 0.000019
539 0.000084
540 0.000008
541 0.000000
542 0.000000
543 0.000000
544 0.000000
545 0.000000
546 0.000001
547 0.000000
548 0.000001
549 0.000002
550 0.000001
551 0.000001
552 0.000001
553 0.000008
554 0.000151
555 0.002433
556 0.000628
557 0.000897
558 0.003679
559 0.001873
560 0.010007
561 0.010003
562 0.001078
563 0.001402
564 0.000079
565 0.000018
566 0.000038
567 0.000014
568 0.000001
569 0.000000
570 0.000000
571 0.000000
572 0.000000
573 0.000001
574 0.000007
575 0.000003
576 0.000003
577 0.000002
578 0.000001
579 0.000000
580 0.000000
581 0.000003
582 0.000051
583 0.001365
584 0.008004
585 0.010004
586 0.010000
587 0.006116
588 0.010002
589 0.010007
590 0.004230
591 0.001308
592 0.000040
593 0.000020
594 0.000009
595 0.000001
596 0.000000
597 0.000000
598 0.000000
599 0.000000
600 0.000000
601 0.000001
602 0.000003
603 0.000211
604 0.000252
605 0.000015
606 0.000001
607 0.000001
608 0.000000
609 0.000001
610 0.000008
611 0.000685
612 0.010005
613 0.010006
614 0.010004
615 0.010000
616 0.010006
617 0.010011
618 0.010017
619 0.006780
620 0.000141
621 0.000017
622 0.000003
623 0.000000
624 0.000000
625 0.000000
626 0.000000
627 0.000000
628 0.000000
629 0.000001
630 0.000006
631 0.000785
632 0.999978
633 0.000670
634 0.000049
635 0.000008
636 0.000001
637 0.000002
638 0.000036
639 0.001428
640 0.003736
641 0.010004
642 0.000002
643 0.000001
644 0.010010
645 0.010015
646 0.012037
647 0.024973
648 0.010214
649 0.000070
650 0.000001
651 0.000000
652 0.000001
653 0.000001
654 0.000000
655 0.000000
656 0.000000
657 0.000001
658 0.000047
659 0.002184
660 0.014070
661 0.001807
662 0.000353
663 0.000420
664 0.000027
665 0.000049
666 0.000213
667 0.000618
668 0.001502
669 0.000001
670 0.000001
671 0.000001
672 0.000000
673 0.011707
674 0.020640
675 0.015215
676 0.008482
677 0.001742
678 0.000013
679 0.000007
680 0.000013
681 0.000043
682 0.000038
683 0.000004
684 0.000001
685 0.000002
686 0.000026
687 0.001832
688 0.002805
689 0.004562
690 0.004397
691 0.001275
692 0.000428
693 0.000198
694 0.000222
695 0.000286
696 0.000001
697 0.000001
698 0.000001
699 0.000001
700 0.000000
701 0.000000
702 0.014588
703 0.008169
704 0.001909
705 0.000737
706 0.000548
707 0.000510
708 0.000458
709 0.000358
710 0.000111
711 0.000011
712 0.000002
713 0.000003
714 0.000025
715 0.001156
716 0.001261
717 0.005223
718 0.010016
719 0.003494
720 0.001081
721 0.000471
722 0.000270
723 0.000001
724 0.000001
725 0.000003
726 0.000001
727 0.000001
728 0.000000
729 0.000000
730 0.000000
731 0.000000
732 0.000828
733 0.000728
734 0.000571
735 0.000539
736 0.000510
737 0.000402
738 0.000358
739 0.000033
740 0.000006
741 0.000009
742 0.000055
743 0.000103
744 0.000593
745 0.002318
746 0.027511
747 0.010011
748 0.002836
749 0.001160
750 0.000001
751 0.000001
752 0.000001
753 0.000001
754 0.000002
755 0.000001
756 0.000000
757 0.000000
758 0.000000
759 0.000000
760 0.000000
761 0.000759
762 0.000717
763 0.000570
764 0.000539
765 0.000510
766 0.000483
767 0.000107
768 0.000023
769 0.000028
770 0.000093
771 0.000042
772 0.000299
773 0.002199
774 0.012763
775 0.016644
776 0.007738
777 0.001611
778 0.000972
779 0.000443
780 0.000203
781 0.000065
782 0.000001
783 0.000001
