0 0.003669
1 0.005400
2 0.009812
3 0.016909
4 0.023414
5 0.011565
6 0.004265
7 0.001494
8 0.000168
9 0.000025
10 0.000018
11 0.000015
12 0.000015
13 0.000014
14 0.000024
15 0.000038
16 0.000050
17 0.000035
18 0.000173
19 0.000887
20 0.001537
21 0.001091
22 0.001042
23 0.001095
24 0.000976
25 0.001029
26 0.001272
27 0.001337
28 0.002569
29 0.003594
30 0.004993
31 0.009813
32 0.018621
33 0.020421
34 0.008912
35 0.001915
36 0.000087
37 0.000012
38 0.000010
39 0.000011
40 0.000010
41 0.000015
42 0.000029
43 0.000047
44 0.000035
45 0.000033
46 0.000055
47 0.000285
48 0.000922
49 0.000791
50 0.000000
51 0.000000
52 0.000926
53 0.001151
54 0.001029
55 0.001272
56 0.002173
57 0.002418
58 0.003002
59 0.004993
60 0.009813
61 0.020310
62 0.018880
63 0.002295
64 0.000094
65 0.000013
66 0.000011
67 0.000007
68 0.000006
69 0.000014
70 0.000030
71 0.000037
72 0.000032
73 0.000026
74 0.000017
75 0.000065
76 0.000001
77 0.000000
78 0.000000
79 0.000000
80 0.000000
81 0.000926
82 0.001151
83 0.001030
84 0.001788
85 0.001701
86 0.001938
87 0.002673
88 0.005400
89 0.010967
90 0.020312
91 0.001877
92 0.000122
93 0.000021
94 0.000011
95 0.000006
96 0.000007
97 0.000020
98 0.000040
99 0.000032
100 0.000028
101 0.000005
102 0.000000
103 0.000000
104 0.000000
105 0.000000
106 0.000000
107 0.000000
108 0.000001
109 0.000878
110 0.000926
111 0.001151
112 0.001453
113 0.001369
114 0.001242
115 0.001745
116 0.000000
117 0.000000
118 0.000000
119 0.000000
120 0.000001
121 0.000020
122 0.000022
123 0.000012
124 0.000012
125 0.000025
126 0.000034
127 0.000001
128 0.000000
129 0.000000
130 0.000000
131 0.000000
132 0.000000
133 0.000000
134 0.000001
135 0.000001
136 0.000066
137 0.000701
138 0.000878
139 0.001095
140 0.001370
141 0.001100
142 0.000970
143 0.001008
144 0.000001
145 0.000000
146 0.000000
147 0.000000
148 0.000000
149 0.000000
150 0.000000
151 0.000000
152 0.000001
153 0.000001
154 0.000001
155 0.000000
156 0.000000
157 0.000000
158 0.000000
159 0.000000
160 0.000000
161 0.000000
162 0.000001
163 0.000001
164 0.000712
165 0.000663
166 0.000833
167 0.000878
168 0.001790
169 0.000971
170 0.000912
171 0.000805
172 0.000447
173 0.000001
174 0.000000
175 0.000000
176 0.000000
177 0.000000
178 0.000000
179 0.000000
180 0.000000
181 0.000000
182 0.000000
183 0.000000
184 0.000000
185 0.000000
186 0.000000
187 0.000000
188 0.000000
189 0.000001
190 0.000001
191 0.000034
192 0.000562
193 0.000594
194 0.000628
195 0.000896
196 0.003284
197 0.001844
198 0.000858
199 0.000630
200 0.000160
201 0.000004
202 0.000001
203 0.000000
204 0.000000
205 0.000000
206 0.000000
207 0.000000
208 0.000000
209 0.000000
210 0.000000
211 0.000000
212 0.000000
213 0.000000
214 0.000000
215 0.000000
216 0.000000
217 0.000001
218 0.000001
219 0.000021
220 0.000562
221 0.000594
222 0.000657
223 0.000831
224 0.008223
225 0.003737
226 0.001958
227 0.000862
228 0.000428
229 0.000066
230 0.000001
231 0.000000
232 0.000000
233 0.000000
234 0.000000
235 0.000000
236 0.000000
237 0.000000
238 0.000000
239 0.000000
240 0.000000
241 0.000000
242 0.000000
243 0.000000
244 0.000000
245 0.000001
246 0.000001
247 0.000015
248 0.000032
249 0.000050
250 0.000131
251 0.000342
252 0.010007
253 0.010006
254 0.005250
255 0.001239
256 0.000091
257 0.000001
258 0.000001
259 0.000001
260 0.000000
261 0.000000
262 0.000000
263 0.000001
264 0.000001
265 0.000001
266 0.000000
267 0.000000
268 0.000000
269 0.000000
270 0.000000
271 0.000000
272 0.000001
273 0.000001
274 0.000001
275 0.000002
276 0.000004
277 0.000012
278 0.000033
279 0.000099
280 0.004399
281 0.002692
282 0.001341
283 0.000220
284 0.000038
285 0.000000
286 0.000001
287 0.000001
288 0.000000
289 0.000000
290 0.000001
291 0.000001
292 0.000001
293 0.000001
294 0.000001
295 0.000000
296 0.000000
297 0.000000
298 0.000000
299 0.000000
300 0.000001
301 0.000001
302 0.000000
303 0.000003
304 0.000007
305 0.000019
306 0.000044
307 0.000146
308 0.000219
309 0.000142
310 0.000112
311 0.000094
312 0.000005
313 0.000001
314 0.000001
315 0.000001
316 0.000001
317 0.000001
318 0.000001
319 0.000001
320 0.000001
321 0.000001
322 0.000001
323 0.000000
324 0.000000
325 0.000000
326 0.000000
327 0.000000
328 0.000001
329 0.000001
330 0.000000
331 0.000001
332 0.000022
333 0.000067
334 0.000177
335 0.000294
336 0.000017
337 0.000014
338 0.000017
339 0.000020
340 0.000001
341 0.000001
342 0.000001
343 0.000001
344 0.000005
345 0.000003
346 0.000001
347 0.000001
348 0.000001
349 0.000001
350 0.000001
351 0.000001
352 0.000000
353 0.000000
354 0.000000
355 0.000001
356 0.000001
357 0.000000
358 0.000000
359 0.000001
360 0.000137
361 0.000218
362 0.000219
363 0.000136
364 0.000011
365 0.000010
366 0.000005
367 0.000006
368 0.000001
369 0.000000
370 0.000001
371 0.000002
372 0.000692
373 0.000142
374 0.000001
375 0.000000
376 0.000000
377 0.000001
378 0.000001
379 0.000001
380 0.000001
381 0.000001
382 0.000001
383 0.000001
384 0.000001
385 0.000000
386 0.000000
387 0.000001
388 0.000032
389 0.000118
390 0.000059
391 0.000027
392 0.000009
393 0.000005
394 0.000003
395 0.000001
396 0.000000
397 0.000000
398 0.000001
399 0.000006
400 0.999975
401 0.000141
402 0.000001
403 0.000000
404 0.000000
405 0.000000
406 0.000001
407 0.000001
408 0.000001
409 0.000002
410 0.000002
411 0.000002
412 0.000001
413 0.000001
414 0.000000
415 0.000000
416 0.000001
417 0.000019
418 0.000012
419 0.000008
420 0.000006
421 0.000004
422 0.000003
423 0.000001
424 0.000000
425 0.000000
426 0.000001
427 0.000022
428 0.000018
429 0.000007
430 0.000001
431 0.000001
432 0.000000
433 0.000000
434 0.000000
435 0.000001
436 0.000001
437 0.000030
438 0.000420
439 0.000008
440 0.000001
441 0.000001
442 0.000000
443 0.000000
444 0.000000
445 0.000005
446 0.000007
447 0.000008
448 0.000009
449 0.000004
450 0.000005
451 0.000001
452 0.000000
453 0.000001
454 0.000001
455 0.000002
456 0.000001
457 0.000001
458 0.000001
459 0.000001
460 0.000000
461 0.000000
462 0.000000
463 0.000001
464 0.000001
465 0.000008
466 0.999984
467 0.000050
468 0.000001
469 0.000000
470 0.000000
471 0.000000
472 0.000000
473 0.000001
474 0.000006
475 0.000013
476 0.000055
477 0.000050
478 0.000013
479 0.000001
480 0.000001
481 0.000001
482 0.000001
483 0.000001
484 0.000000
485 0.000001
486 0.000001
487 0.000001
488 0.000001
489 0.000001
490 0.000001
491 0.000001
492 0.000001
493 0.000002
494 0.000007
495 0.000043
496 0.000002
497 0.000001
498 0.000000
499 0.000000
500 0.000000
501 0.000001
502 0.000025
503 0.000057
504 0.001320
505 0.001574
506 0.000040
507 0.000001
508 0.000001
509 0.000001
510 0.000001
511 0.000000
512 0.000000
513 0.000000
514 0.000001
515 0.000001
516 0.000001
517 0.000001
518 0.000001
519 0.000001
520 0.000001
521 0.000001
522 0.000001
523 0.000001
524 0.000003
525 0.000001
526 0.000001
527 0.000000
528 0.000000
529 0.000001
530 0.000142
531 0.000375
532 0.004080
533 0.010014
534 0.000060
535 0.000001
536 0.000001
537 0.000001
538 0.000001
539 0.000000
540 0.000000
541 0.000000
542 0.000001
543 0.000001
544 0.000001
545 0.000001
546 0.000001
547 0.000001
548 0.000001
549 0.000001
550 0.000001
551 0.000001
552 0.000001
553 0.000006
554 0.000001
555 0.000001
556 0.000001
557 0.000006
558 0.000531
559 0.000395
560 0.010015
561 0.010012
562 0.000032
563 0.000001
564 0.000001
565 0.000001
566 0.000000
567 0.000000
568 0.000000
569 0.000001
570 0.000001
571 0.000001
572 0.000001
573 0.000001
574 0.000000
575 0.000000
576 0.000001
577 0.000001
578 0.000001
579 0.000000
580 0.000001
581 0.000003
582 0.000035
583 0.000009
584 0.000011
585 0.002863
586 0.001363
587 0.000824
588 0.010010
589 0.005143
590 0.000103
591 0.000003
592 0.000001
593 0.000000
594 0.000000
595 0.000001
596 0.000001
597 0.000001
598 0.000001
599 0.000001
600 0.000001
601 0.000001
602 0.000000
603 0.000000
604 0.000001
605 0.000001
606 0.000000
607 0.000000
608 0.000000
609 0.000001
610 0.000011
611 0.000196
612 0.010017
613 0.006511
614 0.003563
615 0.002041
616 0.005352
617 0.002274
618 0.000815
619 0.000037
620 0.000002
621 0.000001
622 0.000001
623 0.000001
624 0.000001
625 0.000001
626 0.000000
627 0.000001
628 0.000001
629 0.000001
630 0.000001
631 0.000001
632 0.000001
633 0.000001
634 0.000000
635 0.000000
636 0.000000
637 0.000000
638 0.000009
639 0.003516
640 0.008254
641 0.010017
642 0.000000
643 0.000001
644 0.002484
645 0.001130
646 0.000621
647 0.000489
648 0.000195
649 0.000001
650 0.000001
651 0.000001
652 0.000001
653 0.000001
654 0.000001
655 0.000002
656 0.000013
657 0.001246
658 0.004973
659 0.000175
660 0.000002
661 0.000001
662 0.000000
663 0.000000
664 0.000000
665 0.000004
666 0.000619
667 0.001628
668 0.003645
669 0.000000
670 0.000001
671 0.000001
672 0.000000
673 0.000692
674 0.000655
675 0.000518
676 0.000588
677 0.000462
678 0.000004
679 0.000002
680 0.000005
681 0.000020
682 0.000208
683 0.000196
684 0.000218
685 0.000970
686 0.028609
687 0.008941
688 0.001331
689 0.000119
690 0.000025
691 0.000011
692 0.000032
693 0.000338
694 0.000375
695 0.000807
696 0.000000
697 0.000000
698 0.000000
699 0.000001
700 0.000000
701 0.000000
702 0.000692
703 0.000655
704 0.000620
705 0.000588
706 0.000462
707 0.000437
708 0.000390
709 0.000303
710 0.000235
711 0.000208
712 0.000570
713 0.002754
714 0.018092
715 0.020692
716 0.003045
717 0.000549
718 0.000256
719 0.000269
720 0.000284
721 0.000356
722 0.000445
723 0.000000
724 0.000001
725 0.000001
726 0.000000
727 0.000000
728 0.000000
729 0.000000
730 0.000000
731 0.000000
732 0.000655
733 0.000620
734 0.000489
735 0.000462
736 0.000437
737 0.000341
738 0.000303
739 0.000353
740 0.001498
741 0.006057
742 0.010048
743 0.047677
744 0.007157
745 0.001952
746 0.000397
747 0.000338
748 0.000356
749 0.000445
750 0.000000
751 0.000000
752 0.000000
753 0.000001
754 0.000000
755 0.000000
756 0.000000
757 0.000000
758 0.000000
759 0.000000
760 0.000000
761 0.000655
762 0.000620
763 0.000489
764 0.000462
765 0.000437
766 0.000413
767 0.000879
768 0.003050
769 0.010019
770 0.010048
771 0.013563
772 0.013803
773 0.004722
774 0.002195
775 0.000305
776 0.000375
777 0.000000
778 0.000012
779 0.000007
780 0.000000
781 0.000000
782 0.000001
783 0.000000
