0 0.002865
1 0.002934
2 0.002775
3 0.003341
4 0.003220
5 0.004109
6 0.008243
7 0.014135
8 0.001925
9 0.000100
10 0.000033
11 0.000022
12 0.000023
13 0.000023
14 0.000021
15 0.000021
16 0.000020
17 0.000025
18 0.000159
19 0.000934
20 0.002022
21 0.002022
22 0.002275
23 0.001986
24 0.001388
25 0.001134
26 0.001195
27 0.001260
28 0.002447
29 0.002621
30 0.002441
31 0.002670
32 0.003020
33 0.003399
34 0.004679
35 0.006248
36 0.000967
37 0.000125
38 0.000037
39 0.000022
40 0.000019
41 0.000019
42 0.000017
43 0.000014
44 0.000019
45 0.000035
46 0.000089
47 0.000509
48 0.001798
49 0.002022
50 0.000002
51 0.000000
52 0.001039
53 0.001076
54 0.000957
55 0.001195
56 0.002621
57 0.002222
58 0.002118
59 0.002275
60 0.002521
61 0.002723
62 0.003342
63 0.001186
64 0.000353
65 0.000120
66 0.000096
67 0.000029
68 0.000018
69 0.000016
70 0.000010
71 0.000013
72 0.000025
73 0.000037
74 0.000044
75 0.000221
76 0.000008
77 0.000000
78 0.000000
79 0.000000
80 0.000000
81 0.000855
82 0.001076
83 0.000957
84 0.002507
85 0.002118
86 0.001779
87 0.001631
88 0.001868
89 0.002211
90 0.002699
91 0.000329
92 0.000078
93 0.000107
94 0.000101
95 0.000057
96 0.000031
97 0.000026
98 0.000014
99 0.000015
100 0.000030
101 0.000014
102 0.000000
103 0.000000
104 0.000000
105 0.000000
106 0.000000
107 0.000000
108 0.000003
109 0.000809
110 0.000855
111 0.001076
112 0.002118
113 0.002019
114 0.001606
115 0.001526
116 0.000000
117 0.000000
118 0.000000
119 0.000000
120 0.000000
121 0.000010
122 0.000112
123 0.000095
124 0.000066
125 0.000034
126 0.000042
127 0.000002
128 0.000000
129 0.000000
130 0.000000
131 0.000000
132 0.000000
133 0.000000
134 0.000000
135 0.000001
136 0.001141
137 0.000637
138 0.000809
139 0.001021
140 0.002019
141 0.001690
142 0.001526
143 0.001450
144 0.000000
145 0.000000
146 0.000000
147 0.000000
148 0.000000
149 0.000000
150 0.000000
151 0.000000
152 0.000000
153 0.000000
154 0.000001
155 0.000000
156 0.000000
157 0.000000
158 0.000000
159 0.000000
160 0.000000
161 0.000000
162 0.000001
163 0.000013
164 0.000648
165 0.000600
166 0.000765
167 0.000809
168 0.001690
169 0.001526
170 0.001450
171 0.001311
172 0.000000
173 0.000000
174 0.000000
175 0.000000
176 0.000000
177 0.000000
178 0.000000
179 0.000000
180 0.000000
181 0.000000
182 0.000000
183 0.000000
184 0.000000
185 0.000000
186 0.000000
187 0.000000
188 0.000000
189 0.000000
190 0.000003
191 0.001230
192 0.000503
193 0.000534
194 0.000566
195 0.000833
196 0.001526
197 0.001450
198 0.001194
199 0.001072
200 0.000296
201 0.000000
202 0.000000
203 0.000000
204 0.000000
205 0.000000
206 0.000000
207 0.000000
208 0.000000
209 0.000000
210 0.000000
211 0.000000
212 0.000000
213 0.000000
214 0.000000
215 0.000000
216 0.000000
217 0.000000
218 0.000001
219 0.000082
220 0.000503
221 0.000534
222 0.000597
223 0.000767
224 0.001465
225 0.001207
226 0.001072
227 0.001016
228 0.000779
229 0.000000
230 0.000000
231 0.000000
232 0.000000
233 0.000000
234 0.000000
235 0.000000
236 0.000000
237 0.000000
238 0.000000
239 0.000000
240 0.000000
241 0.000000
242 0.000000
243 0.000000
244 0.000000
245 0.000000
246 0.000000
247 0.000003
248 0.000008
249 0.000016
250 0.000046
251 0.000097
252 0.001862
253 0.001083
254 0.001027
255 0.000623
256 0.000121
257 0.000000
258 0.000000
259 0.000000
260 0.000000
261 0.000000
262 0.000000
263 0.000000
264 0.000000
265 0.000000
266 0.000000
267 0.000000
268 0.000000
269 0.000000
270 0.000000
271 0.000000
272 0.000000
273 0.000000
274 0.000000
275 0.000000
276 0.000001
277 0.000001
278 0.000003
279 0.000007
280 0.003707
281 0.000812
282 0.000224
283 0.000051
284 0.000028
285 0.000000
286 0.000000
287 0.000000
288 0.000000
289 0.000000
290 0.000000
291 0.000000
292 0.000000
293 0.000000
294 0.000000
295 0.000000
296 0.000000
297 0.000000
298 0.000000
299 0.000000
300 0.000000
301 0.000000
302 0.000000
303 0.000000
304 0.000001
305 0.000001
306 0.000002
307 0.000003
308 0.001638
309 0.000444
310 0.000125
311 0.000034
312 0.000001
313 0.000000
314 0.000000
315 0.000000
316 0.000000
317 0.000000
318 0.000000
319 0.000000
320 0.000000
321 0.000000
322 0.000000
323 0.000000
324 0.000000
325 0.000000
326 0.000000
327 0.000000
328 0.000000
329 0.000000
330 0.000000
331 0.000000
332 0.000001
333 0.000001
334 0.000002
335 0.000006
336 0.000700
337 0.000418
338 0.000216
339 0.000078
340 0.000001
341 0.000000
342 0.000000
343 0.000000
344 0.000000
345 0.000000
346 0.000000
347 0.000000
348 0.000000
349 0.000000
350 0.000000
351 0.000000
352 0.000000
353 0.000000
354 0.000000
355 0.000000
356 0.000000
357 0.000000
358 0.000000
359 0.000000
360 0.000001
361 0.000002
362 0.000006
363 0.000011
364 0.000673
365 0.000864
366 0.000358
367 0.000283
368 0.000000
369 0.000000
370 0.000000
371 0.000000
372 0.000000
373 0.000000
374 0.000000
375 0.000000
376 0.000000
377 0.000000
378 0.000000
379 0.000000
380 0.000000
381 0.000000
382 0.000000
383 0.000000
384 0.000000
385 0.000000
386 0.000000
387 0.000000
388 0.000001
389 0.000008
390 0.000014
391 0.000036
392 0.000242
393 0.000301
394 0.000422
395 0.000071
396 0.000000
397 0.000000
398 0.000000
399 0.000000
400 0.000000
401 0.000000
402 0.000000
403 0.000000
404 0.000000
405 0.000000
406 0.000000
407 0.000000
408 0.000000
409 0.000000
410 0.000000
411 0.000001
412 0.000000
413 0.000000
414 0.000000
415 0.000000
416 0.000000
417 0.000022
418 0.000047
419 0.000051
420 0.000035
421 0.000094
422 0.000137
423 0.000002
424 0.000000
425 0.000000
426 0.000000
427 0.000000
428 0.000001
429 0.000000
430 0.000000
431 0.000000
432 0.000000
433 0.000000
434 0.000000
435 0.000000
436 0.000000
437 0.000000
438 0.000019
439 0.001798
440 0.000062
441 0.000000
442 0.000000
443 0.000000
444 0.000000
445 0.000040
446 0.000020
447 0.000013
448 0.000037
449 0.000018
450 0.000014
451 0.000000
452 0.000000
453 0.000000
454 0.000000
455 0.000015
456 0.999999
457 0.000000
458 0.000000
459 0.000000
460 0.000000
461 0.000000
462 0.000000
463 0.000000
464 0.000000
465 0.000000
466 0.000002
467 0.251441
468 0.004494
469 0.000009
470 0.000000
471 0.000000
472 0.000000
473 0.000002
474 0.000004
475 0.000005
476 0.000140
477 0.000066
478 0.000007
479 0.000000
480 0.000000
481 0.000000
482 0.000000
483 0.000190
484 0.000397
485 0.000000
486 0.000000
487 0.000000
488 0.000000
489 0.000000
490 0.000000
491 0.000000
492 0.000000
493 0.000000
494 0.000000
495 0.000292
496 0.999999
497 0.000991
498 0.000001
499 0.000000
500 0.000000
501 0.000000
502 0.000005
503 0.000012
504 0.000768
505 0.000382
506 0.000004
507 0.000000
508 0.000000
509 0.000000
510 0.000001
511 0.000010
512 0.000000
513 0.000000
514 0.000000
515 0.000000
516 0.000000
517 0.000000
518 0.000000
519 0.000000
520 0.000000
521 0.000000
522 0.000000
523 0.000000
524 0.000002
525 0.002196
526 0.000034
527 0.000000
528 0.000000
529 0.000000
530 0.000036
531 0.000095
532 0.000730
533 0.000768
534 0.000006
535 0.000000
536 0.000000
537 0.000002
538 0.000030
539 0.000000
540 0.000000
541 0.000000
542 0.000000
543 0.000000
544 0.000000
545 0.000000
546 0.000000
547 0.000000
548 0.000000
549 0.000000
550 0.000000
551 0.000000
552 0.000000
553 0.000002
554 0.001744
555 0.000019
556 0.000000
557 0.000013
558 0.000356
559 0.000181
560 0.001125
561 0.001952
562 0.000014
563 0.000000
564 0.000003
565 0.000289
566 0.000007
567 0.000000
568 0.000000
569 0.000000
570 0.000000
571 0.000000
572 0.000000
573 0.000000
574 0.000000
575 0.000000
576 0.000000
577 0.000000
578 0.000000
579 0.000000
580 0.000000
581 0.000000
582 0.000115
583 0.000975
584 0.000170
585 0.004482
586 0.001409
587 0.000655
588 0.002408
589 0.004612
590 0.000423
591 0.000009
592 0.000308
593 0.000023
594 0.000000
595 0.000000
596 0.000000
597 0.000000
598 0.000000
599 0.000000
600 0.000000
601 0.000000
602 0.000000
603 0.000000
604 0.000000
605 0.000000
606 0.000000
607 0.000000
608 0.000000
609 0.000000
610 0.000002
611 0.001060
612 0.005275
613 0.010001
614 0.006197
615 0.002557
616 0.005735
617 0.010001
618 0.010001
619 0.002392
620 0.000339
621 0.000002
622 0.000000
623 0.000000
624 0.000000
625 0.000000
626 0.000000
627 0.000000
628 0.000000
629 0.000000
630 0.000000
631 0.000000
632 0.000000
633 0.000000
634 0.000000
635 0.000000
636 0.000000
637 0.000000
638 0.000002
639 0.000509
640 0.001600
641 0.005395
642 0.000000
643 0.000000
644 0.010001
645 0.010001
646 0.019715
647 0.009389
648 0.001787
649 0.000002
650 0.000000
651 0.000000
652 0.000000
653 0.000000
654 0.000001
655 0.000003
656 0.000001
657 0.000001
658 0.000001
659 0.000000
660 0.000000
661 0.000000
662 0.000000
663 0.000000
664 0.000000
665 0.000002
666 0.000089
667 0.000195
668 0.000559
669 0.000000
670 0.000000
671 0.000000
672 0.000000
673 0.018671
674 0.010992
675 0.004886
676 0.001427
677 0.000865
678 0.000006
679 0.000003
680 0.000007
681 0.000037
682 0.000505
683 0.000485
684 0.000056
685 0.000006
686 0.000001
687 0.000001
688 0.000002
689 0.000010
690 0.000007
691 0.000004
692 0.000011
693 0.000083
694 0.000095
695 0.000128
696 0.000000
697 0.000000
698 0.000000
699 0.000000
700 0.000000
701 0.000000
702 0.005733
703 0.001774
704 0.001063
705 0.001022
706 0.000863
707 0.000830
708 0.000768
709 0.000648
710 0.000547
711 0.000505
712 0.000325
713 0.000018
714 0.000004
715 0.000002
716 0.000004
717 0.000015
718 0.000058
719 0.000062
720 0.000066
721 0.000089
722 0.000120
723 0.000000
724 0.000000
725 0.000000
726 0.000000
727 0.000000
728 0.000000
729 0.000000
730 0.000000
731 0.000000
732 0.001104
733 0.001062
734 0.000898
735 0.000863
736 0.000830
737 0.000701
738 0.000648
739 0.000623
740 0.000599
741 0.000087
742 0.000011
743 0.000003
744 0.000009
745 0.000036
746 0.000062
747 0.000083
748 0.000089
749 0.000120
750 0.000000
751 0.000000
752 0.000000
753 0.000000
754 0.000000
755 0.000000
756 0.000000
757 0.000000
758 0.000000
759 0.000000
760 0.000000
761 0.001104
762 0.001062
763 0.000898
764 0.000863
765 0.000830
766 0.000799
767 0.000768
768 0.000623
769 0.000348
770 0.000038
771 0.000011
772 0.000016
773 0.000073
774 0.000062
775 0.000071
776 0.000095
777 0.000000
778 0.000006
779 0.000004
780 0.000000
781 0.000000
782 0.000000
783 0.000000
