0 0.010087
1 0.010090
2 0.010102
3 0.010097
4 0.010109
5 0.010119
6 0.010125
7 0.010127
8 0.010260
9 0.010291
10 0.010239
11 0.010239
12 0.010238
13 0.010236
14 0.010236
15 0.010235
16 0.010239
17 0.010242
18 0.010223
19 0.010206
20 0.010194
21 0.010192
22 0.010189
23 0.010187
24 0.010188
25 0.010187
26 0.010184
27 0.010183
28 0.010099
29 0.010094
30 0.010105
31 0.010108
32 0.010111
33 0.010117
34 0.010127
35 0.010240
36 0.010276
37 0.010273
38 0.010246
39 0.010244
40 0.010242
41 0.010237
42 0.010238
43 0.010239
44 0.010242
45 0.010240
46 0.010233
47 0.010211
48 0.010197
49 0.010193
50 0.010233
51 0.010426
52 0.010188
53 0.010185
54 0.010186
55 0.010183
56 0.010094
57 0.010105
58 0.010108
59 0.010111
60 0.010117
61 0.010126
62 0.010129
63 0.010254
64 0.010288
65 0.010252
66 0.010246
67 0.010247
68 0.010248
69 0.010244
70 0.010243
71 0.010243
72 0.010243
73 0.010245
74 0.010241
75 0.010222
76 0.010225
77 0.010335
78 0.010607
79 0.010429
80 0.010425
81 0.010187
82 0.010184
83 0.010186
84 0.010097
85 0.010108
86 0.010118
87 0.010123
88 0.010126
89 0.010128
90 0.010132
91 0.010269
92 0.010303
93 0.010254
94 0.010254
95 0.010252
96 0.010250
97 0.010245
98 0.010245
99 0.010246
100 0.010245
101 0.010250
102 0.010276
103 0.010315
104 0.010351
105 0.010547
106 0.010582
107 0.010604
108 0.010284
109 0.010188
110 0.010188
111 0.010185
112 0.010109
113 0.010111
114 0.010123
115 0.010125
116 0.010134
117 0.010138
118 0.010273
119 0.010313
120 0.010321
121 0.010260
122 0.010255
123 0.010254
124 0.010250
125 0.010250
126 0.010248
127 0.010261
128 0.010274
129 0.010321
130 0.010339
131 0.010389
132 0.010537
133 0.010623
134 0.010607
135 0.010424
136 0.010236
137 0.010192
138 0.010189
139 0.010186
140 0.010112
141 0.010121
142 0.010126
143 0.010128
144 0.010138
145 0.010139
146 0.010288
147 0.010329
148 0.010269
149 0.010264
150 0.010262
151 0.010258
152 0.010255
153 0.010265
154 0.010280
155 0.010291
156 0.010335
157 0.010395
158 0.010400
159 0.010585
160 0.010668
161 0.010585
162 0.010427
163 0.010278
164 0.010191
165 0.010193
166 0.010190
167 0.010189
168 0.010122
169 0.010126
170 0.010128
171 0.010132
172 0.010140
173 0.010143
174 0.010305
175 0.010348
176 0.010275
177 0.010270
178 0.010267
179 0.010271
180 0.010285
181 0.010294
182 0.010335
183 0.010338
184 0.010397
185 0.010445
186 0.010573
187 0.010716
188 0.010649
189 0.010430
190 0.010289
191 0.010258
192 0.010195
193 0.010195
194 0.010194
195 0.011566
196 0.010127
197 0.010129
198 0.010137
199 0.010140
200 0.010147
201 0.010149
202 0.010327
203 0.010369
204 0.010285
205 0.010285
206 0.010291
207 0.010300
208 0.010306
209 0.010311
210 0.010318
211 0.010395
212 0.010447
213 0.010581
214 0.010633
215 0.010681
216 0.010477
217 0.010400
218 0.010279
219 0.010243
220 0.010195
221 0.010194
222 0.013839
223 0.015920
224 0.010129
225 0.010137
226 0.010141
227 0.010142
228 0.010150
229 0.010329
230 0.010355
231 0.010306
232 0.010304
233 0.010303
234 0.010309
235 0.010309
236 0.010309
237 0.010312
238 0.010314
239 0.010318
240 0.010588
241 0.010536
242 0.010692
243 0.010511
244 0.010489
245 0.010342
246 0.010283
247 0.010196
248 0.010264
249 0.014978
250 0.015121
251 0.015902
252 0.010132
253 0.010141
254 0.010143
255 0.010161
256 0.010177
257 0.010361
258 0.010419
259 0.010320
260 0.010322
261 0.010317
262 0.010311
263 0.010309
264 0.010306
265 0.010314
266 0.010315
267 0.010315
268 0.010323
269 0.010705
270 0.010540
271 0.010489
272 0.010348
273 0.010351
274 0.010289
275 0.013367
276 0.014471
277 0.015102
278 0.015103
279 0.013363
280 0.010142
281 0.010168
282 0.010172
283 0.010182
284 0.010186
285 0.010396
286 0.010451
287 0.010335
288 0.010330
289 0.010324
290 0.010319
291 0.010315
292 0.010315
293 0.010312
294 0.010317
295 0.010318
296 0.010318
297 0.010327
298 0.010493
299 0.010342
300 0.010354
301 0.010360
302 0.013758
303 0.013977
304 0.014465
305 0.014464
306 0.011345
307 0.010199
308 0.010171
309 0.010177
310 0.010185
311 0.010191
312 0.010389
313 0.010461
314 0.010358
315 0.010344
316 0.010334
317 0.010329
318 0.010327
319 0.010317
320 0.010315
321 0.010314
322 0.010317
323 0.010320
324 0.010326
325 0.010327
326 0.010338
327 0.010345
328 0.011486
329 0.013916
330 0.013812
331 0.014017
332 0.013879
333 0.010290
334 0.010204
335 0.010201
336 0.010183
337 0.010187
338 0.010188
339 0.010193
340 0.010527
341 0.010490
342 0.010365
343 0.010356
344 0.010346
345 0.010337
346 0.010336
347 0.010329
348 0.010326
349 0.010325
350 0.010323
351 0.010322
352 0.010326
353 0.010334
354 0.010340
355 0.013130
356 0.013426
357 0.013663
358 0.013827
359 0.010941
360 0.010210
361 0.010209
362 0.010207
363 0.010206
364 0.010186
365 0.010186
366 0.010189
367 0.010193
368 0.010559
369 0.010623
370 0.010377
371 0.010370
372 0.010361
373 0.010348
374 0.010342
375 0.010334
376 0.010333
377 0.010329
378 0.010331
379 0.010326
380 0.010335
381 0.010404
382 0.012674
383 0.012975
384 0.013379
385 0.013325
386 0.010428
387 0.010289
388 0.010228
389 0.010212
390 0.010211
391 0.010207
392 0.010188
393 0.010190
394 0.010192
395 0.010540
396 0.010633
397 0.010415
398 0.010399
399 0.010382
400 0.010376
401 0.010362
402 0.010351
403 0.010349
404 0.010343
405 0.010336
406 0.010334
407 0.010337
408 0.011544
409 0.011694
410 0.012146
411 0.012691
412 0.010879
413 0.010349
414 0.010352
415 0.010331
416 0.010260
417 0.010214
418 0.010212
419 0.010212
420 0.010187
421 0.010193
422 0.010195
423 0.010573
424 0.010660
425 0.010438
426 0.010417
427 0.010402
428 0.010385
429 0.010376
430 0.010370
431 0.010355
432 0.010354
433 0.010343
434 0.010343
435 0.011120
436 0.011260
437 0.011467
438 0.011710
439 0.010391
440 0.010368
441 0.010354
442 0.010365
443 0.010535
444 0.010297
445 0.010219
446 0.010215
447 0.010214
448 0.010188
449 0.010195
450 0.010197
451 0.010602
452 0.010691
453 0.010442
454 0.010439
455 0.010422
456 0.010407
457 0.010390
458 0.010376
459 0.010371
460 0.010366
461 0.010555
462 0.010725
463 0.011049
464 0.011159
465 0.010836
466 0.010378
467 0.010380
468 0.010374
469 0.010370
470 0.011236
471 0.010630
472 0.010353
473 0.010240
474 0.010271
475 0.010371
476 0.010163
477 0.010179
478 0.010466
479 0.010634
480 0.010447
481 0.010446
482 0.010446
483 0.010539
484 0.010428
485 0.010411
486 0.010393
487 0.010387
488 0.010527
489 0.010570
490 0.010570
491 0.010665
492 0.010399
493 0.010383
494 0.010391
495 0.010384
496 0.010384
497 0.011601
498 0.011513
499 0.011066
500 0.010709
501 0.010446
502 0.010360
503 0.010349
504 0.010011
505 0.010097
506 0.010483
507 0.010592
508 0.010438
509 0.010442
510 0.010542
511 0.010540
512 0.010542
513 0.010431
514 0.010419
515 0.010427
516 0.010417
517 0.010456
518 0.010525
519 0.010391
520 0.010398
521 0.010397
522 0.010402
523 0.010400
524 0.011328
525 0.011713
526 0.011995
527 0.011702
528 0.010876
529 0.010440
530 0.010364
531 0.010000
532 0.010011
533 0.010012
534 0.010464
535 0.010589
536 0.010410
537 0.010421
538 0.010520
539 0.010528
540 0.010473
541 0.010543
542 0.010432
543 0.010428
544 0.010442
545 0.010413
546 0.010410
547 0.010410
548 0.010412
549 0.010414
550 0.010471
551 0.011155
552 0.011445
553 0.011557
554 0.011920
555 0.011995
556 0.011387
557 0.010269
558 0.010000
559 0.010000
560 0.010011
561 0.010011
562 0.010437
563 0.010364
564 0.010388
565 0.010485
566 0.010491
567 0.010501
568 0.010512
569 0.010645
570 0.010625
571 0.010438
572 0.010445
573 0.010440
574 0.010431
575 0.010431
576 0.010816
577 0.010809
578 0.010729
579 0.010921
580 0.011099
581 0.011393
582 0.011231
583 0.011793
584 0.011507
585 0.010000
586 0.010000
587 0.010000
588 0.010010
589 0.010010
590 0.010257
591 0.010322
592 0.010453
593 0.010474
594 0.010509
595 0.010540
596 0.010603
597 0.010643
598 0.010626
599 0.010642
600 0.010427
601 0.010804
602 0.010804
603 0.010800
604 0.010791
605 0.010777
606 0.010756
607 0.010298
608 0.010454
609 0.010668
610 0.011105
611 0.011352
612 0.010000
613 0.010000
614 0.010000
615 0.010000
616 0.010009
617 0.010010
618 0.010010
619 0.010318
620 0.010403
621 0.010539
622 0.010587
623 0.010661
624 0.010628
625 0.010634
626 0.010618
627 0.010917
628 0.010850
629 0.010740
630 0.010710
631 0.010711
632 0.010294
633 0.010313
634 0.010305
635 0.010291
636 0.010276
637 0.010254
638 0.010566
639 0.010000
640 0.010000
641 0.010000
642 0.011912
643 0.012171
644 0.010009
645 0.010009
646 0.010009
647 0.010010
648 0.010438
649 0.010556
650 0.010626
651 0.010679
652 0.010778
653 0.010753
654 0.010713
655 0.010759
656 0.010660
657 0.010016
658 0.010017
659 0.010193
660 0.010223
661 0.010241
662 0.010256
663 0.010262
664 0.010247
665 0.010187
666 0.010000
667 0.010000
668 0.010000
669 0.011912
670 0.011970
671 0.012200
672 0.013732
673 0.010009
674 0.010009
675 0.010010
676 0.010009
677 0.010010
678 0.010495
679 0.010563
680 0.010601
681 0.010467
682 0.010013
683 0.010013
684 0.010015
685 0.010015
686 0.010017
687 0.010017
688 0.010018
689 0.010012
690 0.010130
691 0.010161
692 0.010126
693 0.010000
694 0.010000
695 0.010000
696 0.011912
697 0.011912
698 0.011933
699 0.012071
700 0.013732
701 0.013732
702 0.010009
703 0.010009
704 0.010009
705 0.010009
706 0.010010
707 0.010011
708 0.010011
709 0.010012
710 0.010013
711 0.010013
712 0.010014
713 0.010014
714 0.010015
715 0.010016
716 0.010015
717 0.010009
718 0.010000
719 0.010000
720 0.010000
721 0.010000
722 0.010000
723 0.011928
724 0.011691
725 0.011967
726 0.011912
727 0.011912
728 0.013731
729 0.013731
730 0.013732
731 0.013732
732 0.010009
733 0.010009
734 0.010010
735 0.010011
736 0.010011
737 0.010012
738 0.010012
739 0.010012
740 0.010013
741 0.010014
742 0.010015
743 0.010015
744 0.010012
745 0.010006
746 0.010000
747 0.010000
748 0.010000
749 0.010000
750 0.010918
751 0.010445
752 0.010596
753 0.011075
754 0.011972
755 0.011912
756 0.013731
757 0.013731
758 0.014500
759 0.014652
760 0.013732
761 0.010009
762 0.010010
763 0.010010
764 0.010011
765 0.010011
766 0.010011
767 0.010012
768 0.010013
769 0.010013
770 0.010014
771 0.010014
772 0.010010
773 0.010002
774 0.010000
775 0.010000
776 0.010000
777 0.010320
778 0.010176
779 0.010186
780 0.010270
781 0.010381
782 0.011037
783 0.011912
