0 0.008185
1 0.007591
2 0.009697
3 0.011521
4 0.013084
5 0.011793
6 0.008344
7 0.005128
8 0.001009
9 0.000663
10 0.001529
11 0.001472
12 0.000719
13 0.000156
14 0.000067
15 0.000062
16 0.000050
17 0.000040
18 0.000157
19 0.000608
20 0.001320
21 0.001378
22 0.001656
23 0.001804
24 0.002503
25 0.003873
26 0.006994
27 0.008666
28 0.008221
29 0.008185
30 0.007326
31 0.009697
32 0.011701
33 0.013080
34 0.011196
35 0.005288
36 0.001044
37 0.000693
38 0.001874
39 0.002305
40 0.000719
41 0.000137
42 0.000054
43 0.000045
44 0.000036
45 0.000040
46 0.000066
47 0.000357
48 0.001090
49 0.001320
50 0.000021
51 0.000000
52 0.003814
53 0.007196
54 0.008430
55 0.008734
56 0.010200
57 0.008221
58 0.008185
59 0.007326
60 0.009697
61 0.012156
62 0.012895
63 0.003906
64 0.001398
65 0.001172
66 0.001779
67 0.001998
68 0.000508
69 0.000094
70 0.000038
71 0.000031
72 0.000031
73 0.000028
74 0.000033
75 0.000147
76 0.000160
77 0.000000
78 0.000000
79 0.000000
80 0.000000
81 0.008430
82 0.008734
83 0.010455
84 0.010000
85 0.010200
86 0.008221
87 0.008074
88 0.007230
89 0.010063
90 0.012156
91 0.002665
92 0.001848
93 0.002742
94 0.002745
95 0.001121
96 0.000454
97 0.000122
98 0.000047
99 0.000024
100 0.000025
101 0.000017
102 0.000003
103 0.000000
104 0.000000
105 0.000000
106 0.000000
107 0.000000
108 0.000010
109 0.008453
110 0.010407
111 0.006289
112 0.007960
113 0.010000
114 0.010200
115 0.008221
116 0.000000
117 0.000000
118 0.000000
119 0.000002
120 0.000051
121 0.003034
122 0.003301
123 0.000715
124 0.000201
125 0.000129
126 0.000065
127 0.000011
128 0.000004
129 0.000000
130 0.000000
131 0.000000
132 0.000000
133 0.000000
134 0.000000
135 0.000017
136 0.003947
137 0.008848
138 0.005276
139 0.003881
140 0.004970
141 0.006955
142 0.010000
143 0.010578
144 0.000018
145 0.000001
146 0.000000
147 0.000000
148 0.000000
149 0.000001
150 0.000003
151 0.000003
152 0.000004
153 0.000011
154 0.000015
155 0.000001
156 0.000000
157 0.000000
158 0.000000
159 0.000000
160 0.000000
161 0.000000
162 0.000014
163 0.000562
164 0.008417
165 0.004330
166 0.003174
167 0.002341
168 0.002711
169 0.004112
170 0.005908
171 0.010000
172 0.000083
173 0.000008
174 0.000035
175 0.000001
176 0.000003
177 0.000000
178 0.000000
179 0.000000
180 0.000000
181 0.000000
182 0.000000
183 0.000000
184 0.000000
185 0.000000
186 0.000000
187 0.000000
188 0.000000
189 0.000004
190 0.000016
191 0.007070
192 0.003508
193 0.002450
194 0.001260
195 0.001546
196 0.001969
197 0.002132
198 0.003012
199 0.004917
200 0.000330
201 0.000083
202 0.000052
203 0.000131
204 0.000163
205 0.000030
206 0.000001
207 0.000000
208 0.000000
209 0.000000
210 0.000000
211 0.000000
212 0.000000
213 0.000000
214 0.000000
215 0.000000
216 0.000000
217 0.000000
218 0.000466
219 0.000889
220 0.002090
221 0.001070
222 0.001279
223 0.001713
224 0.001882
225 0.001585
226 0.001441
227 0.002383
228 0.003456
229 0.000012
230 0.000016
231 0.000149
232 0.000323
233 0.000154
234 0.000003
235 0.000000
236 0.000000
237 0.000000
238 0.000000
239 0.000000
240 0.000000
241 0.000000
242 0.000000
243 0.000000
244 0.000000
245 0.000000
246 0.000053
247 0.000201
248 0.000181
249 0.000288
250 0.000605
251 0.001186
252 0.001800
253 0.001441
254 0.001373
255 0.001249
256 0.001532
257 0.000003
258 0.000005
259 1.000000
260 0.000072
261 0.000001
262 0.000000
263 0.000000
264 0.000000
265 0.000000
266 0.000000
267 0.000000
268 0.000000
269 0.000001
270 0.000000
271 0.000000
272 0.000000
273 0.000000
274 0.000002
275 0.000029
276 0.000054
277 0.000134
278 0.000283
279 0.000616
280 0.001441
281 0.001199
282 0.001249
283 0.000980
284 0.000932
285 0.000016
286 0.000001
287 0.000032
288 0.000023
289 0.000000
290 0.000000
291 0.000000
292 0.000000
293 0.000000
294 0.000000
295 0.000000
296 0.000020
297 0.000002
298 0.000000
299 0.000000
300 0.000000
301 0.000000
302 0.000000
303 0.000045
304 0.000092
305 0.000202
306 0.000349
307 0.000711
308 0.001583
309 0.001327
310 0.000980
311 0.000802
312 0.000096
313 0.000009
314 0.000000
315 0.000000
316 0.000001
317 0.000000
318 0.000000
319 0.000000
320 0.000000
321 0.000003
322 0.000039
323 0.000373
324 0.000572
325 0.000009
326 0.000000
327 0.000000
328 0.000000
329 0.000000
330 0.000000
331 0.000018
332 0.000228
333 0.000446
334 0.000782
335 0.000987
336 0.001610
337 0.001238
338 0.000859
339 0.000271
340 0.000008
341 0.000001
342 0.000000
343 0.000000
344 0.000000
345 0.000000
346 0.000000
347 0.000000
348 0.000000
349 0.000042
350 0.003486
351 0.999999
352 0.000126
353 0.000002
354 0.000000
355 0.000001
356 0.000000
357 0.000000
358 0.000000
359 0.000005
360 0.000660
361 0.000812
362 0.000932
363 0.000977
364 0.001283
365 0.000746
366 0.000296
367 0.000098
368 0.000001
369 0.000000
370 0.000000
371 0.000000
372 0.000000
373 0.000000
374 0.000000
375 0.000000
376 0.000004
377 0.000377
378 0.005756
379 0.000793
380 0.000007
381 0.000001
382 0.000025
383 0.000183
384 0.000012
385 0.000000
386 0.000000
387 0.000003
388 0.000248
389 0.000966
390 0.000858
391 0.000739
392 0.000344
393 0.000181
394 0.000080
395 0.000007
396 0.000000
397 0.000000
398 0.000000
399 0.000000
400 0.000000
401 0.000000
402 0.000000
403 0.000002
404 0.000029
405 0.000372
406 0.000070
407 0.000004
408 0.000001
409 0.000003
410 0.000364
411 0.047303
412 0.001024
413 0.000006
414 0.000000
415 0.000000
416 0.000032
417 0.000662
418 0.000737
419 0.000743
420 0.000114
421 0.000051
422 0.000041
423 0.000002
424 0.000000
425 0.000000
426 0.000000
427 0.000000
428 0.000000
429 0.000000
430 0.000000
431 0.000007
432 0.000047
433 0.000006
434 0.000000
435 0.000000
436 0.000001
437 0.000085
438 0.004564
439 0.099717
440 0.025287
441 0.000456
442 0.000000
443 0.000000
444 0.000005
445 0.000946
446 0.000676
447 0.000453
448 0.000098
449 0.000049
450 0.000033
451 0.000001
452 0.000000
453 0.000000
454 0.000000
455 0.000000
456 0.000000
457 0.000000
458 0.000001
459 0.000006
460 0.000001
461 0.000000
462 0.000000
463 0.000000
464 0.000004
465 0.000607
466 0.999998
467 0.012963
468 0.160206
469 0.003737
470 0.000037
471 0.000000
472 0.000002
473 0.000223
474 0.000347
475 0.000253
476 0.000322
477 0.000164
478 0.000023
479 0.000000
480 0.000000
481 0.000000
482 0.000000
483 0.000000
484 0.000000
485 0.000000
486 0.000001
487 0.000000
488 0.000000
489 0.000000
490 0.000000
491 0.000000
492 0.000009
493 0.000544
494 0.003537
495 0.010453
496 0.999996
497 0.044430
498 0.000270
499 0.000001
500 0.000000
501 0.000033
502 0.000582
503 0.000614
504 0.001409
505 0.000768
506 0.000027
507 0.000001
508 0.000000
509 0.000000
510 0.000000
511 0.000000
512 0.000000
513 0.000000
514 0.000000
515 0.000000
516 0.000000
517 0.000000
518 0.000000
519 0.000000
520 0.000001
521 0.000016
522 0.000144
523 0.000814
524 0.001754
525 0.005980
526 0.001139
527 0.000020
528 0.000000
529 0.000032
530 0.003284
531 0.005005
532 0.001343
533 0.001245
534 0.000027
535 0.000001
536 0.000000
537 0.000000
538 0.000000
539 0.000001
540 0.000000
541 0.000000
542 0.000000
543 0.000000
544 0.000000
545 0.000000
546 0.000000
547 0.000000
548 0.000000
549 0.000000
550 0.000000
551 0.000001
552 0.000058
553 0.000427
554 0.012587
555 0.000880
556 0.000033
557 0.000198
558 0.011653
559 0.009028
560 0.001569
561 0.001514
562 0.000018
563 0.000002
564 0.000001
565 0.000003
566 0.000013
567 0.000003
568 0.000000
569 0.000000
570 0.000000
571 0.000000
572 0.000000
573 0.000000
574 0.000000
575 0.000000
576 0.000000
577 0.000000
578 0.000000
579 0.000000
580 0.000001
581 0.000153
582 0.004200
583 0.034709
584 0.000756
585 0.010000
586 0.010000
587 0.010000
588 0.001827
589 0.001573
590 0.000165
591 0.000012
592 0.000006
593 0.000016
594 0.000012
595 0.000007
596 0.000015
597 0.000007
598 0.000001
599 0.000000
600 0.000000
601 0.000000
602 0.000000
603 0.000000
604 0.000000
605 0.000000
606 0.000000
607 0.000000
608 0.000000
609 0.000007
610 0.000769
611 0.004633
612 0.010000
613 0.010000
614 0.010000
615 0.010000
616 0.001960
617 0.002266
618 0.007585
619 0.001743
620 0.000080
621 0.000010
622 0.000017
623 0.000026
624 0.000109
625 0.000032
626 0.000001
627 0.000000
628 0.000000
629 0.000001
630 0.000001
631 0.000002
632 0.000001
633 0.000000
634 0.000000
635 0.000000
636 0.000001
637 0.000003
638 0.000086
639 0.005404
640 0.008845
641 0.010000
642 0.000000
643 0.000000
644 0.002357
645 0.005601
646 0.012868
647 0.019414
648 0.007855
649 0.000058
650 0.000009
651 0.000072
652 0.000023
653 0.000018
654 0.000003
655 0.000002
656 0.000013
657 0.000639
658 0.004612
659 0.001095
660 0.000168
661 0.000036
662 0.000009
663 0.000004
664 0.000006
665 0.000130
666 0.002984
667 0.003418
668 0.005520
669 0.000000
670 0.000000
671 0.000000
672 0.000000
673 0.011660
674 0.017732
675 0.015018
676 0.010001
677 0.010001
678 0.000229
679 0.000118
680 0.000148
681 0.000213
682 0.000372
683 0.000098
684 0.000097
685 0.000816
686 0.006429
687 0.010002
688 0.010881
689 0.010821
690 0.002180
691 0.001064
692 0.002003
693 0.005347
694 0.003418
695 0.003109
696 0.000000
697 0.000000
698 0.000000
699 0.000000
700 0.000000
701 0.000000
702 0.014520
703 0.010001
704 0.010001
705 0.010001
706 0.010000
707 0.005220
708 0.002649
709 0.001198
710 0.000654
711 0.000189
712 0.000147
713 0.000883
714 0.005651
715 0.010001
716 0.010918
717 0.010880
718 0.010000
719 0.010000
720 0.010000
721 0.008825
722 0.005462
723 0.000000
724 0.000000
725 0.000000
726 0.000000
727 0.000000
728 0.000000
729 0.000000
730 0.000000
731 0.000000
732 0.010001
733 0.010000
734 0.006857
735 0.003643
736 0.001707
737 0.001293
738 0.001198
739 0.000416
740 0.000359
741 0.000967
742 0.003783
743 0.009574
744 0.010955
745 0.010918
746 0.010000
747 0.010000
748 0.010000
749 0.010000
750 0.000000
751 0.000000
752 0.000000
753 0.000000
754 0.000000
755 0.000000
756 0.000000
757 0.000000
758 0.000000
759 0.000000
760 0.000000
761 0.008857
762 0.004811
763 0.002308
764 0.001569
765 0.001514
766 0.001460
767 0.001155
768 0.000834
769 0.001037
770 0.002587
771 0.006446
772 0.010992
773 0.010000
774 0.010000
775 0.010000
776 0.010000
777 0.000000
778 0.000644
779 0.000321
780 0.000001
781 0.000000
782 0.000000
783 0.000000
