0 0.010058
1 0.010060
2 0.010069
3 0.010065
4 0.010074
5 0.010082
6 0.010087
7 0.010089
8 0.010418
9 0.010382
10 0.010137
11 0.010140
12 0.010141
13 0.010144
14 0.010146
15 0.010149
16 0.010151
17 0.010179
18 0.010167
19 0.010154
20 0.010122
21 0.010122
22 0.010123
23 0.010123
24 0.010123
25 0.010123
26 0.010123
27 0.010123
28 0.010066
29 0.010063
30 0.010071
31 0.010074
32 0.010076
33 0.010081
34 0.010089
35 0.010425
36 0.010416
37 0.010325
38 0.010139
39 0.010140
40 0.010143
41 0.010145
42 0.010146
43 0.010150
44 0.010154
45 0.010156
46 0.010176
47 0.010161
48 0.010122
49 0.010122
50 0.010174
51 0.010636
52 0.010123
53 0.010123
54 0.010123
55 0.010123
56 0.010063
57 0.010071
58 0.010073
59 0.010076
60 0.010080
61 0.010088
62 0.010091
63 0.010421
64 0.010412
65 0.010138
66 0.010139
67 0.010142
68 0.010145
69 0.010147
70 0.010149
71 0.010152
72 0.010154
73 0.010156
74 0.010183
75 0.010168
76 0.010159
77 0.010420
78 0.010613
79 0.010635
80 0.010636
81 0.010123
82 0.010123
83 0.010123
84 0.010065
85 0.010074
86 0.010081
87 0.010086
88 0.010088
89 0.010090
90 0.010094
91 0.010417
92 0.010409
93 0.010139
94 0.010141
95 0.010142
96 0.010145
97 0.010147
98 0.010149
99 0.010153
100 0.010155
101 0.010163
102 0.010198
103 0.010319
104 0.010482
105 0.010571
106 0.010586
107 0.010660
108 0.010300
109 0.010123
110 0.010123
111 0.010123
112 0.010074
113 0.010076
114 0.010086
115 0.010088
116 0.011352
117 0.010872
118 0.010738
119 0.010625
120 0.010534
121 0.010198
122 0.010141
123 0.010142
124 0.010146
125 0.010147
126 0.010152
127 0.010168
128 0.010190
129 0.010214
130 0.010366
131 0.010508
132 0.010611
133 0.010625
134 0.010590
135 0.010414
136 0.010262
137 0.010123
138 0.010123
139 0.010123
140 0.010076
141 0.010084
142 0.010088
143 0.010090
144 0.011466
145 0.011395
146 0.011099
147 0.010824
148 0.010435
149 0.010387
150 0.010344
151 0.010304
152 0.010268
153 0.010249
154 0.010184
155 0.010205
156 0.010276
157 0.010439
158 0.010464
159 0.010653
160 0.010742
161 0.010516
162 0.010414
163 0.010289
164 0.010123
165 0.010122
166 0.010123
167 0.010123
168 0.010085
169 0.010089
170 0.010090
171 0.010094
172 0.010368
173 0.011455
174 0.011851
175 0.011024
176 0.010480
177 0.010405
178 0.010398
179 0.010421
180 0.010404
181 0.010344
182 0.010326
183 0.010415
184 0.010523
185 0.010527
186 0.010633
187 0.010635
188 0.010559
189 0.010444
190 0.010297
191 0.010274
192 0.010122
193 0.010122
194 0.010123
195 0.012436
196 0.010089
197 0.010091
198 0.010098
199 0.010101
200 0.010217
201 0.011042
202 0.011800
203 0.011920
204 0.010732
205 0.010491
206 0.010463
207 0.010403
208 0.010391
209 0.010384
210 0.010379
211 0.010605
212 0.010608
213 0.010638
214 0.010621
215 0.010586
216 0.010548
217 0.010461
218 0.010309
219 0.010270
220 0.010122
221 0.010180
222 0.014403
223 0.018227
224 0.010091
225 0.010098
226 0.010101
227 0.010103
228 0.010110
229 0.010626
230 0.011486
231 0.011436
232 0.011262
233 0.010746
234 0.010623
235 0.010383
236 0.010373
237 0.010363
238 0.010353
239 0.010352
240 0.010638
241 0.010580
242 0.010624
243 0.010576
244 0.010444
245 0.010456
246 0.010398
247 0.010167
248 0.010883
249 0.017287
250 0.018908
251 0.019183
252 0.010093
253 0.010102
254 0.010103
255 0.010127
256 0.010145
257 0.010551
258 0.010664
259 0.011298
260 0.011496
261 0.011020
262 0.010372
263 0.010357
264 0.010343
265 0.010340
266 0.010334
267 0.010332
268 0.010335
269 0.010626
270 0.010597
271 0.010468
272 0.010344
273 0.010466
274 0.010413
275 0.014412
276 0.017932
277 0.018918
278 0.018904
279 0.015379
280 0.010102
281 0.010135
282 0.010141
283 0.010151
284 0.010156
285 0.010474
286 0.010606
287 0.010750
288 0.011362
289 0.010368
290 0.010344
291 0.010334
292 0.010325
293 0.010319
294 0.010318
295 0.010320
296 0.010318
297 0.010323
298 0.010460
299 0.010332
300 0.010338
301 0.010529
302 0.016136
303 0.018434
304 0.018582
305 0.018461
306 0.013266
307 0.010171
308 0.010140
309 0.010147
310 0.010155
311 0.010161
312 0.010551
313 0.010456
314 0.010296
315 0.010388
316 0.010374
317 0.010351
318 0.010327
319 0.010315
320 0.010306
321 0.010304
322 0.010302
323 0.010305
324 0.010309
325 0.010312
326 0.010318
327 0.010326
328 0.012724
329 0.018146
330 0.018506
331 0.018571
332 0.017220
333 0.010934
334 0.010171
335 0.010167
336 0.010152
337 0.010157
338 0.010159
339 0.010163
340 0.010570
341 0.010506
342 0.010247
343 0.010341
344 0.010352
345 0.010333
346 0.010318
347 0.010301
348 0.010299
349 0.010291
350 0.010292
351 0.010293
352 0.010297
353 0.010305
354 0.010309
355 0.015909
356 0.018174
357 0.018246
358 0.018472
359 0.013016
360 0.010172
361 0.010169
362 0.010166
363 0.010165
364 0.010155
365 0.010156
366 0.010158
367 0.010162
368 0.010588
369 0.010520
370 0.010194
371 0.010297
372 0.010335
373 0.010316
374 0.010308
375 0.010299
376 0.010288
377 0.010283
378 0.010284
379 0.010283
380 0.010289
381 0.010973
382 0.016635
383 0.017378
384 0.018041
385 0.016994
386 0.010830
387 0.010285
388 0.010235
389 0.010165
390 0.010164
391 0.010164
392 0.010157
393 0.010159
394 0.010161
395 0.010621
396 0.010567
397 0.010156
398 0.010159
399 0.010252
400 0.010314
401 0.010309
402 0.010299
403 0.010290
404 0.010280
405 0.010278
406 0.010273
407 0.010279
408 0.013482
409 0.015944
410 0.016505
411 0.016934
412 0.012416
413 0.010346
414 0.010285
415 0.010311
416 0.010254
417 0.010165
418 0.010162
419 0.010162
420 0.010156
421 0.010161
422 0.010163
423 0.010600
424 0.010551
425 0.010154
426 0.010160
427 0.010217
428 0.010284
429 0.010303
430 0.010290
431 0.010284
432 0.010279
433 0.010275
434 0.010273
435 0.014025
436 0.014828
437 0.015345
438 0.015841
439 0.010624
440 0.010296
441 0.010280
442 0.010294
443 0.010332
444 0.010279
445 0.010161
446 0.010161
447 0.010160
448 0.010179
449 0.010185
450 0.010164
451 0.010583
452 0.010532
453 0.010156
454 0.010162
455 0.010187
456 0.010252
457 0.010290
458 0.010284
459 0.010285
460 0.010279
461 0.011111
462 0.013750
463 0.014153
464 0.014482
465 0.012890
466 0.010296
467 0.010299
468 0.010288
469 0.010288
470 0.010691
471 0.010552
472 0.010297
473 0.010201
474 0.010210
475 0.010234
476 0.010159
477 0.010171
478 0.010500
479 0.010561
480 0.010155
481 0.010157
482 0.010162
483 0.010283
484 0.010231
485 0.010275
486 0.010278
487 0.010279
488 0.011707
489 0.012425
490 0.013420
491 0.013711
492 0.010595
493 0.010288
494 0.010299
495 0.010292
496 0.010289
497 0.011207
498 0.010975
499 0.010686
500 0.010367
501 0.010304
502 0.010236
503 0.010237
504 0.010015
505 0.010114
506 0.010333
507 0.010382
508 0.010166
509 0.010174
510 0.010273
511 0.010347
512 0.010447
513 0.010257
514 0.010332
515 0.011822
516 0.012079
517 0.012107
518 0.012252
519 0.010280
520 0.010283
521 0.010291
522 0.010293
523 0.010295
524 0.011335
525 0.011342
526 0.011445
527 0.010766
528 0.010645
529 0.010296
530 0.010239
531 0.010061
532 0.010015
533 0.010015
534 0.010290
535 0.010262
536 0.010147
537 0.010157
538 0.010343
539 0.010415
540 0.010379
541 0.010810
542 0.011551
543 0.011698
544 0.011816
545 0.010329
546 0.010278
547 0.010282
548 0.010293
549 0.010295
550 0.010349
551 0.011155
552 0.011323
553 0.011675
554 0.011413
555 0.011430
556 0.010762
557 0.010211
558 0.010059
559 0.010059
560 0.010014
561 0.010014
562 0.010287
563 0.010117
564 0.010115
565 0.010292
566 0.010380
567 0.010421
568 0.010314
569 0.010559
570 0.011142
571 0.011447
572 0.010297
573 0.010277
574 0.010283
575 0.010287
576 0.010672
577 0.010692
578 0.010634
579 0.010704
580 0.011152
581 0.011334
582 0.011664
583 0.011347
584 0.010914
585 0.010058
586 0.010057
587 0.010054
588 0.010013
589 0.010014
590 0.010163
591 0.010120
592 0.010300
593 0.010354
594 0.010412
595 0.010292
596 0.010233
597 0.010295
598 0.010372
599 0.010344
600 0.010268
601 0.010635
602 0.010674
603 0.010684
604 0.010704
605 0.010719
606 0.010723
607 0.010292
608 0.010557
609 0.010887
610 0.011189
611 0.011733
612 0.010057
613 0.010057
614 0.010054
615 0.010053
616 0.010012
617 0.010013
618 0.010014
619 0.010304
620 0.010379
621 0.010425
622 0.010295
623 0.010293
624 0.010266
625 0.010246
626 0.010446
627 0.010727
628 0.010752
629 0.010623
630 0.010662
631 0.010704
632 0.010321
633 0.010334
634 0.010301
635 0.010284
636 0.010269
637 0.010360
638 0.010724
639 0.010056
640 0.010055
641 0.010052
642 0.011734
643 0.011952
644 0.010012
645 0.010012
646 0.010012
647 0.010013
648 0.010527
649 0.010316
650 0.010336
651 0.010360
652 0.010643
653 0.010596
654 0.010692
655 0.010742
656 0.010702
657 0.010164
658 0.010162
659 0.010239
660 0.010260
661 0.010248
662 0.010257
663 0.010260
664 0.010245
665 0.010197
666 0.010056
667 0.010052
668 0.010051
669 0.011730
670 0.011771
671 0.011851
672 0.013800
673 0.010012
674 0.010012
675 0.010013
676 0.010012
677 0.010013
678 0.010398
679 0.010449
680 0.010578
681 0.010627
682 0.010090
683 0.010141
684 0.010164
685 0.010158
686 0.010156
687 0.010155
688 0.010154
689 0.010132
690 0.010182
691 0.010189
692 0.010176
693 0.010059
694 0.010056
695 0.010052
696 0.011730
697 0.011730
698 0.011737
699 0.011861
700 0.013799
701 0.013800
702 0.010012
703 0.010012
704 0.010012
705 0.010012
706 0.010013
707 0.010014
708 0.010014
709 0.010015
710 0.010057
711 0.010120
712 0.010153
713 0.010159
714 0.010150
715 0.010148
716 0.010144
717 0.010127
718 0.010067
719 0.010065
720 0.010063
721 0.010059
722 0.010054
723 0.011720
724 0.011617
725 0.011784
726 0.011727
727 0.011728
728 0.013799
729 0.013799
730 0.013800
731 0.013800
732 0.010012
733 0.010012
734 0.010013
735 0.010014
736 0.010014
737 0.010015
738 0.010016
739 0.010099
740 0.010138
741 0.010153
742 0.010149
743 0.010147
744 0.010134
745 0.010111
746 0.010067
747 0.010062
748 0.010060
749 0.010055
750 0.011031
751 0.010428
752 0.010655
753 0.011139
754 0.011755
755 0.011726
756 0.013799
757 0.013799
758 0.015268
759 0.015522
760 0.013800
761 0.010012
762 0.010012
763 0.010013
764 0.010014
765 0.010014
766 0.010014
767 0.010072
768 0.010124
769 0.010146
770 0.010147
771 0.010144
772 0.010127
773 0.010087
774 0.010067
775 0.010064
776 0.010060
777 0.010324
778 0.010209
779 0.010213
780 0.010276
781 0.010369
782 0.011022
783 0.011727
