0 0.005953
1 0.006932
2 0.008549
3 0.010829
4 0.012807
5 0.011253
6 0.007865
7 0.004388
8 0.001080
9 0.000407
10 0.001522
11 0.005730
12 0.006495
13 0.002731
14 0.000995
15 0.000317
16 0.000176
17 0.000115
18 0.000360
19 0.001520
20 0.004359
21 0.006735
22 0.008470
23 0.007242
24 0.004880
25 0.003435
26 0.002903
27 0.002963
28 0.004653
29 0.005846
30 0.006703
31 0.008549
32 0.011052
33 0.013014
34 0.010535
35 0.005246
36 0.000852
37 0.000362
38 0.001261
39 0.004240
40 0.005664
41 0.004019
42 0.001066
43 0.000227
44 0.000107
45 0.000114
46 0.000218
47 0.001357
48 0.005883
49 0.008353
50 0.000031
51 0.000000
52 0.003257
53 0.002745
54 0.002512
55 0.002871
56 0.004009
57 0.004462
58 0.005229
59 0.006703
60 0.008549
61 0.011372
62 0.012802
63 0.004737
64 0.000951
65 0.000882
66 0.001595
67 0.002657
68 0.003507
69 0.004030
70 0.001075
71 0.000235
72 0.000094
73 0.000097
74 0.000173
75 0.001065
76 0.000059
77 0.000031
78 0.000000
79 0.000000
80 0.000000
81 0.002347
82 0.002696
83 0.002512
84 0.003680
85 0.003449
86 0.003892
87 0.004888
88 0.006813
89 0.008874
90 0.011372
91 0.003213
92 0.001202
93 0.002035
94 0.002938
95 0.001407
96 0.001946
97 0.002568
98 0.001409
99 0.000302
100 0.000109
101 0.000060
102 0.000002
103 0.000003
104 0.000016
105 0.000000
106 0.000000
107 0.000000
108 0.000001
109 0.002269
110 0.002347
111 0.002696
112 0.003917
113 0.003140
114 0.002835
115 0.003626
116 0.000000
117 0.000001
118 0.000861
119 0.002304
120 0.001034
121 0.005811
122 0.005827
123 0.002082
124 0.000856
125 0.000914
126 0.001098
127 0.000070
128 0.000003
129 0.000001
130 0.000001
131 0.000002
132 0.000000
133 0.000000
134 0.000000
135 0.000000
136 0.000114
137 0.001964
138 0.002269
139 0.002626
140 0.005573
141 0.003693
142 0.002553
143 0.002459
144 0.000000
145 0.000000
146 0.000001
147 0.000004
148 0.000494
149 0.503180
150 0.008463
151 0.002183
152 0.000487
153 0.000023
154 0.000007
155 0.000005
156 0.000003
157 0.000001
158 0.000004
159 0.000000
160 0.000000
161 0.000000
162 0.000000
163 0.000001
164 0.001984
165 0.001895
166 0.002210
167 0.002695
168 0.008181
169 0.005279
170 0.003759
171 0.002289
172 0.000437
173 0.000000
174 0.000000
175 0.000000
176 0.000008
177 0.000317
178 0.001578
179 0.001312
180 0.000048
181 0.000001
182 0.000001
183 0.000008
184 0.000060
185 0.000305
186 0.000001
187 0.000000
188 0.000000
189 0.000000
190 0.000001
191 0.000003
192 0.001739
193 0.001870
194 0.002672
195 0.004450
196 0.010001
197 0.008974
198 0.005692
199 0.003471
200 0.001969
201 0.000013
202 0.000000
203 0.000000
204 0.000000
205 0.000000
206 0.000001
207 0.000002
208 0.000002
209 0.000004
210 0.000117
211 0.002132
212 0.999041
213 0.000014
214 0.000000
215 0.000000
216 0.000000
217 0.000000
218 0.000001
219 0.000146
220 0.002186
221 0.003168
222 0.004787
223 0.007796
224 0.009004
225 0.010001
226 0.010001
227 0.006139
228 0.003628
229 0.000392
230 0.000000
231 0.000000
232 0.000000
233 0.000000
234 0.000000
235 0.000000
236 0.000001
237 0.000037
238 0.001551
239 0.006250
240 0.000691
241 0.000004
242 0.000000
243 0.000000
244 0.000000
245 0.000000
246 0.000001
247 0.002337
248 0.003574
249 0.005946
250 0.009723
251 0.010751
252 0.005526
253 0.007539
254 0.009306
255 0.007315
256 0.002026
257 0.000081
258 0.000002
259 0.000000
260 0.000000
261 0.000000
262 0.000000
263 0.000001
264 0.000003
265 0.000021
266 0.000051
267 0.000023
268 0.000001
269 0.000000
270 0.000000
271 0.000000
272 0.000000
273 0.000000
274 0.000002
275 0.003858
276 0.007069
277 0.010669
278 0.010696
279 0.009628
280 0.002688
281 0.002021
282 0.001927
283 0.001445
284 0.001191
285 0.000029
286 0.000019
287 0.000005
288 0.000000
289 0.000000
290 0.000001
291 0.000002
292 0.000032
293 0.000050
294 0.000007
295 0.000000
296 0.000000
297 0.000000
298 0.000000
299 0.000001
300 0.000000
301 0.000000
302 0.000043
303 0.016134
304 0.015638
305 0.011022
306 0.008043
307 0.006262
308 0.001216
309 0.000601
310 0.000377
311 0.000372
312 0.000234
313 0.000080
314 0.000300
315 0.000829
316 0.000009
317 0.000000
318 0.000000
319 0.000001
320 0.000048
321 0.000044
322 0.000001
323 0.000000
324 0.000000
325 0.000000
326 0.000000
327 0.000000
328 0.000000
329 0.000000
330 0.000141
331 0.005671
332 0.028954
333 0.016969
334 0.009868
335 0.006197
336 0.001483
337 0.000710
338 0.000601
339 0.000917
340 0.000099
341 0.000092
342 0.001886
343 0.999988
344 0.000073
345 0.000001
346 0.000000
347 0.000000
348 0.000001
349 0.000001
350 0.000000
351 0.000000
352 0.000000
353 0.000000
354 0.000002
355 0.000000
356 0.000000
357 0.000000
358 0.000008
359 0.000229
360 0.009098
361 0.011802
362 0.012884
363 0.014092
364 0.003659
365 0.006918
366 0.005539
367 0.003722
368 0.000080
369 0.000045
370 0.001878
371 0.001270
372 0.000082
373 0.000004
374 0.000001
375 0.000000
376 0.000000
377 0.000000
378 0.000000
379 0.000001
380 0.000010
381 0.000028
382 0.000014
383 0.000000
384 0.000000
385 0.000000
386 0.000000
387 0.000007
388 0.000665
389 0.003917
390 0.010713
391 0.024503
392 0.012578
393 0.014450
394 0.016863
395 0.004387
396 0.000109
397 0.000118
398 0.000976
399 0.000087
400 0.000010
401 0.000016
402 0.000004
403 0.000000
404 0.000000
405 0.000000
406 0.000000
407 0.000001
408 0.000207
409 0.001725
410 0.000051
411 0.000001
412 0.000000
413 0.000001
414 0.000000
415 0.000001
416 0.000062
417 0.002099
418 0.003906
419 0.006647
420 0.012542
421 0.016009
422 0.015610
423 0.000904
424 0.000192
425 0.000776
426 0.000334
427 0.000014
428 0.000006
429 0.000004
430 0.000001
431 0.000000
432 0.000000
433 0.000000
434 0.000000
435 0.000001
436 0.000149
437 1.000000
438 0.000111
439 0.000002
440 0.000001
441 0.000004
442 0.000001
443 0.000000
444 0.000013
445 0.001396
446 0.000843
447 0.000671
448 0.003811
449 0.004730
450 0.007418
451 0.000265
452 0.000167
453 0.001125
454 0.000153
455 0.000011
456 0.000007
457 0.000003
458 0.000000
459 0.000000
460 0.000000
461 0.000000
462 0.000000
463 0.000001
464 0.000018
465 0.000072
466 0.000038
467 0.000004
468 0.000017
469 0.000019
470 0.000002
471 0.000000
472 0.000002
473 0.000128
474 0.000219
475 0.000258
476 0.004031
477 0.003508
478 0.001382
479 0.000068
480 0.000131
481 0.000117
482 0.000011
483 0.000008
484 0.000010
485 0.000002
486 0.000000
487 0.000000
488 0.000000
489 0.000000
490 0.000001
491 0.000002
492 0.000002
493 0.000001
494 0.000001
495 0.000041
496 0.000150
497 0.000054
498 0.000002
499 0.000000
500 0.000000
501 0.000013
502 0.000308
503 0.000521
504 0.010006
505 0.006692
506 0.000375
507 0.000053
508 0.000064
509 0.000006
510 0.000001
511 0.000002
512 0.000002
513 0.000001
514 0.000007
515 0.000014
516 0.000027
517 0.000013
518 0.000008
519 0.000002
520 0.000002
521 0.000000
522 0.000000
523 0.000001
524 0.000093
525 0.000022
526 0.000005
527 0.000001
528 0.000000
529 0.000018
530 0.000923
531 0.001689
532 0.010010
533 0.010016
534 0.000378
535 0.000127
536 0.000025
537 0.000001
538 0.000001
539 0.000000
540 0.000000
541 0.000002
542 0.000132
543 0.003032
544 0.009411
545 0.001362
546 0.000207
547 0.000033
548 0.000001
549 0.000000
550 0.000000
551 0.000000
552 0.000001
553 0.000018
554 0.000013
555 0.000004
556 0.000006
557 0.000143
558 0.002580
559 0.001969
560 0.010007
561 0.009996
562 0.000467
563 0.000070
564 0.000011
565 0.000002
566 0.000001
567 0.000000
568 0.000005
569 0.000329
570 0.004225
571 0.006414
572 0.005319
573 0.999998
574 0.000973
575 0.000019
576 0.000000
577 0.000000
578 0.000000
579 0.000000
580 0.000001
581 0.000009
582 0.000046
583 0.000037
584 0.000188
585 0.006584
586 0.004386
587 0.003305
588 0.009993
589 0.009978
590 0.000976
591 0.000068
592 0.000004
593 0.000001
594 0.000002
595 0.000164
596 0.002664
597 0.008690
598 0.003100
599 0.000542
600 0.000132
601 0.000056
602 0.000031
603 0.000013
604 0.000001
605 0.000000
606 0.000000
607 0.000001
608 0.000001
609 0.000003
610 0.000034
611 0.000283
612 0.010000
613 0.009665
614 0.007369
615 0.005464
616 0.009976
617 0.006463
618 0.003729
619 0.000522
620 0.000021
621 0.000023
622 0.001595
623 0.006218
624 0.015296
625 0.001283
626 0.000083
627 0.000165
628 0.000088
629 0.000068
630 0.000085
631 0.000035
632 0.000004
633 0.000002
634 0.000008
635 0.000009
636 0.000005
637 0.000006
638 0.000148
639 0.005522
640 0.008487
641 0.010000
642 0.000000
643 0.000000
644 0.006640
645 0.004377
646 0.002589
647 0.002078
648 0.001810
649 0.022426
650 0.016495
651 0.001815
652 0.000056
653 0.000115
654 0.000293
655 0.000507
656 0.002129
657 0.010000
658 0.007446
659 0.000266
660 0.000020
661 0.000015
662 0.000018
663 0.000026
664 0.000038
665 0.000119
666 0.002146
667 0.003670
668 0.005649
669 0.000000
670 0.000000
671 0.000000
672 0.000000
673 0.002737
674 0.002433
675 0.002178
676 0.002387
677 0.002108
678 0.000173
679 0.000180
680 0.000339
681 0.001219
682 0.009717
683 0.010001
684 0.010001
685 0.010000
686 0.004927
687 0.001614
688 0.000409
689 0.000725
690 0.000558
691 0.000277
692 0.000400
693 0.001591
694 0.001710
695 0.002500
696 0.000000
697 0.000000
698 0.000000
699 0.000000
700 0.000000
701 0.000000
702 0.002545
703 0.002516
704 0.002471
705 0.002388
706 0.002239
707 0.002877
708 0.005153
709 0.007945
710 0.010000
711 0.010000
712 0.010000
713 0.010000
714 0.003430
715 0.001155
716 0.001086
717 0.001707
718 0.003187
719 0.001902
720 0.001437
721 0.001639
722 0.001866
723 0.000000
724 0.000000
725 0.000000
726 0.000000
727 0.000000
728 0.000000
729 0.000000
730 0.000000
731 0.000000
732 0.002537
733 0.002472
734 0.002429
735 0.003887
736 0.006873
737 0.009837
738 0.010000
739 0.010000
740 0.010000
741 0.006791
742 0.002381
743 0.000963
744 0.001712
745 0.004343
746 0.005044
747 0.002973
748 0.001813
749 0.001866
750 0.000000
751 0.000000
752 0.000000
753 0.000000
754 0.000000
755 0.000000
756 0.000000
757 0.000000
758 0.000001
759 0.000003
760 0.000000
761 0.002549
762 0.003211
763 0.005596
764 0.008783
765 0.010000
766 0.010000
767 0.010000
768 0.010000
769 0.004767
770 0.001734
771 0.001169
772 0.002645
773 0.007582
774 0.007075
775 0.004163
776 0.002793
777 0.000026
778 0.000191
779 0.000172
780 0.000052
781 0.000003
782 0.000000
783 0.000000
