0 0.009969
1 0.010000
2 0.014611
3 0.016275
4 0.012428
5 0.005869
6 0.002713
7 0.002312
8 0.000432
9 0.000070
10 0.000051
11 0.000141
12 0.000569
13 0.001653
14 0.001356
15 0.000477
16 0.000186
17 0.000098
18 0.000183
19 0.000503
20 0.001855
21 0.003529
22 0.008013
23 0.008137
24 0.007052
25 0.005413
26 0.003659
27 0.002726
28 0.010255
29 0.009969
30 0.010000
31 0.015144
32 0.016521
33 0.012220
34 0.004501
35 0.001473
36 0.000157
37 0.000033
38 0.000046
39 0.000186
40 0.000679
41 0.001417
42 0.000751
43 0.000262
44 0.000140
45 0.000145
46 0.000138
47 0.000549
48 0.003037
49 0.007493
50 0.000211
51 0.000000
52 0.005413
53 0.003567
54 0.002200
55 0.001748
56 0.010589
57 0.010255
58 0.009940
59 0.010000
60 0.016100
61 0.017555
62 0.011864
63 0.001323
64 0.000074
65 0.000020
66 0.000073
67 0.000260
68 0.000626
69 0.000436
70 0.000263
71 0.000154
72 0.000131
73 0.000130
74 0.000188
75 0.000707
76 0.002693
77 0.000000
78 0.000000
79 0.000000
80 0.000000
81 0.002075
82 0.001609
83 0.001154
84 0.010942
85 0.010705
86 0.010364
87 0.009940
88 0.010000
89 0.019938
90 0.021166
91 0.001417
92 0.000063
93 0.000020
94 0.000100
95 0.000461
96 0.000453
97 0.000167
98 0.000097
99 0.000106
100 0.000128
101 0.000181
102 0.000149
103 0.000002
104 0.000000
105 0.000000
106 0.000000
107 0.000000
108 0.000000
109 0.001275
110 0.001038
111 0.001283
112 0.010057
113 0.010907
114 0.010823
115 0.010364
116 0.000000
117 0.000000
118 0.000000
119 0.000000
120 0.000001
121 0.000027
122 0.000182
123 0.000670
124 0.000202
125 0.000053
126 0.000033
127 0.000035
128 0.000089
129 0.000008
130 0.000000
131 0.000000
132 0.000000
133 0.000000
134 0.000000
135 0.000000
136 0.000027
137 0.000801
138 0.000981
139 0.001238
140 0.008104
141 0.009629
142 0.010872
143 0.010943
144 0.000000
145 0.000000
146 0.000000
147 0.000000
148 0.000000
149 0.000000
150 0.000000
151 0.000001
152 0.000001
153 0.000002
154 0.000006
155 0.000002
156 0.000000
157 0.000000
158 0.000000
159 0.000000
160 0.000000
161 0.000000
162 0.000000
163 0.000000
164 0.000799
165 0.000741
166 0.000943
167 0.000994
168 0.005653
169 0.007763
170 0.009125
171 0.010868
172 0.000000
173 0.000000
174 0.000001
175 0.000000
176 0.000000
177 0.000000
178 0.000000
179 0.000000
180 0.000000
181 0.000000
182 0.000000
183 0.000000
184 0.000000
185 0.000000
186 0.000000
187 0.000000
188 0.000000
189 0.000000
190 0.000000
191 0.000000
192 0.000635
193 0.000672
194 0.000710
195 0.001142
196 0.003758
197 0.004950
198 0.007048
199 0.008739
200 0.000256
201 0.000000
202 0.000000
203 0.000001
204 0.000037
205 0.000046
206 0.000005
207 0.000000
208 0.000000
209 0.000000
210 0.000000
211 0.000000
212 0.000000
213 0.000000
214 0.000000
215 0.000000
216 0.000000
217 0.000000
218 0.000000
219 0.000013
220 0.000635
221 0.000672
222 0.000911
223 0.001693
224 0.002578
225 0.002995
226 0.003772
227 0.006115
228 0.007933
229 0.000000
230 0.000000
231 0.000000
232 0.000158
233 1.000000
234 0.000103
235 0.000000
236 0.000000
237 0.000000
238 0.000000
239 0.000000
240 0.000000
241 0.000000
242 0.000000
243 0.000000
244 0.000000
245 0.000000
246 0.000000
247 0.000046
248 0.000085
249 0.000197
250 0.000555
251 0.001182
252 0.002147
253 0.001904
254 0.002348
255 0.003159
256 0.004554
257 0.000001
258 0.000000
259 0.000000
260 0.000002
261 0.000103
262 0.000004
263 0.000000
264 0.000000
265 0.000000
266 0.000000
267 0.000000
268 0.000000
269 0.000000
270 0.000000
271 0.000000
272 0.000000
273 0.000000
274 0.000000
275 0.000010
276 0.000031
277 0.000094
278 0.000240
279 0.000589
280 0.001745
281 0.001492
282 0.001547
283 0.001649
284 0.002356
285 0.000004
286 0.000000
287 0.000000
288 0.000000
289 0.000000
290 0.000000
291 0.000000
292 0.000002
293 0.000013
294 0.000037
295 0.000002
296 0.000000
297 0.000000
298 0.000000
299 0.000000
300 0.000000
301 0.000000
302 0.000000
303 0.000027
304 0.000061
305 0.000173
306 0.000287
307 0.000358
308 0.001905
309 0.001606
310 0.001241
311 0.001041
312 0.000118
313 0.000001
314 0.000000
315 0.000000
316 0.000000
317 0.000000
318 0.000000
319 0.000004
320 0.000153
321 0.005725
322 0.000917
323 0.000001
324 0.000000
325 0.000000
326 0.000000
327 0.000000
328 0.000000
329 0.000000
330 0.000005
331 0.000018
332 0.000203
333 0.000277
334 0.000371
335 0.000518
336 0.001839
337 0.001526
338 0.001195
339 0.000331
340 0.000002
341 0.000000
342 0.000000
343 0.000000
344 0.000000
345 0.000000
346 0.000000
347 0.000075
348 0.009953
349 0.024743
350 0.000050
351 0.000000
352 0.000000
353 0.000000
354 0.000000
355 0.000000
356 0.000000
357 0.000000
358 0.000030
359 0.000052
360 0.000299
361 0.000420
362 0.000488
363 0.000339
364 0.001643
365 0.000829
366 0.000297
367 0.000098
368 0.000000
369 0.000000
370 0.000000
371 0.000000
372 0.000000
373 0.000000
374 0.000000
375 0.000265
376 0.999997
377 0.000211
378 0.000002
379 0.000000
380 0.000000
381 0.000000
382 0.000000
383 0.000000
384 0.000000
385 0.000690
386 0.000284
387 0.000259
388 0.000352
389 0.000412
390 0.000176
391 0.000113
392 0.000343
393 0.000165
394 0.000068
395 0.000004
396 0.000000
397 0.000000
398 0.000000
399 0.000000
400 0.000000
401 0.000000
402 0.000000
403 0.000026
404 0.000021
405 0.000003
406 0.000000
407 0.000000
408 0.000000
409 0.000001
410 0.000000
411 0.000000
412 0.000002
413 0.012768
414 0.999997
415 0.000271
416 0.000126
417 0.000283
418 0.000126
419 0.000051
420 0.000103
421 0.000043
422 0.000033
423 0.000000
424 0.000000
425 0.000000
426 0.000000
427 0.000000
428 0.000000
429 0.000000
430 0.000000
431 0.000000
432 0.000000
433 0.000000
434 0.000000
435 0.000001
436 0.000046
437 0.000088
438 0.000000
439 0.000000
440 0.000002
441 0.004303
442 0.007895
443 0.000052
444 0.000053
445 0.000182
446 0.000107
447 0.000081
448 0.000083
449 0.000043
450 0.000029
451 0.000000
452 0.000000
453 0.000000
454 0.000000
455 0.000000
456 0.000000
457 0.000000
458 0.000000
459 0.000000
460 0.000000
461 0.000000
462 0.000000
463 0.000020
464 0.002089
465 0.001337
466 0.000002
467 0.000000
468 0.000000
469 0.000049
470 0.000458
471 0.000057
472 0.000015
473 0.000058
474 0.000211
475 0.000233
476 0.000246
477 0.000132
478 0.000016
479 0.000000
480 0.000000
481 0.000000
482 0.000000
483 0.000000
484 0.000000
485 0.000000
486 0.000000
487 0.000000
488 0.000000
489 0.000000
490 0.000000
491 0.000058
492 0.999999
493 0.000361
494 0.000001
495 0.000000
496 0.000000
497 0.000000
498 0.000013
499 0.000259
500 0.000013
501 0.000066
502 0.000767
503 0.001619
504 0.000986
505 0.000653
506 0.000028
507 0.000000
508 0.000000
509 0.000000
510 0.000000
511 0.000000
512 0.000000
513 0.000000
514 0.000000
515 0.000000
516 0.000000
517 0.000000
518 0.000000
519 0.000003
520 0.000006
521 0.000001
522 0.000000
523 0.000000
524 0.000000
525 0.000000
526 0.000005
527 0.000312
528 0.000247
529 0.000319
530 0.004048
531 0.010000
532 0.001396
533 0.005129
534 0.000094
535 0.000002
536 0.000001
537 0.000000
538 0.000000
539 0.000000
540 0.000000
541 0.000000
542 0.000000
543 0.000000
544 0.000000
545 0.000000
546 0.000000
547 0.000000
548 0.000000
549 0.000000
550 0.000000
551 0.000001
552 0.000003
553 0.000001
554 0.000001
555 0.000460
556 0.010112
557 0.001832
558 0.010000
559 0.010000
560 0.010262
561 0.025023
562 0.000199
563 0.000002
564 0.000001
565 0.000001
566 0.000001
567 0.000000
568 0.000000
569 0.000000
570 0.000000
571 0.000000
572 0.000000
573 0.000000
574 0.000000
575 0.000000
576 0.000000
577 0.000000
578 0.000000
579 0.000001
580 0.000087
581 0.000061
582 0.000016
583 0.000180
584 0.007514
585 0.010000
586 0.010000
587 0.010000
588 0.028794
589 0.046094
590 0.001360
591 0.000004
592 0.000001
593 0.000001
594 0.000000
595 0.000000
596 0.000000
597 0.000000
598 0.000000
599 0.000000
600 0.000000
601 0.000000
602 0.000000
603 0.000000
604 0.000000
605 0.000000
606 0.000000
607 0.000004
608 0.000026
609 0.000233
610 0.000159
611 0.000269
612 0.010000
613 0.010000
614 0.010000
615 0.010000
616 0.037884
617 0.018786
618 0.010002
619 0.000900
620 0.000009
621 0.000001
622 0.000000
623 0.000000
624 0.000000
625 0.000000
626 0.000000
627 0.000000
628 0.000000
629 0.000000
630 0.000000
631 0.000000
632 0.000000
633 0.000000
634 0.000000
635 0.000002
636 0.000007
637 0.000044
638 0.000373
639 0.010000
640 0.010000
641 0.010000
642 0.000000
643 0.000001
644 0.017625
645 0.010002
646 0.010002
647 0.010001
648 0.002314
649 0.000005
650 0.000000
651 0.000000
652 0.000000
653 0.000000
654 0.000000
655 0.000001
656 0.000012
657 0.000287
658 0.000140
659 0.000004
660 0.000000
661 0.000000
662 0.000001
663 0.000005
664 0.000025
665 0.000551
666 0.010000
667 0.010000
668 0.010000
669 0.000000
670 0.000000
671 0.000001
672 0.000000
673 0.010002
674 0.010001
675 0.006437
676 0.003549
677 0.001693
678 0.000009
679 0.000005
680 0.000011
681 0.000057
682 0.000387
683 0.000257
684 0.000287
685 0.000366
686 0.000103
687 0.000025
688 0.000011
689 0.000068
690 0.000312
691 0.000398
692 0.001675
693 0.010000
694 0.010000
695 0.010000
696 0.000000
697 0.000000
698 0.000000
699 0.000000
700 0.000000
701 0.000000
702 0.007547
703 0.004252
704 0.002079
705 0.001328
706 0.001112
707 0.001066
708 0.000981
709 0.000952
710 0.001367
711 0.000908
712 0.000443
713 0.000227
714 0.000079
715 0.000021
716 0.000028
717 0.000117
718 0.000829
719 0.001725
720 0.003592
721 0.007465
722 0.010000
723 0.000000
724 0.000000
725 0.000000
726 0.000000
727 0.000000
728 0.000000
729 0.000000
730 0.000000
731 0.000000
732 0.001438
733 0.001382
734 0.001160
735 0.001112
736 0.001066
737 0.001838
738 0.004433
739 0.002554
740 0.000732
741 0.000172
742 0.000051
743 0.000024
744 0.000061
745 0.000260
746 0.000752
747 0.001175
748 0.002405
749 0.004911
750 0.000000
751 0.000000
752 0.000000
753 0.000000
754 0.000000
755 0.000000
756 0.000000
757 0.000000
758 0.000000
759 0.000000
760 0.000000
761 0.001438
762 0.001382
763 0.001160
764 0.001467
765 0.003417
766 0.008571
767 0.004372
768 0.001021
769 0.000133
770 0.000036
771 0.000032
772 0.000113
773 0.000568
774 0.000752
775 0.000817
776 0.001440
777 0.000000
778 0.000482
779 0.000552
780 0.000004
781 0.000000
782 0.000000
783 0.000000
