0 0.004614
1 0.004415
2 0.003981
3 0.004170
4 0.003742
5 0.003342
6 0.003128
7 0.003026
8 0.000935
9 0.000243
10 0.000184
11 0.000205
12 0.000303
13 0.000488
14 0.000548
15 0.000630
16 0.000496
17 0.000310
18 0.000524
19 0.001963
20 0.004691
21 0.005377
22 0.005635
23 0.005636
24 0.005825
25 0.004551
26 0.003877
27 0.002920
28 0.005629
29 0.004426
30 0.003859
31 0.003742
32 0.003628
33 0.003411
34 0.003026
35 0.002237
36 0.000446
37 0.000138
38 0.000127
39 0.000135
40 0.000194
41 0.000371
42 0.000504
43 0.000528
44 0.000571
45 0.000553
46 0.000748
47 0.001840
48 0.005131
49 0.005377
50 0.000000
51 0.000000
52 0.004542
53 0.003801
54 0.002505
55 0.002437
56 0.007555
57 0.005483
58 0.004246
59 0.003628
60 0.003411
61 0.003026
62 0.002927
63 0.001149
64 0.000249
65 0.000095
66 0.000117
67 0.000103
68 0.000109
69 0.000199
70 0.000353
71 0.000467
72 0.000603
73 0.000945
74 0.000917
75 0.001467
76 0.000002
77 0.000000
78 0.000000
79 0.000000
80 0.000000
81 0.002400
82 0.002302
83 0.002098
84 0.010000
85 0.007515
86 0.005341
87 0.003656
88 0.003026
89 0.002927
90 0.002741
91 0.000545
92 0.000116
93 0.000078
94 0.000076
95 0.000078
96 0.000079
97 0.000134
98 0.000222
99 0.000447
100 0.000792
101 0.000538
102 0.000001
103 0.000000
104 0.000000
105 0.000000
106 0.000000
107 0.000000
108 0.000000
109 0.001907
110 0.001944
111 0.002263
112 0.010001
113 0.010000
114 0.007455
115 0.005135
116 0.000000
117 0.000000
118 0.000000
119 0.000000
120 0.000000
121 0.000018
122 0.000068
123 0.000068
124 0.000072
125 0.000071
126 0.000136
127 0.000013
128 0.000001
129 0.000000
130 0.000000
131 0.000000
132 0.000000
133 0.000000
134 0.000000
135 0.000000
136 0.004316
137 0.001591
138 0.001864
139 0.002211
140 0.010002
141 0.010001
142 0.010000
143 0.008166
144 0.000000
145 0.000000
146 0.000000
147 0.000000
148 0.000000
149 0.000000
150 0.000000
151 0.000000
152 0.000000
153 0.000000
154 0.000000
155 0.000000
156 0.000000
157 0.000000
158 0.000000
159 0.000000
160 0.000000
161 0.000000
162 0.000000
163 0.000002
164 0.001609
165 0.001521
166 0.001817
167 0.001887
168 0.012868
169 0.011100
170 0.010001
171 0.010000
172 0.000000
173 0.000000
174 0.000000
175 0.000000
176 0.000000
177 0.000000
178 0.000000
179 0.000000
180 0.000000
181 0.000000
182 0.000000
183 0.000000
184 0.000000
185 0.000000
186 0.000000
187 0.000000
188 0.000000
189 0.000000
190 0.000001
191 0.002231
192 0.001365
193 0.001421
194 0.001480
195 0.002084
196 0.010414
197 0.012418
198 0.012549
199 0.010001
200 0.000066
201 0.000000
202 0.000000
203 0.000000
204 0.000000
205 0.000000
206 0.000000
207 0.000000
208 0.000000
209 0.000000
210 0.000000
211 0.000000
212 0.000000
213 0.000000
214 0.000000
215 0.000000
216 0.000000
217 0.000000
218 0.000001
219 0.000399
220 0.001365
221 0.001433
222 0.001952
223 0.003228
224 0.006070
225 0.008893
226 0.011056
227 0.012949
228 0.011100
229 0.000000
230 0.000000
231 0.000000
232 0.000000
233 0.000000
234 0.000000
235 0.000000
236 0.000000
237 0.000000
238 0.000000
239 0.000000
240 0.000000
241 0.000000
242 0.000000
243 0.000000
244 0.000000
245 0.000000
246 0.000002
247 0.000026
248 0.000060
249 0.000169
250 0.000522
251 0.001307
252 0.003300
253 0.004531
254 0.007161
255 0.005642
256 0.001271
257 0.000000
258 0.000000
259 0.000000
260 0.000000
261 0.000000
262 0.000000
263 0.000000
264 0.000000
265 0.000000
266 0.000001
267 0.000001
268 0.000000
269 0.000000
270 0.000000
271 0.000000
272 0.000000
273 0.000001
274 0.000008
275 0.000004
276 0.000012
277 0.000042
278 0.000108
279 0.000259
280 0.002405
281 0.000759
282 0.000405
283 0.000242
284 0.000180
285 0.000000
286 0.000000
287 0.000000
288 0.000000
289 0.000000
290 0.000000
291 0.000000
292 0.000000
293 0.000000
294 0.000001
295 0.000001
296 0.000001
297 0.000000
298 0.000000
299 0.000000
300 0.000001
301 0.000001
302 0.000001
303 0.000012
304 0.000024
305 0.000058
306 0.000085
307 0.000064
308 0.000352
309 0.000145
310 0.000058
311 0.000029
312 0.000008
313 0.000001
314 0.000000
315 0.000000
316 0.000000
317 0.000001
318 0.000001
319 0.000001
320 0.000000
321 0.000000
322 0.000001
323 0.000001
324 0.000000
325 0.000000
326 0.000000
327 0.000000
328 0.000002
329 0.000022
330 0.000003
331 0.000010
332 0.000069
333 0.000054
334 0.000046
335 0.000044
336 0.000421
337 0.000081
338 0.000040
339 0.000020
340 0.000001
341 0.000000
342 0.000000
343 0.000000
344 0.000000
345 0.000000
346 0.000003
347 0.000016
348 0.000004
349 0.000001
350 0.000000
351 0.000000
352 0.000000
353 0.000000
354 0.000000
355 0.000001
356 0.000034
357 0.003584
358 0.000036
359 0.000017
360 0.000048
361 0.000029
362 0.000025
363 0.000020
364 0.000843
365 0.000562
366 0.000136
367 0.000024
368 0.000000
369 0.000000
370 0.000000
371 0.000000
372 0.000000
373 0.000001
374 0.000013
375 0.999986
376 0.000668
377 0.000001
378 0.000000
379 0.000000
380 0.000000
381 0.000000
382 0.000000
383 0.000001
384 0.000170
385 0.999962
386 0.000142
387 0.000038
388 0.000043
389 0.000043
390 0.000027
391 0.000035
392 0.000928
393 0.000512
394 0.000237
395 0.000035
396 0.000000
397 0.000000
398 0.000000
399 0.000000
400 0.000000
401 0.000001
402 0.000043
403 0.000965
404 0.000138
405 0.000002
406 0.000000
407 0.000000
408 0.000000
409 0.000000
410 0.000000
411 0.000001
412 0.000012
413 0.000128
414 0.000295
415 0.000041
416 0.000045
417 0.000264
418 0.000262
419 0.000209
420 0.000223
421 0.000277
422 0.000477
423 0.000020
424 0.000000
425 0.000000
426 0.000000
427 0.000000
428 0.000000
429 0.000001
430 0.000003
431 0.000003
432 0.000003
433 0.000001
434 0.000000
435 0.000000
436 0.000000
437 0.000000
438 0.000000
439 0.000000
440 0.000001
441 0.000002
442 0.000018
443 0.000015
444 0.000167
445 0.003310
446 0.002703
447 0.001437
448 0.000225
449 0.000185
450 0.000168
451 0.000002
452 0.000000
453 0.000001
454 0.000006
455 0.000041
456 0.000005
457 0.000001
458 0.000000
459 0.000000
460 0.000001
461 0.000001
462 0.000001
463 0.000001
464 0.000001
465 0.000000
466 0.000000
467 0.000000
468 0.000000
469 0.000000
470 0.000002
471 0.000020
472 0.000089
473 0.001547
474 0.007309
475 0.008055
476 0.000234
477 0.000211
478 0.000073
479 0.000001
480 0.000000
481 0.000002
482 0.000515
483 0.013409
484 0.000395
485 0.000001
486 0.000000
487 0.000000
488 0.000000
489 0.000001
490 0.000001
491 0.000002
492 0.000001
493 0.000001
494 0.000001
495 0.000000
496 0.000000
497 0.000000
498 0.000001
499 0.000017
500 0.000031
501 0.000152
502 0.004124
503 0.009131
504 0.000404
505 0.000245
506 0.000040
507 0.000001
508 0.000001
509 0.000030
510 0.000898
511 0.999963
512 0.000100
513 0.000001
514 0.000000
515 0.000000
516 0.000000
517 0.000000
518 0.000001
519 0.000001
520 0.000001
521 0.000006
522 0.000011
523 0.000004
524 0.000000
525 0.000000
526 0.000001
527 0.000003
528 0.000008
529 0.000052
530 0.001713
531 0.002827
532 0.000477
533 0.000940
534 0.000056
535 0.000003
536 0.000012
537 0.000257
538 0.006037
539 0.000123
540 0.000001
541 0.000000
542 0.000000
543 0.000000
544 0.000000
545 0.000000
546 0.000000
547 0.000001
548 0.000001
549 0.000029
550 0.999967
551 0.000241
552 0.000007
553 0.000001
554 0.000000
555 0.000002
556 0.000010
557 0.000023
558 0.000551
559 0.001044
560 0.001581
561 0.003499
562 0.000186
563 0.000015
564 0.000201
565 0.006583
566 0.000218
567 0.000003
568 0.000000
569 0.000000
570 0.000000
571 0.000000
572 0.000000
573 0.000000
574 0.000001
575 0.000001
576 0.000003
577 0.000034
578 0.003024
579 0.010408
580 0.000431
581 0.000014
582 0.000001
583 0.000001
584 0.000021
585 0.000270
586 0.000286
587 0.000441
588 0.004493
589 0.010007
590 0.001203
591 0.000605
592 0.004245
593 0.000236
594 0.000006
595 0.000001
596 0.000000
597 0.000000
598 0.000000
599 0.000000
600 0.000000
601 0.000000
602 0.000001
603 0.000001
604 0.000004
605 0.000128
606 0.000786
607 0.001197
608 0.008297
609 0.000911
610 0.000063
611 0.000041
612 0.000309
613 0.000270
614 0.000345
615 0.000364
616 0.010006
617 0.010006
618 0.010003
619 0.012944
620 0.001335
621 0.000015
622 0.000001
623 0.000001
624 0.000003
625 0.000003
626 0.000001
627 0.000001
628 0.000000
629 0.000000
630 0.000000
631 0.000001
632 0.000007
633 0.000072
634 0.000086
635 0.000335
636 0.001367
637 0.011366
638 0.003634
639 0.001592
640 0.000716
641 0.000417
642 0.000001
643 0.000000
644 0.010006
645 0.010003
646 0.010002
647 0.005263
648 0.001382
649 0.000014
650 0.000009
651 0.000012
652 0.000026
653 0.000052
654 0.000003
655 0.000001
656 0.000001
657 0.000001
658 0.000001
659 0.000002
660 0.000018
661 0.000100
662 0.000228
663 0.000069
664 0.000147
665 0.013367
666 0.009995
667 0.004952
668 0.002090
669 0.000001
670 0.000001
671 0.000000
672 0.000001
673 0.010001
674 0.006586
675 0.002443
676 0.001089
677 0.000493
678 0.000497
679 0.000097
680 0.000067
681 0.000075
682 0.000037
683 0.000004
684 0.000001
685 0.000001
686 0.000001
687 0.000008
688 0.000196
689 0.001332
690 0.001569
691 0.001918
692 0.003351
693 0.010004
694 0.009999
695 0.009996
696 0.000001
697 0.000001
698 0.000001
699 0.000001
700 0.000001
701 0.000001
702 0.003033
703 0.001393
704 0.000658
705 0.000605
706 0.000478
707 0.000452
708 0.000404
709 0.000316
710 0.000102
711 0.000011
712 0.000002
713 0.000001
714 0.000004
715 0.000030
716 0.000149
717 0.000554
718 0.002306
719 0.007793
720 0.010011
721 0.010007
722 0.010003
723 0.000001
724 0.000001
725 0.000001
726 0.000001
727 0.000001
728 0.000001
729 0.000001
730 0.000001
731 0.000001
732 0.000673
733 0.000638
734 0.000505
735 0.000478
736 0.000452
737 0.000355
738 0.000316
739 0.000033
740 0.000005
741 0.000002
742 0.000009
743 0.000071
744 0.000158
745 0.000306
746 0.000966
747 0.003826
748 0.010010
749 0.010009
750 0.000006
751 0.000033
752 0.000035
753 0.000002
754 0.000001
755 0.000001
756 0.000001
757 0.000001
758 0.000001
759 0.000000
760 0.000001
761 0.000673
762 0.000638
763 0.000505
764 0.000478
765 0.000452
766 0.000427
767 0.000104
768 0.000011
769 0.000006
770 0.000026
771 0.000129
772 0.000167
773 0.000215
774 0.000511
775 0.001594
776 0.004959
777 0.000317
778 0.002281
779 0.001904
780 0.000225
781 0.000028
782 0.000004
783 0.000001
