0 0.002528
1 0.002409
2 0.002025
3 0.002189
4 0.001826
5 0.001515
6 0.001515
7 0.002573
8 0.000313
9 0.000037
10 0.000025
11 0.000024
12 0.000013
13 0.000007
14 0.000004
15 0.000005
16 0.000003
17 0.000003
18 0.000014
19 0.000076
20 0.000227
21 0.000245
22 0.000337
23 0.000362
24 0.000307
25 0.000442
26 0.000921
27 0.001482
28 0.002886
29 0.002296
30 0.001923
31 0.001826
32 0.001735
33 0.001567
34 0.001286
35 0.000768
36 0.000053
37 0.000012
38 0.000017
39 0.000020
40 0.000016
41 0.000009
42 0.000003
43 0.000003
44 0.000002
45 0.000003
46 0.000005
47 0.000042
48 0.000164
49 0.000227
50 0.000000
51 0.000000
52 0.000387
53 0.000842
54 0.001273
55 0.002848
56 0.004370
57 0.002665
58 0.001826
59 0.001735
60 0.001567
61 0.001286
62 0.001219
63 0.000145
64 0.000011
65 0.000004
66 0.000013
67 0.000016
68 0.000018
69 0.000009
70 0.000004
71 0.000002
72 0.000002
73 0.000002
74 0.000002
75 0.000013
76 0.000000
77 0.000000
78 0.000000
79 0.000000
80 0.000000
81 0.001208
82 0.002848
83 0.003208
84 0.006804
85 0.004080
86 0.002409
87 0.001358
88 0.001286
89 0.001219
90 0.001095
91 0.000033
92 0.000002
93 0.000002
94 0.000004
95 0.000011
96 0.000015
97 0.000016
98 0.000006
99 0.000002
100 0.000001
101 0.000001
102 0.000000
103 0.000000
104 0.000000
105 0.000000
106 0.000000
107 0.000000
108 0.000005
109 0.002713
110 0.003208
111 0.004239
112 0.007511
113 0.006582
114 0.003726
115 0.002142
116 0.000000
117 0.000000
118 0.000000
119 0.000000
120 0.000000
121 0.000000
122 0.000002
123 0.000005
124 0.000014
125 0.000015
126 0.000008
127 0.000000
128 0.000000
129 0.000000
130 0.000000
131 0.000000
132 0.000000
133 0.000000
134 0.000000
135 0.000001
136 0.000058
137 0.003056
138 0.004039
139 0.006152
140 0.008915
141 0.007507
142 0.006340
143 0.004099
144 0.000000
145 0.000000
146 0.000000
147 0.000000
148 0.000000
149 0.000000
150 0.000000
151 0.000000
152 0.000000
153 0.000000
154 0.000000
155 0.000000
156 0.000000
157 0.000000
158 0.000000
159 0.000000
160 0.000000
161 0.000000
162 0.000001
163 0.000017
164 0.003396
165 0.003850
166 0.005856
167 0.005891
168 0.012014
169 0.009165
170 0.007961
171 0.007313
172 0.000000
173 0.000000
174 0.000000
175 0.000000
176 0.000000
177 0.000000
178 0.000000
179 0.000000
180 0.000000
181 0.000000
182 0.000000
183 0.000000
184 0.000000
185 0.000000
186 0.000000
187 0.000000
188 0.000000
189 0.000001
190 0.000012
191 0.000016
192 0.004460
193 0.005576
194 0.005619
195 0.014599
196 0.014719
197 0.016316
198 0.009575
199 0.008480
200 0.000006
201 0.000000
202 0.000000
203 0.000000
204 0.000000
205 0.000000
206 0.000000
207 0.000000
208 0.000000
209 0.000000
210 0.000000
211 0.000000
212 0.000000
213 0.000000
214 0.000000
215 0.000000
216 0.000000
217 0.000000
218 0.000003
219 0.000067
220 0.006179
221 0.011051
222 0.014394
223 0.006747
224 0.006324
225 0.012143
226 0.021950
227 0.009732
228 0.008736
229 0.000000
230 0.000000
231 0.000000
232 0.000000
233 0.000000
234 0.000000
235 0.000000
236 0.000000
237 0.000000
238 0.000000
239 0.000000
240 0.000000
241 0.000000
242 0.000000
243 0.000000
244 0.000000
245 0.000000
246 0.000000
247 0.000046
248 0.000396
249 0.000484
250 0.000447
251 0.000378
252 0.001844
253 0.005064
254 0.009452
255 0.016223
256 0.004103
257 0.000000
258 0.000000
259 0.000000
260 0.000000
261 0.000000
262 0.000000
263 0.000000
264 0.000000
265 0.000000
266 0.000000
267 0.000000
268 0.000000
269 0.000000
270 0.000000
271 0.000000
272 0.000000
273 0.000000
274 0.000000
275 0.000016
276 0.000013
277 0.000010
278 0.000009
279 0.000003
280 0.000890
281 0.000441
282 0.000966
283 0.000936
284 0.001448
285 0.000000
286 0.000000
287 0.000000
288 0.000000
289 0.000000
290 0.000000
291 0.000000
292 0.000000
293 0.000000
294 0.000000
295 0.000000
296 0.000000
297 0.000000
298 0.000000
299 0.000000
300 0.000000
301 0.000000
302 0.000000
303 0.000007
304 0.000003
305 0.000001
306 0.000000
307 0.000001
308 0.000224
309 0.000121
310 0.000054
311 0.000105
312 0.000011
313 0.000000
314 0.000000
315 0.000000
316 0.000000
317 0.000000
318 0.000000
319 0.000000
320 0.000000
321 0.000000
322 0.000000
323 0.000000
324 0.000000
325 0.000084
326 0.000011
327 0.000000
328 0.000000
329 0.000000
330 0.000000
331 0.000000
332 0.000000
333 0.000000
334 0.000000
335 0.000001
336 0.000145
337 0.000070
338 0.000042
339 0.000022
340 0.000000
341 0.000000
342 0.000000
343 0.000000
344 0.000000
345 0.000000
346 0.000000
347 0.000000
348 0.000000
349 0.000000
350 0.000000
351 0.000000
352 0.000001
353 0.000478
354 1.000000
355 0.000029
356 0.000000
357 0.000000
358 0.000000
359 0.000000
360 0.000000
361 0.000000
362 0.000000
363 0.000001
364 0.000122
365 0.000109
366 0.000046
367 0.000016
368 0.000000
369 0.000000
370 0.000000
371 0.000000
372 0.000000
373 0.000000
374 0.000000
375 0.000000
376 0.000000
377 0.000000
378 0.000000
379 0.000000
380 0.000000
381 0.000122
382 0.009923
383 0.000014
384 0.000000
385 0.000000
386 0.000000
387 0.000000
388 0.000000
389 0.000000
390 0.000000
391 0.000001
392 0.000059
393 0.000036
394 0.000019
395 0.000001
396 0.000000
397 0.000000
398 0.000000
399 0.000000
400 0.000000
401 0.000000
402 0.000000
403 0.000000
404 0.000000
405 0.000000
406 0.000000
407 0.000000
408 0.000000
409 0.000001
410 0.000005
411 0.000000
412 0.000000
413 0.000000
414 0.000000
415 0.000000
416 0.000000
417 0.000001
418 0.000001
419 0.000001
420 0.000027
421 0.000016
422 0.000014
423 0.000000
424 0.000000
425 0.000000
426 0.000000
427 0.000000
428 0.000000
429 0.000000
430 0.000000
431 0.000000
432 0.000058
433 1.000000
434 0.000471
435 0.000005
436 0.000000
437 0.000000
438 0.000000
439 0.000000
440 0.000000
441 0.000000
442 0.000000
443 0.000000
444 0.000000
445 0.000008
446 0.000005
447 0.000003
448 0.000035
449 0.000016
450 0.000010
451 0.000000
452 0.000000
453 0.000000
454 0.000000
455 0.000000
456 0.000000
457 0.000000
458 0.000000
459 0.000000
460 0.000160
461 0.018804
462 0.299551
463 0.000019
464 0.000000
465 0.000000
466 0.000000
467 0.000000
468 0.000000
469 0.000000
470 0.000000
471 0.000000
472 0.000000
473 0.000006
474 0.000024
475 0.000021
476 0.000145
477 0.000065
478 0.000004
479 0.000000
480 0.000000
481 0.000000
482 0.000000
483 0.000000
484 0.000000
485 0.000000
486 0.000000
487 0.000000
488 0.000000
489 0.000001
490 0.000009
491 0.000027
492 0.000000
493 0.000000
494 0.000000
495 0.000000
496 0.000000
497 0.000000
498 0.000000
499 0.000000
500 0.000000
501 0.000001
502 0.000197
503 0.000599
504 0.000943
505 0.000432
506 0.000001
507 0.000000
508 0.000000
509 0.000000
510 0.000000
511 0.000000
512 0.000000
513 0.000000
514 0.000000
515 0.000000
516 0.000000
517 0.000000
518 0.000000
519 0.000000
520 0.000001
521 0.000000
522 0.000000
523 0.000000
524 0.000000
525 0.000000
526 0.000000
527 0.000000
528 0.000000
529 0.000001
530 0.000701
531 0.007352
532 0.000892
533 0.000815
534 0.000001
535 0.000000
536 0.000000
537 0.000000
538 0.000000
539 0.000000
540 0.000000
541 0.000000
542 0.000000
543 0.000000
544 0.000000
545 0.000000
546 0.000000
547 0.000000
548 0.000000
549 0.000000
550 0.000000
551 0.000000
552 0.000000
553 0.000000
554 0.000000
555 0.000000
556 0.000000
557 0.000003
558 0.000744
559 0.001752
560 0.001071
561 0.001027
562 0.000001
563 0.000000
564 0.000000
565 0.000000
566 0.000000
567 0.000000
568 0.000001
569 0.000000
570 0.000000
571 0.000000
572 0.000000
573 0.000000
574 0.000000
575 0.000000
576 0.000000
577 0.000000
578 0.000000
579 0.000000
580 0.000000
581 0.000000
582 0.000001
583 0.000009
584 0.000001
585 0.000098
586 0.000217
587 0.000627
588 0.001282
589 0.001071
590 0.000012
591 0.000000
592 0.000000
593 0.000000
594 0.000001
595 0.000004
596 0.000000
597 0.000000
598 0.000000
599 0.000000
600 0.000000
601 0.000000
602 0.000000
603 0.000000
604 0.000000
605 0.000000
606 0.000000
607 0.000001
608 0.000002
609 0.000001
610 0.000001
611 0.000001
612 0.000091
613 0.000098
614 0.000134
615 0.000182
616 0.001390
617 0.001282
618 0.001071
619 0.000025
620 0.000000
621 0.000001
622 0.000001
623 0.000000
624 0.000000
625 0.000000
626 0.000000
627 0.000000
628 0.000000
629 0.000000
630 0.000000
631 0.000000
632 0.000000
633 0.000000
634 0.000000
635 0.000001
636 0.000002
637 0.000002
638 0.000005
639 0.000149
640 0.000098
641 0.000134
642 0.000000
643 0.000000
644 0.001447
645 0.001390
646 0.001335
647 0.001473
648 0.000606
649 0.000001
650 0.000000
651 0.000000
652 0.000000
653 0.000000
654 0.000000
655 0.000000
656 0.000000
657 0.000012
658 0.000090
659 0.000004
660 0.000000
661 0.000000
662 0.000000
663 0.000002
664 0.000006
665 0.000107
666 0.001649
667 0.000570
668 0.000217
669 0.000000
670 0.000000
671 0.000000
672 0.000000
673 0.001447
674 0.001588
675 0.002664
676 0.005412
677 0.010000
678 0.000016
679 0.000008
680 0.000020
681 0.000252
682 0.000991
683 0.000056
684 0.000012
685 0.000026
686 0.000187
687 0.000044
688 0.000002
689 0.000014
690 0.000093
691 0.000238
692 0.001525
693 0.010000
694 0.005433
695 0.001751
696 0.000000
697 0.000000
698 0.000000
699 0.000000
700 0.000000
701 0.000000
702 0.002812
703 0.004806
704 0.010000
705 0.010000
706 0.010000
707 0.009746
708 0.009660
709 0.009617
710 0.003169
711 0.000211
712 0.000023
713 0.000048
714 0.000140
715 0.000021
716 0.000002
717 0.000010
718 0.000285
719 0.001219
720 0.005482
721 0.010000
722 0.010000
723 0.000000
724 0.000000
725 0.000000
726 0.000000
727 0.000000
728 0.000000
729 0.000000
730 0.000000
731 0.000000
732 0.010000
733 0.010000
734 0.009721
735 0.009678
736 0.009746
737 0.010000
738 0.010000
739 0.000581
740 0.000057
741 0.000136
742 0.000084
743 0.000006
744 0.000004
745 0.000020
746 0.000107
747 0.000545
748 0.002304
749 0.010000
750 0.000000
751 0.000000
752 0.000000
753 0.000000
754 0.000000
755 0.000000
756 0.000000
757 0.000000
758 0.000000
759 0.000000
760 0.000000
761 0.010713
762 0.009764
763 0.009721
764 0.010000
765 0.010000
766 0.010000
767 0.001697
768 0.000309
769 0.000165
770 0.000038
771 0.000003
772 0.000009
773 0.000050
774 0.000065
775 0.000201
776 0.000781
777 0.000000
778 0.000358
779 0.000213
780 0.000001
781 0.000000
782 0.000000
783 0.000000
