0 0.010017
1 0.010017
2 0.010020
3 0.010020
4 0.010023
5 0.010027
6 0.010029
7 0.010031
8 0.010205
9 0.009990
10 0.009625
11 0.009633
12 0.009645
13 0.009675
14 0.009679
15 0.009706
16 0.009686
17 0.009728
18 0.009733
19 0.009715
20 0.009694
21 0.009700
22 0.009727
23 0.009733
24 0.009721
25 0.009732
26 0.009761
27 0.009770
28 0.010019
29 0.010018
30 0.010020
31 0.010022
32 0.010023
33 0.010026
34 0.010029
35 0.010346
36 0.010109
37 0.009870
38 0.009597
39 0.009605
40 0.009636
41 0.009670
42 0.009664
43 0.009675
44 0.009681
45 0.009709
46 0.009741
47 0.009742
48 0.009666
49 0.009693
50 0.009802
51 0.009862
52 0.009719
53 0.009749
54 0.009741
55 0.009770
56 0.010018
57 0.010020
58 0.010021
59 0.010022
60 0.010024
61 0.010027
62 0.010029
63 0.010248
64 0.010018
65 0.009565
66 0.009587
67 0.009595
68 0.009610
69 0.009636
70 0.009643
71 0.009663
72 0.009673
73 0.009674
74 0.009746
75 0.009726
76 0.009772
77 0.009774
78 0.009813
79 0.009838
80 0.009871
81 0.009729
82 0.009759
83 0.009752
84 0.010019
85 0.010021
86 0.010023
87 0.010024
88 0.010026
89 0.010027
90 0.010030
91 0.010149
92 0.009924
93 0.009554
94 0.009552
95 0.009565
96 0.009596
97 0.009626
98 0.009627
99 0.009639
100 0.009661
101 0.009766
102 0.009806
103 0.009819
104 0.009817
105 0.009769
106 0.009809
107 0.009845
108 0.009827
109 0.009730
110 0.009741
111 0.009774
112 0.010022
113 0.010022
114 0.010025
115 0.010025
116 0.011517
117 0.010987
118 0.011120
119 0.010559
120 0.010033
121 0.009607
122 0.009546
123 0.009550
124 0.009586
125 0.009586
126 0.009620
127 0.009718
128 0.009755
129 0.009769
130 0.009795
131 0.009830
132 0.009834
133 0.009757
134 0.009807
135 0.009846
136 0.009816
137 0.009713
138 0.009749
139 0.009791
140 0.010023
141 0.010025
142 0.010026
143 0.010026
144 0.011646
145 0.011562
146 0.011333
147 0.010744
148 0.009982
149 0.009929
150 0.009868
151 0.009824
152 0.009769
153 0.009815
154 0.009677
155 0.009722
156 0.009711
157 0.009751
158 0.009733
159 0.009816
160 0.009833
161 0.009796
162 0.009820
163 0.009789
164 0.009716
165 0.009725
166 0.009769
167 0.009798
168 0.010026
169 0.010027
170 0.010028
171 0.010028
172 0.010467
173 0.011666
174 0.012055
175 0.010777
176 0.009959
177 0.009921
178 0.010035
179 0.010074
180 0.010023
181 0.009977
182 0.009930
183 0.009941
184 0.009862
185 0.009849
186 0.009837
187 0.009786
188 0.009845
189 0.009823
190 0.009780
191 0.009797
192 0.009716
193 0.009744
194 0.009866
195 0.016006
196 0.010028
197 0.010029
198 0.010031
199 0.010032
200 0.010197
201 0.011261
202 0.011853
203 0.011618
204 0.010219
205 0.010037
206 0.009973
207 0.009966
208 0.009959
209 0.009917
210 0.009913
211 0.009979
212 0.009956
213 0.009933
214 0.009919
215 0.009980
216 0.010010
217 0.010012
218 0.009820
219 0.009814
220 0.009750
221 0.010901
222 0.020585
223 0.031345
224 0.010030
225 0.010033
226 0.010034
227 0.010034
228 0.010037
229 0.010804
230 0.011518
231 0.010987
232 0.010850
233 0.010199
234 0.010088
235 0.009850
236 0.009867
237 0.009861
238 0.009872
239 0.009877
240 0.009896
241 0.009907
242 0.009949
243 0.010000
244 0.010090
245 0.010004
246 0.009976
247 0.009848
248 0.013106
249 0.027047
250 0.030335
251 0.032008
252 0.010031
253 0.010035
254 0.010035
255 0.010126
256 0.010132
257 0.010571
258 0.010366
259 0.010858
260 0.011031
261 0.010438
262 0.009780
263 0.009787
264 0.009802
265 0.009811
266 0.009809
267 0.009850
268 0.009859
269 0.009914
270 0.009958
271 0.009995
272 0.009957
273 0.010066
274 0.010136
275 0.020268
276 0.029521
277 0.030248
278 0.030021
279 0.017973
280 0.010036
281 0.010129
282 0.010129
283 0.010135
284 0.010137
285 0.010220
286 0.010029
287 0.010058
288 0.010792
289 0.009696
290 0.009684
291 0.009707
292 0.009705
293 0.009736
294 0.009751
295 0.009791
296 0.009839
297 0.009859
298 0.009958
299 0.009947
300 0.009991
301 0.011263
302 0.024543
303 0.029529
304 0.030225
305 0.026827
306 0.014361
307 0.009921
308 0.010129
309 0.010132
310 0.010137
311 0.010142
312 0.010465
313 0.009841
314 0.009427
315 0.009625
316 0.009645
317 0.009632
318 0.009606
319 0.009653
320 0.009659
321 0.009697
322 0.009713
323 0.009758
324 0.009799
325 0.009860
326 0.009905
327 0.009988
328 0.016419
329 0.029089
330 0.029935
331 0.029680
332 0.021798
333 0.010865
334 0.009817
335 0.009804
336 0.010136
337 0.010138
338 0.010068
339 0.010075
340 0.010186
341 0.009683
342 0.009300
343 0.009501
344 0.009550
345 0.009560
346 0.009540
347 0.009557
348 0.009603
349 0.009609
350 0.009664
351 0.009722
352 0.009783
353 0.009857
354 0.010026
355 0.023827
356 0.029020
357 0.029344
358 0.029104
359 0.014430
360 0.009862
361 0.009766
362 0.009755
363 0.009743
364 0.010064
365 0.010066
366 0.010069
367 0.010076
368 0.009925
369 0.009441
370 0.009139
371 0.009367
372 0.009443
373 0.009481
374 0.009511
375 0.009542
376 0.009542
377 0.009589
378 0.009627
379 0.009716
380 0.009794
381 0.012711
382 0.025281
383 0.028069
384 0.028663
385 0.021627
386 0.010803
387 0.009912
388 0.009798
389 0.009706
390 0.009710
391 0.009741
392 0.010067
393 0.010070
394 0.010074
395 0.010426
396 0.009628
397 0.008932
398 0.008985
399 0.009227
400 0.009349
401 0.009414
402 0.009450
403 0.009460
404 0.009501
405 0.009567
406 0.009639
407 0.009737
408 0.016875
409 0.023107
410 0.024529
411 0.025773
412 0.013858
413 0.009952
414 0.009865
415 0.009865
416 0.009795
417 0.009696
418 0.009709
419 0.009722
420 0.010066
421 0.010075
422 0.010078
423 0.010109
424 0.009433
425 0.008839
426 0.008918
427 0.009076
428 0.009272
429 0.009357
430 0.009361
431 0.009439
432 0.009473
433 0.009590
434 0.009767
435 0.017896
436 0.020606
437 0.022132
438 0.020528
439 0.010530
440 0.009834
441 0.009807
442 0.009846
443 0.010044
444 0.009809
445 0.009679
446 0.009720
447 0.009741
448 0.010171
449 0.010077
450 0.010081
451 0.009862
452 0.009227
453 0.008830
454 0.008849
455 0.008951
456 0.009129
457 0.009279
458 0.009342
459 0.009421
460 0.009512
461 0.012108
462 0.017716
463 0.018408
464 0.019347
465 0.014208
466 0.009822
467 0.009758
468 0.009740
469 0.009786
470 0.010634
471 0.010267
472 0.009853
473 0.009720
474 0.010078
475 0.010570
476 0.010152
477 0.010163
478 0.010448
479 0.009714
480 0.008824
481 0.008814
482 0.008824
483 0.009084
484 0.009035
485 0.009189
486 0.009305
487 0.009422
488 0.012427
489 0.014530
490 0.016632
491 0.016952
492 0.010288
493 0.009659
494 0.009686
495 0.009710
496 0.009734
497 0.010694
498 0.010900
499 0.010458
500 0.010935
501 0.010702
502 0.010720
503 0.010820
504 0.010017
505 0.010138
506 0.009946
507 0.009293
508 0.008881
509 0.008890
510 0.009034
511 0.009243
512 0.009338
513 0.009133
514 0.009626
515 0.012311
516 0.012723
517 0.012852
518 0.012849
519 0.009562
520 0.009550
521 0.009605
522 0.009639
523 0.009705
524 0.010456
525 0.011583
526 0.011941
527 0.011993
528 0.011508
529 0.010937
530 0.010931
531 0.010084
532 0.010018
533 0.010019
534 0.009468
535 0.009015
536 0.008874
537 0.008875
538 0.009284
539 0.009323
540 0.009331
541 0.010085
542 0.010863
543 0.011336
544 0.012272
545 0.009624
546 0.009446
547 0.009478
548 0.009549
549 0.009616
550 0.010089
551 0.011858
552 0.011913
553 0.011878
554 0.012000
555 0.012419
556 0.012047
557 0.010398
558 0.010079
559 0.010079
560 0.010017
561 0.010017
562 0.009439
563 0.008921
564 0.008809
565 0.009181
566 0.009288
567 0.009387
568 0.009432
569 0.010037
570 0.010584
571 0.010388
572 0.009276
573 0.009311
574 0.009401
575 0.009480
576 0.010976
577 0.011254
578 0.011413
579 0.011684
580 0.012424
581 0.012467
582 0.011200
583 0.011189
584 0.011662
585 0.010075
586 0.010075
587 0.010071
588 0.010016
589 0.010017
590 0.009649
591 0.009119
592 0.009393
593 0.009269
594 0.009396
595 0.009099
596 0.009356
597 0.009784
598 0.009694
599 0.009752
600 0.009283
601 0.010612
602 0.010987
603 0.011261
604 0.011565
605 0.011795
606 0.012019
607 0.010301
608 0.010612
609 0.011041
610 0.011258
611 0.011133
612 0.010073
613 0.010073
614 0.010069
615 0.010069
616 0.010015
617 0.010015
618 0.010016
619 0.010289
620 0.009726
621 0.009680
622 0.009374
623 0.009552
624 0.009504
625 0.009473
626 0.009883
627 0.010812
628 0.011300
629 0.011215
630 0.011599
631 0.012045
632 0.010409
633 0.010366
634 0.010315
635 0.010285
636 0.010258
637 0.010425
638 0.010993
639 0.010071
640 0.010070
641 0.010066
642 0.011926
643 0.012144
644 0.010015
645 0.010015
646 0.010015
647 0.010015
648 0.010969
649 0.010062
650 0.009872
651 0.009745
652 0.010223
653 0.010181
654 0.011154
655 0.011661
656 0.011841
657 0.010152
658 0.010146
659 0.010286
660 0.010247
661 0.010230
662 0.010243
663 0.010243
664 0.010218
665 0.010139
666 0.010071
667 0.010065
668 0.010064
669 0.011918
670 0.011930
671 0.012036
672 0.010733
673 0.010014
674 0.010014
675 0.010015
676 0.010014
677 0.010015
678 0.010370
679 0.010185
680 0.010579
681 0.010840
682 0.010063
683 0.010122
684 0.010154
685 0.010143
686 0.010137
687 0.010133
688 0.010129
689 0.010108
690 0.010126
691 0.010132
692 0.010114
693 0.010077
694 0.010072
695 0.010065
696 0.011917
697 0.011917
698 0.011891
699 0.012032
700 0.010732
701 0.010733
702 0.010013
703 0.010013
704 0.010013
705 0.010013
706 0.010014
707 0.010013
708 0.010013
709 0.010014
710 0.010038
711 0.010094
712 0.010139
713 0.010147
714 0.010130
715 0.010125
716 0.010120
717 0.010110
718 0.010091
719 0.010088
720 0.010084
721 0.010077
722 0.010069
723 0.011921
724 0.011681
725 0.011915
726 0.011909
727 0.011913
728 0.010732
729 0.010732
730 0.010733
731 0.010733
732 0.010013
733 0.010012
734 0.010013
735 0.010012
736 0.010012
737 0.010013
738 0.010013
739 0.010072
740 0.010120
741 0.010138
742 0.010130
743 0.010124
744 0.010112
745 0.010101
746 0.010091
747 0.010083
748 0.010080
749 0.010073
750 0.011246
751 0.010548
752 0.010800
753 0.011311
754 0.011958
755 0.011908
756 0.010731
757 0.010731
758 0.013920
759 0.014568
760 0.010731
761 0.010012
762 0.010011
763 0.010012
764 0.010012
765 0.010012
766 0.010012
767 0.010048
768 0.010100
769 0.010131
770 0.010128
771 0.010123
772 0.010109
773 0.010093
774 0.010092
775 0.010087
776 0.010080
777 0.010406
778 0.010230
779 0.010236
780 0.010331
781 0.010465
782 0.011224
783 0.011911
