0 0.003054
1 0.003023
2 0.002796
3 0.003777
4 0.004970
5 0.007308
6 0.008372
7 0.010589
8 0.010720
9 0.007225
10 0.002477
11 0.001720
12 0.000702
13 0.000228
14 0.000100
15 0.000087
16 0.000072
17 0.000055
18 0.000232
19 0.001023
20 0.002259
21 0.002331
22 0.002667
23 0.002747
24 0.003507
25 0.004968
26 0.007133
27 0.008670
28 0.002607
29 0.002804
30 0.002477
31 0.002574
32 0.003566
33 0.005267
34 0.007638
35 0.007939
36 0.008000
37 0.007887
38 0.004731
39 0.003657
40 0.000555
41 0.000108
42 0.000083
43 0.000067
44 0.000051
45 0.000053
46 0.000091
47 0.000545
48 0.001965
49 0.002259
50 0.000052
51 0.000000
52 0.004842
53 0.007108
54 0.009161
55 0.011296
56 0.002907
57 0.002376
58 0.002283
59 0.002266
60 0.002275
61 0.003261
62 0.005119
63 0.006658
64 0.005923
65 0.006662
66 0.015801
67 0.005240
68 0.000639
69 0.000058
70 0.000055
71 0.000046
72 0.000044
73 0.000039
74 0.000043
75 0.000220
76 0.000203
77 0.000000
78 0.000000
79 0.000000
80 0.000000
81 0.009184
82 0.011330
83 0.017111
84 0.004330
85 0.002784
86 0.002068
87 0.001763
88 0.001753
89 0.002002
90 0.003193
91 0.004053
92 0.004815
93 0.005700
94 0.019458
95 0.007523
96 0.000573
97 0.000093
98 0.000046
99 0.000036
100 0.000036
101 0.000016
102 0.000003
103 0.000000
104 0.000000
105 0.000000
106 0.000000
107 0.000000
108 0.000152
109 0.011214
110 0.017611
111 0.025033
112 0.007361
113 0.004608
114 0.002940
115 0.002030
116 0.000000
117 0.000000
118 0.000000
119 0.000000
120 0.000029
121 0.005754
122 0.012852
123 0.006395
124 0.000760
125 0.000176
126 0.000043
127 0.000008
128 0.000003
129 0.000000
130 0.000000
131 0.000000
132 0.000000
133 0.000000
134 0.000000
135 0.000119
136 0.005741
137 0.019828
138 0.031669
139 0.021098
140 0.010000
141 0.007604
142 0.005252
143 0.003615
144 0.000000
145 0.000000
146 0.000000
147 0.000000
148 0.000000
149 0.000000
150 0.000001
151 0.000003
152 0.000013
153 0.000012
154 0.000009
155 0.000001
156 0.000000
157 0.000000
158 0.000000
159 0.000000
160 0.000000
161 0.000001
162 0.000114
163 0.000202
164 0.020696
165 0.030885
166 0.018882
167 0.011981
168 0.008724
169 0.010000
170 0.008939
171 0.006943
172 0.000085
173 0.000000
174 0.000000
175 0.000000
176 0.000000
177 0.000000
178 0.000000
179 0.000000
180 0.000000
181 0.000000
182 0.000000
183 0.000000
184 0.000000
185 0.000000
186 0.000000
187 0.000000
188 0.000000
189 0.000030
190 0.000245
191 0.008988
192 0.026986
193 0.016714
194 0.007793
195 0.004820
196 0.004896
197 0.007433
198 0.010000
199 0.009569
200 0.007312
201 0.000001
202 0.000000
203 0.000000
204 0.000000
205 0.000000
206 0.000000
207 0.000000
208 0.000000
209 0.000000
210 0.000000
211 0.000000
212 0.000000
213 0.000000
214 0.000000
215 0.000000
216 0.000000
217 0.000002
218 0.000301
219 0.007587
220 0.014662
221 0.006021
222 0.004499
223 0.004525
224 0.002356
225 0.003502
226 0.005285
227 0.010000
228 0.010766
229 0.003211
230 0.000000
231 0.000000
232 0.000000
233 0.000000
234 0.000000
235 0.000000
236 0.000000
237 0.000000
238 0.000000
239 0.000000
240 0.000000
241 0.000000
242 0.000000
243 0.000000
244 0.000000
245 0.000000
246 0.000160
247 0.000860
248 0.000603
249 0.000614
250 0.001271
251 0.002446
252 0.001478
253 0.001553
254 0.002356
255 0.003334
256 0.005392
257 0.008332
258 0.000042
259 0.000001
260 0.000000
261 0.000000
262 0.000000
263 0.000000
264 0.000000
265 0.000000
266 0.000000
267 0.000000
268 0.000000
269 0.000000
270 0.000000
271 0.000000
272 0.000000
273 0.000000
274 0.000004
275 0.000079
276 0.000076
277 0.000192
278 0.000394
279 0.000816
280 0.001155
281 0.000761
282 0.000791
283 0.001155
284 0.002201
285 0.002952
286 1.000000
287 0.000011
288 0.000000
289 0.000000
290 0.000000
291 0.000000
292 0.000000
293 0.000000
294 0.000000
295 0.000002
296 0.000008
297 0.000011
298 0.000000
299 0.000000
300 0.000000
301 0.000000
302 0.000001
303 0.000069
304 0.000116
305 0.000259
306 0.000405
307 0.000526
308 0.001028
309 0.000862
310 0.000609
311 0.000485
312 0.000734
313 0.000532
314 0.003780
315 0.000015
316 0.000000
317 0.000000
318 0.000000
319 0.000000
320 0.000000
321 0.000000
322 0.000003
323 0.000183
324 0.994541
325 0.003781
326 0.000001
327 0.000000
328 0.000000
329 0.000000
330 0.000000
331 0.000018
332 0.000302
333 0.000412
334 0.000512
335 0.000530
336 0.000954
337 0.000874
338 0.000810
339 0.000423
340 0.000100
341 0.000031
342 0.000089
343 0.000010
344 0.000000
345 0.000000
346 0.000000
347 0.000000
348 0.000000
349 0.000000
350 0.000027
351 0.008493
352 0.542592
353 0.004662
354 0.000039
355 0.000000
356 0.000000
357 0.000000
358 0.000000
359 0.000005
360 0.000410
361 0.000408
362 0.000337
363 0.000218
364 0.000967
365 0.000910
366 0.000414
367 0.000161
368 0.000015
369 0.000026
370 0.000004
371 0.000001
372 0.000000
373 0.000000
374 0.000000
375 0.000000
376 0.000000
377 0.000000
378 0.000072
379 0.014350
380 0.031970
381 0.001651
382 0.000241
383 0.000016
384 0.000001
385 0.000000
386 0.000000
387 0.000003
388 0.000153
389 0.000238
390 0.000124
391 0.000121
392 0.000437
393 0.000246
394 0.000114
395 0.000030
396 0.000003
397 0.000006
398 0.000001
399 0.000000
400 0.000000
401 0.000000
402 0.000000
403 0.000000
404 0.000000
405 0.000002
406 0.000075
407 0.000718
408 0.005665
409 0.003373
410 0.001926
411 0.003027
412 0.000020
413 0.000001
414 0.000000
415 0.000000
416 0.000017
417 0.000302
418 0.000263
419 0.000251
420 0.000175
421 0.000065
422 0.000037
423 0.000010
424 0.000006
425 0.000001
426 0.000000
427 0.000000
428 0.000000
429 0.000000
430 0.000000
431 0.000000
432 0.000000
433 0.000005
434 0.000006
435 0.000263
436 0.000124
437 0.003530
438 0.037152
439 0.999999
440 0.000052
441 0.000001
442 0.000000
443 0.000000
444 0.000004
445 0.001588
446 0.001609
447 0.001534
448 0.000098
449 0.000044
450 0.000030
451 0.000004
452 0.000004
453 0.000001
454 0.000000
455 0.000000
456 0.000000
457 0.000000
458 0.000000
459 0.000000
460 0.000000
461 0.000001
462 0.000024
463 0.000003
464 0.000022
465 0.000128
466 0.005089
467 0.005962
468 0.000441
469 0.000003
470 0.000000
471 0.000000
472 0.000002
473 0.001899
474 0.007435
475 0.004606
476 0.000338
477 0.000163
478 0.000048
479 0.000003
480 0.000001
481 0.000000
482 0.000000
483 0.000000
484 0.000000
485 0.000000
486 0.000001
487 0.000000
488 0.000000
489 0.000001
490 0.000001
491 0.000001
492 0.000000
493 0.000004
494 0.000180
495 0.001697
496 0.005243
497 0.000104
498 0.000002
499 0.000000
500 0.000001
501 0.000222
502 0.009127
503 0.009636
504 0.001705
505 0.000895
506 0.000121
507 0.000018
508 0.000001
509 0.000000
510 0.000000
511 0.000000
512 0.000000
513 0.000001
514 0.000002
515 0.000002
516 0.000001
517 0.000000
518 0.000000
519 0.000000
520 0.000000
521 0.000000
522 0.000009
523 0.000290
524 0.004905
525 0.999988
526 0.000063
527 0.000001
528 0.000000
529 0.000079
530 0.009721
531 0.010437
532 0.001632
533 0.001523
534 0.000191
535 0.000029
536 0.000003
537 0.000000
538 0.000000
539 0.000000
540 0.000001
541 0.000001
542 0.000004
543 0.000003
544 0.000001
545 0.000000
546 0.000000
547 0.000000
548 0.000000
549 0.000000
550 0.000000
551 0.000006
552 0.000146
553 0.004686
554 0.002787
555 0.000029
556 0.000003
557 0.000131
558 0.009997
559 0.010070
560 0.001880
561 0.001819
562 0.000115
563 0.000014
564 0.000002
565 0.000003
566 0.000008
567 0.000014
568 0.000043
569 0.000025
570 0.000008
571 0.000003
572 0.000000
573 0.000000
574 0.000000
575 0.000000
576 0.000000
577 0.000000
578 0.000000
579 0.000000
580 0.000001
581 0.000063
582 0.006896
583 0.001681
584 0.000265
585 0.010000
586 0.010000
587 0.009988
588 0.002158
589 0.001880
590 0.000304
591 0.000016
592 0.000010
593 0.000010
594 0.000069
595 0.000821
596 0.000923
597 0.000461
598 0.000097
599 0.000050
600 0.000005
601 0.000000
602 0.000000
603 0.000000
604 0.000000
605 0.000000
606 0.000000
607 0.000000
608 0.000000
609 0.000001
610 0.000093
611 0.005596
612 0.010525
613 0.010000
614 0.010000
615 0.010000
616 0.002295
617 0.002158
618 0.001880
619 0.000686
620 0.000088
621 0.000037
622 0.000118
623 0.000792
624 0.001709
625 0.000814
626 0.001126
627 0.003235
628 0.000309
629 0.000004
630 0.000000
631 0.000000
632 0.000000
633 0.000000
634 0.000000
635 0.000000
636 0.000000
637 0.000000
638 0.000038
639 0.004284
640 0.007740
641 0.010406
642 0.000000
643 0.000000
644 0.002367
645 0.002295
646 0.003354
647 0.005104
648 0.005108
649 0.000243
650 0.000060
651 0.000226
652 0.000632
653 0.002501
654 0.005609
655 0.003615
656 0.001482
657 0.001246
658 0.001262
659 0.000098
660 0.000004
661 0.000001
662 0.000000
663 0.000000
664 0.000000
665 0.000021
666 0.001091
667 0.002461
668 0.004379
669 0.000000
670 0.000000
671 0.000000
672 0.000000
673 0.003509
674 0.005223
675 0.008069
676 0.010230
677 0.010408
678 0.000704
679 0.000487
680 0.002385
681 0.006705
682 0.025644
683 0.006864
684 0.001408
685 0.003255
686 0.003998
687 0.001876
688 0.000592
689 0.000530
690 0.000089
691 0.000048
692 0.000119
693 0.000760
694 0.000843
695 0.001349
696 0.000000
697 0.000000
698 0.000000
699 0.000000
700 0.000000
701 0.000000
702 0.008119
703 0.010164
704 0.010356
705 0.010358
706 0.010423
707 0.011378
708 0.017099
709 0.030955
710 0.012207
711 0.003697
712 0.001661
713 0.005465
714 0.012406
715 0.002983
716 0.001151
717 0.000476
718 0.000604
719 0.000631
720 0.000659
721 0.000792
722 0.000949
723 0.000000
724 0.000000
725 0.000000
726 0.000000
727 0.000000
728 0.000000
729 0.000000
730 0.000000
731 0.000000
732 0.010332
733 0.010381
734 0.010386
735 0.014595
736 0.025635
737 0.019668
738 0.006136
739 0.001646
740 0.003515
741 0.007621
742 0.013900
743 0.005952
744 0.002239
745 0.000905
746 0.000631
747 0.000760
748 0.000792
749 0.000949
750 0.000000
751 0.000000
752 0.000000
753 0.000000
754 0.000000
755 0.000000
756 0.000000
757 0.000000
758 0.000028
759 0.000059
760 0.000000
761 0.010357
762 0.012182
763 0.018906
764 0.025810
765 0.009854
766 0.002807
767 0.001935
768 0.004919
769 0.011052
770 0.010000
771 0.010000
772 0.003704
773 0.001722
774 0.000729
775 0.000689
776 0.000826
777 0.000000
778 0.000048
779 0.000030
780 0.000000
781 0.000000
782 0.000000
783 0.000000
