0 0.003782
1 0.003962
2 0.003653
3 0.003962
4 0.003653
5 0.003369
6 0.003597
7 0.003223
8 0.000532
9 0.000059
10 0.000037
11 0.000032
12 0.000035
13 0.000035
14 0.000036
15 0.000040
16 0.000098
17 0.000406
18 0.004889
19 0.016623
20 0.008354
21 0.002434
22 0.001358
23 0.001274
24 0.001125
25 0.001170
26 0.001431
27 0.001502
28 0.003109
29 0.003724
30 0.003653
31 0.003653
32 0.003653
33 0.003653
34 0.003369
35 0.002627
36 0.000282
37 0.000045
38 0.000026
39 0.000024
40 0.000024
41 0.000030
42 0.000037
43 0.000057
44 0.000215
45 0.001021
46 0.002411
47 0.003101
48 0.002810
49 0.001171
50 0.000000
51 0.000000
52 0.001056
53 0.001298
54 0.001164
55 0.001431
56 0.003004
57 0.002970
58 0.003255
59 0.003653
60 0.003653
61 0.003369
62 0.003369
63 0.000950
64 0.000156
65 0.000043
66 0.000042
67 0.000018
68 0.000015
69 0.000026
70 0.000034
71 0.000125
72 0.000690
73 0.001482
74 0.000540
75 0.000533
76 0.000000
77 0.000000
78 0.000000
79 0.000000
80 0.000000
81 0.001049
82 0.001298
83 0.001164
84 0.002712
85 0.002496
86 0.002515
87 0.002903
88 0.003369
89 0.003369
90 0.003369
91 0.000378
92 0.000057
93 0.000047
94 0.000035
95 0.000023
96 0.000016
97 0.000034
98 0.000069
99 0.000344
100 0.001380
101 0.000172
102 0.000000
103 0.000000
104 0.000000
105 0.000000
106 0.000000
107 0.000000
108 0.000000
109 0.000996
110 0.001049
111 0.001298
112 0.002316
113 0.002215
114 0.001967
115 0.002325
116 0.000000
117 0.000000
118 0.000000
119 0.000000
120 0.000000
121 0.000001
122 0.000043
123 0.000029
124 0.000049
125 0.000047
126 0.000241
127 0.000016
128 0.000000
129 0.000000
130 0.000000
131 0.000000
132 0.000000
133 0.000000
134 0.000000
135 0.000000
136 0.000138
137 0.000798
138 0.000996
139 0.001237
140 0.002215
141 0.001875
142 0.001704
143 0.001717
144 0.000000
145 0.000000
146 0.000000
147 0.000000
148 0.000000
149 0.000000
150 0.000000
151 0.000000
152 0.000000
153 0.000000
154 0.000000
155 0.000000
156 0.000000
157 0.000000
158 0.000000
159 0.000000
160 0.000000
161 0.000000
162 0.000000
163 0.000000
164 0.000811
165 0.000755
166 0.000946
167 0.000996
168 0.001875
169 0.001704
170 0.001625
171 0.001479
172 0.000000
173 0.000000
174 0.000000
175 0.000000
176 0.000000
177 0.000000
178 0.000000
179 0.000000
180 0.000000
181 0.000000
182 0.000000
183 0.000000
184 0.000000
185 0.000000
186 0.000000
187 0.000000
188 0.000000
189 0.000000
190 0.000000
191 0.000001
192 0.000641
193 0.000677
194 0.000715
195 0.001109
196 0.001744
197 0.001625
198 0.001356
199 0.001227
200 0.000000
201 0.000000
202 0.000000
203 0.000000
204 0.000000
205 0.000000
206 0.000000
207 0.000000
208 0.000000
209 0.000000
210 0.000000
211 0.000000
212 0.000000
213 0.000000
214 0.000000
215 0.000000
216 0.000000
217 0.000000
218 0.000000
219 0.000009
220 0.000641
221 0.000677
222 0.000840
223 0.001060
224 0.001703
225 0.001420
226 0.001248
227 0.001167
228 0.000912
229 0.000000
230 0.000000
231 0.000000
232 0.000000
233 0.000000
234 0.000000
235 0.000000
236 0.000000
237 0.000000
238 0.000000
239 0.000000
240 0.000000
241 0.000000
242 0.000000
243 0.000000
244 0.000000
245 0.000000
246 0.000000
247 0.000000
248 0.000001
249 0.000002
250 0.000007
251 0.000025
252 0.001624
253 0.001285
254 0.001222
255 0.000541
256 0.000055
257 0.000000
258 0.000000
259 0.000000
260 0.000000
261 0.000000
262 0.000000
263 0.000000
264 0.000000
265 0.000000
266 0.000000
267 0.000000
268 0.000000
269 0.000000
270 0.000000
271 0.000000
272 0.000000
273 0.000000
274 0.000000
275 0.000000
276 0.000000
277 0.000000
278 0.000000
279 0.000000
280 0.001227
281 0.000269
282 0.000095
283 0.000017
284 0.000005
285 0.000000
286 0.000000
287 0.000000
288 0.000000
289 0.000000
290 0.000000
291 0.000000
292 0.000000
293 0.000000
294 0.000000
295 0.000000
296 0.000000
297 0.000000
298 0.000000
299 0.000000
300 0.000000
301 0.000000
302 0.000000
303 0.000000
304 0.000000
305 0.000000
306 0.000000
307 0.000000
308 0.000094
309 0.000030
310 0.000008
311 0.000003
312 0.000000
313 0.000000
314 0.000000
315 0.000000
316 0.000000
317 0.000000
318 0.000000
319 0.000000
320 0.000000
321 0.000000
322 0.000000
323 0.000000
324 0.000000
325 0.000000
326 0.000000
327 0.000000
328 0.000000
329 0.000000
330 0.000000
331 0.000000
332 0.000000
333 0.000000
334 0.000000
335 0.000000
336 0.000016
337 0.000006
338 0.000003
339 0.000002
340 0.000000
341 0.000000
342 0.000000
343 0.000000
344 0.000000
345 0.000000
346 0.000000
347 0.000000
348 0.000000
349 0.000000
350 0.000000
351 0.000000
352 0.000000
353 0.000000
354 0.000000
355 0.000000
356 0.000000
357 0.000000
358 0.000000
359 0.000000
360 0.000000
361 0.000000
362 0.000000
363 0.000001
364 0.000030
365 0.000008
366 0.000004
367 0.000002
368 0.000000
369 0.000000
370 0.000000
371 0.000000
372 0.000000
373 0.000000
374 0.000000
375 0.000000
376 0.000000
377 0.000000
378 0.000000
379 0.000000
380 0.000000
381 0.000000
382 0.000000
383 0.000000
384 0.000000
385 0.000000
386 0.000000
387 0.000000
388 0.000000
389 0.000000
390 0.000001
391 0.000001
392 0.000086
393 0.000034
394 0.000014
395 0.000001
396 0.000000
397 0.000000
398 0.000000
399 0.000000
400 0.000000
401 0.000000
402 0.000000
403 0.000000
404 0.000000
405 0.000000
406 0.000000
407 0.000000
408 0.000000
409 0.000000
410 0.000000
411 0.000000
412 0.000000
413 0.000000
414 0.000000
415 0.000000
416 0.000000
417 0.000001
418 0.000002
419 0.000003
420 0.000141
421 0.000121
422 0.000056
423 0.000001
424 0.000000
425 0.000000
426 0.000000
427 0.000000
428 0.000000
429 0.000000
430 0.000000
431 0.000000
432 0.000000
433 0.000000
434 0.000000
435 0.000000
436 0.000000
437 0.000000
438 0.000000
439 0.000000
440 0.000000
441 0.000000
442 0.000000
443 0.000000
444 0.000000
445 0.000003
446 0.000002
447 0.000002
448 0.000141
449 0.000107
450 0.000117
451 0.000000
452 0.000000
453 0.000000
454 0.000008
455 0.000137
456 0.000000
457 0.000000
458 0.000000
459 0.000000
460 0.000000
461 0.000000
462 0.000000
463 0.000000
464 0.000000
465 0.000000
466 0.000000
467 0.000000
468 0.000000
469 0.000000
470 0.000000
471 0.000000
472 0.000000
473 0.000000
474 0.000001
475 0.000001
476 0.000159
477 0.000140
478 0.000028
479 0.000000
480 0.000000
481 0.000012
482 0.014449
483 0.091313
484 0.000000
485 0.000000
486 0.000000
487 0.000000
488 0.000000
489 0.000000
490 0.000000
491 0.000000
492 0.000000
493 0.000000
494 0.000000
495 1.000000
496 0.000792
497 0.000002
498 0.000000
499 0.000000
500 0.000000
501 0.000000
502 0.000000
503 0.000001
504 0.000210
505 0.000159
506 0.000011
507 0.000000
508 0.000001
509 0.000505
510 1.000000
511 0.000109
512 0.000000
513 0.000000
514 0.000000
515 0.000000
516 0.000000
517 0.000000
518 0.000000
519 0.000000
520 0.000000
521 0.000000
522 0.000000
523 0.000065
524 0.007068
525 0.000078
526 0.000000
527 0.000000
528 0.000000
529 0.000000
530 0.000001
531 0.000003
532 0.000195
533 0.000797
534 0.000020
535 0.000000
536 0.000060
537 0.005656
538 0.000020
539 0.000000
540 0.000000
541 0.000000
542 0.000000
543 0.000000
544 0.000000
545 0.000000
546 0.000000
547 0.000000
548 0.000000
549 0.000000
550 0.000000
551 0.000000
552 0.000005
553 0.002776
554 0.000064
555 0.000001
556 0.000000
557 0.000000
558 0.000003
559 0.000004
560 0.002453
561 0.005991
562 0.000089
563 0.000009
564 0.000186
565 0.000063
566 0.000000
567 0.000000
568 0.000000
569 0.000000
570 0.000000
571 0.000000
572 0.000000
573 0.000000
574 0.000000
575 0.000000
576 0.000000
577 0.000000
578 0.000000
579 0.000000
580 0.000000
581 0.000029
582 0.081848
583 0.003208
584 0.000052
585 0.000107
586 0.000021
587 0.000008
588 0.008551
589 0.023815
590 0.001364
591 0.000107
592 0.000144
593 0.000001
594 0.000000
595 0.000000
596 0.000000
597 0.000000
598 0.000000
599 0.000000
600 0.000000
601 0.000000
602 0.000000
603 0.000000
604 0.000000
605 0.000000
606 0.000000
607 0.000000
608 0.000000
609 0.000000
610 0.000152
611 0.222913
612 0.010000
613 0.000826
614 0.000183
615 0.000051
616 0.034382
617 0.017248
618 0.010000
619 0.001465
620 0.000016
621 0.000000
622 0.000000
623 0.000000
624 0.000000
625 0.000000
626 0.000000
627 0.000000
628 0.000000
629 0.000000
630 0.000000
631 0.000000
632 0.000000
633 0.000000
634 0.000000
635 0.000000
636 0.000000
637 0.000000
638 0.000011
639 0.000962
640 0.010242
641 0.010000
642 0.000000
643 0.000000
644 0.017519
645 0.010000
646 0.003419
647 0.000982
648 0.000151
649 0.000001
650 0.000000
651 0.000000
652 0.000000
653 0.000000
654 0.000000
655 0.000000
656 0.000000
657 0.000000
658 0.000000
659 0.000000
660 0.000000
661 0.000000
662 0.000000
663 0.000000
664 0.000000
665 0.000000
666 0.000015
667 0.000124
668 0.000883
669 0.000000
670 0.000000
671 0.000000
672 0.000000
673 0.003571
674 0.001343
675 0.000430
676 0.000330
677 0.000252
678 0.000002
679 0.000001
680 0.000002
681 0.000011
682 0.000001
683 0.000000
684 0.000000
685 0.000000
686 0.000000
687 0.000000
688 0.000000
689 0.000001
690 0.000000
691 0.000000
692 0.000000
693 0.000003
694 0.000004
695 0.000023
696 0.000000
697 0.000000
698 0.000000
699 0.000000
700 0.000000
701 0.000000
702 0.000592
703 0.000372
704 0.000350
705 0.000330
706 0.000252
707 0.000237
708 0.000210
709 0.000159
710 0.000011
711 0.000000
712 0.000000
713 0.000000
714 0.000000
715 0.000000
716 0.000001
717 0.000001
718 0.000002
719 0.000002
720 0.000002
721 0.000003
722 0.000005
723 0.000000
724 0.000000
725 0.000000
726 0.000000
727 0.000000
728 0.000000
729 0.000000
730 0.000000
731 0.000000
732 0.000372
733 0.000350
734 0.000269
735 0.000252
736 0.000237
737 0.000181
738 0.000159
739 0.000001
740 0.000000
741 0.000000
742 0.000000
743 0.000000
744 0.000001
745 0.000002
746 0.000002
747 0.000003
748 0.000003
749 0.000005
750 0.000000
751 0.000000
752 0.000000
753 0.000000
754 0.000000
755 0.000000
756 0.000000
757 0.000000
758 0.000000
759 0.000000
760 0.000000
761 0.000372
762 0.000350
763 0.000269
764 0.000252
765 0.000237
766 0.000223
767 0.000006
768 0.000000
769 0.000000
770 0.000000
771 0.000001
772 0.000002
773 0.000002
774 0.000002
775 0.000002
776 0.000003
777 0.000000
778 0.000001
779 0.000001
780 0.000000
781 0.000000
782 0.000000
783 0.000000
