0 0.005621
1 0.006094
2 0.006174
3 0.008509
4 0.012871
5 0.017866
6 0.014120
7 0.006887
8 0.001344
9 0.000404
10 0.000501
11 0.001115
12 0.002124
13 0.015722
14 0.007973
15 0.001136
16 0.000276
17 0.000150
18 0.000335
19 0.001006
20 0.001901
21 0.001972
22 0.002554
23 0.003978
24 0.005431
25 0.008223
26 0.008348
27 0.007586
28 0.004579
29 0.005554
30 0.005826
31 0.006174
32 0.008949
33 0.014258
34 0.017233
35 0.009606
36 0.001298
37 0.000299
38 0.000272
39 0.001013
40 0.002777
41 0.012470
42 0.012680
43 0.003848
44 0.000173
45 0.000112
46 0.000161
47 0.000651
48 0.001619
49 0.002121
50 0.000004
51 0.000001
52 0.008223
53 0.008348
54 0.006737
55 0.005139
56 0.004155
57 0.004420
58 0.005004
59 0.005826
60 0.006174
61 0.009656
62 0.014940
63 0.007260
64 0.001673
65 0.000362
66 0.000458
67 0.000829
68 0.003310
69 0.003819
70 0.017401
71 0.004233
72 0.000302
73 0.000078
74 0.000092
75 0.000311
76 0.000016
77 0.000000
78 0.000001
79 0.000001
80 0.000001
81 0.006658
82 0.004991
83 0.003367
84 0.003707
85 0.003601
86 0.003884
87 0.004661
88 0.005582
89 0.006407
90 0.009656
91 0.003575
92 0.001211
93 0.000693
94 0.000792
95 0.001568
96 0.001964
97 0.003983
98 0.006179
99 0.005040
100 0.001139
101 0.000037
102 0.000001
103 0.000000
104 0.000000
105 0.000001
106 0.000001
107 0.000018
108 0.000108
109 0.004290
110 0.003198
111 0.002469
112 0.003282
113 0.003170
114 0.002993
115 0.003654
116 0.000000
117 0.000000
118 0.000000
119 0.000000
120 0.000002
121 0.000527
122 0.002819
123 0.003374
124 0.002558
125 0.002108
126 0.001743
127 0.000904
128 0.000025
129 0.000000
130 0.000000
131 0.000000
132 0.000000
133 0.000015
134 0.000094
135 0.000107
136 0.000921
137 0.002688
138 0.002052
139 0.002454
140 0.003222
141 0.002786
142 0.002586
143 0.002646
144 0.000000
145 0.000000
146 0.000000
147 0.000000
148 0.000000
149 0.000000
150 0.000002
151 0.000006
152 0.000041
153 0.000009
154 0.000015
155 0.000003
156 0.000001
157 0.000000
158 0.000000
159 0.000001
160 0.000048
161 0.000354
162 0.000095
163 0.000139
164 0.002513
165 0.001695
166 0.002098
167 0.002316
168 0.004647
169 0.003048
170 0.002493
171 0.002316
172 0.000005
173 0.000000
174 0.000000
175 0.000000
176 0.000000
177 0.000000
178 0.000000
179 0.000000
180 0.000000
181 0.000000
182 0.000000
183 0.000000
184 0.000000
185 0.000001
186 0.000005
187 0.000023
188 0.000097
189 0.000076
190 0.000064
191 0.000393
192 0.001516
193 0.001741
194 0.002031
195 0.002716
196 0.006954
197 0.004994
198 0.003228
199 0.002033
200 0.001109
201 0.000000
202 0.000000
203 0.000000
204 0.000000
205 0.000000
206 0.000000
207 0.000000
208 0.000000
209 0.000000
210 0.000000
211 0.000000
212 0.000000
213 0.000002
214 0.000006
215 0.000004
216 0.000000
217 0.000001
218 0.000031
219 0.000162
220 0.001771
221 0.002107
222 0.002536
223 0.003075
224 0.010003
225 0.007750
226 0.005419
227 0.003334
228 0.001957
229 0.000015
230 0.000000
231 0.000000
232 0.000000
233 0.000000
234 0.000000
235 0.000000
236 0.000000
237 0.000000
238 0.000001
239 0.000005
240 0.000023
241 0.000447
242 0.000193
243 0.000000
244 0.000000
245 0.000000
246 0.000002
247 0.000078
248 0.000185
249 0.000343
250 0.000688
251 0.001280
252 0.010003
253 0.010004
254 0.009596
255 0.004423
256 0.001141
257 0.000029
258 0.000000
259 0.000000
260 0.000000
261 0.000000
262 0.000000
263 0.000000
264 0.000000
265 0.000000
266 0.000001
267 0.000022
268 0.000374
269 0.999995
270 0.001214
271 0.000005
272 0.000000
273 0.000000
274 0.000001
275 0.000032
276 0.000035
277 0.000084
278 0.000162
279 0.000325
280 0.005530
281 0.004499
282 0.003779
283 0.002110
284 0.000855
285 0.000008
286 0.000000
287 0.000000
288 0.000000
289 0.000000
290 0.000000
291 0.000000
292 0.000000
293 0.000000
294 0.000001
295 0.000014
296 0.000213
297 0.000099
298 0.000196
299 0.000036
300 0.000002
301 0.000001
302 0.000004
303 0.000372
304 0.000276
305 0.000270
306 0.000239
307 0.000284
308 0.001716
309 0.001149
310 0.000954
311 0.000887
312 0.000197
313 0.000005
314 0.000001
315 0.000000
316 0.000000
317 0.000000
318 0.000000
319 0.000000
320 0.000000
321 0.000004
322 0.000022
323 0.000122
324 0.000011
325 0.000004
326 0.000001
327 0.000012
328 0.000006
329 0.000001
330 0.000031
331 0.000844
332 0.002757
333 0.002106
334 0.001794
335 0.001334
336 0.000761
337 0.000535
338 0.000497
339 0.000411
340 0.000031
341 0.000003
342 0.000013
343 0.000073
344 0.000003
345 0.000000
346 0.000000
347 0.000000
348 0.000000
349 0.000014
350 0.000313
351 0.000201
352 0.000042
353 0.000001
354 0.000001
355 0.000007
356 0.000005
357 0.000001
358 0.000005
359 0.000201
360 0.009106
361 0.009104
362 0.007904
363 0.002891
364 0.001121
365 0.000641
366 0.000379
367 0.000321
368 0.000008
369 0.000002
370 0.000110
371 0.999994
372 0.000027
373 0.000000
374 0.000000
375 0.000000
376 0.000000
377 0.000003
378 0.000032
379 0.000289
380 0.000108
381 0.000011
382 0.000004
383 0.000004
384 0.000005
385 0.000002
386 0.000001
387 0.000019
388 0.001360
389 0.004291
390 0.003230
391 0.002113
392 0.001471
393 0.001120
394 0.001417
395 0.000203
396 0.000003
397 0.000004
398 0.000189
399 0.001060
400 0.000122
401 0.000001
402 0.000000
403 0.000000
404 0.000000
405 0.000000
406 0.000001
407 0.000014
408 0.000140
409 0.000768
410 0.000280
411 0.000028
412 0.000003
413 0.000006
414 0.000001
415 0.000001
416 0.000026
417 0.000403
418 0.000519
419 0.000669
420 0.002246
421 0.003358
422 0.004649
423 0.000366
424 0.000014
425 0.000007
426 0.000132
427 0.000057
428 0.000017
429 0.000001
430 0.000001
431 0.000000
432 0.000000
433 0.000000
434 0.000000
435 0.000001
436 0.000019
437 0.001927
438 0.019159
439 0.000392
440 0.000032
441 0.000008
442 0.000000
443 0.000000
444 0.000001
445 0.000053
446 0.000110
447 0.000213
448 0.003412
449 0.004428
450 0.013224
451 0.000213
452 0.000011
453 0.000060
454 0.000277
455 0.000016
456 0.000002
457 0.000004
458 0.000002
459 0.000000
460 0.000000
461 0.000000
462 0.000000
463 0.000000
464 0.000001
465 0.000086
466 0.999990
467 0.001519
468 0.000029
469 0.000004
470 0.000000
471 0.000000
472 0.000000
473 0.000009
474 0.000035
475 0.000106
476 0.007805
477 0.008866
478 0.002960
479 0.000016
480 0.000016
481 0.001125
482 0.000164
483 0.000033
484 0.000014
485 0.000022
486 0.000001
487 0.000000
488 0.000000
489 0.000001
490 0.000001
491 0.000000
492 0.000000
493 0.000002
494 0.000015
495 0.000385
496 0.000045
497 0.000007
498 0.000001
499 0.000000
500 0.000000
501 0.000003
502 0.000086
503 0.000153
504 0.010002
505 0.008062
506 0.000417
507 0.000013
508 0.000050
509 0.000118
510 0.000066
511 0.000028
512 0.000048
513 0.000053
514 0.000110
515 0.000010
516 0.000004
517 0.000001
518 0.000001
519 0.000000
520 0.000000
521 0.000000
522 0.000000
523 0.000001
524 0.000062
525 0.000022
526 0.000006
527 0.000001
528 0.000000
529 0.000007
530 0.000288
531 0.000558
532 0.007354
533 0.004865
534 0.000132
535 0.000018
536 0.000248
537 0.000070
538 0.000004
539 0.000006
540 0.000017
541 0.000703
542 0.004301
543 0.013231
544 0.001694
545 0.000016
546 0.000000
547 0.000000
548 0.000000
549 0.000000
550 0.000000
551 0.000000
552 0.000002
553 0.000178
554 0.000041
555 0.000008
556 0.000006
557 0.000088
558 0.001082
559 0.000708
560 0.004648
561 0.005634
562 0.000244
563 0.000161
564 0.000135
565 0.000014
566 0.000005
567 0.000011
568 0.000078
569 0.000541
570 0.999992
571 0.065951
572 0.001362
573 0.000008
574 0.000000
575 0.000000
576 0.000000
577 0.000000
578 0.000000
579 0.000000
580 0.000001
581 0.000027
582 0.000276
583 0.000131
584 0.000185
585 0.004884
586 0.002539
587 0.001616
588 0.005909
589 0.009193
590 0.001795
591 0.000301
592 0.000073
593 0.000004
594 0.000012
595 0.000141
596 0.001182
597 0.002212
598 0.000376
599 0.000053
600 0.000003
601 0.000001
602 0.000001
603 0.000002
604 0.000002
605 0.000002
606 0.000000
607 0.000000
608 0.000000
609 0.000003
610 0.000097
611 0.000771
612 0.010007
613 0.009315
614 0.005884
615 0.003630
616 0.010808
617 0.014996
618 0.014685
619 0.001934
620 0.000073
621 0.000056
622 0.000289
623 0.001111
624 0.000371
625 0.000058
626 0.000011
627 0.000005
628 0.000004
629 0.000003
630 0.000004
631 0.000031
632 0.000231
633 0.000042
634 0.000015
635 0.000015
636 0.000002
637 0.000003
638 0.000086
639 0.004076
640 0.008342
641 0.010007
642 0.000000
643 0.000000
644 0.015573
645 0.014923
646 0.010002
647 0.010002
648 0.006472
649 0.001834
650 0.000973
651 0.000091
652 0.000023
653 0.000030
654 0.000065
655 0.000102
656 0.000299
657 0.001318
658 0.000769
659 0.000114
660 0.000028
661 0.000015
662 0.000068
663 0.000058
664 0.000013
665 0.000036
666 0.000875
667 0.002082
668 0.004204
669 0.000000
670 0.000000
671 0.000000
672 0.000000
673 0.010002
674 0.010002
675 0.010001
676 0.010000
677 0.010000
678 0.000725
679 0.000265
680 0.000706
681 0.001790
682 0.005711
683 0.001677
684 0.001716
685 0.003728
686 0.002157
687 0.000626
688 0.000137
689 0.000191
690 0.000126
691 0.000066
692 0.000119
693 0.000507
694 0.000564
695 0.001113
696 0.000000
697 0.000000
698 0.000000
699 0.000000
700 0.000000
701 0.000000
702 0.010001
703 0.010000
704 0.010000
705 0.010000
706 0.010000
707 0.012917
708 0.012035
709 0.006931
710 0.002403
711 0.001641
712 0.002756
713 0.006746
714 0.004977
715 0.001182
716 0.000228
717 0.000174
718 0.000390
719 0.000410
720 0.000431
721 0.000532
722 0.000654
723 0.000000
724 0.000000
725 0.000000
726 0.000000
727 0.000000
728 0.000000
729 0.000000
730 0.000000
731 0.000000
732 0.010000
733 0.010000
734 0.010001
735 0.012710
736 0.007638
737 0.003574
738 0.001928
739 0.002026
740 0.004265
741 0.008370
742 0.008024
743 0.002086
744 0.000474
745 0.000222
746 0.000410
747 0.000507
748 0.000532
749 0.000654
750 0.000000
751 0.000001
752 0.000000
753 0.000000
754 0.000000
755 0.000000
756 0.000000
757 0.000000
758 0.000000
759 0.000000
760 0.000000
761 0.010001
762 0.012516
763 0.008634
764 0.005480
765 0.002364
766 0.002164
767 0.003173
768 0.005885
769 0.010006
770 0.010026
771 0.002775
772 0.000796
773 0.000452
774 0.000413
775 0.000453
776 0.000558
777 0.000213
778 0.000286
779 0.000252
780 0.000193
781 0.000011
782 0.000000
783 0.000000
