0 0.005025
1 0.006092
2 0.005828
3 0.006093
4 0.005828
5 0.005127
6 0.003575
7 0.002211
8 0.000497
9 0.000124
10 0.000126
11 0.000253
12 0.000575
13 0.000799
14 0.000501
15 0.000285
16 0.000236
17 0.000328
18 0.001106
19 0.003100
20 0.003548
21 0.002666
22 0.002169
23 0.002341
24 0.003003
25 0.004635
26 0.007061
27 0.008291
28 0.003636
29 0.004906
30 0.005828
31 0.005829
32 0.005829
33 0.005829
34 0.004605
35 0.002247
36 0.000295
37 0.000068
38 0.000062
39 0.000114
40 0.000271
41 0.000765
42 0.001041
43 0.000744
44 0.000464
45 0.000307
46 0.000350
47 0.001003
48 0.002412
49 0.001919
50 0.000002
51 0.000000
52 0.004540
53 0.007019
54 0.008163
55 0.008291
56 0.002994
57 0.003443
58 0.004237
59 0.005828
60 0.005829
61 0.005578
62 0.005577
63 0.001799
64 0.000249
65 0.000058
66 0.000056
67 0.000053
68 0.000111
69 0.000390
70 0.001516
71 0.002001
72 0.000867
73 0.000217
74 0.000123
75 0.000326
76 0.000014
77 0.000000
78 0.000000
79 0.000000
80 0.000000
81 0.008163
82 0.008291
83 0.007854
84 0.002678
85 0.002462
86 0.002881
87 0.003871
88 0.005577
89 0.005578
90 0.005578
91 0.001162
92 0.000176
93 0.000071
94 0.000038
95 0.000033
96 0.000050
97 0.000262
98 0.002163
99 0.007084
100 0.001659
101 0.000117
102 0.000001
103 0.000000
104 0.000000
105 0.000000
106 0.000000
107 0.000000
108 0.000008
109 0.009118
110 0.008078
111 0.005872
112 0.004155
113 0.002462
114 0.001911
115 0.002627
116 0.000000
117 0.000000
118 0.000000
119 0.000001
120 0.000001
121 0.000039
122 0.000055
123 0.000029
124 0.000036
125 0.000194
126 0.002051
127 0.001279
128 0.000030
129 0.000000
130 0.000000
131 0.000000
132 0.000000
133 0.000002
134 0.000001
135 0.000008
136 0.000606
137 0.006917
138 0.005103
139 0.003872
140 0.006740
141 0.003932
142 0.002172
143 0.001591
144 0.000000
145 0.000000
146 0.000000
147 0.000000
148 0.000000
149 0.000000
150 0.000000
151 0.000000
152 0.000001
153 0.000002
154 0.000016
155 0.000004
156 0.000000
157 0.000000
158 0.000000
159 0.000000
160 0.000002
161 0.000053
162 0.000008
163 0.000009
164 0.006711
165 0.004269
166 0.003198
167 0.002367
168 0.010002
169 0.006499
170 0.004171
171 0.002213
172 0.000001
173 0.000000
174 0.000000
175 0.000000
176 0.000000
177 0.000000
178 0.000000
179 0.000000
180 0.000000
181 0.000000
182 0.000000
183 0.000000
184 0.000000
185 0.000000
186 0.000000
187 0.000001
188 0.000006
189 0.000016
190 0.000009
191 0.000017
192 0.003547
193 0.002527
194 0.002249
195 0.003789
196 0.010003
197 0.010003
198 0.007372
199 0.003887
200 0.000034
201 0.000000
202 0.000000
203 0.000000
204 0.000000
205 0.000000
206 0.000000
207 0.000000
208 0.000000
209 0.000000
210 0.000000
211 0.000000
212 0.000000
213 0.000000
214 0.000000
215 0.000001
216 0.000002
217 0.000000
218 0.000002
219 0.000211
220 0.002695
221 0.002591
222 0.003664
223 0.005758
224 0.005584
225 0.008581
226 0.010004
227 0.008476
228 0.004272
229 0.000000
230 0.000000
231 0.000000
232 0.000000
233 0.000000
234 0.000000
235 0.000000
236 0.000000
237 0.000000
238 0.000000
239 0.000000
240 0.000001
241 0.000004
242 0.000010
243 0.000004
244 0.000000
245 0.000000
246 0.000000
247 0.000178
248 0.000382
249 0.000797
250 0.001683
251 0.002705
252 0.002661
253 0.003907
254 0.006150
255 0.007548
256 0.003355
257 0.000000
258 0.000000
259 0.000000
260 0.000000
261 0.000000
262 0.000000
263 0.000000
264 0.000000
265 0.000000
266 0.000000
267 0.000000
268 0.000001
269 0.000104
270 0.999992
271 0.000118
272 0.000000
273 0.000000
274 0.000000
275 0.000229
276 0.000230
277 0.000305
278 0.000390
279 0.000507
280 0.001200
281 0.000895
282 0.000987
283 0.000865
284 0.001048
285 0.000002
286 0.000000
287 0.000000
288 0.000000
289 0.000000
290 0.000000
291 0.000003
292 0.000005
293 0.000000
294 0.000000
295 0.000000
296 0.000001
297 0.000031
298 0.000330
299 0.000214
300 0.000001
301 0.000000
302 0.000006
303 0.002415
304 0.001481
305 0.001077
306 0.000511
307 0.000289
308 0.000543
309 0.000279
310 0.000145
311 0.000135
312 0.000044
313 0.000002
314 0.000000
315 0.000000
316 0.000000
317 0.000001
318 0.000001
319 0.000002
320 0.000002
321 0.000002
322 0.000001
323 0.000001
324 0.000001
325 0.000001
326 0.000004
327 0.000013
328 0.000000
329 0.000000
330 0.000016
331 0.000867
332 0.005603
333 0.002441
334 0.001196
335 0.000657
336 0.000323
337 0.000164
338 0.000109
339 0.000056
340 0.000003
341 0.000000
342 0.000000
343 0.000000
344 0.000002
345 0.000054
346 0.000005
347 0.000000
348 0.000000
349 0.000002
350 0.000067
351 0.000166
352 0.000004
353 0.000001
354 0.000001
355 0.000000
356 0.000000
357 0.000000
358 0.000001
359 0.000027
360 0.001741
361 0.001625
362 0.001182
363 0.001067
364 0.000242
365 0.000219
366 0.000138
367 0.000071
368 0.000001
369 0.000000
370 0.000000
371 0.000000
372 0.000002
373 0.999995
374 0.000008
375 0.000000
376 0.000000
377 0.000001
378 0.000213
379 0.002057
380 0.000160
381 0.000004
382 0.000000
383 0.000000
384 0.000000
385 0.000000
386 0.000000
387 0.000001
388 0.000084
389 0.000395
390 0.000669
391 0.001067
392 0.000133
393 0.000105
394 0.000089
395 0.000016
396 0.000000
397 0.000000
398 0.000000
399 0.000000
400 0.000001
401 0.000011
402 0.000009
403 0.000000
404 0.000000
405 0.000001
406 0.000007
407 0.000231
408 0.004238
409 0.000170
410 0.000001
411 0.000000
412 0.000000
413 0.000001
414 0.000000
415 0.000000
416 0.000002
417 0.000124
418 0.000229
419 0.000394
420 0.000104
421 0.000066
422 0.000095
423 0.000009
424 0.000000
425 0.000000
426 0.000000
427 0.000000
428 0.000000
429 0.000000
430 0.000001
431 0.000006
432 0.000013
433 0.000001
434 0.000001
435 0.000006
436 0.000185
437 0.999989
438 0.000008
439 0.000000
440 0.000000
441 0.000000
442 0.000000
443 0.000000
444 0.000000
445 0.000042
446 0.000083
447 0.000155
448 0.000187
449 0.000215
450 0.000228
451 0.000003
452 0.000000
453 0.000000
454 0.000000
455 0.000001
456 0.000000
457 0.000000
458 0.000000
459 0.000030
460 0.000028
461 0.000012
462 0.000001
463 0.000002
464 0.000005
465 0.000016
466 0.000009
467 0.000000
468 0.000000
469 0.000000
470 0.000000
471 0.000000
472 0.000000
473 0.000008
474 0.000037
475 0.000090
476 0.001733
477 0.001445
478 0.000442
479 0.000001
480 0.000000
481 0.000000
482 0.000000
483 0.000000
484 0.000000
485 0.000000
486 0.000001
487 0.000022
488 0.000027
489 0.000010
490 0.000004
491 0.000001
492 0.000000
493 0.000000
494 0.000000
495 0.000001
496 0.000001
497 0.000000
498 0.000000
499 0.000000
500 0.000000
501 0.000002
502 0.000106
503 0.000202
504 0.009764
505 0.010806
506 0.000301
507 0.000001
508 0.000000
509 0.000000
510 0.000000
511 0.000000
512 0.000000
513 0.000000
514 0.000001
515 0.000009
516 0.000029
517 0.000003
518 0.000001
519 0.000000
520 0.000000
521 0.000000
522 0.000000
523 0.000000
524 0.000002
525 0.000001
526 0.000000
527 0.000001
528 0.000000
529 0.000003
530 0.000367
531 0.000724
532 0.013902
533 0.010002
534 0.000242
535 0.000002
536 0.000002
537 0.000001
538 0.000001
539 0.000001
540 0.000008
541 0.000003
542 0.000002
543 0.000003
544 0.000002
545 0.000001
546 0.000000
547 0.000000
548 0.000000
549 0.000000
550 0.000000
551 0.000000
552 0.000001
553 0.000004
554 0.000004
555 0.000003
556 0.000003
557 0.000035
558 0.001205
559 0.000814
560 0.010002
561 0.010001
562 0.000155
563 0.000004
564 0.000003
565 0.000004
566 0.000013
567 0.000355
568 0.002725
569 0.000119
570 0.000001
571 0.000000
572 0.000000
573 0.000000
574 0.000000
575 0.000000
576 0.000000
577 0.000000
578 0.000000
579 0.000000
580 0.000000
581 0.000005
582 0.000028
583 0.000016
584 0.000060
585 0.004776
586 0.002618
587 0.001728
588 0.010001
589 0.006675
590 0.000542
591 0.000009
592 0.000006
593 0.000018
594 0.000308
595 0.999920
596 0.004279
597 0.000039
598 0.000001
599 0.000000
600 0.000000
601 0.000000
602 0.000000
603 0.000000
604 0.000000
605 0.000000
606 0.000000
607 0.000000
608 0.000000
609 0.000001
610 0.000017
611 0.000110
612 0.010008
613 0.009076
614 0.005669
615 0.003622
616 0.006841
617 0.004556
618 0.002753
619 0.000525
620 0.000113
621 0.000551
622 0.009997
623 0.000637
624 0.000066
625 0.000004
626 0.000000
627 0.000000
628 0.000001
629 0.000017
630 0.000015
631 0.000004
632 0.000000
633 0.000000
634 0.000000
635 0.000000
636 0.000000
637 0.000001
638 0.000036
639 0.003993
640 0.007726
641 0.010008
642 0.000000
643 0.000000
644 0.004782
645 0.003253
646 0.003542
647 0.005097
648 0.006060
649 0.003720
650 0.000430
651 0.000034
652 0.000005
653 0.000014
654 0.000010
655 0.000008
656 0.000092
657 0.002419
658 0.007663
659 0.000749
660 0.000031
661 0.000005
662 0.000001
663 0.000001
664 0.000001
665 0.000020
666 0.000997
667 0.002184
668 0.004130
669 0.000000
670 0.000000
671 0.000000
672 0.000000
673 0.003673
674 0.005214
675 0.007587
676 0.010000
677 0.010000
678 0.000367
679 0.000228
680 0.000444
681 0.001731
682 0.002840
683 0.000519
684 0.000322
685 0.001435
686 0.002918
687 0.001877
688 0.000736
689 0.001497
690 0.001187
691 0.000098
692 0.000106
693 0.000664
694 0.000724
695 0.001245
696 0.000000
697 0.000000
698 0.000000
699 0.000000
700 0.000000
701 0.000000
702 0.007623
703 0.010000
704 0.010000
705 0.010001
706 0.010002
707 0.010003
708 0.010002
709 0.010001
710 0.005425
711 0.001156
712 0.000304
713 0.000725
714 0.001204
715 0.001375
716 0.001293
717 0.003421
718 0.004965
719 0.002203
720 0.001040
721 0.000694
722 0.000836
723 0.000000
724 0.000000
725 0.000000
726 0.000000
727 0.000000
728 0.000000
729 0.000000
730 0.000000
731 0.000000
732 0.010001
733 0.010002
734 0.010003
735 0.010002
736 0.010001
737 0.010000
738 0.010001
739 0.002087
740 0.000525
741 0.000332
742 0.000511
743 0.000666
744 0.001971
745 0.005199
746 0.010004
747 0.004306
748 0.001981
749 0.001119
750 0.000000
751 0.000000
752 0.000000
753 0.000000
754 0.000000
755 0.000000
756 0.000000
757 0.000000
758 0.000000
759 0.000001
760 0.000000
761 0.010002
762 0.010002
763 0.010001
764 0.010001
765 0.010000
766 0.010002
767 0.003820
768 0.000908
769 0.000182
770 0.000233
771 0.000474
772 0.002958
773 0.007742
774 0.010005
775 0.007146
776 0.003781
777 0.000000
778 0.000221
779 0.000139
780 0.000001
781 0.000000
782 0.000000
783 0.000000
