0 0.009286
1 0.005701
2 0.002401
3 0.001592
4 0.001271
5 0.001011
6 0.000885
7 0.000828
8 0.000171
9 0.000084
10 0.000174
11 0.000425
12 0.000320
13 0.000156
14 0.000042
15 0.000017
16 0.000010
17 0.000008
18 0.000049
19 0.000365
20 0.001100
21 0.001175
22 0.001520
23 0.002352
24 0.002950
25 0.004141
26 0.005088
27 0.005088
28 0.012844
29 0.010629
30 0.006081
31 0.002422
32 0.001199
33 0.001054
34 0.000828
35 0.000503
36 0.000060
37 0.000061
38 0.000188
39 0.000322
40 0.000226
41 0.000073
42 0.000023
43 0.000009
44 0.000007
45 0.000007
46 0.000015
47 0.000157
48 0.000934
49 0.001294
50 0.000048
51 0.000000
52 0.004429
53 0.005088
54 0.004816
55 0.005087
56 0.008339
57 0.013897
58 0.011918
59 0.006723
60 0.002598
61 0.000832
62 0.000775
63 0.000207
64 0.000039
65 0.000063
66 0.000376
67 0.000229
68 0.000100
69 0.000023
70 0.000009
71 0.000006
72 0.000006
73 0.000005
74 0.000006
75 0.000046
76 0.000039
77 0.000001
78 0.000000
79 0.000000
80 0.000000
81 0.004816
82 0.005087
83 0.004811
84 0.008580
85 0.008195
86 0.014811
87 0.012709
88 0.006709
89 0.002266
90 0.000683
91 0.000074
92 0.000031
93 0.000087
94 0.000287
95 0.000202
96 0.000041
97 0.000013
98 0.000006
99 0.000004
100 0.000005
101 0.000002
102 0.000001
103 0.000001
104 0.000000
105 0.000001
106 0.000000
107 0.000000
108 0.000001
109 0.004814
110 0.004812
111 0.003744
112 0.009162
113 0.008580
114 0.008053
115 0.016760
116 0.000000
117 0.000000
118 0.000000
119 0.000000
120 0.000001
121 0.000087
122 0.000217
123 0.000120
124 0.000016
125 0.000006
126 0.000004
127 0.000001
128 0.000001
129 0.000001
130 0.000000
131 0.000000
132 0.000000
133 0.000000
134 0.000001
135 0.000001
136 0.000167
137 0.004065
138 0.003110
139 0.002514
140 0.009827
141 0.009162
142 0.008580
143 0.008181
144 0.000007
145 0.000000
146 0.000000
147 0.000000
148 0.000000
149 0.000000
150 0.000000
151 0.000000
152 0.000000
153 0.000000
154 0.000001
155 0.000001
156 0.000001
157 0.000000
158 0.000000
159 0.000000
160 0.000000
161 0.000001
162 0.000001
163 0.000002
164 0.004244
165 0.002549
166 0.002027
167 0.001527
168 0.010001
169 0.009827
170 0.009320
171 0.008719
172 0.006289
173 0.000064
174 0.000000
175 0.000000
176 0.000000
177 0.000000
178 0.000000
179 0.000000
180 0.000000
181 0.000000
182 0.000000
183 0.000000
184 0.000000
185 0.000000
186 0.000000
187 0.000001
188 0.000001
189 0.000001
190 0.000001
191 0.000045
192 0.002186
193 0.001561
194 0.001026
195 0.001259
196 0.005449
197 0.010001
198 0.010002
199 0.009320
200 0.008727
201 0.000171
202 0.000008
203 0.000001
204 0.000001
205 0.000000
206 0.000000
207 0.000000
208 0.000000
209 0.000000
210 0.000000
211 0.000000
212 0.000000
213 0.000000
214 0.000000
215 0.000000
216 0.000001
217 0.000000
218 0.000001
219 0.000045
220 0.001357
221 0.000872
222 0.000948
223 0.001141
224 0.001984
225 0.003479
226 0.006357
227 0.010002
228 0.009486
229 0.001948
230 0.000003
231 0.000003
232 0.000032
233 0.000001
234 0.000000
235 0.000000
236 0.000000
237 0.000000
238 0.000000
239 0.000000
240 0.000000
241 0.000000
242 0.000001
243 0.000000
244 0.000000
245 0.000000
246 0.000001
247 0.000099
248 0.000115
249 0.000158
250 0.000288
251 0.000415
252 0.000726
253 0.001157
254 0.002071
255 0.003104
256 0.001806
257 0.000058
258 0.000034
259 0.000037
260 0.000282
261 0.000114
262 0.000002
263 0.000000
264 0.000000
265 0.000000
266 0.000000
267 0.000000
268 0.000000
269 0.000001
270 0.000001
271 0.000000
272 0.000000
273 0.000000
274 0.000000
275 0.000014
276 0.000024
277 0.000039
278 0.000059
279 0.000101
280 0.000524
281 0.000171
282 0.000138
283 0.000166
284 0.001622
285 0.000115
286 0.000376
287 0.002903
288 0.000541
289 0.000007
290 0.000003
291 0.000001
292 0.000000
293 0.000000
294 0.000000
295 0.000000
296 0.000001
297 0.000001
298 0.000000
299 0.000000
300 0.000000
301 0.000000
302 0.000000
303 0.000015
304 0.000021
305 0.000028
306 0.000035
307 0.000061
308 0.000101
309 0.000082
310 0.000234
311 0.000367
312 0.000223
313 0.000108
314 0.001382
315 0.999985
316 0.000003
317 0.000001
318 0.000001
319 0.000001
320 0.000000
321 0.000000
322 0.000001
323 0.000001
324 0.000001
325 0.000001
326 0.000000
327 0.000000
328 0.000000
329 0.000000
330 0.000000
331 0.000002
332 0.000021
333 0.000033
334 0.000060
335 0.000141
336 0.000377
337 0.000619
338 0.000960
339 0.001416
340 0.000039
341 0.000004
342 0.000078
343 0.000066
344 0.000001
345 0.000000
346 0.000000
347 0.000001
348 0.000003
349 0.000002
350 0.000005
351 0.000002
352 0.000001
353 0.000000
354 0.000000
355 0.000000
356 0.000000
357 0.000000
358 0.000000
359 0.000000
360 0.000038
361 0.000078
362 0.000166
363 0.000279
364 0.001454
365 0.002611
366 0.001682
367 0.000174
368 0.000002
369 0.000001
370 0.000007
371 0.000002
372 0.000001
373 0.000000
374 0.000000
375 0.000001
376 0.000014
377 0.006829
378 0.000825
379 0.000003
380 0.000001
381 0.000000
382 0.000000
383 0.000000
384 0.000000
385 0.000000
386 0.000000
387 0.000000
388 0.000022
389 0.000237
390 0.000360
391 0.000407
392 0.001485
393 0.000373
394 0.000175
395 0.000011
396 0.000001
397 0.000001
398 0.000001
399 0.000001
400 0.000001
401 0.000000
402 0.000000
403 0.000002
404 0.000206
405 0.999961
406 0.001549
407 0.000002
408 0.000000
409 0.000000
410 0.000000
411 0.000000
412 0.000000
413 0.000000
414 0.000000
415 0.000000
416 0.000004
417 0.000336
418 0.000399
419 0.000377
420 0.000243
421 0.000134
422 0.000053
423 0.000001
424 0.000000
425 0.000001
426 0.000001
427 0.000000
428 0.000001
429 0.000001
430 0.000001
431 0.000004
432 0.000076
433 0.000048
434 0.000005
435 0.000002
436 0.000001
437 0.000001
438 0.000001
439 0.000001
440 0.000000
441 0.000000
442 0.000000
443 0.000000
444 0.000001
445 0.000351
446 0.000214
447 0.000142
448 0.000187
449 0.000043
450 0.000013
451 0.000000
452 0.000001
453 0.000001
454 0.000000
455 0.000000
456 0.000001
457 0.000001
458 0.000002
459 0.000004
460 0.000002
461 0.000001
462 0.000001
463 0.000001
464 0.000003
465 0.000002
466 0.000002
467 0.000001
468 0.000000
469 0.000000
470 0.000000
471 0.000000
472 0.000000
473 0.000017
474 0.000070
475 0.000084
476 0.000343
477 0.000069
478 0.000004
479 0.000000
480 0.000001
481 0.000001
482 0.000000
483 0.000000
484 0.000001
485 0.000002
486 0.000003
487 0.000001
488 0.000001
489 0.000000
490 0.000001
491 0.000001
492 0.000014
493 0.003346
494 0.000070
495 0.000003
496 0.000001
497 0.000000
498 0.000000
499 0.000000
500 0.000000
501 0.000001
502 0.000091
503 0.000190
504 0.001166
505 0.000358
506 0.000005
507 0.000001
508 0.000001
509 0.000000
510 0.000000
511 0.000000
512 0.000001
513 0.000002
514 0.000001
515 0.000001
516 0.000000
517 0.000000
518 0.000000
519 0.000002
520 0.000082
521 0.999979
522 0.015709
523 0.000010
524 0.000001
525 0.000000
526 0.000000
527 0.000000
528 0.000000
529 0.000001
530 0.000426
531 0.001043
532 0.000809
533 0.000738
534 0.000010
535 0.000001
536 0.000001
537 0.000000
538 0.000000
539 0.000001
540 0.000001
541 0.000001
542 0.000001
543 0.000000
544 0.000000
545 0.000001
546 0.000001
547 0.000002
548 0.000009
549 0.000020
550 0.000013
551 0.000075
552 0.000007
553 0.000001
554 0.000000
555 0.000000
556 0.000000
557 0.000004
558 0.001043
559 0.001083
560 0.000979
561 0.000937
562 0.000014
563 0.000002
564 0.000001
565 0.000001
566 0.000002
567 0.000002
568 0.000001
569 0.000001
570 0.000001
571 0.000001
572 0.000001
573 0.000001
574 0.000001
575 0.000001
576 0.000001
577 0.000001
578 0.000001
579 0.000010
580 0.001418
581 0.000071
582 0.000003
583 0.000000
584 0.000002
585 0.001043
586 0.001083
587 0.001268
588 0.001180
589 0.000979
590 0.000065
591 0.000004
592 0.000001
593 0.000002
594 0.000004
595 0.000002
596 0.000001
597 0.000001
598 0.000001
599 0.000001
600 0.000001
601 0.000001
602 0.000000
603 0.000000
604 0.000001
605 0.000001
606 0.000001
607 0.000004
608 0.000122
609 0.002235
610 0.000102
611 0.000049
612 0.001345
613 0.001048
614 0.001224
615 0.001268
616 0.001283
617 0.001181
618 0.001281
619 0.000260
620 0.000010
621 0.000006
622 0.000002
623 0.000002
624 0.000003
625 0.000002
626 0.000001
627 0.000001
628 0.000001
629 0.000001
630 0.000001
631 0.000001
632 0.000001
633 0.000000
634 0.000000
635 0.000001
636 0.000005
637 0.000143
638 0.001206
639 0.003872
640 0.002289
641 0.001591
642 0.000000
643 0.000000
644 0.001339
645 0.001327
646 0.002678
647 0.004957
648 0.003865
649 0.000034
650 0.000012
651 0.000005
652 0.000004
653 0.000003
654 0.000002
655 0.000006
656 0.000039
657 0.000964
658 0.004437
659 0.000166
660 0.000002
661 0.000001
662 0.000001
663 0.000001
664 0.000001
665 0.000088
666 0.010000
667 0.007693
668 0.004465
669 0.000000
670 0.000000
671 0.000000
672 0.000000
673 0.002763
674 0.004828
675 0.008876
676 0.010020
677 0.010027
678 0.000114
679 0.000037
680 0.000025
681 0.000060
682 0.000523
683 0.000499
684 0.000656
685 0.002163
686 0.008307
687 0.008467
688 0.000779
689 0.000354
690 0.000109
691 0.000076
692 0.000482
693 0.010000
694 0.010001
695 0.010000
696 0.000000
697 0.000000
698 0.000000
699 0.000001
700 0.000000
701 0.000000
702 0.008858
703 0.010018
704 0.010024
705 0.010018
706 0.004448
707 0.001706
708 0.000858
709 0.000704
710 0.000576
711 0.000524
712 0.001387
713 0.004741
714 0.010022
715 0.008310
716 0.001540
717 0.000531
718 0.001340
719 0.001383
720 0.002779
721 0.005638
722 0.010000
723 0.000000
724 0.000001
725 0.000001
726 0.000000
727 0.000000
728 0.000000
729 0.000000
730 0.000000
731 0.000000
732 0.010019
733 0.005352
734 0.002455
735 0.001132
736 0.000937
737 0.000773
738 0.000704
739 0.000933
740 0.002883
741 0.008484
742 0.010028
743 0.004774
744 0.002613
745 0.001675
746 0.002371
747 0.001253
748 0.001908
749 0.003784
750 0.000001
751 0.000001
752 0.000001
753 0.000001
754 0.000000
755 0.000000
756 0.000000
757 0.000000
758 0.000001
759 0.000001
760 0.000000
761 0.003473
762 0.001634
763 0.001024
764 0.000979
765 0.000937
766 0.000897
767 0.001878
768 0.004949
769 0.010027
770 0.011557
771 0.003457
772 0.002738
773 0.005751
774 0.003599
775 0.001908
776 0.001340
777 0.000000
778 0.000080
779 0.000073
780 0.000001
781 0.000000
782 0.000001
783 0.000000
