0 0.007279
1 0.007778
2 0.007332
3 0.006625
4 0.004710
5 0.003131
6 0.002307
7 0.002012
8 0.000248
9 0.000028
10 0.000019
11 0.000017
12 0.000019
13 0.000020
14 0.000019
15 0.000020
16 0.000016
17 0.000013
18 0.000054
19 0.000221
20 0.000526
21 0.000707
22 0.001461
23 0.002413
24 0.004529
25 0.009166
26 0.013528
27 0.011581
28 0.006552
29 0.007315
30 0.007641
31 0.007504
32 0.006063
33 0.004256
34 0.002659
35 0.001227
36 0.000083
37 0.000013
38 0.000011
39 0.000012
40 0.000013
41 0.000017
42 0.000016
43 0.000014
44 0.000011
45 0.000014
46 0.000023
47 0.000135
48 0.000516
49 0.001107
50 0.000000
51 0.000000
52 0.009166
53 0.013528
54 0.010525
55 0.004241
56 0.005587
57 0.006514
58 0.007034
59 0.007748
60 0.007928
61 0.005575
62 0.003747
63 0.000516
64 0.000038
65 0.000008
66 0.000011
67 0.000009
68 0.000008
69 0.000009
70 0.000010
71 0.000009
72 0.000010
73 0.000009
74 0.000012
75 0.000059
76 0.000000
77 0.000000
78 0.000000
79 0.000000
80 0.000000
81 0.010525
82 0.004113
83 0.001688
84 0.004081
85 0.004875
86 0.006214
87 0.007016
88 0.007864
89 0.008005
90 0.005689
91 0.000246
92 0.000016
93 0.000007
94 0.000006
95 0.000006
96 0.000006
97 0.000008
98 0.000008
99 0.000007
100 0.000008
101 0.000002
102 0.000000
103 0.000000
104 0.000000
105 0.000000
106 0.000000
107 0.000000
108 0.000000
109 0.003319
110 0.001594
111 0.001249
112 0.003271
113 0.003468
114 0.004129
115 0.006170
116 0.000000
117 0.000000
118 0.000000
119 0.000000
120 0.000000
121 0.000002
122 0.000006
123 0.000005
124 0.000006
125 0.000005
126 0.000006
127 0.000000
128 0.000000
129 0.000000
130 0.000000
131 0.000000
132 0.000000
133 0.000000
134 0.000000
135 0.000000
136 0.000020
137 0.001260
138 0.001144
139 0.002122
140 0.004541
141 0.003045
142 0.002830
143 0.003608
144 0.000000
145 0.000000
146 0.000000
147 0.000000
148 0.000000
149 0.000000
150 0.000000
151 0.000000
152 0.000000
153 0.000000
154 0.000000
155 0.000000
156 0.000000
157 0.000000
158 0.000000
159 0.000000
160 0.000000
161 0.000000
162 0.000000
163 0.000000
164 0.001475
165 0.001064
166 0.001952
167 0.003153
168 0.007052
169 0.004219
170 0.002859
171 0.002360
172 0.000000
173 0.000000
174 0.000000
175 0.000000
176 0.000000
177 0.000000
178 0.000000
179 0.000000
180 0.000000
181 0.000000
182 0.000000
183 0.000000
184 0.000000
185 0.000000
186 0.000000
187 0.000000
188 0.000000
189 0.000000
190 0.000000
191 0.000000
192 0.001545
193 0.001974
194 0.003462
195 0.006343
196 0.009082
197 0.007867
198 0.004561
199 0.002583
200 0.000007
201 0.000000
202 0.000000
203 0.000000
204 0.000000
205 0.000000
206 0.000000
207 0.000000
208 0.000000
209 0.000000
210 0.000000
211 0.000000
212 0.000000
213 0.000000
214 0.000000
215 0.000000
216 0.000000
217 0.000000
218 0.000000
219 0.000012
220 0.002381
221 0.004317
222 0.006320
223 0.005255
224 0.009222
225 0.009023
226 0.009001
227 0.004971
228 0.002686
229 0.000000
230 0.000000
231 0.000000
232 0.000000
233 0.000000
234 0.000000
235 0.000000
236 0.000000
237 0.000000
238 0.000000
239 0.000000
240 0.000000
241 0.000000
242 0.000000
243 0.000000
244 0.000000
245 0.000000
246 0.000000
247 0.000042
248 0.000199
249 0.000442
250 0.000683
251 0.000912
252 0.038864
253 0.013644
254 0.009106
255 0.005372
256 0.000626
257 0.000000
258 0.000000
259 0.000000
260 0.000000
261 0.000000
262 0.000000
263 0.000000
264 0.000000
265 0.000000
266 0.000000
267 0.000000
268 0.000000
269 0.000000
270 0.000000
271 0.000000
272 0.000000
273 0.000000
274 0.000000
275 0.000013
276 0.000026
277 0.000041
278 0.000041
279 0.000041
280 0.510491
281 0.045192
282 0.004990
283 0.000370
284 0.000157
285 0.000000
286 0.000000
287 0.000000
288 0.000000
289 0.000000
290 0.000000
291 0.000000
292 0.000000
293 0.000000
294 0.000000
295 0.000000
296 0.000000
297 0.000000
298 0.000000
299 0.000000
300 0.000000
301 0.000000
302 0.000000
303 0.000023
304 0.000018
305 0.000011
306 0.000008
307 0.000006
308 0.004659
309 0.005467
310 0.003741
311 0.001770
312 0.000015
313 0.000000
314 0.000000
315 0.000000
316 0.000000
317 0.000000
318 0.000000
319 0.000000
320 0.000000
321 0.000000
322 0.000000
323 0.000000
324 0.000000
325 0.000000
326 0.000000
327 0.000000
328 0.000000
329 0.000000
330 0.000000
331 0.000002
332 0.000007
333 0.000004
334 0.000003
335 0.000004
336 0.000093
337 0.000226
338 0.000863
339 0.001070
340 0.000013
341 0.000000
342 0.000000
343 0.000000
344 0.000000
345 0.000000
346 0.000000
347 0.000000
348 0.000000
349 0.000764
350 0.000943
351 0.000001
352 0.000000
353 0.000000
354 0.000000
355 0.000000
356 0.000000
357 0.000000
358 0.000000
359 0.000000
360 0.000002
361 0.000002
362 0.000003
363 0.000003
364 0.000035
365 0.000036
366 0.000026
367 0.000134
368 0.000001
369 0.000000
370 0.000000
371 0.000000
372 0.000000
373 0.000000
374 0.000000
375 0.000000
376 0.000000
377 0.000041
378 0.007074
379 0.000080
380 0.000314
381 0.000220
382 0.000000
383 0.000000
384 0.000000
385 0.000000
386 0.000000
387 0.000000
388 0.000000
389 0.000002
390 0.000002
391 0.000003
392 0.000026
393 0.000014
394 0.000008
395 0.000001
396 0.000000
397 0.000000
398 0.000000
399 0.000000
400 0.000000
401 0.000000
402 0.000000
403 0.000001
404 0.000004
405 0.000000
406 0.000000
407 0.009183
408 0.068335
409 0.062509
410 0.000000
411 0.000000
412 0.000000
413 0.000000
414 0.000000
415 0.000000
416 0.000000
417 0.000001
418 0.000002
419 0.000002
420 0.000016
421 0.000010
422 0.000008
423 0.000000
424 0.000000
425 0.000000
426 0.000000
427 0.000000
428 0.000000
429 0.000000
430 0.000041
431 1.000000
432 0.000003
433 0.000000
434 0.000000
435 0.000082
436 0.958074
437 0.066013
438 0.000001
439 0.000000
440 0.000000
441 0.000000
442 0.000000
443 0.000000
444 0.000000
445 0.000001
446 0.000002
447 0.000002
448 0.000026
449 0.000012
450 0.000007
451 0.000000
452 0.000000
453 0.000000
454 0.000000
455 0.000000
456 0.000000
457 0.000000
458 0.000249
459 0.002736
460 0.000108
461 0.000000
462 0.000000
463 0.000038
464 0.021416
465 0.002859
466 0.000001
467 0.000000
468 0.000000
469 0.000000
470 0.000000
471 0.000000
472 0.000000
473 0.000000
474 0.000002
475 0.000004
476 0.000088
477 0.000044
478 0.000004
479 0.000000
480 0.000000
481 0.000000
482 0.000000
483 0.000000
484 0.000000
485 0.000000
486 0.000000
487 0.000002
488 0.000020
489 0.000097
490 0.000011
491 0.000004
492 0.000000
493 0.000000
494 0.000000
495 0.000001
496 0.000000
497 0.000000
498 0.000000
499 0.000000
500 0.000000
501 0.000000
502 0.000009
503 0.000023
504 0.000399
505 0.000223
506 0.000002
507 0.000000
508 0.000000
509 0.000000
510 0.000000
511 0.000000
512 0.000000
513 0.000000
514 0.000000
515 0.000000
516 0.000001
517 0.000008
518 0.000024
519 0.000001
520 0.000000
521 0.000000
522 0.000000
523 0.000000
524 0.000107
525 0.000001
526 0.000000
527 0.000000
528 0.000000
529 0.000001
530 0.000075
531 0.000228
532 0.000370
533 0.000329
534 0.000001
535 0.000000
536 0.000000
537 0.000000
538 0.000000
539 0.000002
540 0.000000
541 0.000000
542 0.000000
543 0.000000
544 0.000000
545 0.000000
546 0.000000
547 0.000000
548 0.000000
549 0.000000
550 0.000000
551 0.000000
552 0.000168
553 0.000387
554 0.000041
555 0.000001
556 0.000003
557 0.000045
558 0.000325
559 0.000275
560 0.000473
561 0.000447
562 0.000001
563 0.000000
564 0.000000
565 0.000001
566 0.000009
567 0.000017
568 0.000002
569 0.000000
570 0.000000
571 0.000000
572 0.000000
573 0.000000
574 0.000000
575 0.000000
576 0.000000
577 0.000000
578 0.000000
579 0.000000
580 0.000013
581 0.006664
582 0.004531
583 0.001106
584 0.000242
585 0.006701
586 0.002437
587 0.000607
588 0.000601
589 0.000496
590 0.000029
591 0.000000
592 0.000001
593 0.000004
594 0.000022
595 0.000006
596 0.000000
597 0.000000
598 0.000000
599 0.000000
600 0.000000
601 0.000000
602 0.000000
603 0.000000
604 0.000000
605 0.000000
606 0.000000
607 0.000000
608 0.000004
609 0.000128
610 0.004122
611 0.000344
612 0.041360
613 0.018395
614 0.008233
615 0.003863
616 0.000695
617 0.001229
618 0.002703
619 0.000350
620 0.000007
621 0.000020
622 0.000003
623 0.000000
624 0.000000
625 0.000000
626 0.000000
627 0.000000
628 0.000000
629 0.000000
630 0.000000
631 0.000000
632 0.000000
633 0.000000
634 0.000000
635 0.000000
636 0.000001
637 0.000003
638 0.000097
639 0.010270
640 0.013237
641 0.033678
642 0.000000
643 0.000000
644 0.001306
645 0.002778
646 0.007325
647 0.010000
648 0.003446
649 0.000015
650 0.000000
651 0.000000
652 0.000000
653 0.000000
654 0.000000
655 0.000000
656 0.000005
657 0.000262
658 0.000129
659 0.000008
660 0.000001
661 0.000001
662 0.000001
663 0.000001
664 0.000001
665 0.000021
666 0.001285
667 0.004177
668 0.009716
669 0.000000
670 0.000001
671 0.000002
672 0.000000
673 0.007168
674 0.010000
675 0.010000
676 0.008055
677 0.002819
678 0.000004
679 0.000001
680 0.000007
681 0.000161
682 0.002055
683 0.000311
684 0.000149
685 0.000056
686 0.000032
687 0.000025
688 0.000060
689 0.000436
690 0.001277
691 0.000171
692 0.000113
693 0.000296
694 0.000582
695 0.001719
696 0.000000
697 0.000000
698 0.000000
699 0.000001
700 0.000000
701 0.000000
702 0.010000
703 0.010000
704 0.003604
705 0.001332
706 0.000540
707 0.000923
708 0.002476
709 0.007661
710 0.007052
711 0.000975
712 0.000165
713 0.000015
714 0.000006
715 0.000016
716 0.000101
717 0.001054
718 0.010000
719 0.004509
720 0.001352
721 0.000585
722 0.000330
723 0.000000
724 0.000000
725 0.000000
726 0.000000
727 0.000000
728 0.000000
729 0.000000
730 0.000000
731 0.000000
732 0.001731
733 0.000707
734 0.000712
735 0.001739
736 0.006020
737 0.014150
738 0.020152
739 0.002785
740 0.000142
741 0.000010
742 0.000002
743 0.000007
744 0.000103
745 0.002488
746 0.010000
747 0.010000
748 0.003613
749 0.001442
750 0.000000
751 0.000000
752 0.000000
753 0.000000
754 0.000000
755 0.000000
756 0.000000
757 0.000000
758 0.000000
759 0.000000
760 0.000000
761 0.000784
762 0.001517
763 0.004046
764 0.011734
765 0.016218
766 0.019538
767 0.006365
768 0.000143
769 0.000005
770 0.000002
771 0.000005
772 0.000111
773 0.003710
774 0.010000
775 0.010000
776 0.010000
777 0.000000
778 0.000095
779 0.000029
780 0.000000
781 0.000000
782 0.000000
783 0.000000
