0 0.003959
1 0.003050
2 0.002403
3 0.002511
4 0.002091
5 0.001759
6 0.001590
7 0.001512
8 0.000097
9 0.000007
10 0.000004
11 0.000004
12 0.000004
13 0.000005
14 0.000005
15 0.000009
16 0.000021
17 0.000051
18 0.000093
19 0.000128
20 0.000201
21 0.000217
22 0.000303
23 0.000326
24 0.000275
25 0.000297
26 0.000408
27 0.000440
28 0.006181
29 0.003933
30 0.002883
31 0.002197
32 0.002029
33 0.001815
34 0.001512
35 0.000677
36 0.000023
37 0.000003
38 0.000002
39 0.000003
40 0.000003
41 0.000004
42 0.000004
43 0.000004
44 0.000009
45 0.000042
46 0.000074
47 0.000139
48 0.000143
49 0.000201
50 0.000000
51 0.000000
52 0.000254
53 0.000351
54 0.000297
55 0.000802
56 0.012782
57 0.006466
58 0.003775
59 0.002764
60 0.001994
61 0.001542
62 0.001438
63 0.000157
64 0.000007
65 0.000001
66 0.000002
67 0.000002
68 0.000002
69 0.000002
70 0.000002
71 0.000002
72 0.000005
73 0.000015
74 0.000062
75 0.000088
76 0.000000
77 0.000000
78 0.000000
79 0.000000
80 0.000000
81 0.000254
82 0.000713
83 0.001536
84 0.024778
85 0.014433
86 0.007311
87 0.003555
88 0.002647
89 0.001715
90 0.001332
91 0.000035
92 0.000002
93 0.000001
94 0.000001
95 0.000001
96 0.000001
97 0.000002
98 0.000002
99 0.000001
100 0.000002
101 0.000003
102 0.000000
103 0.000000
104 0.000000
105 0.000000
106 0.000000
107 0.000000
108 0.000026
109 0.000622
110 0.001414
111 0.004343
112 0.019860
113 0.026566
114 0.016119
115 0.008483
116 0.000000
117 0.000000
118 0.000000
119 0.000000
120 0.000000
121 0.000000
122 0.000001
123 0.000001
124 0.000001
125 0.000001
126 0.000001
127 0.000000
128 0.000000
129 0.000000
130 0.000000
131 0.000000
132 0.000000
133 0.000000
134 0.000000
135 0.000000
136 0.000554
137 0.001277
138 0.004127
139 0.008123
140 0.010126
141 0.018812
142 0.026180
143 0.019055
144 0.000000
145 0.000000
146 0.000000
147 0.000000
148 0.000000
149 0.000000
150 0.000000
151 0.000000
152 0.000000
153 0.000000
154 0.000000
155 0.000000
156 0.000000
157 0.000000
158 0.000000
159 0.000000
160 0.000000
161 0.000000
162 0.000000
163 0.000422
164 0.001548
165 0.003923
166 0.007945
167 0.015748
168 0.004350
169 0.009577
170 0.015904
171 0.026149
172 0.000000
173 0.000000
174 0.000000
175 0.000000
176 0.000000
177 0.000000
178 0.000000
179 0.000000
180 0.000000
181 0.000000
182 0.000000
183 0.000000
184 0.000000
185 0.000000
186 0.000000
187 0.000000
188 0.000000
189 0.000000
190 0.000095
191 0.001559
192 0.005375
193 0.007772
194 0.012110
195 0.006630
196 0.002807
197 0.003690
198 0.007657
199 0.015047
200 0.000012
201 0.000000
202 0.000000
203 0.000000
204 0.000000
205 0.000000
206 0.000000
207 0.000000
208 0.000000
209 0.000000
210 0.000000
211 0.000000
212 0.000000
213 0.000000
214 0.000000
215 0.000000
216 0.000000
217 0.000000
218 0.000096
219 0.001478
220 0.011709
221 0.010170
222 0.004185
223 0.002251
224 0.001718
225 0.002088
226 0.002710
227 0.005764
228 0.012057
229 0.000000
230 0.000000
231 0.000000
232 0.000000
233 0.000000
234 0.000000
235 0.000000
236 0.000000
237 0.000000
238 0.000000
239 0.000000
240 0.000000
241 0.000000
242 0.000000
243 0.000000
244 0.000000
245 0.000041
246 0.000428
247 0.000828
248 0.000383
249 0.000122
250 0.000118
251 0.000109
252 0.001368
253 0.001179
254 0.001532
255 0.001539
256 0.000740
257 0.000000
258 0.000000
259 0.000000
260 0.000000
261 0.000000
262 0.000000
263 0.000000
264 0.000000
265 0.000000
266 0.000000
267 0.000000
268 0.000000
269 0.000000
270 0.000000
271 0.000000
272 0.000037
273 0.999999
274 0.004009
275 0.000387
276 0.000110
277 0.000083
278 0.000040
279 0.000104
280 0.001069
281 0.000408
282 0.000223
283 0.000096
284 0.000077
285 0.000000
286 0.000000
287 0.000000
288 0.000000
289 0.000000
290 0.000000
291 0.000000
292 0.000000
293 0.000000
294 0.000000
295 0.000000
296 0.000000
297 0.000000
298 0.000000
299 0.000000
300 0.000009
301 0.000589
302 0.000166
303 0.000372
304 0.000829
305 0.000767
306 0.001027
307 0.001780
308 0.000298
309 0.000123
310 0.000047
311 0.000019
312 0.000001
313 0.000000
314 0.000000
315 0.000000
316 0.000000
317 0.000000
318 0.000000
319 0.000000
320 0.000000
321 0.000000
322 0.000000
323 0.000000
324 0.000000
325 0.000000
326 0.000000
327 0.000000
328 0.000000
329 0.000001
330 0.000003
331 0.000005
332 0.000053
333 0.000958
334 0.005566
335 0.015141
336 0.000113
337 0.000057
338 0.000033
339 0.000016
340 0.000000
341 0.000000
342 0.000000
343 0.000000
344 0.000000
345 0.000000
346 0.000000
347 0.000000
348 0.000000
349 0.000000
350 0.000000
351 0.000000
352 0.000000
353 0.000000
354 0.000000
355 0.000000
356 0.000000
357 0.000000
358 0.000000
359 0.000002
360 0.000047
361 0.000204
362 0.001271
363 0.003870
364 0.000076
365 0.000069
366 0.000041
367 0.000022
368 0.000000
369 0.000000
370 0.000000
371 0.000000
372 0.000000
373 0.000000
374 0.000000
375 0.000000
376 0.000000
377 0.000000
378 0.000000
379 0.000000
380 0.000000
381 0.000000
382 0.000000
383 0.000000
384 0.000000
385 0.000000
386 0.000001
387 0.000005
388 0.000029
389 0.000094
390 0.000049
391 0.000033
392 0.000046
393 0.000033
394 0.000024
395 0.000001
396 0.000000
397 0.000000
398 0.000000
399 0.000000
400 0.000000
401 0.000000
402 0.000000
403 0.000000
404 0.000000
405 0.000000
406 0.000000
407 0.000000
408 0.000000
409 0.000000
410 0.000000
411 0.000000
412 0.000000
413 0.000000
414 0.000000
415 0.000006
416 0.000004
417 0.000005
418 0.000003
419 0.000001
420 0.000036
421 0.000022
422 0.000016
423 0.000000
424 0.000000
425 0.000000
426 0.000000
427 0.000000
428 0.000000
429 0.000000
430 0.000000
431 0.000000
432 0.000000
433 0.000000
434 0.000001
435 0.000020
436 0.000002
437 0.000000
438 0.000000
439 0.000000
440 0.000000
441 0.000000
442 0.000000
443 0.000000
444 0.000000
445 0.000001
446 0.000000
447 0.000000
448 0.000050
449 0.000023
450 0.000015
451 0.000000
452 0.000000
453 0.000000
454 0.000000
455 0.000000
456 0.000000
457 0.000000
458 0.000000
459 0.000000
460 0.000000
461 0.000000
462 0.000000
463 0.000109
464 0.000672
465 0.000022
466 0.000002
467 0.000000
468 0.000000
469 0.000000
470 0.000000
471 0.000000
472 0.000000
473 0.000000
474 0.000000
475 0.000000
476 0.000187
477 0.000088
478 0.000004
479 0.000000
480 0.000000
481 0.000000
482 0.000000
483 0.000000
484 0.000000
485 0.000000
486 0.000000
487 0.000000
488 0.000000
489 0.000000
490 0.000000
491 0.000002
492 0.999999
493 0.128305
494 0.000063
495 0.000000
496 0.000000
497 0.000000
498 0.000000
499 0.000000
500 0.000000
501 0.000000
502 0.000001
503 0.000003
504 0.001014
505 0.000509
506 0.000001
507 0.000000
508 0.000000
509 0.000000
510 0.000000
511 0.000000
512 0.000000
513 0.000000
514 0.000000
515 0.000000
516 0.000000
517 0.000000
518 0.000000
519 0.000000
520 0.000003
521 0.000239
522 0.000179
523 0.000000
524 0.000000
525 0.000000
526 0.000000
527 0.000000
528 0.000000
529 0.000000
530 0.000012
531 0.000060
532 0.000960
533 0.000881
534 0.000001
535 0.000000
536 0.000000
537 0.000000
538 0.000000
539 0.000000
540 0.000000
541 0.000000
542 0.000000
543 0.000000
544 0.000000
545 0.000000
546 0.000000
547 0.000000
548 0.000000
549 0.000000
550 0.000000
551 0.000004
552 0.000000
553 0.000000
554 0.000000
555 0.000000
556 0.000000
557 0.000001
558 0.000060
559 0.000064
560 0.001146
561 0.001100
562 0.000001
563 0.000000
564 0.000000
565 0.000000
566 0.000000
567 0.000000
568 0.000000
569 0.000000
570 0.000000
571 0.000000
572 0.000000
573 0.000000
574 0.000000
575 0.000000
576 0.000000
577 0.000000
578 0.000000
579 0.000001
580 0.000277
581 0.000025
582 0.000001
583 0.000000
584 0.000001
585 0.000060
586 0.000064
587 0.000089
588 0.001363
589 0.001146
590 0.000010
591 0.000000
592 0.000000
593 0.000000
594 0.000000
595 0.000000
596 0.000000
597 0.000000
598 0.000000
599 0.000000
600 0.000000
601 0.000000
602 0.000000
603 0.000000
604 0.000000
605 0.000000
606 0.000000
607 0.000001
608 0.000056
609 0.001142
610 0.000260
611 0.000016
612 0.000350
613 0.000066
614 0.000083
615 0.000089
616 0.001473
617 0.001363
618 0.001146
619 0.000023
620 0.000000
621 0.000000
622 0.000000
623 0.000000
624 0.000000
625 0.000000
626 0.000000
627 0.000000
628 0.000000
629 0.000000
630 0.000000
631 0.000000
632 0.000000
633 0.000000
634 0.000000
635 0.000000
636 0.000002
637 0.000051
638 0.000629
639 0.003776
640 0.001167
641 0.000530
642 0.000000
643 0.000000
644 0.001532
645 0.001473
646 0.001417
647 0.001194
648 0.000225
649 0.000000
650 0.000000
651 0.000000
652 0.000000
653 0.000000
654 0.000000
655 0.000000
656 0.000000
657 0.000006
658 0.000007
659 0.000001
660 0.000000
661 0.000000
662 0.000000
663 0.000000
664 0.000002
665 0.000268
666 0.010001
667 0.017915
668 0.005563
669 0.000000
670 0.000000
671 0.000000
672 0.000000
673 0.001532
674 0.001473
675 0.001244
676 0.001363
677 0.001146
678 0.000001
679 0.000001
680 0.000001
681 0.000014
682 0.000093
683 0.000012
684 0.000006
685 0.000010
686 0.000011
687 0.000012
688 0.000014
689 0.000027
690 0.000004
691 0.000008
692 0.000083
693 0.002447
694 0.010001
695 0.010001
696 0.000000
697 0.000000
698 0.000000
699 0.000000
700 0.000000
701 0.000000
702 0.001532
703 0.001473
704 0.001417
705 0.001363
706 0.001146
707 0.001100
708 0.001014
709 0.000974
710 0.000672
711 0.000085
712 0.000014
713 0.000008
714 0.000016
715 0.000019
716 0.000020
717 0.000022
718 0.000034
719 0.000036
720 0.000151
721 0.000698
722 0.003566
723 0.000000
724 0.000000
725 0.000000
726 0.000000
727 0.000000
728 0.000000
729 0.000000
730 0.000000
731 0.000000
732 0.001473
733 0.001417
734 0.001194
735 0.001146
736 0.001100
737 0.001860
738 0.004408
739 0.000437
740 0.000035
741 0.000012
742 0.000017
743 0.000020
744 0.000029
745 0.000031
746 0.000036
747 0.000051
748 0.000072
749 0.000301
750 0.000000
751 0.000000
752 0.000000
753 0.000000
754 0.000000
755 0.000000
756 0.000000
757 0.000000
758 0.000000
759 0.000000
760 0.000000
761 0.001473
762 0.001417
763 0.001194
764 0.001502
765 0.003422
766 0.008509
767 0.001436
768 0.000094
769 0.000018
770 0.000019
771 0.000022
772 0.000031
773 0.000044
774 0.000036
775 0.000043
776 0.000060
777 0.000000
778 0.000022
779 0.000046
780 0.000001
781 0.000000
782 0.000000
783 0.000000
