0 0.010106
1 0.010110
2 0.010121
3 0.010117
4 0.010128
5 0.010137
6 0.010142
7 0.010145
8 0.010156
9 0.010164
10 0.010166
11 0.010173
12 0.010174
13 0.010179
14 0.010182
15 0.010187
16 0.010190
17 0.010221
18 0.010197
19 0.010100
20 0.010004
21 0.010004
22 0.010003
23 0.010003
24 0.010003
25 0.010003
26 0.010003
27 0.010003
28 0.010118
29 0.010113
30 0.010124
31 0.010127
32 0.010130
33 0.010135
34 0.010144
35 0.010151
36 0.010165
37 0.010170
38 0.010173
39 0.010174
40 0.010179
41 0.010181
42 0.010184
43 0.010189
44 0.010195
45 0.010197
46 0.010215
47 0.010168
48 0.010004
49 0.010004
50 0.010197
51 0.010686
52 0.010003
53 0.010003
54 0.010003
55 0.010003
56 0.010113
57 0.010124
58 0.010127
59 0.010130
60 0.010135
61 0.010143
62 0.010146
63 0.010157
64 0.010168
65 0.010173
66 0.010173
67 0.010179
68 0.010184
69 0.010186
70 0.010189
71 0.010194
72 0.010196
73 0.010199
74 0.010226
75 0.010197
76 0.010063
77 0.010508
78 0.010642
79 0.010687
80 0.010686
81 0.010003
82 0.010003
83 0.010003
84 0.010116
85 0.010127
86 0.010136
87 0.010141
88 0.010143
89 0.010145
90 0.010149
91 0.010164
92 0.010175
93 0.010177
94 0.010179
95 0.010181
96 0.010186
97 0.010187
98 0.010190
99 0.010195
100 0.010197
101 0.010211
102 0.010249
103 0.010509
104 0.010646
105 0.010597
106 0.010619
107 0.010643
108 0.010270
109 0.010003
110 0.010003
111 0.010003
112 0.010128
113 0.010130
114 0.010141
115 0.010143
116 0.010150
117 0.010153
118 0.010159
119 0.010168
120 0.010177
121 0.010179
122 0.010181
123 0.010182
124 0.010187
125 0.010189
126 0.010194
127 0.010217
128 0.010240
129 0.010378
130 0.010552
131 0.010681
132 0.010641
133 0.010643
134 0.010549
135 0.010394
136 0.010201
137 0.010004
138 0.010004
139 0.010003
140 0.010130
141 0.010139
142 0.010143
143 0.010145
144 0.010153
145 0.010155
146 0.010164
147 0.010174
148 0.010179
149 0.010183
150 0.010185
151 0.010186
152 0.010188
153 0.010214
154 0.010235
155 0.010372
156 0.010492
157 0.010624
158 0.010666
159 0.010692
160 0.010575
161 0.010394
162 0.010405
163 0.010246
164 0.010004
165 0.010004
166 0.010004
167 0.010004
168 0.010140
169 0.010144
170 0.010145
171 0.010149
172 0.010155
173 0.010158
174 0.010171
175 0.010175
176 0.010181
177 0.010182
178 0.010195
179 0.010211
180 0.010231
181 0.010248
182 0.010404
183 0.010518
184 0.010676
185 0.010675
186 0.010578
187 0.010555
188 0.010432
189 0.010405
190 0.010267
191 0.010219
192 0.010004
193 0.010004
194 0.010004
195 0.010047
196 0.010144
197 0.010146
198 0.010152
199 0.010155
200 0.010161
201 0.010163
202 0.010175
203 0.010182
204 0.010197
205 0.010208
206 0.010220
207 0.010236
208 0.010253
209 0.010265
210 0.010278
211 0.010682
212 0.010576
213 0.010476
214 0.010433
215 0.010418
216 0.010443
217 0.010483
218 0.010241
219 0.010199
220 0.010004
221 0.010004
222 0.010227
223 0.010227
224 0.010146
225 0.010153
226 0.010156
227 0.010157
228 0.010164
229 0.010172
230 0.010196
231 0.010207
232 0.010214
233 0.010225
234 0.010237
235 0.010245
236 0.010254
237 0.010261
238 0.010271
239 0.010280
240 0.010447
241 0.010401
242 0.010407
243 0.010420
244 0.010402
245 0.010450
246 0.010394
247 0.010004
248 0.010004
249 0.010134
250 0.010134
251 0.010226
252 0.010149
253 0.010157
254 0.010158
255 0.010173
256 0.010186
257 0.010197
258 0.010211
259 0.010221
260 0.010229
261 0.010233
262 0.010237
263 0.010243
264 0.010248
265 0.010261
266 0.010265
267 0.010275
268 0.010288
269 0.010402
270 0.010410
271 0.010369
272 0.010330
273 0.010460
274 0.010406
275 0.010005
276 0.010005
277 0.010134
278 0.010134
279 0.010091
280 0.010157
281 0.010179
282 0.010182
283 0.010192
284 0.010197
285 0.010213
286 0.010223
287 0.010226
288 0.010229
289 0.010234
290 0.010236
291 0.010244
292 0.010248
293 0.010253
294 0.010263
295 0.010271
296 0.010281
297 0.010294
298 0.010413
299 0.010318
300 0.010333
301 0.010474
302 0.010421
303 0.010005
304 0.010005
305 0.010005
306 0.010005
307 0.010005
308 0.010182
309 0.010188
310 0.010195
311 0.010202
312 0.010209
313 0.010220
314 0.010225
315 0.010226
316 0.010229
317 0.010233
318 0.010237
319 0.010241
320 0.010246
321 0.010253
322 0.010262
323 0.010271
324 0.010283
325 0.010291
326 0.010306
327 0.010320
328 0.010456
329 0.010460
330 0.010265
331 0.010203
332 0.010005
333 0.010005
334 0.010005
335 0.010005
336 0.010193
337 0.010197
338 0.010199
339 0.010203
340 0.010212
341 0.010222
342 0.010226
343 0.010230
344 0.010231
345 0.010234
346 0.010238
347 0.010242
348 0.010249
349 0.010253
350 0.010262
351 0.010269
352 0.010279
353 0.010292
354 0.010304
355 0.010320
356 0.010464
357 0.010462
358 0.010289
359 0.010242
360 0.010006
361 0.010005
362 0.010005
363 0.010005
364 0.010196
365 0.010197
366 0.010199
367 0.010203
368 0.010217
369 0.010226
370 0.010227
371 0.010233
372 0.010232
373 0.010236
374 0.010241
375 0.010245
376 0.010250
377 0.010256
378 0.010262
379 0.010269
380 0.010281
381 0.010289
382 0.010306
383 0.010321
384 0.010376
385 0.010463
386 0.010321
387 0.010269
388 0.010170
389 0.010006
390 0.010006
391 0.010005
392 0.010197
393 0.010200
394 0.010202
395 0.010210
396 0.010224
397 0.010231
398 0.010232
399 0.010234
400 0.010237
401 0.010241
402 0.010242
403 0.010248
404 0.010253
405 0.010257
406 0.010262
407 0.010273
408 0.010282
409 0.010294
410 0.010309
411 0.010323
412 0.010317
413 0.010367
414 0.010304
415 0.010307
416 0.010233
417 0.010006
418 0.010006
419 0.010006
420 0.010197
421 0.010202
422 0.010204
423 0.010214
424 0.010227
425 0.010234
426 0.010235
427 0.010236
428 0.010241
429 0.010245
430 0.010247
431 0.010250
432 0.010255
433 0.010260
434 0.010269
435 0.010277
436 0.010286
437 0.010299
438 0.010310
439 0.010319
440 0.010316
441 0.010301
442 0.010318
443 0.010393
444 0.010268
445 0.010006
446 0.010006
447 0.010006
448 0.010242
449 0.010226
450 0.010206
451 0.010218
452 0.010232
453 0.010237
454 0.010241
455 0.010242
456 0.010244
457 0.010247
458 0.010249
459 0.010257
460 0.010263
461 0.010265
462 0.010274
463 0.010282
464 0.010290
465 0.010303
466 0.010317
467 0.010324
468 0.010314
469 0.010316
470 0.011576
471 0.010779
472 0.010295
473 0.010152
474 0.010006
475 0.010006
476 0.010225
477 0.010235
478 0.010247
479 0.010268
480 0.010236
481 0.010238
482 0.010243
483 0.010246
484 0.010251
485 0.010252
486 0.010254
487 0.010262
488 0.010265
489 0.010273
490 0.010281
491 0.010288
492 0.010298
493 0.010310
494 0.010327
495 0.010322
496 0.010320
497 0.011626
498 0.011854
499 0.011276
500 0.010352
501 0.010209
502 0.010005
503 0.010003
504 0.010017
505 0.010184
506 0.010228
507 0.010252
508 0.010268
509 0.010277
510 0.010290
511 0.010250
512 0.010254
513 0.010258
514 0.010263
515 0.010267
516 0.010272
517 0.010280
518 0.010288
519 0.010296
520 0.010308
521 0.010318
522 0.010327
523 0.010329
524 0.010933
525 0.011232
526 0.011820
527 0.011702
528 0.010889
529 0.010225
530 0.010002
531 0.010000
532 0.010017
533 0.010018
534 0.010031
535 0.010043
536 0.010237
537 0.010255
538 0.010266
539 0.010279
540 0.010291
541 0.010309
542 0.010267
543 0.010274
544 0.010280
545 0.010287
546 0.010295
547 0.010305
548 0.010317
549 0.010328
550 0.010337
551 0.010852
552 0.011010
553 0.011105
554 0.011468
555 0.012062
556 0.011466
557 0.010216
558 0.010000
559 0.010000
560 0.010016
561 0.010016
562 0.010030
563 0.010041
564 0.010043
565 0.010045
566 0.010213
567 0.010251
568 0.010266
569 0.010281
570 0.010296
571 0.010314
572 0.010310
573 0.010296
574 0.010304
575 0.010314
576 0.010329
577 0.010339
578 0.010337
579 0.010648
580 0.010835
581 0.011003
582 0.011130
583 0.011681
584 0.011868
585 0.010000
586 0.010000
587 0.010000
588 0.010015
589 0.010016
590 0.010025
591 0.010036
592 0.010040
593 0.010043
594 0.010044
595 0.010045
596 0.010047
597 0.010237
598 0.010260
599 0.010280
600 0.010302
601 0.010322
602 0.010346
603 0.010324
604 0.010334
605 0.010339
606 0.010329
607 0.010311
608 0.010577
609 0.010739
610 0.010997
611 0.011069
612 0.010000
613 0.010000
614 0.010000
615 0.010000
616 0.010014
617 0.010015
618 0.010016
619 0.010024
620 0.010033
621 0.010039
622 0.010041
623 0.010043
624 0.010045
625 0.010046
626 0.010048
627 0.010047
628 0.010245
629 0.010267
630 0.010294
631 0.010319
632 0.010350
633 0.010369
634 0.010320
635 0.010303
636 0.010287
637 0.010435
638 0.010702
639 0.010000
640 0.010000
641 0.010000
642 0.012078
643 0.012336
644 0.010014
645 0.010014
646 0.010014
647 0.010015
648 0.010020
649 0.010032
650 0.010038
651 0.010041
652 0.010041
653 0.010040
654 0.010038
655 0.010034
656 0.010031
657 0.010024
658 0.010025
659 0.010249
660 0.010278
661 0.010252
662 0.010266
663 0.010273
664 0.010257
665 0.010198
666 0.010000
667 0.010000
668 0.010000
669 0.012078
670 0.012118
671 0.012196
672 0.010147
673 0.010014
674 0.010014
675 0.010015
676 0.010014
677 0.010015
678 0.010029
679 0.010031
680 0.010030
681 0.010027
682 0.010020
683 0.010020
684 0.010022
685 0.010023
686 0.010025
687 0.010025
688 0.010027
689 0.010018
690 0.010148
691 0.010175
692 0.010144
693 0.010000
694 0.010000
695 0.010000
696 0.012078
697 0.012078
698 0.012077
699 0.012227
700 0.010147
701 0.010147
702 0.010013
703 0.010014
704 0.010014
705 0.010014
706 0.010016
707 0.010016
708 0.010017
709 0.010018
710 0.010019
711 0.010020
712 0.010021
713 0.010021
714 0.010023
715 0.010024
716 0.010022
717 0.010013
718 0.010000
719 0.010000
720 0.010000
721 0.010000
722 0.010000
723 0.012083
724 0.011682
725 0.012167
726 0.012078
727 0.012078
728 0.010147
729 0.010147
730 0.010147
731 0.010147
732 0.010014
733 0.010014
734 0.010015
735 0.010016
736 0.010016
737 0.010018
738 0.010018
739 0.010019
740 0.010019
741 0.010021
742 0.010023
743 0.010023
744 0.010019
745 0.010009
746 0.010000
747 0.010000
748 0.010000
749 0.010000
750 0.011019
751 0.010500
752 0.010736
753 0.011079
754 0.012131
755 0.012078
756 0.010146
757 0.010146
758 0.010188
759 0.010191
760 0.010147
761 0.010014
762 0.010014
763 0.010016
764 0.010016
765 0.010017
766 0.010017
767 0.010017
768 0.010019
769 0.010019
770 0.010021
771 0.010022
772 0.010015
773 0.010004
774 0.010000
775 0.010000
776 0.010000
777 0.010373
778 0.010233
779 0.010241
780 0.010322
781 0.010435
782 0.011019
783 0.012078
