0 0.004992
1 0.003713
2 0.003839
3 0.005288
4 0.006736
5 0.008787
6 0.008787
7 0.007907
8 0.001318
9 0.000163
10 0.000087
11 0.000079
12 0.000084
13 0.000085
14 0.000101
15 0.000225
16 0.000648
17 0.000852
18 0.001542
19 0.003744
20 0.009225
21 0.013350
22 0.010654
23 0.007496
24 0.006315
25 0.006786
26 0.006985
27 0.006806
28 0.006352
29 0.004979
30 0.003158
31 0.003606
32 0.005041
33 0.007268
34 0.008787
35 0.006165
36 0.000890
37 0.000131
38 0.000071
39 0.000060
40 0.000061
41 0.000074
42 0.000068
43 0.000160
44 0.000439
45 0.001186
46 0.002307
47 0.006386
48 0.012903
49 0.011266
50 0.000001
51 0.000000
52 0.006786
53 0.006985
54 0.006439
55 0.005189
56 0.009111
57 0.006453
58 0.004936
59 0.002932
60 0.003298
61 0.004775
62 0.007166
63 0.003060
64 0.000585
65 0.000145
66 0.000104
67 0.000049
68 0.000039
69 0.000045
70 0.000053
71 0.000104
72 0.000380
73 0.001577
74 0.003534
75 0.009440
76 0.000027
77 0.000000
78 0.000000
79 0.000000
80 0.000000
81 0.006439
82 0.005077
83 0.004196
84 0.009747
85 0.009439
86 0.006462
87 0.004281
88 0.002358
89 0.003097
90 0.004568
91 0.001194
92 0.000288
93 0.000197
94 0.000107
95 0.000060
96 0.000032
97 0.000041
98 0.000056
99 0.000076
100 0.000292
101 0.000773
102 0.000024
103 0.000000
104 0.000000
105 0.000000
106 0.000000
107 0.000000
108 0.000012
109 0.004349
110 0.004048
111 0.004430
112 0.011323
113 0.009990
114 0.009653
115 0.006348
116 0.000000
117 0.000000
118 0.000000
119 0.000000
120 0.000001
121 0.000063
122 0.000171
123 0.000089
124 0.000049
125 0.000037
126 0.000062
127 0.000011
128 0.000002
129 0.000000
130 0.000000
131 0.000000
132 0.000000
133 0.000000
134 0.000001
135 0.000004
136 0.004229
137 0.003850
138 0.004212
139 0.005801
140 0.012811
141 0.011615
142 0.010240
143 0.010911
144 0.000000
145 0.000000
146 0.000000
147 0.000000
148 0.000000
149 0.000000
150 0.000000
151 0.000000
152 0.000001
153 0.000000
154 0.000000
155 0.000000
156 0.000000
157 0.000000
158 0.000000
159 0.000000
160 0.000000
161 0.000001
162 0.000003
163 0.000482
164 0.003754
165 0.004005
166 0.005592
167 0.008227
168 0.008768
169 0.012730
170 0.011992
171 0.010566
172 0.000001
173 0.000000
174 0.000001
175 0.000000
176 0.000000
177 0.000000
178 0.000000
179 0.000000
180 0.000000
181 0.000000
182 0.000000
183 0.000000
184 0.000000
185 0.000000
186 0.000000
187 0.000002
188 0.000002
189 0.000003
190 0.000011
191 0.003807
192 0.003978
193 0.005333
194 0.008105
195 0.006502
196 0.005425
197 0.007392
198 0.011260
199 0.012308
200 0.006095
201 0.000000
202 0.000000
203 0.000000
204 0.000000
205 0.000000
206 0.000000
207 0.000000
208 0.000000
209 0.000000
210 0.000000
211 0.000000
212 0.000000
213 0.000000
214 0.000000
215 0.000001
216 0.000000
217 0.000001
218 0.000314
219 0.001949
220 0.006379
221 0.008540
222 0.005692
223 0.003741
224 0.002807
225 0.004078
226 0.005708
227 0.009800
228 0.012579
229 0.000001
230 0.000000
231 0.000000
232 0.000000
233 0.000000
234 0.000000
235 0.000000
236 0.000000
237 0.000000
238 0.000000
239 0.000000
240 0.000000
241 0.000001
242 0.000001
243 0.000000
244 0.000000
245 0.000004
246 0.000178
247 0.000671
248 0.000932
249 0.000656
250 0.000630
251 0.000624
252 0.002409
253 0.001999
254 0.002784
255 0.003370
256 0.001782
257 0.000005
258 0.000000
259 0.000000
260 0.000000
261 0.000000
262 0.000000
263 0.000000
264 0.000000
265 0.000000
266 0.000000
267 0.000000
268 0.000001
269 0.000001
270 0.000000
271 0.000001
272 0.000007
273 0.000415
274 0.001038
275 0.000409
276 0.000200
277 0.000113
278 0.000096
279 0.000129
280 0.001784
281 0.000841
282 0.000511
283 0.000254
284 0.000237
285 0.000004
286 0.000000
287 0.000000
288 0.000000
289 0.000000
290 0.000000
291 0.000000
292 0.000000
293 0.000052
294 0.000249
295 0.000071
296 0.000005
297 0.000000
298 0.000000
299 0.000000
300 0.000072
301 0.999990
302 0.001927
303 0.000917
304 0.000435
305 0.000180
306 0.000128
307 0.000119
308 0.000727
309 0.000316
310 0.000119
311 0.000053
312 0.000008
313 0.000000
314 0.000000
315 0.000000
316 0.000000
317 0.000000
318 0.000000
319 0.000000
320 0.000000
321 0.000012
322 0.001739
323 0.999991
324 0.000016
325 0.000000
326 0.000000
327 0.000000
328 0.000020
329 0.000185
330 0.000271
331 0.000556
332 0.000565
333 0.000441
334 0.000343
335 0.000384
336 0.000546
337 0.000203
338 0.000101
339 0.000047
340 0.000001
341 0.000000
342 0.000000
343 0.000000
344 0.000000
345 0.000000
346 0.000009
347 0.000109
348 0.000011
349 0.000011
350 0.000029
351 0.000198
352 0.000136
353 0.000001
354 0.000000
355 0.000000
356 0.000002
357 0.000006
358 0.000009
359 0.000032
360 0.000142
361 0.000361
362 0.000669
363 0.000703
364 0.000839
365 0.000549
366 0.000216
367 0.000097
368 0.000000
369 0.000000
370 0.000000
371 0.000000
372 0.000000
373 0.000000
374 0.000010
375 0.009483
376 0.002089
377 0.000016
378 0.000002
379 0.000001
380 0.000003
381 0.000002
382 0.000000
383 0.000001
384 0.000001
385 0.000001
386 0.000002
387 0.000006
388 0.000029
389 0.000086
390 0.000170
391 0.000402
392 0.000911
393 0.000687
394 0.000463
395 0.000046
396 0.000000
397 0.000000
398 0.000000
399 0.000000
400 0.000000
401 0.000000
402 0.000004
403 0.000837
404 0.999985
405 0.000315
406 0.000001
407 0.000000
408 0.000000
409 0.000000
410 0.000001
411 0.000001
412 0.000000
413 0.000000
414 0.000002
415 0.000003
416 0.000012
417 0.000035
418 0.000048
419 0.000089
420 0.000361
421 0.000453
422 0.000582
423 0.000016
424 0.000000
425 0.000000
426 0.000000
427 0.000001
428 0.000002
429 0.000000
430 0.000001
431 0.000006
432 0.000138
433 0.000287
434 0.000003
435 0.000000
436 0.000000
437 0.000000
438 0.000001
439 0.000003
440 0.000000
441 0.000000
442 0.000001
443 0.000003
444 0.000010
445 0.000056
446 0.000044
447 0.000045
448 0.000203
449 0.000170
450 0.000193
451 0.000001
452 0.000000
453 0.000000
454 0.000001
455 0.000126
456 0.000291
457 0.000009
458 0.000000
459 0.000000
460 0.000000
461 0.000001
462 0.000001
463 0.000000
464 0.000000
465 0.000000
466 0.000000
467 0.000001
468 0.000000
469 0.000000
470 0.000000
471 0.000002
472 0.000012
473 0.000092
474 0.000102
475 0.000109
476 0.000370
477 0.000203
478 0.000049
479 0.000000
480 0.000000
481 0.000000
482 0.000013
483 0.999991
484 0.002467
485 0.000021
486 0.000000
487 0.000000
488 0.000000
489 0.000000
490 0.000000
491 0.000000
492 0.000000
493 0.000000
494 0.000000
495 0.000000
496 0.000000
497 0.000000
498 0.000000
499 0.000001
500 0.000011
501 0.000121
502 0.000967
503 0.001082
504 0.001380
505 0.000805
506 0.000022
507 0.000000
508 0.000000
509 0.000001
510 0.000153
511 0.001043
512 0.000470
513 0.000008
514 0.000001
515 0.000000
516 0.000000
517 0.000000
518 0.000000
519 0.000000
520 0.000000
521 0.000000
522 0.000000
523 0.000000
524 0.000000
525 0.000000
526 0.000000
527 0.000001
528 0.000018
529 0.000173
530 0.004790
531 0.010006
532 0.001315
533 0.001219
534 0.000026
535 0.000000
536 0.000001
537 0.000050
538 0.000688
539 0.000081
540 0.000004
541 0.000000
542 0.000000
543 0.000000
544 0.000000
545 0.000000
546 0.000000
547 0.000000
548 0.000000
549 0.000000
550 0.000000
551 0.000000
552 0.000000
553 0.000000
554 0.000001
555 0.000001
556 0.000041
557 0.000588
558 0.010009
559 0.010009
560 0.001740
561 0.002760
562 0.000050
563 0.000003
564 0.000061
565 0.005484
566 0.000774
567 0.000018
568 0.000001
569 0.000000
570 0.000000
571 0.000000
572 0.000000
573 0.000000
574 0.000000
575 0.000000
576 0.000000
577 0.000000
578 0.000000
579 0.000000
580 0.000000
581 0.000001
582 0.000002
583 0.000005
584 0.000084
585 0.007732
586 0.014974
587 0.010008
588 0.003275
589 0.005279
590 0.000729
591 0.000105
592 0.001845
593 0.000525
594 0.000022
595 0.000002
596 0.000000
597 0.000000
598 0.000000
599 0.000000
600 0.000000
601 0.000000
602 0.000000
603 0.000000
604 0.000000
605 0.000002
606 0.000002
607 0.000004
608 0.000003
609 0.000002
610 0.000002
611 0.000019
612 0.002020
613 0.003976
614 0.007691
615 0.012747
616 0.006178
617 0.010000
618 0.010000
619 0.006727
620 0.000804
621 0.000031
622 0.000002
623 0.000001
624 0.000000
625 0.000000
626 0.000000
627 0.000000
628 0.000000
629 0.000000
630 0.000000
631 0.000000
632 0.000003
633 0.000005
634 0.000011
635 0.000012
636 0.000006
637 0.000009
638 0.000079
639 0.001055
640 0.000686
641 0.002137
642 0.000000
643 0.000000
644 0.010000
645 0.010000
646 0.010000
647 0.010000
648 0.007009
649 0.000042
650 0.000005
651 0.000001
652 0.000001
653 0.000001
654 0.000004
655 0.000004
656 0.000005
657 0.000012
658 0.000044
659 0.000033
660 0.000016
661 0.000018
662 0.000030
663 0.000023
664 0.000029
665 0.000502
666 0.004606
667 0.002426
668 0.001341
669 0.000000
670 0.000000
671 0.000000
672 0.000000
673 0.010000
674 0.010000
675 0.010000
676 0.010000
677 0.010001
678 0.000123
679 0.000037
680 0.000036
681 0.000168
682 0.001614
683 0.000510
684 0.000098
685 0.000031
686 0.000098
687 0.000232
688 0.000303
689 0.001034
690 0.000699
691 0.001126
692 0.002678
693 0.010015
694 0.008849
695 0.004805
696 0.000000
697 0.000000
698 0.000000
699 0.000000
700 0.000000
701 0.000000
702 0.010000
703 0.010000
704 0.010001
705 0.007761
706 0.004097
707 0.001897
708 0.001509
709 0.001538
710 0.001152
711 0.001120
712 0.000298
713 0.000119
714 0.000235
715 0.000302
716 0.000317
717 0.000543
718 0.001608
719 0.003968
720 0.010014
721 0.010016
722 0.010013
723 0.000000
724 0.000000
725 0.000000
726 0.000000
727 0.000000
728 0.000000
729 0.000000
730 0.000000
731 0.000000
732 0.008853
733 0.004789
734 0.002568
735 0.001602
736 0.001942
737 0.001675
738 0.001426
739 0.002271
740 0.000992
741 0.000726
742 0.000287
743 0.000317
744 0.000391
745 0.000410
746 0.000851
747 0.002389
748 0.005817
749 0.010014
750 0.000000
751 0.000000
752 0.000000
753 0.000000
754 0.000000
755 0.000000
756 0.000000
757 0.000000
758 0.000000
759 0.000000
760 0.000000
761 0.003420
762 0.001865
763 0.001952
764 0.002041
765 0.001901
766 0.001458
767 0.002037
768 0.002817
769 0.002524
770 0.000329
771 0.000333
772 0.000409
773 0.000503
774 0.000527
775 0.001265
776 0.002959
777 0.000005
778 0.000921
779 0.000615
780 0.000024
781 0.000000
782 0.000000
783 0.000000
