0 0.001273
1 0.001187
2 0.001605
3 0.003377
4 0.006311
5 0.010016
6 0.006051
7 0.001784
8 0.000086
9 0.000007
10 0.000005
11 0.000005
12 0.000005
13 0.000012
14 0.000040
15 0.000053
16 0.000036
17 0.000010
18 0.000024
19 0.000165
20 0.001204
21 0.004539
22 0.014496
23 0.018327
24 0.009071
25 0.003889
26 0.001977
27 0.001488
28 0.000996
29 0.001108
30 0.000858
31 0.001428
32 0.003152
33 0.007756
34 0.010020
35 0.002527
36 0.000057
37 0.000004
38 0.000004
39 0.000004
40 0.000005
41 0.000020
42 0.000070
43 0.000048
44 0.000013
45 0.000005
46 0.000006
47 0.000094
48 0.003488
49 0.013011
50 0.002037
51 0.000001
52 0.003888
53 0.001915
54 0.001140
55 0.000992
56 0.001107
57 0.000858
58 0.000797
59 0.000741
60 0.001202
61 0.002845
62 0.007645
63 0.001930
64 0.000061
65 0.000006
66 0.000003
67 0.000003
68 0.000007
69 0.000027
70 0.000051
71 0.000020
72 0.000006
73 0.000003
74 0.000004
75 0.000080
76 0.026837
77 0.000003
78 0.000002
79 0.000001
80 0.000001
81 0.001061
82 0.000896
83 0.000639
84 0.001034
85 0.000797
86 0.000611
87 0.000524
88 0.000486
89 0.001073
90 0.002569
91 0.000503
92 0.000054
93 0.000009
94 0.000004
95 0.000004
96 0.000010
97 0.000059
98 0.000039
99 0.000008
100 0.000004
101 0.000003
102 0.000010
103 0.000005
104 0.000003
105 0.000003
106 0.000001
107 0.000001
108 0.000001
109 0.000656
110 0.000562
111 0.000732
112 0.000799
113 0.000741
114 0.000524
115 0.000486
116 0.000002
117 0.000002
118 0.000004
119 0.000001
120 0.000001
121 0.000009
122 0.000007
123 0.000009
124 0.000027
125 0.000050
126 0.000011
127 0.000003
128 0.000005
129 0.000004
130 0.000003
131 0.000003
132 0.000003
133 0.000001
134 0.000001
135 0.000001
136 0.000005
137 0.000401
138 0.000527
139 0.000689
140 0.003101
141 0.000671
142 0.000486
143 0.000450
144 0.000001
145 0.000003
146 0.000002
147 0.000003
148 0.000003
149 0.000002
150 0.000001
151 0.000001
152 0.000004
153 0.000004
154 0.000009
155 0.000005
156 0.000003
157 0.000003
158 0.000002
159 0.000002
160 0.000001
161 0.000001
162 0.000001
163 0.000001
164 0.000409
165 0.000375
166 0.000494
167 0.000527
168 0.006741
169 0.002505
170 0.000848
171 0.000388
172 0.000002
173 0.000001
174 0.000001
175 0.000002
176 0.000005
177 0.000006
178 0.000005
179 0.000005
180 0.000005
181 0.000003
182 0.000002
183 0.000002
184 0.000002
185 0.000001
186 0.000002
187 0.000002
188 0.000001
189 0.000001
190 0.000001
191 0.000001
192 0.000307
193 0.000328
194 0.000351
195 0.000871
196 0.016167
197 0.007455
198 0.002729
199 0.000955
200 0.000006
201 0.000001
202 0.000001
203 0.000001
204 0.000001
205 0.000003
206 0.000022
207 0.999976
208 0.000045
209 0.000007
210 0.000002
211 0.000001
212 0.000001
213 0.000001
214 0.000001
215 0.000001
216 0.000001
217 0.000001
218 0.000001
219 0.000003
220 0.000307
221 0.000335
222 0.001000
223 0.005835
224 0.009260
225 0.016825
226 0.008546
227 0.002897
228 0.000947
229 0.000001
230 0.000001
231 0.000001
232 0.000001
233 0.000001
234 0.000003
235 0.000008
236 0.000010
237 0.000006
238 0.000003
239 0.000003
240 0.000003
241 0.000002
242 0.000001
243 0.000001
244 0.000001
245 0.000001
246 0.000001
247 0.000021
248 0.000041
249 0.000352
250 0.001409
251 0.002264
252 0.009224
253 0.009187
254 0.009212
255 0.010303
256 0.003025
257 0.000001
258 0.000002
259 0.000002
260 0.000001
261 0.000001
262 0.000001
263 0.000001
264 0.000002
265 0.000003
266 0.000006
267 0.000007
268 0.000005
269 0.000003
270 0.000002
271 0.000001
272 0.000001
273 0.000001
274 0.000001
275 0.000015
276 0.000065
277 0.000149
278 0.000236
279 0.000289
280 0.002368
281 0.005126
282 0.009181
283 0.009162
284 0.012915
285 0.000004
286 0.000001
287 0.000002
288 0.000001
289 0.000001
290 0.000001
291 0.000001
292 0.000001
293 0.000002
294 0.000006
295 0.000008
296 0.000003
297 0.000002
298 0.000001
299 0.000001
300 0.000001
301 0.000001
302 0.000002
303 0.000285
304 0.000285
305 0.000232
306 0.000081
307 0.000018
308 0.000698
309 0.001258
310 0.002665
311 0.006538
312 0.000564
313 0.000004
314 0.000001
315 0.000002
316 0.000002
317 0.000001
318 0.000001
319 0.000001
320 0.000002
321 0.000003
322 0.000006
323 0.000003
324 0.000002
325 0.000001
326 0.000001
327 0.000001
328 0.000001
329 0.000002
330 0.000003
331 0.000054
332 0.000803
333 0.000125
334 0.000055
335 0.000060
336 0.000200
337 0.000264
338 0.000517
339 0.000221
340 0.000004
341 0.000002
342 0.000001
343 0.000001
344 0.000004
345 0.000003
346 0.000001
347 0.000002
348 0.000002
349 0.000003
350 0.000002
351 0.000002
352 0.000001
353 0.000001
354 0.000001
355 0.000001
356 0.000001
357 0.000002
358 0.000002
359 0.000003
360 0.000121
361 0.000139
362 0.000187
363 0.000125
364 0.000168
365 0.000068
366 0.000016
367 0.000008
368 0.000001
369 0.000001
370 0.000001
371 0.000001
372 0.000004
373 0.000007
374 0.000005
375 0.000003
376 0.000004
377 0.000002
378 0.000001
379 0.000001
380 0.000001
381 0.000001
382 0.000001
383 0.000001
384 0.000001
385 0.000002
386 0.000002
387 0.000002
388 0.000019
389 0.000121
390 0.000139
391 0.000201
392 0.000026
393 0.000009
394 0.000004
395 0.000002
396 0.000001
397 0.000001
398 0.000001
399 0.000001
400 0.000002
401 0.000017
402 0.000093
403 0.000029
404 0.000004
405 0.000002
406 0.000001
407 0.000001
408 0.000001
409 0.000001
410 0.000001
411 0.000001
412 0.000001
413 0.000001
414 0.000001
415 0.000001
416 0.000002
417 0.000112
418 0.000129
419 0.000139
420 0.000007
421 0.000003
422 0.000003
423 0.000001
424 0.000001
425 0.000001
426 0.000002
427 0.000001
428 0.000002
429 0.000015
430 0.999957
431 0.000047
432 0.000003
433 0.000002
434 0.000001
435 0.000001
436 0.000001
437 0.000001
438 0.000001
439 0.000001
440 0.000001
441 0.000001
442 0.000001
443 0.000001
444 0.000002
445 0.000082
446 0.000112
447 0.000129
448 0.000006
449 0.000003
450 0.000002
451 0.000001
452 0.000001
453 0.000001
454 0.000001
455 0.000002
456 0.000003
457 0.000008
458 0.000015
459 0.000006
460 0.000002
461 0.000002
462 0.000001
463 0.000001
464 0.000001
465 0.000001
466 0.000001
467 0.000001
468 0.000001
469 0.000001
470 0.000001
471 0.000001
472 0.000001
473 0.000005
474 0.000062
475 0.000161
476 0.000030
477 0.000011
478 0.000002
479 0.000001
480 0.000001
481 0.000001
482 0.000002
483 0.000003
484 0.000004
485 0.000003
486 0.000003
487 0.000002
488 0.000002
489 0.000002
490 0.000002
491 0.000002
492 0.000001
493 0.000001
494 0.000001
495 0.000001
496 0.000001
497 0.000001
498 0.000001
499 0.000001
500 0.000001
501 0.000002
502 0.000135
503 0.000542
504 0.000371
505 0.000144
506 0.000002
507 0.000001
508 0.000001
509 0.000001
510 0.000003
511 0.000005
512 0.000003
513 0.000001
514 0.000001
515 0.000002
516 0.000002
517 0.000001
518 0.000001
519 0.000002
520 0.000001
521 0.000001
522 0.000001
523 0.000001
524 0.000001
525 0.000001
526 0.000001
527 0.000001
528 0.000001
529 0.000002
530 0.000525
531 0.002721
532 0.000344
533 0.000305
534 0.000002
535 0.000001
536 0.000001
537 0.000003
538 0.000005
539 0.000004
540 0.000002
541 0.000001
542 0.000001
543 0.000001
544 0.000002
545 0.000001
546 0.000001
547 0.000001
548 0.000001
549 0.000001
550 0.000001
551 0.000001
552 0.000001
553 0.000001
554 0.000001
555 0.000001
556 0.000001
557 0.000003
558 0.000909
559 0.001410
560 0.000440
561 0.000525
562 0.000003
563 0.000001
564 0.000002
565 0.000005
566 0.000005
567 0.000002
568 0.000001
569 0.000001
570 0.000001
571 0.000001
572 0.000001
573 0.000001
574 0.000001
575 0.000001
576 0.000001
577 0.000001
578 0.000001
579 0.000002
580 0.000002
581 0.000001
582 0.000001
583 0.000001
584 0.000002
585 0.000909
586 0.000946
587 0.001123
588 0.000703
589 0.001485
590 0.000086
591 0.000002
592 0.000003
593 0.000003
594 0.000002
595 0.000001
596 0.000001
597 0.000001
598 0.000001
599 0.000001
600 0.000001
601 0.000002
602 0.000001
603 0.000001
604 0.000001
605 0.000001
606 0.000001
607 0.000002
608 0.000002
609 0.000002
610 0.000001
611 0.000003
612 0.000872
613 0.000909
614 0.001080
615 0.001122
616 0.002005
617 0.004312
618 0.010029
619 0.000484
620 0.000004
621 0.000002
622 0.000001
623 0.000001
624 0.000001
625 0.000001
626 0.000001
627 0.000001
628 0.000001
629 0.000002
630 0.000002
631 0.000002
632 0.000001
633 0.000001
634 0.000001
635 0.000001
636 0.000001
637 0.000001
638 0.000003
639 0.000872
640 0.000908
641 0.001080
642 0.000001
643 0.000001
644 0.004549
645 0.010024
646 0.010031
647 0.008209
648 0.000995
649 0.000002
650 0.000001
651 0.000001
652 0.000001
653 0.000001
654 0.000001
655 0.000001
656 0.000002
657 0.000027
658 0.000075
659 0.000003
660 0.000002
661 0.000001
662 0.000001
663 0.000001
664 0.000001
665 0.000005
666 0.000872
667 0.001039
668 0.001080
669 0.000001
670 0.000001
671 0.000001
672 0.000001
673 0.010029
674 0.010022
675 0.003476
676 0.001512
677 0.000544
678 0.000003
679 0.000002
680 0.000003
681 0.000011
682 0.000063
683 0.000014
684 0.000008
685 0.000024
686 0.000056
687 0.000080
688 0.000049
689 0.000158
690 0.000099
691 0.000016
692 0.000045
693 0.000838
694 0.000909
695 0.001080
696 0.000001
697 0.000001
698 0.000001
699 0.000001
700 0.000001
701 0.000001
702 0.004436
703 0.001955
704 0.000722
705 0.000561
706 0.000440
707 0.000415
708 0.000371
709 0.000287
710 0.000128
711 0.000029
712 0.000009
713 0.000018
714 0.000051
715 0.000112
716 0.000157
717 0.000630
718 0.002892
719 0.001421
720 0.000731
721 0.000873
722 0.001039
723 0.000001
724 0.000001
725 0.000001
726 0.000001
727 0.000001
728 0.000001
729 0.000001
730 0.000001
731 0.000001
732 0.000626
733 0.000592
734 0.000466
735 0.000440
736 0.000415
737 0.000324
738 0.000287
739 0.000066
740 0.000018
741 0.000014
742 0.000034
743 0.000085
744 0.000342
745 0.002431
746 0.005390
747 0.002603
748 0.001318
749 0.001040
750 0.000001
751 0.000002
752 0.000002
753 0.000002
754 0.000001
755 0.000001
756 0.000001
757 0.000001
758 0.000001
759 0.000001
760 0.000001
761 0.000626
762 0.000592
763 0.000466
764 0.000440
765 0.000415
766 0.000392
767 0.000156
768 0.000032
769 0.000014
770 0.000030
771 0.000074
772 0.000748
773 0.005713
774 0.008560
775 0.004104
776 0.002367
777 0.000001
778 0.000014
779 0.000008
780 0.000001
781 0.000001
782 0.000001
783 0.000001
