0 0.022377
1 0.021744
2 0.013238
3 0.005505
4 0.002216
5 0.000923
6 0.000501
7 0.000458
8 0.000070
9 0.000010
10 0.000007
11 0.000005
12 0.000007
13 0.000017
14 0.000039
15 0.000029
16 0.000023
17 0.000008
18 0.000034
19 0.000205
20 0.000704
21 0.000742
22 0.000934
23 0.000982
24 0.000873
25 0.000922
26 0.001146
27 0.001206
28 0.014907
29 0.022378
30 0.022867
31 0.013238
32 0.004372
33 0.001678
34 0.000642
35 0.000268
36 0.000021
37 0.000004
38 0.000004
39 0.000004
40 0.000008
41 0.000025
42 0.000045
43 0.000024
44 0.000010
45 0.000004
46 0.000005
47 0.000063
48 0.000556
49 0.000704
50 0.000000
51 0.000000
52 0.000827
53 0.001034
54 0.000922
55 0.001146
56 0.010166
57 0.014908
58 0.022379
59 0.022868
60 0.013239
61 0.003293
62 0.001220
63 0.000131
64 0.000009
65 0.000003
66 0.000003
67 0.000003
68 0.000008
69 0.000026
70 0.000025
71 0.000015
72 0.000005
73 0.000002
74 0.000001
75 0.000014
76 0.000000
77 0.000000
78 0.000000
79 0.000000
80 0.000000
81 0.000827
82 0.001034
83 0.000928
84 0.010002
85 0.010166
86 0.014908
87 0.024584
88 0.021515
89 0.012423
90 0.003096
91 0.000084
92 0.000004
93 0.000002
94 0.000002
95 0.000005
96 0.000011
97 0.000035
98 0.000021
99 0.000006
100 0.000002
101 0.000000
102 0.000000
103 0.000000
104 0.000000
105 0.000000
106 0.000000
107 0.000000
108 0.000000
109 0.000783
110 0.000833
111 0.002441
112 0.010003
113 0.010003
114 0.010167
115 0.014909
116 0.000000
117 0.000000
118 0.000000
119 0.000000
120 0.000000
121 0.000001
122 0.000002
123 0.000006
124 0.000024
125 0.000023
126 0.000009
127 0.000000
128 0.000000
129 0.000000
130 0.000000
131 0.000000
132 0.000000
133 0.000000
134 0.000000
135 0.000000
136 0.000005
137 0.000639
138 0.002405
139 0.004265
140 0.005008
141 0.010004
142 0.010004
143 0.009639
144 0.000000
145 0.000000
146 0.000000
147 0.000000
148 0.000000
149 0.000000
150 0.000000
151 0.000000
152 0.000000
153 0.000000
154 0.000000
155 0.000000
156 0.000000
157 0.000000
158 0.000000
159 0.000000
160 0.000000
161 0.000000
162 0.000000
163 0.000000
164 0.000697
165 0.002434
166 0.004492
167 0.010352
168 0.001577
169 0.003677
170 0.007696
171 0.010005
172 0.000000
173 0.000001
174 0.000001
175 0.000000
176 0.000000
177 0.000000
178 0.000000
179 0.000000
180 0.000000
181 0.000000
182 0.000000
183 0.000000
184 0.000000
185 0.000000
186 0.000000
187 0.000000
188 0.000000
189 0.000000
190 0.000000
191 0.000000
192 0.003242
193 0.005698
194 0.018328
195 0.014212
196 0.000571
197 0.001060
198 0.002092
199 0.005692
200 0.000085
201 0.000000
202 0.000001
203 0.000001
204 0.000000
205 0.000000
206 0.000000
207 0.000000
208 0.000000
209 0.000000
210 0.000000
211 0.000000
212 0.000000
213 0.000000
214 0.000000
215 0.000000
216 0.000000
217 0.000000
218 0.000000
219 0.000032
220 0.009122
221 0.029615
222 0.015700
223 0.016410
224 0.000422
225 0.000310
226 0.000539
227 0.001418
228 0.003028
229 0.000000
230 0.000000
231 0.000001
232 0.000000
233 0.000000
234 0.000000
235 0.000000
236 0.000000
237 0.000000
238 0.000000
239 0.000000
240 0.000000
241 0.000000
242 0.000000
243 0.000000
244 0.000000
245 0.000000
246 0.000000
247 0.000632
248 0.002809
249 0.001954
250 0.003215
251 0.002601
252 0.000390
253 0.000261
254 0.000240
255 0.000193
256 0.000076
257 0.000000
258 0.000000
259 0.000000
260 0.000001
261 0.000002
262 0.000001
263 0.000000
264 0.000000
265 0.000000
266 0.000000
267 0.000000
268 0.000000
269 0.000000
270 0.000000
271 0.000000
272 0.000000
273 0.000000
274 0.000000
275 0.000436
276 0.000176
277 0.000281
278 0.000158
279 0.000106
280 0.000261
281 0.000065
282 0.000029
283 0.000006
284 0.000004
285 0.000000
286 0.000000
287 0.000000
288 0.000001
289 0.000478
290 0.000797
291 0.000001
292 0.000000
293 0.000000
294 0.000000
295 0.000000
296 0.000000
297 0.000000
298 0.000000
299 0.000000
300 0.000000
301 0.000000
302 0.000000
303 0.000162
304 0.000108
305 0.000040
306 0.000023
307 0.000017
308 0.000033
309 0.000014
310 0.000004
311 0.000002
312 0.000000
313 0.000000
314 0.000000
315 0.000000
316 0.000001
317 0.999990
318 0.000106
319 0.000001
320 0.000000
321 0.000000
322 0.000000
323 0.000000
324 0.000000
325 0.000000
326 0.000000
327 0.000000
328 0.000000
329 0.000000
330 0.000000
331 0.000002
332 0.000024
333 0.000013
334 0.000010
335 0.000014
336 0.000008
337 0.000004
338 0.000003
339 0.000002
340 0.000000
341 0.000000
342 0.000000
343 0.000000
344 0.000000
345 0.000002
346 0.000002
347 0.000000
348 0.000000
349 0.000000
350 0.000000
351 0.000000
352 0.000000
353 0.000000
354 0.000000
355 0.000000
356 0.000000
357 0.000000
358 0.000000
359 0.000000
360 0.000006
361 0.000006
362 0.000009
363 0.000011
364 0.000006
365 0.000005
366 0.000006
367 0.000006
368 0.000000
369 0.000000
370 0.000000
371 0.000000
372 0.000000
373 0.000000
374 0.000000
375 0.000000
376 0.000000
377 0.000000
378 0.000000
379 0.000000
380 0.000001
381 0.000001
382 0.000000
383 0.000000
384 0.000000
385 0.000000
386 0.000000
387 0.000000
388 0.000001
389 0.000006
390 0.000008
391 0.000011
392 0.000007
393 0.000007
394 0.000011
395 0.000002
396 0.000000
397 0.000000
398 0.000000
399 0.000000
400 0.000000
401 0.000000
402 0.000000
403 0.000000
404 0.000000
405 0.000000
406 0.000003
407 0.000097
408 0.000086
409 0.000001
410 0.000000
411 0.000000
412 0.000000
413 0.000000
414 0.000000
415 0.000000
416 0.000000
417 0.000005
418 0.000008
419 0.000009
420 0.000020
421 0.000024
422 0.000042
423 0.000001
424 0.000000
425 0.000000
426 0.000000
427 0.000000
428 0.000000
429 0.000000
430 0.000000
431 0.000000
432 0.000000
433 0.000001
434 0.000026
435 0.003747
436 0.999989
437 0.000001
438 0.000000
439 0.000000
440 0.000000
441 0.000000
442 0.000000
443 0.000000
444 0.000000
445 0.000005
446 0.000007
447 0.000009
448 0.000114
449 0.000044
450 0.000035
451 0.000000
452 0.000000
453 0.000000
454 0.000000
455 0.000000
456 0.000000
457 0.000000
458 0.000000
459 0.000000
460 0.000000
461 0.000001
462 0.000006
463 0.000027
464 0.000007
465 0.000001
466 0.000000
467 0.000000
468 0.000000
469 0.000000
470 0.000000
471 0.000000
472 0.000000
473 0.000001
474 0.000006
475 0.000014
476 0.000820
477 0.000281
478 0.000008
479 0.000000
480 0.000000
481 0.000000
482 0.000000
483 0.000000
484 0.000000
485 0.000000
486 0.000000
487 0.000000
488 0.000000
489 0.000001
490 0.000001
491 0.000001
492 0.000000
493 0.000000
494 0.000000
495 0.000000
496 0.000000
497 0.000000
498 0.000000
499 0.000000
500 0.000000
501 0.000000
502 0.000028
503 0.000064
504 0.007977
505 0.001111
506 0.000003
507 0.000000
508 0.000000
509 0.000000
510 0.000000
511 0.000000
512 0.000000
513 0.000000
514 0.000000
515 0.000000
516 0.000000
517 0.000000
518 0.000001
519 0.000000
520 0.000000
521 0.000000
522 0.000000
523 0.000000
524 0.000000
525 0.000000
526 0.000000
527 0.000000
528 0.000000
529 0.000000
530 0.000169
531 0.000470
532 0.002311
533 0.000972
534 0.000003
535 0.000000
536 0.000000
537 0.000000
538 0.000000
539 0.000000
540 0.000000
541 0.000000
542 0.000000
543 0.000000
544 0.000000
545 0.000000
546 0.000000
547 0.000000
548 0.000000
549 0.000000
550 0.000000
551 0.000000
552 0.000000
553 0.000000
554 0.000000
555 0.000000
556 0.000000
557 0.000001
558 0.000470
559 0.000494
560 0.000915
561 0.000501
562 0.000003
563 0.000000
564 0.000000
565 0.000000
566 0.000000
567 0.000000
568 0.000000
569 0.000000
570 0.000000
571 0.000000
572 0.000000
573 0.000000
574 0.000000
575 0.000000
576 0.000000
577 0.000000
578 0.000000
579 0.000000
580 0.000000
581 0.000000
582 0.000000
583 0.000000
584 0.000001
585 0.001308
586 0.000687
587 0.000611
588 0.000668
589 0.000530
590 0.000022
591 0.000000
592 0.000001
593 0.000000
594 0.000001
595 0.000001
596 0.000001
597 0.000000
598 0.000000
599 0.000000
600 0.000000
601 0.000000
602 0.000000
603 0.000000
604 0.000000
605 0.000000
606 0.000000
607 0.000000
608 0.000000
609 0.000000
610 0.000001
611 0.000008
612 0.005561
613 0.002673
614 0.001610
615 0.001001
616 0.000741
617 0.000668
618 0.000530
619 0.000038
620 0.000001
621 0.000000
622 0.000001
623 0.000000
624 0.000000
625 0.000000
626 0.000000
627 0.000000
628 0.000000
629 0.000000
630 0.000000
631 0.000000
632 0.000000
633 0.000000
634 0.000000
635 0.000000
636 0.000000
637 0.000000
638 0.000015
639 0.010007
640 0.010004
641 0.006842
642 0.000000
643 0.000000
644 0.000781
645 0.000741
646 0.000703
647 0.000560
648 0.000204
649 0.000001
650 0.000000
651 0.000000
652 0.000000
653 0.000001
654 0.000001
655 0.000001
656 0.000007
657 0.000021
658 0.000009
659 0.000000
660 0.000000
661 0.000000
662 0.000000
663 0.000000
664 0.000000
665 0.000029
666 0.010007
667 0.010008
668 0.010007
669 0.000000
670 0.000000
671 0.000000
672 0.000000
673 0.000781
674 0.000741
675 0.000591
676 0.000668
677 0.000530
678 0.000004
679 0.000002
680 0.000013
681 0.000202
682 0.002305
683 0.000322
684 0.000062
685 0.000015
686 0.000003
687 0.000008
688 0.000020
689 0.000491
690 0.000569
691 0.000152
692 0.000602
693 0.010005
694 0.010006
695 0.010006
696 0.000000
697 0.000000
698 0.000000
699 0.000000
700 0.000000
701 0.000000
702 0.000781
703 0.000741
704 0.000703
705 0.000668
706 0.000531
707 0.000970
708 0.002491
709 0.007186
710 0.004924
711 0.000817
712 0.000052
713 0.000007
714 0.000003
715 0.000007
716 0.000029
717 0.000611
718 0.010005
719 0.010008
720 0.010007
721 0.010005
722 0.010004
723 0.000000
724 0.000000
725 0.000000
726 0.000000
727 0.000000
728 0.000000
729 0.000000
730 0.000000
731 0.000000
732 0.000741
733 0.000705
734 0.000702
735 0.001750
736 0.005834
737 0.010011
738 0.010009
739 0.001282
740 0.000053
741 0.000006
742 0.000004
743 0.000004
744 0.000036
745 0.000763
746 0.008151
747 0.010006
748 0.010007
749 0.010006
750 0.000000
751 0.000000
752 0.000000
753 0.000000
754 0.000000
755 0.000000
756 0.000000
757 0.000000
758 0.000000
759 0.000000
760 0.000000
761 0.000743
762 0.001474
763 0.003798
764 0.010008
765 0.010010
766 0.010005
767 0.001348
768 0.000055
769 0.000007
770 0.000005
771 0.000005
772 0.000046
773 0.000974
774 0.004470
775 0.010003
776 0.010006
777 0.000000
778 0.000071
779 0.000033
780 0.000000
781 0.000000
782 0.000000
783 0.000000
