0 0.002595
1 0.002474
2 0.002079
3 0.002248
4 0.002228
5 0.002378
6 0.002884
7 0.002884
8 0.000625
9 0.000118
10 0.000093
11 0.000061
12 0.000043
13 0.000029
14 0.000030
15 0.000032
16 0.000064
17 0.000167
18 0.001703
19 0.005758
20 0.004851
21 0.002228
22 0.002058
23 0.001851
24 0.001460
25 0.001347
26 0.001554
27 0.001628
28 0.002190
29 0.002358
30 0.001974
31 0.001875
32 0.001867
33 0.002124
34 0.002399
35 0.001933
36 0.000264
37 0.000063
38 0.000062
39 0.000065
40 0.000042
41 0.000032
42 0.000032
43 0.000047
44 0.000104
45 0.000334
46 0.000548
47 0.001306
48 0.002362
49 0.001815
50 0.000000
51 0.000000
52 0.001238
53 0.001416
54 0.001276
55 0.001554
56 0.002358
57 0.001974
58 0.001875
59 0.001781
60 0.001607
61 0.001482
62 0.001827
63 0.000701
64 0.000130
65 0.000043
66 0.000059
67 0.000057
68 0.000043
69 0.000042
70 0.000038
71 0.000080
72 0.000265
73 0.000316
74 0.000143
75 0.000284
76 0.000000
77 0.000000
78 0.000000
79 0.000000
80 0.000000
81 0.001156
82 0.001416
83 0.001276
84 0.002248
85 0.001875
86 0.001553
87 0.001391
88 0.001317
89 0.001247
90 0.001289
91 0.000207
92 0.000043
93 0.000037
94 0.000039
95 0.000045
96 0.000087
97 0.000130
98 0.000114
99 0.000184
100 0.000363
101 0.000019
102 0.000000
103 0.000000
104 0.000000
105 0.000000
106 0.000000
107 0.000000
108 0.000000
109 0.001100
110 0.001156
111 0.001416
112 0.001875
113 0.001781
114 0.001391
115 0.001317
116 0.000000
117 0.000000
118 0.000000
119 0.000000
120 0.000000
121 0.000003
122 0.000037
123 0.000054
124 0.000230
125 0.000417
126 0.000458
127 0.000001
128 0.000000
129 0.000000
130 0.000000
131 0.000000
132 0.000000
133 0.000000
134 0.000000
135 0.000000
136 0.000031
137 0.000890
138 0.001100
139 0.001352
140 0.001781
141 0.001470
142 0.001317
143 0.001247
144 0.000000
145 0.000000
146 0.000000
147 0.000000
148 0.000000
149 0.000000
150 0.000000
151 0.000000
152 0.000000
153 0.000000
154 0.000000
155 0.000000
156 0.000000
157 0.000000
158 0.000000
159 0.000000
160 0.000000
161 0.000000
162 0.000000
163 0.000000
164 0.000904
165 0.000845
166 0.001047
167 0.001100
168 0.001470
169 0.001317
170 0.001247
171 0.001118
172 0.000000
173 0.000000
174 0.000000
175 0.000000
176 0.000000
177 0.000000
178 0.000000
179 0.000000
180 0.000000
181 0.000000
182 0.000000
183 0.000000
184 0.000000
185 0.000000
186 0.000000
187 0.000000
188 0.000000
189 0.000000
190 0.000000
191 0.000000
192 0.000722
193 0.000761
194 0.000802
195 0.001209
196 0.001317
197 0.001247
198 0.001012
199 0.000901
200 0.000000
201 0.000000
202 0.000000
203 0.000000
204 0.000000
205 0.000000
206 0.000000
207 0.000000
208 0.000000
209 0.000000
210 0.000000
211 0.000000
212 0.000000
213 0.000000
214 0.000000
215 0.000000
216 0.000000
217 0.000000
218 0.000000
219 0.000018
220 0.000722
221 0.000768
222 0.000918
223 0.001145
224 0.001247
225 0.001012
226 0.000901
227 0.000850
228 0.000639
229 0.000000
230 0.000000
231 0.000000
232 0.000000
233 0.000000
234 0.000000
235 0.000000
236 0.000000
237 0.000000
238 0.000000
239 0.000000
240 0.000000
241 0.000000
242 0.000000
243 0.000000
244 0.000000
245 0.000000
246 0.000000
247 0.000002
248 0.000005
249 0.000011
250 0.000033
251 0.000081
252 0.001180
253 0.000901
254 0.000850
255 0.000248
256 0.000012
257 0.000000
258 0.000000
259 0.000000
260 0.000000
261 0.000000
262 0.000000
263 0.000000
264 0.000000
265 0.000000
266 0.000000
267 0.000000
268 0.000000
269 0.000000
270 0.000000
271 0.000000
272 0.000000
273 0.000000
274 0.000000
275 0.000000
276 0.000001
277 0.000001
278 0.000002
279 0.000004
280 0.000901
281 0.000093
282 0.000022
283 0.000003
284 0.000001
285 0.000000
286 0.000000
287 0.000000
288 0.000000
289 0.000000
290 0.000000
291 0.000000
292 0.000000
293 0.000000
294 0.000000
295 0.000000
296 0.000000
297 0.000000
298 0.000000
299 0.000000
300 0.000000
301 0.000000
302 0.000000
303 0.000000
304 0.000001
305 0.000001
306 0.000001
307 0.000002
308 0.000028
309 0.000006
310 0.000001
311 0.000000
312 0.000000
313 0.000000
314 0.000000
315 0.000000
316 0.000000
317 0.000000
318 0.000000
319 0.000000
320 0.000000
321 0.000000
322 0.000000
323 0.000000
324 0.000000
325 0.000000
326 0.000000
327 0.000000
328 0.000000
329 0.000000
330 0.000000
331 0.000000
332 0.000001
333 0.000001
334 0.000002
335 0.000007
336 0.000009
337 0.000002
338 0.000001
339 0.000000
340 0.000000
341 0.000000
342 0.000000
343 0.000000
344 0.000000
345 0.000000
346 0.000000
347 0.000000
348 0.000000
349 0.000000
350 0.000000
351 0.000000
352 0.000000
353 0.000000
354 0.000000
355 0.000000
356 0.000000
357 0.000000
358 0.000000
359 0.000000
360 0.000001
361 0.000003
362 0.000009
363 0.000014
364 0.000018
365 0.000008
366 0.000002
367 0.000001
368 0.000000
369 0.000000
370 0.000000
371 0.000000
372 0.000000
373 0.000000
374 0.000000
375 0.000000
376 0.000000
377 0.000000
378 0.000000
379 0.000000
380 0.000000
381 0.000000
382 0.000000
383 0.000000
384 0.000000
385 0.000000
386 0.000000
387 0.000000
388 0.000001
389 0.000013
390 0.000014
391 0.000023
392 0.000025
393 0.000013
394 0.000005
395 0.000000
396 0.000000
397 0.000000
398 0.000000
399 0.000000
400 0.000000
401 0.000000
402 0.000000
403 0.000000
404 0.000000
405 0.000000
406 0.000000
407 0.000000
408 0.000000
409 0.000000
410 0.000000
411 0.000000
412 0.000000
413 0.000000
414 0.000000
415 0.000000
416 0.000000
417 0.000017
418 0.000016
419 0.000010
420 0.000044
421 0.000051
422 0.000018
423 0.000000
424 0.000000
425 0.000000
426 0.000000
427 0.000000
428 0.000000
429 0.000000
430 0.000000
431 0.000000
432 0.000000
433 0.000000
434 0.000000
435 0.000000
436 0.000000
437 0.000000
438 0.000000
439 0.000000
440 0.000000
441 0.000000
442 0.000000
443 0.000000
444 0.000000
445 0.000007
446 0.000004
447 0.000003
448 0.000023
449 0.000016
450 0.000017
451 0.000000
452 0.000000
453 0.000000
454 0.000046
455 0.000439
456 0.000000
457 0.000000
458 0.000000
459 0.000000
460 0.000000
461 0.000000
462 0.000000
463 0.000000
464 0.000000
465 0.000000
466 0.000000
467 0.000000
468 0.965404
469 0.000004
470 0.000000
471 0.000000
472 0.000000
473 0.000000
474 0.000001
475 0.000002
476 0.000009
477 0.000013
478 0.000003
479 0.000000
480 0.000000
481 0.000062
482 0.176709
483 1.000000
484 0.000000
485 0.000000
486 0.000000
487 0.000000
488 0.000000
489 0.000000
490 0.000000
491 0.000000
492 0.000000
493 0.000000
494 0.000000
495 0.000000
496 0.000286
497 0.000077
498 0.000000
499 0.000000
500 0.000000
501 0.000000
502 0.000004
503 0.000007
504 0.000052
505 0.000022
506 0.000001
507 0.000000
508 0.000005
509 0.004284
510 0.022549
511 0.000006
512 0.000000
513 0.000000
514 0.000000
515 0.000000
516 0.000000
517 0.000000
518 0.000000
519 0.000000
520 0.000000
521 0.000000
522 0.000000
523 0.000000
524 0.000001
525 0.000019
526 0.000003
527 0.000000
528 0.000000
529 0.000001
530 0.000071
531 0.000079
532 0.000049
533 0.000275
534 0.000007
535 0.000001
536 0.000374
537 0.021399
538 0.000005
539 0.000000
540 0.000000
541 0.000000
542 0.000000
543 0.000000
544 0.000000
545 0.000000
546 0.000000
547 0.000000
548 0.000000
549 0.000000
550 0.000000
551 0.000000
552 0.000000
553 0.000001
554 0.000246
555 0.000021
556 0.000002
557 0.000036
558 0.000848
559 0.000331
560 0.000644
561 0.002163
562 0.000059
563 0.000017
564 0.001781
565 0.000101
566 0.000000
567 0.000000
568 0.000000
569 0.000000
570 0.000000
571 0.000000
572 0.000000
573 0.000000
574 0.000000
575 0.000000
576 0.000000
577 0.000000
578 0.000000
579 0.000000
580 0.000000
581 0.000000
582 0.000031
583 0.002440
584 0.000565
585 0.010001
586 0.006321
587 0.001881
588 0.003425
589 0.013988
590 0.000998
591 0.000098
592 0.000168
593 0.000001
594 0.000000
595 0.000000
596 0.000000
597 0.000000
598 0.000000
599 0.000000
600 0.000000
601 0.000000
602 0.000000
603 0.000000
604 0.000000
605 0.000000
606 0.000000
607 0.000000
608 0.000000
609 0.000000
610 0.000002
611 0.000674
612 0.013003
613 0.779373
614 0.010001
615 0.010000
616 0.020910
617 0.010000
618 0.010000
619 0.000941
620 0.000009
621 0.000000
622 0.000000
623 0.000000
624 0.000000
625 0.000000
626 0.000000
627 0.000000
628 0.000000
629 0.000000
630 0.000000
631 0.000000
632 0.000000
633 0.000000
634 0.000000
635 0.000000
636 0.000000
637 0.000000
638 0.000001
639 0.000737
640 0.001999
641 0.007298
642 0.000000
643 0.000000
644 0.010000
645 0.010000
646 0.002238
647 0.000407
648 0.000043
649 0.000000
650 0.000000
651 0.000000
652 0.000000
653 0.000000
654 0.000000
655 0.000000
656 0.000000
657 0.000000
658 0.000000
659 0.000000
660 0.000000
661 0.000000
662 0.000000
663 0.000000
664 0.000000
665 0.000001
666 0.000036
667 0.000077
668 0.000482
669 0.000000
670 0.000000
671 0.000000
672 0.000000
673 0.002377
674 0.000622
675 0.000134
676 0.000094
677 0.000066
678 0.000001
679 0.000000
680 0.000001
681 0.000003
682 0.000001
683 0.000000
684 0.000000
685 0.000000
686 0.000000
687 0.000000
688 0.000000
689 0.000004
690 0.000003
691 0.000002
692 0.000004
693 0.000034
694 0.000039
695 0.000052
696 0.000000
697 0.000000
698 0.000000
699 0.000000
700 0.000000
701 0.000000
702 0.000206
703 0.000111
704 0.000102
705 0.000094
706 0.000066
707 0.000061
708 0.000052
709 0.000036
710 0.000005
711 0.000000
712 0.000000
713 0.000000
714 0.000000
715 0.000000
716 0.000000
717 0.000017
718 0.000024
719 0.000026
720 0.000027
721 0.000036
722 0.000049
723 0.000000
724 0.000000
725 0.000000
726 0.000000
727 0.000000
728 0.000000
729 0.000000
730 0.000000
731 0.000000
732 0.000111
733 0.000102
734 0.000072
735 0.000066
736 0.000061
737 0.000043
738 0.000036
739 0.000001
740 0.000000
741 0.000000
742 0.000000
743 0.000000
744 0.000002
745 0.000022
746 0.000026
747 0.000034
748 0.000036
749 0.000049
750 0.000000
751 0.000000
752 0.000000
753 0.000000
754 0.000000
755 0.000000
756 0.000000
757 0.000000
758 0.000000
759 0.000000
760 0.000000
761 0.000111
762 0.000102
763 0.000072
764 0.000066
765 0.000061
766 0.000056
767 0.000004
768 0.000000
769 0.000000
770 0.000000
771 0.000000
772 0.000009
773 0.000030
774 0.000026
775 0.000029
776 0.000039
777 0.000000
778 0.000002
779 0.000001
780 0.000000
781 0.000000
782 0.000000
783 0.000000
