0 0.001984
1 0.001871
2 0.001513
3 0.001753
4 0.002199
5 0.003129
6 0.006233
7 0.005615
8 0.000099
9 0.000003
10 0.000001
11 0.000001
12 0.000001
13 0.000001
14 0.000001
15 0.000001
16 0.000001
17 0.000001
18 0.000003
19 0.000020
20 0.000069
21 0.000075
22 0.000110
23 0.000120
24 0.000098
25 0.000108
26 0.000155
27 0.000170
28 0.001612
29 0.001765
30 0.001420
31 0.001333
32 0.001483
33 0.002580
34 0.004352
35 0.002392
36 0.000034
37 0.000002
38 0.000001
39 0.000001
40 0.000001
41 0.000001
42 0.000001
43 0.000001
44 0.000001
45 0.000001
46 0.000001
47 0.000009
48 0.000047
49 0.000069
50 0.000201
51 0.000271
52 0.000090
53 0.000130
54 0.000108
55 0.000155
56 0.001765
57 0.001420
58 0.001333
59 0.001251
60 0.001108
61 0.001362
62 0.002618
63 0.000245
64 0.000014
65 0.000002
66 0.000002
67 0.000001
68 0.000001
69 0.000001
70 0.000001
71 0.000001
72 0.000001
73 0.000001
74 0.000001
75 0.000003
76 0.000134
77 0.000144
78 0.000169
79 0.000186
80 0.000271
81 0.000090
82 0.000130
83 0.000108
84 0.001665
85 0.001333
86 0.001058
87 0.000923
88 0.000863
89 0.000852
90 0.001321
91 0.000031
92 0.000004
93 0.000003
94 0.000002
95 0.000001
96 0.000001
97 0.000001
98 0.000001
99 0.000001
100 0.000001
101 0.000000
102 0.000001
103 0.000001
104 0.000030
105 0.000129
106 0.000153
107 0.000228
108 0.000226
109 0.000082
110 0.000090
111 0.000130
112 0.001333
113 0.001251
114 0.000923
115 0.000863
116 0.000000
117 0.000000
118 0.000000
119 0.000000
120 0.000000
121 0.000000
122 0.000003
123 0.000002
124 0.000001
125 0.000001
126 0.000001
127 0.000001
128 0.000001
129 0.000001
130 0.000000
131 0.000001
132 0.000007
133 0.000097
134 0.000129
135 0.000184
136 0.000170
137 0.000057
138 0.000082
139 0.000120
140 0.001251
141 0.000988
142 0.000863
143 0.000806
144 0.000000
145 0.000000
146 0.000000
147 0.000000
148 0.000000
149 0.000000
150 0.000000
151 0.000000
152 0.000000
153 0.000000
154 0.000001
155 0.000001
156 0.000001
157 0.000000
158 0.000000
159 0.000000
160 0.000001
161 0.000037
162 0.000125
163 0.000117
164 0.000058
165 0.000052
166 0.000075
167 0.000082
168 0.000988
169 0.000863
170 0.000806
171 0.000704
172 0.000000
173 0.000000
174 0.000000
175 0.000000
176 0.000000
177 0.000000
178 0.000000
179 0.000000
180 0.000000
181 0.000000
182 0.000000
183 0.000000
184 0.000000
185 0.000000
186 0.000000
187 0.000000
188 0.000001
189 0.000008
190 0.000100
191 0.000110
192 0.000040
193 0.000043
194 0.000047
195 0.000109
196 0.000867
197 0.000806
198 0.000622
199 0.000539
200 0.000000
201 0.000000
202 0.000000
203 0.000000
204 0.000000
205 0.000000
206 0.000000
207 0.000000
208 0.000000
209 0.000000
210 0.000000
211 0.000000
212 0.000000
213 0.000000
214 0.000000
215 0.000000
216 0.000000
217 0.000000
218 0.000000
219 0.000002
220 0.000040
221 0.000046
222 0.000066
223 0.000137
224 0.000818
225 0.000631
226 0.000539
227 0.000502
228 0.000351
229 0.000000
230 0.000000
231 0.000000
232 0.000000
233 0.000000
234 0.000000
235 0.000000
236 0.000000
237 0.000000
238 0.000000
239 0.000000
240 0.000000
241 0.000000
242 0.000000
243 0.000000
244 0.000000
245 0.000000
246 0.000000
247 0.000000
248 0.000000
249 0.000000
250 0.000001
251 0.000001
252 0.000764
253 0.000547
254 0.000509
255 0.000533
256 0.000497
257 0.000000
258 0.000000
259 0.000000
260 0.000000
261 0.000000
262 0.000000
263 0.000000
264 0.000000
265 0.000000
266 0.000000
267 0.000000
268 0.000000
269 0.000000
270 0.000000
271 0.000000
272 0.000000
273 0.000000
274 0.000000
275 0.000000
276 0.000000
277 0.000000
278 0.000000
279 0.000000
280 0.000539
281 0.000569
282 0.000704
283 0.000577
284 0.000584
285 0.000000
286 0.000000
287 0.000000
288 0.000000
289 0.000000
290 0.000000
291 0.000000
292 0.000000
293 0.000000
294 0.000000
295 0.000000
296 0.000000
297 0.000000
298 0.000000
299 0.000000
300 0.000000
301 0.000000
302 0.000000
303 0.000000
304 0.000000
305 0.000000
306 0.000000
307 0.000000
308 0.001290
309 0.000902
310 0.000611
311 0.000486
312 0.000007
313 0.000000
314 0.000000
315 0.000000
316 0.000000
317 0.000000
318 0.000000
319 0.000000
320 0.000000
321 0.000000
322 0.000000
323 0.000000
324 0.000001
325 0.000001
326 0.000000
327 0.000000
328 0.000000
329 0.000000
330 0.000000
331 0.000000
332 0.000000
333 0.000000
334 0.000000
335 0.000000
336 0.001923
337 0.001322
338 0.000943
339 0.000466
340 0.000001
341 0.000000
342 0.000000
343 0.000000
344 0.000000
345 0.000000
346 0.000000
347 0.000000
348 0.000000
349 0.000000
350 0.000001
351 0.000001
352 0.000001
353 0.000001
354 0.000001
355 0.000000
356 0.000000
357 0.000000
358 0.000000
359 0.000000
360 0.000000
361 0.000000
362 0.000000
363 0.000000
364 0.001561
365 0.001654
366 0.001400
367 0.000722
368 0.000000
369 0.000000
370 0.000000
371 0.000000
372 0.000000
373 0.000000
374 0.000000
375 0.000000
376 0.000000
377 0.000000
378 0.000000
379 0.000001
380 0.000001
381 0.000001
382 0.000001
383 0.000001
384 0.000000
385 0.000000
386 0.000000
387 0.000000
388 0.000000
389 0.000000
390 0.000000
391 0.000000
392 0.000606
393 0.000708
394 0.000866
395 0.000008
396 0.000000
397 0.000000
398 0.000000
399 0.000000
400 0.000000
401 0.000000
402 0.000000
403 0.000000
404 0.000000
405 0.000000
406 0.000000
407 0.000000
408 0.000001
409 0.000001
410 0.000001
411 0.000001
412 0.000001
413 0.000000
414 0.000000
415 0.000000
416 0.000000
417 0.000000
418 0.000000
419 0.000000
420 0.000466
421 0.000260
422 0.000302
423 0.000001
424 0.000000
425 0.000000
426 0.000000
427 0.000000
428 0.000000
429 0.000000
430 0.000000
431 0.000000
432 0.000000
433 0.000000
434 0.000000
435 0.000000
436 0.000000
437 0.000001
438 0.000002
439 0.000002
440 0.000001
441 0.000000
442 0.000000
443 0.000000
444 0.000000
445 0.000000
446 0.000001
447 0.000001
448 0.000448
449 0.000218
450 0.000181
451 0.000000
452 0.000000
453 0.000000
454 0.000000
455 0.000000
456 0.000000
457 0.000000
458 0.000000
459 0.000000
460 0.000000
461 0.000000
462 0.000000
463 0.000000
464 0.000000
465 0.000000
466 0.000001
467 0.000003
468 0.000004
469 0.000001
470 0.000000
471 0.000000
472 0.000000
473 0.000001
474 0.000001
475 0.000001
476 0.002341
477 0.000967
478 0.000017
479 0.000000
480 0.000000
481 0.000000
482 0.000000
483 0.000000
484 0.000000
485 0.000000
486 0.000000
487 0.000000
488 0.000000
489 0.000000
490 0.000000
491 0.000000
492 0.000000
493 0.000000
494 0.000001
495 0.000002
496 0.000246
497 0.000021
498 0.000002
499 0.000001
500 0.000000
501 0.000001
502 0.000001
503 0.000001
504 0.018201
505 0.008646
506 0.000004
507 0.000000
508 0.000000
509 0.000000
510 0.000000
511 0.000000
512 0.000000
513 0.000000
514 0.000000
515 0.000000
516 0.000000
517 0.000000
518 0.000000
519 0.000000
520 0.000000
521 0.000000
522 0.000000
523 0.000001
524 0.000017
525 0.999989
526 0.000017
527 0.000001
528 0.000000
529 0.000000
530 0.000001
531 0.000000
532 0.018199
533 0.018342
534 0.000003
535 0.000000
536 0.000000
537 0.000000
538 0.000000
539 0.000000
540 0.000000
541 0.000000
542 0.000000
543 0.000000
544 0.000000
545 0.000000
546 0.000000
547 0.000000
548 0.000000
549 0.000000
550 0.000000
551 0.000000
552 0.000001
553 0.000004
554 0.010943
555 0.000007
556 0.000000
557 0.000000
558 0.000001
559 0.000001
560 0.017597
561 0.017662
562 0.000003
563 0.000000
564 0.000000
565 0.000000
566 0.000000
567 0.000000
568 0.000000
569 0.000000
570 0.000000
571 0.000000
572 0.000000
573 0.000000
574 0.000000
575 0.000000
576 0.000000
577 0.000000
578 0.000000
579 0.000000
580 0.000000
581 0.000001
582 0.000002
583 0.000433
584 0.000011
585 0.000127
586 0.000009
587 0.000002
588 0.017056
589 0.017509
590 0.000053
591 0.000001
592 0.000000
593 0.000000
594 0.000000
595 0.000000
596 0.000000
597 0.000000
598 0.000000
599 0.000000
600 0.000000
601 0.000000
602 0.000000
603 0.000000
604 0.000000
605 0.000000
606 0.000000
607 0.000000
608 0.000000
609 0.000000
610 0.000001
611 0.000014
612 0.001888
613 0.003857
614 0.000298
615 0.000035
616 0.016805
617 0.017027
618 0.017503
619 0.000134
620 0.000001
621 0.000000
622 0.000000
623 0.000000
624 0.000001
625 0.000001
626 0.000001
627 0.000001
628 0.000001
629 0.000000
630 0.000000
631 0.000000
632 0.000000
633 0.000000
634 0.000000
635 0.000000
636 0.000000
637 0.000000
638 0.000000
639 0.000005
640 0.000074
641 0.002011
642 0.000000
643 0.000001
644 0.016685
645 0.016794
646 0.016899
647 0.017373
648 0.001930
649 0.000001
650 0.000001
651 0.000001
652 0.000003
653 0.000018
654 0.000001
655 0.000000
656 0.000000
657 0.000000
658 0.000000
659 0.000000
660 0.000000
661 0.000000
662 0.000000
663 0.000000
664 0.000000
665 0.000000
666 0.000000
667 0.000001
668 0.000006
669 0.000000
670 0.000001
671 0.000001
672 0.000000
673 0.016670
674 0.016782
675 0.017252
676 0.017021
677 0.017491
678 0.000007
679 0.000004
680 0.000021
681 0.000288
682 0.000029
683 0.000000
684 0.000000
685 0.000000
686 0.000000
687 0.000000
688 0.000000
689 0.000000
690 0.000000
691 0.000000
692 0.000000
693 0.000000
694 0.000000
695 0.000001
696 0.000000
697 0.000000
698 0.000000
699 0.000001
700 0.000000
701 0.000000
702 0.016669
703 0.016793
704 0.016897
705 0.016991
706 0.017417
707 0.017464
708 0.017691
709 0.018214
710 0.000622
711 0.000001
712 0.000000
713 0.000000
714 0.000000
715 0.000000
716 0.000000
717 0.000000
718 0.000000
719 0.000000
720 0.000000
721 0.000000
722 0.000001
723 0.000000
724 0.000001
725 0.000001
726 0.000000
727 0.000000
728 0.000000
729 0.000000
730 0.000000
731 0.000000
732 0.016772
733 0.016831
734 0.017245
735 0.017338
736 0.017487
737 0.018070
738 0.018484
739 0.000008
740 0.000000
741 0.000000
742 0.000000
743 0.000000
744 0.000000
745 0.000000
746 0.000000
747 0.000000
748 0.000000
749 0.000001
750 0.000000
751 0.000000
752 0.000000
753 0.000000
754 0.000000
755 0.000000
756 0.000000
757 0.000000
758 0.000001
759 0.000001
760 0.000000
761 0.016681
762 0.016747
763 0.017233
764 0.017417
765 0.017694
766 0.018009
767 0.000112
768 0.000001
769 0.000000
770 0.000000
771 0.000000
772 0.000000
773 0.000000
774 0.000000
775 0.000000
776 0.000000
777 0.000000
778 0.000000
779 0.000000
780 0.000000
781 0.000000
782 0.000000
783 0.000000
