0 0.004589
1 0.004376
2 0.003940
3 0.004130
4 0.003700
5 0.003299
6 0.003084
7 0.002982
8 0.000853
9 0.000213
10 0.000166
11 0.000185
12 0.000277
13 0.000452
14 0.000509
15 0.000588
16 0.000403
17 0.000232
18 0.000449
19 0.001909
20 0.004600
21 0.005294
22 0.005555
23 0.005555
24 0.007759
25 0.008948
26 0.007656
27 0.005162
28 0.005613
29 0.004400
30 0.003818
31 0.003700
32 0.003586
33 0.003369
34 0.002982
35 0.002095
36 0.000399
37 0.000120
38 0.000113
39 0.000120
40 0.000176
41 0.000339
42 0.000466
43 0.000488
44 0.000487
45 0.000397
46 0.000518
47 0.001780
48 0.005046
49 0.005294
50 0.000000
51 0.000000
52 0.008915
53 0.007486
54 0.004401
55 0.002833
56 0.007558
57 0.005465
58 0.004218
59 0.003586
60 0.003369
61 0.002982
62 0.002884
63 0.001057
64 0.000218
65 0.000083
66 0.000104
67 0.000091
68 0.000096
69 0.000179
70 0.000321
71 0.000428
72 0.000557
73 0.000664
74 0.000631
75 0.001363
76 0.000001
77 0.000000
78 0.000000
79 0.000000
80 0.000000
81 0.004202
82 0.002657
83 0.002070
84 0.010000
85 0.007517
86 0.005322
87 0.003624
88 0.002982
89 0.002884
90 0.002697
91 0.000491
92 0.000099
93 0.000069
94 0.000067
95 0.000069
96 0.000070
97 0.000120
98 0.000199
99 0.000409
100 0.000740
101 0.000399
102 0.000000
103 0.000000
104 0.000000
105 0.000000
106 0.000000
107 0.000000
108 0.000000
109 0.002198
110 0.001915
111 0.002227
112 0.010000
113 0.010000
114 0.007457
115 0.005114
116 0.000000
117 0.000000
118 0.000000
119 0.000000
120 0.000000
121 0.000017
122 0.000059
123 0.000060
124 0.000064
125 0.000062
126 0.000120
127 0.000011
128 0.000000
129 0.000000
130 0.000000
131 0.000000
132 0.000000
133 0.000000
134 0.000000
135 0.000000
136 0.006224
137 0.001562
138 0.001824
139 0.002136
140 0.010000
141 0.010000
142 0.010000
143 0.008175
144 0.000000
145 0.000000
146 0.000000
147 0.000000
148 0.000000
149 0.000000
150 0.000000
151 0.000000
152 0.000000
153 0.000000
154 0.000000
155 0.000000
156 0.000000
157 0.000000
158 0.000000
159 0.000000
160 0.000000
161 0.000000
162 0.000000
163 0.000003
164 0.001572
165 0.001480
166 0.001745
167 0.001807
168 0.011186
169 0.010231
170 0.010000
171 0.010000
172 0.000000
173 0.000000
174 0.000000
175 0.000000
176 0.000000
177 0.000000
178 0.000000
179 0.000000
180 0.000000
181 0.000000
182 0.000000
183 0.000000
184 0.000000
185 0.000000
186 0.000000
187 0.000000
188 0.000000
189 0.000000
190 0.000000
191 0.019480
192 0.001310
193 0.001354
194 0.001408
195 0.002241
196 0.012879
197 0.011888
198 0.010618
199 0.010000
200 0.000111
201 0.000000
202 0.000000
203 0.000000
204 0.000000
205 0.000000
206 0.000000
207 0.000000
208 0.000000
209 0.000000
210 0.000000
211 0.000000
212 0.000000
213 0.000000
214 0.000000
215 0.000000
216 0.000000
217 0.000000
218 0.000001
219 0.000411
220 0.001299
221 0.001401
222 0.002112
223 0.003573
224 0.008483
225 0.011409
226 0.012682
227 0.010785
228 0.010231
229 0.000000
230 0.000000
231 0.000000
232 0.000000
233 0.000000
234 0.000000
235 0.000000
236 0.000000
237 0.000000
238 0.000000
239 0.000000
240 0.000000
241 0.000000
242 0.000000
243 0.000000
244 0.000000
245 0.000000
246 0.000012
247 0.000034
248 0.000090
249 0.000240
250 0.000685
251 0.001644
252 0.004438
253 0.006532
254 0.009271
255 0.006917
256 0.001157
257 0.000000
258 0.000000
259 0.000000
260 0.000000
261 0.000000
262 0.000000
263 0.000000
264 0.000000
265 0.000000
266 0.000000
267 0.000000
268 0.000000
269 0.000000
270 0.000000
271 0.000000
272 0.000000
273 0.000000
274 0.000056
275 0.000009
276 0.000022
277 0.000074
278 0.000180
279 0.000347
280 0.002387
281 0.000906
282 0.000602
283 0.000238
284 0.000135
285 0.000000
286 0.000000
287 0.000000
288 0.000000
289 0.000000
290 0.000000
291 0.000000
292 0.000000
293 0.000000
294 0.000000
295 0.000000
296 0.000000
297 0.000000
298 0.000000
299 0.000000
300 0.000000
301 0.000000
302 0.000001
303 0.000027
304 0.000050
305 0.000101
306 0.000122
307 0.000091
308 0.000320
309 0.000105
310 0.000035
311 0.000020
312 0.000004
313 0.000000
314 0.000000
315 0.000000
316 0.000000
317 0.000000
318 0.000000
319 0.000000
320 0.000000
321 0.000000
322 0.000000
323 0.000000
324 0.000000
325 0.000000
326 0.000000
327 0.000000
328 0.000001
329 0.000366
330 0.000004
331 0.000021
332 0.000103
333 0.000078
334 0.000065
335 0.000060
336 0.000161
337 0.000030
338 0.000017
339 0.000009
340 0.000001
341 0.000000
342 0.000000
343 0.000000
344 0.000000
345 0.000000
346 0.000005
347 0.000018
348 0.000005
349 0.000001
350 0.000000
351 0.000000
352 0.000000
353 0.000000
354 0.000000
355 0.000000
356 0.000319
357 0.016585
358 0.000037
359 0.000014
360 0.000071
361 0.000041
362 0.000034
363 0.000027
364 0.000252
365 0.000164
366 0.000051
367 0.000014
368 0.000000
369 0.000000
370 0.000000
371 0.000000
372 0.000000
373 0.000000
374 0.000283
375 0.999998
376 0.002674
377 0.000001
378 0.000000
379 0.000000
380 0.000000
381 0.000000
382 0.000000
383 0.000000
384 0.001621
385 0.999999
386 0.000078
387 0.000024
388 0.000053
389 0.000058
390 0.000039
391 0.000050
392 0.000429
393 0.000232
394 0.000129
395 0.000015
396 0.000000
397 0.000000
398 0.000000
399 0.000000
400 0.000000
401 0.000000
402 0.001002
403 0.414026
404 0.000460
405 0.000001
406 0.000000
407 0.000000
408 0.000000
409 0.000000
410 0.000000
411 0.000000
412 0.000133
413 0.000077
414 0.000088
415 0.000021
416 0.000044
417 0.000325
418 0.000341
419 0.000290
420 0.000198
421 0.000239
422 0.000299
423 0.000008
424 0.000000
425 0.000000
426 0.000000
427 0.000000
428 0.000000
429 0.000000
430 0.000093
431 0.000099
432 0.000028
433 0.000000
434 0.000000
435 0.000000
436 0.000000
437 0.000000
438 0.000000
439 0.000000
440 0.000000
441 0.000001
442 0.000009
443 0.000005
444 0.000059
445 0.003592
446 0.003732
447 0.002543
448 0.000198
449 0.000166
450 0.000148
451 0.000001
452 0.000000
453 0.000000
454 0.000001
455 0.000008
456 0.000002
457 0.000001
458 0.000000
459 0.000000
460 0.000000
461 0.000000
462 0.000000
463 0.000001
464 0.000000
465 0.000000
466 0.000000
467 0.000000
468 0.000000
469 0.000000
470 0.000001
471 0.000008
472 0.000046
473 0.001609
474 0.008613
475 0.012414
476 0.000206
477 0.000186
478 0.000072
479 0.000001
480 0.000000
481 0.000001
482 0.000036
483 0.000842
484 0.000474
485 0.000001
486 0.000000
487 0.000000
488 0.000000
489 0.000000
490 0.000000
491 0.000001
492 0.000000
493 0.000000
494 0.000000
495 0.000000
496 0.000000
497 0.000000
498 0.000001
499 0.000013
500 0.000020
501 0.000143
502 0.004065
503 0.007091
504 0.000371
505 0.000373
506 0.000053
507 0.000001
508 0.000001
509 0.000003
510 0.000098
511 0.999999
512 0.000324
513 0.000000
514 0.000000
515 0.000000
516 0.000000
517 0.000000
518 0.000000
519 0.000000
520 0.000000
521 0.000004
522 0.000032
523 0.000013
524 0.000001
525 0.000000
526 0.000000
527 0.000004
528 0.000007
529 0.000044
530 0.001229
531 0.002029
532 0.000722
533 0.001540
534 0.000077
535 0.000003
536 0.000001
537 0.000028
538 0.001846
539 0.000368
540 0.000002
541 0.000000
542 0.000000
543 0.000000
544 0.000000
545 0.000000
546 0.000000
547 0.000000
548 0.000000
549 0.000020
550 1.000000
551 0.000984
552 0.000027
553 0.000002
554 0.000000
555 0.000002
556 0.000010
557 0.000029
558 0.000460
559 0.000822
560 0.002433
561 0.005721
562 0.000205
563 0.000005
564 0.000023
565 0.000791
566 0.000623
567 0.000009
568 0.000000
569 0.000000
570 0.000000
571 0.000000
572 0.000000
573 0.000000
574 0.000000
575 0.000000
576 0.000001
577 0.000007
578 0.000362
579 0.004309
580 0.001568
581 0.000050
582 0.000005
583 0.000001
584 0.000022
585 0.000364
586 0.000384
587 0.000480
588 0.006758
589 0.010001
590 0.001126
591 0.000070
592 0.000493
593 0.001044
594 0.000018
595 0.000001
596 0.000000
597 0.000000
598 0.000000
599 0.000000
600 0.000000
601 0.000000
602 0.000000
603 0.000000
604 0.000002
605 0.000015
606 0.000066
607 0.000144
608 0.001534
609 0.003195
610 0.000168
611 0.000046
612 0.000413
613 0.000364
614 0.000456
615 0.000480
616 0.010001
617 0.010001
618 0.010000
619 0.003964
620 0.002941
621 0.000060
622 0.000001
623 0.000001
624 0.000003
625 0.000003
626 0.000000
627 0.000000
628 0.000000
629 0.000000
630 0.000000
631 0.000001
632 0.000034
633 0.000065
634 0.000027
635 0.000043
636 0.000151
637 0.001375
638 0.002641
639 0.001859
640 0.000893
641 0.000543
642 0.000000
643 0.000000
644 0.010001
645 0.010000
646 0.010000
647 0.012490
648 0.005205
649 0.000088
650 0.000023
651 0.000010
652 0.000021
653 0.000024
654 0.000002
655 0.000000
656 0.000000
657 0.000001
658 0.000001
659 0.000015
660 0.000176
661 0.000571
662 0.000222
663 0.000062
664 0.000060
665 0.001441
666 0.010000
667 0.005257
668 0.002385
669 0.000000
670 0.000000
671 0.000000
672 0.000000
673 0.010000
674 0.011519
675 0.007443
676 0.003453
677 0.001160
678 0.000503
679 0.000054
680 0.000037
681 0.000063
682 0.000039
683 0.000005
684 0.000001
685 0.000001
686 0.000002
687 0.000053
688 0.002058
689 0.012584
690 0.004717
691 0.001863
692 0.003301
693 0.010000
694 0.010000
695 0.010000
696 0.000000
697 0.000000
698 0.000000
699 0.000000
700 0.000000
701 0.000000
702 0.008131
703 0.003881
704 0.001403
705 0.000567
706 0.000441
707 0.000416
708 0.000371
709 0.000287
710 0.000100
711 0.000013
712 0.000003
713 0.000002
714 0.000006
715 0.000074
716 0.001518
717 0.005528
718 0.015401
719 0.011622
720 0.010000
721 0.010000
722 0.010000
723 0.000000
724 0.000000
725 0.000000
726 0.000000
727 0.000000
728 0.000000
729 0.000000
730 0.000000
731 0.000000
732 0.000629
733 0.000595
734 0.000467
735 0.000441
736 0.000416
737 0.000324
738 0.000287
739 0.000036
740 0.000006
741 0.000002
742 0.000013
743 0.000103
744 0.000606
745 0.003035
746 0.009298
747 0.015255
748 0.010001
749 0.010000
750 0.000001
751 0.000003
752 0.000003
753 0.000000
754 0.000000
755 0.000000
756 0.000000
757 0.000000
758 0.000000
759 0.000000
760 0.000000
761 0.000629
762 0.000595
763 0.000467
764 0.000441
765 0.000416
766 0.000393
767 0.000108
768 0.000013
769 0.000008
770 0.000037
771 0.000184
772 0.000328
773 0.001508
774 0.004942
775 0.013834
776 0.014813
777 0.000149
778 0.002132
779 0.001774
780 0.000234
781 0.000004
782 0.000000
783 0.000000
