0 0.010049
1 0.010052
2 0.010060
3 0.010056
4 0.010065
5 0.010073
6 0.010078
7 0.010080
8 0.010179
9 0.010166
10 0.010168
11 0.010173
12 0.010173
13 0.010176
14 0.010178
15 0.010181
16 0.010184
17 0.010189
18 0.010166
19 0.010092
20 0.010016
21 0.010016
22 0.010015
23 0.010014
24 0.010015
25 0.010014
26 0.010013
27 0.010013
28 0.010057
29 0.010054
30 0.010062
31 0.010064
32 0.010067
33 0.010071
34 0.010080
35 0.010153
36 0.010192
37 0.010203
38 0.010174
39 0.010175
40 0.010178
41 0.010178
42 0.010180
43 0.010184
44 0.010188
45 0.010189
46 0.010182
47 0.010141
48 0.010018
49 0.010016
50 0.010049
51 0.010084
52 0.010015
53 0.010013
54 0.010014
55 0.010013
56 0.010054
57 0.010062
58 0.010064
59 0.010066
60 0.010071
61 0.010079
62 0.010082
63 0.010176
64 0.010198
65 0.010176
66 0.010175
67 0.010179
68 0.010183
69 0.010183
70 0.010185
71 0.010188
72 0.010190
73 0.010192
74 0.010192
75 0.010167
76 0.010049
77 0.010054
78 0.010127
79 0.010085
80 0.010084
81 0.010015
82 0.010013
83 0.010014
84 0.010056
85 0.010064
86 0.010072
87 0.010076
88 0.010079
89 0.010081
90 0.010085
91 0.010190
92 0.010207
93 0.010180
94 0.010181
95 0.010182
96 0.010185
97 0.010184
98 0.010186
99 0.010190
100 0.010191
101 0.010223
102 0.010229
103 0.010219
104 0.010174
105 0.010064
106 0.010239
107 0.010150
108 0.010036
109 0.010015
110 0.010015
111 0.010014
112 0.010065
113 0.010067
114 0.010077
115 0.010079
116 0.011241
117 0.010797
118 0.010457
119 0.010373
120 0.010305
121 0.010206
122 0.010182
123 0.010183
124 0.010185
125 0.010187
126 0.010190
127 0.010222
128 0.010224
129 0.010228
130 0.010234
131 0.010230
132 0.010194
133 0.010111
134 0.010116
135 0.010105
136 0.010022
137 0.010016
138 0.010015
139 0.010014
140 0.010067
141 0.010075
142 0.010079
143 0.010081
144 0.011364
145 0.011297
146 0.010787
147 0.010517
148 0.010442
149 0.010392
150 0.010350
151 0.010310
152 0.010273
153 0.010263
154 0.010222
155 0.010226
156 0.010230
157 0.010235
158 0.010220
159 0.010224
160 0.010272
161 0.010196
162 0.010107
163 0.010035
164 0.010016
165 0.010017
166 0.010016
167 0.010015
168 0.010075
169 0.010079
170 0.010081
171 0.010085
172 0.010376
173 0.011402
174 0.011473
175 0.010776
176 0.010459
177 0.010440
178 0.010455
179 0.010434
180 0.010404
181 0.010367
182 0.010337
183 0.010311
184 0.010276
185 0.010257
186 0.010243
187 0.010297
188 0.010287
189 0.010250
190 0.010039
191 0.010029
192 0.010018
193 0.010017
194 0.010017
195 0.010016
196 0.010080
197 0.010082
198 0.010089
199 0.010093
200 0.010236
201 0.010959
202 0.011464
203 0.011573
204 0.010763
205 0.010511
206 0.010440
207 0.010433
208 0.010409
209 0.010372
210 0.010361
211 0.010348
212 0.010327
213 0.010310
214 0.010297
215 0.010362
216 0.010347
217 0.010308
218 0.010128
219 0.010078
220 0.010018
221 0.010018
222 0.010018
223 0.010016
224 0.010082
225 0.010090
226 0.010094
227 0.010095
228 0.010104
229 0.010392
230 0.011219
231 0.011405
232 0.011354
233 0.010755
234 0.010623
235 0.010385
236 0.010372
237 0.010358
238 0.010344
239 0.010338
240 0.010330
241 0.010326
242 0.010397
243 0.010399
244 0.010389
245 0.010285
246 0.010239
247 0.010142
248 0.010125
249 0.010114
250 0.010489
251 0.010637
252 0.010084
253 0.010094
254 0.010096
255 0.010135
256 0.010146
257 0.010354
258 0.010477
259 0.011289
260 0.011445
261 0.011075
262 0.010383
263 0.010366
264 0.010350
265 0.010342
266 0.010334
267 0.010326
268 0.010323
269 0.010400
270 0.010397
271 0.010394
272 0.010318
273 0.010301
274 0.010262
275 0.010179
276 0.010169
277 0.010709
278 0.010699
279 0.010691
280 0.010094
281 0.010139
282 0.010138
283 0.010148
284 0.010150
285 0.010291
286 0.010409
287 0.010683
288 0.011291
289 0.010389
290 0.010364
291 0.010350
292 0.010339
293 0.010329
294 0.010325
295 0.010322
296 0.010314
297 0.010314
298 0.010394
299 0.010314
300 0.010316
301 0.010311
302 0.010273
303 0.010428
304 0.010674
305 0.010668
306 0.010708
307 0.010606
308 0.010135
309 0.010140
310 0.010149
311 0.010155
312 0.010210
313 0.010232
314 0.010342
315 0.010420
316 0.010402
317 0.010377
318 0.010354
319 0.010336
320 0.010325
321 0.010319
322 0.010314
323 0.010312
324 0.010312
325 0.010310
326 0.010310
327 0.010312
328 0.010313
329 0.010317
330 0.010603
331 0.010558
332 0.010494
333 0.010665
334 0.010314
335 0.010146
336 0.010146
337 0.010124
338 0.010126
339 0.010134
340 0.010260
341 0.010240
342 0.010300
343 0.010382
344 0.010387
345 0.010365
346 0.010349
347 0.010329
348 0.010324
349 0.010314
350 0.010309
351 0.010306
352 0.010305
353 0.010310
354 0.010308
355 0.010312
356 0.010558
357 0.010634
358 0.010619
359 0.010579
360 0.010394
361 0.010157
362 0.010150
363 0.010148
364 0.010124
365 0.010126
366 0.010129
367 0.010136
368 0.010270
369 0.010284
370 0.010257
371 0.010346
372 0.010378
373 0.010355
374 0.010343
375 0.010330
376 0.010318
377 0.010309
378 0.010307
379 0.010301
380 0.010303
381 0.010305
382 0.010310
383 0.010555
384 0.010631
385 0.010630
386 0.010639
387 0.010279
388 0.010228
389 0.010152
390 0.010151
391 0.010146
392 0.010130
393 0.010133
394 0.010137
395 0.010256
396 0.010281
397 0.010232
398 0.010229
399 0.010311
400 0.010363
401 0.010353
402 0.010339
403 0.010327
404 0.010315
405 0.010308
406 0.010301
407 0.010302
408 0.010303
409 0.010544
410 0.010551
411 0.010556
412 0.010561
413 0.010541
414 0.010326
415 0.010307
416 0.010249
417 0.010155
418 0.010149
419 0.010147
420 0.010129
421 0.010140
422 0.010143
423 0.010266
424 0.010288
425 0.010238
426 0.010236
427 0.010286
428 0.010339
429 0.010352
430 0.010337
431 0.010324
432 0.010318
433 0.010309
434 0.010302
435 0.010303
436 0.010538
437 0.010543
438 0.010547
439 0.010554
440 0.010324
441 0.010323
442 0.010334
443 0.010588
444 0.010276
445 0.010152
446 0.010149
447 0.010146
448 0.010156
449 0.010167
450 0.010146
451 0.010274
452 0.010296
453 0.010242
454 0.010244
455 0.010263
456 0.010317
457 0.010345
458 0.010334
459 0.010330
460 0.010321
461 0.010313
462 0.010480
463 0.010478
464 0.010480
465 0.010544
466 0.010461
467 0.010322
468 0.010324
469 0.010330
470 0.010761
471 0.010592
472 0.010295
473 0.010222
474 0.010179
475 0.010295
476 0.010113
477 0.010139
478 0.010271
479 0.010306
480 0.010243
481 0.010244
482 0.010247
483 0.010314
484 0.010303
485 0.010338
486 0.010334
487 0.010330
488 0.010321
489 0.010317
490 0.010343
491 0.010396
492 0.010484
493 0.010316
494 0.010321
495 0.010322
496 0.010331
497 0.011174
498 0.011054
499 0.010759
500 0.010724
501 0.010392
502 0.010291
503 0.010283
504 0.010002
505 0.010056
506 0.010224
507 0.010294
508 0.010256
509 0.010263
510 0.010272
511 0.010317
512 0.010354
513 0.010327
514 0.010343
515 0.010334
516 0.010326
517 0.010324
518 0.010322
519 0.010319
520 0.010320
521 0.010321
522 0.010324
523 0.010332
524 0.011217
525 0.011443
526 0.011329
527 0.011207
528 0.010728
529 0.010401
530 0.010270
531 0.010055
532 0.010002
533 0.010002
534 0.010079
535 0.010109
536 0.010224
537 0.010244
538 0.010318
539 0.010328
540 0.010318
541 0.010338
542 0.010343
543 0.010335
544 0.010333
545 0.010329
546 0.010326
547 0.010326
548 0.010331
549 0.010330
550 0.010364
551 0.011024
552 0.011239
553 0.011367
554 0.011565
555 0.011327
556 0.010893
557 0.010393
558 0.010054
559 0.010054
560 0.010002
561 0.010002
562 0.010080
563 0.010071
564 0.010078
565 0.010146
566 0.010264
567 0.010304
568 0.010252
569 0.010304
570 0.010376
571 0.010354
572 0.010360
573 0.010336
574 0.010335
575 0.010335
576 0.010541
577 0.010547
578 0.010632
579 0.010737
580 0.011016
581 0.011231
582 0.011196
583 0.011477
584 0.011112
585 0.010052
586 0.010052
587 0.010049
588 0.010002
589 0.010002
590 0.010027
591 0.010058
592 0.010137
593 0.010143
594 0.010145
595 0.010080
596 0.010081
597 0.010294
598 0.010336
599 0.010364
600 0.010338
601 0.010538
602 0.010555
603 0.010545
604 0.010549
605 0.010550
606 0.010550
607 0.010309
608 0.010495
609 0.010769
610 0.011068
611 0.011163
612 0.010052
613 0.010052
614 0.010049
615 0.010049
616 0.010002
617 0.010002
618 0.010002
619 0.010102
620 0.010125
621 0.010136
622 0.010074
623 0.010111
624 0.010111
625 0.010185
626 0.010277
627 0.010431
628 0.010485
629 0.010497
630 0.010516
631 0.010535
632 0.010325
633 0.010338
634 0.010312
635 0.010302
636 0.010288
637 0.010410
638 0.010756
639 0.010050
640 0.010050
641 0.010047
642 0.011569
643 0.011754
644 0.010001
645 0.010001
646 0.010002
647 0.010002
648 0.010094
649 0.010086
650 0.010099
651 0.010106
652 0.010165
653 0.010125
654 0.010374
655 0.010408
656 0.010409
657 0.010094
658 0.010091
659 0.010249
660 0.010268
661 0.010260
662 0.010274
663 0.010280
664 0.010266
665 0.010220
666 0.010051
667 0.010047
668 0.010046
669 0.011565
670 0.011599
671 0.011632
672 0.010666
673 0.010001
674 0.010001
675 0.010002
676 0.010001
677 0.010002
678 0.010076
679 0.010042
680 0.010104
681 0.010094
682 0.010037
683 0.010076
684 0.010096
685 0.010089
686 0.010086
687 0.010084
688 0.010082
689 0.010072
690 0.010202
691 0.010211
692 0.010195
693 0.010053
694 0.010051
695 0.010047
696 0.011565
697 0.011565
698 0.011569
699 0.011675
700 0.010666
701 0.010666
702 0.010001
703 0.010001
704 0.010001
705 0.010002
706 0.010002
707 0.010002
708 0.010002
709 0.010002
710 0.010020
711 0.010059
712 0.010087
713 0.010092
714 0.010082
715 0.010080
716 0.010077
717 0.010073
718 0.010060
719 0.010059
720 0.010057
721 0.010053
722 0.010049
723 0.011579
724 0.011487
725 0.011600
726 0.011562
727 0.011564
728 0.010666
729 0.010666
730 0.010666
731 0.010666
732 0.010001
733 0.010002
734 0.010002
735 0.010002
736 0.010002
737 0.010002
738 0.010002
739 0.010044
740 0.010075
741 0.010087
742 0.010082
743 0.010079
744 0.010073
745 0.010068
746 0.010060
747 0.010056
748 0.010054
749 0.010050
750 0.010856
751 0.010435
752 0.010599
753 0.011045
754 0.011611
755 0.011562
756 0.010666
757 0.010666
758 0.010670
759 0.010668
760 0.010666
761 0.010002
762 0.010002
763 0.010002
764 0.010002
765 0.010002
766 0.010002
767 0.010029
768 0.010064
769 0.010083
770 0.010081
771 0.010078
772 0.010071
773 0.010062
774 0.010060
775 0.010058
776 0.010054
777 0.010340
778 0.010232
779 0.010236
780 0.010297
781 0.010382
782 0.010967
783 0.011563
