0 0.010040
1 0.010043
2 0.010049
3 0.010048
4 0.010055
5 0.010064
6 0.010069
7 0.010072
8 0.003160
9 0.001309
10 0.001094
11 0.001144
12 0.001197
13 0.001325
14 0.001356
15 0.001507
16 0.001425
17 0.001462
18 0.001615
19 0.001647
20 0.001831
21 0.001877
22 0.002099
23 0.002153
24 0.002031
25 0.002086
26 0.002330
27 0.002394
28 0.010045
29 0.010043
30 0.010050
31 0.010053
32 0.010056
33 0.010061
34 0.010070
35 0.007485
36 0.002024
37 0.001022
38 0.000996
39 0.001040
40 0.001146
41 0.001295
42 0.001296
43 0.001358
44 0.001393
45 0.001546
46 0.001581
47 0.001752
48 0.001643
49 0.001831
50 0.002103
51 0.002295
52 0.001977
53 0.002210
54 0.002086
55 0.002330
56 0.010043
57 0.010048
58 0.010050
59 0.010053
60 0.010058
61 0.010066
62 0.010070
63 0.003958
64 0.001444
65 0.000873
66 0.000976
67 0.000997
68 0.001043
69 0.001147
70 0.001201
71 0.001298
72 0.001361
73 0.001361
74 0.001548
75 0.001576
76 0.001861
77 0.001939
78 0.002000
79 0.002059
80 0.002295
81 0.001977
82 0.002210
83 0.002087
84 0.010045
85 0.010050
86 0.010055
87 0.010060
88 0.010063
89 0.010066
90 0.010072
91 0.002385
92 0.001068
93 0.000857
94 0.000874
95 0.000911
96 0.000999
97 0.001123
98 0.001148
99 0.001203
100 0.001299
101 0.001388
102 0.001612
103 0.001641
104 0.001851
105 0.001852
106 0.001947
107 0.002179
108 0.002158
109 0.001926
110 0.001978
111 0.002242
112 0.010052
113 0.010052
114 0.010059
115 0.010061
116 0.014424
117 0.013439
118 0.009258
119 0.001882
120 0.000858
121 0.000813
122 0.000857
123 0.000875
124 0.000978
125 0.001000
126 0.001125
127 0.001204
128 0.001383
129 0.001471
130 0.001594
131 0.001645
132 0.001824
133 0.001714
134 0.001838
135 0.002019
136 0.002012
137 0.001732
138 0.001985
139 0.002432
140 0.010054
141 0.010060
142 0.010062
143 0.010063
144 0.014488
145 0.014251
146 0.004902
147 0.001453
148 0.000812
149 0.000878
150 0.000894
151 0.000951
152 0.000988
153 0.001112
154 0.001089
155 0.001259
156 0.001233
157 0.001378
158 0.001423
159 0.001625
160 0.001645
161 0.001596
162 0.001812
163 0.001785
164 0.001746
165 0.001774
166 0.002219
167 0.002773
168 0.010061
169 0.010064
170 0.010065
171 0.010068
172 0.012087
173 0.014399
174 0.003081
175 0.001033
176 0.000754
177 0.000787
178 0.000892
179 0.001035
180 0.001069
181 0.001134
182 0.001167
183 0.001392
184 0.001348
185 0.001427
186 0.001472
187 0.001408
188 0.001539
189 0.001587
190 0.001710
191 0.001768
192 0.001694
193 0.001995
194 0.003180
195 0.027127
196 0.010065
197 0.010066
198 0.010073
199 0.010076
200 0.011194
201 0.013449
202 0.001734
203 0.000870
204 0.000759
205 0.000826
206 0.000855
207 0.000895
208 0.000989
209 0.001075
210 0.001113
211 0.001328
212 0.001359
213 0.001363
214 0.001364
215 0.001469
216 0.001510
217 0.001593
218 0.001624
219 0.001701
220 0.002085
221 0.004824
222 0.050662
223 0.251983
224 0.010067
225 0.010074
226 0.010077
227 0.010079
228 0.010088
229 0.004016
230 0.001157
231 0.000714
232 0.000790
233 0.000813
234 0.000833
235 0.000865
236 0.000951
237 0.000982
238 0.001062
239 0.001101
240 0.001234
241 0.001273
242 0.001283
243 0.001431
244 0.001463
245 0.001543
246 0.001824
247 0.002227
248 0.009725
249 0.070674
250 0.167962
251 0.147787
252 0.010070
253 0.010078
254 0.010080
255 0.010184
256 0.010412
257 0.001951
258 0.000769
259 0.000689
260 0.000744
261 0.000779
262 0.000756
263 0.000825
264 0.000904
265 0.000936
266 0.000950
267 0.001071
268 0.001091
269 0.001130
270 0.001250
271 0.001361
272 0.001366
273 0.001742
274 0.002630
275 0.025747
276 0.087691
277 0.109712
278 0.068870
279 0.008283
280 0.010079
281 0.010259
282 0.010374
283 0.010555
284 0.010673
285 0.001095
286 0.000567
287 0.000570
288 0.000665
289 0.000623
290 0.000671
291 0.000743
292 0.000767
293 0.000839
294 0.000870
295 0.000942
296 0.001062
297 0.001083
298 0.001191
299 0.001308
300 0.001564
301 0.003619
302 0.035693
303 0.070975
304 0.084154
305 0.026982
306 0.003563
307 0.002075
308 0.010377
309 0.010505
310 0.010632
311 0.010741
312 0.003087
313 0.000641
314 0.000429
315 0.000504
316 0.000543
317 0.000582
318 0.000602
319 0.000698
320 0.000731
321 0.000803
322 0.000831
323 0.000900
324 0.000952
325 0.001061
326 0.001166
327 0.001562
328 0.009741
329 0.041332
330 0.063424
331 0.050774
332 0.009647
333 0.002184
334 0.001659
335 0.001643
336 0.010587
337 0.010669
338 0.010706
339 0.010752
340 0.001232
341 0.000459
342 0.000399
343 0.000457
344 0.000488
345 0.000534
346 0.000546
347 0.000594
348 0.000655
349 0.000674
350 0.000750
351 0.000823
352 0.000901
353 0.001044
354 0.001607
355 0.015896
356 0.034520
357 0.042886
358 0.021725
359 0.002763
360 0.001508
361 0.001345
362 0.001385
363 0.001403
364 0.010625
365 0.010641
366 0.010681
367 0.010707
368 0.000703
369 0.000337
370 0.000355
371 0.000411
372 0.000429
373 0.000485
374 0.000527
375 0.000575
376 0.000589
377 0.000647
378 0.000669
379 0.000786
380 0.000926
381 0.002597
382 0.014160
383 0.025951
384 0.025203
385 0.007042
386 0.001582
387 0.001340
388 0.001223
389 0.001192
390 0.001244
391 0.001404
392 0.010603
393 0.010643
394 0.010683
395 0.002843
396 0.000442
397 0.000271
398 0.000296
399 0.000369
400 0.000400
401 0.000440
402 0.000480
403 0.000498
404 0.000540
405 0.000593
406 0.000662
407 0.000814
408 0.003915
409 0.008697
410 0.013881
411 0.011622
412 0.001912
413 0.001186
414 0.001035
415 0.001083
416 0.001185
417 0.001168
418 0.001217
419 0.001243
420 0.010598
421 0.010624
422 0.010665
423 0.001083
424 0.000345
425 0.000247
426 0.000274
427 0.000324
428 0.000380
429 0.000406
430 0.000418
431 0.000475
432 0.000487
433 0.000584
434 0.000803
435 0.002981
436 0.005516
437 0.006822
438 0.004062
439 0.001162
440 0.000950
441 0.000925
442 0.001027
443 0.001005
444 0.001066
445 0.001061
446 0.001165
447 0.001215
448 0.010571
449 0.010620
450 0.010661
451 0.000653
452 0.000276
453 0.000246
454 0.000254
455 0.000293
456 0.000332
457 0.000367
458 0.000401
459 0.000433
460 0.000490
461 0.001100
462 0.002109
463 0.003463
464 0.003588
465 0.001367
466 0.000829
467 0.000807
468 0.000794
469 0.000884
470 0.001027
471 0.001045
472 0.001038
473 0.001022
474 0.001060
475 0.001354
476 0.010514
477 0.010555
478 0.004116
479 0.000445
480 0.000242
481 0.000243
482 0.000248
483 0.000247
484 0.000303
485 0.000336
486 0.000365
487 0.000416
488 0.000897
489 0.001390
490 0.001844
491 0.001773
492 0.000721
493 0.000652
494 0.000702
495 0.000753
496 0.000749
497 0.000911
498 0.000961
499 0.000958
500 0.001121
501 0.001378
502 0.001848
503 0.002733
504 0.010425
505 0.010481
506 0.001295
507 0.000330
508 0.000240
509 0.000243
510 0.000246
511 0.000251
512 0.000270
513 0.000309
514 0.000369
515 0.000603
516 0.000823
517 0.000947
518 0.000749
519 0.000530
520 0.000529
521 0.000599
522 0.000624
523 0.000666
524 0.000753
525 0.000903
526 0.001214
527 0.001628
528 0.002245
529 0.002985
530 0.004845
531 0.010464
532 0.010435
533 0.010450
534 0.000768
535 0.000287
536 0.000246
537 0.000246
538 0.000244
539 0.000247
540 0.000270
541 0.000337
542 0.000442
543 0.000503
544 0.000581
545 0.000419
546 0.000432
547 0.000463
548 0.000505
549 0.000550
550 0.000569
551 0.000958
552 0.001206
553 0.001863
554 0.002677
555 0.004489
556 0.008213
557 0.011072
558 0.010458
559 0.010455
560 0.010409
561 0.010416
562 0.000722
563 0.000300
564 0.000261
565 0.000250
566 0.000247
567 0.000252
568 0.000265
569 0.000317
570 0.000352
571 0.000353
572 0.000332
573 0.000350
574 0.000391
575 0.000421
576 0.000633
577 0.000894
578 0.001301
579 0.002048
580 0.004073
581 0.008480
582 0.012731
583 0.012899
584 0.013056
585 0.010442
586 0.010444
587 0.010419
588 0.010381
589 0.010409
590 0.001590
591 0.000408
592 0.000310
593 0.000268
594 0.000259
595 0.000260
596 0.000259
597 0.000286
598 0.000294
599 0.000288
600 0.000307
601 0.000395
602 0.000552
603 0.000858
604 0.001446
605 0.003071
606 0.007412
607 0.010968
608 0.011172
609 0.011570
610 0.012373
611 0.012813
612 0.010427
613 0.010431
614 0.010411
615 0.010411
616 0.010368
617 0.010381
618 0.010408
619 0.001866
620 0.000466
621 0.000329
622 0.000290
623 0.000270
624 0.000269
625 0.000277
626 0.000289
627 0.000400
628 0.000512
629 0.000826
630 0.001551
631 0.005241
632 0.011632
633 0.011597
634 0.011285
635 0.010910
636 0.010845
637 0.010993
638 0.011228
639 0.010405
640 0.010406
641 0.010389
642 0.013457
643 0.013843
644 0.010361
645 0.010368
646 0.010374
647 0.010401
648 0.004251
649 0.000573
650 0.000371
651 0.000313
652 0.000364
653 0.000427
654 0.000673
655 0.001140
656 0.002863
657 0.011221
658 0.011191
659 0.011262
660 0.011343
661 0.011229
662 0.011020
663 0.010814
664 0.010750
665 0.010554
666 0.010401
667 0.010371
668 0.010369
669 0.013401
670 0.013485
671 0.013704
672 0.000120
673 0.010361
674 0.010367
675 0.010394
676 0.010381
677 0.010408
678 0.000934
679 0.000794
680 0.001230
681 0.002492
682 0.010838
683 0.011021
684 0.011193
685 0.011139
686 0.011129
687 0.011102
688 0.011101
689 0.010852
690 0.010574
691 0.010568
692 0.010521
693 0.010421
694 0.010399
695 0.010366
696 0.013385
697 0.013390
698 0.013417
699 0.013632
700 0.000120
701 0.000120
702 0.010361
703 0.010368
704 0.010374
705 0.010379
706 0.010405
707 0.010409
708 0.010420
709 0.010443
710 0.010586
711 0.010870
712 0.011082
713 0.011118
714 0.011050
715 0.011024
716 0.010975
717 0.010778
718 0.010478
719 0.010467
720 0.010455
721 0.010420
722 0.010385
723 0.013423
724 0.012894
725 0.013315
726 0.013346
727 0.013372
728 0.000120
729 0.000120
730 0.000120
731 0.000120
732 0.010367
733 0.010372
734 0.010397
735 0.010401
736 0.010404
737 0.010424
738 0.010428
739 0.010724
740 0.010952
741 0.011058
742 0.011033
743 0.011003
744 0.010869
745 0.010658
746 0.010473
747 0.010440
748 0.010429
749 0.010396
750 0.012063
751 0.011256
752 0.011448
753 0.012356
754 0.013449
755 0.013338
756 0.000120
757 0.000120
758 0.000169
759 0.000183
760 0.000120
761 0.010364
762 0.010368
763 0.010392
764 0.010395
765 0.010393
766 0.010388
767 0.010572
768 0.010848
769 0.010987
770 0.010990
771 0.010965
772 0.010785
773 0.010532
774 0.010476
775 0.010457
776 0.010425
777 0.010945
778 0.010510
779 0.010517
780 0.010746
781 0.011044
782 0.012121
783 0.013351
