0 0.002320
1 0.002093
2 0.001725
3 0.001881
4 0.001537
5 0.001248
6 0.001104
7 0.001039
8 0.000034
9 0.000002
10 0.000002
11 0.000004
12 0.000008
13 0.000012
14 0.000007
15 0.000003
16 0.000001
17 0.000001
18 0.000004
19 0.000023
20 0.000081
21 0.000089
22 0.000134
23 0.000147
24 0.000119
25 0.000131
26 0.000194
27 0.000213
28 0.002928
29 0.002098
30 0.001628
31 0.001537
32 0.001452
33 0.001296
34 0.001039
35 0.000371
36 0.000006
37 0.000001
38 0.000001
39 0.000002
40 0.000005
41 0.000010
42 0.000010
43 0.000003
44 0.000001
45 0.000001
46 0.000002
47 0.000013
48 0.000053
49 0.000081
50 0.000000
51 0.000000
52 0.000108
53 0.000161
54 0.000131
55 0.000321
56 0.004722
57 0.002907
58 0.001952
59 0.001452
60 0.001296
61 0.001039
62 0.000978
63 0.000062
64 0.000002
65 0.000001
66 0.000001
67 0.000001
68 0.000002
69 0.000006
70 0.000007
71 0.000004
72 0.000002
73 0.000001
74 0.000001
75 0.000004
76 0.000000
77 0.000000
78 0.000000
79 0.000000
80 0.000000
81 0.000108
82 0.000274
83 0.000632
84 0.008040
85 0.004807
86 0.002898
87 0.001571
88 0.001045
89 0.000978
90 0.000867
91 0.000010
92 0.000001
93 0.000001
94 0.000001
95 0.000001
96 0.000001
97 0.000003
98 0.000006
99 0.000007
100 0.000002
101 0.000001
102 0.000000
103 0.000000
104 0.000000
105 0.000000
106 0.000000
107 0.000000
108 0.000057
109 0.000223
110 0.000563
111 0.002011
112 0.013523
113 0.009342
114 0.005111
115 0.003055
116 0.000000
117 0.000000
118 0.000000
119 0.000000
120 0.000000
121 0.000000
122 0.000001
123 0.000001
124 0.000001
125 0.000001
126 0.000004
127 0.000001
128 0.000000
129 0.000000
130 0.000000
131 0.000000
132 0.000000
133 0.000000
134 0.000001
135 0.000005
136 0.000082
137 0.000477
138 0.001809
139 0.005869
140 0.019369
141 0.014552
142 0.011422
143 0.006468
144 0.000000
145 0.000000
146 0.000000
147 0.000000
148 0.000000
149 0.000000
150 0.000000
151 0.000000
152 0.000000
153 0.000000
154 0.000000
155 0.000000
156 0.000000
157 0.000000
158 0.000000
159 0.000000
160 0.000000
161 0.000001
162 0.000002
163 0.000169
164 0.000586
165 0.001628
166 0.005551
167 0.005553
168 0.015328
169 0.018730
170 0.016148
171 0.012221
172 0.000000
173 0.000000
174 0.000000
175 0.000000
176 0.000000
177 0.000000
178 0.000000
179 0.000000
180 0.000000
181 0.000000
182 0.000000
183 0.000000
184 0.000000
185 0.000000
186 0.000000
187 0.000000
188 0.000000
189 0.000001
190 0.000098
191 0.000654
192 0.002396
193 0.005252
194 0.006745
195 0.006562
196 0.006879
197 0.013553
198 0.018044
199 0.017134
200 0.000013
201 0.000000
202 0.000000
203 0.000000
204 0.000000
205 0.000000
206 0.000000
207 0.000000
208 0.000000
209 0.000000
210 0.000000
211 0.000000
212 0.000000
213 0.000000
214 0.000000
215 0.000000
216 0.000001
217 0.000002
218 0.000051
219 0.000183
220 0.005734
221 0.007437
222 0.005727
223 0.004108
224 0.002476
225 0.004691
226 0.009727
227 0.017977
228 0.017524
229 0.000000
230 0.000000
231 0.000000
232 0.000000
233 0.000000
234 0.000000
235 0.000000
236 0.000000
237 0.000000
238 0.000000
239 0.000000
240 0.000000
241 0.000000
242 0.000000
243 0.000000
244 0.000001
245 0.000001
246 0.000003
247 0.000041
248 0.000125
249 0.000190
250 0.000296
251 0.000649
252 0.001153
253 0.001585
254 0.002608
255 0.004738
256 0.003283
257 0.000000
258 0.000000
259 0.000000
260 0.000000
261 0.000000
262 0.000000
263 0.000000
264 0.000000
265 0.000000
266 0.000000
267 0.000000
268 0.000000
269 0.000001
270 0.000001
271 0.000002
272 0.000001
273 0.000001
274 0.000001
275 0.000005
276 0.000007
277 0.000017
278 0.000011
279 0.000008
280 0.000683
281 0.000268
282 0.000243
283 0.000153
284 0.000242
285 0.000000
286 0.000000
287 0.000000
288 0.000000
289 0.000000
290 0.000000
291 0.000000
292 0.000000
293 0.000000
294 0.000000
295 0.000000
296 0.000001
297 0.000001
298 0.000004
299 0.000014
300 0.000005
301 0.000001
302 0.000001
303 0.000007
304 0.000006
305 0.000002
306 0.000001
307 0.000001
308 0.000177
309 0.000079
310 0.000034
311 0.000023
312 0.000001
313 0.000000
314 0.000000
315 0.000000
316 0.000000
317 0.000000
318 0.000001
319 0.000000
320 0.000000
321 0.000000
322 0.000000
323 0.000000
324 0.000001
325 0.000001
326 0.000009
327 0.999976
328 0.000238
329 0.000002
330 0.000001
331 0.000002
332 0.000003
333 0.000001
334 0.000001
335 0.000001
336 0.000060
337 0.000038
338 0.000026
339 0.000013
340 0.000000
341 0.000000
342 0.000000
343 0.000000
344 0.000000
345 0.000000
346 0.000001
347 0.000001
348 0.000000
349 0.000000
350 0.000000
351 0.000000
352 0.000001
353 0.000001
354 0.000004
355 0.001478
356 0.000610
357 0.000005
358 0.000001
359 0.000001
360 0.000004
361 0.000001
362 0.000001
363 0.000001
364 0.000053
365 0.000045
366 0.000025
367 0.000012
368 0.000000
369 0.000000
370 0.000000
371 0.000000
372 0.000000
373 0.000000
374 0.000000
375 0.000001
376 0.000001
377 0.000001
378 0.000000
379 0.000001
380 0.000001
381 0.000001
382 0.000002
383 0.000011
384 0.000021
385 0.000001
386 0.000001
387 0.000001
388 0.000003
389 0.000005
390 0.000003
391 0.000002
392 0.000034
393 0.000020
394 0.000011
395 0.000001
396 0.000000
397 0.000000
398 0.000000
399 0.000000
400 0.000000
401 0.000000
402 0.000000
403 0.000001
404 0.000001
405 0.000002
406 0.000002
407 0.000001
408 0.000001
409 0.000001
410 0.000001
411 0.000001
412 0.000001
413 0.000001
414 0.000001
415 0.000001
416 0.000001
417 0.000011
418 0.000013
419 0.000008
420 0.000021
421 0.000012
422 0.000009
423 0.000000
424 0.000000
425 0.000000
426 0.000000
427 0.000000
428 0.000000
429 0.000000
430 0.000000
431 0.000000
432 0.000001
433 0.000007
434 0.000047
435 0.000008
436 0.000001
437 0.000001
438 0.000001
439 0.000001
440 0.000001
441 0.000001
442 0.000001
443 0.000000
444 0.000001
445 0.000002
446 0.000006
447 0.000013
448 0.000028
449 0.000012
450 0.000008
451 0.000000
452 0.000000
453 0.000000
454 0.000000
455 0.000000
456 0.000000
457 0.000000
458 0.000000
459 0.000000
460 0.000001
461 0.000008
462 0.999981
463 0.000083
464 0.000002
465 0.000001
466 0.000001
467 0.000000
468 0.000000
469 0.000001
470 0.000001
471 0.000000
472 0.000000
473 0.000001
474 0.000001
475 0.000006
476 0.000131
477 0.000054
478 0.000002
479 0.000000
480 0.000000
481 0.000000
482 0.000000
483 0.000000
484 0.000000
485 0.000000
486 0.000000
487 0.000001
488 0.000001
489 0.000002
490 0.000004
491 0.000007
492 0.000004
493 0.000002
494 0.000001
495 0.000000
496 0.000000
497 0.000000
498 0.000001
499 0.000001
500 0.000000
501 0.000000
502 0.000002
503 0.000014
504 0.001025
505 0.000436
506 0.000001
507 0.000000
508 0.000000
509 0.000000
510 0.000000
511 0.000000
512 0.000000
513 0.000000
514 0.000001
515 0.000001
516 0.000001
517 0.000001
518 0.000001
519 0.000001
520 0.000003
521 0.000003
522 0.000001
523 0.000001
524 0.000000
525 0.000000
526 0.000001
527 0.000001
528 0.000000
529 0.000000
530 0.000013
531 0.000146
532 0.000970
533 0.000889
534 0.000000
535 0.000000
536 0.000000
537 0.000000
538 0.000000
539 0.000000
540 0.000000
541 0.000001
542 0.000001
543 0.000001
544 0.000001
545 0.000000
546 0.000000
547 0.000001
548 0.000001
549 0.000002
550 0.000001
551 0.000001
552 0.000001
553 0.000000
554 0.000000
555 0.000001
556 0.000001
557 0.000001
558 0.000087
559 0.000094
560 0.001160
561 0.001113
562 0.000000
563 0.000000
564 0.000000
565 0.000000
566 0.000000
567 0.000001
568 0.000001
569 0.000001
570 0.000001
571 0.000000
572 0.000000
573 0.000000
574 0.000000
575 0.000000
576 0.000001
577 0.000001
578 0.000001
579 0.000001
580 0.000001
581 0.000001
582 0.000000
583 0.000001
584 0.000001
585 0.000087
586 0.000094
587 0.000127
588 0.001382
589 0.001160
590 0.000004
591 0.000000
592 0.000000
593 0.000000
594 0.000001
595 0.000001
596 0.000001
597 0.000001
598 0.000000
599 0.000000
600 0.000000
601 0.000000
602 0.000000
603 0.000000
604 0.000000
605 0.000001
606 0.000001
607 0.000001
608 0.000001
609 0.000001
610 0.000001
611 0.000001
612 0.000081
613 0.000087
614 0.000119
615 0.000127
616 0.001495
617 0.001382
618 0.001160
619 0.000010
620 0.000000
621 0.000000
622 0.000001
623 0.000001
624 0.000000
625 0.000000
626 0.000000
627 0.000000
628 0.000000
629 0.000000
630 0.000000
631 0.000001
632 0.000001
633 0.000001
634 0.000001
635 0.000001
636 0.000001
637 0.000001
638 0.000006
639 0.000276
640 0.000087
641 0.000119
642 0.000000
643 0.000001
644 0.001555
645 0.001495
646 0.001437
647 0.001209
648 0.000143
649 0.000000
650 0.000000
651 0.000000
652 0.000000
653 0.000001
654 0.000001
655 0.000000
656 0.000001
657 0.000011
658 0.000013
659 0.000003
660 0.000002
661 0.000001
662 0.000001
663 0.000001
664 0.000003
665 0.000145
666 0.003328
667 0.001100
668 0.000405
669 0.000000
670 0.000000
671 0.000000
672 0.000000
673 0.001555
674 0.001495
675 0.001261
676 0.001387
677 0.001177
678 0.000001
679 0.000001
680 0.000004
681 0.000074
682 0.000963
683 0.000052
684 0.000011
685 0.000016
686 0.000019
687 0.000098
688 0.000122
689 0.000161
690 0.000038
691 0.000089
692 0.001254
693 0.010033
694 0.011690
695 0.003543
696 0.000000
697 0.000000
698 0.000000
699 0.000001
700 0.000000
701 0.000000
702 0.001555
703 0.001495
704 0.001448
705 0.002415
706 0.004158
707 0.010007
708 0.010010
709 0.010005
710 0.003178
711 0.000197
712 0.000022
713 0.000014
714 0.000042
715 0.000243
716 0.000149
717 0.000030
718 0.000141
719 0.000593
720 0.002740
721 0.010022
722 0.010032
723 0.000001
724 0.000000
725 0.000001
726 0.000000
727 0.000000
728 0.000000
729 0.000000
730 0.000000
731 0.000000
732 0.002226
733 0.004293
734 0.007467
735 0.010009
736 0.010006
737 0.010001
738 0.009999
739 0.000552
740 0.000053
741 0.000020
742 0.000076
743 0.000179
744 0.000098
745 0.000022
746 0.000055
747 0.000271
748 0.001144
749 0.005287
750 0.000001
751 0.000001
752 0.000001
753 0.000000
754 0.000001
755 0.000000
756 0.000000
757 0.000000
758 0.000000
759 0.000001
760 0.000000
761 0.006545
762 0.010008
763 0.010007
764 0.010003
765 0.009999
766 0.010000
767 0.001664
768 0.000132
769 0.000029
770 0.000137
771 0.000122
772 0.000052
773 0.000048
774 0.000055
775 0.000103
776 0.000394
777 0.000000
778 0.000174
779 0.000131
780 0.000001
781 0.000000
782 0.000000
783 0.000000
