0 0.002032
1 0.001917
2 0.001554
3 0.001853
4 0.002328
5 0.003186
6 0.005209
7 0.004185
8 0.000091
9 0.000003
10 0.000002
11 0.000001
12 0.000001
13 0.000001
14 0.000001
15 0.000001
16 0.000001
17 0.000001
18 0.000004
19 0.000024
20 0.000081
21 0.000089
22 0.000127
23 0.000138
24 0.000114
25 0.000125
26 0.000178
27 0.000194
28 0.001655
29 0.001810
30 0.001459
31 0.001371
32 0.001615
33 0.002733
34 0.004309
35 0.002095
36 0.000032
37 0.000003
38 0.000002
39 0.000001
40 0.000001
41 0.000001
42 0.000001
43 0.000001
44 0.000001
45 0.000001
46 0.000001
47 0.000012
48 0.000057
49 0.000081
50 0.000230
51 0.000292
52 0.000105
53 0.000150
54 0.000125
55 0.000178
56 0.001810
57 0.001459
58 0.001371
59 0.001287
60 0.001136
61 0.001414
62 0.002752
63 0.000285
64 0.000014
65 0.000003
66 0.000002
67 0.000001
68 0.000001
69 0.000001
70 0.000001
71 0.000001
72 0.000001
73 0.000001
74 0.000001
75 0.000003
76 0.000151
77 0.000161
78 0.000183
79 0.000203
80 0.000292
81 0.000105
82 0.000150
83 0.000125
84 0.001708
85 0.001371
86 0.001090
87 0.000952
88 0.000891
89 0.000864
90 0.001371
91 0.000039
92 0.000005
93 0.000003
94 0.000002
95 0.000001
96 0.000001
97 0.000001
98 0.000001
99 0.000001
100 0.000001
101 0.000001
102 0.000001
103 0.000002
104 0.000035
105 0.000141
106 0.000167
107 0.000245
108 0.000250
109 0.000096
110 0.000105
111 0.000150
112 0.001370
113 0.001287
114 0.000952
115 0.000890
116 0.000000
117 0.000000
118 0.000000
119 0.000000
120 0.000001
121 0.000001
122 0.000003
123 0.000002
124 0.000001
125 0.000001
126 0.000001
127 0.000001
128 0.000001
129 0.000001
130 0.000001
131 0.000001
132 0.000008
133 0.000107
134 0.000142
135 0.000198
136 0.000204
137 0.000067
138 0.000096
139 0.000138
140 0.001287
141 0.001019
142 0.000890
143 0.000833
144 0.000000
145 0.000000
146 0.000000
147 0.000000
148 0.000000
149 0.000000
150 0.000000
151 0.000001
152 0.000001
153 0.000001
154 0.000001
155 0.000001
156 0.000001
157 0.000001
158 0.000001
159 0.000001
160 0.000002
161 0.000043
162 0.000138
163 0.000133
164 0.000069
165 0.000062
166 0.000089
167 0.000096
168 0.001019
169 0.000890
170 0.000833
171 0.000728
172 0.000000
173 0.000000
174 0.000000
175 0.000000
176 0.000000
177 0.000000
178 0.000000
179 0.000000
180 0.000000
181 0.000000
182 0.000001
183 0.000001
184 0.000001
185 0.000001
186 0.000001
187 0.000001
188 0.000001
189 0.000009
190 0.000114
191 0.000129
192 0.000048
193 0.000052
194 0.000057
195 0.000109
196 0.000895
197 0.000833
198 0.000644
199 0.000558
200 0.000001
201 0.000000
202 0.000000
203 0.000000
204 0.000000
205 0.000000
206 0.000000
207 0.000000
208 0.000000
209 0.000000
210 0.000000
211 0.000000
212 0.000000
213 0.000000
214 0.000000
215 0.000000
216 0.000000
217 0.000001
218 0.000001
219 0.000003
220 0.000048
221 0.000058
222 0.000073
223 0.000141
224 0.000856
225 0.000656
226 0.000558
227 0.000520
228 0.000365
229 0.000000
230 0.000000
231 0.000000
232 0.000000
233 0.000000
234 0.000000
235 0.000000
236 0.000000
237 0.000001
238 0.000001
239 0.000001
240 0.000001
241 0.000000
242 0.000000
243 0.000000
244 0.000000
245 0.000000
246 0.000001
247 0.000001
248 0.000001
249 0.000001
250 0.000001
251 0.000001
252 0.000801
253 0.000574
254 0.000535
255 0.000547
256 0.000501
257 0.000000
258 0.000000
259 0.000000
260 0.000000
261 0.000000
262 0.000001
263 0.000001
264 0.000001
265 0.000001
266 0.000001
267 0.000001
268 0.000001
269 0.000001
270 0.000000
271 0.000000
272 0.000000
273 0.000000
274 0.000001
275 0.000001
276 0.000001
277 0.000001
278 0.000001
279 0.000001
280 0.000564
281 0.000588
282 0.000720
283 0.000585
284 0.000583
285 0.000001
286 0.000000
287 0.000000
288 0.000000
289 0.000000
290 0.000001
291 0.000001
292 0.000001
293 0.000001
294 0.000001
295 0.000001
296 0.000001
297 0.000001
298 0.000001
299 0.000000
300 0.000000
301 0.000000
302 0.000000
303 0.000001
304 0.000001
305 0.000001
306 0.000001
307 0.000001
308 0.000960
309 0.000841
310 0.000616
311 0.000489
312 0.000009
313 0.000001
314 0.000000
315 0.000000
316 0.000000
317 0.000000
318 0.000000
319 0.000001
320 0.000001
321 0.000001
322 0.000001
323 0.000001
324 0.000001
325 0.000001
326 0.000001
327 0.000001
328 0.000000
329 0.000000
330 0.000000
331 0.000001
332 0.000001
333 0.000001
334 0.000001
335 0.000001
336 0.000961
337 0.000756
338 0.000690
339 0.000436
340 0.000001
341 0.000001
342 0.000000
343 0.000000
344 0.000000
345 0.000000
346 0.000000
347 0.000000
348 0.000001
349 0.000001
350 0.000001
351 0.000001
352 0.000001
353 0.000001
354 0.000001
355 0.000001
356 0.000000
357 0.000000
358 0.000000
359 0.000000
360 0.000001
361 0.000001
362 0.000001
363 0.000001
364 0.000815
365 0.000809
366 0.000697
367 0.000413
368 0.000001
369 0.000001
370 0.000000
371 0.000000
372 0.000000
373 0.000000
374 0.000000
375 0.000000
376 0.000000
377 0.000001
378 0.000001
379 0.000001
380 0.000001
381 0.000001
382 0.000001
383 0.000001
384 0.000001
385 0.000000
386 0.000000
387 0.000000
388 0.000001
389 0.000001
390 0.000001
391 0.000001
392 0.000512
393 0.000465
394 0.000452
395 0.000005
396 0.000001
397 0.000001
398 0.000001
399 0.000000
400 0.000000
401 0.000000
402 0.000000
403 0.000000
404 0.000000
405 0.000000
406 0.000001
407 0.000001
408 0.000001
409 0.000002
410 0.000002
411 0.000002
412 0.000001
413 0.000001
414 0.000000
415 0.000000
416 0.000001
417 0.000001
418 0.000001
419 0.000001
420 0.000465
421 0.000255
422 0.000255
423 0.000001
424 0.000001
425 0.000001
426 0.000001
427 0.000000
428 0.000000
429 0.000000
430 0.000000
431 0.000000
432 0.000000
433 0.000000
434 0.000000
435 0.000001
436 0.000001
437 0.000001
438 0.000003
439 0.000003
440 0.000002
441 0.000001
442 0.000000
443 0.000000
444 0.000000
445 0.000001
446 0.000001
447 0.000001
448 0.000453
449 0.000220
450 0.000181
451 0.000001
452 0.000001
453 0.000001
454 0.000001
455 0.000000
456 0.000000
457 0.000000
458 0.000000
459 0.000000
460 0.000000
461 0.000000
462 0.000000
463 0.000000
464 0.000001
465 0.000001
466 0.000002
467 0.000005
468 0.000006
469 0.000002
470 0.000001
471 0.000000
472 0.000001
473 0.000001
474 0.000001
475 0.000001
476 0.002342
477 0.000974
478 0.000021
479 0.000001
480 0.000000
481 0.000000
482 0.000000
483 0.000000
484 0.000000
485 0.000000
486 0.000000
487 0.000000
488 0.000000
489 0.000000
490 0.000000
491 0.000000
492 0.000000
493 0.000000
494 0.000001
495 0.000004
496 0.000771
497 0.000043
498 0.000003
499 0.000001
500 0.000001
501 0.000001
502 0.000001
503 0.000001
504 0.017547
505 0.008515
506 0.000005
507 0.000001
508 0.000001
509 0.000001
510 0.000000
511 0.000000
512 0.000000
513 0.000000
514 0.000000
515 0.000000
516 0.000000
517 0.000000
518 0.000000
519 0.000000
520 0.000000
521 0.000001
522 0.000001
523 0.000002
524 0.000035
525 0.999983
526 0.000026
527 0.000002
528 0.000001
529 0.000001
530 0.000001
531 0.000001
532 0.017550
533 0.017680
534 0.000005
535 0.000001
536 0.000001
537 0.000001
538 0.000001
539 0.000001
540 0.000000
541 0.000000
542 0.000000
543 0.000000
544 0.000000
545 0.000000
546 0.000000
547 0.000001
548 0.000001
549 0.000001
550 0.000001
551 0.000001
552 0.000002
553 0.000006
554 0.010308
555 0.000009
556 0.000001
557 0.000001
558 0.000001
559 0.000001
560 0.017014
561 0.017073
562 0.000004
563 0.000001
564 0.000001
565 0.000001
566 0.000001
567 0.000001
568 0.000001
569 0.000000
570 0.000000
571 0.000000
572 0.000000
573 0.000001
574 0.000001
575 0.000001
576 0.000001
577 0.000001
578 0.000001
579 0.000000
580 0.000000
581 0.000001
582 0.000003
583 0.000469
584 0.000011
585 0.000127
586 0.000009
587 0.000002
588 0.016529
589 0.016937
590 0.000064
591 0.000001
592 0.000001
593 0.000001
594 0.000001
595 0.000001
596 0.000001
597 0.000001
598 0.000001
599 0.000001
600 0.000001
601 0.000001
602 0.000001
603 0.000001
604 0.000000
605 0.000000
606 0.000000
607 0.000000
608 0.000000
609 0.000000
610 0.000001
611 0.000015
612 0.001849
613 0.003861
614 0.000298
615 0.000035
616 0.016303
617 0.016502
618 0.016931
619 0.000156
620 0.000001
621 0.000001
622 0.000001
623 0.000001
624 0.000001
625 0.000001
626 0.000001
627 0.000001
628 0.000001
629 0.000001
630 0.000001
631 0.000000
632 0.000000
633 0.000000
634 0.000000
635 0.000000
636 0.000000
637 0.000000
638 0.000001
639 0.000005
640 0.000074
641 0.001970
642 0.000001
643 0.000001
644 0.016195
645 0.016293
646 0.016387
647 0.016815
648 0.002363
649 0.000002
650 0.000001
651 0.000001
652 0.000009
653 0.000076
654 0.000001
655 0.000001
656 0.000001
657 0.000001
658 0.000001
659 0.000001
660 0.000001
661 0.000000
662 0.000000
663 0.000000
664 0.000000
665 0.000001
666 0.000001
667 0.000001
668 0.000006
669 0.000001
670 0.000001
671 0.000002
672 0.000001
673 0.016181
674 0.016283
675 0.016706
676 0.016498
677 0.016921
678 0.000009
679 0.000005
680 0.000024
681 0.000280
682 0.000028
683 0.000001
684 0.000001
685 0.000001
686 0.000001
687 0.000001
688 0.000001
689 0.000001
690 0.000001
691 0.000001
692 0.000001
693 0.000001
694 0.000001
695 0.000001
696 0.000001
697 0.000001
698 0.000001
699 0.000001
700 0.000001
701 0.000001
702 0.016180
703 0.016292
704 0.016386
705 0.016471
706 0.016857
707 0.016901
708 0.017104
709 0.017572
710 0.000585
711 0.000001
712 0.000001
713 0.000001
714 0.000001
715 0.000001
716 0.000001
717 0.000001
718 0.000001
719 0.000001
720 0.000001
721 0.000001
722 0.000001
723 0.000001
724 0.000001
725 0.000001
726 0.000001
727 0.000001
728 0.000001
729 0.000001
730 0.000001
731 0.000001
732 0.016273
733 0.016328
734 0.016704
735 0.016788
736 0.016921
737 0.017442
738 0.017806
739 0.000008
740 0.000001
741 0.000001
742 0.000001
743 0.000001
744 0.000001
745 0.000001
746 0.000001
747 0.000001
748 0.000001
749 0.000001
750 0.000000
751 0.000000
752 0.000000
753 0.000000
754 0.000001
755 0.000001
756 0.000001
757 0.000001
758 0.000001
759 0.000001
760 0.000001
761 0.016194
762 0.016255
763 0.016694
764 0.016857
765 0.017102
766 0.017378
767 0.000104
768 0.000001
769 0.000001
770 0.000001
771 0.000001
772 0.000001
773 0.000001
774 0.000001
775 0.000001
776 0.000001
777 0.000000
778 0.000001
779 0.000001
780 0.000000
781 0.000000
782 0.000000
783 0.000001
