0 0.001091
1 0.001012
2 0.000772
3 0.000871
4 0.000658
5 0.000494
6 0.000650
7 0.002013
8 0.000466
9 0.000072
10 0.000087
11 0.000026
12 0.000010
13 0.000005
14 0.000004
15 0.000005
16 0.000011
17 0.000021
18 0.000246
19 0.001680
20 0.006696
21 0.006461
22 0.002587
23 0.000930
24 0.000347
25 0.000374
26 0.000504
27 0.000541
28 0.000836
29 0.000938
30 0.000712
31 0.000658
32 0.000608
33 0.000520
34 0.000385
35 0.000354
36 0.000048
37 0.000026
38 0.000036
39 0.000055
40 0.000015
41 0.000005
42 0.000004
43 0.000008
44 0.000014
45 0.000032
46 0.000041
47 0.000557
48 0.006173
49 0.002440
50 0.000026
51 0.000002
52 0.000322
53 0.000437
54 0.000373
55 0.000504
56 0.000938
57 0.000712
58 0.000658
59 0.000608
60 0.000520
61 0.000385
62 0.000355
63 0.000045
64 0.000009
65 0.000007
66 0.000032
67 0.000048
68 0.000021
69 0.000007
70 0.000005
71 0.000009
72 0.000028
73 0.000021
74 0.000017
75 0.000208
76 0.000070
77 0.000015
78 0.000003
79 0.000002
80 0.000002
81 0.000321
82 0.000437
83 0.000373
84 0.000871
85 0.000658
86 0.000493
87 0.000418
88 0.000385
89 0.000354
90 0.000302
91 0.000012
92 0.000004
93 0.000004
94 0.000008
95 0.000026
96 0.000056
97 0.000019
98 0.000020
99 0.000016
100 0.000031
101 0.000008
102 0.000004
103 0.000008
104 0.000011
105 0.000004
106 0.000002
107 0.000002
108 0.000002
109 0.000298
110 0.000321
111 0.000437
112 0.000658
113 0.000608
114 0.000418
115 0.000384
116 0.000003
117 0.000003
118 0.000010
119 0.000005
120 0.000003
121 0.000003
122 0.000005
123 0.000010
124 0.000034
125 0.000136
126 0.000125
127 0.000008
128 0.000004
129 0.000006
130 0.000011
131 0.000010
132 0.000005
133 0.000003
134 0.000002
135 0.000002
136 0.000007
137 0.000217
138 0.000298
139 0.000440
140 0.000608
141 0.000454
142 0.000385
143 0.000354
144 0.000002
145 0.000002
146 0.000003
147 0.000005
148 0.000009
149 0.000012
150 0.000004
151 0.000003
152 0.000005
153 0.000011
154 0.000036
155 0.000010
156 0.000009
157 0.000011
158 0.000011
159 0.000005
160 0.000002
161 0.000002
162 0.000002
163 0.000002
164 0.000222
165 0.000201
166 0.000298
167 0.000321
168 0.000454
169 0.000385
170 0.000354
171 0.000301
172 0.000005
173 0.000002
174 0.000002
175 0.000002
176 0.000004
177 0.000007
178 0.000010
179 0.000012
180 0.000009
181 0.000013
182 0.000061
183 0.000022
184 0.000015
185 0.000010
186 0.000004
187 0.000002
188 0.000002
189 0.000002
190 0.000002
191 0.000002
192 0.000172
193 0.000186
194 0.000200
195 0.000347
196 0.000385
197 0.000355
198 0.000260
199 0.000220
200 0.000057
201 0.000003
202 0.000002
203 0.000002
204 0.000002
205 0.000002
206 0.000003
207 0.000011
208 0.000016
209 0.000074
210 0.999933
211 0.000239
212 0.000021
213 0.000004
214 0.000002
215 0.000002
216 0.000002
217 0.000002
218 0.000002
219 0.000005
220 0.000172
221 0.000186
222 0.000233
223 0.000302
224 0.001163
225 0.000413
226 0.000220
227 0.000202
228 0.000134
229 0.000006
230 0.000003
231 0.000002
232 0.000002
233 0.000002
234 0.000002
235 0.000003
236 0.000009
237 0.000022
238 0.000044
239 0.000233
240 0.000013
241 0.000004
242 0.000002
243 0.000002
244 0.000002
245 0.000002
246 0.000002
247 0.000058
248 0.000061
249 0.000063
250 0.000090
251 0.000094
252 0.004207
253 0.001293
254 0.000549
255 0.000113
256 0.000026
257 0.000006
258 0.000004
259 0.000002
260 0.000002
261 0.000002
262 0.000003
263 0.000004
264 0.000004
265 0.000004
266 0.000005
267 0.000005
268 0.000005
269 0.000003
270 0.000002
271 0.000002
272 0.000002
273 0.000002
274 0.000003
275 0.000057
276 0.000057
277 0.000056
278 0.000062
279 0.000080
280 0.010085
281 0.002424
282 0.000485
283 0.000089
284 0.000029
285 0.000004
286 0.000006
287 0.000004
288 0.000002
289 0.000002
290 0.000003
291 0.000003
292 0.000003
293 0.000003
294 0.000003
295 0.000002
296 0.000002
297 0.000002
298 0.000002
299 0.000002
300 0.000002
301 0.000002
302 0.000004
303 0.000078
304 0.000111
305 0.000119
306 0.000107
307 0.000121
308 0.001699
309 0.001863
310 0.001723
311 0.000421
312 0.000015
313 0.000004
314 0.000009
315 0.000006
316 0.000002
317 0.000002
318 0.000003
319 0.000004
320 0.000003
321 0.000003
322 0.000002
323 0.000002
324 0.000002
325 0.000002
326 0.000002
327 0.000002
328 0.000002
329 0.000002
330 0.000004
331 0.000008
332 0.000076
333 0.000094
334 0.000101
335 0.000151
336 0.000312
337 0.000762
338 0.002718
339 0.008393
340 0.000023
341 0.000005
342 0.000006
343 0.000007
344 0.000004
345 0.000003
346 0.000004
347 0.000003
348 0.000003
349 0.000002
350 0.000002
351 0.000002
352 0.000002
353 0.000002
354 0.000002
355 0.000002
356 0.000002
357 0.000002
358 0.000003
359 0.000004
360 0.000033
361 0.000077
362 0.000103
363 0.000100
364 0.000128
365 0.000541
366 0.001210
367 0.002905
368 0.000008
369 0.000005
370 0.000004
371 0.000011
372 0.000012
373 0.000005
374 0.000004
375 0.000003
376 0.000002
377 0.000002
378 0.000002
379 0.000002
380 0.000002
381 0.000002
382 0.000002
383 0.000002
384 0.000002
385 0.000002
386 0.000003
387 0.000003
388 0.000005
389 0.000020
390 0.000037
391 0.000085
392 0.000088
393 0.000092
394 0.000132
395 0.000015
396 0.000004
397 0.000004
398 0.000004
399 0.000017
400 0.000097
401 0.000020
402 0.000004
403 0.000002
404 0.000002
405 0.000002
406 0.000002
407 0.000002
408 0.000002
409 0.000002
410 0.000002
411 0.000002
412 0.000002
413 0.000003
414 0.000002
415 0.000003
416 0.000003
417 0.000007
418 0.000011
419 0.000018
420 0.000090
421 0.000046
422 0.000042
423 0.000004
424 0.000003
425 0.000003
426 0.000004
427 0.000022
428 0.999919
429 0.000053
430 0.000004
431 0.000002
432 0.000002
433 0.000002
434 0.000002
435 0.000002
436 0.000002
437 0.000002
438 0.000002
439 0.000002
440 0.000003
441 0.000003
442 0.000002
443 0.000002
444 0.000003
445 0.000004
446 0.000005
447 0.000008
448 0.000102
449 0.000043
450 0.000027
451 0.000003
452 0.000003
453 0.000003
454 0.000004
455 0.000014
456 0.000057
457 0.000017
458 0.000004
459 0.000003
460 0.000002
461 0.000002
462 0.000002
463 0.000002
464 0.000002
465 0.000002
466 0.000002
467 0.000002
468 0.000003
469 0.000003
470 0.000003
471 0.000002
472 0.000003
473 0.000003
474 0.000004
475 0.000007
476 0.000721
477 0.000151
478 0.000007
479 0.000003
480 0.000003
481 0.000003
482 0.000007
483 0.000008
484 0.000007
485 0.000005
486 0.000004
487 0.000003
488 0.000003
489 0.000003
490 0.000002
491 0.000002
492 0.000002
493 0.000002
494 0.000002
495 0.000002
496 0.000002
497 0.000003
498 0.000003
499 0.000002
500 0.000002
501 0.000003
502 0.000012
503 0.000033
504 0.005224
505 0.001489
506 0.000006
507 0.000003
508 0.000003
509 0.000006
510 0.000008
511 0.000005
512 0.000003
513 0.000004
514 0.000003
515 0.000003
516 0.000003
517 0.000003
518 0.000003
519 0.000002
520 0.000002
521 0.000002
522 0.000002
523 0.000002
524 0.000002
525 0.000003
526 0.000003
527 0.000003
528 0.000002
529 0.000003
530 0.000115
531 0.000491
532 0.003945
533 0.003805
534 0.000007
535 0.000003
536 0.000004
537 0.000007
538 0.000006
539 0.000003
540 0.000002
541 0.000003
542 0.000003
543 0.000003
544 0.000002
545 0.000002
546 0.000003
547 0.000003
548 0.000002
549 0.000002
550 0.000002
551 0.000002
552 0.000002
553 0.000002
554 0.000003
555 0.000003
556 0.000003
557 0.000003
558 0.000491
559 0.000516
560 0.004025
561 0.007321
562 0.000009
563 0.000003
564 0.000005
565 0.000006
566 0.000003
567 0.000002
568 0.000002
569 0.000003
570 0.000003
571 0.000003
572 0.000002
573 0.000002
574 0.000002
575 0.000002
576 0.000002
577 0.000002
578 0.000002
579 0.000003
580 0.000003
581 0.000003
582 0.000003
583 0.000003
584 0.000003
585 0.000491
586 0.000516
587 0.000635
588 0.008645
589 0.010027
590 0.000110
591 0.000004
592 0.000005
593 0.000003
594 0.000002
595 0.000002
596 0.000002
597 0.000003
598 0.000003
599 0.000003
600 0.000002
601 0.000002
602 0.000002
603 0.000002
604 0.000002
605 0.000002
606 0.000003
607 0.000003
608 0.000003
609 0.000003
610 0.000003
611 0.000003
612 0.000468
613 0.000491
614 0.000606
615 0.000635
616 0.010024
617 0.008577
618 0.003939
619 0.000061
620 0.000004
621 0.000003
622 0.000002
623 0.000002
624 0.000002
625 0.000002
626 0.000003
627 0.000004
628 0.000003
629 0.000003
630 0.000002
631 0.000002
632 0.000002
633 0.000002
634 0.000002
635 0.000003
636 0.000003
637 0.000003
638 0.000003
639 0.000468
640 0.000491
641 0.000606
642 0.000002
643 0.000002
644 0.008659
645 0.004809
646 0.002293
647 0.001087
648 0.000236
649 0.000003
650 0.000003
651 0.000002
652 0.000002
653 0.000003
654 0.000003
655 0.000005
656 0.000014
657 0.000042
658 0.000011
659 0.000003
660 0.000002
661 0.000002
662 0.000003
663 0.000003
664 0.000003
665 0.000004
666 0.000468
667 0.000578
668 0.000606
669 0.000002
670 0.000003
671 0.000002
672 0.000002
673 0.002436
674 0.001360
675 0.001135
676 0.001251
677 0.001039
678 0.000004
679 0.000003
680 0.000005
681 0.000019
682 0.000556
683 0.000534
684 0.000413
685 0.000131
686 0.000026
687 0.000009
688 0.000006
689 0.000031
690 0.000016
691 0.000008
692 0.000021
693 0.000445
694 0.000491
695 0.000606
696 0.000002
697 0.000002
698 0.000002
699 0.000002
700 0.000002
701 0.000002
702 0.001417
703 0.001359
704 0.001304
705 0.001251
706 0.001039
707 0.000994
708 0.000911
709 0.000748
710 0.000612
711 0.000558
712 0.000535
713 0.000337
714 0.000078
715 0.000020
716 0.000014
717 0.000052
718 0.000341
719 0.000358
720 0.000377
721 0.000468
722 0.000578
723 0.000002
724 0.000003
725 0.000003
726 0.000002
727 0.000002
728 0.000002
729 0.000002
730 0.000002
731 0.000002
732 0.001359
733 0.001304
734 0.001086
735 0.001039
736 0.000994
737 0.000821
738 0.000748
739 0.000717
740 0.000688
741 0.000535
742 0.000151
743 0.000045
744 0.000035
745 0.000120
746 0.000359
747 0.000445
748 0.000468
749 0.000578
750 0.000003
751 0.000003
752 0.000003
753 0.000002
754 0.000003
755 0.000002
756 0.000002
757 0.000002
758 0.000002
759 0.000002
760 0.000002
761 0.001359
762 0.001304
763 0.001086
764 0.001039
765 0.000994
766 0.000952
767 0.000912
768 0.000719
769 0.000689
770 0.000367
771 0.000105
772 0.000107
773 0.000274
774 0.000359
775 0.000397
776 0.000491
777 0.000003
778 0.000007
779 0.000005
780 0.000003
781 0.000003
782 0.000003
783 0.000002
