0 0.010101
1 0.010104
2 0.010116
3 0.010111
4 0.010122
5 0.010132
6 0.010137
7 0.010140
8 0.010197
9 0.010207
10 0.010178
11 0.010182
12 0.010183
13 0.010186
14 0.010188
15 0.010192
16 0.010195
17 0.010199
18 0.010178
19 0.010094
20 0.010009
21 0.010009
22 0.010008
23 0.010008
24 0.010008
25 0.010008
26 0.010007
27 0.010007
28 0.010113
29 0.010108
30 0.010119
31 0.010122
32 0.010125
33 0.010130
34 0.010139
35 0.010188
36 0.010206
37 0.010181
38 0.010183
39 0.010184
40 0.010187
41 0.010188
42 0.010190
43 0.010194
44 0.010199
45 0.010200
46 0.010194
47 0.010211
48 0.010010
49 0.010009
50 0.010124
51 0.010108
52 0.010008
53 0.010008
54 0.010008
55 0.010007
56 0.010108
57 0.010119
58 0.010122
59 0.010125
60 0.010130
61 0.010138
62 0.010141
63 0.010197
64 0.010209
65 0.010184
66 0.010184
67 0.010188
68 0.010192
69 0.010193
70 0.010194
71 0.010198
72 0.010200
73 0.010202
74 0.010255
75 0.010232
76 0.010129
77 0.010115
78 0.010160
79 0.010109
80 0.010108
81 0.010008
82 0.010008
83 0.010008
84 0.010111
85 0.010122
86 0.010131
87 0.010136
88 0.010138
89 0.010140
90 0.010144
91 0.010204
92 0.010216
93 0.010187
94 0.010188
95 0.010190
96 0.010193
97 0.010193
98 0.010195
99 0.010199
100 0.010201
101 0.010334
102 0.010329
103 0.010357
104 0.010312
105 0.010113
106 0.010271
107 0.010169
108 0.010028
109 0.010008
110 0.010008
111 0.010008
112 0.010122
113 0.010125
114 0.010136
115 0.010138
116 0.010102
117 0.010257
118 0.010222
119 0.010225
120 0.010228
121 0.010191
122 0.010190
123 0.010191
124 0.010193
125 0.010195
126 0.010199
127 0.010329
128 0.010323
129 0.010319
130 0.010317
131 0.010355
132 0.010269
133 0.010085
134 0.010098
135 0.010076
136 0.010015
137 0.010009
138 0.010009
139 0.010008
140 0.010125
141 0.010134
142 0.010138
143 0.010140
144 0.010258
145 0.010260
146 0.010305
147 0.010269
148 0.010213
149 0.010211
150 0.010208
151 0.010205
152 0.010203
153 0.010325
154 0.010320
155 0.010317
156 0.010315
157 0.010314
158 0.010228
159 0.010284
160 0.010309
161 0.010252
162 0.010078
163 0.010026
164 0.010009
165 0.010010
166 0.010009
167 0.010009
168 0.010134
169 0.010139
170 0.010140
171 0.010144
172 0.010175
173 0.010238
174 0.010315
175 0.010325
176 0.010245
177 0.010215
178 0.010345
179 0.010339
180 0.010336
181 0.010328
182 0.010324
183 0.010319
184 0.010229
185 0.010229
186 0.010233
187 0.010283
188 0.010323
189 0.010291
190 0.010030
191 0.010021
192 0.010010
193 0.010010
194 0.010010
195 0.010009
196 0.010139
197 0.010141
198 0.010148
199 0.010151
200 0.010166
201 0.010187
202 0.010242
203 0.010334
204 0.010437
205 0.010435
206 0.010369
207 0.010337
208 0.010333
209 0.010229
210 0.010233
211 0.010233
212 0.010234
213 0.010237
214 0.010242
215 0.010295
216 0.010341
217 0.010311
218 0.010030
219 0.010018
220 0.010010
221 0.010010
222 0.010010
223 0.010010
224 0.010141
225 0.010148
226 0.010151
227 0.010153
228 0.010159
229 0.010265
230 0.010375
231 0.010346
232 0.010404
233 0.010434
234 0.010435
235 0.010225
236 0.010228
237 0.010229
238 0.010232
239 0.010234
240 0.010237
241 0.010242
242 0.010296
243 0.010303
244 0.010305
245 0.010284
246 0.010237
247 0.010015
248 0.010015
249 0.010015
250 0.010013
251 0.010013
252 0.010144
253 0.010152
254 0.010153
255 0.010295
256 0.010296
257 0.010391
258 0.010408
259 0.010344
260 0.010341
261 0.010292
262 0.010225
263 0.010226
264 0.010226
265 0.010232
266 0.010232
267 0.010235
268 0.010240
269 0.010296
270 0.010301
271 0.010305
272 0.010261
273 0.010297
274 0.010257
275 0.010019
276 0.010018
277 0.010017
278 0.010016
279 0.010015
280 0.010152
281 0.010295
282 0.010293
283 0.010295
284 0.010295
285 0.010388
286 0.010289
287 0.010231
288 0.010230
289 0.010229
290 0.010227
291 0.010229
292 0.010229
293 0.010230
294 0.010234
295 0.010238
296 0.010240
297 0.010246
298 0.010305
299 0.010257
300 0.010266
301 0.010312
302 0.010274
303 0.010019
304 0.010018
305 0.010018
306 0.010017
307 0.010016
308 0.010292
309 0.010292
310 0.010295
311 0.010297
312 0.010259
313 0.010272
314 0.010228
315 0.010233
316 0.010231
317 0.010231
318 0.010231
319 0.010229
320 0.010229
321 0.010232
322 0.010236
323 0.010240
324 0.010246
325 0.010249
326 0.010256
327 0.010262
328 0.010266
329 0.010276
330 0.010295
331 0.010244
332 0.010019
333 0.010018
334 0.010017
335 0.010016
336 0.010295
337 0.010197
338 0.010174
339 0.010178
340 0.010265
341 0.010278
342 0.010227
343 0.010235
344 0.010235
345 0.010233
346 0.010234
347 0.010232
348 0.010235
349 0.010236
350 0.010239
351 0.010242
352 0.010246
353 0.010254
354 0.010260
355 0.010267
356 0.010276
357 0.010281
358 0.010316
359 0.010274
360 0.010019
361 0.010018
362 0.010017
363 0.010017
364 0.010173
365 0.010174
366 0.010176
367 0.010180
368 0.010274
369 0.010284
370 0.010227
371 0.010237
372 0.010238
373 0.010237
374 0.010238
375 0.010237
376 0.010238
377 0.010240
378 0.010243
379 0.010245
380 0.010252
381 0.010255
382 0.010266
383 0.010274
384 0.010281
385 0.010285
386 0.010343
387 0.010298
388 0.010225
389 0.010019
390 0.010018
391 0.010017
392 0.010177
393 0.010179
394 0.010180
395 0.010306
396 0.010319
397 0.010233
398 0.010231
399 0.010238
400 0.010243
401 0.010243
402 0.010241
403 0.010243
404 0.010244
405 0.010243
406 0.010245
407 0.010251
408 0.010256
409 0.010264
410 0.010272
411 0.010281
412 0.010289
413 0.010296
414 0.010303
415 0.010331
416 0.010267
417 0.010019
418 0.010018
419 0.010018
420 0.010176
421 0.010183
422 0.010185
423 0.010312
424 0.010324
425 0.010239
426 0.010237
427 0.010241
428 0.010246
429 0.010249
430 0.010248
431 0.010246
432 0.010248
433 0.010248
434 0.010252
435 0.010257
436 0.010262
437 0.010270
438 0.010277
439 0.010286
440 0.010298
441 0.010300
442 0.010315
443 0.010559
444 0.010297
445 0.010020
446 0.010019
447 0.010018
448 0.010366
449 0.010208
450 0.010187
451 0.010316
452 0.010329
453 0.010242
454 0.010245
455 0.010246
456 0.010250
457 0.010252
458 0.010251
459 0.010255
460 0.010257
461 0.010256
462 0.010261
463 0.010264
464 0.010269
465 0.010276
466 0.010286
467 0.010298
468 0.010303
469 0.010314
470 0.011219
471 0.010750
472 0.010320
473 0.010231
474 0.010020
475 0.010018
476 0.010346
477 0.010359
478 0.010456
479 0.010507
480 0.010244
481 0.010245
482 0.010249
483 0.010251
484 0.010257
485 0.010259
486 0.010257
487 0.010262
488 0.010261
489 0.010265
490 0.010269
491 0.010273
492 0.010278
493 0.010286
494 0.010297
495 0.010302
496 0.010314
497 0.011033
498 0.011216
499 0.011220
500 0.010547
501 0.010216
502 0.010015
503 0.010012
504 0.010002
505 0.010296
506 0.010444
507 0.010468
508 0.010418
509 0.010424
510 0.010433
511 0.010255
512 0.010261
513 0.010265
514 0.010269
515 0.010268
516 0.010270
517 0.010273
518 0.010278
519 0.010283
520 0.010290
521 0.010296
522 0.010303
523 0.010315
524 0.011041
525 0.010741
526 0.011213
527 0.011276
528 0.010798
529 0.010227
530 0.010008
531 0.010003
532 0.010002
533 0.010002
534 0.010101
535 0.010116
536 0.010394
537 0.010408
538 0.010416
539 0.010425
540 0.010468
541 0.010484
542 0.010274
543 0.010276
544 0.010280
545 0.010283
546 0.010287
547 0.010293
548 0.010301
549 0.010307
550 0.010319
551 0.011240
552 0.011352
553 0.011033
554 0.010785
555 0.011208
556 0.011215
557 0.010437
558 0.010003
559 0.010003
560 0.010002
561 0.010002
562 0.010066
563 0.010047
564 0.010052
565 0.010054
566 0.010376
567 0.010438
568 0.010449
569 0.010463
570 0.010510
571 0.010452
572 0.010310
573 0.010293
574 0.010298
575 0.010304
576 0.010313
577 0.010318
578 0.010425
579 0.010749
580 0.011225
581 0.011402
582 0.011083
583 0.010954
584 0.011429
585 0.010003
586 0.010003
587 0.010003
588 0.010002
589 0.010002
590 0.010058
591 0.010039
592 0.010046
593 0.010051
594 0.010086
595 0.010086
596 0.010087
597 0.010603
598 0.010622
599 0.010639
600 0.010441
601 0.010454
602 0.010465
603 0.010309
604 0.010314
605 0.010314
606 0.010310
607 0.010300
608 0.010621
609 0.011194
610 0.011420
611 0.011031
612 0.010003
613 0.010003
614 0.010003
615 0.010003
616 0.010002
617 0.010002
618 0.010002
619 0.010016
620 0.010035
621 0.010080
622 0.010083
623 0.010290
624 0.010256
625 0.010293
626 0.010402
627 0.010231
628 0.010543
629 0.010404
630 0.010418
631 0.010431
632 0.010448
633 0.010342
634 0.010301
635 0.010293
636 0.010278
637 0.010426
638 0.011018
639 0.010003
640 0.010003
641 0.010003
642 0.011958
643 0.012115
644 0.010002
645 0.010002
646 0.010002
647 0.010002
648 0.010051
649 0.010221
650 0.010257
651 0.010362
652 0.010399
653 0.010222
654 0.010189
655 0.010190
656 0.010147
657 0.010009
658 0.010009
659 0.010372
660 0.010258
661 0.010278
662 0.010255
663 0.010266
664 0.010251
665 0.010197
666 0.010003
667 0.010003
668 0.010003
669 0.011957
670 0.011920
671 0.011997
672 0.010339
673 0.010002
674 0.010002
675 0.010002
676 0.010002
677 0.010002
678 0.010421
679 0.010221
680 0.010182
681 0.010139
682 0.010005
683 0.010007
684 0.010009
685 0.010008
686 0.010008
687 0.010008
688 0.010008
689 0.010007
690 0.010152
691 0.010176
692 0.010148
693 0.010003
694 0.010003
695 0.010003
696 0.011957
697 0.011957
698 0.011884
699 0.012018
700 0.010339
701 0.010339
702 0.010002
703 0.010002
704 0.010002
705 0.010002
706 0.010002
707 0.010002
708 0.010002
709 0.010002
710 0.010004
711 0.010006
712 0.010008
713 0.010008
714 0.010008
715 0.010008
716 0.010007
717 0.010006
718 0.010004
719 0.010003
720 0.010003
721 0.010003
722 0.010003
723 0.011948
724 0.011582
725 0.011917
726 0.011957
727 0.011957
728 0.010339
729 0.010339
730 0.010339
731 0.010339
732 0.010002
733 0.010002
734 0.010002
735 0.010002
736 0.010002
737 0.010002
738 0.010002
739 0.010005
740 0.010007
741 0.010008
742 0.010008
743 0.010008
744 0.010007
745 0.010005
746 0.010004
747 0.010003
748 0.010003
749 0.010003
750 0.011353
751 0.010570
752 0.010840
753 0.011418
754 0.011994
755 0.011957
756 0.010339
757 0.010339
758 0.010377
759 0.010376
760 0.010339
761 0.010002
762 0.010002
763 0.010002
764 0.010002
765 0.010002
766 0.010002
767 0.010004
768 0.010006
769 0.010007
770 0.010008
771 0.010007
772 0.010006
773 0.010004
774 0.010004
775 0.010003
776 0.010003
777 0.010476
778 0.010372
779 0.010378
780 0.010438
781 0.010521
782 0.011348
783 0.011957
