0 0.003332
1 0.003203
2 0.002779
3 0.002962
4 0.002580
5 0.002351
6 0.003702
7 0.015436
8 0.009411
9 0.002173
10 0.000425
11 0.000114
12 0.000073
13 0.000059
14 0.000051
15 0.000050
16 0.000040
17 0.000032
18 0.000125
19 0.000492
20 0.001102
21 0.001154
22 0.001405
23 0.001468
24 0.001327
25 0.001416
26 0.001775
27 0.001890
28 0.002899
29 0.003080
30 0.002663
31 0.002553
32 0.002447
33 0.002380
34 0.002316
35 0.003369
36 0.001995
37 0.001621
38 0.000899
39 0.000272
40 0.000078
41 0.000061
42 0.000042
43 0.000036
44 0.000029
45 0.000032
46 0.000053
47 0.000291
48 0.000898
49 0.001102
50 0.000000
51 0.000000
52 0.001298
53 0.001674
54 0.001608
55 0.001969
56 0.003080
57 0.002663
58 0.002553
59 0.002447
60 0.002250
61 0.001944
62 0.002030
63 0.000711
64 0.000339
65 0.000448
66 0.001627
67 0.000623
68 0.000157
69 0.000047
70 0.000033
71 0.000025
72 0.000025
73 0.000022
74 0.000027
75 0.000118
76 0.000000
77 0.000000
78 0.000000
79 0.000000
80 0.000000
81 0.001550
82 0.001954
83 0.001765
84 0.002962
85 0.002553
86 0.002188
87 0.001998
88 0.001910
89 0.001826
90 0.001717
91 0.000252
92 0.000062
93 0.000180
94 0.000682
95 0.001280
96 0.000420
97 0.000095
98 0.000037
99 0.000021
100 0.000020
101 0.000001
102 0.000000
103 0.000000
104 0.000000
105 0.000000
106 0.000000
107 0.000000
108 0.000000
109 0.001711
110 0.001765
111 0.002024
112 0.002553
113 0.002447
114 0.001998
115 0.001910
116 0.000000
117 0.000000
118 0.000000
119 0.000000
120 0.000000
121 0.000009
122 0.000240
123 0.000878
124 0.001149
125 0.000244
126 0.000045
127 0.000000
128 0.000000
129 0.000000
130 0.000000
131 0.000000
132 0.000000
133 0.000000
134 0.000000
135 0.000000
136 0.000001
137 0.001564
138 0.001840
139 0.002962
140 0.002447
141 0.002091
142 0.001910
143 0.001826
144 0.000000
145 0.000000
146 0.000000
147 0.000000
148 0.000000
149 0.000000
150 0.000000
151 0.000000
152 0.000002
153 0.000000
154 0.000000
155 0.000000
156 0.000000
157 0.000000
158 0.000000
159 0.000000
160 0.000000
161 0.000000
162 0.000000
163 0.000000
164 0.001772
165 0.001742
166 0.003286
167 0.006823
168 0.002091
169 0.001910
170 0.001826
171 0.001670
172 0.000000
173 0.000000
174 0.000000
175 0.000000
176 0.000000
177 0.000000
178 0.000000
179 0.000000
180 0.000000
181 0.000000
182 0.000000
183 0.000000
184 0.000000
185 0.000000
186 0.000000
187 0.000000
188 0.000000
189 0.000000
190 0.000000
191 0.000001
192 0.001847
193 0.003937
194 0.011913
195 0.039181
196 0.001910
197 0.001826
198 0.001538
199 0.001398
200 0.000093
201 0.000000
202 0.000000
203 0.000000
204 0.000000
205 0.000000
206 0.000000
207 0.000000
208 0.000000
209 0.000000
210 0.000000
211 0.000000
212 0.000000
213 0.000000
214 0.000000
215 0.000000
216 0.000000
217 0.000000
218 0.000000
219 0.000001
220 0.005312
221 0.018581
222 0.046681
223 0.044239
224 0.001826
225 0.001538
226 0.001398
227 0.001333
228 0.001054
229 0.000000
230 0.000000
231 0.000000
232 0.000000
233 0.000000
234 0.000000
235 0.000000
236 0.000000
237 0.000000
238 0.000000
239 0.000000
240 0.000000
241 0.000000
242 0.000000
243 0.000000
244 0.000000
245 0.000000
246 0.000000
247 0.000059
248 0.000562
249 0.001756
250 0.002455
251 0.002099
252 0.001746
253 0.001398
254 0.001333
255 0.000255
256 0.000008
257 0.000000
258 0.000000
259 0.000000
260 0.000000
261 0.000000
262 0.000000
263 0.000000
264 0.000000
265 0.000000
266 0.000000
267 0.000000
268 0.000001
269 0.000000
270 0.000000
271 0.000000
272 0.000000
273 0.000000
274 0.000000
275 0.000058
276 0.000096
277 0.000077
278 0.000060
279 0.000025
280 0.001398
281 0.000077
282 0.000014
283 0.000001
284 0.000001
285 0.000000
286 0.000000
287 0.000000
288 0.000000
289 0.000000
290 0.000000
291 0.000000
292 0.000000
293 0.000000
294 0.000000
295 0.000001
296 0.000001
297 0.000001
298 0.000000
299 0.000000
300 0.000000
301 0.000000
302 0.000000
303 0.000068
304 0.000027
305 0.000009
306 0.000005
307 0.000004
308 0.000017
309 0.000003
310 0.000001
311 0.000001
312 0.000000
313 0.000000
314 0.000000
315 0.000000
316 0.000000
317 0.000000
318 0.000000
319 0.000000
320 0.000000
321 0.000000
322 0.000001
323 0.000001
324 0.000001
325 0.000001
326 0.000001
327 0.000000
328 0.000000
329 0.000000
330 0.000001
331 0.000003
332 0.000005
333 0.000003
334 0.000004
335 0.000008
336 0.000001
337 0.000001
338 0.000001
339 0.000001
340 0.000000
341 0.000000
342 0.000000
343 0.000000
344 0.000000
345 0.000000
346 0.000000
347 0.000000
348 0.000000
349 0.000000
350 0.000001
351 0.000001
352 0.000001
353 0.000001
354 0.000001
355 0.000001
356 0.000000
357 0.000000
358 0.000000
359 0.000000
360 0.000002
361 0.000004
362 0.000018
363 0.000031
364 0.000001
365 0.000001
366 0.000001
367 0.000001
368 0.000000
369 0.000000
370 0.000000
371 0.000000
372 0.000000
373 0.000000
374 0.000000
375 0.000000
376 0.000000
377 0.000000
378 0.000001
379 0.000001
380 0.000001
381 0.000002
382 0.000002
383 0.000001
384 0.000000
385 0.000000
386 0.000000
387 0.000000
388 0.000004
389 0.000030
390 0.000049
391 0.000107
392 0.000003
393 0.000002
394 0.000001
395 0.000001
396 0.000000
397 0.000000
398 0.000000
399 0.000000
400 0.000000
401 0.000000
402 0.000000
403 0.000000
404 0.000000
405 0.000001
406 0.000001
407 0.000001
408 0.000001
409 0.000001
410 0.000003
411 0.000002
412 0.000001
413 0.000000
414 0.000000
415 0.000000
416 0.000003
417 0.000104
418 0.000200
419 0.000082
420 0.000006
421 0.000005
422 0.000002
423 0.000000
424 0.000000
425 0.000000
426 0.000000
427 0.000000
428 0.000000
429 0.000000
430 0.000000
431 0.000000
432 0.000001
433 0.000001
434 0.000001
435 0.000000
436 0.000000
437 0.000001
438 0.000001
439 0.000003
440 0.000004
441 0.000002
442 0.000000
443 0.000000
444 0.000002
445 0.000081
446 0.000067
447 0.000043
448 0.000009
449 0.000006
450 0.000005
451 0.000000
452 0.000000
453 0.000000
454 0.000000
455 0.000000
456 0.000000
457 0.000000
458 0.000001
459 0.000001
460 0.000001
461 0.000001
462 0.000000
463 0.000000
464 0.000000
465 0.000000
466 0.000001
467 0.000003
468 0.000130
469 0.000596
470 0.000003
471 0.000000
472 0.000001
473 0.000009
474 0.000017
475 0.000017
476 0.000012
477 0.000010
478 0.000003
479 0.000000
480 0.000000
481 0.000000
482 0.000000
483 0.000000
484 0.000001
485 0.000001
486 0.000002
487 0.000001
488 0.000001
489 0.000000
490 0.000000
491 0.000000
492 0.000000
493 0.000000
494 0.000001
495 0.000001
496 0.000062
497 0.999979
498 0.000012
499 0.000001
500 0.000000
501 0.000001
502 0.000016
503 0.000022
504 0.000018
505 0.000012
506 0.000001
507 0.000000
508 0.000000
509 0.000000
510 0.000000
511 0.000001
512 0.000011
513 0.000053
514 0.000005
515 0.000001
516 0.000000
517 0.000000
518 0.000000
519 0.000000
520 0.000000
521 0.000001
522 0.000001
523 0.000001
524 0.000001
525 0.000013
526 0.000144
527 0.000002
528 0.000000
529 0.000002
530 0.000119
531 0.000146
532 0.000017
533 0.000014
534 0.000001
535 0.000000
536 0.000000
537 0.000000
538 0.000001
539 0.000009
540 0.002051
541 0.999977
542 0.000005
543 0.000001
544 0.000000
545 0.000000
546 0.000000
547 0.000001
548 0.000001
549 0.000000
550 0.000000
551 0.000000
552 0.000000
553 0.000001
554 0.000016
555 0.000066
556 0.000012
557 0.000061
558 0.000940
559 0.000466
560 0.000024
561 0.000022
562 0.000001
563 0.000000
564 0.000000
565 0.000001
566 0.000006
567 0.001271
568 0.002069
569 0.000015
570 0.000002
571 0.000001
572 0.000001
573 0.000001
574 0.000001
575 0.000000
576 0.000000
577 0.000000
578 0.000000
579 0.000000
580 0.000000
581 0.000000
582 0.000003
583 0.000297
584 0.000540
585 0.010035
586 0.003908
587 0.001707
588 0.000034
589 0.000024
590 0.000002
591 0.000000
592 0.000001
593 0.000010
594 0.001056
595 0.000530
596 0.000007
597 0.000002
598 0.000001
599 0.000001
600 0.000001
601 0.000001
602 0.000001
603 0.000001
604 0.000000
605 0.000000
606 0.000000
607 0.000000
608 0.000000
609 0.000000
610 0.000001
611 0.000048
612 0.001186
613 0.003847
614 0.010035
615 0.007291
616 0.000041
617 0.000034
618 0.000024
619 0.000004
620 0.000176
621 0.003267
622 0.000143
623 0.000039
624 0.000001
625 0.000001
626 0.000001
627 0.000001
628 0.000000
629 0.000000
630 0.000001
631 0.000001
632 0.000001
633 0.000000
634 0.000000
635 0.000000
636 0.000000
637 0.000000
638 0.000003
639 0.000170
640 0.000445
641 0.001268
642 0.000001
643 0.000001
644 0.000045
645 0.000041
646 0.000038
647 0.000123
648 0.000397
649 0.000348
650 0.000022
651 0.000001
652 0.000001
653 0.000000
654 0.000001
655 0.000001
656 0.000001
657 0.000001
658 0.000000
659 0.000000
660 0.000001
661 0.000001
662 0.000001
663 0.000001
664 0.000000
665 0.000004
666 0.000112
667 0.000146
668 0.000191
669 0.000001
670 0.000000
671 0.000001
672 0.000000
673 0.000045
674 0.000142
675 0.000591
676 0.005826
677 0.010039
678 0.000024
679 0.000002
680 0.000001
681 0.000002
682 0.000008
683 0.000008
684 0.000001
685 0.000001
686 0.000001
687 0.000001
688 0.000001
689 0.000001
690 0.000019
691 0.000008
692 0.000018
693 0.000105
694 0.000119
695 0.000155
696 0.000000
697 0.000000
698 0.000000
699 0.000001
700 0.000000
701 0.000000
702 0.000655
703 0.003628
704 0.010037
705 0.003478
706 0.000352
707 0.000039
708 0.000019
709 0.000013
710 0.000009
711 0.000008
712 0.000002
713 0.000001
714 0.000001
715 0.000001
716 0.000001
717 0.000001
718 0.000076
719 0.000081
720 0.000086
721 0.000112
722 0.000146
723 0.000001
724 0.000001
725 0.000001
726 0.000000
727 0.000000
728 0.000000
729 0.000000
730 0.000001
731 0.000001
732 0.005954
733 0.000589
734 0.000087
735 0.000024
736 0.000022
737 0.000015
738 0.000013
739 0.000012
740 0.000008
741 0.000001
742 0.000001
743 0.000001
744 0.000001
745 0.000004
746 0.000081
747 0.000105
748 0.000112
749 0.000146
750 0.000000
751 0.000000
752 0.000000
753 0.000000
754 0.000001
755 0.000000
756 0.000000
757 0.000001
758 0.000004
759 0.000004
760 0.000001
761 0.000200
762 0.000037
763 0.000026
764 0.000024
765 0.000022
766 0.000020
767 0.000019
768 0.000012
769 0.000003
770 0.000001
771 0.000001
772 0.000001
773 0.000025
774 0.000081
775 0.000092
776 0.000119
777 0.000001
778 0.000047
779 0.000041
780 0.000004
781 0.000000
782 0.000000
783 0.000000
