0 0.002061
1 0.001951
2 0.001602
3 0.001750
4 0.001426
5 0.001155
6 0.001022
7 0.002242
8 0.000499
9 0.000119
10 0.000085
11 0.000104
12 0.000120
13 0.000051
14 0.000015
15 0.000012
16 0.000099
17 0.000414
18 0.001700
19 0.003689
20 0.004862
21 0.006593
22 0.006884
23 0.004641
24 0.002021
25 0.000985
26 0.000726
27 0.000767
28 0.001699
29 0.001847
30 0.001511
31 0.001426
32 0.001346
33 0.001200
34 0.000962
35 0.000574
36 0.000079
37 0.000033
38 0.000062
39 0.000074
40 0.000105
41 0.000093
42 0.000025
43 0.000048
44 0.000211
45 0.000465
46 0.000285
47 0.000916
48 0.005696
49 0.006676
50 0.000003
51 0.000002
52 0.000884
53 0.000640
54 0.000551
55 0.000720
56 0.001847
57 0.001511
58 0.001426
59 0.001346
60 0.001200
61 0.000961
62 0.000905
63 0.000142
64 0.000016
65 0.000011
66 0.000037
67 0.000062
68 0.000077
69 0.000106
70 0.000136
71 0.000300
72 0.000511
73 0.000206
74 0.000073
75 0.000382
76 0.000006
77 0.000006
78 0.000003
79 0.000002
80 0.000002
81 0.000482
82 0.000634
83 0.000551
84 0.001750
85 0.001426
86 0.001155
87 0.001021
88 0.000961
89 0.000905
90 0.000802
91 0.000039
92 0.000005
93 0.000006
94 0.000012
95 0.000036
96 0.000063
97 0.000138
98 0.001481
99 0.002466
100 0.000512
101 0.000037
102 0.000002
103 0.000003
104 0.000008
105 0.000004
106 0.000002
107 0.000002
108 0.000001
109 0.000450
110 0.000482
111 0.000634
112 0.001426
113 0.001346
114 0.001021
115 0.000961
116 0.000003
117 0.000002
118 0.000018
119 0.000009
120 0.000002
121 0.000003
122 0.000006
123 0.000013
124 0.000058
125 0.000493
126 0.011928
127 0.000633
128 0.000003
129 0.000002
130 0.000004
131 0.000008
132 0.000005
133 0.000003
134 0.000001
135 0.000001
136 0.000008
137 0.000339
138 0.000450
139 0.000610
140 0.001346
141 0.001086
142 0.000961
143 0.000905
144 0.000002
145 0.000002
146 0.000003
147 0.000004
148 0.000008
149 0.000013
150 0.000005
151 0.000003
152 0.000013
153 0.000059
154 0.000052
155 0.000006
156 0.000004
157 0.000005
158 0.000009
159 0.000008
160 0.000003
161 0.000001
162 0.000001
163 0.000001
164 0.000346
165 0.000316
166 0.000431
167 0.000461
168 0.001086
169 0.000961
170 0.000905
171 0.000802
172 0.000004
173 0.000002
174 0.000001
175 0.000001
176 0.000003
177 0.000007
178 0.000010
179 0.000011
180 0.000007
181 0.000003
182 0.000006
183 0.000008
184 0.000014
185 0.000024
186 0.000008
187 0.000003
188 0.000001
189 0.000001
190 0.000001
191 0.000002
192 0.000263
193 0.000282
194 0.000302
195 0.000488
196 0.000962
197 0.000905
198 0.000719
199 0.000633
200 0.000199
201 0.000003
202 0.000001
203 0.000001
204 0.000001
205 0.000001
206 0.000002
207 0.000005
208 0.000006
209 0.000013
210 0.000040
211 0.000288
212 0.991075
213 0.000016
214 0.000003
215 0.000001
216 0.000001
217 0.000001
218 0.000001
219 0.000008
220 0.000263
221 0.000282
222 0.000333
223 0.000437
224 0.002158
225 0.001013
226 0.000634
227 0.000595
228 0.000437
229 0.000005
230 0.000002
231 0.000001
232 0.000001
233 0.000001
234 0.000001
235 0.000002
236 0.000004
237 0.000015
238 0.000147
239 0.999501
240 0.000159
241 0.000011
242 0.000002
243 0.000002
244 0.000001
245 0.000001
246 0.000002
247 0.000227
248 0.000225
249 0.000221
250 0.000314
251 0.000322
252 0.005425
253 0.002330
254 0.001248
255 0.000339
256 0.000072
257 0.000005
258 0.000003
259 0.000001
260 0.000001
261 0.000001
262 0.000002
263 0.000003
264 0.000005
265 0.000005
266 0.000007
267 0.000007
268 0.000007
269 0.000003
270 0.000003
271 0.000002
272 0.000002
273 0.000002
274 0.000002
275 0.000142
276 0.000206
277 0.000204
278 0.000219
279 0.000282
280 0.010064
281 0.002833
282 0.000702
283 0.000110
284 0.000023
285 0.000002
286 0.000004
287 0.000002
288 0.000001
289 0.000002
290 0.000003
291 0.000004
292 0.000004
293 0.000003
294 0.000003
295 0.000002
296 0.000002
297 0.000002
298 0.000002
299 0.000002
300 0.000002
301 0.000002
302 0.000003
303 0.000132
304 0.000180
305 0.000191
306 0.000180
307 0.000242
308 0.001652
309 0.001137
310 0.000533
311 0.000090
312 0.000005
313 0.000003
314 0.000005
315 0.000004
316 0.000002
317 0.000002
318 0.000003
319 0.000004
320 0.000003
321 0.000002
322 0.000002
323 0.000002
324 0.000002
325 0.000002
326 0.000002
327 0.000002
328 0.000001
329 0.000002
330 0.000003
331 0.000014
332 0.000130
333 0.000157
334 0.000169
335 0.000246
336 0.000180
337 0.000173
338 0.000231
339 0.000514
340 0.000007
341 0.000003
342 0.000004
343 0.000006
344 0.000004
345 0.000003
346 0.000004
347 0.000003
348 0.000002
349 0.000002
350 0.000002
351 0.000002
352 0.000002
353 0.000002
354 0.000002
355 0.000002
356 0.000002
357 0.000002
358 0.000002
359 0.000003
360 0.000099
361 0.000115
362 0.000156
363 0.000168
364 0.000040
365 0.000080
366 0.000218
367 0.000775
368 0.000007
369 0.000004
370 0.000004
371 0.000010
372 0.000013
373 0.000005
374 0.000003
375 0.000002
376 0.000002
377 0.000002
378 0.000002
379 0.000002
380 0.000002
381 0.000002
382 0.000002
383 0.000002
384 0.000002
385 0.000002
386 0.000002
387 0.000002
388 0.000010
389 0.000069
390 0.000114
391 0.000167
392 0.000038
393 0.000054
394 0.000138
395 0.000035
396 0.000003
397 0.000003
398 0.000004
399 0.000017
400 0.000102
401 0.000016
402 0.000003
403 0.000002
404 0.000002
405 0.000002
406 0.000002
407 0.000002
408 0.000002
409 0.000002
410 0.000002
411 0.000002
412 0.000002
413 0.000003
414 0.000002
415 0.000002
416 0.000003
417 0.000021
418 0.000039
419 0.000069
420 0.000111
421 0.000130
422 0.000167
423 0.000004
424 0.000002
425 0.000002
426 0.000003
427 0.000023
428 0.999932
429 0.000040
430 0.000003
431 0.000002
432 0.000002
433 0.000002
434 0.000002
435 0.000002
436 0.000002
437 0.000002
438 0.000002
439 0.000002
440 0.000002
441 0.000003
442 0.000002
443 0.000002
444 0.000002
445 0.000008
446 0.000015
447 0.000026
448 0.000341
449 0.000184
450 0.000144
451 0.000003
452 0.000002
453 0.000002
454 0.000004
455 0.000013
456 0.000059
457 0.000017
458 0.000004
459 0.000002
460 0.000002
461 0.000002
462 0.000002
463 0.000002
464 0.000002
465 0.000002
466 0.000002
467 0.000002
468 0.000002
469 0.000003
470 0.000002
471 0.000002
472 0.000002
473 0.000003
474 0.000006
475 0.000017
476 0.001572
477 0.000697
478 0.000055
479 0.000002
480 0.000002
481 0.000003
482 0.000006
483 0.000007
484 0.000006
485 0.000005
486 0.000003
487 0.000002
488 0.000002
489 0.000002
490 0.000002
491 0.000002
492 0.000002
493 0.000002
494 0.000002
495 0.000002
496 0.000002
497 0.000003
498 0.000003
499 0.000002
500 0.000002
501 0.000002
502 0.000025
503 0.000065
504 0.010003
505 0.005356
506 0.000023
507 0.000002
508 0.000002
509 0.000005
510 0.000006
511 0.000004
512 0.000002
513 0.000003
514 0.000003
515 0.000002
516 0.000002
517 0.000002
518 0.000002
519 0.000002
520 0.000002
521 0.000002
522 0.000002
523 0.000002
524 0.000002
525 0.000002
526 0.000003
527 0.000002
528 0.000002
529 0.000003
530 0.000204
531 0.000779
532 0.010002
533 0.010001
534 0.000018
535 0.000002
536 0.000003
537 0.000006
538 0.000005
539 0.000002
540 0.000002
541 0.000002
542 0.000003
543 0.000002
544 0.000002
545 0.000002
546 0.000002
547 0.000002
548 0.000002
549 0.000002
550 0.000002
551 0.000002
552 0.000002
553 0.000002
554 0.000002
555 0.000002
556 0.000002
557 0.000007
558 0.000779
559 0.000813
560 0.010001
561 0.010001
562 0.000015
563 0.000002
564 0.000005
565 0.000005
566 0.000003
567 0.000002
568 0.000002
569 0.000002
570 0.000003
571 0.000002
572 0.000002
573 0.000002
574 0.000002
575 0.000002
576 0.000002
577 0.000002
578 0.000002
579 0.000002
580 0.000002
581 0.000002
582 0.000002
583 0.000002
584 0.000005
585 0.000779
586 0.000813
587 0.000969
588 0.010001
589 0.010001
590 0.000178
591 0.000004
592 0.000004
593 0.000003
594 0.000002
595 0.000002
596 0.000002
597 0.000002
598 0.000002
599 0.000003
600 0.000002
601 0.000002
602 0.000002
603 0.000002
604 0.000002
605 0.000002
606 0.000002
607 0.000002
608 0.000002
609 0.000002
610 0.000002
611 0.000007
612 0.000747
613 0.000779
614 0.000931
615 0.000969
616 0.010001
617 0.008515
618 0.003790
619 0.000084
620 0.000003
621 0.000002
622 0.000002
623 0.000002
624 0.000002
625 0.000002
626 0.000002
627 0.000003
628 0.000003
629 0.000002
630 0.000002
631 0.000002
632 0.000002
633 0.000002
634 0.000002
635 0.000002
636 0.000002
637 0.000002
638 0.000007
639 0.000747
640 0.000779
641 0.000931
642 0.000002
643 0.000002
644 0.008601
645 0.004668
646 0.002153
647 0.000983
648 0.000273
649 0.000003
650 0.000002
651 0.000002
652 0.000002
653 0.000002
654 0.000002
655 0.000004
656 0.000014
657 0.000046
658 0.000014
659 0.000002
660 0.000002
661 0.000002
662 0.000002
663 0.000002
664 0.000002
665 0.000011
666 0.000747
667 0.000895
668 0.000931
669 0.000002
670 0.000002
671 0.000002
672 0.000002
673 0.002295
674 0.001245
675 0.001029
676 0.001139
677 0.000937
678 0.000005
679 0.000003
680 0.000005
681 0.000021
682 0.000485
683 0.000463
684 0.000353
685 0.000130
686 0.000031
687 0.000011
688 0.000008
689 0.000045
690 0.000059
691 0.000028
692 0.000070
693 0.000717
694 0.000779
695 0.000931
696 0.000002
697 0.000002
698 0.000002
699 0.000002
700 0.000002
701 0.000002
702 0.001300
703 0.001243
704 0.001190
705 0.001139
706 0.000937
707 0.000894
708 0.000816
709 0.000663
710 0.000536
711 0.000486
712 0.000464
713 0.000306
714 0.000083
715 0.000026
716 0.000019
717 0.000082
718 0.000570
719 0.000596
720 0.000622
721 0.000747
722 0.000895
723 0.000002
724 0.000002
725 0.000002
726 0.000002
727 0.000002
728 0.000002
729 0.000002
730 0.000002
731 0.000002
732 0.001243
733 0.001189
734 0.000981
735 0.000937
736 0.000894
737 0.000731
738 0.000663
739 0.000633
740 0.000606
741 0.000464
742 0.000147
743 0.000053
744 0.000048
745 0.000191
746 0.000596
747 0.000717
748 0.000747
749 0.000895
750 0.000002
751 0.000002
752 0.000002
753 0.000002
754 0.000002
755 0.000002
756 0.000002
757 0.000002
758 0.000001
759 0.000001
760 0.000002
761 0.001242
762 0.001189
763 0.000981
764 0.000937
765 0.000894
766 0.000854
767 0.000816
768 0.000634
769 0.000607
770 0.000334
771 0.000113
772 0.000143
773 0.000437
774 0.000596
775 0.000650
776 0.000779
777 0.000002
778 0.000028
779 0.000018
780 0.000002
781 0.000003
782 0.000002
783 0.000002
