0 0.001898
1 0.001788
2 0.001441
3 0.001717
4 0.002389
5 0.003369
6 0.007563
7 0.008906
8 0.000132
9 0.000002
10 0.000001
11 0.000001
12 0.000001
13 0.000001
14 0.000001
15 0.000001
16 0.000001
17 0.000001
18 0.000002
19 0.000012
20 0.000045
21 0.000049
22 0.000075
23 0.000082
24 0.000066
25 0.000073
26 0.000109
27 0.000120
28 0.001537
29 0.001685
30 0.001351
31 0.001266
32 0.001486
33 0.002983
34 0.005648
35 0.002971
36 0.000038
37 0.000002
38 0.000001
39 0.000001
40 0.000001
41 0.000001
42 0.000001
43 0.000001
44 0.000001
45 0.000001
46 0.000001
47 0.000006
48 0.000030
49 0.000045
50 0.000123
51 0.000164
52 0.000060
53 0.000090
54 0.000073
55 0.000109
56 0.001685
57 0.001351
58 0.001266
59 0.001188
60 0.001051
61 0.001448
62 0.003091
63 0.000270
64 0.000012
65 0.000002
66 0.000002
67 0.000001
68 0.000001
69 0.000001
70 0.000001
71 0.000001
72 0.000001
73 0.000000
74 0.000001
75 0.000002
76 0.000080
77 0.000085
78 0.000099
79 0.000109
80 0.000164
81 0.000060
82 0.000090
83 0.000073
84 0.001587
85 0.001266
86 0.001002
87 0.000873
88 0.000815
89 0.000815
90 0.001403
91 0.000026
92 0.000003
93 0.000002
94 0.000002
95 0.000001
96 0.000001
97 0.000001
98 0.000000
99 0.000000
100 0.000000
101 0.000000
102 0.000000
103 0.000001
104 0.000017
105 0.000073
106 0.000089
107 0.000136
108 0.000135
109 0.000054
110 0.000060
111 0.000090
112 0.001266
113 0.001188
114 0.000873
115 0.000815
116 0.000000
117 0.000000
118 0.000000
119 0.000000
120 0.000000
121 0.000000
122 0.000002
123 0.000001
124 0.000001
125 0.000001
126 0.000000
127 0.000000
128 0.000001
129 0.000001
130 0.000000
131 0.000001
132 0.000004
133 0.000054
134 0.000072
135 0.000106
136 0.000098
137 0.000036
138 0.000054
139 0.000082
140 0.001188
141 0.000935
142 0.000815
143 0.000761
144 0.000000
145 0.000000
146 0.000000
147 0.000000
148 0.000000
149 0.000000
150 0.000000
151 0.000000
152 0.000000
153 0.000000
154 0.000001
155 0.000000
156 0.000000
157 0.000000
158 0.000000
159 0.000000
160 0.000001
161 0.000020
162 0.000070
163 0.000066
164 0.000037
165 0.000033
166 0.000049
167 0.000054
168 0.000935
169 0.000815
170 0.000761
171 0.000664
172 0.000000
173 0.000000
174 0.000000
175 0.000000
176 0.000000
177 0.000000
178 0.000000
179 0.000000
180 0.000000
181 0.000000
182 0.000000
183 0.000000
184 0.000000
185 0.000000
186 0.000000
187 0.000000
188 0.000001
189 0.000004
190 0.000055
191 0.000062
192 0.000025
193 0.000027
194 0.000030
195 0.000111
196 0.000815
197 0.000761
198 0.000586
199 0.000507
200 0.000000
201 0.000000
202 0.000000
203 0.000000
204 0.000000
205 0.000000
206 0.000000
207 0.000000
208 0.000000
209 0.000000
210 0.000000
211 0.000000
212 0.000000
213 0.000000
214 0.000000
215 0.000000
216 0.000000
217 0.000000
218 0.000000
219 0.000001
220 0.000025
221 0.000027
222 0.000081
223 0.000155
224 0.000761
225 0.000586
226 0.000507
227 0.000472
228 0.000330
229 0.000000
230 0.000000
231 0.000000
232 0.000000
233 0.000000
234 0.000000
235 0.000000
236 0.000000
237 0.000000
238 0.000000
239 0.000000
240 0.000000
241 0.000000
242 0.000000
243 0.000000
244 0.000000
245 0.000000
246 0.000000
247 0.000000
248 0.000000
249 0.000000
250 0.000001
251 0.000001
252 0.000711
253 0.000507
254 0.000472
255 0.000493
256 0.000452
257 0.000000
258 0.000000
259 0.000000
260 0.000000
261 0.000000
262 0.000000
263 0.000000
264 0.000000
265 0.000000
266 0.000000
267 0.000000
268 0.000000
269 0.000000
270 0.000000
271 0.000000
272 0.000000
273 0.000000
274 0.000000
275 0.000000
276 0.000000
277 0.000000
278 0.000000
279 0.000000
280 0.000507
281 0.000518
282 0.000634
283 0.000513
284 0.000516
285 0.000000
286 0.000000
287 0.000000
288 0.000000
289 0.000000
290 0.000000
291 0.000000
292 0.000000
293 0.000000
294 0.000000
295 0.000000
296 0.000000
297 0.000000
298 0.000000
299 0.000000
300 0.000000
301 0.000000
302 0.000000
303 0.000000
304 0.000000
305 0.000000
306 0.000000
307 0.000000
308 0.000872
309 0.000764
310 0.000543
311 0.000428
312 0.000006
313 0.000000
314 0.000000
315 0.000000
316 0.000000
317 0.000000
318 0.000000
319 0.000000
320 0.000000
321 0.000000
322 0.000000
323 0.000001
324 0.000001
325 0.000001
326 0.000000
327 0.000000
328 0.000000
329 0.000000
330 0.000000
331 0.000000
332 0.000000
333 0.000000
334 0.000000
335 0.000000
336 0.001110
337 0.000741
338 0.000622
339 0.000389
340 0.000001
341 0.000000
342 0.000000
343 0.000000
344 0.000000
345 0.000000
346 0.000000
347 0.000000
348 0.000000
349 0.000000
350 0.000001
351 0.000001
352 0.000001
353 0.000001
354 0.000001
355 0.000000
356 0.000000
357 0.000000
358 0.000000
359 0.000000
360 0.000000
361 0.000000
362 0.000000
363 0.000000
364 0.000955
365 0.000950
366 0.000801
367 0.000403
368 0.000000
369 0.000000
370 0.000000
371 0.000000
372 0.000000
373 0.000000
374 0.000000
375 0.000000
376 0.000000
377 0.000000
378 0.000000
379 0.000001
380 0.000001
381 0.000001
382 0.000001
383 0.000001
384 0.000000
385 0.000000
386 0.000000
387 0.000000
388 0.000000
389 0.000000
390 0.000000
391 0.000000
392 0.000553
393 0.000544
394 0.000526
395 0.000004
396 0.000000
397 0.000000
398 0.000000
399 0.000000
400 0.000000
401 0.000000
402 0.000000
403 0.000000
404 0.000000
405 0.000000
406 0.000000
407 0.000000
408 0.000001
409 0.000001
410 0.000001
411 0.000001
412 0.000001
413 0.000000
414 0.000000
415 0.000000
416 0.000000
417 0.000000
418 0.000000
419 0.000000
420 0.000419
421 0.000233
422 0.000275
423 0.000000
424 0.000000
425 0.000000
426 0.000000
427 0.000000
428 0.000000
429 0.000000
430 0.000000
431 0.000000
432 0.000000
433 0.000000
434 0.000000
435 0.000000
436 0.000000
437 0.000001
438 0.000002
439 0.000002
440 0.000001
441 0.000000
442 0.000000
443 0.000000
444 0.000000
445 0.000000
446 0.000001
447 0.000001
448 0.000417
449 0.000198
450 0.000163
451 0.000000
452 0.000000
453 0.000000
454 0.000000
455 0.000000
456 0.000000
457 0.000000
458 0.000000
459 0.000000
460 0.000000
461 0.000000
462 0.000000
463 0.000000
464 0.000000
465 0.000000
466 0.000001
467 0.000003
468 0.000004
469 0.000001
470 0.000000
471 0.000000
472 0.000000
473 0.000001
474 0.000001
475 0.000001
476 0.002212
477 0.000901
478 0.000016
479 0.000000
480 0.000000
481 0.000000
482 0.000000
483 0.000000
484 0.000000
485 0.000000
486 0.000000
487 0.000000
488 0.000000
489 0.000000
490 0.000000
491 0.000000
492 0.000000
493 0.000000
494 0.000000
495 0.000002
496 0.000028
497 0.000013
498 0.000002
499 0.000001
500 0.000000
501 0.000001
502 0.000001
503 0.000001
504 0.017547
505 0.008374
506 0.000003
507 0.000000
508 0.000000
509 0.000000
510 0.000000
511 0.000000
512 0.000000
513 0.000000
514 0.000000
515 0.000000
516 0.000000
517 0.000000
518 0.000000
519 0.000000
520 0.000000
521 0.000000
522 0.000000
523 0.000001
524 0.000009
525 0.999989
526 0.000014
527 0.000001
528 0.000000
529 0.000000
530 0.000001
531 0.000001
532 0.017550
533 0.017680
534 0.000002
535 0.000000
536 0.000000
537 0.000000
538 0.000000
539 0.000000
540 0.000000
541 0.000000
542 0.000000
543 0.000000
544 0.000000
545 0.000000
546 0.000000
547 0.000000
548 0.000000
549 0.000000
550 0.000000
551 0.000001
552 0.000001
553 0.000004
554 0.008919
555 0.000005
556 0.000000
557 0.000000
558 0.000001
559 0.000001
560 0.017014
561 0.017073
562 0.000002
563 0.000000
564 0.000000
565 0.000000
566 0.000000
567 0.000000
568 0.000000
569 0.000000
570 0.000000
571 0.000000
572 0.000000
573 0.000000
574 0.000000
575 0.000000
576 0.000000
577 0.000000
578 0.000000
579 0.000000
580 0.000000
581 0.000001
582 0.000002
583 0.000265
584 0.000010
585 0.000136
586 0.000010
587 0.000002
588 0.016529
589 0.016937
590 0.000032
591 0.000000
592 0.000000
593 0.000000
594 0.000000
595 0.000000
596 0.000000
597 0.000000
598 0.000000
599 0.000000
600 0.000000
601 0.000000
602 0.000000
603 0.000000
604 0.000000
605 0.000000
606 0.000000
607 0.000000
608 0.000000
609 0.000000
610 0.000001
611 0.000012
612 0.001536
613 0.003893
614 0.000313
615 0.000038
616 0.016303
617 0.016502
618 0.016931
619 0.000091
620 0.000001
621 0.000000
622 0.000000
623 0.000000
624 0.000000
625 0.000001
626 0.000001
627 0.000001
628 0.000001
629 0.000001
630 0.000000
631 0.000000
632 0.000000
633 0.000000
634 0.000000
635 0.000000
636 0.000000
637 0.000000
638 0.000000
639 0.000005
640 0.000065
641 0.001636
642 0.000000
643 0.000001
644 0.016195
645 0.016293
646 0.016387
647 0.016815
648 0.001667
649 0.000001
650 0.000000
651 0.000001
652 0.000001
653 0.000002
654 0.000001
655 0.000000
656 0.000000
657 0.000000
658 0.000000
659 0.000000
660 0.000000
661 0.000000
662 0.000000
663 0.000000
664 0.000000
665 0.000000
666 0.000001
667 0.000001
668 0.000006
669 0.000000
670 0.000001
671 0.000001
672 0.000000
673 0.016181
674 0.016283
675 0.016706
676 0.016498
677 0.016921
678 0.000004
679 0.000002
680 0.000010
681 0.000178
682 0.000029
683 0.000000
684 0.000000
685 0.000000
686 0.000000
687 0.000000
688 0.000000
689 0.000000
690 0.000000
691 0.000000
692 0.000000
693 0.000000
694 0.000001
695 0.000001
696 0.000000
697 0.000000
698 0.000000
699 0.000001
700 0.000000
701 0.000000
702 0.016180
703 0.016292
704 0.016386
705 0.016471
706 0.016857
707 0.016901
708 0.017104
709 0.017572
710 0.000586
711 0.000001
712 0.000000
713 0.000000
714 0.000000
715 0.000000
716 0.000000
717 0.000000
718 0.000000
719 0.000000
720 0.000000
721 0.000001
722 0.000001
723 0.000000
724 0.000001
725 0.000000
726 0.000000
727 0.000000
728 0.000000
729 0.000000
730 0.000000
731 0.000000
732 0.016273
733 0.016328
734 0.016704
735 0.016788
736 0.016921
737 0.017442
738 0.017807
739 0.000009
740 0.000000
741 0.000000
742 0.000000
743 0.000000
744 0.000000
745 0.000000
746 0.000000
747 0.000000
748 0.000001
749 0.000001
750 0.000000
751 0.000000
752 0.000000
753 0.000000
754 0.000000
755 0.000000
756 0.000000
757 0.000000
758 0.000001
759 0.000001
760 0.000000
761 0.016194
762 0.016255
763 0.016694
764 0.016857
765 0.017102
766 0.017378
767 0.000110
768 0.000001
769 0.000000
770 0.000000
771 0.000000
772 0.000000
773 0.000000
774 0.000000
775 0.000000
776 0.000001
777 0.000000
778 0.000000
779 0.000000
780 0.000000
781 0.000000
782 0.000000
783 0.000000
