0 0.006035
1 0.008995
2 0.010002
3 0.010002
4 0.007916
5 0.004361
6 0.002556
7 0.002200
8 0.000814
9 0.000295
10 0.000269
11 0.000279
12 0.000306
13 0.000260
14 0.000142
15 0.000073
16 0.000078
17 0.000111
18 0.000624
19 0.003326
20 0.006374
21 0.007836
22 0.005288
23 0.003847
24 0.002446
25 0.002622
26 0.002972
27 0.002972
28 0.003942
29 0.005817
30 0.007976
31 0.010002
32 0.010002
33 0.006819
34 0.003566
35 0.001527
36 0.000287
37 0.000126
38 0.000195
39 0.000228
40 0.000263
41 0.000336
42 0.000170
43 0.000079
44 0.000084
45 0.000166
46 0.000418
47 0.001803
48 0.008139
49 0.005746
50 0.000000
51 0.000000
52 0.002605
53 0.002972
54 0.002698
55 0.002987
56 0.003103
57 0.003695
58 0.005006
59 0.007857
60 0.010003
61 0.010002
62 0.005839
63 0.001260
64 0.000141
65 0.000066
66 0.000131
67 0.000195
68 0.000203
69 0.000248
70 0.000191
71 0.000134
72 0.000126
73 0.000214
74 0.000220
75 0.001179
76 0.000007
77 0.000000
78 0.000000
79 0.000000
80 0.000000
81 0.002698
82 0.002987
83 0.002712
84 0.002984
85 0.002574
86 0.003092
87 0.004689
88 0.007683
89 0.010003
90 0.010002
91 0.000969
92 0.000106
93 0.000041
94 0.000062
95 0.000109
96 0.000184
97 0.000240
98 0.000299
99 0.000314
100 0.000275
101 0.000078
102 0.000000
103 0.000000
104 0.000000
105 0.000000
106 0.000000
107 0.000000
108 0.000000
109 0.002712
110 0.002712
111 0.002987
112 0.002573
113 0.002467
114 0.002016
115 0.002781
116 0.000000
117 0.000000
118 0.000000
119 0.000000
120 0.000000
121 0.000017
122 0.000037
123 0.000063
124 0.000130
125 0.000186
126 0.000485
127 0.000051
128 0.000001
129 0.000000
130 0.000000
131 0.000000
132 0.000000
133 0.000000
134 0.000000
135 0.000000
136 0.001965
137 0.002464
138 0.002712
139 0.002775
140 0.002467
141 0.002109
142 0.001928
143 0.001843
144 0.000000
145 0.000000
146 0.000000
147 0.000000
148 0.000000
149 0.000000
150 0.000000
151 0.000000
152 0.000000
153 0.000001
154 0.000002
155 0.000000
156 0.000000
157 0.000000
158 0.000000
159 0.000000
160 0.000000
161 0.000000
162 0.000000
163 0.000000
164 0.002712
165 0.002464
166 0.002395
167 0.002155
168 0.002109
169 0.001928
170 0.001843
171 0.001686
172 0.000000
173 0.000000
174 0.000000
175 0.000000
176 0.000000
177 0.000000
178 0.000000
179 0.000000
180 0.000000
181 0.000000
182 0.000000
183 0.000000
184 0.000000
185 0.000000
186 0.000000
187 0.000000
188 0.000000
189 0.000000
190 0.000000
191 0.000143
192 0.002475
193 0.002163
194 0.001741
195 0.001845
196 0.001928
197 0.001843
198 0.001553
199 0.001412
200 0.000193
201 0.000000
202 0.000000
203 0.000000
204 0.000000
205 0.000000
206 0.000000
207 0.000000
208 0.000000
209 0.000000
210 0.000000
211 0.000000
212 0.000000
213 0.000000
214 0.000000
215 0.000000
216 0.000000
217 0.000000
218 0.000000
219 0.000827
220 0.002414
221 0.001838
222 0.001616
223 0.002326
224 0.001843
225 0.001553
226 0.001412
227 0.001346
228 0.001064
229 0.000000
230 0.000000
231 0.000000
232 0.000000
233 0.000000
234 0.000000
235 0.000000
236 0.000000
237 0.000000
238 0.000000
239 0.000000
240 0.000000
241 0.000000
242 0.000000
243 0.000000
244 0.000000
245 0.000000
246 0.000001
247 0.000109
248 0.000154
249 0.000243
250 0.000496
251 0.001157
252 0.001762
253 0.001412
254 0.001346
255 0.000778
256 0.000169
257 0.000001
258 0.000000
259 0.000000
260 0.000000
261 0.000000
262 0.000000
263 0.000003
264 0.000002
265 0.000001
266 0.000000
267 0.000000
268 0.000000
269 0.000000
270 0.000000
271 0.000000
272 0.000000
273 0.000000
274 0.000001
275 0.000016
276 0.000027
277 0.000057
278 0.000131
279 0.000343
280 0.001412
281 0.000498
282 0.000256
283 0.000086
284 0.000044
285 0.000000
286 0.000000
287 0.000000
288 0.000000
289 0.000000
290 0.000000
291 0.000038
292 0.999994
293 0.000065
294 0.000000
295 0.000000
296 0.000000
297 0.000000
298 0.000000
299 0.000000
300 0.000000
301 0.000000
302 0.000000
303 0.000033
304 0.000034
305 0.000078
306 0.000146
307 0.000166
308 0.000359
309 0.000149
310 0.000064
311 0.000028
312 0.000004
313 0.000000
314 0.000000
315 0.000000
316 0.000000
317 0.000000
318 0.000000
319 0.000005
320 0.000036
321 0.000043
322 0.000002
323 0.000000
324 0.000000
325 0.000000
326 0.000000
327 0.000000
328 0.000000
329 0.000000
330 0.000000
331 0.000007
332 0.000091
333 0.000129
334 0.000200
335 0.000206
336 0.000296
337 0.000122
338 0.000056
339 0.000024
340 0.000001
341 0.000000
342 0.000000
343 0.000000
344 0.000000
345 0.000000
346 0.000000
347 0.000000
348 0.000000
349 0.000001
350 0.000007
351 0.000001
352 0.000000
353 0.000000
354 0.000000
355 0.000000
356 0.000001
357 0.000000
358 0.000000
359 0.000002
360 0.000152
361 0.000147
362 0.000117
363 0.000086
364 0.000646
365 0.000355
366 0.000121
367 0.000069
368 0.000001
369 0.000000
370 0.000000
371 0.000000
372 0.000000
373 0.000000
374 0.000000
375 0.000000
376 0.000000
377 0.000000
378 0.000001
379 0.000001
380 0.000000
381 0.000000
382 0.000000
383 0.000006
384 0.000009
385 0.000002
386 0.000000
387 0.000001
388 0.000023
389 0.000068
390 0.000050
391 0.000032
392 0.000656
393 0.000482
394 0.000581
395 0.000115
396 0.000002
397 0.000000
398 0.000000
399 0.000000
400 0.000000
401 0.000000
402 0.000000
403 0.000000
404 0.000000
405 0.000000
406 0.000000
407 0.000001
408 0.000000
409 0.000000
410 0.000001
411 0.000013
412 0.999988
413 0.000033
414 0.000000
415 0.000000
416 0.000003
417 0.000025
418 0.000020
419 0.000023
420 0.003423
421 0.003766
422 0.002683
423 0.000217
424 0.000004
425 0.000001
426 0.000000
427 0.000001
428 0.000001
429 0.000000
430 0.000000
431 0.000000
432 0.000000
433 0.000000
434 0.000000
435 0.000000
436 0.000000
437 0.000000
438 0.000001
439 0.000155
440 0.007414
441 0.000098
442 0.000001
443 0.000000
444 0.000000
445 0.000052
446 0.000038
447 0.000027
448 0.007599
449 0.012820
450 0.034090
451 0.000240
452 0.000002
453 0.000001
454 0.000001
455 0.000001
456 0.000002
457 0.000001
458 0.000000
459 0.000000
460 0.000000
461 0.000000
462 0.000000
463 0.000000
464 0.000000
465 0.000000
466 0.000001
467 0.000087
468 0.000110
469 0.000202
470 0.000001
471 0.000000
472 0.000000
473 0.000045
474 0.000105
475 0.000099
476 0.008689
477 0.023588
478 0.007952
479 0.000040
480 0.000003
481 0.000003
482 0.000004
483 0.000007
484 0.000020
485 0.000044
486 0.000007
487 0.000001
488 0.000000
489 0.000000
490 0.000000
491 0.000000
492 0.000000
493 0.000000
494 0.000000
495 0.000001
496 0.000003
497 0.000008
498 0.000011
499 0.000000
500 0.000000
501 0.000031
502 0.000949
503 0.000956
504 0.010004
505 0.007148
506 0.000353
507 0.000008
508 0.000001
509 0.000002
510 0.000004
511 0.000234
512 0.003851
513 0.999993
514 0.000613
515 0.000001
516 0.000000
517 0.000000
518 0.000000
519 0.000000
520 0.000000
521 0.000000
522 0.000000
523 0.000000
524 0.000000
525 0.000003
526 0.000032
527 0.000003
528 0.000001
529 0.000040
530 0.005314
531 0.009998
532 0.010004
533 0.010004
534 0.000190
535 0.000001
536 0.000000
537 0.000001
538 0.000066
539 0.001101
540 0.086968
541 0.003803
542 0.000254
543 0.000003
544 0.000000
545 0.000000
546 0.000000
547 0.000000
548 0.000000
549 0.000000
550 0.000000
551 0.000000
552 0.000000
553 0.000002
554 0.000042
555 0.000410
556 0.000023
557 0.000208
558 0.010001
559 0.010000
560 0.010003
561 0.008189
562 0.000078
563 0.000001
564 0.000001
565 0.000017
566 0.000321
567 0.033855
568 0.004234
569 0.000219
570 0.000012
571 0.000000
572 0.000000
573 0.000000
574 0.000000
575 0.000000
576 0.000000
577 0.000000
578 0.000000
579 0.000000
580 0.000000
581 0.000001
582 0.000016
583 0.000329
584 0.000284
585 0.010005
586 0.010003
587 0.010001
588 0.007838
589 0.003676
590 0.000207
591 0.000003
592 0.000008
593 0.000367
594 0.012906
595 0.001584
596 0.000311
597 0.000003
598 0.000000
599 0.000000
600 0.000000
601 0.000000
602 0.000000
603 0.000000
604 0.000000
605 0.000000
606 0.000000
607 0.000000
608 0.000000
609 0.000000
610 0.000002
611 0.000223
612 0.008155
613 0.010005
614 0.010004
615 0.010003
616 0.003650
617 0.001971
618 0.001216
619 0.000542
620 0.000764
621 0.001311
622 0.000131
623 0.000052
624 0.000002
625 0.000001
626 0.000000
627 0.000000
628 0.000000
629 0.000000
630 0.000000
631 0.000000
632 0.000000
633 0.000000
634 0.000000
635 0.000000
636 0.000000
637 0.000000
638 0.000018
639 0.001757
640 0.003796
641 0.008213
642 0.000000
643 0.000000
644 0.002086
645 0.001311
646 0.002553
647 0.004594
648 0.015007
649 0.000259
650 0.000007
651 0.000001
652 0.000001
653 0.000001
654 0.000002
655 0.000012
656 0.000014
657 0.000010
658 0.000003
659 0.000002
660 0.000003
661 0.000002
662 0.000001
663 0.000001
664 0.000001
665 0.000016
666 0.000432
667 0.000892
668 0.001862
669 0.000000
670 0.000000
671 0.000000
672 0.000000
673 0.002675
674 0.004745
675 0.008695
676 0.010003
677 0.006119
678 0.000075
679 0.000020
680 0.000027
681 0.000089
682 0.000503
683 0.000479
684 0.000175
685 0.000033
686 0.000010
687 0.000027
688 0.000157
689 0.000266
690 0.000054
691 0.000032
692 0.000072
693 0.000407
694 0.000450
695 0.000562
696 0.000000
697 0.000000
698 0.000000
699 0.000000
700 0.000000
701 0.000000
702 0.008661
703 0.010003
704 0.007294
705 0.003308
706 0.001498
707 0.000914
708 0.000835
709 0.000682
710 0.000555
711 0.000503
712 0.000479
713 0.000086
714 0.000053
715 0.000082
716 0.000223
717 0.000235
718 0.000310
719 0.000327
720 0.000344
721 0.000428
722 0.000531
723 0.000000
724 0.000000
725 0.000000
726 0.000000
727 0.000000
728 0.000000
729 0.000000
730 0.000000
731 0.000000
732 0.004014
733 0.001867
734 0.001001
735 0.000956
736 0.000914
737 0.000750
738 0.000682
739 0.000651
740 0.000621
741 0.000243
742 0.000174
743 0.000263
744 0.000280
745 0.000295
746 0.000327
747 0.000407
748 0.000428
749 0.000531
750 0.000000
751 0.000000
752 0.000000
753 0.000000
754 0.000000
755 0.000000
756 0.000000
757 0.000000
758 0.000001
759 0.000000
760 0.000000
761 0.001261
762 0.001208
763 0.001001
764 0.000956
765 0.000914
766 0.000874
767 0.000836
768 0.000653
769 0.001028
770 0.000706
771 0.000697
772 0.000295
773 0.000369
774 0.000327
775 0.000362
776 0.000450
777 0.000003
778 0.000066
779 0.000065
780 0.000011
781 0.000000
782 0.000000
783 0.000000
