0 0.010031
1 0.010032
2 0.010037
3 0.010035
4 0.010040
5 0.010045
6 0.010048
7 0.010050
8 0.010101
9 0.010123
10 0.010127
11 0.010133
12 0.010134
13 0.010139
14 0.010141
15 0.010146
16 0.010149
17 0.010155
18 0.010124
19 0.010053
20 0.010011
21 0.010011
22 0.010010
23 0.010010
24 0.010010
25 0.010010
26 0.010009
27 0.010009
28 0.010035
29 0.010033
30 0.010038
31 0.010040
32 0.010041
33 0.010044
34 0.010050
35 0.010075
36 0.010119
37 0.010133
38 0.010136
39 0.010136
40 0.010141
41 0.010141
42 0.010144
43 0.010150
44 0.010155
45 0.010156
46 0.010147
47 0.010094
48 0.010012
49 0.010011
50 0.010050
51 0.010245
52 0.010010
53 0.010009
54 0.010010
55 0.010009
56 0.010033
57 0.010038
58 0.010039
59 0.010041
60 0.010044
61 0.010049
62 0.010051
63 0.010098
64 0.010127
65 0.010138
66 0.010137
67 0.010143
68 0.010149
69 0.010149
70 0.010151
71 0.010155
72 0.010157
73 0.010160
74 0.010160
75 0.010125
76 0.010042
77 0.010123
78 0.010281
79 0.010245
80 0.010245
81 0.010010
82 0.010009
83 0.010010
84 0.010035
85 0.010040
86 0.010044
87 0.010047
88 0.010049
89 0.010050
90 0.010053
91 0.010116
92 0.010139
93 0.010143
94 0.010145
95 0.010147
96 0.010151
97 0.010150
98 0.010153
99 0.010158
100 0.010159
101 0.010179
102 0.010205
103 0.010210
104 0.010231
105 0.010204
106 0.010333
107 0.010412
108 0.010192
109 0.010010
110 0.010010
111 0.010009
112 0.010040
113 0.010041
114 0.010047
115 0.010049
116 0.010054
117 0.010057
118 0.010086
119 0.010127
120 0.010147
121 0.010147
122 0.010148
123 0.010149
124 0.010152
125 0.010154
126 0.010159
127 0.010186
128 0.010199
129 0.010214
130 0.010257
131 0.010283
132 0.010292
133 0.010255
134 0.010358
135 0.010265
136 0.010192
137 0.010011
138 0.010010
139 0.010010
140 0.010041
141 0.010046
142 0.010049
143 0.010050
144 0.010057
145 0.010058
146 0.010110
147 0.010139
148 0.010150
149 0.010153
150 0.010154
151 0.010155
152 0.010156
153 0.010184
154 0.010198
155 0.010210
156 0.010249
157 0.010260
158 0.010288
159 0.010317
160 0.010367
161 0.010270
162 0.010269
163 0.010192
164 0.010011
165 0.010011
166 0.010011
167 0.010011
168 0.010047
169 0.010049
170 0.010051
171 0.010053
172 0.010058
173 0.010061
174 0.010127
175 0.010145
176 0.010154
177 0.010153
178 0.010170
179 0.010183
180 0.010196
181 0.010205
182 0.010217
183 0.010251
184 0.010283
185 0.010284
186 0.010315
187 0.010366
188 0.010334
189 0.010282
190 0.010195
191 0.010192
192 0.010012
193 0.010012
194 0.010012
195 0.010011
196 0.010050
197 0.010051
198 0.010056
199 0.010059
200 0.010064
201 0.010067
202 0.010140
203 0.010157
204 0.010176
205 0.010184
206 0.010191
207 0.010201
208 0.010210
209 0.010217
210 0.010224
211 0.010280
212 0.010282
213 0.010313
214 0.010318
215 0.010347
216 0.010321
217 0.010362
218 0.010194
219 0.010196
220 0.010012
221 0.010012
222 0.010012
223 0.010214
224 0.010051
225 0.010056
226 0.010059
227 0.010060
228 0.010067
229 0.010122
230 0.010173
231 0.010187
232 0.010191
233 0.010196
234 0.010203
235 0.010207
236 0.010212
237 0.010216
238 0.010221
239 0.010226
240 0.010285
241 0.010316
242 0.010345
243 0.010325
244 0.010304
245 0.010357
246 0.010308
247 0.010013
248 0.010013
249 0.010083
250 0.010497
251 0.010624
252 0.010053
253 0.010059
254 0.010061
255 0.010079
256 0.010102
257 0.010166
258 0.010189
259 0.010196
260 0.010202
261 0.010203
262 0.010204
263 0.010208
264 0.010210
265 0.010218
266 0.010220
267 0.010225
268 0.010232
269 0.010345
270 0.010321
271 0.010301
272 0.010257
273 0.010371
274 0.010340
275 0.010014
276 0.010215
277 0.010573
278 0.010573
279 0.010575
280 0.010060
281 0.010088
282 0.010094
283 0.010109
284 0.010115
285 0.010185
286 0.010201
287 0.010203
288 0.010204
289 0.010206
290 0.010207
291 0.010210
292 0.010213
293 0.010215
294 0.010220
295 0.010225
296 0.010229
297 0.010237
298 0.010325
299 0.010251
300 0.010260
301 0.010388
302 0.010363
303 0.010493
304 0.010573
305 0.010573
306 0.010573
307 0.010223
308 0.010092
309 0.010101
310 0.010113
311 0.010122
312 0.010211
313 0.010196
314 0.010206
315 0.010205
316 0.010205
317 0.010207
318 0.010210
319 0.010210
320 0.010212
321 0.010216
322 0.010221
323 0.010226
324 0.010233
325 0.010237
326 0.010245
327 0.010253
328 0.010387
329 0.010603
330 0.010762
331 0.010709
332 0.010571
333 0.010498
334 0.010088
335 0.010013
336 0.010109
337 0.010114
338 0.010117
339 0.010125
340 0.010221
341 0.010239
342 0.010209
343 0.010210
344 0.010210
345 0.010210
346 0.010212
347 0.010213
348 0.010217
349 0.010219
350 0.010223
351 0.010226
352 0.010232
353 0.010239
354 0.010246
355 0.010255
356 0.010878
357 0.010969
358 0.010777
359 0.010741
360 0.010223
361 0.010015
362 0.010015
363 0.010014
364 0.010113
365 0.010115
366 0.010118
367 0.010125
368 0.010231
369 0.010247
370 0.010212
371 0.010215
372 0.010213
373 0.010214
374 0.010216
375 0.010216
376 0.010219
377 0.010222
378 0.010226
379 0.010228
380 0.010236
381 0.010239
382 0.010446
383 0.010729
384 0.010899
385 0.010975
386 0.010728
387 0.010204
388 0.010102
389 0.010016
390 0.010016
391 0.010014
392 0.010117
393 0.010121
394 0.010125
395 0.010215
396 0.010242
397 0.010220
398 0.010218
399 0.010217
400 0.010218
401 0.010219
402 0.010218
403 0.010221
404 0.010223
405 0.010224
406 0.010227
407 0.010233
408 0.010238
409 0.010536
410 0.010614
411 0.010730
412 0.010762
413 0.010564
414 0.010252
415 0.010236
416 0.010170
417 0.010016
418 0.010016
419 0.010016
420 0.010116
421 0.010126
422 0.010130
423 0.010226
424 0.010249
425 0.010225
426 0.010224
427 0.010222
428 0.010222
429 0.010224
430 0.010224
431 0.010223
432 0.010226
433 0.010227
434 0.010232
435 0.010237
436 0.010333
437 0.010539
438 0.010547
439 0.010622
440 0.010263
441 0.010251
442 0.010262
443 0.010465
444 0.010205
445 0.010017
446 0.010017
447 0.010016
448 0.010168
449 0.010153
450 0.010132
451 0.010234
452 0.010256
453 0.010228
454 0.010230
455 0.010229
456 0.010228
457 0.010227
458 0.010227
459 0.010230
460 0.010233
461 0.010233
462 0.010267
463 0.010270
464 0.010275
465 0.010344
466 0.010325
467 0.010267
468 0.010263
469 0.010262
470 0.010911
471 0.010471
472 0.010289
473 0.010113
474 0.010018
475 0.010016
476 0.010132
477 0.010154
478 0.010251
479 0.010290
480 0.010228
481 0.010230
482 0.010233
483 0.010268
484 0.010235
485 0.010234
486 0.010232
487 0.010236
488 0.010236
489 0.010240
490 0.010244
491 0.010247
492 0.010282
493 0.010260
494 0.010270
495 0.010268
496 0.010268
497 0.010966
498 0.011058
499 0.010793
500 0.010455
501 0.010169
502 0.010013
503 0.010010
504 0.010006
505 0.010088
506 0.010233
507 0.010277
508 0.010265
509 0.010272
510 0.010314
511 0.010271
512 0.010274
513 0.010240
514 0.010241
515 0.010242
516 0.010243
517 0.010247
518 0.010251
519 0.010255
520 0.010262
521 0.010267
522 0.010272
523 0.010275
524 0.010717
525 0.010870
526 0.010996
527 0.010908
528 0.010516
529 0.010175
530 0.010006
531 0.010000
532 0.010007
533 0.010007
534 0.010077
535 0.010100
536 0.010227
537 0.010252
538 0.010296
539 0.010306
540 0.010281
541 0.010292
542 0.010246
543 0.010249
544 0.010251
545 0.010254
546 0.010257
547 0.010262
548 0.010269
549 0.010275
550 0.010282
551 0.010583
552 0.010829
553 0.010825
554 0.010979
555 0.011049
556 0.010830
557 0.010291
558 0.010000
559 0.010000
560 0.010006
561 0.010006
562 0.010077
563 0.010063
564 0.010068
565 0.010104
566 0.010234
567 0.010279
568 0.010262
569 0.010273
570 0.010283
571 0.010293
572 0.010281
573 0.010262
574 0.010265
575 0.010271
576 0.010277
577 0.010280
578 0.010277
579 0.010376
580 0.010559
581 0.010808
582 0.010917
583 0.011058
584 0.011083
585 0.010000
586 0.010000
587 0.010000
588 0.010006
589 0.010006
590 0.010027
591 0.010053
592 0.010096
593 0.010101
594 0.010103
595 0.010070
596 0.010072
597 0.010260
598 0.010289
599 0.010306
600 0.010284
601 0.010296
602 0.010306
603 0.010272
604 0.010274
605 0.010273
606 0.010262
607 0.010223
608 0.010272
609 0.010493
610 0.010789
611 0.010926
612 0.010000
613 0.010000
614 0.010000
615 0.010000
616 0.010005
617 0.010005
618 0.010006
619 0.010065
620 0.010085
621 0.010094
622 0.010065
623 0.010103
624 0.010103
625 0.010105
626 0.010106
627 0.010066
628 0.010228
629 0.010246
630 0.010261
631 0.010270
632 0.010277
633 0.010291
634 0.010243
635 0.010215
636 0.010199
637 0.010176
638 0.010376
639 0.010000
640 0.010000
641 0.010000
642 0.011292
643 0.011425
644 0.010005
645 0.010005
646 0.010005
647 0.010006
648 0.010057
649 0.010083
650 0.010093
651 0.010099
652 0.010098
653 0.010058
654 0.010049
655 0.010040
656 0.010028
657 0.010009
658 0.010010
659 0.010172
660 0.010211
661 0.010184
662 0.010195
663 0.010185
664 0.010168
665 0.010101
666 0.010000
667 0.010000
668 0.010000
669 0.011292
670 0.011305
671 0.011422
672 0.010394
673 0.010005
674 0.010005
675 0.010006
676 0.010005
677 0.010006
678 0.010076
679 0.010040
680 0.010036
681 0.010026
682 0.010007
683 0.010008
684 0.010008
685 0.010009
686 0.010009
687 0.010010
688 0.010010
689 0.010007
690 0.010052
691 0.010075
692 0.010050
693 0.010000
694 0.010000
695 0.010000
696 0.011292
697 0.011292
698 0.011283
699 0.011365
700 0.010393
701 0.010394
702 0.010005
703 0.010005
704 0.010005
705 0.010005
706 0.010006
707 0.010006
708 0.010006
709 0.010007
710 0.010007
711 0.010008
712 0.010008
713 0.010008
714 0.010009
715 0.010009
716 0.010009
717 0.010005
718 0.010000
719 0.010000
720 0.010000
721 0.010000
722 0.010000
723 0.011302
724 0.011097
725 0.011262
726 0.011292
727 0.011292
728 0.010393
729 0.010393
730 0.010394
731 0.010394
732 0.010005
733 0.010005
734 0.010006
735 0.010006
736 0.010006
737 0.010007
738 0.010007
739 0.010007
740 0.010007
741 0.010008
742 0.010009
743 0.010009
744 0.010007
745 0.010003
746 0.010000
747 0.010000
748 0.010000
749 0.010000
750 0.010724
751 0.010387
752 0.010448
753 0.010820
754 0.011330
755 0.011292
756 0.010393
757 0.010393
758 0.010532
759 0.010529
760 0.010394
761 0.010005
762 0.010005
763 0.010006
764 0.010006
765 0.010006
766 0.010006
767 0.010007
768 0.010007
769 0.010007
770 0.010008
771 0.010008
772 0.010006
773 0.010001
774 0.010000
775 0.010000
776 0.010000
777 0.010285
778 0.010141
779 0.010151
780 0.010239
781 0.010338
782 0.010802
783 0.011292
