0 0.002536
1 0.002414
2 0.002021
3 0.002189
4 0.001819
5 0.001500
6 0.001340
7 0.001267
8 0.000278
9 0.000050
10 0.000035
11 0.000030
12 0.000031
13 0.000029
14 0.000027
15 0.000029
16 0.000040
17 0.000123
18 0.001568
19 0.011533
20 0.008276
21 0.002862
22 0.001510
23 0.001475
24 0.001327
25 0.001391
26 0.001680
27 0.001757
28 0.002132
29 0.002299
30 0.001917
31 0.001819
32 0.001725
33 0.001553
34 0.001267
35 0.000825
36 0.000101
37 0.000024
38 0.000021
39 0.000022
40 0.000021
41 0.000025
42 0.000026
43 0.000030
44 0.000068
45 0.000269
46 0.000941
47 0.002234
48 0.003207
49 0.001330
50 0.000000
51 0.000000
52 0.001263
53 0.001536
54 0.001390
55 0.001680
56 0.002299
57 0.001917
58 0.001819
59 0.001725
60 0.001553
61 0.001267
62 0.001198
63 0.000346
64 0.000048
65 0.000014
66 0.000019
67 0.000015
68 0.000012
69 0.000016
70 0.000020
71 0.000039
72 0.000186
73 0.000435
74 0.000245
75 0.000401
76 0.000000
77 0.000000
78 0.000000
79 0.000000
80 0.000000
81 0.001262
82 0.001536
83 0.001390
84 0.002189
85 0.001819
86 0.001500
87 0.001340
88 0.001267
89 0.001198
90 0.001071
91 0.000128
92 0.000017
93 0.000011
94 0.000010
95 0.000010
96 0.000010
97 0.000019
98 0.000026
99 0.000103
100 0.000344
101 0.000055
102 0.000000
103 0.000000
104 0.000000
105 0.000000
106 0.000000
107 0.000000
108 0.000000
109 0.001203
110 0.001262
111 0.001536
112 0.001819
113 0.001725
114 0.001340
115 0.001267
116 0.000000
117 0.000000
118 0.000000
119 0.000000
120 0.000000
121 0.000001
122 0.000008
123 0.000008
124 0.000015
125 0.000020
126 0.000065
127 0.000002
128 0.000000
129 0.000000
130 0.000000
131 0.000000
132 0.000000
133 0.000000
134 0.000000
135 0.000000
136 0.000006
137 0.000981
138 0.001203
139 0.001469
140 0.001725
141 0.001418
142 0.001267
143 0.001198
144 0.000000
145 0.000000
146 0.000000
147 0.000000
148 0.000000
149 0.000000
150 0.000000
151 0.000000
152 0.000000
153 0.000000
154 0.000000
155 0.000000
156 0.000000
157 0.000000
158 0.000000
159 0.000000
160 0.000000
161 0.000000
162 0.000000
163 0.000000
164 0.000995
165 0.000932
166 0.001147
167 0.001203
168 0.001418
169 0.001267
170 0.001198
171 0.001072
172 0.000000
173 0.000000
174 0.000000
175 0.000000
176 0.000000
177 0.000000
178 0.000000
179 0.000000
180 0.000000
181 0.000000
182 0.000000
183 0.000000
184 0.000000
185 0.000000
186 0.000000
187 0.000000
188 0.000000
189 0.000000
190 0.000000
191 0.000004
192 0.000801
193 0.000842
194 0.000886
195 0.001275
196 0.001520
197 0.001198
198 0.000967
199 0.000859
200 0.000000
201 0.000000
202 0.000000
203 0.000000
204 0.000000
205 0.000000
206 0.000000
207 0.000000
208 0.000000
209 0.000000
210 0.000000
211 0.000000
212 0.000000
213 0.000000
214 0.000000
215 0.000000
216 0.000000
217 0.000000
218 0.000000
219 0.000001
220 0.000801
221 0.000846
222 0.000973
223 0.001205
224 0.002022
225 0.001364
226 0.001001
227 0.000810
228 0.000604
229 0.000000
230 0.000000
231 0.000000
232 0.000000
233 0.000000
234 0.000000
235 0.000000
236 0.000000
237 0.000000
238 0.000000
239 0.000000
240 0.000000
241 0.000000
242 0.000000
243 0.000000
244 0.000000
245 0.000000
246 0.000000
247 0.000001
248 0.000003
249 0.000006
250 0.000020
251 0.000055
252 0.002823
253 0.001867
254 0.001430
255 0.000413
256 0.000023
257 0.000000
258 0.000000
259 0.000000
260 0.000000
261 0.000000
262 0.000000
263 0.000000
264 0.000000
265 0.000000
266 0.000000
267 0.000000
268 0.000000
269 0.000000
270 0.000000
271 0.000000
272 0.000000
273 0.000000
274 0.000000
275 0.000000
276 0.000000
277 0.000001
278 0.000001
279 0.000002
280 0.002570
281 0.000470
282 0.000121
283 0.000013
284 0.000003
285 0.000000
286 0.000000
287 0.000000
288 0.000000
289 0.000000
290 0.000000
291 0.000000
292 0.000000
293 0.000000
294 0.000000
295 0.000000
296 0.000000
297 0.000000
298 0.000000
299 0.000000
300 0.000000
301 0.000000
302 0.000000
303 0.000000
304 0.000000
305 0.000001
306 0.000001
307 0.000001
308 0.000139
309 0.000041
310 0.000014
311 0.000004
312 0.000000
313 0.000000
314 0.000000
315 0.000000
316 0.000000
317 0.000000
318 0.000001
319 0.000000
320 0.000000
321 0.000000
322 0.000000
323 0.000000
324 0.000000
325 0.000000
326 0.000000
327 0.000000
328 0.000000
329 0.000000
330 0.000000
331 0.000000
332 0.000001
333 0.000001
334 0.000001
335 0.000001
336 0.000024
337 0.000011
338 0.000007
339 0.000004
340 0.000000
341 0.000000
342 0.000000
343 0.000000
344 0.000000
345 0.000001
346 0.000001
347 0.000001
348 0.000000
349 0.000000
350 0.000000
351 0.000000
352 0.000000
353 0.000000
354 0.000000
355 0.000000
356 0.000000
357 0.000000
358 0.000000
359 0.000000
360 0.000000
361 0.000001
362 0.000001
363 0.000001
364 0.000015
365 0.000014
366 0.000007
367 0.000004
368 0.000000
369 0.000000
370 0.000000
371 0.000000
372 0.000000
373 0.000001
374 0.000001
375 0.000001
376 0.000000
377 0.000000
378 0.000000
379 0.000000
380 0.000000
381 0.000000
382 0.000000
383 0.000000
384 0.000000
385 0.000000
386 0.000000
387 0.000000
388 0.000000
389 0.000001
390 0.000001
391 0.000001
392 0.000026
393 0.000009
394 0.000004
395 0.000001
396 0.000000
397 0.000000
398 0.000000
399 0.000001
400 0.000001
401 0.000001
402 0.000001
403 0.000001
404 0.000000
405 0.000000
406 0.000000
407 0.000000
408 0.000000
409 0.000000
410 0.000000
411 0.000000
412 0.000000
413 0.000000
414 0.000000
415 0.000000
416 0.000000
417 0.000001
418 0.000001
419 0.000002
420 0.000038
421 0.000019
422 0.000010
423 0.000000
424 0.000000
425 0.000000
426 0.000000
427 0.000002
428 0.000003
429 0.000002
430 0.000001
431 0.000000
432 0.000000
433 0.000000
434 0.000000
435 0.000000
436 0.000000
437 0.000000
438 0.000000
439 0.000000
440 0.000000
441 0.000000
442 0.000000
443 0.000000
444 0.000000
445 0.000002
446 0.000003
447 0.000004
448 0.000069
449 0.000050
450 0.000030
451 0.000000
452 0.000000
453 0.000000
454 0.000003
455 0.000078
456 0.000003
457 0.000001
458 0.000000
459 0.000000
460 0.000000
461 0.000000
462 0.000000
463 0.000000
464 0.000000
465 0.000000
466 0.000000
467 0.000000
468 0.000000
469 0.000000
470 0.000000
471 0.000000
472 0.000000
473 0.000001
474 0.000004
475 0.000007
476 0.000080
477 0.000069
478 0.000015
479 0.000000
480 0.000000
481 0.000002
482 0.000878
483 0.011149
484 0.000001
485 0.000000
486 0.000000
487 0.000000
488 0.000000
489 0.000000
490 0.000000
491 0.000000
492 0.000000
493 0.000000
494 0.000000
495 0.000000
496 0.000000
497 0.000000
498 0.000000
499 0.000000
500 0.000000
501 0.000000
502 0.000008
503 0.000010
504 0.000111
505 0.000080
506 0.000003
507 0.000000
508 0.000001
509 0.000107
510 0.999985
511 0.000023
512 0.000000
513 0.000000
514 0.000000
515 0.000000
516 0.000000
517 0.000000
518 0.000000
519 0.000000
520 0.000000
521 0.000001
522 0.000000
523 0.000000
524 0.000000
525 0.000000
526 0.000000
527 0.000000
528 0.000000
529 0.000000
530 0.000013
531 0.000016
532 0.000101
533 0.000093
534 0.000003
535 0.000000
536 0.000021
537 0.010932
538 0.000025
539 0.000001
540 0.000000
541 0.000000
542 0.000000
543 0.000000
544 0.000000
545 0.000000
546 0.000001
547 0.000001
548 0.000003
549 0.000003
550 0.000001
551 0.000000
552 0.000000
553 0.000000
554 0.000000
555 0.000000
556 0.000000
557 0.000000
558 0.000016
559 0.000017
560 0.000197
561 0.000516
562 0.000012
563 0.000005
564 0.000614
565 0.000064
566 0.000001
567 0.000000
568 0.000000
569 0.000000
570 0.000000
571 0.000000
572 0.000000
573 0.000001
574 0.000001
575 0.000004
576 0.999989
577 0.000157
578 0.000002
579 0.000000
580 0.000000
581 0.000000
582 0.000000
583 0.000000
584 0.000000
585 0.000016
586 0.000017
587 0.000024
588 0.000757
589 0.002227
590 0.000525
591 0.000152
592 0.000221
593 0.000001
594 0.000000
595 0.000000
596 0.000000
597 0.000000
598 0.000000
599 0.000001
600 0.000001
601 0.000001
602 0.000001
603 0.000002
604 0.000098
605 0.000447
606 0.000011
607 0.000002
608 0.000001
609 0.000000
610 0.000000
611 0.000000
612 0.000015
613 0.000016
614 0.000022
615 0.000024
616 0.003297
617 0.009907
618 0.010017
619 0.001333
620 0.000014
621 0.000000
622 0.000000
623 0.000000
624 0.000001
625 0.000001
626 0.000001
627 0.000001
628 0.000001
629 0.000000
630 0.000001
631 0.000001
632 0.000002
633 0.000002
634 0.000004
635 0.000102
636 0.000015
637 0.000001
638 0.000001
639 0.000015
640 0.000016
641 0.000022
642 0.000000
643 0.000000
644 0.010107
645 0.010017
646 0.002908
647 0.000682
648 0.000087
649 0.000003
650 0.000004
651 0.000006
652 0.000015
653 0.000013
654 0.000001
655 0.000000
656 0.000000
657 0.000000
658 0.000001
659 0.000004
660 0.000002
661 0.000001
662 0.000002
663 0.000003
664 0.000003
665 0.000062
666 0.000019
667 0.000021
668 0.000022
669 0.000000
670 0.000000
671 0.000000
672 0.000001
673 0.003058
674 0.000982
675 0.000259
676 0.000189
677 0.000138
678 0.000325
679 0.000042
680 0.000024
681 0.000018
682 0.000002
683 0.000000
684 0.000000
685 0.000000
686 0.000003
687 0.000021
688 0.000005
689 0.000009
690 0.000101
691 0.000585
692 0.000180
693 0.000224
694 0.000064
695 0.000022
696 0.000000
697 0.000000
698 0.000000
699 0.000000
700 0.000001
701 0.000001
702 0.000377
703 0.000219
704 0.000203
705 0.000189
706 0.000138
707 0.000129
708 0.000111
709 0.000080
710 0.000008
711 0.000001
712 0.000000
713 0.000001
714 0.000005
715 0.000022
716 0.000003
717 0.000002
718 0.000202
719 0.001921
720 0.010020
721 0.001257
722 0.000249
723 0.000000
724 0.000000
725 0.000000
726 0.000000
727 0.000000
728 0.000001
729 0.000001
730 0.000001
731 0.000001
732 0.000219
733 0.000203
734 0.000149
735 0.000138
736 0.000129
737 0.000094
738 0.000080
739 0.000002
740 0.000001
741 0.000003
742 0.000021
743 0.000010
744 0.000004
745 0.000002
746 0.000053
747 0.000499
748 0.005695
749 0.010017
750 0.000001
751 0.000002
752 0.000001
753 0.000001
754 0.000000
755 0.000000
756 0.000001
757 0.000001
758 0.000000
759 0.000000
760 0.000001
761 0.000219
762 0.000203
763 0.000149
764 0.000138
765 0.000129
766 0.000120
767 0.000023
768 0.000006
769 0.000005
770 0.000031
771 0.000006
772 0.000001
773 0.000006
774 0.000022
775 0.000115
776 0.000832
777 0.000011
778 0.000874
779 0.000105
780 0.000001
781 0.000002
782 0.000001
783 0.000000
