0 0.004862
1 0.008578
2 0.010000
3 0.010000
4 0.004640
5 0.001809
6 0.000798
7 0.000747
8 0.000082
9 0.000008
10 0.000005
11 0.000005
12 0.000011
13 0.000040
14 0.000118
15 0.000080
16 0.000020
17 0.000005
18 0.000017
19 0.000127
20 0.000431
21 0.000460
22 0.000607
23 0.000837
24 0.001192
25 0.002067
26 0.004248
27 0.007449
28 0.003025
29 0.004622
30 0.007221
31 0.010000
32 0.008161
33 0.003535
34 0.001292
35 0.000393
36 0.000022
37 0.000003
38 0.000003
39 0.000004
40 0.000014
41 0.000077
42 0.000103
43 0.000031
44 0.000007
45 0.000003
46 0.000005
47 0.000055
48 0.000324
49 0.000431
50 0.000042
51 0.000000
52 0.002000
53 0.004248
54 0.008343
55 0.015395
56 0.005993
57 0.002783
58 0.003783
59 0.007071
60 0.010000
61 0.006441
62 0.002710
63 0.000208
64 0.000008
65 0.000002
66 0.000003
67 0.000005
68 0.000021
69 0.000087
70 0.000050
71 0.000010
72 0.000003
73 0.000002
74 0.000002
75 0.000015
76 0.000069
77 0.000000
78 0.000000
79 0.000000
80 0.000000
81 0.008343
82 0.015395
83 0.016445
84 0.015351
85 0.009097
86 0.003062
87 0.003462
88 0.006853
89 0.010000
90 0.006208
91 0.000127
92 0.000004
93 0.000001
94 0.000002
95 0.000008
96 0.000039
97 0.000089
98 0.000020
99 0.000004
100 0.000001
101 0.000001
102 0.000000
103 0.000000
104 0.000000
105 0.000000
106 0.000000
107 0.000000
108 0.000000
109 0.015366
110 0.016445
111 0.009159
112 0.039048
113 0.016387
114 0.008370
115 0.002669
116 0.000000
117 0.000000
118 0.000000
119 0.000000
120 0.000000
121 0.000001
122 0.000003
123 0.000016
124 0.000095
125 0.000035
126 0.000005
127 0.000000
128 0.000000
129 0.000000
130 0.000000
131 0.000000
132 0.000000
133 0.000000
134 0.000000
135 0.000000
136 0.000114
137 0.015015
138 0.007732
139 0.002570
140 0.015255
141 0.042490
142 0.017218
143 0.009393
144 0.000000
145 0.000000
146 0.000000
147 0.000000
148 0.000000
149 0.000000
150 0.000000
151 0.000000
152 0.000001
153 0.000000
154 0.000000
155 0.000000
156 0.000000
157 0.000000
158 0.000000
159 0.000000
160 0.000000
161 0.000000
162 0.000000
163 0.000000
164 0.015267
165 0.005969
166 0.002013
167 0.001021
168 0.015066
169 0.015304
170 0.040128
171 0.023056
172 0.000000
173 0.000000
174 0.000000
175 0.000000
176 0.000000
177 0.000000
178 0.000000
179 0.000000
180 0.000000
181 0.000000
182 0.000000
183 0.000000
184 0.000000
185 0.000000
186 0.000000
187 0.000000
188 0.000000
189 0.000000
190 0.000000
191 0.000001
192 0.003942
193 0.001416
194 0.000598
195 0.000771
196 0.010227
197 0.013715
198 0.014987
199 0.049181
200 0.000728
201 0.000000
202 0.000000
203 0.000000
204 0.000000
205 0.000003
206 0.000001
207 0.000000
208 0.000000
209 0.000000
210 0.000000
211 0.000000
212 0.000000
213 0.000000
214 0.000000
215 0.000000
216 0.000000
217 0.000000
218 0.000000
219 0.000032
220 0.001031
221 0.000489
222 0.000799
223 0.004059
224 0.003546
225 0.007546
226 0.012147
227 0.014929
228 0.048441
229 0.000000
230 0.000000
231 0.000000
232 0.000000
233 0.000003
234 1.000000
235 0.000002
236 0.000000
237 0.000000
238 0.000000
239 0.000000
240 0.000000
241 0.000000
242 0.000000
243 0.000000
244 0.000000
245 0.000000
246 0.000000
247 0.000058
248 0.000050
249 0.000265
250 0.001101
251 0.001641
252 0.001329
253 0.002152
254 0.004079
255 0.010947
256 0.014595
257 0.000002
258 0.000000
259 0.000000
260 0.000000
261 0.000001
262 0.000001
263 0.000000
264 0.000000
265 0.000000
266 0.000000
267 0.000000
268 0.000000
269 0.000000
270 0.000000
271 0.000000
272 0.000000
273 0.000000
274 0.000000
275 0.000010
276 0.000054
277 0.000120
278 0.000189
279 0.000247
280 0.000475
281 0.000630
282 0.001269
283 0.002303
284 0.007573
285 0.000007
286 0.000000
287 0.000000
288 0.000000
289 0.000001
290 0.000000
291 0.000000
292 0.000000
293 0.000000
294 0.000000
295 0.000000
296 0.000000
297 0.000000
298 0.000000
299 0.000000
300 0.000000
301 0.000000
302 0.000000
303 0.000037
304 0.000059
305 0.000080
306 0.000048
307 0.000015
308 0.000468
309 0.000388
310 0.000335
311 0.000568
312 0.000111
313 0.000002
314 0.000000
315 0.000000
316 0.000000
317 0.000000
318 0.000000
319 0.000000
320 0.000000
321 0.000000
322 0.000000
323 0.000000
324 0.000000
325 0.000000
326 0.000000
327 0.000000
328 0.000000
329 0.000000
330 0.000000
331 0.000003
332 0.000048
333 0.000015
334 0.000010
335 0.000017
336 0.000379
337 0.000300
338 0.000272
339 0.000182
340 0.000001
341 0.000000
342 0.000000
343 0.000000
344 0.000000
345 0.000000
346 0.000000
347 0.000000
348 0.000000
349 0.000000
350 0.000002
351 0.000013
352 0.000000
353 0.000000
354 0.000000
355 0.000000
356 0.000000
357 0.000000
358 0.000000
359 0.000000
360 0.000005
361 0.000007
362 0.000011
363 0.000012
364 0.000329
365 0.000307
366 0.000188
367 0.000041
368 0.000000
369 0.000000
370 0.000000
371 0.000000
372 0.000000
373 0.000000
374 0.000000
375 0.000000
376 0.000001
377 0.000104
378 0.000210
379 0.000002
380 0.000000
381 0.000000
382 0.000000
383 0.000000
384 0.000000
385 0.000000
386 0.000000
387 0.000000
388 0.000001
389 0.000007
390 0.000008
391 0.000013
392 0.000215
393 0.000090
394 0.000024
395 0.000001
396 0.000000
397 0.000000
398 0.000000
399 0.000000
400 0.000000
401 0.000000
402 0.000000
403 0.000002
404 0.002581
405 0.157331
406 0.000923
407 0.000000
408 0.000000
409 0.000000
410 0.000000
411 0.000000
412 0.000000
413 0.000000
414 0.000000
415 0.000000
416 0.000000
417 0.000013
418 0.000012
419 0.000009
420 0.000047
421 0.000012
422 0.000005
423 0.000000
424 0.000000
425 0.000000
426 0.000000
427 0.000000
428 0.000000
429 0.000000
430 0.000000
431 0.000000
432 1.000000
433 0.035736
434 0.000008
435 0.000000
436 0.000000
437 0.000000
438 0.000000
439 0.000000
440 0.000000
441 0.000000
442 0.000000
443 0.000000
444 0.000000
445 0.000028
446 0.000025
447 0.000020
448 0.000017
449 0.000004
450 0.000002
451 0.000000
452 0.000000
453 0.000000
454 0.000000
455 0.000000
456 0.000000
457 0.000000
458 0.000000
459 0.000000
460 0.000000
461 0.000000
462 0.000001
463 0.000000
464 0.000000
465 0.000000
466 0.000000
467 0.000000
468 0.000000
469 0.000000
470 0.000000
471 0.000000
472 0.000000
473 0.000009
474 0.000048
475 0.000064
476 0.000051
477 0.000019
478 0.000001
479 0.000000
480 0.000000
481 0.000000
482 0.000000
483 0.000000
484 0.000000
485 0.000000
486 0.000000
487 0.000000
488 0.000000
489 0.000000
490 0.000000
491 0.000000
492 0.000000
493 0.000000
494 0.000000
495 0.000000
496 0.000000
497 0.000000
498 0.000000
499 0.000000
500 0.000000
501 0.000001
502 0.000377
503 0.000985
504 0.000470
505 0.000204
506 0.000001
507 0.000000
508 0.000000
509 0.000000
510 0.000000
511 0.000000
512 0.000000
513 0.000000
514 0.000000
515 0.000000
516 0.000000
517 0.000000
518 0.000000
519 0.000000
520 0.000000
521 0.000000
522 0.000000
523 0.000000
524 0.000000
525 0.000000
526 0.000000
527 0.000000
528 0.000000
529 0.000003
530 0.003093
531 0.010000
532 0.000438
533 0.000391
534 0.000001
535 0.000000
536 0.000000
537 0.000000
538 0.000000
539 0.000000
540 0.000000
541 0.000000
542 0.000000
543 0.000000
544 0.000000
545 0.000000
546 0.000000
547 0.000000
548 0.000000
549 0.000000
550 0.000000
551 0.000000
552 0.000000
553 0.000000
554 0.000000
555 0.000000
556 0.000001
557 0.000040
558 0.010000
559 0.010000
560 0.000552
561 0.000523
562 0.000001
563 0.000000
564 0.000000
565 0.000000
566 0.000000
567 0.000000
568 0.000000
569 0.000000
570 0.000000
571 0.000000
572 0.000000
573 0.000000
574 0.000000
575 0.000000
576 0.000000
577 0.000000
578 0.000000
579 0.000000
580 0.000001
581 0.000002
582 0.000000
583 0.000001
584 0.000021
585 0.010000
586 0.010000
587 0.010000
588 0.000695
589 0.000552
590 0.000012
591 0.000000
592 0.000000
593 0.000000
594 0.000000
595 0.000000
596 0.000000
597 0.000000
598 0.000000
599 0.000000
600 0.000000
601 0.000000
602 0.000000
603 0.000000
604 0.000000
605 0.000000
606 0.000000
607 0.000000
608 0.000003
609 0.000001
610 0.000000
611 0.000013
612 0.005075
613 0.008709
614 0.010000
615 0.010000
616 0.000770
617 0.000695
618 0.000660
619 0.000059
620 0.000001
621 0.000001
622 0.000000
623 0.000000
624 0.000000
625 0.000000
626 0.000000
627 0.000000
628 0.000000
629 0.000000
630 0.000000
631 0.000000
632 0.000000
633 0.000000
634 0.000000
635 0.000000
636 0.000000
637 0.000000
638 0.000006
639 0.001974
640 0.003195
641 0.005198
642 0.000000
643 0.000000
644 0.000811
645 0.000770
646 0.001777
647 0.003672
648 0.002209
649 0.000005
650 0.000001
651 0.000000
652 0.000000
653 0.000000
654 0.000000
655 0.000000
656 0.000000
657 0.000003
658 0.000003
659 0.000000
660 0.000000
661 0.000000
662 0.000000
663 0.000001
664 0.000001
665 0.000025
666 0.001904
667 0.001486
668 0.002086
669 0.000000
670 0.000000
671 0.000000
672 0.000000
673 0.001906
674 0.003824
675 0.008179
676 0.010000
677 0.010000
678 0.000030
679 0.000005
680 0.000004
681 0.000013
682 0.000083
683 0.000017
684 0.000005
685 0.000006
686 0.000005
687 0.000006
688 0.000011
689 0.000225
690 0.000989
691 0.000327
692 0.000729
693 0.004827
694 0.003107
695 0.002013
696 0.000000
697 0.000000
698 0.000000
699 0.000000
700 0.000000
701 0.000000
702 0.008248
703 0.010000
704 0.010000
705 0.010463
706 0.005056
707 0.001550
708 0.000538
709 0.000369
710 0.000168
711 0.000037
712 0.000010
713 0.000007
714 0.000008
715 0.000008
716 0.000019
717 0.000289
718 0.006248
719 0.010000
720 0.010000
721 0.007877
722 0.004948
723 0.000000
724 0.000000
725 0.000000
726 0.000000
727 0.000000
728 0.000000
729 0.000000
730 0.000000
731 0.000000
732 0.010476
733 0.006372
734 0.002443
735 0.000893
736 0.000527
737 0.000413
738 0.000369
739 0.000086
740 0.000023
741 0.000010
742 0.000009
743 0.000009
744 0.000028
745 0.000424
746 0.003463
747 0.008581
748 0.010000
749 0.010000
750 0.000000
751 0.000000
752 0.000000
753 0.000000
754 0.000000
755 0.000000
756 0.000000
757 0.000000
758 0.000000
759 0.000000
760 0.000000
761 0.003793
762 0.001488
763 0.000594
764 0.000552
765 0.000523
766 0.000496
767 0.000201
768 0.000041
769 0.000017
770 0.000013
771 0.000013
772 0.000061
773 0.000634
774 0.002240
775 0.004777
776 0.010000
777 0.000000
778 0.000211
779 0.000082
780 0.000000
781 0.000000
782 0.000000
783 0.000000
