0 0.007363
1 0.004427
2 0.002647
3 0.002374
4 0.001988
5 0.001660
6 0.001494
7 0.001417
8 0.000419
9 0.000117
10 0.000177
11 0.000398
12 0.000816
13 0.001880
14 0.002112
15 0.000630
16 0.000343
17 0.000370
18 0.001740
19 0.005992
20 0.006955
21 0.003600
22 0.002667
23 0.002602
24 0.002312
25 0.002271
26 0.002503
27 0.002533
28 0.010519
29 0.007202
30 0.004313
31 0.002584
32 0.001899
33 0.001715
34 0.001417
35 0.000982
36 0.000180
37 0.000056
38 0.000086
39 0.000219
40 0.001154
41 0.002801
42 0.003507
43 0.001362
44 0.000584
45 0.000466
46 0.000635
47 0.001879
48 0.003756
49 0.002482
50 0.000008
51 0.000000
52 0.002258
53 0.002445
54 0.002167
55 0.002965
56 0.010093
57 0.010560
58 0.007523
59 0.004449
60 0.002514
61 0.001422
62 0.001345
63 0.000486
64 0.000099
65 0.000038
66 0.000048
67 0.000172
68 0.000964
69 0.003428
70 0.003483
71 0.003457
72 0.001426
73 0.000440
74 0.000203
75 0.000468
76 0.000022
77 0.000001
78 0.000000
79 0.000000
80 0.000000
81 0.002068
82 0.002810
83 0.003795
84 0.010032
85 0.010099
86 0.010852
87 0.006975
88 0.003736
89 0.001981
90 0.001217
91 0.000215
92 0.000042
93 0.000029
94 0.000031
95 0.000134
96 0.000758
97 0.003451
98 0.006100
99 0.010700
100 0.003752
101 0.000198
102 0.000001
103 0.000000
104 0.000000
105 0.000000
106 0.000000
107 0.000000
108 0.000003
109 0.002617
110 0.003638
111 0.005750
112 0.005015
113 0.008724
114 0.010105
115 0.011097
116 0.000000
117 0.000000
118 0.000000
119 0.000000
120 0.000000
121 0.000009
122 0.000041
123 0.000111
124 0.000664
125 0.002335
126 0.014807
127 0.002241
128 0.000047
129 0.000001
130 0.000000
131 0.000000
132 0.000000
133 0.000000
134 0.000000
135 0.000000
136 0.000125
137 0.003424
138 0.005539
139 0.008557
140 0.002834
141 0.004162
142 0.007358
143 0.010093
144 0.000000
145 0.000000
146 0.000000
147 0.000000
148 0.000000
149 0.000000
150 0.000000
151 0.000000
152 0.000004
153 0.000021
154 0.000122
155 0.000059
156 0.000007
157 0.000000
158 0.000000
159 0.000000
160 0.000000
161 0.000000
162 0.000000
163 0.000021
164 0.003693
165 0.005336
166 0.008394
167 0.008394
168 0.001575
169 0.002187
170 0.003302
171 0.006045
172 0.000000
173 0.000000
174 0.000002
175 0.000000
176 0.000000
177 0.000000
178 0.000000
179 0.000000
180 0.000000
181 0.000000
182 0.000000
183 0.000000
184 0.000000
185 0.000000
186 0.000000
187 0.000000
188 0.000000
189 0.000000
190 0.000007
191 0.000034
192 0.006190
193 0.008235
194 0.007746
195 0.007377
196 0.001417
197 0.001345
198 0.001489
199 0.002564
200 0.000084
201 0.000000
202 0.000000
203 0.000000
204 0.000000
205 0.000000
206 0.000000
207 0.000000
208 0.000000
209 0.000000
210 0.000000
211 0.000000
212 0.000000
213 0.000000
214 0.000000
215 0.000000
216 0.000000
217 0.000000
218 0.000009
219 0.000310
220 0.008498
221 0.007572
222 0.006328
223 0.004261
224 0.001345
225 0.001102
226 0.000986
227 0.001099
228 0.001641
229 0.000000
230 0.000000
231 0.000000
232 0.000000
233 0.000000
234 0.000000
235 0.000000
236 0.000006
237 0.000005
238 0.000000
239 0.000000
240 0.000000
241 0.000000
242 0.000000
243 0.000000
244 0.000000
245 0.000000
246 0.000001
247 0.000579
248 0.000858
249 0.000838
250 0.000870
251 0.000911
252 0.001277
253 0.000986
254 0.000933
255 0.000612
256 0.000184
257 0.000000
258 0.000000
259 0.000000
260 0.000003
261 0.000019
262 0.000006
263 0.000070
264 0.000005
265 0.000001
266 0.000001
267 0.000000
268 0.000000
269 0.000000
270 0.000000
271 0.000000
272 0.000000
273 0.000000
274 0.000000
275 0.000101
276 0.000096
277 0.000095
278 0.000098
279 0.000129
280 0.000986
281 0.000437
282 0.000275
283 0.000117
284 0.000074
285 0.000000
286 0.000000
287 0.000000
288 0.000001
289 0.998985
290 0.022597
291 0.000134
292 0.000001
293 0.000000
294 0.000000
295 0.000000
296 0.000000
297 0.000000
298 0.000000
299 0.000004
300 0.000000
301 0.000000
302 0.000000
303 0.000060
304 0.000046
305 0.000041
306 0.000045
307 0.000059
308 0.000349
309 0.000193
310 0.000099
311 0.000067
312 0.000022
313 0.000001
314 0.000000
315 0.000000
316 0.000000
317 0.000448
318 0.035590
319 0.007509
320 0.000006
321 0.000000
322 0.000000
323 0.000000
324 0.000000
325 0.000000
326 0.000088
327 1.000000
328 0.000001
329 0.000000
330 0.000001
331 0.000011
332 0.000054
333 0.000041
334 0.000045
335 0.000071
336 0.000286
337 0.000187
338 0.000191
339 0.000212
340 0.000015
341 0.000001
342 0.000000
343 0.000000
344 0.000000
345 0.000003
346 0.000434
347 0.000636
348 0.000328
349 0.000006
350 0.000000
351 0.000000
352 0.000000
353 0.000000
354 0.000145
355 0.001931
356 0.000018
357 0.000000
358 0.000000
359 0.000003
360 0.000179
361 0.000124
362 0.000112
363 0.000080
364 0.001171
365 0.001072
366 0.000802
367 0.000627
368 0.000005
369 0.000000
370 0.000000
371 0.000000
372 0.000000
373 0.000000
374 0.000003
375 0.000060
376 0.000152
377 0.000017
378 0.000000
379 0.000000
380 0.000000
381 0.000000
382 0.000006
383 0.000003
384 0.000012
385 0.000002
386 0.000001
387 0.000001
388 0.000185
389 0.000449
390 0.000297
391 0.000238
392 0.004941
393 0.004120
394 0.002735
395 0.000258
396 0.000002
397 0.000000
398 0.000000
399 0.000000
400 0.000000
401 0.000000
402 0.000000
403 0.000001
404 0.000001
405 0.000001
406 0.000002
407 0.000001
408 0.000000
409 0.000000
410 0.000000
411 0.000000
412 0.000000
413 0.000011
414 0.000001
415 0.000001
416 0.000049
417 0.000736
418 0.000803
419 0.000599
420 0.011294
421 0.009353
422 0.007302
423 0.000232
424 0.000001
425 0.000000
426 0.000001
427 0.000004
428 0.000000
429 0.000000
430 0.000000
431 0.000000
432 0.000000
433 0.000000
434 0.000001
435 0.000010
436 0.000005
437 0.000000
438 0.000000
439 0.000000
440 0.000000
441 0.000002
442 0.000001
443 0.000000
444 0.000010
445 0.005087
446 0.002126
447 0.000810
448 0.012469
449 0.018025
450 0.011491
451 0.000074
452 0.000001
453 0.000001
454 0.000540
455 0.000737
456 0.000017
457 0.000000
458 0.000000
459 0.000000
460 0.000000
461 0.000000
462 0.000000
463 0.000001
464 0.000007
465 0.000001
466 0.000000
467 0.000000
468 0.000000
469 0.000000
470 0.000000
471 0.000000
472 0.000001
473 0.000805
474 0.006053
475 0.005626
476 0.014805
477 0.010069
478 0.002155
479 0.000008
480 0.000001
481 0.000176
482 0.013601
483 0.200790
484 0.000046
485 0.000000
486 0.000000
487 0.000000
488 0.000000
489 0.000000
490 0.000000
491 0.000000
492 0.000000
493 0.000000
494 0.000000
495 0.000000
496 0.000000
497 0.000000
498 0.000000
499 0.000000
500 0.000000
501 0.000051
502 0.007112
503 0.019668
504 0.008171
505 0.004768
506 0.000151
507 0.000002
508 0.000004
509 0.002914
510 0.068099
511 1.000000
512 0.000026
513 0.000000
514 0.000000
515 0.000000
516 0.000000
517 0.000000
518 0.000000
519 0.000000
520 0.000000
521 0.000000
522 0.000000
523 0.000000
524 0.000000
525 0.000000
526 0.000000
527 0.000000
528 0.000000
529 0.000005
530 0.007047
531 0.032686
532 0.004254
533 0.001823
534 0.000049
535 0.000003
536 0.000225
537 0.010277
538 0.023112
539 0.000165
540 0.000006
541 0.000000
542 0.000000
543 0.000000
544 0.000000
545 0.000000
546 0.000000
547 0.000000
548 0.000000
549 0.000000
550 0.000000
551 0.000000
552 0.000000
553 0.000000
554 0.000000
555 0.000000
556 0.000001
557 0.000009
558 0.001138
559 0.004421
560 0.002016
561 0.002624
562 0.000095
563 0.000024
564 0.002432
565 0.036969
566 0.000196
567 0.000013
568 0.000001
569 0.000000
570 0.000000
571 0.000000
572 0.000000
573 0.000000
574 0.000000
575 0.000000
576 0.000000
577 0.000000
578 0.000000
579 0.000000
580 0.000001
581 0.000001
582 0.000001
583 0.000002
584 0.000007
585 0.000842
586 0.000863
587 0.001035
588 0.003007
589 0.004799
590 0.000916
591 0.000735
592 0.007122
593 0.000280
594 0.000013
595 0.000001
596 0.000001
597 0.000000
598 0.000000
599 0.000000
600 0.000000
601 0.000000
602 0.000000
603 0.000000
604 0.000000
605 0.000000
606 0.000000
607 0.000000
608 0.000000
609 0.000001
610 0.000004
611 0.000062
612 0.003319
613 0.001538
614 0.001003
615 0.001020
616 0.005408
617 0.008292
618 0.010631
619 0.015907
620 0.001434
621 0.000026
622 0.000001
623 0.000001
624 0.000000
625 0.000000
626 0.000000
627 0.000000
628 0.000000
629 0.000001
630 0.000001
631 0.000002
632 0.000001
633 0.000000
634 0.000001
635 0.000001
636 0.000001
637 0.000004
638 0.000201
639 0.010965
640 0.005611
641 0.003465
642 0.000000
643 0.000000
644 0.008226
645 0.010362
646 0.010000
647 0.007092
648 0.002597
649 0.000025
650 0.000003
651 0.000001
652 0.000001
653 0.000003
654 0.000004
655 0.000008
656 0.000040
657 0.000232
658 0.000255
659 0.000031
660 0.000004
661 0.000004
662 0.000013
663 0.000005
664 0.000006
665 0.000237
666 0.010339
667 0.011867
668 0.010946
669 0.000000
670 0.000000
671 0.000000
672 0.000000
673 0.010000
674 0.008023
675 0.004599
676 0.002914
677 0.001832
678 0.000058
679 0.000035
680 0.000065
681 0.000433
682 0.001532
683 0.000591
684 0.000232
685 0.000297
686 0.000325
687 0.000119
688 0.000068
689 0.000398
690 0.000936
691 0.000711
692 0.001706
693 0.010284
694 0.010338
695 0.010304
696 0.000000
697 0.000000
698 0.000000
699 0.000000
700 0.000000
701 0.000000
702 0.005275
703 0.003402
704 0.002175
705 0.002108
706 0.001832
707 0.001772
708 0.002347
709 0.004174
710 0.004885
711 0.001261
712 0.000357
713 0.000267
714 0.000297
715 0.000102
716 0.000047
717 0.000357
718 0.003180
719 0.007179
720 0.010067
721 0.010172
722 0.010269
723 0.000000
724 0.000000
725 0.000000
726 0.000000
727 0.000000
728 0.000000
729 0.000000
730 0.000000
731 0.000000
732 0.002244
733 0.002175
734 0.001894
735 0.002043
736 0.003904
737 0.006943
738 0.010000
739 0.002215
740 0.000593
741 0.000340
742 0.000205
743 0.000075
744 0.000085
745 0.000373
746 0.001721
747 0.004404
748 0.009983
749 0.010069
750 0.000000
751 0.000000
752 0.000000
753 0.000000
754 0.000000
755 0.000000
756 0.000000
757 0.000000
758 0.000000
759 0.000000
760 0.000000
761 0.002244
762 0.002175
763 0.003251
764 0.005592
765 0.010000
766 0.010000
767 0.003940
768 0.000993
769 0.000413
770 0.000148
771 0.000064
772 0.000140
773 0.000511
774 0.001103
775 0.002426
776 0.005280
777 0.000010
778 0.001727
779 0.001313
780 0.000085
781 0.000000
782 0.000000
783 0.000000
