0 0.003487
1 0.002025
2 0.001263
3 0.001395
4 0.001107
5 0.000871
6 0.000758
7 0.000708
8 0.000036
9 0.000003
10 0.000002
11 0.000002
12 0.000002
13 0.000002
14 0.000002
15 0.000002
16 0.000001
17 0.000001
18 0.000005
19 0.000034
20 0.000126
21 0.000137
22 0.000197
23 0.000213
24 0.000177
25 0.000193
26 0.000272
27 0.000352
28 0.004901
29 0.003286
30 0.001767
31 0.001107
32 0.001036
33 0.000910
34 0.000708
35 0.000311
36 0.000007
37 0.000001
38 0.000001
39 0.000001
40 0.000001
41 0.000001
42 0.000001
43 0.000001
44 0.000001
45 0.000001
46 0.000002
47 0.000016
48 0.000087
49 0.000126
50 0.000001
51 0.000001
52 0.000162
53 0.000231
54 0.000274
55 0.000649
56 0.007744
57 0.004784
58 0.002996
59 0.001596
60 0.000910
61 0.000708
62 0.000661
63 0.000059
64 0.000003
65 0.000001
66 0.000001
67 0.000001
68 0.000001
69 0.000001
70 0.000001
71 0.000001
72 0.000001
73 0.000001
74 0.000001
75 0.000004
76 0.000001
77 0.000001
78 0.000001
79 0.000001
80 0.000001
81 0.000236
82 0.000585
83 0.000975
84 0.013296
85 0.008513
86 0.004520
87 0.002253
88 0.001131
89 0.000661
90 0.000577
91 0.000011
92 0.000001
93 0.000001
94 0.000001
95 0.000001
96 0.000001
97 0.000001
98 0.000001
99 0.000001
100 0.000001
101 0.000001
102 0.000001
103 0.000001
104 0.000000
105 0.000000
106 0.000001
107 0.000001
108 0.000001
109 0.000478
110 0.000918
111 0.002390
112 0.017669
113 0.014579
114 0.009550
115 0.004360
116 0.000000
117 0.000000
118 0.000000
119 0.000000
120 0.000001
121 0.000001
122 0.000001
123 0.000001
124 0.000001
125 0.000001
126 0.000001
127 0.000001
128 0.000001
129 0.000001
130 0.000000
131 0.000000
132 0.000000
133 0.000001
134 0.000001
135 0.000001
136 0.000001
137 0.000780
138 0.002345
139 0.005310
140 0.013511
141 0.017068
142 0.015387
143 0.010855
144 0.000001
145 0.000000
146 0.000000
147 0.000000
148 0.000000
149 0.000000
150 0.000000
151 0.000000
152 0.000001
153 0.000001
154 0.000001
155 0.000001
156 0.000001
157 0.000000
158 0.000000
159 0.000000
160 0.000001
161 0.000001
162 0.000001
163 0.000001
164 0.001009
165 0.002483
166 0.005958
167 0.010754
168 0.007607
169 0.013029
170 0.017056
171 0.016062
172 0.000001
173 0.000001
174 0.000001
175 0.000000
176 0.000000
177 0.000000
178 0.000000
179 0.000000
180 0.000000
181 0.000000
182 0.000000
183 0.000000
184 0.000000
185 0.000000
186 0.000000
187 0.000001
188 0.000001
189 0.000001
190 0.000001
191 0.000001
192 0.003382
193 0.006594
194 0.010765
195 0.011729
196 0.006205
197 0.006936
198 0.010792
199 0.016463
200 0.000013
201 0.000001
202 0.000001
203 0.000001
204 0.000000
205 0.000000
206 0.000000
207 0.000000
208 0.000000
209 0.000000
210 0.000000
211 0.000000
212 0.000000
213 0.000000
214 0.000000
215 0.000001
216 0.000001
217 0.000001
218 0.000001
219 0.000003
220 0.009073
221 0.011939
222 0.007984
223 0.001999
224 0.005090
225 0.005957
226 0.006388
227 0.009501
228 0.015457
229 0.000001
230 0.000001
231 0.000001
232 0.000001
233 0.000000
234 0.000000
235 0.000000
236 0.000000
237 0.000000
238 0.000000
239 0.000000
240 0.000000
241 0.000000
242 0.000001
243 0.000001
244 0.000001
245 0.000000
246 0.000001
247 0.000071
248 0.000199
249 0.000145
250 0.000069
251 0.000041
252 0.002024
253 0.003242
254 0.005921
255 0.002305
256 0.000208
257 0.000001
258 0.000001
259 0.000001
260 0.000001
261 0.000001
262 0.000000
263 0.000000
264 0.000000
265 0.000000
266 0.000000
267 0.000000
268 0.000000
269 0.000001
270 0.000001
271 0.000001
272 0.000001
273 0.000001
274 0.000001
275 0.000006
276 0.000004
277 0.000002
278 0.000001
279 0.000001
280 0.000620
281 0.000149
282 0.000073
283 0.000015
284 0.000006
285 0.000001
286 0.000000
287 0.000001
288 0.000001
289 0.000001
290 0.000001
291 0.000000
292 0.000000
293 0.000000
294 0.000000
295 0.000000
296 0.000001
297 0.000001
298 0.000001
299 0.000001
300 0.000001
301 0.000001
302 0.000001
303 0.000002
304 0.000001
305 0.000001
306 0.000001
307 0.000001
308 0.000015
309 0.000003
310 0.000002
311 0.000001
312 0.000001
313 0.000001
314 0.000000
315 0.000000
316 0.000001
317 0.000002
318 0.000001
319 0.000001
320 0.000001
321 0.000000
322 0.000000
323 0.000001
324 0.000001
325 0.000001
326 0.000001
327 0.000001
328 0.000001
329 0.000001
330 0.000001
331 0.000001
332 0.000001
333 0.000001
334 0.000001
335 0.000001
336 0.000002
337 0.000001
338 0.000001
339 0.000001
340 0.000001
341 0.000001
342 0.000001
343 0.000000
344 0.000001
345 0.000001
346 0.000003
347 0.000001
348 0.000001
349 0.000001
350 0.000001
351 0.000001
352 0.000001
353 0.000001
354 0.000001
355 0.000001
356 0.000001
357 0.000001
358 0.000001
359 0.000001
360 0.000001
361 0.000001
362 0.000001
363 0.000001
364 0.000001
365 0.000001
366 0.000001
367 0.000001
368 0.000001
369 0.000001
370 0.000001
371 0.000000
372 0.000000
373 0.000001
374 0.000002
375 0.000004
376 0.000002
377 0.000001
378 0.000001
379 0.000002
380 0.000002
381 0.000001
382 0.000001
383 0.000001
384 0.000000
385 0.000001
386 0.000001
387 0.000001
388 0.000001
389 0.000001
390 0.000001
391 0.000001
392 0.000001
393 0.000001
394 0.000001
395 0.000001
396 0.000001
397 0.000001
398 0.000001
399 0.000000
400 0.000000
401 0.000001
402 0.000001
403 0.000004
404 0.000005
405 0.000004
406 0.000007
407 0.000004
408 0.000002
409 0.000001
410 0.000001
411 0.000000
412 0.000000
413 0.000001
414 0.000001
415 0.000001
416 0.000001
417 0.000001
418 0.000001
419 0.000001
420 0.000001
421 0.000001
422 0.000001
423 0.000001
424 0.000001
425 0.000001
426 0.000001
427 0.000001
428 0.000000
429 0.000000
430 0.000001
431 0.000003
432 0.000013
433 0.000161
434 0.999962
435 0.000013
436 0.000001
437 0.000001
438 0.000000
439 0.000000
440 0.000000
441 0.000001
442 0.000000
443 0.000001
444 0.000001
445 0.000001
446 0.000001
447 0.000001
448 0.000002
449 0.000001
450 0.000001
451 0.000001
452 0.000001
453 0.000001
454 0.000001
455 0.000001
456 0.000000
457 0.000000
458 0.000001
459 0.000002
460 0.000015
461 0.999935
462 0.000093
463 0.000009
464 0.000001
465 0.000001
466 0.000000
467 0.000000
468 0.000001
469 0.000000
470 0.000001
471 0.000000
472 0.000001
473 0.000001
474 0.000001
475 0.000001
476 0.000006
477 0.000003
478 0.000001
479 0.000001
480 0.000001
481 0.000001
482 0.000001
483 0.000001
484 0.000001
485 0.000001
486 0.000001
487 0.000002
488 0.000003
489 0.000006
490 0.000004
491 0.000002
492 0.000002
493 0.000001
494 0.000001
495 0.000001
496 0.000001
497 0.000001
498 0.000001
499 0.000001
500 0.000001
501 0.000001
502 0.000001
503 0.000004
504 0.000059
505 0.000023
506 0.000001
507 0.000001
508 0.000001
509 0.000001
510 0.000001
511 0.000001
512 0.000001
513 0.000001
514 0.000001
515 0.000001
516 0.000001
517 0.000001
518 0.000001
519 0.000001
520 0.000001
521 0.000001
522 0.000001
523 0.000001
524 0.000001
525 0.000001
526 0.000001
527 0.000001
528 0.000001
529 0.000001
530 0.000015
531 0.000079
532 0.000053
533 0.000045
534 0.000001
535 0.000001
536 0.000001
537 0.000001
538 0.000001
539 0.000001
540 0.000001
541 0.000001
542 0.000001
543 0.000001
544 0.000001
545 0.000001
546 0.000001
547 0.000001
548 0.000001
549 0.000001
550 0.000001
551 0.000001
552 0.000001
553 0.000001
554 0.000001
555 0.000001
556 0.000001
557 0.000001
558 0.000079
559 0.000085
560 0.000075
561 0.000069
562 0.000001
563 0.000001
564 0.000001
565 0.000001
566 0.000001
567 0.000001
568 0.000001
569 0.000001
570 0.000001
571 0.000001
572 0.000001
573 0.000001
574 0.000001
575 0.000001
576 0.000001
577 0.000001
578 0.000001
579 0.000001
580 0.000001
581 0.000001
582 0.000001
583 0.000001
584 0.000001
585 0.000079
586 0.000085
587 0.000115
588 0.000106
589 0.000075
590 0.000001
591 0.000001
592 0.000001
593 0.000001
594 0.000001
595 0.000001
596 0.000001
597 0.000001
598 0.000001
599 0.000001
600 0.000001
601 0.000001
602 0.000001
603 0.000001
604 0.000001
605 0.000001
606 0.000001
607 0.000001
608 0.000003
609 0.000002
610 0.000001
611 0.000001
612 0.000094
613 0.000079
614 0.000107
615 0.000115
616 0.000125
617 0.000106
618 0.000075
619 0.000002
620 0.000001
621 0.000001
622 0.000001
623 0.000001
624 0.000001
625 0.000001
626 0.000001
627 0.000001
628 0.000001
629 0.000001
630 0.000001
631 0.000001
632 0.000001
633 0.000001
634 0.000001
635 0.000001
636 0.000001
637 0.000002
638 0.000012
639 0.000783
640 0.000273
641 0.000136
642 0.000000
643 0.000001
644 0.000135
645 0.000125
646 0.000115
647 0.000082
648 0.000012
649 0.000001
650 0.000001
651 0.000001
652 0.000001
653 0.000001
654 0.000001
655 0.000001
656 0.000001
657 0.000001
658 0.000001
659 0.000001
660 0.000001
661 0.000001
662 0.000001
663 0.000001
664 0.000002
665 0.000070
666 0.009989
667 0.003695
668 0.001129
669 0.000000
670 0.000000
671 0.000000
672 0.000001
673 0.000135
674 0.000125
675 0.000089
676 0.000249
677 0.000811
678 0.000004
679 0.000004
680 0.000011
681 0.000041
682 0.000026
683 0.000001
684 0.000001
685 0.000001
686 0.000001
687 0.000001
688 0.000001
689 0.000005
690 0.000291
691 0.000284
692 0.000891
693 0.010014
694 0.009994
695 0.009989
696 0.000000
697 0.000000
698 0.000000
699 0.000001
700 0.000001
701 0.000001
702 0.000136
703 0.000215
704 0.000891
705 0.004722
706 0.010001
707 0.010003
708 0.010003
709 0.000960
710 0.000027
711 0.000001
712 0.000001
713 0.000001
714 0.000001
715 0.000001
716 0.000001
717 0.000006
718 0.001296
719 0.007048
720 0.010083
721 0.010050
722 0.010007
723 0.000001
724 0.000001
725 0.000001
726 0.000000
727 0.000000
728 0.000001
729 0.000001
730 0.000001
731 0.000001
732 0.003443
733 0.010001
734 0.010002
735 0.010005
736 0.002188
737 0.000278
738 0.000041
739 0.000003
740 0.000001
741 0.000001
742 0.000001
743 0.000001
744 0.000001
745 0.000010
746 0.000404
747 0.002596
748 0.010076
749 0.010067
750 0.000001
751 0.000001
752 0.000001
753 0.000001
754 0.000001
755 0.000000
756 0.000001
757 0.000001
758 0.000001
759 0.000001
760 0.000001
761 0.010001
762 0.010003
763 0.004724
764 0.000811
765 0.000121
766 0.000064
767 0.000009
768 0.000001
769 0.000001
770 0.000001
771 0.000001
772 0.000001
773 0.000024
774 0.000177
775 0.000786
776 0.003724
777 0.000001
778 0.000167
779 0.000088
780 0.000001
781 0.000001
782 0.000001
783 0.000000
