0 0.010066
1 0.010069
2 0.010079
3 0.010074
4 0.010085
5 0.010095
6 0.010100
7 0.010103
8 0.010365
9 0.010387
10 0.010226
11 0.010226
12 0.010224
13 0.010224
14 0.010224
15 0.010223
16 0.010226
17 0.010229
18 0.010213
19 0.010197
20 0.010187
21 0.010186
22 0.010183
23 0.010182
24 0.010183
25 0.010181
26 0.010179
27 0.010178
28 0.010076
29 0.010071
30 0.010081
31 0.010084
32 0.010087
33 0.010093
34 0.010102
35 0.010380
36 0.010404
37 0.010339
38 0.010231
39 0.010229
40 0.010228
41 0.010224
42 0.010225
43 0.010227
44 0.010229
45 0.010227
46 0.010222
47 0.010202
48 0.010190
49 0.010186
50 0.010187
51 0.010175
52 0.010183
53 0.010180
54 0.010181
55 0.010179
56 0.010071
57 0.010081
58 0.010084
59 0.010087
60 0.010092
61 0.010102
62 0.010104
63 0.010389
64 0.010413
65 0.010236
66 0.010231
67 0.010232
68 0.010233
69 0.010230
70 0.010230
71 0.010230
72 0.010230
73 0.010232
74 0.010229
75 0.010212
76 0.010190
77 0.010192
78 0.010211
79 0.010187
80 0.010174
81 0.010182
82 0.010179
83 0.010181
84 0.010074
85 0.010084
86 0.010094
87 0.010099
88 0.010101
89 0.010104
90 0.010108
91 0.010400
92 0.010424
93 0.010238
94 0.010237
95 0.010236
96 0.010235
97 0.010231
98 0.010232
99 0.010233
100 0.010232
101 0.010234
102 0.010237
103 0.010228
104 0.010204
105 0.010194
106 0.010209
107 0.010207
108 0.010187
109 0.010182
110 0.010182
111 0.010180
112 0.010085
113 0.010087
114 0.010099
115 0.010101
116 0.011390
117 0.010941
118 0.010746
119 0.010648
120 0.010597
121 0.010334
122 0.010238
123 0.010238
124 0.010235
125 0.010236
126 0.010234
127 0.010237
128 0.010236
129 0.010238
130 0.010242
131 0.010236
132 0.010216
133 0.010214
134 0.010211
135 0.010211
136 0.010184
137 0.010185
138 0.010183
139 0.010181
140 0.010088
141 0.010097
142 0.010101
143 0.010104
144 0.011491
145 0.011403
146 0.011155
147 0.010886
148 0.010571
149 0.010518
150 0.010474
151 0.010430
152 0.010392
153 0.010354
154 0.010240
155 0.010240
156 0.010244
157 0.010246
158 0.010247
159 0.010247
160 0.010249
161 0.010222
162 0.010213
163 0.010191
164 0.010185
165 0.010186
166 0.010184
167 0.010184
168 0.010097
169 0.010102
170 0.010104
171 0.010108
172 0.010423
173 0.011453
174 0.011908
175 0.011176
176 0.010657
177 0.010519
178 0.010500
179 0.010528
180 0.010497
181 0.010458
182 0.010428
183 0.010396
184 0.010380
185 0.010359
186 0.010344
187 0.010275
188 0.010263
189 0.010234
190 0.010192
191 0.010190
192 0.010188
193 0.010188
194 0.010187
195 0.011406
196 0.010102
197 0.010105
198 0.010113
199 0.010117
200 0.010278
201 0.011036
202 0.011794
203 0.012043
204 0.010913
205 0.010717
206 0.010551
207 0.010477
208 0.010446
209 0.010425
210 0.010409
211 0.010454
212 0.010431
213 0.010413
214 0.010399
215 0.010375
216 0.010359
217 0.010318
218 0.010252
219 0.010203
220 0.010188
221 0.010187
222 0.012762
223 0.014394
224 0.010105
225 0.010113
226 0.010117
227 0.010119
228 0.010128
229 0.010859
230 0.011651
231 0.011406
232 0.011344
233 0.010905
234 0.010837
235 0.010450
236 0.010430
237 0.010412
238 0.010393
239 0.010383
240 0.010370
241 0.010363
242 0.010379
243 0.010379
244 0.010402
245 0.010346
246 0.010265
247 0.010234
248 0.010273
249 0.013602
250 0.014632
251 0.014736
252 0.010108
253 0.010118
254 0.010120
255 0.010125
256 0.010134
257 0.010794
258 0.010945
259 0.011355
260 0.011435
261 0.011049
262 0.010455
263 0.010431
264 0.010407
265 0.010396
266 0.010385
267 0.010370
268 0.010365
269 0.010385
270 0.010379
271 0.010374
272 0.010350
273 0.010332
274 0.010292
275 0.012835
276 0.014460
277 0.014659
278 0.014649
279 0.013078
280 0.010118
281 0.010127
282 0.010126
283 0.010135
284 0.010137
285 0.010733
286 0.010904
287 0.010877
288 0.011381
289 0.010471
290 0.010439
291 0.010417
292 0.010402
293 0.010386
294 0.010378
295 0.010370
296 0.010356
297 0.010355
298 0.010376
299 0.010349
300 0.010350
301 0.010345
302 0.013345
303 0.014245
304 0.014450
305 0.014443
306 0.011701
307 0.010280
308 0.010123
309 0.010127
310 0.010136
311 0.010142
312 0.010707
313 0.010673
314 0.010474
315 0.010547
316 0.010495
317 0.010462
318 0.010433
319 0.010404
320 0.010388
321 0.010376
322 0.010367
323 0.010361
324 0.010357
325 0.010351
326 0.010350
327 0.010347
328 0.011532
329 0.014124
330 0.014099
331 0.014275
332 0.014162
333 0.010851
334 0.010246
335 0.010239
336 0.010133
337 0.010137
338 0.010138
339 0.010146
340 0.010723
341 0.010756
342 0.010434
343 0.010513
344 0.010485
345 0.010454
346 0.010432
347 0.010404
348 0.010391
349 0.010377
350 0.010365
351 0.010357
352 0.010352
353 0.010355
354 0.010349
355 0.012852
356 0.013439
357 0.013697
358 0.014105
359 0.011244
360 0.010253
361 0.010248
362 0.010243
363 0.010242
364 0.010137
365 0.010138
366 0.010141
367 0.010149
368 0.010777
369 0.010775
370 0.010397
371 0.010483
372 0.010483
373 0.010447
374 0.010427
375 0.010406
376 0.010389
377 0.010373
378 0.010368
379 0.010354
380 0.010355
381 0.010402
382 0.013188
383 0.013202
384 0.013436
385 0.013381
386 0.010556
387 0.010320
388 0.010267
389 0.010247
390 0.010246
391 0.010241
392 0.010143
393 0.010146
394 0.010149
395 0.010752
396 0.010799
397 0.010360
398 0.010346
399 0.010452
400 0.010503
401 0.010452
402 0.010429
403 0.010410
404 0.010390
405 0.010376
406 0.010363
407 0.010360
408 0.011846
409 0.012523
410 0.012907
411 0.013195
412 0.011100
413 0.010372
414 0.010377
415 0.010355
416 0.010289
417 0.010249
418 0.010245
419 0.010244
420 0.010142
421 0.010153
422 0.010156
423 0.010769
424 0.010813
425 0.010379
426 0.010362
427 0.010437
428 0.010481
429 0.010456
430 0.010435
431 0.010410
432 0.010399
433 0.010380
434 0.010367
435 0.011433
436 0.011656
437 0.012080
438 0.012524
439 0.010550
440 0.010378
441 0.010376
442 0.010386
443 0.010668
444 0.010321
445 0.010249
446 0.010246
447 0.010244
448 0.010145
449 0.010157
450 0.010159
451 0.010785
452 0.010830
453 0.010384
454 0.010381
455 0.010423
456 0.010469
457 0.010457
458 0.010434
459 0.010423
460 0.010406
461 0.010591
462 0.010972
463 0.011275
464 0.011491
465 0.010941
466 0.010375
467 0.010380
468 0.010383
469 0.010387
470 0.011225
471 0.010789
472 0.010343
473 0.010266
474 0.010401
475 0.010634
476 0.010098
477 0.010128
478 0.010597
479 0.010802
480 0.010389
481 0.010389
482 0.010388
483 0.010542
484 0.010464
485 0.010490
486 0.010443
487 0.010429
488 0.010474
489 0.010463
490 0.010594
491 0.010804
492 0.010428
493 0.010383
494 0.010384
495 0.010383
496 0.010394
497 0.011191
498 0.011344
499 0.010990
500 0.011087
501 0.010708
502 0.010627
503 0.010621
504 0.010001
505 0.010032
506 0.010548
507 0.010648
508 0.010381
509 0.010385
510 0.010454
511 0.010575
512 0.010647
513 0.010487
514 0.010463
515 0.010444
516 0.010486
517 0.010477
518 0.010473
519 0.010400
520 0.010398
521 0.010393
522 0.010393
523 0.010399
524 0.010957
525 0.011609
526 0.011580
527 0.011669
528 0.011204
529 0.010708
530 0.010641
531 0.010070
532 0.010001
533 0.010001
534 0.010493
535 0.010616
536 0.010358
537 0.010367
538 0.010557
539 0.010565
540 0.010496
541 0.010516
542 0.010500
543 0.010453
544 0.010443
545 0.010430
546 0.010420
547 0.010414
548 0.010414
549 0.010407
550 0.010589
551 0.011708
552 0.012001
553 0.011598
554 0.011770
555 0.011746
556 0.011523
557 0.010431
558 0.010068
559 0.010068
560 0.010001
561 0.010000
562 0.010343
563 0.010321
564 0.010340
565 0.010527
566 0.010532
567 0.010511
568 0.010398
569 0.010574
570 0.010644
571 0.010458
572 0.010459
573 0.010448
574 0.010437
575 0.010431
576 0.011260
577 0.011231
578 0.011164
579 0.011512
580 0.011683
581 0.012040
582 0.011048
583 0.011244
584 0.011437
585 0.010067
586 0.010066
587 0.010063
588 0.010000
589 0.010000
590 0.010205
591 0.010286
592 0.010505
593 0.010519
594 0.010522
595 0.010431
596 0.010462
597 0.010592
598 0.010604
599 0.010538
600 0.010442
601 0.011334
602 0.011356
603 0.011370
604 0.011339
605 0.011266
606 0.011229
607 0.010323
608 0.010698
609 0.010834
610 0.011380
611 0.011056
612 0.010066
613 0.010066
614 0.010062
615 0.010062
616 0.010000
617 0.010000
618 0.010000
619 0.010375
620 0.010470
621 0.010531
622 0.010449
623 0.010521
624 0.010488
625 0.010508
626 0.010790
627 0.011430
628 0.011413
629 0.011286
630 0.011311
631 0.011336
632 0.010315
633 0.010331
634 0.010325
635 0.010315
636 0.010300
637 0.010448
638 0.010820
639 0.010065
640 0.010064
641 0.010061
642 0.011740
643 0.011965
644 0.010000
645 0.010000
646 0.010000
647 0.010000
648 0.010467
649 0.010461
650 0.010491
651 0.010572
652 0.010990
653 0.011018
654 0.011291
655 0.011397
656 0.011331
657 0.010107
658 0.010103
659 0.010232
660 0.010253
661 0.010268
662 0.010284
663 0.010291
664 0.010276
665 0.010228
666 0.010065
667 0.010060
668 0.010060
669 0.011736
670 0.011787
671 0.011823
672 0.013516
673 0.010000
674 0.010000
675 0.010000
676 0.010000
677 0.010000
678 0.010438
679 0.010629
680 0.010868
681 0.010851
682 0.010041
683 0.010087
684 0.010109
685 0.010101
686 0.010098
687 0.010096
688 0.010092
689 0.010083
690 0.010213
691 0.010220
692 0.010207
693 0.010068
694 0.010065
695 0.010060
696 0.011736
697 0.011736
698 0.011754
699 0.011875
700 0.013516
701 0.013516
702 0.010000
703 0.010000
704 0.010000
705 0.010000
706 0.010000
707 0.010000
708 0.010001
709 0.010001
710 0.010020
711 0.010066
712 0.010099
713 0.010105
714 0.010094
715 0.010090
716 0.010088
717 0.010085
718 0.010077
719 0.010075
720 0.010073
721 0.010068
722 0.010063
723 0.011752
724 0.011557
725 0.011743
726 0.011733
727 0.011735
728 0.013516
729 0.013516
730 0.013516
731 0.013516
732 0.010000
733 0.010000
734 0.010000
735 0.010000
736 0.010000
737 0.010001
738 0.010001
739 0.010049
740 0.010086
741 0.010099
742 0.010093
743 0.010090
744 0.010084
745 0.010081
746 0.010076
747 0.010071
748 0.010069
749 0.010064
750 0.011030
751 0.010443
752 0.010753
753 0.011216
754 0.011787
755 0.011732
756 0.013516
757 0.013516
758 0.014079
759 0.014192
760 0.013516
761 0.010000
762 0.010000
763 0.010000
764 0.010000
765 0.010000
766 0.010000
767 0.010031
768 0.010072
769 0.010094
770 0.010092
771 0.010089
772 0.010083
773 0.010076
774 0.010076
775 0.010074
776 0.010069
777 0.010336
778 0.010217
779 0.010222
780 0.010287
781 0.010383
782 0.011041
783 0.011733
