0 0.003744
1 0.003641
2 0.003248
3 0.003840
4 0.004987
5 0.009737
6 0.013113
7 0.014319
8 0.010514
9 0.007996
10 0.005971
11 0.005248
12 0.001466
13 0.000315
14 0.000145
15 0.000133
16 0.000111
17 0.000090
18 0.000303
19 0.001041
20 0.002071
21 0.002141
22 0.002468
23 0.002546
24 0.002420
25 0.003223
26 0.004559
27 0.006439
28 0.003299
29 0.003487
30 0.003082
31 0.003128
32 0.003686
33 0.005617
34 0.011373
35 0.012652
36 0.010629
37 0.007595
38 0.007433
39 0.010627
40 0.001690
41 0.000196
42 0.000122
43 0.000103
44 0.000083
45 0.000088
46 0.000138
47 0.000627
48 0.001787
49 0.002071
50 0.000033
51 0.000000
52 0.003040
53 0.004564
54 0.006952
55 0.010505
56 0.003522
57 0.003054
58 0.003037
59 0.003082
60 0.003128
61 0.003700
62 0.005909
63 0.009849
64 0.008811
65 0.008190
66 0.016307
67 0.010922
68 0.002080
69 0.000194
70 0.000085
71 0.000074
72 0.000072
73 0.000065
74 0.000073
75 0.000285
76 0.000138
77 0.000000
78 0.000000
79 0.000000
80 0.000000
81 0.006797
82 0.010505
83 0.010429
84 0.004943
85 0.003391
86 0.002670
87 0.002712
88 0.002806
89 0.002869
90 0.003700
91 0.005050
92 0.007004
93 0.008154
94 0.022730
95 0.007551
96 0.001649
97 0.000335
98 0.000126
99 0.000059
100 0.000061
101 0.000028
102 0.000004
103 0.000000
104 0.000000
105 0.000000
106 0.000000
107 0.000000
108 0.000081
109 0.010371
110 0.010429
111 0.014498
112 0.007548
113 0.004954
114 0.003352
115 0.002681
116 0.000000
117 0.000000
118 0.000000
119 0.000001
120 0.000054
121 0.008934
122 0.017789
123 0.006589
124 0.001040
125 0.000617
126 0.000176
127 0.000018
128 0.000004
129 0.000001
130 0.000000
131 0.000000
132 0.000000
133 0.000000
134 0.000000
135 0.000050
136 0.005349
137 0.010239
138 0.018726
139 0.012203
140 0.010001
141 0.007553
142 0.005142
143 0.003880
144 0.000000
145 0.000000
146 0.000000
147 0.000000
148 0.000000
149 0.000001
150 0.000003
151 0.000005
152 0.000017
153 0.000031
154 0.000030
155 0.000003
156 0.000000
157 0.000000
158 0.000000
159 0.000000
160 0.000000
161 0.000000
162 0.000092
163 0.000196
164 0.010439
165 0.017002
166 0.010587
167 0.007914
168 0.008945
169 0.010001
170 0.008876
171 0.006307
172 0.000114
173 0.000000
174 0.000000
175 0.000000
176 0.000000
177 0.000000
178 0.000000
179 0.000000
180 0.000000
181 0.000000
182 0.000000
183 0.000000
184 0.000000
185 0.000000
186 0.000000
187 0.000000
188 0.000000
189 0.000020
190 0.000136
191 0.005283
192 0.014233
193 0.009015
194 0.005911
195 0.003993
196 0.005668
197 0.007873
198 0.010001
199 0.009696
200 0.006466
201 0.000002
202 0.000000
203 0.000000
204 0.000003
205 0.000002
206 0.000000
207 0.000000
208 0.000000
209 0.000000
210 0.000000
211 0.000000
212 0.000000
213 0.000000
214 0.000000
215 0.000000
216 0.000000
217 0.000002
218 0.000213
219 0.004159
220 0.007919
221 0.005203
222 0.003527
223 0.003819
224 0.003105
225 0.004304
226 0.006035
227 0.010001
228 0.010568
229 0.002607
230 0.000000
231 0.000000
232 0.000000
233 0.000001
234 0.000000
235 0.000000
236 0.000000
237 0.000000
238 0.000000
239 0.000000
240 0.000000
241 0.000000
242 0.000000
243 0.000000
244 0.000000
245 0.000000
246 0.000182
247 0.000558
248 0.000633
249 0.000546
250 0.001198
251 0.002283
252 0.002106
253 0.002201
254 0.003105
255 0.003901
256 0.005694
257 0.008180
258 0.000039
259 0.000001
260 0.000000
261 0.000000
262 0.000000
263 0.000000
264 0.000000
265 0.000000
266 0.000000
267 0.000000
268 0.000000
269 0.000000
270 0.000000
271 0.000000
272 0.000000
273 0.000000
274 0.000005
275 0.000089
276 0.000082
277 0.000209
278 0.000431
279 0.000996
280 0.001693
281 0.001140
282 0.001195
283 0.001632
284 0.002772
285 0.003337
286 0.999997
287 0.000012
288 0.000000
289 0.000000
290 0.000000
291 0.000000
292 0.000000
293 0.000000
294 0.000000
295 0.000003
296 0.000011
297 0.000029
298 0.000001
299 0.000000
300 0.000000
301 0.000000
302 0.000001
303 0.000075
304 0.000132
305 0.000311
306 0.000549
307 0.000662
308 0.001465
309 0.001205
310 0.000947
311 0.000796
312 0.001113
313 0.000735
314 0.005171
315 0.000021
316 0.000000
317 0.000000
318 0.000000
319 0.000000
320 0.000000
321 0.000000
322 0.000002
323 0.000127
324 0.008049
325 0.999995
326 0.000005
327 0.000000
328 0.000000
329 0.000000
330 0.000001
331 0.000030
332 0.000386
333 0.000539
334 0.000648
335 0.000651
336 0.001227
337 0.001198
338 0.001258
339 0.000638
340 0.000150
341 0.000051
342 0.000131
343 0.000013
344 0.000000
345 0.000000
346 0.000000
347 0.000000
348 0.000000
349 0.000000
350 0.000015
351 0.004575
352 0.087023
353 0.004170
354 0.000097
355 0.000005
356 0.000002
357 0.000000
358 0.000001
359 0.000028
360 0.000821
361 0.000509
362 0.000391
363 0.000241
364 0.001354
365 0.001216
366 0.000543
367 0.000222
368 0.000021
369 0.000041
370 0.000007
371 0.000001
372 0.000000
373 0.000000
374 0.000000
375 0.000000
376 0.000000
377 0.000000
378 0.000046
379 0.009848
380 0.014234
381 0.000931
382 0.001459
383 0.000198
384 0.000022
385 0.000003
386 0.000002
387 0.000020
388 0.000447
389 0.000526
390 0.000291
391 0.000207
392 0.000656
393 0.000334
394 0.000162
395 0.000039
396 0.000004
397 0.000009
398 0.000001
399 0.000000
400 0.000000
401 0.000000
402 0.000000
403 0.000000
404 0.000000
405 0.000002
406 0.000134
407 0.000252
408 0.001356
409 0.001766
410 0.002454
411 0.029107
412 0.000213
413 0.000005
414 0.000001
415 0.000002
416 0.000087
417 0.000996
418 0.000873
419 0.000842
420 0.000267
421 0.000105
422 0.000057
423 0.000014
424 0.000008
425 0.000002
426 0.000000
427 0.000000
428 0.000000
429 0.000000
430 0.000000
431 0.000000
432 0.000001
433 0.000014
434 0.000012
435 0.000068
436 0.000045
437 0.002414
438 0.014709
439 0.999988
440 0.000439
441 0.000006
442 0.000000
443 0.000000
444 0.000017
445 0.004235
446 0.005313
447 0.003472
448 0.000145
449 0.000073
450 0.000052
451 0.000007
452 0.000006
453 0.000001
454 0.000000
455 0.000000
456 0.000000
457 0.000000
458 0.000000
459 0.000000
460 0.000001
461 0.000002
462 0.000009
463 0.000007
464 0.000012
465 0.000094
466 0.004778
467 0.002154
468 0.001090
469 0.000015
470 0.000001
471 0.000000
472 0.000011
473 0.002343
474 0.009702
475 0.011172
476 0.000418
477 0.000225
478 0.000071
479 0.000005
480 0.000001
481 0.000000
482 0.000000
483 0.000000
484 0.000000
485 0.000000
486 0.000002
487 0.000002
488 0.000001
489 0.000001
490 0.000002
491 0.000001
492 0.000000
493 0.000004
494 0.000177
495 0.001913
496 0.001424
497 0.000274
498 0.000012
499 0.000001
500 0.000005
501 0.000557
502 0.012138
503 0.012990
504 0.001626
505 0.000929
506 0.000130
507 0.000024
508 0.000001
509 0.000000
510 0.000000
511 0.000000
512 0.000000
513 0.000001
514 0.000015
515 0.000004
516 0.000001
517 0.000000
518 0.000000
519 0.000000
520 0.000000
521 0.000001
522 0.000011
523 0.000316
524 0.999943
525 0.005410
526 0.000204
527 0.000007
528 0.000002
529 0.000245
530 0.013573
531 0.010001
532 0.001555
533 0.001448
534 0.000174
535 0.000024
536 0.000003
537 0.000000
538 0.000000
539 0.000001
540 0.000002
541 0.000009
542 0.000009
543 0.000007
544 0.000001
545 0.000000
546 0.000000
547 0.000000
548 0.000000
549 0.000000
550 0.000001
551 0.000012
552 0.000298
553 0.009285
554 0.002986
555 0.000078
556 0.000012
557 0.000281
558 0.010001
559 0.010000
560 0.001799
561 0.001739
562 0.000093
563 0.000011
564 0.000002
565 0.000001
566 0.000008
567 0.000023
568 0.000213
569 0.000061
570 0.000018
571 0.000003
572 0.000000
573 0.000000
574 0.000000
575 0.000000
576 0.000000
577 0.000000
578 0.000000
579 0.000000
580 0.000004
581 0.000119
582 0.006442
583 0.001170
584 0.000288
585 0.010002
586 0.010002
587 0.010001
588 0.002073
589 0.001799
590 0.000261
591 0.000012
592 0.000004
593 0.000007
594 0.000126
595 0.002540
596 0.001576
597 0.000390
598 0.000035
599 0.000009
600 0.000001
601 0.000000
602 0.000000
603 0.000000
604 0.000000
605 0.000000
606 0.000000
607 0.000000
608 0.000000
609 0.000004
610 0.000305
611 0.005984
612 0.010007
613 0.010004
614 0.010002
615 0.010002
616 0.002209
617 0.002073
618 0.001799
619 0.000400
620 0.000050
621 0.000034
622 0.000157
623 0.000977
624 0.000605
625 0.000203
626 0.000144
627 0.000379
628 0.000098
629 0.000006
630 0.000001
631 0.000000
632 0.000000
633 0.000000
634 0.000000
635 0.000000
636 0.000000
637 0.000002
638 0.000145
639 0.005200
640 0.009231
641 0.010006
642 0.000000
643 0.000000
644 0.002280
645 0.002209
646 0.002248
647 0.003669
648 0.005699
649 0.000324
650 0.000088
651 0.000112
652 0.000144
653 0.000407
654 0.000939
655 0.001157
656 0.000887
657 0.000989
658 0.001125
659 0.000164
660 0.000010
661 0.000003
662 0.000001
663 0.000001
664 0.000002
665 0.000047
666 0.001507
667 0.003035
668 0.005331
669 0.000000
670 0.000000
671 0.000000
672 0.000000
673 0.002396
674 0.003240
675 0.008614
676 0.015099
677 0.020009
678 0.000576
679 0.000386
680 0.001289
681 0.002401
682 0.008996
683 0.003542
684 0.001395
685 0.002607
686 0.003476
687 0.002113
688 0.000725
689 0.000653
690 0.000152
691 0.000094
692 0.000197
693 0.000912
694 0.000992
695 0.001832
696 0.000000
697 0.000000
698 0.000000
699 0.000000
700 0.000000
701 0.000000
702 0.008180
703 0.012735
704 0.018735
705 0.010002
706 0.010002
707 0.010002
708 0.010002
709 0.010002
710 0.005441
711 0.002479
712 0.001382
713 0.004472
714 0.011315
715 0.003248
716 0.001341
717 0.000592
718 0.000737
719 0.000768
720 0.000800
721 0.000948
722 0.001121
723 0.000000
724 0.000000
725 0.000000
726 0.000000
727 0.000000
728 0.000000
729 0.000000
730 0.000000
731 0.000000
732 0.011588
733 0.010002
734 0.010002
735 0.010002
736 0.010002
737 0.007865
738 0.003773
739 0.001820
740 0.003118
741 0.006557
742 0.013572
743 0.006173
744 0.002487
745 0.001074
746 0.000768
747 0.000912
748 0.000948
749 0.001121
750 0.000000
751 0.000000
752 0.000000
753 0.000000
754 0.000000
755 0.000000
756 0.000000
757 0.000000
758 0.000016
759 0.000036
760 0.000000
761 0.010002
762 0.010002
763 0.010002
764 0.010002
765 0.005579
766 0.002738
767 0.001770
768 0.004465
769 0.010731
770 0.010008
771 0.010007
772 0.003969
773 0.001948
774 0.000878
775 0.000833
776 0.000986
777 0.000000
778 0.000096
779 0.000065
780 0.000001
781 0.000000
782 0.000000
783 0.000000
