0 0.003237
1 0.003214
2 0.002976
3 0.003443
4 0.003199
5 0.002920
6 0.002920
7 0.002922
8 0.000581
9 0.000131
10 0.000090
11 0.000061
12 0.000040
13 0.000040
14 0.000043
15 0.000047
16 0.000117
17 0.000420
18 0.004214
19 0.010406
20 0.005749
21 0.001892
22 0.001423
23 0.001385
24 0.001194
25 0.001212
26 0.001463
27 0.001536
28 0.002809
29 0.002988
30 0.002719
31 0.002870
32 0.003118
33 0.003198
34 0.002919
35 0.001849
36 0.000237
37 0.000060
38 0.000079
39 0.000068
40 0.000038
41 0.000037
42 0.000046
43 0.000072
44 0.000240
45 0.000989
46 0.001627
47 0.002151
48 0.002131
49 0.001231
50 0.000000
51 0.000000
52 0.001097
53 0.001329
54 0.001193
55 0.001463
56 0.002987
57 0.002576
58 0.002468
59 0.002549
60 0.002719
61 0.002816
62 0.002919
63 0.000818
64 0.000113
65 0.000037
66 0.000071
67 0.000063
68 0.000043
69 0.000037
70 0.000046
71 0.000150
72 0.000688
73 0.001097
74 0.000387
75 0.000421
76 0.000000
77 0.000000
78 0.000000
79 0.000000
80 0.000000
81 0.001076
82 0.001329
83 0.001193
84 0.002869
85 0.002466
86 0.002109
87 0.001925
88 0.002118
89 0.002397
90 0.002784
91 0.000325
92 0.000047
93 0.000032
94 0.000034
95 0.000057
96 0.000078
97 0.000098
98 0.000095
99 0.000362
100 0.001237
101 0.000039
102 0.000000
103 0.000000
104 0.000000
105 0.000000
106 0.000000
107 0.000000
108 0.000000
109 0.001022
110 0.001076
111 0.001329
112 0.002466
113 0.002362
114 0.001923
115 0.001838
116 0.000000
117 0.000000
118 0.000000
119 0.000000
120 0.000000
121 0.000002
122 0.000032
123 0.000043
124 0.000208
125 0.000210
126 0.000362
127 0.000001
128 0.000000
129 0.000000
130 0.000000
131 0.000000
132 0.000000
133 0.000000
134 0.000000
135 0.000000
136 0.000107
137 0.000820
138 0.001022
139 0.001267
140 0.002362
141 0.002013
142 0.001836
143 0.001755
144 0.000000
145 0.000000
146 0.000000
147 0.000000
148 0.000000
149 0.000000
150 0.000000
151 0.000000
152 0.000000
153 0.000000
154 0.000000
155 0.000000
156 0.000000
157 0.000000
158 0.000000
159 0.000000
160 0.000000
161 0.000000
162 0.000000
163 0.000000
164 0.000833
165 0.000777
166 0.000971
167 0.001022
168 0.002013
169 0.001836
170 0.001754
171 0.001602
172 0.000000
173 0.000000
174 0.000000
175 0.000000
176 0.000000
177 0.000000
178 0.000000
179 0.000000
180 0.000000
181 0.000000
182 0.000000
183 0.000000
184 0.000000
185 0.000000
186 0.000000
187 0.000000
188 0.000000
189 0.000000
190 0.000000
191 0.000000
192 0.000660
193 0.000697
194 0.000735
195 0.001105
196 0.001836
197 0.001754
198 0.001474
199 0.001338
200 0.000000
201 0.000000
202 0.000000
203 0.000000
204 0.000000
205 0.000000
206 0.000000
207 0.000000
208 0.000000
209 0.000000
210 0.000000
211 0.000000
212 0.000000
213 0.000000
214 0.000000
215 0.000000
216 0.000000
217 0.000000
218 0.000000
219 0.000024
220 0.000660
221 0.000706
222 0.000829
223 0.001044
224 0.001754
225 0.001474
226 0.001338
227 0.001275
228 0.001005
229 0.000000
230 0.000000
231 0.000000
232 0.000000
233 0.000000
234 0.000000
235 0.000000
236 0.000000
237 0.000000
238 0.000000
239 0.000000
240 0.000000
241 0.000000
242 0.000000
243 0.000000
244 0.000000
245 0.000000
246 0.000000
247 0.000001
248 0.000003
249 0.000007
250 0.000021
251 0.000056
252 0.001676
253 0.001338
254 0.001275
255 0.000299
256 0.000008
257 0.000000
258 0.000000
259 0.000000
260 0.000000
261 0.000000
262 0.000000
263 0.000000
264 0.000000
265 0.000000
266 0.000000
267 0.000000
268 0.000000
269 0.000000
270 0.000000
271 0.000000
272 0.000000
273 0.000000
274 0.000000
275 0.000000
276 0.000000
277 0.000001
278 0.000001
279 0.000002
280 0.001338
281 0.000089
282 0.000015
283 0.000001
284 0.000000
285 0.000000
286 0.000000
287 0.000000
288 0.000000
289 0.000000
290 0.000000
291 0.000000
292 0.000000
293 0.000000
294 0.000000
295 0.000000
296 0.000000
297 0.000000
298 0.000000
299 0.000000
300 0.000000
301 0.000000
302 0.000000
303 0.000000
304 0.000000
305 0.000000
306 0.000000
307 0.000001
308 0.000016
309 0.000002
310 0.000000
311 0.000000
312 0.000000
313 0.000000
314 0.000000
315 0.000000
316 0.000000
317 0.000000
318 0.000000
319 0.000000
320 0.000000
321 0.000000
322 0.000000
323 0.000000
324 0.000000
325 0.000000
326 0.000000
327 0.000000
328 0.000000
329 0.000000
330 0.000000
331 0.000000
332 0.000000
333 0.000000
334 0.000001
335 0.000001
336 0.000001
337 0.000000
338 0.000000
339 0.000000
340 0.000000
341 0.000000
342 0.000000
343 0.000000
344 0.000000
345 0.000000
346 0.000000
347 0.000000
348 0.000000
349 0.000000
350 0.000000
351 0.000000
352 0.000000
353 0.000000
354 0.000000
355 0.000000
356 0.000000
357 0.000000
358 0.000000
359 0.000000
360 0.000000
361 0.000001
362 0.000002
363 0.000003
364 0.000002
365 0.000001
366 0.000000
367 0.000000
368 0.000000
369 0.000000
370 0.000000
371 0.000000
372 0.000000
373 0.000000
374 0.000000
375 0.000000
376 0.000000
377 0.000000
378 0.000000
379 0.000000
380 0.000000
381 0.000000
382 0.000000
383 0.000000
384 0.000000
385 0.000000
386 0.000000
387 0.000000
388 0.000000
389 0.000002
390 0.000004
391 0.000009
392 0.000005
393 0.000002
394 0.000001
395 0.000000
396 0.000000
397 0.000000
398 0.000000
399 0.000000
400 0.000000
401 0.000000
402 0.000000
403 0.000000
404 0.000000
405 0.000000
406 0.000000
407 0.000000
408 0.000000
409 0.000000
410 0.000000
411 0.000000
412 0.000000
413 0.000000
414 0.000000
415 0.000000
416 0.000000
417 0.000006
418 0.000009
419 0.000009
420 0.000007
421 0.000007
422 0.000003
423 0.000000
424 0.000000
425 0.000000
426 0.000000
427 0.000000
428 0.000000
429 0.000000
430 0.000000
431 0.000000
432 0.000000
433 0.000000
434 0.000000
435 0.000000
436 0.000000
437 0.000000
438 0.000000
439 0.000000
440 0.000000
441 0.000000
442 0.000000
443 0.000000
444 0.000000
445 0.000007
446 0.000004
447 0.000003
448 0.000009
449 0.000006
450 0.000005
451 0.000000
452 0.000000
453 0.000000
454 0.000008
455 0.000734
456 0.000000
457 0.000000
458 0.000000
459 0.000000
460 0.000000
461 0.000000
462 0.000000
463 0.000000
464 0.000000
465 0.000000
466 0.000000
467 0.000011
468 0.000344
469 0.000000
470 0.000000
471 0.000000
472 0.000000
473 0.000001
474 0.000001
475 0.000002
476 0.000010
477 0.000009
478 0.000002
479 0.000000
480 0.000000
481 0.000014
482 0.055383
483 0.270260
484 0.000000
485 0.000000
486 0.000000
487 0.000000
488 0.000000
489 0.000000
490 0.000000
491 0.000000
492 0.000000
493 0.000000
494 0.000000
495 0.002174
496 0.999516
497 0.000142
498 0.000000
499 0.000000
500 0.000000
501 0.000000
502 0.000002
503 0.000004
504 0.000016
505 0.000010
506 0.000001
507 0.000000
508 0.000001
509 0.002203
510 1.000000
511 0.000020
512 0.000000
513 0.000000
514 0.000000
515 0.000000
516 0.000000
517 0.000000
518 0.000000
519 0.000000
520 0.000000
521 0.000000
522 0.000000
523 0.000043
524 0.002665
525 0.000736
526 0.000001
527 0.000000
528 0.000000
529 0.000000
530 0.000009
531 0.000024
532 0.000014
533 0.000139
534 0.000007
535 0.000001
536 0.000288
537 0.016755
538 0.000007
539 0.000000
540 0.000000
541 0.000000
542 0.000000
543 0.000000
544 0.000000
545 0.000000
546 0.000000
547 0.000000
548 0.000000
549 0.000000
550 0.000000
551 0.000000
552 0.000003
553 0.001159
554 0.001003
555 0.000008
556 0.000000
557 0.000006
558 0.000086
559 0.000041
560 0.000712
561 0.003101
562 0.000100
563 0.000018
564 0.000394
565 0.000024
566 0.000000
567 0.000000
568 0.000000
569 0.000000
570 0.000000
571 0.000000
572 0.000000
573 0.000000
574 0.000000
575 0.000000
576 0.000000
577 0.000000
578 0.000000
579 0.000000
580 0.000000
581 0.000056
582 0.017749
583 0.006117
584 0.000335
585 0.002312
586 0.000465
587 0.000178
588 0.005626
589 0.034590
590 0.002044
591 0.000119
592 0.000061
593 0.000000
594 0.000000
595 0.000000
596 0.000000
597 0.000000
598 0.000000
599 0.000000
600 0.000000
601 0.000000
602 0.000000
603 0.000000
604 0.000000
605 0.000000
606 0.000000
607 0.000000
608 0.000000
609 0.000001
610 0.000342
611 0.074195
612 0.061164
613 0.010571
614 0.003738
615 0.001036
616 0.067559
617 0.021189
618 0.010000
619 0.000686
620 0.000003
621 0.000000
622 0.000000
623 0.000000
624 0.000000
625 0.000000
626 0.000000
627 0.000000
628 0.000000
629 0.000000
630 0.000000
631 0.000000
632 0.000000
633 0.000000
634 0.000000
635 0.000000
636 0.000000
637 0.000000
638 0.000027
639 0.003159
640 0.014246
641 0.045631
642 0.000000
643 0.000000
644 0.021659
645 0.010000
646 0.001421
647 0.000172
648 0.000016
649 0.000000
650 0.000000
651 0.000000
652 0.000000
653 0.000000
654 0.000000
655 0.000000
656 0.000000
657 0.000000
658 0.000000
659 0.000000
660 0.000000
661 0.000000
662 0.000000
663 0.000000
664 0.000000
665 0.000001
666 0.000041
667 0.000611
668 0.002067
669 0.000000
670 0.000000
671 0.000000
672 0.000000
673 0.001534
674 0.000288
675 0.000046
676 0.000031
677 0.000021
678 0.000000
679 0.000000
680 0.000000
681 0.000001
682 0.000000
683 0.000000
684 0.000000
685 0.000000
686 0.000000
687 0.000000
688 0.000000
689 0.000005
690 0.000002
691 0.000001
692 0.000003
693 0.000020
694 0.000024
695 0.000047
696 0.000000
697 0.000000
698 0.000000
699 0.000000
700 0.000000
701 0.000000
702 0.000076
703 0.000037
704 0.000034
705 0.000031
706 0.000021
707 0.000019
708 0.000016
709 0.000010
710 0.000001
711 0.000000
712 0.000000
713 0.000000
714 0.000000
715 0.000000
716 0.000001
717 0.000022
718 0.000014
719 0.000015
720 0.000016
721 0.000022
722 0.000030
723 0.000000
724 0.000000
725 0.000000
726 0.000000
727 0.000000
728 0.000000
729 0.000000
730 0.000000
731 0.000000
732 0.000037
733 0.000034
734 0.000023
735 0.000021
736 0.000019
737 0.000013
738 0.000010
739 0.000000
740 0.000000
741 0.000000
742 0.000000
743 0.000000
744 0.000003
745 0.000028
746 0.000015
747 0.000020
748 0.000022
749 0.000030
750 0.000000
751 0.000000
752 0.000000
753 0.000000
754 0.000000
755 0.000000
756 0.000000
757 0.000000
758 0.000000
759 0.000000
760 0.000000
761 0.000037
762 0.000034
763 0.000023
764 0.000021
765 0.000019
766 0.000017
767 0.000001
768 0.000000
769 0.000000
770 0.000000
771 0.000000
772 0.000017
773 0.000018
774 0.000015
775 0.000017
776 0.000024
777 0.000000
778 0.000007
779 0.000006
780 0.000001
781 0.000000
782 0.000000
783 0.000000
