0 0.007081
1 0.006403
2 0.005040
3 0.004361
4 0.003498
5 0.003102
6 0.002891
7 0.002791
8 0.000663
9 0.000140
10 0.000102
11 0.000094
12 0.000100
13 0.000112
14 0.000208
15 0.000479
16 0.000525
17 0.000328
18 0.000398
19 0.000614
20 0.001176
21 0.001229
22 0.001483
23 0.001546
24 0.001403
25 0.001468
26 0.001976
27 0.002943
28 0.007007
29 0.007081
30 0.006141
31 0.004874
32 0.003798
33 0.003171
34 0.002791
35 0.001958
36 0.000280
37 0.000075
38 0.000069
39 0.000073
40 0.000075
41 0.000091
42 0.000135
43 0.000297
44 0.000491
45 0.000526
46 0.000344
47 0.000476
48 0.000969
49 0.001176
50 0.000000
51 0.000000
52 0.001342
53 0.001828
54 0.002735
55 0.004778
56 0.009379
57 0.007008
58 0.006880
59 0.006072
60 0.004635
61 0.003179
62 0.002695
63 0.000868
64 0.000148
65 0.000050
66 0.000063
67 0.000055
68 0.000050
69 0.000057
70 0.000074
71 0.000174
72 0.000429
73 0.000468
74 0.000302
75 0.000353
76 0.000002
77 0.000000
78 0.000000
79 0.000000
80 0.000000
81 0.002579
82 0.004632
83 0.007009
84 0.014181
85 0.010055
86 0.007302
87 0.006668
88 0.005410
89 0.004058
90 0.002907
91 0.000363
92 0.000064
93 0.000041
94 0.000040
95 0.000041
96 0.000042
97 0.000052
98 0.000050
99 0.000090
100 0.000247
101 0.000206
102 0.000001
103 0.000000
104 0.000000
105 0.000000
106 0.000001
107 0.000001
108 0.000034
109 0.004460
110 0.006953
111 0.008210
112 0.017774
113 0.015193
114 0.010850
115 0.007303
116 0.000000
117 0.000001
118 0.000001
119 0.000001
120 0.000001
121 0.000011
122 0.000035
123 0.000036
124 0.000038
125 0.000037
126 0.000037
127 0.000005
128 0.000001
129 0.000000
130 0.000000
131 0.000000
132 0.000000
133 0.000000
134 0.000001
135 0.000003
136 0.000093
137 0.006845
138 0.008076
139 0.006627
140 0.009809
141 0.016037
142 0.016136
143 0.012047
144 0.000000
145 0.000000
146 0.000001
147 0.000000
148 0.000001
149 0.000001
150 0.000001
151 0.000001
152 0.000001
153 0.000001
154 0.000001
155 0.000000
156 0.000000
157 0.000000
158 0.000000
159 0.000000
160 0.000000
161 0.000001
162 0.000002
163 0.000089
164 0.008076
165 0.007945
166 0.005598
167 0.003659
168 0.004562
169 0.008458
170 0.013595
171 0.017496
172 0.000001
173 0.000001
174 0.000001
175 0.000000
176 0.000000
177 0.000001
178 0.000001
179 0.000001
180 0.000000
181 0.000000
182 0.000000
183 0.000000
184 0.000000
185 0.000000
186 0.000000
187 0.000000
188 0.000001
189 0.000002
190 0.000092
191 0.000181
192 0.007025
193 0.004525
194 0.003152
195 0.003360
196 0.002813
197 0.003557
198 0.006145
199 0.011779
200 0.000146
201 0.000001
202 0.000001
203 0.000001
204 0.000000
205 0.000000
206 0.000000
207 0.000000
208 0.000000
209 0.000000
210 0.000000
211 0.000000
212 0.000000
213 0.000000
214 0.000000
215 0.000000
216 0.000001
217 0.000004
218 0.000038
219 0.000126
220 0.003916
221 0.003072
222 0.003148
223 0.004590
224 0.002714
225 0.002374
226 0.002483
227 0.004753
228 0.008462
229 0.000001
230 0.000000
231 0.000001
232 0.000001
233 0.000000
234 0.000000
235 0.000000
236 0.000000
237 0.000000
238 0.000000
239 0.000000
240 0.000000
241 0.000000
242 0.000001
243 0.000002
244 0.000010
245 0.000008
246 0.000004
247 0.000268
248 0.000243
249 0.000362
250 0.001202
251 0.003941
252 0.002621
253 0.002202
254 0.002122
255 0.001336
256 0.000643
257 0.000001
258 0.000000
259 0.000000
260 0.000001
261 0.000000
262 0.000000
263 0.000000
264 0.000000
265 0.000000
266 0.000000
267 0.000000
268 0.000000
269 0.000001
270 0.000002
271 0.000083
272 0.999962
273 0.000022
274 0.000006
275 0.000382
276 0.000316
277 0.000854
278 0.001344
279 0.001307
280 0.002195
281 0.000870
282 0.000475
283 0.000165
284 0.000087
285 0.000001
286 0.000000
287 0.000000
288 0.000000
289 0.000001
290 0.000001
291 0.000001
292 0.000000
293 0.000000
294 0.000000
295 0.000000
296 0.000000
297 0.000001
298 0.000003
299 0.000407
300 0.000135
301 0.000031
302 0.000052
303 0.004514
304 0.008828
305 0.006514
306 0.003500
307 0.002295
308 0.000661
309 0.000277
310 0.000121
311 0.000058
312 0.000007
313 0.000001
314 0.000000
315 0.000000
316 0.000000
317 0.000001
318 0.000001
319 0.000001
320 0.000001
321 0.000000
322 0.000000
323 0.000000
324 0.000000
325 0.000001
326 0.000003
327 0.000015
328 0.000005
329 0.000007
330 0.000440
331 0.001701
332 0.011236
333 0.015651
334 0.007475
335 0.003820
336 0.000391
337 0.000210
338 0.000116
339 0.000055
340 0.000002
341 0.000001
342 0.000000
343 0.000000
344 0.000000
345 0.000001
346 0.000001
347 0.000001
348 0.000001
349 0.000001
350 0.000000
351 0.000000
352 0.000001
353 0.000001
354 0.000002
355 0.000002
356 0.000001
357 0.000004
358 0.000106
359 0.000198
360 0.001164
361 0.001126
362 0.001225
363 0.001490
364 0.000502
365 0.000400
366 0.000182
367 0.000082
368 0.000001
369 0.000000
370 0.000000
371 0.000000
372 0.000000
373 0.000001
374 0.000001
375 0.000001
376 0.000001
377 0.000001
378 0.000001
379 0.000001
380 0.000001
381 0.000001
382 0.000002
383 0.000001
384 0.000001
385 0.000004
386 0.000020
387 0.000013
388 0.000033
389 0.000096
390 0.000108
391 0.000157
392 0.000373
393 0.000258
394 0.000167
395 0.000021
396 0.000001
397 0.000000
398 0.000000
399 0.000000
400 0.000000
401 0.000000
402 0.000001
403 0.000001
404 0.000001
405 0.000002
406 0.000010
407 0.000006
408 0.000003
409 0.000002
410 0.000002
411 0.000001
412 0.000001
413 0.000002
414 0.000006
415 0.000002
416 0.000003
417 0.000012
418 0.000021
419 0.000056
420 0.000252
421 0.000215
422 0.000171
423 0.000006
424 0.000001
425 0.000000
426 0.000000
427 0.000000
428 0.000000
429 0.000000
430 0.000001
431 0.000001
432 0.000001
433 0.000001
434 0.000011
435 0.000490
436 0.000113
437 0.000014
438 0.000003
439 0.000001
440 0.000001
441 0.000001
442 0.000001
443 0.000001
444 0.000002
445 0.000021
446 0.000038
447 0.000067
448 0.000301
449 0.000219
450 0.000183
451 0.000002
452 0.000001
453 0.000001
454 0.000000
455 0.000000
456 0.000000
457 0.000000
458 0.000001
459 0.000001
460 0.000001
461 0.000001
462 0.000006
463 0.000603
464 0.999958
465 0.000312
466 0.000003
467 0.000001
468 0.000001
469 0.000001
470 0.000001
471 0.000001
472 0.000002
473 0.000020
474 0.000083
475 0.000135
476 0.000498
477 0.000387
478 0.000092
479 0.000001
480 0.000001
481 0.000001
482 0.000001
483 0.000001
484 0.000000
485 0.000000
486 0.000001
487 0.000001
488 0.000002
489 0.000003
490 0.000005
491 0.000063
492 0.000325
493 0.000629
494 0.000004
495 0.000001
496 0.000001
497 0.000001
498 0.000001
499 0.000002
500 0.000005
501 0.000018
502 0.000178
503 0.000231
504 0.001037
505 0.000665
506 0.000027
507 0.000001
508 0.000001
509 0.000001
510 0.000001
511 0.000001
512 0.000001
513 0.000001
514 0.000001
515 0.000001
516 0.000006
517 0.000018
518 0.000005
519 0.000002
520 0.000003
521 0.000007
522 0.000008
523 0.000002
524 0.000001
525 0.000001
526 0.000001
527 0.000001
528 0.000005
529 0.000025
530 0.000312
531 0.000433
532 0.000981
533 0.000897
534 0.000013
535 0.000001
536 0.000001
537 0.000001
538 0.000001
539 0.000001
540 0.000001
541 0.000001
542 0.000001
543 0.000003
544 0.000010
545 0.000015
546 0.000008
547 0.000002
548 0.000001
549 0.000002
550 0.000003
551 0.000019
552 0.000033
553 0.000003
554 0.000001
555 0.000002
556 0.000007
557 0.000020
558 0.000433
559 0.000455
560 0.001177
561 0.001128
562 0.000014
563 0.000001
564 0.000001
565 0.000001
566 0.000001
567 0.000001
568 0.000002
569 0.000002
570 0.000002
571 0.000002
572 0.000004
573 0.000042
574 0.000143
575 0.000035
576 0.000007
577 0.000002
578 0.000001
579 0.000010
580 0.000197
581 0.000075
582 0.000009
583 0.000005
584 0.000020
585 0.000434
586 0.000455
587 0.000560
588 0.001405
589 0.001177
590 0.000089
591 0.000002
592 0.000001
593 0.000001
594 0.000001
595 0.000005
596 0.000005
597 0.000003
598 0.000003
599 0.000005
600 0.000023
601 0.000163
602 0.002451
603 0.999937
604 0.000733
605 0.000007
606 0.000003
607 0.000006
608 0.000024
609 0.000237
610 0.000220
611 0.000147
612 0.001665
613 0.000844
614 0.000535
615 0.000561
616 0.001521
617 0.001405
618 0.001177
619 0.000133
620 0.000004
621 0.000003
622 0.000005
623 0.000008
624 0.000095
625 0.000221
626 0.000073
627 0.000163
628 0.000585
629 0.000373
630 0.000885
631 0.002295
632 0.001125
633 0.000136
634 0.000042
635 0.000063
636 0.000062
637 0.000087
638 0.000575
639 0.008111
640 0.003644
641 0.002116
642 0.000001
643 0.000001
644 0.001583
645 0.001521
646 0.001462
647 0.001227
648 0.000514
649 0.000014
650 0.000175
651 0.001278
652 0.001524
653 0.014004
654 0.005123
655 0.000176
656 0.000053
657 0.000108
658 0.000456
659 0.001628
660 0.000970
661 0.000255
662 0.000206
663 0.000553
664 0.000781
665 0.002164
666 0.006585
667 0.010049
668 0.010035
669 0.000002
670 0.000001
671 0.000001
672 0.000001
673 0.001583
674 0.001521
675 0.001280
676 0.001406
677 0.001205
678 0.006342
679 0.033770
680 0.005373
681 0.002106
682 0.002268
683 0.000319
684 0.000102
685 0.000135
686 0.000281
687 0.000917
688 0.000609
689 0.001349
690 0.001994
691 0.000571
692 0.000382
693 0.001345
694 0.003010
695 0.008176
696 0.000002
697 0.000002
698 0.000002
699 0.000001
700 0.000001
701 0.000001
702 0.001583
703 0.001521
704 0.001489
705 0.001471
706 0.001275
707 0.001857
708 0.003563
709 0.007348
710 0.005007
711 0.000790
712 0.000175
713 0.000119
714 0.000191
715 0.000315
716 0.000334
717 0.001698
718 0.008015
719 0.002824
720 0.001117
721 0.000968
722 0.001718
723 0.000002
724 0.000002
725 0.000002
726 0.000002
727 0.000002
728 0.000001
729 0.000001
730 0.000001
731 0.000001
732 0.001580
733 0.001570
734 0.001523
735 0.002880
736 0.006489
737 0.009998
738 0.010001
739 0.001565
740 0.000318
741 0.000158
742 0.000198
743 0.000094
744 0.000199
745 0.001586
746 0.010038
747 0.006522
748 0.002425
749 0.001197
750 0.000004
751 0.000004
752 0.000007
753 0.000005
754 0.000002
755 0.000002
756 0.000001
757 0.000001
758 0.000004
759 0.000007
760 0.000001
761 0.001647
762 0.002660
763 0.005037
764 0.009997
765 0.010000
766 0.010001
767 0.003206
768 0.000586
769 0.000204
770 0.000148
771 0.000051
772 0.000121
773 0.001562
774 0.006422
775 0.010033
776 0.005404
777 0.000291
778 0.000468
779 0.000442
780 0.000243
781 0.000039
782 0.000006
783 0.000002
