0 0.003042
1 0.003019
2 0.002786
3 0.003248
4 0.004023
5 0.005986
6 0.009011
7 0.010003
8 0.004604
9 0.000809
10 0.000297
11 0.000071
12 0.000074
13 0.000070
14 0.000066
15 0.000061
16 0.000050
17 0.000040
18 0.000225
19 0.001940
20 0.007656
21 0.009248
22 0.008775
23 0.004752
24 0.003064
25 0.002097
26 0.002225
27 0.002310
28 0.002621
29 0.002796
30 0.002533
31 0.002681
32 0.002928
33 0.004438
34 0.006623
35 0.007214
36 0.001557
37 0.000831
38 0.000362
39 0.000176
40 0.000053
41 0.000061
42 0.000054
43 0.000045
44 0.000036
45 0.000049
46 0.000169
47 0.001875
48 0.009030
49 0.008901
50 0.000001
51 0.000000
52 0.001946
53 0.002064
54 0.001898
55 0.002225
56 0.002796
57 0.002393
58 0.002287
59 0.002366
60 0.002533
61 0.002894
62 0.004438
63 0.002526
64 0.000875
65 0.000355
66 0.000658
67 0.000241
68 0.000071
69 0.000037
70 0.000036
71 0.000032
72 0.000034
73 0.000060
74 0.000147
75 0.001270
76 0.000019
77 0.000005
78 0.000001
79 0.000000
80 0.000000
81 0.001751
82 0.002064
83 0.001898
84 0.002681
85 0.002287
86 0.001940
87 0.001761
88 0.001947
89 0.002219
90 0.002861
91 0.000884
92 0.000313
93 0.000338
94 0.000562
95 0.000374
96 0.000152
97 0.000038
98 0.000029
99 0.000024
100 0.000045
101 0.000033
102 0.000001
103 0.000000
104 0.000005
105 0.000002
106 0.000000
107 0.000000
108 0.000000
109 0.001682
110 0.001751
111 0.002074
112 0.002287
113 0.002186
114 0.001761
115 0.001679
116 0.000000
117 0.000000
118 0.000000
119 0.000000
120 0.000000
121 0.000051
122 0.000338
123 0.000647
124 0.000302
125 0.000117
126 0.000030
127 0.000002
128 0.000001
129 0.000000
130 0.000000
131 0.000001
132 0.000001
133 0.000001
134 0.000000
135 0.000000
136 0.000098
137 0.001479
138 0.001696
139 0.002062
140 0.002186
141 0.001848
142 0.001679
143 0.001600
144 0.000000
145 0.000000
146 0.000000
147 0.000000
148 0.000000
149 0.000000
150 0.000000
151 0.000000
152 0.000001
153 0.000000
154 0.000001
155 0.000000
156 0.000000
157 0.000001
158 0.000002
159 0.000002
160 0.000001
161 0.000000
162 0.000000
163 0.000000
164 0.001682
165 0.001503
166 0.001755
167 0.002179
168 0.001848
169 0.001679
170 0.001600
171 0.001455
172 0.000000
173 0.000000
174 0.000000
175 0.000000
176 0.000001
177 0.000001
178 0.000000
179 0.000000
180 0.000000
181 0.000000
182 0.000000
183 0.000000
184 0.000000
185 0.000001
186 0.000003
187 0.000001
188 0.000000
189 0.000000
190 0.000000
191 0.000001
192 0.001529
193 0.001552
194 0.003131
195 0.012423
196 0.001679
197 0.001600
198 0.001334
199 0.001206
200 0.000002
201 0.000000
202 0.000000
203 0.000000
204 0.000000
205 0.000001
206 0.000001
207 0.000001
208 0.000000
209 0.000000
210 0.000000
211 0.000000
212 0.000001
213 0.000001
214 0.000000
215 0.000000
216 0.000000
217 0.000000
218 0.000000
219 0.000063
220 0.001687
221 0.004870
222 0.014038
223 0.020168
224 0.001600
225 0.001334
226 0.001206
227 0.001146
228 0.000894
229 0.000000
230 0.000000
231 0.000000
232 0.000000
233 0.000000
234 0.000001
235 0.000001
236 0.000007
237 0.000010
238 0.000062
239 0.000481
240 0.000001
241 0.000000
242 0.000000
243 0.000000
244 0.000000
245 0.000000
246 0.000000
247 0.000022
248 0.000208
249 0.000821
250 0.001838
251 0.002856
252 0.001526
253 0.001206
254 0.001146
255 0.000634
256 0.000135
257 0.000000
258 0.000000
259 0.000000
260 0.000000
261 0.000000
262 0.000000
263 0.000000
264 0.000008
265 0.000325
266 0.999992
267 0.001769
268 0.000007
269 0.000000
270 0.000000
271 0.000000
272 0.000000
273 0.000000
274 0.000000
275 0.000014
276 0.000032
277 0.000071
278 0.000083
279 0.000038
280 0.001206
281 0.000401
282 0.000206
283 0.000076
284 0.000051
285 0.000000
286 0.000000
287 0.000000
288 0.000000
289 0.000000
290 0.000000
291 0.000000
292 0.000002
293 0.000030
294 0.000004
295 0.000006
296 0.000021
297 0.000001
298 0.000000
299 0.000000
300 0.000000
301 0.000000
302 0.000000
303 0.000027
304 0.000029
305 0.000013
306 0.000007
307 0.000007
308 0.000221
309 0.000129
310 0.000072
311 0.000034
312 0.000005
313 0.000000
314 0.000000
315 0.000000
316 0.000000
317 0.000000
318 0.000000
319 0.000000
320 0.000001
321 0.000001
322 0.000001
323 0.000001
324 0.000001
325 0.000002
326 0.000001
327 0.000000
328 0.000000
329 0.000000
330 0.000002
331 0.000024
332 0.000024
333 0.000006
334 0.000005
335 0.000012
336 0.000121
337 0.000074
338 0.000052
339 0.000030
340 0.000001
341 0.000000
342 0.000000
343 0.000000
344 0.000000
345 0.000000
346 0.000000
347 0.000000
348 0.000000
349 0.000000
350 0.000000
351 0.000000
352 0.000001
353 0.000001
354 0.000001
355 0.000001
356 0.000000
357 0.000000
358 0.000002
359 0.000004
360 0.000075
361 0.000054
362 0.000059
363 0.000048
364 0.000116
365 0.000095
366 0.000041
367 0.000015
368 0.000001
369 0.000000
370 0.000000
371 0.000000
372 0.000000
373 0.000000
374 0.000000
375 0.000000
376 0.000000
377 0.000000
378 0.000000
379 0.000000
380 0.000001
381 0.000001
382 0.000002
383 0.000001
384 0.000001
385 0.000000
386 0.000000
387 0.000003
388 0.000479
389 0.001139
390 0.000803
391 0.000666
392 0.000072
393 0.000032
394 0.000032
395 0.000012
396 0.000000
397 0.000000
398 0.000000
399 0.000000
400 0.000000
401 0.000000
402 0.000000
403 0.000000
404 0.000000
405 0.000000
406 0.000000
407 0.000000
408 0.000001
409 0.000001
410 0.000001
411 0.000002
412 0.000001
413 0.000001
414 0.000000
415 0.000001
416 0.000132
417 0.006044
418 0.007213
419 0.004836
420 0.000063
421 0.000103
422 0.000114
423 0.000009
424 0.000000
425 0.000000
426 0.000000
427 0.000000
428 0.000000
429 0.000000
430 0.000000
431 0.000000
432 0.000000
433 0.000000
434 0.000000
435 0.000000
436 0.000000
437 0.000001
438 0.000001
439 0.000003
440 0.000013
441 0.000012
442 0.000000
443 0.000001
444 0.000030
445 0.006342
446 0.003798
447 0.002498
448 0.000972
449 0.000890
450 0.001014
451 0.000008
452 0.000000
453 0.000000
454 0.000000
455 0.000000
456 0.000000
457 0.000000
458 0.000000
459 0.000000
460 0.000000
461 0.000000
462 0.000000
463 0.000000
464 0.000000
465 0.000000
466 0.000001
467 0.000009
468 0.001720
469 0.000200
470 0.000004
471 0.000000
472 0.000001
473 0.000401
474 0.001295
475 0.001249
476 0.007397
477 0.012179
478 0.001243
479 0.000004
480 0.000000
481 0.000000
482 0.000000
483 0.000000
484 0.000000
485 0.000000
486 0.000000
487 0.000000
488 0.000000
489 0.000000
490 0.000000
491 0.000000
492 0.000000
493 0.000000
494 0.000000
495 0.000002
496 0.999975
497 0.009967
498 0.000019
499 0.000000
500 0.000000
501 0.000005
502 0.000584
503 0.002236
504 0.012221
505 0.009525
506 0.000554
507 0.000005
508 0.000001
509 0.000001
510 0.000001
511 0.000001
512 0.000000
513 0.000000
514 0.000001
515 0.000001
516 0.000000
517 0.000000
518 0.000000
519 0.000000
520 0.000000
521 0.000000
522 0.000000
523 0.000000
524 0.000008
525 0.004420
526 0.000842
527 0.000006
528 0.000000
529 0.000004
530 0.000599
531 0.002581
532 0.010008
533 0.010007
534 0.000196
535 0.000003
536 0.000003
537 0.000005
538 0.000008
539 0.000004
540 0.000010
541 0.000002
542 0.000001
543 0.000000
544 0.000000
545 0.000000
546 0.000000
547 0.000000
548 0.000000
549 0.000000
550 0.000000
551 0.000000
552 0.000000
553 0.000007
554 0.016480
555 0.000603
556 0.000004
557 0.000025
558 0.001267
559 0.001318
560 0.010006
561 0.010003
562 0.000172
563 0.000004
564 0.000002
565 0.000006
566 0.000014
567 0.000365
568 0.999979
569 0.000007
570 0.000001
571 0.000000
572 0.000000
573 0.000000
574 0.000000
575 0.000000
576 0.000000
577 0.000000
578 0.000000
579 0.000000
580 0.000000
581 0.000001
582 0.000121
583 0.003054
584 0.000202
585 0.004619
586 0.001751
587 0.001372
588 0.010002
589 0.010000
590 0.000737
591 0.000009
592 0.000003
593 0.000012
594 0.000406
595 0.012208
596 0.000815
597 0.000005
598 0.000000
599 0.000000
600 0.000000
601 0.000000
602 0.000000
603 0.000000
604 0.000000
605 0.000000
606 0.000000
607 0.000000
608 0.000000
609 0.000000
610 0.000004
611 0.000897
612 0.005722
613 0.010006
614 0.006100
615 0.002868
616 0.009999
617 0.007158
618 0.003333
619 0.000538
620 0.000091
621 0.000638
622 0.005195
623 0.000614
624 0.000046
625 0.000001
626 0.000000
627 0.000000
628 0.000000
629 0.000000
630 0.000000
631 0.000000
632 0.000000
633 0.000000
634 0.000000
635 0.000000
636 0.000000
637 0.000000
638 0.000005
639 0.000700
640 0.001998
641 0.005833
642 0.000000
643 0.000001
644 0.007307
645 0.003932
646 0.003114
647 0.003765
648 0.006347
649 0.001500
650 0.000087
651 0.000006
652 0.000002
653 0.000002
654 0.000000
655 0.000000
656 0.000000
657 0.000001
658 0.000001
659 0.000000
660 0.000000
661 0.000000
662 0.000000
663 0.000000
664 0.000000
665 0.000004
666 0.000133
667 0.000282
668 0.000763
669 0.000000
670 0.000000
671 0.000001
672 0.000000
673 0.002963
674 0.003506
675 0.006666
676 0.010632
677 0.010007
678 0.000115
679 0.000030
680 0.000026
681 0.000086
682 0.000061
683 0.000004
684 0.000001
685 0.000001
686 0.000001
687 0.000001
688 0.000001
689 0.000012
690 0.000017
691 0.000008
692 0.000019
693 0.000124
694 0.000142
695 0.000190
696 0.000000
697 0.000000
698 0.000000
699 0.000001
700 0.000000
701 0.000000
702 0.006144
703 0.009949
704 0.010007
705 0.005169
706 0.002299
707 0.000898
708 0.000822
709 0.000675
710 0.000194
711 0.000015
712 0.000002
713 0.000001
714 0.000002
715 0.000002
716 0.000004
717 0.000020
718 0.000086
719 0.000092
720 0.000099
721 0.000133
722 0.000178
723 0.000000
724 0.000000
725 0.000000
726 0.000000
727 0.000000
728 0.000000
729 0.000000
730 0.000000
731 0.000000
732 0.006203
733 0.002827
734 0.001306
735 0.000938
736 0.000898
737 0.000741
738 0.000675
739 0.000047
740 0.000005
741 0.000002
742 0.000002
743 0.000002
744 0.000010
745 0.000052
746 0.000092
747 0.000124
748 0.000133
749 0.000178
750 0.000000
751 0.000000
752 0.000000
753 0.000000
754 0.000000
755 0.000000
756 0.000000
757 0.000000
758 0.000003
759 0.000004
760 0.000000
761 0.001876
762 0.001179
763 0.000980
764 0.000938
765 0.000898
766 0.000859
767 0.000162
768 0.000013
769 0.000003
770 0.000003
771 0.000004
772 0.000020
773 0.000109
774 0.000092
775 0.000106
776 0.000142
777 0.000000
778 0.000050
779 0.000042
780 0.000000
781 0.000000
782 0.000000
783 0.000000
