0 0.001912
1 0.001804
2 0.001461
3 0.001606
4 0.001289
5 0.001027
6 0.000900
7 0.000842
8 0.000157
9 0.000025
10 0.000018
11 0.000015
12 0.000015
13 0.000014
14 0.000013
15 0.000011
16 0.000011
17 0.000021
18 0.000464
19 0.007883
20 0.013270
21 0.005192
22 0.002800
23 0.002336
24 0.001687
25 0.001403
26 0.001469
27 0.001541
28 0.001556
29 0.001702
30 0.001373
31 0.001289
32 0.001212
33 0.001070
34 0.000842
35 0.000501
36 0.000052
37 0.000011
38 0.000010
39 0.000011
40 0.000010
41 0.000011
42 0.000010
43 0.000008
44 0.000011
45 0.000055
46 0.000335
47 0.002618
48 0.005929
49 0.002822
50 0.000000
51 0.000000
52 0.001296
53 0.001336
54 0.001201
55 0.001469
56 0.001702
57 0.001373
58 0.001289
59 0.001212
60 0.001070
61 0.000842
62 0.000789
63 0.000195
64 0.000023
65 0.000007
66 0.000009
67 0.000007
68 0.000005
69 0.000006
70 0.000006
71 0.000007
72 0.000033
73 0.000112
74 0.000162
75 0.000458
76 0.000000
77 0.000000
78 0.000000
79 0.000000
80 0.000000
81 0.001085
82 0.001336
83 0.001201
84 0.001606
85 0.001289
86 0.001027
87 0.000900
88 0.000842
89 0.000789
90 0.000692
91 0.000066
92 0.000008
93 0.000005
94 0.000005
95 0.000004
96 0.000004
97 0.000005
98 0.000005
99 0.000014
100 0.000071
101 0.000024
102 0.000000
103 0.000000
104 0.000000
105 0.000000
106 0.000000
107 0.000000
108 0.000000
109 0.001031
110 0.001085
111 0.001336
112 0.001711
113 0.001212
114 0.000900
115 0.000842
116 0.000000
117 0.000000
118 0.000000
119 0.000000
120 0.000000
121 0.000001
122 0.000004
123 0.000004
124 0.000004
125 0.000003
126 0.000006
127 0.000000
128 0.000000
129 0.000000
130 0.000000
131 0.000000
132 0.000000
133 0.000000
134 0.000000
135 0.000000
136 0.000001
137 0.000830
138 0.001031
139 0.001409
140 0.002446
141 0.001454
142 0.000842
143 0.000789
144 0.000000
145 0.000000
146 0.000000
147 0.000000
148 0.000000
149 0.000000
150 0.000000
151 0.000000
152 0.000000
153 0.000000
154 0.000000
155 0.000000
156 0.000000
157 0.000000
158 0.000000
159 0.000000
160 0.000000
161 0.000000
162 0.000000
163 0.000000
164 0.000843
165 0.000787
166 0.001083
167 0.001140
168 0.003432
169 0.002105
170 0.001424
171 0.000785
172 0.000005
173 0.000000
174 0.000000
175 0.000000
176 0.000000
177 0.000000
178 0.000000
179 0.000000
180 0.000000
181 0.000000
182 0.000000
183 0.000000
184 0.000000
185 0.000000
186 0.000000
187 0.000000
188 0.000000
189 0.000000
190 0.000000
191 0.000000
192 0.000714
193 0.000781
194 0.000824
195 0.001210
196 0.003847
197 0.003835
198 0.002116
199 0.001175
200 0.000167
201 0.000000
202 0.000000
203 0.000000
204 0.000000
205 0.000000
206 0.000000
207 0.000000
208 0.000000
209 0.000000
210 0.000000
211 0.000000
212 0.000000
213 0.000000
214 0.000000
215 0.000000
216 0.000000
217 0.000000
218 0.000000
219 0.000001
220 0.000733
221 0.000777
222 0.000895
223 0.001016
224 0.003974
225 0.003627
226 0.003577
227 0.002293
228 0.001127
229 0.000014
230 0.000000
231 0.000000
232 0.000000
233 0.000000
234 0.000000
235 0.000000
236 0.000000
237 0.000000
238 0.000000
239 0.000000
240 0.000000
241 0.000000
242 0.000000
243 0.000000
244 0.000000
245 0.000000
246 0.000000
247 0.000008
248 0.000021
249 0.000039
250 0.000090
251 0.000242
252 0.004673
253 0.003746
254 0.003674
255 0.001624
256 0.000114
257 0.000001
258 0.000000
259 0.000000
260 0.000000
261 0.000000
262 0.000000
263 0.000000
264 0.000000
265 0.000000
266 0.000000
267 0.000000
268 0.000000
269 0.000000
270 0.000000
271 0.000000
272 0.000000
273 0.000000
274 0.000000
275 0.000001
276 0.000002
277 0.000005
278 0.000013
279 0.000037
280 0.006637
281 0.001119
282 0.000261
283 0.000044
284 0.000018
285 0.000000
286 0.000000
287 0.000000
288 0.000000
289 0.000000
290 0.000000
291 0.000000
292 0.000000
293 0.000000
294 0.000000
295 0.000000
296 0.000000
297 0.000000
298 0.000000
299 0.000000
300 0.000000
301 0.000000
302 0.000000
303 0.000001
304 0.000003
305 0.000006
306 0.000011
307 0.000023
308 0.000550
309 0.000154
310 0.000051
311 0.000013
312 0.000001
313 0.000000
314 0.000000
315 0.000000
316 0.000000
317 0.000000
318 0.000000
319 0.000000
320 0.000000
321 0.000000
322 0.000000
323 0.000000
324 0.000000
325 0.000000
326 0.000000
327 0.000000
328 0.000000
329 0.000000
330 0.000000
331 0.000000
332 0.000007
333 0.000012
334 0.000025
335 0.000037
336 0.000149
337 0.000066
338 0.000033
339 0.000016
340 0.000000
341 0.000000
342 0.000000
343 0.000000
344 0.000000
345 0.000000
346 0.000000
347 0.000000
348 0.000000
349 0.000000
350 0.000000
351 0.000000
352 0.000000
353 0.000000
354 0.000000
355 0.000000
356 0.000000
357 0.000000
358 0.000000
359 0.000000
360 0.000017
361 0.000025
362 0.000033
363 0.000037
364 0.000032
365 0.000053
366 0.000035
367 0.000017
368 0.000000
369 0.000000
370 0.000000
371 0.000000
372 0.000000
373 0.000000
374 0.000000
375 0.000004
376 0.000000
377 0.000000
378 0.000000
379 0.000000
380 0.000000
381 0.000000
382 0.000000
383 0.000000
384 0.000000
385 0.000000
386 0.000000
387 0.000000
388 0.000004
389 0.000033
390 0.000022
391 0.000017
392 0.000005
393 0.000004
394 0.000004
395 0.000001
396 0.000000
397 0.000000
398 0.000000
399 0.000000
400 0.000026
401 0.000126
402 0.000003
403 0.000000
404 0.000000
405 0.000000
406 0.000000
407 0.000000
408 0.000000
409 0.000000
410 0.000000
411 0.000000
412 0.000000
413 0.000000
414 0.000000
415 0.000000
416 0.000000
417 0.000011
418 0.000009
419 0.000007
420 0.000001
421 0.000001
422 0.000001
423 0.000000
424 0.000000
425 0.000000
426 0.000000
427 0.000001
428 0.076186
429 0.014229
430 0.000000
431 0.000000
432 0.000000
433 0.000000
434 0.000000
435 0.000000
436 0.000000
437 0.000000
438 0.000000
439 0.000000
440 0.000000
441 0.000000
442 0.000000
443 0.000000
444 0.000000
445 0.000004
446 0.000003
447 0.000004
448 0.000002
449 0.000001
450 0.000000
451 0.000000
452 0.000000
453 0.000000
454 0.000000
455 0.000016
456 0.999999
457 0.000196
458 0.000000
459 0.000000
460 0.000000
461 0.000000
462 0.000000
463 0.000000
464 0.000000
465 0.000000
466 0.000000
467 0.000000
468 0.000000
469 0.000000
470 0.000000
471 0.000000
472 0.000000
473 0.000000
474 0.000003
475 0.000006
476 0.000012
477 0.000004
478 0.000001
479 0.000000
480 0.000000
481 0.000000
482 0.000000
483 0.000004
484 0.000000
485 0.000000
486 0.000000
487 0.000000
488 0.000000
489 0.000000
490 0.000000
491 0.000559
492 0.000016
493 0.000000
494 0.000000
495 0.000000
496 0.000000
497 0.000000
498 0.000000
499 0.000000
500 0.000000
501 0.000000
502 0.000012
503 0.000027
504 0.000123
505 0.000056
506 0.000005
507 0.000000
508 0.000000
509 0.000000
510 0.000000
511 0.000000
512 0.000000
513 0.000000
514 0.000000
515 0.000000
516 0.000000
517 0.000000
518 0.000004
519 1.000000
520 0.000041
521 0.000000
522 0.000000
523 0.000000
524 0.000000
525 0.000000
526 0.000000
527 0.000000
528 0.000000
529 0.000000
530 0.000066
531 0.000164
532 0.000174
533 0.001350
534 0.000028
535 0.000001
536 0.000001
537 0.000001
538 0.000000
539 0.000000
540 0.000000
541 0.000000
542 0.000000
543 0.000000
544 0.000000
545 0.000000
546 0.000000
547 0.000002
548 0.000000
549 0.000000
550 0.000000
551 0.000000
552 0.000000
553 0.000000
554 0.000000
555 0.000000
556 0.000000
557 0.000001
558 0.000164
559 0.000174
560 0.002756
561 0.007874
562 0.000128
563 0.000002
564 0.000006
565 0.000009
566 0.000000
567 0.000000
568 0.000000
569 0.000000
570 0.000000
571 0.000000
572 0.000000
573 0.000000
574 0.000000
575 0.000000
576 0.000000
577 0.000000
578 0.000000
579 0.000000
580 0.000000
581 0.000000
582 0.000000
583 0.000000
584 0.000000
585 0.000164
586 0.000174
587 0.000227
588 0.011140
589 0.028853
590 0.000570
591 0.000017
592 0.000010
593 0.000001
594 0.000000
595 0.000000
596 0.000000
597 0.000000
598 0.000000
599 0.000000
600 0.000000
601 0.000000
602 0.000000
603 0.000000
604 0.000000
605 0.000000
606 0.000000
607 0.000026
608 0.000043
609 0.000002
610 0.000000
611 0.000001
612 0.000154
613 0.000164
614 0.000214
615 0.000227
616 0.031134
617 0.010001
618 0.010000
619 0.000380
620 0.000006
621 0.000000
622 0.000000
623 0.000000
624 0.000000
625 0.000000
626 0.000000
627 0.000000
628 0.000000
629 0.000000
630 0.000000
631 0.000000
632 0.000000
633 0.000000
634 0.000000
635 0.000003
636 0.000005
637 0.000040
638 0.000005
639 0.000154
640 0.000164
641 0.000214
642 0.000000
643 0.000000
644 0.010001
645 0.010000
646 0.004133
647 0.000993
648 0.000126
649 0.000000
650 0.000000
651 0.000000
652 0.000000
653 0.000000
654 0.000000
655 0.000012
656 0.002450
657 0.001163
658 0.000003
659 0.000000
660 0.000000
661 0.000000
662 0.000000
663 0.000000
664 0.000006
665 0.000074
666 0.002973
667 0.001162
668 0.000214
669 0.000000
670 0.000000
671 0.000000
672 0.000000
673 0.004287
674 0.001414
675 0.000371
676 0.000211
677 0.000154
678 0.000001
679 0.000001
680 0.000001
681 0.000010
682 0.000528
683 0.004991
684 0.061341
685 0.001197
686 0.000012
687 0.000000
688 0.000000
689 0.000004
690 0.000111
691 0.000203
692 0.001059
693 0.026601
694 0.007988
695 0.002893
696 0.000000
697 0.000000
698 0.000000
699 0.000000
700 0.000000
701 0.000000
702 0.000538
703 0.000244
704 0.000227
705 0.000211
706 0.000154
707 0.000143
708 0.000126
709 0.000346
710 0.001970
711 0.010001
712 0.026019
713 0.001115
714 0.000017
715 0.000000
716 0.000000
717 0.000005
718 0.000499
719 0.001825
720 0.007441
721 0.010000
722 0.023995
723 0.000000
724 0.000000
725 0.000000
726 0.000000
727 0.000000
728 0.000000
729 0.000000
730 0.000000
731 0.000000
732 0.000244
733 0.000227
734 0.000166
735 0.000154
736 0.000316
737 0.001193
738 0.007135
739 0.010001
740 0.003229
741 0.001502
742 0.000019
743 0.000004
744 0.000001
745 0.000015
746 0.000212
747 0.000880
748 0.003255
749 0.010000
750 0.000000
751 0.000000
752 0.000000
753 0.000000
754 0.000000
755 0.000000
756 0.000000
757 0.000000
758 0.000000
759 0.000000
760 0.000000
761 0.000244
762 0.000227
763 0.000218
764 0.000745
765 0.004033
766 0.010000
767 0.010001
768 0.001288
769 0.000634
770 0.000063
771 0.000011
772 0.000005
773 0.000062
774 0.000113
775 0.000363
776 0.001207
777 0.000000
778 0.000204
779 0.000107
780 0.000000
781 0.000000
782 0.000000
783 0.000000
