0 0.001680
1 0.001579
2 0.001264
3 0.001397
4 0.001108
5 0.000874
6 0.000760
7 0.001828
8 0.000537
9 0.000172
10 0.000127
11 0.000142
12 0.000139
13 0.000040
14 0.000010
15 0.000009
16 0.000067
17 0.000253
18 0.001233
19 0.003512
20 0.005074
21 0.006658
22 0.007081
23 0.007133
24 0.004721
25 0.002326
26 0.001487
27 0.000969
28 0.001351
29 0.001485
30 0.001184
31 0.001108
32 0.001038
33 0.000912
34 0.000710
35 0.000454
36 0.000082
37 0.000045
38 0.000093
39 0.000108
40 0.000141
41 0.000072
42 0.000017
43 0.000027
44 0.000139
45 0.000274
46 0.000189
47 0.000711
48 0.005832
49 0.006840
50 0.000001
51 0.000000
52 0.002186
53 0.001359
54 0.000717
55 0.000915
56 0.001485
57 0.001184
58 0.001108
59 0.001038
60 0.000912
61 0.000710
62 0.000663
63 0.000119
64 0.000015
65 0.000011
66 0.000051
67 0.000093
68 0.000107
69 0.000111
70 0.000087
71 0.000152
72 0.000302
73 0.000128
74 0.000040
75 0.000259
76 0.000011
77 0.000003
78 0.000001
79 0.000000
80 0.000000
81 0.000634
82 0.000815
83 0.000717
84 0.001397
85 0.001108
86 0.000874
87 0.000760
88 0.000710
89 0.000663
90 0.000579
91 0.000034
92 0.000003
93 0.000004
94 0.000013
95 0.000051
96 0.000093
97 0.000184
98 0.000846
99 0.001171
100 0.000195
101 0.000022
102 0.000000
103 0.000000
104 0.000002
105 0.000001
106 0.000000
107 0.000000
108 0.000000
109 0.000596
110 0.000634
111 0.000815
112 0.001108
113 0.001038
114 0.000760
115 0.000710
116 0.000001
117 0.000000
118 0.000002
119 0.000001
120 0.000000
121 0.000001
122 0.000004
123 0.000015
124 0.000088
125 0.000608
126 0.012186
127 0.000343
128 0.000001
129 0.000000
130 0.000001
131 0.000001
132 0.000001
133 0.000001
134 0.000000
135 0.000000
136 0.000013
137 0.000460
138 0.000596
139 0.000788
140 0.001038
141 0.000815
142 0.000710
143 0.000663
144 0.000000
145 0.000000
146 0.000001
147 0.000001
148 0.000002
149 0.000003
150 0.000001
151 0.000001
152 0.000001
153 0.000012
154 0.000105
155 0.000002
156 0.000001
157 0.000001
158 0.000002
159 0.000001
160 0.000001
161 0.000000
162 0.000000
163 0.000000
164 0.000469
165 0.000432
166 0.000574
167 0.000610
168 0.000815
169 0.000710
170 0.000663
171 0.000579
172 0.000001
173 0.000000
174 0.000000
175 0.000000
176 0.000001
177 0.000001
178 0.000002
179 0.000002
180 0.000001
181 0.000001
182 0.000001
183 0.000001
184 0.000002
185 0.000003
186 0.000003
187 0.000001
188 0.000000
189 0.000000
190 0.000000
191 0.000000
192 0.000365
193 0.000389
194 0.000414
195 0.000658
196 0.000710
197 0.000663
198 0.000511
199 0.000443
200 0.000104
201 0.000001
202 0.000000
203 0.000000
204 0.000000
205 0.000000
206 0.000000
207 0.000001
208 0.000001
209 0.000002
210 0.000005
211 0.000013
212 0.000172
213 0.000010
214 0.000001
215 0.000000
216 0.000000
217 0.000000
218 0.000000
219 0.000006
220 0.000365
221 0.000389
222 0.000473
223 0.000606
224 0.001768
225 0.000753
226 0.000443
227 0.000413
228 0.000291
229 0.000001
230 0.000000
231 0.000000
232 0.000000
233 0.000000
234 0.000000
235 0.000000
236 0.000001
237 0.000002
238 0.000021
239 0.987517
240 0.998552
241 0.000004
242 0.000001
243 0.000000
244 0.000000
245 0.000000
246 0.000000
247 0.000037
248 0.000030
249 0.000040
250 0.000090
251 0.000149
252 0.005000
253 0.001926
254 0.000952
255 0.000234
256 0.000054
257 0.000001
258 0.000001
259 0.000000
260 0.000000
261 0.000000
262 0.000000
263 0.000001
264 0.000001
265 0.000001
266 0.000002
267 0.000017
268 0.000004
269 0.000001
270 0.000001
271 0.000000
272 0.000000
273 0.000000
274 0.000000
275 0.000040
276 0.000041
277 0.000044
278 0.000050
279 0.000064
280 0.010016
281 0.002847
282 0.000690
283 0.000098
284 0.000021
285 0.000001
286 0.000001
287 0.000000
288 0.000000
289 0.000000
290 0.000001
291 0.000001
292 0.000001
293 0.000001
294 0.000001
295 0.000000
296 0.000000
297 0.000000
298 0.000000
299 0.000000
300 0.000000
301 0.000000
302 0.000001
303 0.000193
304 0.000277
305 0.000190
306 0.000115
307 0.000105
308 0.001871
309 0.001311
310 0.000770
311 0.000140
312 0.000003
313 0.000001
314 0.000001
315 0.000001
316 0.000000
317 0.000000
318 0.000001
319 0.000001
320 0.000001
321 0.000001
322 0.000000
323 0.000000
324 0.000000
325 0.000000
326 0.000000
327 0.000000
328 0.000000
329 0.000000
330 0.000001
331 0.000010
332 0.000191
333 0.000223
334 0.000238
335 0.000460
336 0.000188
337 0.000251
338 0.000397
339 0.000406
340 0.000005
341 0.000001
342 0.000001
343 0.000001
344 0.000001
345 0.000001
346 0.000001
347 0.000001
348 0.000001
349 0.000000
350 0.000000
351 0.000000
352 0.000000
353 0.000000
354 0.000000
355 0.000000
356 0.000000
357 0.000000
358 0.000001
359 0.000001
360 0.000144
361 0.000167
362 0.000223
363 0.000238
364 0.000040
365 0.000068
366 0.000137
367 0.000518
368 0.000003
369 0.000001
370 0.000001
371 0.000002
372 0.000003
373 0.000001
374 0.000001
375 0.000001
376 0.000000
377 0.000000
378 0.000000
379 0.000000
380 0.000000
381 0.000000
382 0.000000
383 0.000000
384 0.000000
385 0.000000
386 0.000000
387 0.000000
388 0.000007
389 0.000092
390 0.000165
391 0.000236
392 0.000020
393 0.000025
394 0.000054
395 0.000016
396 0.000001
397 0.000001
398 0.000001
399 0.000005
400 0.000025
401 0.000003
402 0.000001
403 0.000000
404 0.000000
405 0.000000
406 0.000000
407 0.000000
408 0.000000
409 0.000000
410 0.000000
411 0.000000
412 0.000000
413 0.000001
414 0.000000
415 0.000000
416 0.000001
417 0.000020
418 0.000043
419 0.000088
420 0.000046
421 0.000048
422 0.000072
423 0.000001
424 0.000001
425 0.000001
426 0.000001
427 0.000009
428 0.999985
429 0.000012
430 0.000001
431 0.000000
432 0.000000
433 0.000000
434 0.000000
435 0.000000
436 0.000000
437 0.000000
438 0.000000
439 0.000000
440 0.000000
441 0.000001
442 0.000000
443 0.000000
444 0.000000
445 0.000005
446 0.000012
447 0.000026
448 0.000161
449 0.000120
450 0.000087
451 0.000001
452 0.000000
453 0.000000
454 0.000001
455 0.000004
456 0.000033
457 0.000005
458 0.000001
459 0.000000
460 0.000000
461 0.000000
462 0.000000
463 0.000000
464 0.000000
465 0.000000
466 0.000000
467 0.000000
468 0.000000
469 0.000001
470 0.000001
471 0.000000
472 0.000000
473 0.000001
474 0.000004
475 0.000014
476 0.001364
477 0.000535
478 0.000041
479 0.000001
480 0.000000
481 0.000001
482 0.000001
483 0.000002
484 0.000001
485 0.000001
486 0.000001
487 0.000001
488 0.000000
489 0.000000
490 0.000000
491 0.000000
492 0.000000
493 0.000000
494 0.000000
495 0.000000
496 0.000000
497 0.000001
498 0.000001
499 0.000000
500 0.000000
501 0.000001
502 0.000018
503 0.000046
504 0.010312
505 0.005201
506 0.000025
507 0.000000
508 0.000000
509 0.000001
510 0.000001
511 0.000001
512 0.000001
513 0.000001
514 0.000001
515 0.000000
516 0.000000
517 0.000000
518 0.000000
519 0.000000
520 0.000000
521 0.000000
522 0.000000
523 0.000000
524 0.000000
525 0.000000
526 0.000001
527 0.000001
528 0.000000
529 0.000001
530 0.000135
531 0.000428
532 0.010051
533 0.010001
534 0.000027
535 0.000001
536 0.000001
537 0.000002
538 0.000001
539 0.000000
540 0.000000
541 0.000001
542 0.000001
543 0.000000
544 0.000000
545 0.000000
546 0.000000
547 0.000000
548 0.000000
549 0.000000
550 0.000000
551 0.000000
552 0.000000
553 0.000000
554 0.000000
555 0.000001
556 0.000000
557 0.000002
558 0.000428
559 0.000450
560 0.010001
561 0.010000
562 0.000022
563 0.000001
564 0.000004
565 0.000006
566 0.000001
567 0.000000
568 0.000000
569 0.000000
570 0.000001
571 0.000001
572 0.000000
573 0.000000
574 0.000000
575 0.000000
576 0.000000
577 0.000000
578 0.000000
579 0.000000
580 0.000000
581 0.000000
582 0.000000
583 0.000000
584 0.000001
585 0.000428
586 0.000450
587 0.000560
588 0.010000
589 0.010000
590 0.000290
591 0.000007
592 0.000007
593 0.000001
594 0.000000
595 0.000000
596 0.000000
597 0.000000
598 0.000001
599 0.000001
600 0.000000
601 0.000000
602 0.000000
603 0.000000
604 0.000000
605 0.000000
606 0.000000
607 0.000000
608 0.000000
609 0.000000
610 0.000000
611 0.000002
612 0.000406
613 0.000428
614 0.000533
615 0.000560
616 0.010000
617 0.009997
618 0.009983
619 0.000574
620 0.000007
621 0.000001
622 0.000000
623 0.000000
624 0.000000
625 0.000000
626 0.000000
627 0.000001
628 0.000001
629 0.000000
630 0.000000
631 0.000000
632 0.000000
633 0.000000
634 0.000000
635 0.000000
636 0.000000
637 0.000000
638 0.000002
639 0.000406
640 0.000428
641 0.000533
642 0.000000
643 0.000000
644 0.009998
645 0.009987
646 0.009973
647 0.005597
648 0.001034
649 0.000002
650 0.000000
651 0.000000
652 0.000000
653 0.000000
654 0.000001
655 0.000003
656 0.000021
657 0.000041
658 0.000009
659 0.000001
660 0.000000
661 0.000000
662 0.000000
663 0.000000
664 0.000000
665 0.000003
666 0.000406
667 0.000507
668 0.000533
669 0.000000
670 0.000000
671 0.000000
672 0.000000
673 0.009974
674 0.006573
675 0.003274
676 0.001857
677 0.001196
678 0.000005
679 0.000003
680 0.000006
681 0.000038
682 0.000667
683 0.000638
684 0.000501
685 0.000139
686 0.000024
687 0.000006
688 0.000005
689 0.000029
690 0.000020
691 0.000008
692 0.000027
693 0.000386
694 0.000428
695 0.000533
696 0.000000
697 0.000000
698 0.000000
699 0.000000
700 0.000000
701 0.000000
702 0.003906
703 0.002261
704 0.001479
705 0.001423
706 0.001196
707 0.001148
708 0.001058
709 0.000880
710 0.000730
711 0.000667
712 0.000639
713 0.000365
714 0.000079
715 0.000018
716 0.000012
717 0.000047
718 0.000292
719 0.000307
720 0.000324
721 0.000406
722 0.000507
723 0.000000
724 0.000000
725 0.000000
726 0.000000
727 0.000000
728 0.000000
729 0.000000
730 0.000000
731 0.000000
732 0.001537
733 0.001479
734 0.001247
735 0.001196
736 0.001148
737 0.000960
738 0.000880
739 0.000844
740 0.000809
741 0.000639
742 0.000160
743 0.000046
744 0.000031
745 0.000108
746 0.000308
747 0.000386
748 0.000406
749 0.000507
750 0.000000
751 0.000000
752 0.000000
753 0.000000
754 0.000000
755 0.000000
756 0.000000
757 0.000000
758 0.000000
759 0.000000
760 0.000000
761 0.001537
762 0.001479
763 0.001247
764 0.001196
765 0.001148
766 0.001102
767 0.001058
768 0.000844
769 0.000809
770 0.000404
771 0.000111
772 0.000101
773 0.000241
774 0.000308
775 0.000342
776 0.000428
777 0.000000
778 0.000009
779 0.000005
780 0.000000
781 0.000001
782 0.000000
783 0.000000
