0 0.000606
1 0.000555
2 0.000406
3 0.000466
4 0.000338
5 0.000245
6 0.000204
7 0.000187
8 0.000019
9 0.000008
10 0.000037
11 0.000148
12 0.000130
13 0.000019
14 0.000005
15 0.000003
16 0.000003
17 0.000002
18 0.000005
19 0.000059
20 0.000355
21 0.000380
22 0.000508
23 0.000541
24 0.000466
25 0.000499
26 0.000657
27 0.000702
28 0.000445
29 0.000508
30 0.000371
31 0.000338
32 0.000310
33 0.000260
34 0.000187
35 0.000092
36 0.000008
37 0.000007
38 0.000073
39 0.000156
40 0.000045
41 0.000008
42 0.000004
43 0.000003
44 0.000002
45 0.000002
46 0.000003
47 0.000017
48 0.000263
49 0.000355
50 0.000002
51 0.000001
52 0.000435
53 0.000577
54 0.000499
55 0.000657
56 0.000509
57 0.000371
58 0.000338
59 0.000310
60 0.000260
61 0.000187
62 0.000171
63 0.000026
64 0.000007
65 0.000011
66 0.000132
67 0.000101
68 0.000014
69 0.000004
70 0.000003
71 0.000002
72 0.000002
73 0.000002
74 0.000002
75 0.000005
76 0.000002
77 0.000002
78 0.000002
79 0.000001
80 0.000001
81 0.000435
82 0.000577
83 0.000499
84 0.000467
85 0.000339
86 0.000245
87 0.000204
88 0.000187
89 0.000171
90 0.000144
91 0.000008
92 0.000005
93 0.000030
94 0.000105
95 0.000048
96 0.000005
97 0.000003
98 0.000002
99 0.000002
100 0.000002
101 0.000002
102 0.000002
103 0.000002
104 0.000002
105 0.000002
106 0.000001
107 0.000001
108 0.000001
109 0.000406
110 0.000435
111 0.000577
112 0.000339
113 0.000310
114 0.000204
115 0.000187
116 0.000002
117 0.000001
118 0.000002
119 0.000002
120 0.000003
121 0.000017
122 0.000099
123 0.000019
124 0.000003
125 0.000003
126 0.000002
127 0.000002
128 0.000002
129 0.000002
130 0.000002
131 0.000002
132 0.000002
133 0.000002
134 0.000001
135 0.000001
136 0.000003
137 0.000304
138 0.000406
139 0.000541
140 0.000394
141 0.000224
142 0.000187
143 0.000171
144 0.000003
145 0.000001
146 0.000001
147 0.000002
148 0.000002
149 0.000004
150 0.000004
151 0.000003
152 0.000002
153 0.000002
154 0.000002
155 0.000002
156 0.000002
157 0.000002
158 0.000002
159 0.000002
160 0.000002
161 0.000001
162 0.000001
163 0.000001
164 0.000310
165 0.000283
166 0.000380
167 0.000406
168 0.001049
169 0.000308
170 0.000171
171 0.000144
172 0.000005
173 0.000003
174 0.000002
175 0.000002
176 0.000003
177 0.000004
178 0.000003
179 0.000002
180 0.000002
181 0.000001
182 0.000001
183 0.000002
184 0.000002
185 0.000002
186 0.000002
187 0.000001
188 0.000001
189 0.000001
190 0.000001
191 0.000002
192 0.000229
193 0.000245
194 0.000263
195 0.000380
196 0.003342
197 0.001195
198 0.000344
199 0.000103
200 0.000084
201 0.000004
202 0.000002
203 0.000002
204 0.000004
205 0.000003
206 0.000002
207 0.000002
208 0.000001
209 0.000002
210 0.000002
211 0.000002
212 0.000002
213 0.000002
214 0.000001
215 0.000001
216 0.000001
217 0.000001
218 0.000001
219 0.000002
220 0.000229
221 0.000245
222 0.000245
223 0.000332
224 0.009984
225 0.004555
226 0.001439
227 0.000371
228 0.000103
229 0.000005
230 0.000003
231 0.000003
232 0.000004
233 0.000003
234 0.000002
235 0.000002
236 0.000002
237 0.000002
238 0.000002
239 0.000002
240 0.000002
241 0.000001
242 0.000001
243 0.000001
244 0.000001
245 0.000001
246 0.000002
247 0.000003
248 0.000003
249 0.000004
250 0.000010
251 0.000022
252 0.010035
253 0.009990
254 0.009971
255 0.000799
256 0.000019
257 0.000005
258 0.000005
259 0.000004
260 0.000004
261 0.000002
262 0.000002
263 0.000002
264 0.000003
265 0.000002
266 0.000002
267 0.000001
268 0.000001
269 0.000001
270 0.000001
271 0.000001
272 0.000001
273 0.000001
274 0.000002
275 0.000002
276 0.000002
277 0.000002
278 0.000002
279 0.000003
280 0.002994
281 0.001989
282 0.000552
283 0.000084
284 0.000008
285 0.000003
286 0.000007
287 0.000007
288 0.000005
289 0.000003
290 0.000003
291 0.000003
292 0.000002
293 0.000002
294 0.000001
295 0.000001
296 0.000001
297 0.000001
298 0.000001
299 0.000001
300 0.000001
301 0.000001
302 0.000002
303 0.000002
304 0.000002
305 0.000002
306 0.000002
307 0.000002
308 0.000029
309 0.000019
310 0.000017
311 0.000014
312 0.000004
313 0.000003
314 0.000015
315 0.000037
316 0.000005
317 0.000003
318 0.000003
319 0.000002
320 0.000002
321 0.000001
322 0.000001
323 0.000001
324 0.000001
325 0.000001
326 0.000001
327 0.000001
328 0.000001
329 0.000002
330 0.000002
331 0.000002
332 0.000002
333 0.000002
334 0.000002
335 0.000003
336 0.000003
337 0.000003
338 0.000004
339 0.000011
340 0.000005
341 0.000026
342 0.999842
343 0.000127
344 0.000005
345 0.000003
346 0.000002
347 0.000002
348 0.000001
349 0.000001
350 0.000001
351 0.000001
352 0.000001
353 0.000001
354 0.000001
355 0.000001
356 0.000001
357 0.000002
358 0.000002
359 0.000002
360 0.000002
361 0.000002
362 0.000002
363 0.000002
364 0.000003
365 0.000003
366 0.000005
367 0.000026
368 0.000006
369 0.000045
370 0.999914
371 0.000093
372 0.000006
373 0.000002
374 0.000002
375 0.000001
376 0.000001
377 0.000001
378 0.000001
379 0.000001
380 0.000001
381 0.000001
382 0.000001
383 0.000001
384 0.000001
385 0.000002
386 0.000002
387 0.000002
388 0.000002
389 0.000002
390 0.000002
391 0.000002
392 0.000004
393 0.000007
394 0.000019
395 0.000004
396 0.000005
397 0.000037
398 0.000108
399 0.000016
400 0.000004
401 0.000002
402 0.000002
403 0.000001
404 0.000001
405 0.000001
406 0.000001
407 0.000001
408 0.000001
409 0.000001
410 0.000001
411 0.000001
412 0.000002
413 0.000002
414 0.000002
415 0.000002
416 0.000002
417 0.000002
418 0.000002
419 0.000002
420 0.000028
421 0.000023
422 0.000021
423 0.000003
424 0.000005
425 0.000017
426 0.000008
427 0.000004
428 0.000003
429 0.000003
430 0.000002
431 0.000002
432 0.000002
433 0.000001
434 0.000001
435 0.000001
436 0.000001
437 0.000001
438 0.000001
439 0.000001
440 0.000002
441 0.000002
442 0.000002
443 0.000002
444 0.000002
445 0.000002
446 0.000002
447 0.000002
448 0.000056
449 0.000025
450 0.000014
451 0.000003
452 0.000006
453 0.000007
454 0.000002
455 0.000002
456 0.000002
457 0.000003
458 0.000002
459 0.000002
460 0.000002
461 0.000002
462 0.000002
463 0.000001
464 0.000001
465 0.000001
466 0.000001
467 0.000002
468 0.000002
469 0.000002
470 0.000002
471 0.000002
472 0.000002
473 0.000002
474 0.000002
475 0.000002
476 0.000440
477 0.000065
478 0.000004
479 0.000003
480 0.000007
481 0.000004
482 0.000001
483 0.000001
484 0.000002
485 0.000002
486 0.000002
487 0.000002
488 0.000002
489 0.000002
490 0.000002
491 0.000002
492 0.000001
493 0.000001
494 0.000001
495 0.000002
496 0.000002
497 0.000002
498 0.000002
499 0.000002
500 0.000002
501 0.000002
502 0.000003
503 0.000004
504 0.003374
505 0.000230
506 0.000003
507 0.000004
508 0.000006
509 0.000002
510 0.000001
511 0.000001
512 0.000002
513 0.000002
514 0.000002
515 0.000002
516 0.000002
517 0.000002
518 0.000002
519 0.000002
520 0.000002
521 0.000001
522 0.000001
523 0.000002
524 0.000002
525 0.000002
526 0.000002
527 0.000002
528 0.000002
529 0.000002
530 0.000010
531 0.000030
532 0.000571
533 0.000178
534 0.000003
535 0.000004
536 0.000004
537 0.000001
538 0.000001
539 0.000001
540 0.000001
541 0.000002
542 0.000002
543 0.000001
544 0.000001
545 0.000002
546 0.000002
547 0.000002
548 0.000002
549 0.000002
550 0.000002
551 0.000002
552 0.000002
553 0.000002
554 0.000002
555 0.000002
556 0.000002
557 0.000003
558 0.000030
559 0.000032
560 0.000170
561 0.000126
562 0.000005
563 0.000003
564 0.000002
565 0.000001
566 0.000001
567 0.000001
568 0.000001
569 0.000002
570 0.000002
571 0.000002
572 0.000001
573 0.000001
574 0.000001
575 0.000002
576 0.000002
577 0.000002
578 0.000002
579 0.000002
580 0.000002
581 0.000002
582 0.000002
583 0.000002
584 0.000003
585 0.000030
586 0.000032
587 0.000044
588 0.000181
589 0.000134
590 0.000004
591 0.000003
592 0.000001
593 0.000001
594 0.000001
595 0.000001
596 0.000001
597 0.000002
598 0.000002
599 0.000002
600 0.000001
601 0.000001
602 0.000001
603 0.000002
604 0.000002
605 0.000002
606 0.000002
607 0.000003
608 0.000002
609 0.000002
610 0.000002
611 0.000003
612 0.000028
613 0.000030
614 0.000041
615 0.000044
616 0.000207
617 0.000181
618 0.000134
619 0.000007
620 0.000002
621 0.000002
622 0.000001
623 0.000001
624 0.000001
625 0.000001
626 0.000002
627 0.000002
628 0.000002
629 0.000002
630 0.000002
631 0.000002
632 0.000002
633 0.000002
634 0.000002
635 0.000002
636 0.000002
637 0.000002
638 0.000003
639 0.000028
640 0.000030
641 0.000041
642 0.000002
643 0.000002
644 0.000222
645 0.000207
646 0.000193
647 0.000144
648 0.000036
649 0.000002
650 0.000002
651 0.000001
652 0.000001
653 0.000002
654 0.000002
655 0.000003
656 0.000003
657 0.000002
658 0.000002
659 0.000002
660 0.000002
661 0.000002
662 0.000002
663 0.000002
664 0.000002
665 0.000003
666 0.000028
667 0.000038
668 0.000041
669 0.000002
670 0.000002
671 0.000002
672 0.000001
673 0.000222
674 0.000207
675 0.000154
676 0.000181
677 0.000134
678 0.000002
679 0.000002
680 0.000002
681 0.000004
682 0.000053
683 0.000018
684 0.000004
685 0.000002
686 0.000002
687 0.000002
688 0.000002
689 0.000003
690 0.000003
691 0.000003
692 0.000003
693 0.000027
694 0.000030
695 0.000041
696 0.000002
697 0.000002
698 0.000002
699 0.000002
700 0.000001
701 0.000001
702 0.000222
703 0.000207
704 0.000193
705 0.000181
706 0.000134
707 0.000125
708 0.000109
709 0.000081
710 0.000060
711 0.000055
712 0.000006
713 0.000003
714 0.000002
715 0.000002
716 0.000002
717 0.000003
718 0.000019
719 0.000020
720 0.000022
721 0.000028
722 0.000038
723 0.000002
724 0.000002
725 0.000002
726 0.000002
727 0.000002
728 0.000001
729 0.000001
730 0.000001
731 0.000001
732 0.000207
733 0.000193
734 0.000144
735 0.000134
736 0.000125
737 0.000093
738 0.000081
739 0.000077
740 0.000018
741 0.000004
742 0.000002
743 0.000002
744 0.000003
745 0.000005
746 0.000020
747 0.000027
748 0.000028
749 0.000038
750 0.000002
751 0.000003
752 0.000003
753 0.000002
754 0.000002
755 0.000002
756 0.000001
757 0.000001
758 0.000001
759 0.000001
760 0.000001
761 0.000207
762 0.000193
763 0.000144
764 0.000134
765 0.000125
766 0.000117
767 0.000109
768 0.000078
769 0.000006
770 0.000003
771 0.000002
772 0.000003
773 0.000012
774 0.000020
775 0.000023
776 0.000030
777 0.000002
778 0.000003
779 0.000003
780 0.000002
781 0.000003
782 0.000002
783 0.000002
