0 0.003409
1 0.003280
2 0.002851
3 0.003036
4 0.002623
5 0.002252
6 0.002086
7 0.002641
8 0.001116
9 0.000361
10 0.000642
11 0.001203
12 0.001530
13 0.000837
14 0.000385
15 0.000214
16 0.000128
17 0.000061
18 0.000123
19 0.000474
20 0.001068
21 0.001121
22 0.001375
23 0.001438
24 0.001295
25 0.001360
26 0.001669
27 0.002480
28 0.002973
29 0.003155
30 0.002734
31 0.002623
32 0.002516
33 0.002315
34 0.001970
35 0.001305
36 0.000266
37 0.000166
38 0.000548
39 0.001324
40 0.001503
41 0.001481
42 0.000464
43 0.000134
44 0.000086
45 0.000065
46 0.000052
47 0.000285
48 0.000864
49 0.001068
50 0.000000
51 0.000000
52 0.001234
53 0.001532
54 0.002272
55 0.003964
56 0.003155
57 0.002734
58 0.002623
59 0.002516
60 0.002315
61 0.001970
62 0.001884
63 0.000539
64 0.000082
65 0.000095
66 0.000452
67 0.001362
68 0.001390
69 0.001561
70 0.000518
71 0.000134
72 0.000061
73 0.000050
74 0.000043
75 0.000116
76 0.000001
77 0.000000
78 0.000000
79 0.000000
80 0.000000
81 0.002140
82 0.003828
83 0.005884
84 0.003036
85 0.002623
86 0.002252
87 0.002060
88 0.001970
89 0.001884
90 0.001725
91 0.000207
92 0.000042
93 0.000065
94 0.000324
95 0.000676
96 0.001576
97 0.001420
98 0.000800
99 0.000136
100 0.000053
101 0.000015
102 0.000000
103 0.000000
104 0.000000
105 0.000000
106 0.000000
107 0.000000
108 0.000001
109 0.003612
110 0.005844
111 0.008480
112 0.002623
113 0.002516
114 0.002060
115 0.001970
116 0.000000
117 0.000000
118 0.000000
119 0.000000
120 0.000003
121 0.000038
122 0.000171
123 0.000378
124 0.000869
125 0.000988
126 0.000581
127 0.000011
128 0.000000
129 0.000000
130 0.000000
131 0.000000
132 0.000000
133 0.000000
134 0.000000
135 0.000001
136 0.000044
137 0.005705
138 0.008649
139 0.009714
140 0.002516
141 0.002154
142 0.001970
143 0.001884
144 0.000000
145 0.000000
146 0.000000
147 0.000000
148 0.000000
149 0.000000
150 0.000000
151 0.000003
152 0.000028
153 0.000003
154 0.000001
155 0.000000
156 0.000000
157 0.000000
158 0.000000
159 0.000000
160 0.000000
161 0.000000
162 0.000000
163 0.000001
164 0.006865
165 0.008780
166 0.009638
167 0.009965
168 0.002154
169 0.001970
170 0.001884
171 0.001725
172 0.000000
173 0.000000
174 0.000000
175 0.000000
176 0.000000
177 0.000000
178 0.000000
179 0.000000
180 0.000000
181 0.000000
182 0.000000
183 0.000000
184 0.000000
185 0.000000
186 0.000000
187 0.000000
188 0.000000
189 0.000001
190 0.000001
191 0.000001
192 0.009093
193 0.009562
194 0.007316
195 0.006206
196 0.001970
197 0.001884
198 0.001590
199 0.001447
200 0.000002
201 0.000000
202 0.000000
203 0.000000
204 0.000000
205 0.000000
206 0.000000
207 0.000000
208 0.000000
209 0.000000
210 0.000000
211 0.000000
212 0.000000
213 0.000000
214 0.000000
215 0.000000
216 0.000002
217 0.000002
218 0.000001
219 0.000266
220 0.010111
221 0.006561
222 0.005201
223 0.003042
224 0.001884
225 0.001590
226 0.001447
227 0.001380
228 0.001093
229 0.000000
230 0.000000
231 0.000000
232 0.000000
233 0.000000
234 0.000000
235 0.000000
236 0.000000
237 0.000000
238 0.000000
239 0.000000
240 0.000000
241 0.000000
242 0.000000
243 0.000001
244 0.000013
245 0.000002
246 0.000001
247 0.999591
248 0.005982
249 0.003441
250 0.002107
251 0.001289
252 0.001803
253 0.001447
254 0.001380
255 0.000754
256 0.000151
257 0.000000
258 0.000000
259 0.000000
260 0.000000
261 0.000000
262 0.000000
263 0.000000
264 0.000000
265 0.000000
266 0.000000
267 0.000000
268 0.000000
269 0.000000
270 0.000000
271 0.000001
272 0.000001
273 0.000001
274 0.000000
275 0.000450
276 0.000760
277 0.000914
278 0.000865
279 0.000889
280 0.001447
281 0.000469
282 0.000230
283 0.000082
284 0.000044
285 0.000000
286 0.000000
287 0.000000
288 0.000000
289 0.000000
290 0.000000
291 0.000000
292 0.000000
293 0.000000
294 0.000000
295 0.000000
296 0.000000
297 0.000001
298 0.000003
299 0.000002
300 0.000000
301 0.000000
302 0.000000
303 0.000015
304 0.000022
305 0.000044
306 0.000083
307 0.000196
308 0.000294
309 0.000143
310 0.000065
311 0.000032
312 0.000003
313 0.000001
314 0.000000
315 0.000000
316 0.000000
317 0.000000
318 0.000000
319 0.000000
320 0.000000
321 0.000000
322 0.000000
323 0.000000
324 0.000001
325 0.000063
326 0.999994
327 0.000004
328 0.000000
329 0.000000
330 0.000001
331 0.000001
332 0.000002
333 0.000005
334 0.000011
335 0.000033
336 0.000306
337 0.000149
338 0.000069
339 0.000031
340 0.000001
341 0.000001
342 0.000000
343 0.000000
344 0.000000
345 0.000000
346 0.000000
347 0.000000
348 0.000000
349 0.000000
350 0.000000
351 0.000000
352 0.000001
353 0.000216
354 0.001025
355 0.000005
356 0.000000
357 0.000000
358 0.000001
359 0.000001
360 0.000011
361 0.000006
362 0.000005
363 0.000006
364 0.000892
365 0.000478
366 0.000137
367 0.000046
368 0.000001
369 0.000001
370 0.000001
371 0.000000
372 0.000000
373 0.000000
374 0.000000
375 0.000000
376 0.000000
377 0.000000
378 0.000000
379 0.000000
380 0.000003
381 0.000086
382 0.000003
383 0.000001
384 0.000000
385 0.000001
386 0.000001
387 0.000005
388 0.000027
389 0.000046
390 0.000024
391 0.000017
392 0.000654
393 0.000427
394 0.000187
395 0.000017
396 0.000005
397 0.000021
398 0.000104
399 0.000000
400 0.000000
401 0.000000
402 0.000000
403 0.000000
404 0.000000
405 0.000000
406 0.000000
407 0.000001
408 0.000007
409 0.000002
410 0.000001
411 0.000000
412 0.000000
413 0.000000
414 0.000001
415 0.000001
416 0.000022
417 0.000260
418 0.000161
419 0.000077
420 0.000119
421 0.000150
422 0.000202
423 0.000013
424 0.000069
425 0.002062
426 0.000589
427 0.000000
428 0.000000
429 0.000000
430 0.000000
431 0.000000
432 0.000000
433 0.000000
434 0.000000
435 0.000000
436 0.000001
437 0.000001
438 0.000001
439 0.000000
440 0.000000
441 0.000000
442 0.000000
443 0.000000
444 0.000007
445 0.000278
446 0.000360
447 0.000658
448 0.000062
449 0.000075
450 0.000213
451 0.000054
452 0.000200
453 0.999991
454 0.000025
455 0.000000
456 0.000000
457 0.000000
458 0.000000
459 0.000000
460 0.000000
461 0.000000
462 0.000000
463 0.000000
464 0.000000
465 0.000000
466 0.000000
467 0.000001
468 0.000001
469 0.000001
470 0.000000
471 0.000000
472 0.000001
473 0.000124
474 0.001713
475 0.001815
476 0.000317
477 0.000332
478 0.000129
479 0.000084
480 0.000260
481 0.000028
482 0.000001
483 0.000000
484 0.000000
485 0.000000
486 0.000000
487 0.000000
488 0.000000
489 0.000000
490 0.000000
491 0.000000
492 0.000000
493 0.000000
494 0.000000
495 0.000001
496 0.000012
497 0.000004
498 0.000000
499 0.000000
500 0.000000
501 0.000034
502 0.001783
503 0.007740
504 0.003538
505 0.004487
506 0.000156
507 0.000167
508 0.000365
509 0.000001
510 0.000000
511 0.000000
512 0.000000
513 0.000000
514 0.000000
515 0.000000
516 0.000000
517 0.000000
518 0.000000
519 0.000000
520 0.000000
521 0.000000
522 0.000000
523 0.000000
524 0.000010
525 0.000538
526 0.000038
527 0.000001
528 0.000000
529 0.000042
530 0.001125
531 0.002394
532 0.008834
533 0.010004
534 0.001070
535 0.000491
536 0.000012
537 0.000000
538 0.000000
539 0.000000
540 0.000000
541 0.000000
542 0.000000
543 0.000000
544 0.000000
545 0.000000
546 0.000000
547 0.000000
548 0.000000
549 0.000000
550 0.000000
551 0.000000
552 0.000001
553 0.000632
554 0.999969
555 0.000095
556 0.000005
557 0.000012
558 0.000410
559 0.000727
560 0.010003
561 0.005848
562 0.000278
563 0.000379
564 0.000001
565 0.000000
566 0.000000
567 0.000000
568 0.000000
569 0.000000
570 0.000000
571 0.000000
572 0.000000
573 0.000000
574 0.000000
575 0.000000
576 0.000000
577 0.000000
578 0.000000
579 0.000000
580 0.000000
581 0.000012
582 0.001036
583 0.003809
584 0.000254
585 0.001979
586 0.000771
587 0.000410
588 0.005973
589 0.002527
590 0.000456
591 0.000025
592 0.000000
593 0.000000
594 0.000000
595 0.000000
596 0.000000
597 0.000000
598 0.000000
599 0.000000
600 0.000000
601 0.000000
602 0.000000
603 0.000000
604 0.000000
605 0.000000
606 0.000000
607 0.000000
608 0.000000
609 0.000000
610 0.000051
611 0.003996
612 0.007497
613 0.005707
614 0.002620
615 0.001286
616 0.002742
617 0.001362
618 0.000810
619 0.000157
620 0.000001
621 0.000000
622 0.000000
623 0.000000
624 0.000000
625 0.000000
626 0.000000
627 0.000000
628 0.000000
629 0.000000
630 0.000000
631 0.000000
632 0.000000
633 0.000000
634 0.000000
635 0.000000
636 0.000000
637 0.000000
638 0.000008
639 0.000931
640 0.002639
641 0.007573
642 0.000000
643 0.000002
644 0.001535
645 0.001089
646 0.001040
647 0.000850
648 0.000338
649 0.000002
650 0.000000
651 0.000000
652 0.000001
653 0.000004
654 0.000002
655 0.000001
656 0.000005
657 0.000010
658 0.000002
659 0.000000
660 0.000000
661 0.000000
662 0.000000
663 0.000000
664 0.000000
665 0.000006
666 0.000149
667 0.000380
668 0.001006
669 0.000000
670 0.000001
671 0.000003
672 0.000000
673 0.001140
674 0.001089
675 0.000893
676 0.000994
677 0.000810
678 0.000015
679 0.000019
680 0.000123
681 0.001347
682 0.001258
683 0.000096
684 0.000022
685 0.000008
686 0.000002
687 0.000001
688 0.000001
689 0.000006
690 0.000016
691 0.000011
692 0.000023
693 0.000136
694 0.000155
695 0.000209
696 0.000000
697 0.000000
698 0.000001
699 0.000001
700 0.000000
701 0.000000
702 0.001140
703 0.001089
704 0.001040
705 0.001163
706 0.002140
707 0.005847
708 0.010000
709 0.010002
710 0.003613
711 0.000316
712 0.000024
713 0.000004
714 0.000002
715 0.000002
716 0.000002
717 0.000011
718 0.000096
719 0.000103
720 0.000110
721 0.000145
722 0.000191
723 0.000000
724 0.000001
725 0.000001
726 0.000000
727 0.000000
728 0.000000
729 0.000000
730 0.000000
731 0.000000
732 0.001089
733 0.002274
734 0.004264
735 0.010000
736 0.010001
737 0.010003
738 0.010004
739 0.000777
740 0.000030
741 0.000003
742 0.000002
743 0.000002
744 0.000006
745 0.000029
746 0.000103
747 0.000136
748 0.000145
749 0.000191
750 0.000000
751 0.000000
752 0.000000
753 0.000000
754 0.000000
755 0.000000
756 0.000000
757 0.000000
758 0.000000
759 0.000000
760 0.000000
761 0.003763
762 0.008440
763 0.010001
764 0.010002
765 0.010003
766 0.010004
767 0.001369
768 0.000040
769 0.000003
770 0.000002
771 0.000003
772 0.000012
773 0.000077
774 0.000103
775 0.000117
776 0.000155
777 0.000000
778 0.000014
779 0.000010
780 0.000000
781 0.000000
782 0.000000
783 0.000000
