0 0.001145
1 0.001064
2 0.000817
3 0.000919
4 0.000699
5 0.000528
6 0.000448
7 0.000414
8 0.000042
9 0.000004
10 0.000003
11 0.000002
12 0.000002
13 0.000002
14 0.000002
15 0.000002
16 0.000001
17 0.000001
18 0.000007
19 0.000088
20 0.000383
21 0.000409
22 0.000540
23 0.000736
24 0.001038
25 0.001814
26 0.003068
27 0.004739
28 0.000884
29 0.000989
30 0.000755
31 0.000699
32 0.000647
33 0.000555
34 0.000414
35 0.000212
36 0.000010
37 0.000002
38 0.000001
39 0.000001
40 0.000001
41 0.000002
42 0.000001
43 0.000001
44 0.000001
45 0.000001
46 0.000002
47 0.000031
48 0.000288
49 0.000383
50 0.000000
51 0.000000
52 0.001763
53 0.003099
54 0.005321
55 0.011031
56 0.000989
57 0.000755
58 0.000699
59 0.000647
60 0.000555
61 0.000414
62 0.000382
63 0.000058
64 0.000004
65 0.000001
66 0.000001
67 0.000001
68 0.000001
69 0.000001
70 0.000001
71 0.000001
72 0.000001
73 0.000001
74 0.000001
75 0.000007
76 0.000000
77 0.000000
78 0.000000
79 0.000000
80 0.000000
81 0.005362
82 0.011031
83 0.018062
84 0.001544
85 0.000699
86 0.000528
87 0.000448
88 0.000414
89 0.000382
90 0.000326
91 0.000014
92 0.000001
93 0.000001
94 0.000001
95 0.000001
96 0.000001
97 0.000001
98 0.000001
99 0.000000
100 0.000000
101 0.000000
102 0.000000
103 0.000000
104 0.000000
105 0.000000
106 0.000000
107 0.000000
108 0.000000
109 0.012209
110 0.018062
111 0.015680
112 0.003119
113 0.001340
114 0.000539
115 0.000414
116 0.000000
117 0.000000
118 0.000000
119 0.000000
120 0.000000
121 0.000000
122 0.000000
123 0.000000
124 0.000000
125 0.000000
126 0.000000
127 0.000000
128 0.000000
129 0.000000
130 0.000000
131 0.000000
132 0.000000
133 0.000000
134 0.000000
135 0.000000
136 0.000029
137 0.016772
138 0.014055
139 0.006590
140 0.007234
141 0.002907
142 0.001113
143 0.000565
144 0.000000
145 0.000000
146 0.000000
147 0.000000
148 0.000000
149 0.000000
150 0.000000
151 0.000000
152 0.000000
153 0.000000
154 0.000000
155 0.000000
156 0.000000
157 0.000000
158 0.000000
159 0.000000
160 0.000000
161 0.000000
162 0.000000
163 0.000000
164 0.018418
165 0.012594
166 0.005909
167 0.002455
168 0.007516
169 0.007167
170 0.003437
171 0.001222
172 0.000000
173 0.000000
174 0.000000
175 0.000000
176 0.000000
177 0.000000
178 0.000000
179 0.000000
180 0.000000
181 0.000000
182 0.000000
183 0.000000
184 0.000000
185 0.000000
186 0.000000
187 0.000000
188 0.000000
189 0.000000
190 0.000000
191 0.000000
192 0.010307
193 0.005303
194 0.001383
195 0.000895
196 0.007419
197 0.007645
198 0.007175
199 0.003205
200 0.000001
201 0.000000
202 0.000000
203 0.000000
204 0.000000
205 0.000000
206 0.000000
207 0.000000
208 0.000000
209 0.000000
210 0.000000
211 0.000000
212 0.000000
213 0.000000
214 0.000000
215 0.000000
216 0.000000
217 0.000000
218 0.000000
219 0.000016
220 0.003894
221 0.001077
222 0.000628
223 0.000471
224 0.007479
225 0.007375
226 0.007439
227 0.007415
228 0.003961
229 0.000000
230 0.000000
231 0.000000
232 0.000000
233 0.000000
234 0.000000
235 0.000000
236 0.000000
237 0.000000
238 0.000000
239 0.000000
240 0.000000
241 0.000000
242 0.000000
243 0.000000
244 0.000000
245 0.000000
246 0.000000
247 0.000010
248 0.000009
249 0.000010
250 0.000017
251 0.000034
252 0.007120
253 0.007199
254 0.007359
255 0.003229
256 0.000357
257 0.000000
258 0.000000
259 0.000000
260 0.000000
261 0.000000
262 0.000000
263 0.000000
264 0.000000
265 0.000000
266 0.000000
267 0.000000
268 0.000000
269 0.000000
270 0.000000
271 0.000000
272 0.000000
273 0.000000
274 0.000000
275 0.000000
276 0.000000
277 0.000000
278 0.000001
279 0.000002
280 0.001430
281 0.000627
282 0.000444
283 0.000076
284 0.000024
285 0.000000
286 0.000000
287 0.000000
288 0.000000
289 0.000000
290 0.000000
291 0.000000
292 0.000000
293 0.000000
294 0.000000
295 0.000000
296 0.000000
297 0.000000
298 0.000000
299 0.000000
300 0.000000
301 0.000000
302 0.000000
303 0.000000
304 0.000000
305 0.000000
306 0.000000
307 0.000001
308 0.000031
309 0.000013
310 0.000008
311 0.000006
312 0.000001
313 0.000000
314 0.000000
315 0.000000
316 0.000000
317 0.000000
318 0.000000
319 0.000000
320 0.000000
321 0.000000
322 0.000000
323 0.000000
324 0.000000
325 0.000000
326 0.000000
327 0.000000
328 0.000000
329 0.000000
330 0.000000
331 0.000000
332 0.000000
333 0.000000
334 0.000000
335 0.000001
336 0.000002
337 0.000001
338 0.000001
339 0.000001
340 0.000000
341 0.000000
342 0.000000
343 0.000000
344 0.000000
345 0.000000
346 0.000000
347 0.000000
348 0.000000
349 0.000000
350 0.000000
351 0.000000
352 0.000000
353 0.000000
354 0.000000
355 0.000000
356 0.000000
357 0.000000
358 0.000000
359 0.000000
360 0.000000
361 0.000000
362 0.000000
363 0.000001
364 0.000001
365 0.000001
366 0.000000
367 0.000000
368 0.000000
369 0.000000
370 0.000000
371 0.000000
372 0.000000
373 0.000000
374 0.000000
375 0.000000
376 0.000000
377 0.000000
378 0.000000
379 0.000000
380 0.000000
381 0.000000
382 0.000000
383 0.000000
384 0.000000
385 0.000000
386 0.000000
387 0.000000
388 0.000000
389 0.000000
390 0.000000
391 0.000001
392 0.000001
393 0.000000
394 0.000000
395 0.000000
396 0.000000
397 0.000000
398 0.000000
399 0.000000
400 0.000000
401 0.000000
402 0.000000
403 0.000001
404 0.000000
405 0.000001
406 0.000000
407 0.000000
408 0.000000
409 0.000000
410 0.000000
411 0.000000
412 0.000000
413 0.000000
414 0.000000
415 0.000000
416 0.000000
417 0.000000
418 0.000000
419 0.000000
420 0.000001
421 0.000000
422 0.000000
423 0.000000
424 0.000000
425 0.000000
426 0.000000
427 0.000000
428 0.000000
429 0.000000
430 0.000000
431 0.000082
432 0.949571
433 0.000333
434 0.000001
435 0.000000
436 0.000000
437 0.000000
438 0.000000
439 0.000000
440 0.000000
441 0.000000
442 0.000000
443 0.000000
444 0.000000
445 0.000000
446 0.000000
447 0.000000
448 0.000001
449 0.000000
450 0.000000
451 0.000000
452 0.000000
453 0.000000
454 0.000000
455 0.000000
456 0.000000
457 0.000000
458 0.000000
459 0.000350
460 0.999997
461 0.000027
462 0.000000
463 0.000000
464 0.000000
465 0.000000
466 0.000000
467 0.000000
468 0.000000
469 0.000000
470 0.000000
471 0.000000
472 0.000000
473 0.000000
474 0.000000
475 0.000001
476 0.000008
477 0.000002
478 0.000000
479 0.000000
480 0.000000
481 0.000000
482 0.000000
483 0.000000
484 0.000000
485 0.000000
486 0.000000
487 0.000001
488 0.000001
489 0.000000
490 0.000000
491 0.000000
492 0.000000
493 0.000000
494 0.000000
495 0.000000
496 0.000000
497 0.000000
498 0.000000
499 0.000000
500 0.000000
501 0.000000
502 0.000002
503 0.000004
504 0.000137
505 0.000040
506 0.000000
507 0.000000
508 0.000000
509 0.000000
510 0.000000
511 0.000000
512 0.000000
513 0.000000
514 0.000000
515 0.000000
516 0.000000
517 0.000000
518 0.000000
519 0.000000
520 0.000000
521 0.000000
522 0.000000
523 0.000000
524 0.000000
525 0.000000
526 0.000000
527 0.000000
528 0.000000
529 0.000000
530 0.000014
531 0.000050
532 0.000125
533 0.000109
534 0.000000
535 0.000000
536 0.000000
537 0.000000
538 0.000000
539 0.000000
540 0.000000
541 0.000000
542 0.000000
543 0.000000
544 0.000000
545 0.000000
546 0.000000
547 0.000000
548 0.000000
549 0.000000
550 0.000000
551 0.000000
552 0.000000
553 0.000000
554 0.000000
555 0.000000
556 0.000000
557 0.000000
558 0.000050
559 0.000054
560 0.000168
561 0.000157
562 0.000000
563 0.000000
564 0.000000
565 0.000000
566 0.000000
567 0.000001
568 0.000000
569 0.000000
570 0.000000
571 0.000000
572 0.000000
573 0.000000
574 0.000000
575 0.000000
576 0.000000
577 0.000000
578 0.000000
579 0.000000
580 0.000000
581 0.000000
582 0.000000
583 0.000000
584 0.000000
585 0.000050
586 0.000054
587 0.000076
588 0.000225
589 0.000168
590 0.000003
591 0.000000
592 0.000000
593 0.000000
594 0.000005
595 0.000001
596 0.000000
597 0.000000
598 0.000000
599 0.000000
600 0.000000
601 0.000000
602 0.000000
603 0.000000
604 0.000000
605 0.000000
606 0.000000
607 0.000000
608 0.000000
609 0.000000
610 0.000000
611 0.000000
612 0.000047
613 0.000050
614 0.000070
615 0.000076
616 0.000256
617 0.000225
618 0.000208
619 0.000019
620 0.000001
621 0.000005
622 0.000001
623 0.000000
624 0.000000
625 0.000000
626 0.000000
627 0.000000
628 0.000000
629 0.000000
630 0.000000
631 0.000000
632 0.000000
633 0.000000
634 0.000000
635 0.000000
636 0.000000
637 0.000000
638 0.000000
639 0.000047
640 0.000050
641 0.000070
642 0.000000
643 0.000000
644 0.000274
645 0.000256
646 0.000736
647 0.001985
648 0.001850
649 0.000006
650 0.000001
651 0.000000
652 0.000000
653 0.000000
654 0.000000
655 0.000000
656 0.000000
657 0.000000
658 0.000001
659 0.000000
660 0.000000
661 0.000000
662 0.000000
663 0.000000
664 0.000000
665 0.000001
666 0.000099
667 0.000065
668 0.000070
669 0.000000
670 0.000000
671 0.000000
672 0.000000
673 0.000812
674 0.002113
675 0.006556
676 0.009526
677 0.010000
678 0.000038
679 0.000007
680 0.000003
681 0.000005
682 0.000005
683 0.000000
684 0.000000
685 0.000000
686 0.000001
687 0.000006
688 0.000042
689 0.000156
690 0.000532
691 0.000138
692 0.000214
693 0.000998
694 0.000311
695 0.000115
696 0.000000
697 0.000000
698 0.000000
699 0.000000
700 0.000000
701 0.000000
702 0.006672
703 0.009399
704 0.010000
705 0.010000
706 0.007203
707 0.001166
708 0.000282
709 0.000102
710 0.000020
711 0.000001
712 0.000000
713 0.000000
714 0.000000
715 0.000004
716 0.000042
717 0.002198
718 0.010002
719 0.010000
720 0.009068
721 0.004138
722 0.001074
723 0.000000
724 0.000000
725 0.000000
726 0.000000
727 0.000000
728 0.000000
729 0.000000
730 0.000000
731 0.000000
732 0.010000
733 0.009999
734 0.002189
735 0.000551
736 0.000157
737 0.000117
738 0.000102
739 0.000004
740 0.000000
741 0.000000
742 0.000000
743 0.000001
744 0.000039
745 0.004000
746 0.020589
747 0.010001
748 0.009809
749 0.009098
750 0.000000
751 0.000000
752 0.000000
753 0.000000
754 0.000000
755 0.000000
756 0.000000
757 0.000000
758 0.000000
759 0.000000
760 0.000000
761 0.004068
762 0.001010
763 0.000225
764 0.000168
765 0.000157
766 0.000146
767 0.000017
768 0.000001
769 0.000000
770 0.000000
771 0.000000
772 0.000041
773 0.004445
774 0.065689
775 0.010003
776 0.010000
777 0.000000
778 0.000063
779 0.000011
780 0.000000
781 0.000000
782 0.000000
783 0.000000
