0 0.000303
1 0.000271
2 0.000184
3 0.000219
4 0.000147
5 0.000099
6 0.000079
7 0.000070
8 0.000007
9 0.000001
10 0.000001
11 0.000001
12 0.000003
13 0.000023
14 0.000115
15 0.000017
16 0.000002
17 0.000001
18 0.000002
19 0.000042
20 0.000381
21 0.000407
22 0.000542
23 0.000577
24 0.000498
25 0.000533
26 0.000698
27 0.000744
28 0.000206
29 0.000244
30 0.000164
31 0.000147
32 0.000132
33 0.000106
34 0.000070
35 0.000034
36 0.000002
37 0.000001
38 0.000001
39 0.000001
40 0.000006
41 0.000058
42 0.000062
43 0.000004
44 0.000001
45 0.000001
46 0.000001
47 0.000008
48 0.000284
49 0.000381
50 0.000000
51 0.000000
52 0.000466
53 0.000615
54 0.000533
55 0.000698
56 0.000244
57 0.000164
58 0.000147
59 0.000132
60 0.000106
61 0.000070
62 0.000063
63 0.000009
64 0.000001
65 0.000001
66 0.000001
67 0.000001
68 0.000018
69 0.000072
70 0.000013
71 0.000001
72 0.000001
73 0.000001
74 0.000001
75 0.000001
76 0.000000
77 0.000000
78 0.000000
79 0.000000
80 0.000000
81 0.000466
82 0.000615
83 0.000533
84 0.000219
85 0.000147
86 0.000099
87 0.000079
88 0.000070
89 0.000063
90 0.000051
91 0.000002
92 0.000001
93 0.000001
94 0.000001
95 0.000005
96 0.000038
97 0.000042
98 0.000003
99 0.000001
100 0.000001
101 0.000000
102 0.000000
103 0.000000
104 0.000001
105 0.000000
106 0.000000
107 0.000000
108 0.000000
109 0.000435
110 0.000466
111 0.000615
112 0.000147
113 0.000132
114 0.000079
115 0.000070
116 0.000047
117 0.000037
118 0.000017
119 0.000001
120 0.000000
121 0.000001
122 0.000001
123 0.000021
124 0.000068
125 0.000011
126 0.000001
127 0.000000
128 0.000000
129 0.000000
130 0.000000
131 0.000000
132 0.000000
133 0.000000
134 0.000000
135 0.000000
136 0.000001
137 0.000327
138 0.000435
139 0.000577
140 0.000132
141 0.000088
142 0.000070
143 0.000063
144 0.000037
145 0.000033
146 0.000004
147 0.000001
148 0.000000
149 0.000001
150 0.000003
151 0.000048
152 0.000032
153 0.000001
154 0.000000
155 0.000000
156 0.000000
157 0.000000
158 0.000000
159 0.000000
160 0.000000
161 0.000000
162 0.000000
163 0.000000
164 0.000334
165 0.000305
166 0.000407
167 0.000435
168 0.000088
169 0.000070
170 0.000063
171 0.000051
172 0.000033
173 0.000027
174 0.000001
175 0.000001
176 0.000000
177 0.000001
178 0.000003
179 0.000001
180 0.000001
181 0.000000
182 0.000000
183 0.000000
184 0.000000
185 0.000001
186 0.000000
187 0.000000
188 0.000000
189 0.000000
190 0.000000
191 0.000000
192 0.000247
193 0.000265
194 0.000284
195 0.000407
196 0.000070
197 0.000063
198 0.000042
199 0.000033
200 0.000022
201 0.000018
202 0.000001
203 0.000000
204 0.000001
205 0.000001
206 0.000001
207 0.000001
208 0.000000
209 0.000000
210 0.000000
211 0.000001
212 0.000001
213 0.000001
214 0.000000
215 0.000000
216 0.000000
217 0.000000
218 0.000000
219 0.000001
220 0.000247
221 0.000265
222 0.000265
223 0.000357
224 0.000063
225 0.000042
226 0.000034
227 0.000030
228 0.000018
229 0.000002
230 0.000000
231 0.000000
232 0.000001
233 0.000001
234 0.000001
235 0.000001
236 0.000000
237 0.000000
238 0.000001
239 0.000001
240 0.000001
241 0.000000
242 0.000000
243 0.000000
244 0.000000
245 0.000000
246 0.000000
247 0.000215
248 0.000215
249 0.000183
250 0.000265
251 0.000265
252 0.000146
253 0.000034
254 0.000030
255 0.000005
256 0.000001
257 0.000000
258 0.000000
259 0.000000
260 0.000001
261 0.000001
262 0.000001
263 0.000000
264 0.000001
265 0.000001
266 0.000001
267 0.000001
268 0.000000
269 0.000000
270 0.000000
271 0.000000
272 0.000000
273 0.000000
274 0.000000
275 0.000116
276 0.000170
277 0.000170
278 0.000183
279 0.000265
280 0.000896
281 0.000009
282 0.000001
283 0.000001
284 0.000001
285 0.000000
286 0.000000
287 0.000001
288 0.000001
289 0.000001
290 0.000001
291 0.000001
292 0.000001
293 0.000001
294 0.000001
295 0.000000
296 0.000000
297 0.000000
298 0.000000
299 0.000000
300 0.000000
301 0.000000
302 0.000000
303 0.000108
304 0.000147
305 0.000158
306 0.000170
307 0.000231
308 0.000046
309 0.000002
310 0.000001
311 0.000001
312 0.000000
313 0.000000
314 0.000000
315 0.000001
316 0.000002
317 0.000001
318 0.000001
319 0.000001
320 0.000001
321 0.000001
322 0.000000
323 0.000000
324 0.000000
325 0.000000
326 0.000000
327 0.000000
328 0.000000
329 0.000000
330 0.000000
331 0.000001
332 0.000108
333 0.000147
334 0.000158
335 0.000231
336 0.000002
337 0.000001
338 0.000001
339 0.000001
340 0.000001
341 0.000000
342 0.000001
343 0.000002
344 0.000003
345 0.000001
346 0.000001
347 0.000001
348 0.000000
349 0.000000
350 0.000000
351 0.000000
352 0.000000
353 0.000000
354 0.000000
355 0.000000
356 0.000000
357 0.000000
358 0.000000
359 0.000000
360 0.000093
361 0.000108
362 0.000147
363 0.000158
364 0.000001
365 0.000001
366 0.000001
367 0.000002
368 0.000001
369 0.000001
370 0.000002
371 0.000007
372 0.000004
373 0.000001
374 0.000001
375 0.000000
376 0.000000
377 0.000000
378 0.000000
379 0.000000
380 0.000000
381 0.000000
382 0.000000
383 0.000000
384 0.000000
385 0.000000
386 0.000000
387 0.000000
388 0.000005
389 0.000093
390 0.000108
391 0.000158
392 0.000001
393 0.000001
394 0.000001
395 0.000001
396 0.000001
397 0.000001
398 0.000028
399 0.000532
400 0.000002
401 0.000001
402 0.000000
403 0.000000
404 0.000000
405 0.000000
406 0.000000
407 0.000000
408 0.000000
409 0.000000
410 0.000000
411 0.000000
412 0.000000
413 0.000000
414 0.000000
415 0.000000
416 0.000000
417 0.000086
418 0.000100
419 0.000108
420 0.000001
421 0.000001
422 0.000001
423 0.000001
424 0.000001
425 0.000004
426 0.999984
427 0.000026
428 0.000001
429 0.000001
430 0.000000
431 0.000000
432 0.000000
433 0.000000
434 0.000000
435 0.000000
436 0.000000
437 0.000000
438 0.000000
439 0.000000
440 0.000000
441 0.000000
442 0.000000
443 0.000000
444 0.000000
445 0.000062
446 0.000086
447 0.000100
448 0.000001
449 0.000001
450 0.000001
451 0.000001
452 0.000001
453 0.000007
454 0.000008
455 0.000001
456 0.000001
457 0.000001
458 0.000001
459 0.000000
460 0.000000
461 0.000000
462 0.000000
463 0.000000
464 0.000000
465 0.000000
466 0.000000
467 0.000000
468 0.000000
469 0.000000
470 0.000000
471 0.000000
472 0.000000
473 0.000002
474 0.000068
475 0.000138
476 0.000001
477 0.000001
478 0.000001
479 0.000001
480 0.000002
481 0.000004
482 0.000001
483 0.000000
484 0.000000
485 0.000000
486 0.000001
487 0.000001
488 0.000001
489 0.000000
490 0.000000
491 0.000000
492 0.000000
493 0.000000
494 0.000000
495 0.000000
496 0.000000
497 0.000000
498 0.000000
499 0.000000
500 0.000000
501 0.000001
502 0.000343
503 0.000921
504 0.000267
505 0.000665
506 0.000004
507 0.000001
508 0.000003
509 0.000002
510 0.000000
511 0.000000
512 0.000000
513 0.000000
514 0.000000
515 0.000001
516 0.000001
517 0.000001
518 0.000000
519 0.000000
520 0.000000
521 0.000000
522 0.000000
523 0.000000
524 0.000000
525 0.000000
526 0.000000
527 0.000000
528 0.000000
529 0.000001
530 0.002995
531 0.010000
532 0.005226
533 0.010038
534 0.000003
535 0.000001
536 0.000002
537 0.000001
538 0.000000
539 0.000000
540 0.000000
541 0.000000
542 0.000000
543 0.000000
544 0.000000
545 0.000001
546 0.000001
547 0.000001
548 0.000000
549 0.000000
550 0.000000
551 0.000000
552 0.000000
553 0.000000
554 0.000000
555 0.000000
556 0.000001
557 0.000002
558 0.010000
559 0.010000
560 0.010030
561 0.000873
562 0.000001
563 0.000001
564 0.000001
565 0.000000
566 0.000000
567 0.000000
568 0.000000
569 0.000000
570 0.000000
571 0.000000
572 0.000000
573 0.000000
574 0.000000
575 0.000001
576 0.000001
577 0.000001
578 0.000000
579 0.000000
580 0.000000
581 0.000001
582 0.000001
583 0.000001
584 0.000001
585 0.010000
586 0.010000
587 0.010000
588 0.000954
589 0.000078
590 0.000001
591 0.000001
592 0.000001
593 0.000000
594 0.000000
595 0.000000
596 0.000000
597 0.000000
598 0.000000
599 0.000000
600 0.000000
601 0.000000
602 0.000000
603 0.000000
604 0.000001
605 0.000001
606 0.000001
607 0.000001
608 0.000001
609 0.000001
610 0.000001
611 0.000002
612 0.010000
613 0.010000
614 0.010000
615 0.010000
616 0.000099
617 0.000017
618 0.000008
619 0.000001
620 0.000000
621 0.000000
622 0.000000
623 0.000000
624 0.000000
625 0.000000
626 0.000000
627 0.000000
628 0.000000
629 0.000000
630 0.000000
631 0.000000
632 0.000000
633 0.000000
634 0.000001
635 0.000001
636 0.000001
637 0.000001
638 0.000002
639 0.010000
640 0.010000
641 0.010000
642 0.000000
643 0.000000
644 0.000023
645 0.000015
646 0.000013
647 0.000009
648 0.000003
649 0.000000
650 0.000000
651 0.000000
652 0.000000
653 0.000000
654 0.000000
655 0.000000
656 0.000001
657 0.000001
658 0.000001
659 0.000001
660 0.000000
661 0.000000
662 0.000001
663 0.000001
664 0.000001
665 0.000003
666 0.010000
667 0.010000
668 0.010000
669 0.000000
670 0.000000
671 0.000000
672 0.000000
673 0.000016
674 0.000015
675 0.000009
676 0.000012
677 0.000008
678 0.000000
679 0.000000
680 0.000000
681 0.000001
682 0.000002
683 0.000002
684 0.000001
685 0.000001
686 0.000001
687 0.000001
688 0.000001
689 0.000007
690 0.000102
691 0.000018
692 0.000101
693 0.010000
694 0.010000
695 0.010000
696 0.000000
697 0.000000
698 0.000000
699 0.000000
700 0.000000
701 0.000000
702 0.000016
703 0.000015
704 0.000013
705 0.000012
706 0.000008
707 0.000007
708 0.000006
709 0.000004
710 0.000003
711 0.000002
712 0.000002
713 0.000002
714 0.000001
715 0.000001
716 0.000002
717 0.000038
718 0.010000
719 0.010000
720 0.010000
721 0.010000
722 0.010000
723 0.000000
724 0.000001
725 0.000000
726 0.000000
727 0.000000
728 0.000000
729 0.000000
730 0.000000
731 0.000000
732 0.000015
733 0.000013
734 0.000009
735 0.000008
736 0.000007
737 0.000005
738 0.000004
739 0.000003
740 0.000003
741 0.000002
742 0.000001
743 0.000001
744 0.000005
745 0.000254
746 0.010000
747 0.010000
748 0.010000
749 0.010000
750 0.000001
751 0.000001
752 0.000001
753 0.000001
754 0.000000
755 0.000000
756 0.000000
757 0.000000
758 0.000000
759 0.000000
760 0.000000
761 0.000015
762 0.000013
763 0.000009
764 0.000008
765 0.000007
766 0.000006
767 0.000006
768 0.000003
769 0.000003
770 0.000002
771 0.000002
772 0.000020
773 0.002131
774 0.010000
775 0.010000
776 0.010000
777 0.000001
778 0.000009
779 0.000004
780 0.000001
781 0.000001
782 0.000001
783 0.000000
