0 0.003002
1 0.002979
2 0.002746
3 0.003208
4 0.003983
5 0.005953
6 0.009001
7 0.010001
8 0.005460
9 0.001844
10 0.000667
11 0.000103
12 0.000074
13 0.000069
14 0.000065
15 0.000059
16 0.000048
17 0.000039
18 0.000202
19 0.001623
20 0.006401
21 0.010044
22 0.010383
23 0.006004
24 0.003300
25 0.002150
26 0.002259
27 0.002334
28 0.002582
29 0.002757
30 0.002494
31 0.002642
32 0.002888
33 0.004400
34 0.006594
35 0.007147
36 0.001558
37 0.001290
38 0.000823
39 0.000391
40 0.000059
41 0.000059
42 0.000053
43 0.000044
44 0.000035
45 0.000043
46 0.000140
47 0.001424
48 0.009808
49 0.010144
50 0.000001
51 0.000000
52 0.001997
53 0.002097
54 0.001919
55 0.002248
56 0.002757
57 0.002354
58 0.002249
59 0.002328
60 0.002494
61 0.002854
62 0.004399
63 0.002504
64 0.000877
65 0.000360
66 0.001345
67 0.000543
68 0.000144
69 0.000036
70 0.000035
71 0.000030
72 0.000030
73 0.000052
74 0.000107
75 0.001256
76 0.000025
77 0.000002
78 0.000000
79 0.000000
80 0.000000
81 0.001772
82 0.002087
83 0.001923
84 0.002642
85 0.002249
86 0.001903
87 0.001726
88 0.001910
89 0.002181
90 0.002821
91 0.000876
92 0.000312
93 0.000343
94 0.000682
95 0.000859
96 0.000334
97 0.000062
98 0.000029
99 0.000023
100 0.000037
101 0.000024
102 0.000001
103 0.000000
104 0.000003
105 0.000001
106 0.000000
107 0.000000
108 0.000000
109 0.001702
110 0.001775
111 0.002124
112 0.002249
113 0.002148
114 0.001726
115 0.001644
116 0.000000
117 0.000000
118 0.000000
119 0.000000
120 0.000000
121 0.000050
122 0.000343
123 0.000859
124 0.000655
125 0.000215
126 0.000028
127 0.000002
128 0.000000
129 0.000000
130 0.000000
131 0.000001
132 0.000001
133 0.000000
134 0.000000
135 0.000000
136 0.000065
137 0.001509
138 0.001773
139 0.002939
140 0.002148
141 0.001812
142 0.001644
143 0.001566
144 0.000000
145 0.000000
146 0.000000
147 0.000000
148 0.000000
149 0.000000
150 0.000000
151 0.000000
152 0.000001
153 0.000001
154 0.000001
155 0.000000
156 0.000000
157 0.000000
158 0.000001
159 0.000001
160 0.000001
161 0.000000
162 0.000000
163 0.000000
164 0.001715
165 0.001624
166 0.003397
167 0.008833
168 0.001812
169 0.001644
170 0.001566
171 0.001422
172 0.000000
173 0.000000
174 0.000000
175 0.000000
176 0.000000
177 0.000000
178 0.000000
179 0.000000
180 0.000000
181 0.000000
182 0.000000
183 0.000000
184 0.000000
185 0.000001
186 0.000003
187 0.000001
188 0.000000
189 0.000000
190 0.000000
191 0.000001
192 0.001710
193 0.003964
194 0.016302
195 0.063936
196 0.001644
197 0.001566
198 0.001302
199 0.001175
200 0.000001
201 0.000000
202 0.000000
203 0.000000
204 0.000000
205 0.000000
206 0.000000
207 0.000000
208 0.000000
209 0.000000
210 0.000000
211 0.000000
212 0.000000
213 0.000000
214 0.000000
215 0.000000
216 0.000000
217 0.000000
218 0.000000
219 0.000056
220 0.005754
221 0.026512
222 0.078048
223 0.098129
224 0.001566
225 0.001302
226 0.001175
227 0.001117
228 0.000868
229 0.000000
230 0.000000
231 0.000000
232 0.000000
233 0.000000
234 0.000000
235 0.000000
236 0.000001
237 0.000001
238 0.000005
239 0.000301
240 0.000013
241 0.000000
242 0.000000
243 0.000000
244 0.000000
245 0.000000
246 0.000000
247 0.000085
248 0.001002
249 0.004333
250 0.005509
251 0.004205
252 0.001493
253 0.001175
254 0.001117
255 0.000632
256 0.000137
257 0.000000
258 0.000000
259 0.000000
260 0.000000
261 0.000000
262 0.000000
263 0.000000
264 0.000001
265 0.000013
266 0.999997
267 0.015447
268 0.000053
269 0.000000
270 0.000000
271 0.000000
272 0.000000
273 0.000000
274 0.000000
275 0.000067
276 0.000166
277 0.000162
278 0.000111
279 0.000046
280 0.001175
281 0.000398
282 0.000209
283 0.000088
284 0.000071
285 0.000000
286 0.000000
287 0.000000
288 0.000000
289 0.000000
290 0.000000
291 0.000000
292 0.000000
293 0.000025
294 0.000009
295 0.000015
296 0.000079
297 0.000001
298 0.000000
299 0.000000
300 0.000000
301 0.000000
302 0.000000
303 0.000134
304 0.000050
305 0.000014
306 0.000008
307 0.000006
308 0.000239
309 0.000151
310 0.000101
311 0.000040
312 0.000005
313 0.000000
314 0.000000
315 0.000000
316 0.000000
317 0.000000
318 0.000000
319 0.000000
320 0.000000
321 0.000000
322 0.000001
323 0.000000
324 0.000001
325 0.000002
326 0.000000
327 0.000000
328 0.000000
329 0.000000
330 0.000005
331 0.000027
332 0.000026
333 0.000006
334 0.000005
335 0.000011
336 0.000226
337 0.000111
338 0.000065
339 0.000035
340 0.000001
341 0.000000
342 0.000000
343 0.000000
344 0.000000
345 0.000000
346 0.000000
347 0.000000
348 0.000000
349 0.000000
350 0.000000
351 0.000000
352 0.000000
353 0.000000
354 0.000003
355 0.000001
356 0.000000
357 0.000000
358 0.000002
359 0.000004
360 0.000065
361 0.000044
362 0.000049
363 0.000040
364 0.000179
365 0.000142
366 0.000052
367 0.000017
368 0.000000
369 0.000000
370 0.000000
371 0.000000
372 0.000000
373 0.000000
374 0.000000
375 0.000000
376 0.000000
377 0.000000
378 0.000000
379 0.000000
380 0.000000
381 0.000000
382 0.000010
383 0.000001
384 0.000000
385 0.000000
386 0.000000
387 0.000002
388 0.000350
389 0.000919
390 0.000656
391 0.000581
392 0.000071
393 0.000034
394 0.000022
395 0.000005
396 0.000000
397 0.000000
398 0.000000
399 0.000000
400 0.000000
401 0.000000
402 0.000000
403 0.000000
404 0.000000
405 0.000000
406 0.000000
407 0.000000
408 0.000000
409 0.000001
410 0.000001
411 0.000002
412 0.000000
413 0.000000
414 0.000000
415 0.000001
416 0.000100
417 0.005237
418 0.007226
419 0.004355
420 0.000062
421 0.000034
422 0.000037
423 0.000003
424 0.000000
425 0.000000
426 0.000000
427 0.000000
428 0.000000
429 0.000000
430 0.000000
431 0.000000
432 0.000000
433 0.000000
434 0.000000
435 0.000000
436 0.000000
437 0.000000
438 0.000000
439 0.000001
440 0.000006
441 0.000007
442 0.000000
443 0.000000
444 0.000027
445 0.007968
446 0.005995
447 0.004020
448 0.000324
449 0.000281
450 0.000298
451 0.000003
452 0.000000
453 0.000000
454 0.000000
455 0.000000
456 0.000000
457 0.000000
458 0.000000
459 0.000000
460 0.000000
461 0.000000
462 0.000000
463 0.000000
464 0.000000
465 0.000000
466 0.000000
467 0.000002
468 0.000934
469 0.000163
470 0.000003
471 0.000000
472 0.000001
473 0.000550
474 0.002149
475 0.002041
476 0.002560
477 0.003900
478 0.001237
479 0.000003
480 0.000000
481 0.000000
482 0.000000
483 0.000000
484 0.000000
485 0.000000
486 0.000000
487 0.000000
488 0.000000
489 0.000000
490 0.000000
491 0.000000
492 0.000000
493 0.000000
494 0.000000
495 0.000001
496 0.999985
497 0.018783
498 0.000031
499 0.000000
500 0.000000
501 0.000007
502 0.000717
503 0.002168
504 0.008359
505 0.009509
506 0.000560
507 0.000005
508 0.000001
509 0.000000
510 0.000001
511 0.000004
512 0.000000
513 0.000000
514 0.000000
515 0.000000
516 0.000000
517 0.000000
518 0.000000
519 0.000000
520 0.000000
521 0.000000
522 0.000000
523 0.000000
524 0.000009
525 0.011737
526 0.001647
527 0.000011
528 0.000000
529 0.000003
530 0.000561
531 0.002415
532 0.010003
533 0.010003
534 0.000198
535 0.000003
536 0.000001
537 0.000003
538 0.000047
539 0.000103
540 0.000102
541 0.000001
542 0.000000
543 0.000000
544 0.000000
545 0.000000
546 0.000000
547 0.000000
548 0.000000
549 0.000000
550 0.000000
551 0.000000
552 0.000000
553 0.000007
554 0.033379
555 0.000976
556 0.000003
557 0.000022
558 0.001156
559 0.001203
560 0.010003
561 0.010002
562 0.000175
563 0.000004
564 0.000002
565 0.000031
566 0.000324
567 0.004797
568 0.999988
569 0.000001
570 0.000000
571 0.000000
572 0.000000
573 0.000000
574 0.000000
575 0.000000
576 0.000000
577 0.000000
578 0.000000
579 0.000000
580 0.000000
581 0.000000
582 0.000118
583 0.005458
584 0.000206
585 0.004505
586 0.001766
587 0.001252
588 0.010002
589 0.010001
590 0.000761
591 0.000010
592 0.000011
593 0.000172
594 0.006261
595 0.002386
596 0.000069
597 0.000000
598 0.000000
599 0.000000
600 0.000000
601 0.000000
602 0.000000
603 0.000000
604 0.000000
605 0.000000
606 0.000000
607 0.000000
608 0.000000
609 0.000000
610 0.000003
611 0.000989
612 0.005809
613 0.010003
614 0.005933
615 0.002818
616 0.010001
617 0.007232
618 0.003788
619 0.001030
620 0.001225
621 0.009125
622 0.001301
623 0.000073
624 0.000005
625 0.000000
626 0.000000
627 0.000000
628 0.000000
629 0.000000
630 0.000000
631 0.000000
632 0.000000
633 0.000000
634 0.000000
635 0.000000
636 0.000000
637 0.000000
638 0.000004
639 0.000708
640 0.002026
641 0.005921
642 0.000000
643 0.000000
644 0.007378
645 0.004208
646 0.004897
647 0.006045
648 0.015898
649 0.001853
650 0.000050
651 0.000002
652 0.000002
653 0.000002
654 0.000000
655 0.000000
656 0.000000
657 0.000001
658 0.000001
659 0.000000
660 0.000000
661 0.000000
662 0.000000
663 0.000000
664 0.000000
665 0.000004
666 0.000132
667 0.000284
668 0.000772
669 0.000000
670 0.000000
671 0.000000
672 0.000000
673 0.004540
674 0.005648
675 0.010356
676 0.012904
677 0.010001
678 0.000113
679 0.000030
680 0.000026
681 0.000087
682 0.000065
683 0.000004
684 0.000001
685 0.000001
686 0.000001
687 0.000001
688 0.000001
689 0.000012
690 0.000018
691 0.000008
692 0.000018
693 0.000123
694 0.000141
695 0.000188
696 0.000000
697 0.000000
698 0.000000
699 0.000000
700 0.000000
701 0.000000
702 0.009297
703 0.014145
704 0.010002
705 0.005218
706 0.002350
707 0.000931
708 0.000854
709 0.000703
710 0.000208
711 0.000015
712 0.000002
713 0.000001
714 0.000002
715 0.000002
716 0.000004
717 0.000020
718 0.000085
719 0.000091
720 0.000098
721 0.000132
722 0.000176
723 0.000000
724 0.000000
725 0.000000
726 0.000000
727 0.000000
728 0.000000
729 0.000000
730 0.000000
731 0.000000
732 0.006245
733 0.002881
734 0.001347
735 0.000972
736 0.000931
737 0.000770
738 0.000703
739 0.000051
740 0.000006
741 0.000002
742 0.000002
743 0.000002
744 0.000010
745 0.000051
746 0.000091
747 0.000123
748 0.000132
749 0.000176
750 0.000000
751 0.000000
752 0.000000
753 0.000000
754 0.000000
755 0.000000
756 0.000000
757 0.000000
758 0.000002
759 0.000002
760 0.000000
761 0.001923
762 0.001218
763 0.001015
764 0.000972
765 0.000931
766 0.000891
767 0.000173
768 0.000014
769 0.000003
770 0.000003
771 0.000004
772 0.000020
773 0.000108
774 0.000091
775 0.000105
776 0.000141
777 0.000000
778 0.000051
779 0.000042
780 0.000000
781 0.000000
782 0.000000
783 0.000000
