0 0.002869
1 0.002744
2 0.002338
3 0.002512
4 0.003086
5 0.005041
6 0.008623
7 0.010001
8 0.006489
9 0.002834
10 0.001192
11 0.000175
12 0.000095
13 0.000071
14 0.000060
15 0.000054
16 0.000044
17 0.000035
18 0.000192
19 0.001581
20 0.006109
21 0.009944
22 0.010740
23 0.006517
24 0.003524
25 0.002179
26 0.002287
27 0.002373
28 0.002453
29 0.002626
30 0.002229
31 0.002125
32 0.002026
33 0.003175
34 0.005482
35 0.007343
36 0.001630
37 0.001717
38 0.001416
39 0.000836
40 0.000106
41 0.000074
42 0.000049
43 0.000040
44 0.000031
45 0.000038
46 0.000125
47 0.001273
48 0.009712
49 0.010492
50 0.000001
51 0.000000
52 0.002025
53 0.002125
54 0.001956
55 0.002287
56 0.002626
57 0.002229
58 0.002125
59 0.002026
60 0.001844
61 0.001759
62 0.002976
63 0.002047
64 0.000925
65 0.000378
66 0.001850
67 0.001101
68 0.000346
69 0.000059
70 0.000039
71 0.000027
72 0.000027
73 0.000045
74 0.000090
75 0.001099
76 0.000010
77 0.000001
78 0.000000
79 0.000000
80 0.000000
81 0.001808
82 0.002124
83 0.001968
84 0.002512
85 0.002125
86 0.001786
87 0.001614
88 0.001534
89 0.001459
90 0.001528
91 0.000560
92 0.000250
93 0.000360
94 0.000823
95 0.001488
96 0.000859
97 0.000155
98 0.000045
99 0.000023
100 0.000033
101 0.000020
102 0.000000
103 0.000000
104 0.000001
105 0.000000
106 0.000000
107 0.000000
108 0.000000
109 0.001847
110 0.001819
111 0.002197
112 0.002125
113 0.002026
114 0.001614
115 0.001534
116 0.000000
117 0.000000
118 0.000000
119 0.000000
120 0.000000
121 0.000041
122 0.000360
123 0.001082
124 0.001351
125 0.000673
126 0.000058
127 0.000002
128 0.000000
129 0.000000
130 0.000000
131 0.000000
132 0.000000
133 0.000000
134 0.000000
135 0.000000
136 0.000021
137 0.001623
138 0.001974
139 0.003893
140 0.002026
141 0.001698
142 0.001534
143 0.001459
144 0.000000
145 0.000000
146 0.000000
147 0.000000
148 0.000000
149 0.000000
150 0.000000
151 0.000000
152 0.000001
153 0.000001
154 0.000001
155 0.000000
156 0.000000
157 0.000000
158 0.000000
159 0.000001
160 0.000000
161 0.000000
162 0.000000
163 0.000000
164 0.002400
165 0.001909
166 0.004317
167 0.012112
168 0.001698
169 0.001534
170 0.001459
171 0.001320
172 0.000000
173 0.000000
174 0.000000
175 0.000000
176 0.000000
177 0.000000
178 0.000000
179 0.000000
180 0.000000
181 0.000000
182 0.000000
183 0.000000
184 0.000000
185 0.000000
186 0.000001
187 0.000001
188 0.000000
189 0.000000
190 0.000000
191 0.000000
192 0.002778
193 0.005445
194 0.024644
195 0.101315
196 0.001534
197 0.001459
198 0.001203
199 0.001082
200 0.000001
201 0.000000
202 0.000000
203 0.000000
204 0.000000
205 0.000000
206 0.000000
207 0.000000
208 0.000000
209 0.000000
210 0.000000
211 0.000000
212 0.000000
213 0.000000
214 0.000000
215 0.000000
216 0.000000
217 0.000000
218 0.000000
219 0.000034
220 0.009786
221 0.041102
222 0.140579
223 0.139774
224 0.001459
225 0.001203
226 0.001082
227 0.001026
228 0.000789
229 0.000000
230 0.000000
231 0.000000
232 0.000000
233 0.000000
234 0.000000
235 0.000000
236 0.000000
237 0.000001
238 0.000001
239 0.000108
240 0.000005
241 0.000000
242 0.000000
243 0.000000
244 0.000000
245 0.000000
246 0.000000
247 0.000129
248 0.001406
249 0.005802
250 0.006323
251 0.004448
252 0.001387
253 0.001082
254 0.001026
255 0.000569
256 0.000102
257 0.000000
258 0.000000
259 0.000000
260 0.000000
261 0.000000
262 0.000000
263 0.000000
264 0.000000
265 0.000006
266 0.999997
267 0.004359
268 0.000010
269 0.000000
270 0.000000
271 0.000000
272 0.000000
273 0.000000
274 0.000000
275 0.000075
276 0.000175
277 0.000153
278 0.000096
279 0.000044
280 0.001082
281 0.000338
282 0.000162
283 0.000053
284 0.000029
285 0.000000
286 0.000000
287 0.000000
288 0.000000
289 0.000000
290 0.000000
291 0.000000
292 0.000000
293 0.000018
294 0.000013
295 0.000008
296 0.000004
297 0.000000
298 0.000000
299 0.000000
300 0.000000
301 0.000000
302 0.000000
303 0.000102
304 0.000038
305 0.000011
306 0.000007
307 0.000006
308 0.000208
309 0.000098
310 0.000042
311 0.000019
312 0.000002
313 0.000000
314 0.000000
315 0.000000
316 0.000000
317 0.000000
318 0.000000
319 0.000000
320 0.000000
321 0.000000
322 0.000001
323 0.000000
324 0.000000
325 0.000000
326 0.000000
327 0.000000
328 0.000000
329 0.000000
330 0.000002
331 0.000015
332 0.000018
333 0.000005
334 0.000004
335 0.000008
336 0.000093
337 0.000056
338 0.000034
339 0.000016
340 0.000001
341 0.000000
342 0.000000
343 0.000000
344 0.000000
345 0.000000
346 0.000000
347 0.000000
348 0.000000
349 0.000000
350 0.000000
351 0.000000
352 0.000000
353 0.000000
354 0.000000
355 0.000000
356 0.000000
357 0.000000
358 0.000001
359 0.000003
360 0.000057
361 0.000030
362 0.000028
363 0.000022
364 0.000080
365 0.000068
366 0.000027
367 0.000011
368 0.000000
369 0.000000
370 0.000000
371 0.000000
372 0.000000
373 0.000000
374 0.000000
375 0.000000
376 0.000000
377 0.000000
378 0.000000
379 0.000000
380 0.000000
381 0.000001
382 0.000001
383 0.000000
384 0.000000
385 0.000000
386 0.000000
387 0.000001
388 0.000196
389 0.000535
390 0.000373
391 0.000328
392 0.000037
393 0.000020
394 0.000011
395 0.000003
396 0.000000
397 0.000000
398 0.000000
399 0.000000
400 0.000000
401 0.000000
402 0.000000
403 0.000000
404 0.000000
405 0.000000
406 0.000000
407 0.000000
408 0.000000
409 0.000001
410 0.000002
411 0.000000
412 0.000000
413 0.000000
414 0.000000
415 0.000000
416 0.000052
417 0.003244
418 0.005184
419 0.004186
420 0.000020
421 0.000014
422 0.000021
423 0.000002
424 0.000000
425 0.000000
426 0.000000
427 0.000000
428 0.000000
429 0.000000
430 0.000000
431 0.000000
432 0.000000
433 0.000000
434 0.000000
435 0.000000
436 0.000000
437 0.000000
438 0.000000
439 0.000001
440 0.000001
441 0.000001
442 0.000000
443 0.000000
444 0.000014
445 0.007953
446 0.007054
447 0.004679
448 0.000117
449 0.000110
450 0.000126
451 0.000002
452 0.000000
453 0.000000
454 0.000000
455 0.000000
456 0.000000
457 0.000000
458 0.000000
459 0.000000
460 0.000000
461 0.000000
462 0.000000
463 0.000000
464 0.000000
465 0.000000
466 0.000000
467 0.000002
468 0.000113
469 0.000028
470 0.000001
471 0.000000
472 0.000001
473 0.000584
474 0.002497
475 0.002406
476 0.001551
477 0.001792
478 0.000651
479 0.000002
480 0.000000
481 0.000000
482 0.000000
483 0.000000
484 0.000000
485 0.000000
486 0.000000
487 0.000000
488 0.000000
489 0.000000
490 0.000000
491 0.000000
492 0.000000
493 0.000000
494 0.000000
495 0.000000
496 0.004109
497 0.999992
498 0.000007
499 0.000000
500 0.000000
501 0.000015
502 0.000832
503 0.002204
504 0.008155
505 0.009742
506 0.000635
507 0.000004
508 0.000000
509 0.000000
510 0.000000
511 0.000002
512 0.000000
513 0.000000
514 0.000000
515 0.000000
516 0.000000
517 0.000000
518 0.000000
519 0.000000
520 0.000000
521 0.000000
522 0.000000
523 0.000000
524 0.000012
525 0.002712
526 0.000214
527 0.000001
528 0.000000
529 0.000007
530 0.001409
531 0.002786
532 0.010002
533 0.010003
534 0.000219
535 0.000004
536 0.000001
537 0.000002
538 0.000018
539 0.000135
540 0.000135
541 0.000001
542 0.000000
543 0.000000
544 0.000000
545 0.000000
546 0.000000
547 0.000000
548 0.000000
549 0.000000
550 0.000000
551 0.000000
552 0.000000
553 0.000013
554 0.006683
555 0.000068
556 0.000007
557 0.000047
558 0.002786
559 0.002853
560 0.010002
561 0.010002
562 0.000190
563 0.000004
564 0.000002
565 0.000017
566 0.000364
567 0.999985
568 0.001259
569 0.000000
570 0.000000
571 0.000000
572 0.000000
573 0.000000
574 0.000000
575 0.000000
576 0.000000
577 0.000000
578 0.000000
579 0.000000
580 0.000000
581 0.000001
582 0.000220
583 0.008889
584 0.000519
585 0.010002
586 0.004536
587 0.002923
588 0.010002
589 0.010001
590 0.000740
591 0.000011
592 0.000010
593 0.000119
594 0.032087
595 0.000593
596 0.000014
597 0.000000
598 0.000000
599 0.000000
600 0.000000
601 0.000000
602 0.000000
603 0.000000
604 0.000000
605 0.000000
606 0.000000
607 0.000000
608 0.000000
609 0.000000
610 0.000003
611 0.000065
612 0.002049
613 0.005536
614 0.010002
615 0.007594
616 0.010001
617 0.006878
618 0.003628
619 0.000715
620 0.000361
621 0.006534
622 0.000533
623 0.000030
624 0.000001
625 0.000000
626 0.000000
627 0.000000
628 0.000000
629 0.000000
630 0.000000
631 0.000000
632 0.000000
633 0.000000
634 0.000000
635 0.000000
636 0.000000
637 0.000000
638 0.000002
639 0.000272
640 0.000763
641 0.002188
642 0.000000
643 0.000000
644 0.007039
645 0.003691
646 0.003691
647 0.004361
648 0.007312
649 0.000387
650 0.000013
651 0.000001
652 0.000001
653 0.000002
654 0.000000
655 0.000000
656 0.000000
657 0.000000
658 0.000000
659 0.000000
660 0.000000
661 0.000000
662 0.000000
663 0.000000
664 0.000000
665 0.000003
666 0.000119
667 0.000180
668 0.000308
669 0.000000
670 0.000000
671 0.000000
672 0.000000
673 0.003773
674 0.004378
675 0.008554
676 0.008334
677 0.003291
678 0.000036
679 0.000011
680 0.000020
681 0.000062
682 0.000041
683 0.000003
684 0.000001
685 0.000001
686 0.000001
687 0.000001
688 0.000001
689 0.000004
690 0.000015
691 0.000006
692 0.000015
693 0.000111
694 0.000128
695 0.000172
696 0.000000
697 0.000000
698 0.000000
699 0.000000
700 0.000000
701 0.000000
702 0.008619
703 0.010006
704 0.004090
705 0.001692
706 0.000713
707 0.000675
708 0.000612
709 0.000491
710 0.000137
711 0.000010
712 0.000001
713 0.000001
714 0.000001
715 0.000001
716 0.000001
717 0.000007
718 0.000076
719 0.000082
720 0.000088
721 0.000119
722 0.000161
723 0.000000
724 0.000000
725 0.000000
726 0.000000
727 0.000000
728 0.000000
729 0.000000
730 0.000000
731 0.000000
732 0.002135
733 0.000920
734 0.000745
735 0.000709
736 0.000675
737 0.000544
738 0.000491
739 0.000033
740 0.000003
741 0.000001
742 0.000001
743 0.000001
744 0.000004
745 0.000021
746 0.000082
747 0.000111
748 0.000119
749 0.000161
750 0.000000
751 0.000000
752 0.000000
753 0.000000
754 0.000000
755 0.000000
756 0.000000
757 0.000000
758 0.000002
759 0.000001
760 0.000000
761 0.000959
762 0.000915
763 0.000745
764 0.000709
765 0.000675
766 0.000642
767 0.000119
768 0.000009
769 0.000002
770 0.000002
771 0.000002
772 0.000008
773 0.000060
774 0.000082
775 0.000095
776 0.000128
777 0.000000
778 0.000047
779 0.000033
780 0.000000
781 0.000000
782 0.000000
783 0.000000
