0 0.005546
1 0.005975
2 0.005860
3 0.007892
4 0.011737
5 0.017596
6 0.014236
7 0.006836
8 0.001293
9 0.000420
10 0.000520
11 0.001154
12 0.002179
13 0.017657
14 0.010481
15 0.001541
16 0.000350
17 0.000186
18 0.000367
19 0.001013
20 0.001953
21 0.002024
22 0.002608
23 0.004030
24 0.005475
25 0.008243
26 0.008366
27 0.008181
28 0.004495
29 0.005478
30 0.005706
31 0.005860
32 0.008245
33 0.013016
34 0.017768
35 0.010013
36 0.001354
37 0.000293
38 0.000310
39 0.001063
40 0.002837
41 0.012465
42 0.017510
43 0.007511
44 0.000264
45 0.000142
46 0.000157
47 0.000643
48 0.001668
49 0.002173
50 0.000004
51 0.000001
52 0.008243
53 0.008366
54 0.007378
55 0.005629
56 0.004070
57 0.004335
58 0.004923
59 0.005706
60 0.005861
61 0.008858
62 0.013789
63 0.007698
64 0.001719
65 0.000400
66 0.000485
67 0.000921
68 0.003381
69 0.003955
70 0.030157
71 0.008875
72 0.000551
73 0.000081
74 0.000088
75 0.000303
76 0.000017
77 0.000001
78 0.000001
79 0.000001
80 0.000001
81 0.007293
82 0.005488
83 0.003725
84 0.003621
85 0.003515
86 0.003798
87 0.004578
88 0.005460
89 0.005999
90 0.008858
91 0.003475
92 0.001273
93 0.000754
94 0.000867
95 0.001745
96 0.002150
97 0.004124
98 0.010095
99 0.010707
100 0.002002
101 0.000041
102 0.000001
103 0.000000
104 0.000000
105 0.000000
106 0.000001
107 0.000002
108 0.000032
109 0.004728
110 0.003542
111 0.002747
112 0.003196
113 0.003084
114 0.002907
115 0.003567
116 0.000000
117 0.000000
118 0.000000
119 0.000000
120 0.000003
121 0.000519
122 0.003014
123 0.003733
124 0.003039
125 0.003751
126 0.003036
127 0.001673
128 0.000036
129 0.000001
130 0.000000
131 0.000000
132 0.000000
133 0.000002
134 0.000006
135 0.000033
136 0.000983
137 0.003006
138 0.002290
139 0.002507
140 0.003109
141 0.002702
142 0.002504
143 0.002563
144 0.000000
145 0.000000
146 0.000000
147 0.000000
148 0.000000
149 0.000000
150 0.000001
151 0.000007
152 0.000053
153 0.000020
154 0.000028
155 0.000003
156 0.000001
157 0.000000
158 0.000000
159 0.000000
160 0.000006
161 0.000012
162 0.000030
163 0.000059
164 0.002871
165 0.001910
166 0.002148
167 0.002365
168 0.004450
169 0.002829
170 0.002411
171 0.002235
172 0.000003
173 0.000000
174 0.000000
175 0.000000
176 0.000000
177 0.000000
178 0.000001
179 0.000000
180 0.000000
181 0.000000
182 0.000000
183 0.000000
184 0.000000
185 0.000000
186 0.000001
187 0.000002
188 0.000006
189 0.000024
190 0.000016
191 0.000368
192 0.001594
193 0.001789
194 0.002078
195 0.002742
196 0.006581
197 0.004689
198 0.002986
199 0.001924
200 0.001047
201 0.000000
202 0.000000
203 0.000000
204 0.000000
205 0.000000
206 0.000000
207 0.000001
208 0.000000
209 0.000000
210 0.000000
211 0.000000
212 0.000000
213 0.000001
214 0.000001
215 0.000002
216 0.000001
217 0.000001
218 0.000014
219 0.000167
220 0.001818
221 0.002154
222 0.002537
223 0.003069
224 0.010010
225 0.007318
226 0.005052
227 0.003072
228 0.001780
229 0.000008
230 0.000000
231 0.000000
232 0.000000
233 0.000000
234 0.000000
235 0.000000
236 0.000000
237 0.000001
238 0.000001
239 0.000001
240 0.000002
241 0.000017
242 0.000106
243 0.000001
244 0.000000
245 0.000000
246 0.000002
247 0.000080
248 0.000189
249 0.000342
250 0.000687
251 0.001276
252 0.010012
253 0.010013
254 0.009216
255 0.004083
256 0.001020
257 0.000021
258 0.000000
259 0.000000
260 0.000000
261 0.000000
262 0.000000
263 0.000000
264 0.000000
265 0.000000
266 0.000001
267 0.000004
268 0.000028
269 0.999987
270 0.001481
271 0.000004
272 0.000001
273 0.000000
274 0.000001
275 0.000032
276 0.000035
277 0.000082
278 0.000159
279 0.000306
280 0.007455
281 0.005353
282 0.003677
283 0.002226
284 0.000900
285 0.000009
286 0.000001
287 0.000000
288 0.000000
289 0.000000
290 0.000000
291 0.000001
292 0.000001
293 0.000000
294 0.000001
295 0.000004
296 0.000364
297 0.000264
298 0.000263
299 0.000024
300 0.000002
301 0.000001
302 0.000004
303 0.000370
304 0.000273
305 0.000258
306 0.000218
307 0.000243
308 0.001932
309 0.001647
310 0.001446
311 0.001142
312 0.000229
313 0.000006
314 0.000001
315 0.000001
316 0.000000
317 0.000000
318 0.000000
319 0.000000
320 0.000001
321 0.000001
322 0.000004
323 0.000114
324 0.000026
325 0.000005
326 0.000002
327 0.000006
328 0.000006
329 0.000002
330 0.000027
331 0.000757
332 0.002554
333 0.001859
334 0.001633
335 0.001300
336 0.000982
337 0.000711
338 0.000663
339 0.000638
340 0.000043
341 0.000004
342 0.000012
343 0.000029
344 0.000006
345 0.000000
346 0.000000
347 0.000000
348 0.000000
349 0.000003
350 0.000209
351 0.000215
352 0.000034
353 0.000001
354 0.000001
355 0.000006
356 0.000009
357 0.000002
358 0.000005
359 0.000197
360 0.008395
361 0.009015
362 0.008769
363 0.003464
364 0.001051
365 0.000688
366 0.000434
367 0.000349
368 0.000009
369 0.000003
370 0.000131
371 0.999975
372 0.000097
373 0.000001
374 0.000000
375 0.000000
376 0.000000
377 0.000002
378 0.000036
379 0.000265
380 0.000050
381 0.000004
382 0.000002
383 0.000003
384 0.000009
385 0.000003
386 0.000002
387 0.000021
388 0.001880
389 0.006306
390 0.004043
391 0.002629
392 0.001319
393 0.000881
394 0.000878
395 0.000149
396 0.000004
397 0.000006
398 0.000240
399 0.007190
400 0.000142
401 0.000001
402 0.000000
403 0.000000
404 0.000000
405 0.000001
406 0.000002
407 0.000010
408 0.000050
409 0.000130
410 0.000123
411 0.000024
412 0.000004
413 0.000008
414 0.000001
415 0.000001
416 0.000040
417 0.000722
418 0.000840
419 0.001060
420 0.001835
421 0.002188
422 0.003168
423 0.000252
424 0.000010
425 0.000007
426 0.000573
427 0.000106
428 0.000030
429 0.000001
430 0.000001
431 0.000001
432 0.000000
433 0.000000
434 0.000000
435 0.000001
436 0.000006
437 0.000717
438 0.010512
439 0.000326
440 0.000036
441 0.000012
442 0.000001
443 0.000000
444 0.000001
445 0.000086
446 0.000158
447 0.000310
448 0.003534
449 0.004658
450 0.011352
451 0.000143
452 0.000009
453 0.000039
454 0.000239
455 0.000017
456 0.000001
457 0.000002
458 0.000002
459 0.000001
460 0.000001
461 0.000001
462 0.000000
463 0.000000
464 0.000001
465 0.000047
466 0.999977
467 0.001829
468 0.000036
469 0.000006
470 0.000001
471 0.000000
472 0.000000
473 0.000009
474 0.000049
475 0.000149
476 0.008243
477 0.009672
478 0.003270
479 0.000020
480 0.000013
481 0.001032
482 0.000144
483 0.000024
484 0.000006
485 0.000014
486 0.000002
487 0.000001
488 0.000001
489 0.000001
490 0.000001
491 0.000001
492 0.000001
493 0.000003
494 0.000020
495 0.000457
496 0.000060
497 0.000009
498 0.000001
499 0.000000
500 0.000000
501 0.000003
502 0.000085
503 0.000155
504 0.010007
505 0.008414
506 0.000468
507 0.000010
508 0.000025
509 0.000163
510 0.000077
511 0.000013
512 0.000032
513 0.000040
514 0.000042
515 0.000006
516 0.000002
517 0.000001
518 0.000001
519 0.000001
520 0.000001
521 0.000001
522 0.000001
523 0.000001
524 0.000065
525 0.000030
526 0.000007
527 0.000001
528 0.000000
529 0.000006
530 0.000277
531 0.000545
532 0.007592
533 0.004858
534 0.000091
535 0.000007
536 0.000255
537 0.000087
538 0.000005
539 0.000008
540 0.000033
541 0.000777
542 0.001460
543 0.002767
544 0.000185
545 0.000004
546 0.000001
547 0.000000
548 0.000000
549 0.000000
550 0.000000
551 0.000000
552 0.000003
553 0.000190
554 0.000048
555 0.000008
556 0.000006
557 0.000069
558 0.000965
559 0.000645
560 0.004585
561 0.003001
562 0.000083
563 0.000077
564 0.000126
565 0.000040
566 0.000006
567 0.000021
568 0.000153
569 0.000756
570 0.999977
571 0.015964
572 0.000184
573 0.000001
574 0.000000
575 0.000000
576 0.000000
577 0.000000
578 0.000000
579 0.000000
580 0.000001
581 0.000024
582 0.000260
583 0.000120
584 0.000156
585 0.004403
586 0.002279
587 0.001446
588 0.003150
589 0.002993
590 0.000591
591 0.000148
592 0.000118
593 0.000005
594 0.000016
595 0.000220
596 0.001516
597 0.002125
598 0.000287
599 0.000022
600 0.000002
601 0.000001
602 0.000001
603 0.000001
604 0.000001
605 0.000001
606 0.000000
607 0.000000
608 0.000001
609 0.000003
610 0.000090
611 0.000774
612 0.010015
613 0.008779
614 0.005319
615 0.003267
616 0.003479
617 0.004929
618 0.007316
619 0.001974
620 0.000082
621 0.000066
622 0.000324
623 0.001178
624 0.000378
625 0.000052
626 0.000008
627 0.000004
628 0.000002
629 0.000002
630 0.000003
631 0.000036
632 0.000081
633 0.000009
634 0.000004
635 0.000004
636 0.000001
637 0.000002
638 0.000077
639 0.004037
640 0.008339
641 0.010014
642 0.000001
643 0.000001
644 0.005148
645 0.007456
646 0.010001
647 0.010004
648 0.006729
649 0.001939
650 0.000971
651 0.000098
652 0.000026
653 0.000023
654 0.000041
655 0.000072
656 0.000196
657 0.000891
658 0.000565
659 0.000135
660 0.000027
661 0.000014
662 0.000051
663 0.000017
664 0.000006
665 0.000033
666 0.000855
667 0.002051
668 0.004165
669 0.000001
670 0.000000
671 0.000001
672 0.000001
673 0.010001
674 0.010003
675 0.010004
676 0.010004
677 0.010003
678 0.000755
679 0.000288
680 0.000552
681 0.001149
682 0.003336
683 0.001436
684 0.001472
685 0.002255
686 0.001776
687 0.000614
688 0.000148
689 0.000184
690 0.000123
691 0.000064
692 0.000113
693 0.000495
694 0.000549
695 0.001090
696 0.000000
697 0.000001
698 0.000001
699 0.000000
700 0.000001
701 0.000001
702 0.010004
703 0.010004
704 0.010003
705 0.010001
706 0.010000
707 0.010525
708 0.007918
709 0.004347
710 0.001876
711 0.001448
712 0.002460
713 0.004653
714 0.004906
715 0.001193
716 0.000259
717 0.000167
718 0.000380
719 0.000400
720 0.000420
721 0.000520
722 0.000640
723 0.000000
724 0.000001
725 0.000001
726 0.000001
727 0.000001
728 0.000001
729 0.000001
730 0.000001
731 0.000001
732 0.010001
733 0.010000
734 0.010002
735 0.008675
736 0.004889
737 0.002575
738 0.001777
739 0.001905
740 0.004011
741 0.007905
742 0.007035
743 0.002135
744 0.000479
745 0.000228
746 0.000400
747 0.000495
748 0.000520
749 0.000640
750 0.000000
751 0.000001
752 0.000000
753 0.000001
754 0.000001
755 0.000001
756 0.000001
757 0.000001
758 0.000001
759 0.000001
760 0.000001
761 0.010001
762 0.009602
763 0.005689
764 0.003549
765 0.002156
766 0.002077
767 0.003065
768 0.005691
769 0.010007
770 0.008670
771 0.002839
772 0.000810
773 0.000494
774 0.000400
775 0.000442
776 0.000545
777 0.000053
778 0.000301
779 0.000268
780 0.000229
781 0.000003
782 0.000001
783 0.000000
