0 0.003486
1 0.003356
2 0.002924
3 0.003111
4 0.003749
5 0.005518
6 0.008246
7 0.009144
8 0.002600
9 0.000510
10 0.001158
11 0.002683
12 0.001677
13 0.000505
14 0.000360
15 0.000284
16 0.000141
17 0.000073
18 0.000196
19 0.000736
20 0.001644
21 0.002559
22 0.004572
23 0.007091
24 0.007315
25 0.007316
26 0.006460
27 0.004773
28 0.003047
29 0.003231
30 0.002806
31 0.002806
32 0.002806
33 0.004133
34 0.006096
35 0.006485
36 0.001398
37 0.001371
38 0.003843
39 0.003947
40 0.000965
41 0.000407
42 0.000326
43 0.000169
44 0.000081
45 0.000052
46 0.000086
47 0.000460
48 0.002325
49 0.004171
50 0.000000
51 0.000000
52 0.007316
53 0.006492
54 0.004206
55 0.003232
56 0.003231
57 0.002806
58 0.002787
59 0.002806
60 0.002806
61 0.002787
62 0.004105
63 0.002291
64 0.000836
65 0.002722
66 0.013132
67 0.003496
68 0.000484
69 0.000277
70 0.000200
71 0.000093
72 0.000050
73 0.000037
74 0.000045
75 0.000328
76 0.000003
77 0.000000
78 0.000000
79 0.000000
80 0.000000
81 0.004161
82 0.003109
83 0.002037
84 0.003111
85 0.002721
86 0.002432
87 0.002465
88 0.002533
89 0.002533
90 0.002787
91 0.000802
92 0.000580
93 0.007846
94 0.031943
95 0.004904
96 0.000667
97 0.000278
98 0.000127
99 0.000054
100 0.000034
101 0.000011
102 0.000000
103 0.000000
104 0.000000
105 0.000000
106 0.000000
107 0.000000
108 0.000000
109 0.002659
110 0.001907
111 0.002078
112 0.002694
113 0.002586
114 0.002212
115 0.002288
116 0.000000
117 0.000000
118 0.000000
119 0.000000
120 0.000014
121 0.007300
122 0.020480
123 0.005025
124 0.001135
125 0.000260
126 0.000062
127 0.000002
128 0.000000
129 0.000000
130 0.000000
131 0.000000
132 0.000000
133 0.000000
134 0.000000
135 0.000000
136 0.000036
137 0.001567
138 0.001704
139 0.002022
140 0.002586
141 0.002219
142 0.002033
143 0.002026
144 0.000000
145 0.000000
146 0.000000
147 0.000000
148 0.000000
149 0.000003
150 0.000009
151 0.000020
152 0.000048
153 0.000001
154 0.000000
155 0.000000
156 0.000000
157 0.000000
158 0.000000
159 0.000000
160 0.000000
161 0.000000
162 0.000000
163 0.000000
164 0.001556
165 0.001377
166 0.001645
167 0.001712
168 0.003907
169 0.002288
170 0.001946
171 0.001783
172 0.000037
173 0.000000
174 0.000000
175 0.000000
176 0.000001
177 0.000008
178 0.000000
179 0.000000
180 0.000000
181 0.000000
182 0.000000
183 0.000000
184 0.000000
185 0.000000
186 0.000000
187 0.000000
188 0.000000
189 0.000000
190 0.000000
191 0.000000
192 0.001249
193 0.001272
194 0.001327
195 0.001769
196 0.006040
197 0.004074
198 0.002391
199 0.001499
200 0.002051
201 0.000001
202 0.000000
203 0.000000
204 0.000004
205 0.000002
206 0.000000
207 0.000000
208 0.000000
209 0.000000
210 0.000000
211 0.000000
212 0.000000
213 0.000000
214 0.000000
215 0.000000
216 0.000000
217 0.000000
218 0.000000
219 0.000019
220 0.001220
221 0.001272
222 0.001470
223 0.001732
224 0.009995
225 0.006697
226 0.004337
227 0.002448
228 0.001305
229 0.000049
230 0.000000
231 0.000000
232 0.000000
233 0.000000
234 0.000000
235 0.000000
236 0.000000
237 0.000000
238 0.000000
239 0.000000
240 0.000000
241 0.000000
242 0.000000
243 0.000000
244 0.000000
245 0.000000
246 0.000000
247 0.000106
248 0.000177
249 0.000257
250 0.000450
251 0.000648
252 0.009999
253 0.009996
254 0.008643
255 0.002949
256 0.000449
257 0.000021
258 0.000000
259 0.000000
260 0.000000
261 0.000000
262 0.000000
263 0.000000
264 0.000000
265 0.000002
266 0.000021
267 0.000022
268 0.000001
269 0.000000
270 0.000000
271 0.000000
272 0.000000
273 0.000000
274 0.000000
275 0.000026
276 0.000043
277 0.000069
278 0.000102
279 0.000162
280 0.011715
281 0.005217
282 0.002163
283 0.000974
284 0.000233
285 0.000002
286 0.000001
287 0.000000
288 0.000000
289 0.000000
290 0.000000
291 0.000000
292 0.000000
293 0.000008
294 0.000539
295 0.999998
296 0.000002
297 0.000000
298 0.000000
299 0.000000
300 0.000000
301 0.000000
302 0.000000
303 0.000030
304 0.000040
305 0.000052
306 0.000060
307 0.000078
308 0.001969
309 0.001477
310 0.000742
311 0.000402
312 0.000044
313 0.000003
314 0.000013
315 0.000004
316 0.000000
317 0.000000
318 0.000000
319 0.000000
320 0.000001
321 0.000028
322 0.000441
323 0.000027
324 0.000000
325 0.000000
326 0.000000
327 0.000000
328 0.000000
329 0.000000
330 0.000000
331 0.000006
332 0.000040
333 0.000048
334 0.000060
335 0.000092
336 0.000296
337 0.000364
338 0.000385
339 0.000348
340 0.000011
341 0.000015
342 0.000447
343 0.000734
344 0.000001
345 0.000000
346 0.000000
347 0.000000
348 0.000001
349 0.000029
350 0.000010
351 0.000000
352 0.000000
353 0.000000
354 0.000000
355 0.000000
356 0.000000
357 0.000000
358 0.000000
359 0.000002
360 0.000059
361 0.000047
362 0.000067
363 0.000076
364 0.000111
365 0.000125
366 0.000109
367 0.000190
368 0.000008
369 0.000078
370 0.013925
371 0.999708
372 0.000020
373 0.000000
374 0.000000
375 0.000000
376 0.000000
377 0.000001
378 0.000000
379 0.000000
380 0.000000
381 0.000000
382 0.000000
383 0.000000
384 0.000000
385 0.000000
386 0.000000
387 0.000001
388 0.000056
389 0.000133
390 0.000143
391 0.000191
392 0.000058
393 0.000035
394 0.000050
395 0.000028
396 0.000017
397 0.000390
398 0.806436
399 0.002871
400 0.000061
401 0.000001
402 0.000000
403 0.000000
404 0.000000
405 0.000000
406 0.000000
407 0.000000
408 0.000000
409 0.000001
410 0.000000
411 0.000000
412 0.000000
413 0.000000
414 0.000000
415 0.000000
416 0.000032
417 0.000712
418 0.000882
419 0.000895
420 0.000061
421 0.000079
422 0.000119
423 0.000010
424 0.000014
425 0.000515
426 0.003283
427 0.000095
428 0.000040
429 0.000009
430 0.000003
431 0.000000
432 0.000000
433 0.000000
434 0.000000
435 0.000000
436 0.000000
437 0.000003
438 0.000000
439 0.000000
440 0.000000
441 0.000000
442 0.000000
443 0.000000
444 0.000011
445 0.003793
446 0.005888
447 0.003870
448 0.000239
449 0.000245
450 0.000438
451 0.000011
452 0.000010
453 0.000558
454 0.000018
455 0.000001
456 0.000003
457 0.000023
458 0.000013
459 0.000000
460 0.000000
461 0.000000
462 0.000000
463 0.000000
464 0.000000
465 0.000001
466 0.000000
467 0.000000
468 0.000000
469 0.000000
470 0.000000
471 0.000000
472 0.000007
473 0.002147
474 0.011066
475 0.012738
476 0.002145
477 0.001561
478 0.000310
479 0.000014
480 0.000048
481 0.000032
482 0.000001
483 0.000000
484 0.000000
485 0.000004
486 0.000001
487 0.000000
488 0.000000
489 0.000000
490 0.000000
491 0.000000
492 0.000000
493 0.000000
494 0.000000
495 0.000003
496 0.000030
497 0.000004
498 0.000000
499 0.000000
500 0.000003
501 0.000473
502 0.014303
503 0.015254
504 0.010005
505 0.006380
506 0.000233
507 0.000032
508 0.000326
509 0.000006
510 0.000000
511 0.000000
512 0.000000
513 0.000000
514 0.000000
515 0.000000
516 0.000000
517 0.000000
518 0.000000
519 0.000000
520 0.000000
521 0.000000
522 0.000000
523 0.000003
524 0.999998
525 0.000464
526 0.000008
527 0.000001
528 0.000001
529 0.000136
530 0.013704
531 0.009328
532 0.009848
533 0.009849
534 0.000285
535 0.000328
536 0.000264
537 0.000003
538 0.000001
539 0.000000
540 0.000000
541 0.000000
542 0.000000
543 0.000000
544 0.000000
545 0.000000
546 0.000000
547 0.000000
548 0.000000
549 0.000000
550 0.000000
551 0.000001
552 0.000414
553 0.016598
554 0.000248
555 0.000007
556 0.000003
557 0.000101
558 0.005388
559 0.007398
560 0.008989
561 0.009299
562 0.000406
563 0.000564
564 0.000102
565 0.000004
566 0.000003
567 0.000001
568 0.000000
569 0.000000
570 0.000000
571 0.000000
572 0.000000
573 0.000000
574 0.000000
575 0.000003
576 0.000000
577 0.000000
578 0.000000
579 0.000000
580 0.000007
581 0.000137
582 0.005376
583 0.000199
584 0.000096
585 0.005054
586 0.004864
587 0.004890
588 0.008711
589 0.009137
590 0.003245
591 0.000739
592 0.000015
593 0.000004
594 0.000004
595 0.000001
596 0.000000
597 0.000000
598 0.000000
599 0.000000
600 0.000001
601 0.000020
602 0.000021
603 0.000001
604 0.000000
605 0.000000
606 0.000000
607 0.000000
608 0.000000
609 0.000004
610 0.000342
611 0.009831
612 0.008700
613 0.005762
614 0.005335
615 0.004889
616 0.008739
617 0.010001
618 0.010001
619 0.001786
620 0.000057
621 0.000010
622 0.000002
623 0.000001
624 0.000001
625 0.000009
626 0.000097
627 0.000921
628 0.019237
629 0.015140
630 0.000496
631 0.000000
632 0.000000
633 0.000000
634 0.000000
635 0.000000
636 0.000000
637 0.000002
638 0.000167
639 0.007205
640 0.011694
641 0.010001
642 0.000000
643 0.000000
644 0.010001
645 0.010001
646 0.010001
647 0.010001
648 0.005332
649 0.000053
650 0.000011
651 0.000066
652 0.000230
653 0.000979
654 0.004961
655 0.006880
656 0.042867
657 0.126507
658 0.004475
659 0.000004
660 0.000000
661 0.000000
662 0.000000
663 0.000001
664 0.000001
665 0.000048
666 0.002218
667 0.004291
668 0.007347
669 0.000000
670 0.000000
671 0.000000
672 0.000000
673 0.010001
674 0.010001
675 0.010001
676 0.006654
677 0.002983
678 0.000576
679 0.001550
680 0.004899
681 0.001086
682 0.000700
683 0.004827
684 0.053774
685 0.119152
686 0.002222
687 0.000044
688 0.000010
689 0.000063
690 0.000170
691 0.000096
692 0.000206
693 0.001042
694 0.001210
695 0.002650
696 0.000000
697 0.000000
698 0.000000
699 0.000000
700 0.000000
701 0.000000
702 0.010001
703 0.007644
704 0.003594
705 0.001631
706 0.000906
707 0.000843
708 0.000775
709 0.000699
710 0.001812
711 0.013392
712 0.144663
713 0.047560
714 0.001167
715 0.000072
716 0.000030
717 0.000123
718 0.000859
719 0.000891
720 0.000925
721 0.001079
722 0.001258
723 0.000000
724 0.000000
725 0.000000
726 0.000000
727 0.000000
728 0.000000
729 0.000000
730 0.000000
731 0.000000
732 0.001963
733 0.001153
734 0.000926
735 0.000886
736 0.000881
737 0.001004
738 0.005331
739 0.041668
740 0.105828
741 0.011101
742 0.000665
743 0.000141
744 0.000144
745 0.000301
746 0.000896
747 0.001042
748 0.001079
749 0.001258
750 0.000000
751 0.000000
752 0.000000
753 0.000000
754 0.000000
755 0.000000
756 0.000000
757 0.000000
758 0.000000
759 0.000000
760 0.000000
761 0.001175
762 0.001125
763 0.000945
764 0.000995
765 0.002419
766 0.014758
767 0.106490
768 0.039388
769 0.003154
770 0.000650
771 0.000285
772 0.000422
773 0.000752
774 0.000929
775 0.000961
776 0.001118
777 0.000000
778 0.000095
779 0.000063
780 0.000000
781 0.000000
782 0.000000
783 0.000000
