0 0.010000
1 0.009819
2 0.009531
3 0.008251
4 0.005308
5 0.003049
6 0.002059
7 0.001969
8 0.000475
9 0.000169
10 0.000556
11 0.001961
12 0.001961
13 0.000769
14 0.000249
15 0.000090
16 0.000042
17 0.000034
18 0.000132
19 0.000509
20 0.001429
21 0.002380
22 0.004605
23 0.006450
24 0.008324
25 0.009452
26 0.012567
27 0.008033
28 0.010000
29 0.010000
30 0.009819
31 0.009531
32 0.007336
33 0.004533
34 0.002473
35 0.001251
36 0.000167
37 0.000124
38 0.000556
39 0.002032
40 0.001470
41 0.000538
42 0.000195
43 0.000089
44 0.000041
45 0.000034
46 0.000056
47 0.000343
48 0.001913
49 0.003823
50 0.000023
51 0.000000
52 0.009453
53 0.013864
54 0.007845
55 0.004340
56 0.011569
57 0.010000
58 0.010000
59 0.009819
60 0.009531
61 0.006386
62 0.003848
63 0.000700
64 0.000082
65 0.000113
66 0.000773
67 0.001385
68 0.000800
69 0.000273
70 0.000135
71 0.000095
72 0.000049
73 0.000023
74 0.000028
75 0.000239
76 0.000365
77 0.000000
78 0.000000
79 0.000000
80 0.000000
81 0.008704
82 0.004813
83 0.002359
84 0.008390
85 0.011474
86 0.010575
87 0.010000
88 0.009746
89 0.009082
90 0.006248
91 0.000463
92 0.000076
93 0.000169
94 0.000738
95 0.000966
96 0.000386
97 0.000180
98 0.000119
99 0.000116
100 0.000063
101 0.000018
102 0.000005
103 0.000000
104 0.000000
105 0.000000
106 0.000000
107 0.000000
108 0.000000
109 0.004401
110 0.002421
111 0.001570
112 0.004745
113 0.007214
114 0.009990
115 0.010575
116 0.000000
117 0.000000
118 0.000000
119 0.000000
120 0.000001
121 0.000168
122 0.000621
123 0.000447
124 0.000150
125 0.000081
126 0.000102
127 0.000045
128 0.000020
129 0.000000
130 0.000000
131 0.000000
132 0.000000
133 0.000000
134 0.000000
135 0.000000
136 0.000080
137 0.002042
138 0.001238
139 0.001527
140 0.002539
141 0.003942
142 0.005971
143 0.008643
144 0.000000
145 0.000000
146 0.000000
147 0.000000
148 0.000000
149 0.000000
150 0.000000
151 0.000000
152 0.000001
153 0.000002
154 0.000020
155 0.000001
156 0.000000
157 0.000000
158 0.000000
159 0.000000
160 0.000000
161 0.000000
162 0.000000
163 0.000001
164 0.001615
165 0.000966
166 0.001201
167 0.001258
168 0.002154
169 0.001987
170 0.002957
171 0.005058
172 0.000000
173 0.000000
174 0.000001
175 0.000000
176 0.000000
177 0.000000
178 0.000000
179 0.000000
180 0.000000
181 0.000000
182 0.000000
183 0.000000
184 0.000000
185 0.000000
186 0.000000
187 0.000000
188 0.000000
189 0.000000
190 0.000000
191 0.000001
192 0.000847
193 0.000889
194 0.000934
195 0.001431
196 0.001976
197 0.001884
198 0.001589
199 0.002423
200 0.000075
201 0.000000
202 0.000000
203 0.000022
204 0.000038
205 0.000006
206 0.000000
207 0.000000
208 0.000000
209 0.000000
210 0.000000
211 0.000000
212 0.000000
213 0.000000
214 0.000000
215 0.000000
216 0.000000
217 0.000000
218 0.000000
219 0.000014
220 0.000847
221 0.000894
222 0.001285
223 0.002229
224 0.001890
225 0.001594
226 0.001450
227 0.001379
228 0.001635
229 0.000000
230 0.000000
231 0.000001
232 0.999991
233 0.000452
234 0.000001
235 0.000000
236 0.000000
237 0.000000
238 0.000000
239 0.000000
240 0.000000
241 0.000000
242 0.000000
243 0.000000
244 0.000000
245 0.000000
246 0.000000
247 0.000052
248 0.000104
249 0.000239
250 0.000662
251 0.001412
252 0.001808
253 0.001449
254 0.001382
255 0.001258
256 0.000987
257 0.000000
258 0.000000
259 0.000000
260 0.000009
261 0.000037
262 0.000001
263 0.000000
264 0.000000
265 0.000000
266 0.000000
267 0.000000
268 0.000000
269 0.000000
270 0.000000
271 0.000000
272 0.000000
273 0.000000
274 0.000000
275 0.000012
276 0.000034
277 0.000103
278 0.000240
279 0.000543
280 0.001444
281 0.001209
282 0.001258
283 0.000990
284 0.000942
285 0.000001
286 0.000000
287 0.000000
288 0.000000
289 0.000000
290 0.000000
291 0.000000
292 0.000000
293 0.000000
294 0.000000
295 0.000001
296 0.000000
297 0.000000
298 0.000000
299 0.000000
300 0.000000
301 0.000000
302 0.000000
303 0.000031
304 0.000067
305 0.000165
306 0.000230
307 0.000280
308 0.001572
309 0.001283
310 0.000986
311 0.000486
312 0.000024
313 0.000001
314 0.000000
315 0.000000
316 0.000000
317 0.000000
318 0.000000
319 0.000000
320 0.000004
321 0.000066
322 0.000274
323 0.000002
324 0.000000
325 0.000000
326 0.000000
327 0.000000
328 0.000000
329 0.000000
330 0.000000
331 0.000015
332 0.000183
333 0.000218
334 0.000282
335 0.000397
336 0.001641
337 0.000874
338 0.000300
339 0.000073
340 0.000001
341 0.000000
342 0.000000
343 0.000000
344 0.000000
345 0.000000
346 0.000000
347 0.000002
348 0.000327
349 0.999977
350 0.000439
351 0.000001
352 0.000000
353 0.000000
354 0.000000
355 0.000001
356 0.000000
357 0.000000
358 0.000000
359 0.000004
360 0.000226
361 0.000307
362 0.000388
363 0.000423
364 0.000525
365 0.000244
366 0.000083
367 0.000027
368 0.000000
369 0.000000
370 0.000000
371 0.000000
372 0.000000
373 0.000000
374 0.000000
375 0.000003
376 0.004783
377 0.003520
378 0.000017
379 0.000000
380 0.000000
381 0.000000
382 0.000001
383 0.000001
384 0.000001
385 0.000001
386 0.000000
387 0.000001
388 0.000096
389 0.000405
390 0.000754
391 0.000887
392 0.000097
393 0.000050
394 0.000028
395 0.000003
396 0.000000
397 0.000000
398 0.000000
399 0.000000
400 0.000000
401 0.000000
402 0.000000
403 0.000002
404 0.000049
405 0.000010
406 0.000001
407 0.000000
408 0.000000
409 0.000001
410 0.000002
411 0.000001
412 0.000004
413 0.000074
414 0.000002
415 0.000000
416 0.000031
417 0.000642
418 0.000470
419 0.000310
420 0.000044
421 0.000027
422 0.000021
423 0.000001
424 0.000000
425 0.000000
426 0.000000
427 0.000000
428 0.000000
429 0.000000
430 0.000000
431 0.000000
432 0.000000
433 0.000000
434 0.000000
435 0.000000
436 0.000005
437 0.000060
438 0.000009
439 0.000001
440 0.000006
441 0.999978
442 0.000043
443 0.000001
444 0.000004
445 0.000366
446 0.000147
447 0.000053
448 0.000059
449 0.000029
450 0.000019
451 0.000000
452 0.000000
453 0.000000
454 0.000000
455 0.000000
456 0.000000
457 0.000000
458 0.000000
459 0.000000
460 0.000000
461 0.000000
462 0.000000
463 0.000001
464 0.000094
465 0.999985
466 0.000137
467 0.000002
468 0.000014
469 0.004006
470 0.000215
471 0.000002
472 0.000001
473 0.000040
474 0.000059
475 0.000064
476 0.000195
477 0.000099
478 0.000013
479 0.000000
480 0.000000
481 0.000000
482 0.000000
483 0.000000
484 0.000000
485 0.000000
486 0.000000
487 0.000000
488 0.000000
489 0.000000
490 0.000000
491 0.000002
492 0.000139
493 0.002842
494 0.001196
495 0.000008
496 0.000025
497 0.000026
498 0.000363
499 0.000002
500 0.000000
501 0.000014
502 0.000450
503 0.000572
504 0.000890
505 0.000465
506 0.000010
507 0.000000
508 0.000000
509 0.000000
510 0.000000
511 0.000000
512 0.000000
513 0.000000
514 0.000000
515 0.000000
516 0.000000
517 0.000000
518 0.000000
519 0.000001
520 0.000009
521 0.000005
522 0.000004
523 0.000019
524 0.000009
525 0.000003
526 0.000013
527 0.000049
528 0.000002
529 0.000030
530 0.004387
531 0.006276
532 0.000840
533 0.000978
534 0.000019
535 0.000002
536 0.000002
537 0.000000
538 0.000001
539 0.000001
540 0.000000
541 0.000000
542 0.000000
543 0.000000
544 0.000000
545 0.000000
546 0.000000
547 0.000000
548 0.000000
549 0.000000
550 0.000000
551 0.000001
552 0.000056
553 0.000019
554 0.000054
555 0.000874
556 0.000148
557 0.000271
558 0.010000
559 0.009999
560 0.001383
561 0.002439
562 0.000041
563 0.000002
564 0.000003
565 0.000005
566 0.000006
567 0.000001
568 0.000000
569 0.000000
570 0.000000
571 0.000000
572 0.000000
573 0.000000
574 0.000000
575 0.000000
576 0.000000
577 0.000000
578 0.000000
579 0.000000
580 0.000031
581 0.000930
582 0.000891
583 0.001759
584 0.012772
585 0.010000
586 0.010001
587 0.010000
588 0.002942
589 0.005309
590 0.000668
591 0.000011
592 0.000005
593 0.000008
594 0.000003
595 0.000001
596 0.000001
597 0.000000
598 0.000000
599 0.000000
600 0.000000
601 0.000000
602 0.000000
603 0.000000
604 0.000000
605 0.000000
606 0.000000
607 0.000001
608 0.000004
609 0.000156
610 0.001893
611 0.007185
612 0.010000
613 0.010000
614 0.010000
615 0.010001
616 0.006288
617 0.009356
618 0.010010
619 0.001146
620 0.000023
621 0.000004
622 0.000002
623 0.000002
624 0.000001
625 0.000000
626 0.000000
627 0.000000
628 0.000000
629 0.000000
630 0.000000
631 0.000000
632 0.000000
633 0.000000
634 0.000000
635 0.000001
636 0.000002
637 0.000012
638 0.000415
639 0.010000
640 0.010000
641 0.010000
642 0.000000
643 0.000002
644 0.009292
645 0.010008
646 0.010010
647 0.010011
648 0.004629
649 0.000019
650 0.000001
651 0.000001
652 0.000000
653 0.000001
654 0.000000
655 0.000000
656 0.000005
657 0.000186
658 0.000250
659 0.000011
660 0.000000
661 0.000000
662 0.000001
663 0.000003
664 0.000013
665 0.000403
666 0.010001
667 0.010001
668 0.010000
669 0.000000
670 0.000000
671 0.000002
672 0.000000
673 0.010010
674 0.010010
675 0.010580
676 0.005881
677 0.002758
678 0.000016
679 0.000008
680 0.000015
681 0.000062
682 0.000163
683 0.000099
684 0.000107
685 0.000294
686 0.000322
687 0.000073
688 0.000014
689 0.000050
690 0.000257
691 0.000332
692 0.001618
693 0.010002
694 0.010002
695 0.010001
696 0.000000
697 0.000000
698 0.000000
699 0.000001
700 0.000000
701 0.000000
702 0.011125
703 0.006793
704 0.003264
705 0.001380
706 0.001023
707 0.000973
708 0.000890
709 0.000730
710 0.000630
711 0.000369
712 0.000351
713 0.000263
714 0.000240
715 0.000056
716 0.000020
717 0.000090
718 0.000803
719 0.001755
720 0.003859
721 0.008528
722 0.010002
723 0.000000
724 0.000000
725 0.000000
726 0.000000
727 0.000000
728 0.000000
729 0.000000
730 0.000000
731 0.000000
732 0.001907
733 0.001286
734 0.001063
735 0.001017
736 0.000973
737 0.000934
738 0.002223
739 0.001341
740 0.000597
741 0.000338
742 0.000146
743 0.000037
744 0.000045
745 0.000207
746 0.000625
747 0.001160
748 0.002496
749 0.005389
750 0.000000
751 0.000000
752 0.000000
753 0.000000
754 0.000000
755 0.000000
756 0.000000
757 0.000000
758 0.000000
759 0.000000
760 0.000000
761 0.001332
762 0.001278
763 0.001063
764 0.001017
765 0.001768
766 0.004418
767 0.004005
768 0.001017
769 0.000380
770 0.000093
771 0.000030
772 0.000087
773 0.000465
774 0.000625
775 0.000683
776 0.001434
777 0.000000
778 0.000401
779 0.000398
780 0.000002
781 0.000000
782 0.000000
783 0.000000
