0 0.002048
1 0.001936
2 0.001585
3 0.001734
4 0.001407
5 0.001134
6 0.001000
7 0.000940
8 0.000180
9 0.000069
10 0.000357
11 0.004080
12 0.007209
13 0.002707
14 0.000732
15 0.000107
16 0.000062
17 0.000033
18 0.000085
19 0.000418
20 0.000954
21 0.001004
22 0.001447
23 0.002709
24 0.004211
25 0.007579
26 0.007745
27 0.007704
28 0.001684
29 0.001833
30 0.001493
31 0.001407
32 0.001326
33 0.001179
34 0.000940
35 0.000563
36 0.000061
37 0.000025
38 0.000355
39 0.003945
40 0.007026
41 0.005561
42 0.001263
43 0.000223
44 0.000037
45 0.000019
46 0.000024
47 0.000156
48 0.000760
49 0.001113
50 0.000049
51 0.000002
52 0.007579
53 0.007745
54 0.006685
55 0.004558
56 0.002859
57 0.001495
58 0.001408
59 0.001326
60 0.001179
61 0.000940
62 0.000883
63 0.000224
64 0.000028
65 0.000025
66 0.000455
67 0.002526
68 0.003756
69 0.003207
70 0.002396
71 0.000304
72 0.000023
73 0.000011
74 0.000010
75 0.000046
76 0.000026
77 0.000007
78 0.000005
79 0.000002
80 0.000002
81 0.006650
82 0.004424
83 0.002506
84 0.005170
85 0.002633
86 0.001328
87 0.001001
88 0.000940
89 0.000883
90 0.000781
91 0.000078
92 0.000011
93 0.000050
94 0.000333
95 0.001036
96 0.000985
97 0.003730
98 0.004265
99 0.000545
100 0.000041
101 0.000005
102 0.000002
103 0.000002
104 0.000002
105 0.000007
106 0.000002
107 0.000002
108 0.000001
109 0.003599
110 0.002375
111 0.001635
112 0.010020
113 0.004954
114 0.002383
115 0.001139
116 0.000002
117 0.000001
118 0.000001
119 0.000001
120 0.000001
121 0.000077
122 0.000515
123 0.000338
124 0.000416
125 0.001440
126 0.002191
127 0.000082
128 0.000003
129 0.000002
130 0.000002
131 0.000002
132 0.000003
133 0.000006
134 0.000002
135 0.000001
136 0.000184
137 0.001858
138 0.001268
139 0.001383
140 0.010015
141 0.010022
142 0.004757
143 0.002641
144 0.000002
145 0.000002
146 0.000001
147 0.000001
148 0.000001
149 0.000001
150 0.000002
151 0.000002
152 0.000004
153 0.000005
154 0.000022
155 0.000021
156 0.000003
157 0.000002
158 0.000002
159 0.000003
160 0.000007
161 0.000003
162 0.000002
163 0.000001
164 0.001754
165 0.000963
166 0.001060
167 0.001116
168 0.004840
169 0.010015
170 0.010023
171 0.005471
172 0.000020
173 0.000003
174 0.000002
175 0.000001
176 0.000001
177 0.000002
178 0.000002
179 0.000001
180 0.000001
181 0.000001
182 0.000001
183 0.000002
184 0.000002
185 0.000002
186 0.000002
187 0.000007
188 0.000005
189 0.000002
190 0.000001
191 0.000003
192 0.000751
193 0.000760
194 0.000802
195 0.001150
196 0.002232
197 0.003749
198 0.006636
199 0.010024
200 0.000100
201 0.000029
202 0.000004
203 0.000001
204 0.000001
205 0.000001
206 0.000002
207 0.000002
208 0.000003
209 0.000002
210 0.000002
211 0.000002
212 0.000002
213 0.000002
214 0.000004
215 0.000005
216 0.000002
217 0.000001
218 0.000001
219 0.000030
220 0.000720
221 0.000763
222 0.000860
223 0.001026
224 0.000884
225 0.001422
226 0.002314
227 0.005167
228 0.010020
229 0.000008
230 0.000005
231 0.000004
232 0.000001
233 0.000001
234 0.000001
235 0.000002
236 0.000003
237 0.000004
238 0.000003
239 0.000003
240 0.000005
241 0.000017
242 0.000012
243 0.000003
244 0.000001
245 0.000001
246 0.000001
247 0.000043
248 0.000079
249 0.000115
250 0.000218
251 0.000327
252 0.000831
253 0.000612
254 0.000835
255 0.001242
256 0.000903
257 0.000002
258 0.000004
259 0.000019
260 0.000005
261 0.000002
262 0.000002
263 0.000002
264 0.000002
265 0.000002
266 0.000002
267 0.000004
268 0.000070
269 0.999949
270 0.000038
271 0.000002
272 0.000001
273 0.000001
274 0.000001
275 0.000014
276 0.000015
277 0.000025
278 0.000038
279 0.000067
280 0.000624
281 0.000265
282 0.000170
283 0.000085
284 0.000166
285 0.000003
286 0.000002
287 0.000398
288 0.000511
289 0.000006
290 0.000002
291 0.000002
292 0.000001
293 0.000001
294 0.000002
295 0.000003
296 0.000035
297 0.000141
298 0.000032
299 0.000002
300 0.000001
301 0.000001
302 0.000002
303 0.000069
304 0.000055
305 0.000045
306 0.000034
307 0.000034
308 0.000495
309 0.000176
310 0.000081
311 0.000138
312 0.000044
313 0.000005
314 0.000003
315 0.000054
316 0.999927
317 0.000041
318 0.000003
319 0.000002
320 0.000001
321 0.000001
322 0.000002
323 0.000003
324 0.000004
325 0.000004
326 0.000003
327 0.000002
328 0.000002
329 0.000002
330 0.000003
331 0.000029
332 0.000218
333 0.000154
334 0.000118
335 0.000120
336 0.001124
337 0.001454
338 0.001747
339 0.001109
340 0.000020
341 0.000004
342 0.000003
343 0.000008
344 0.000324
345 0.000922
346 0.000006
347 0.000002
348 0.000001
349 0.000002
350 0.000002
351 0.000003
352 0.000002
353 0.000001
354 0.000002
355 0.000002
356 0.000002
357 0.000002
358 0.000003
359 0.000005
360 0.000313
361 0.000352
362 0.000453
363 0.000287
364 0.026068
365 0.031373
366 0.018041
367 0.005350
368 0.000004
369 0.000003
370 0.000006
371 0.000006
372 0.000018
373 0.000057
374 0.000008
375 0.000002
376 0.000002
377 0.000002
378 0.000003
379 0.000002
380 0.000001
381 0.000001
382 0.000001
383 0.000001
384 0.000002
385 0.000002
386 0.000002
387 0.000002
388 0.000112
389 0.000419
390 0.000353
391 0.000481
392 0.026214
393 0.050077
394 0.019126
395 0.000711
396 0.000004
397 0.000005
398 0.000165
399 0.000009
400 0.000007
401 0.000007
402 0.000004
403 0.000004
404 0.000004
405 0.000003
406 0.000002
407 0.000002
408 0.000001
409 0.000001
410 0.000001
411 0.000001
412 0.000002
413 0.000002
414 0.000002
415 0.000002
416 0.000004
417 0.000314
418 0.000594
419 0.000594
420 0.002106
421 0.001603
422 0.003201
423 0.000074
424 0.000016
425 0.000073
426 0.001536
427 0.000028
428 0.000004
429 0.000003
430 0.000003
431 0.000005
432 0.000004
433 0.000003
434 0.000002
435 0.000001
436 0.000001
437 0.000001
438 0.000001
439 0.000001
440 0.000002
441 0.000002
442 0.000002
443 0.000001
444 0.000002
445 0.000095
446 0.000203
447 0.000374
448 0.000321
449 0.000311
450 0.000548
451 0.000005
452 0.000005
453 0.000868
454 0.999928
455 0.000044
456 0.000003
457 0.000002
458 0.000004
459 0.000004
460 0.000003
461 0.000002
462 0.000002
463 0.000001
464 0.000001
465 0.000001
466 0.000001
467 0.000001
468 0.000001
469 0.000002
470 0.000002
471 0.000001
472 0.000001
473 0.000005
474 0.000065
475 0.000208
476 0.001139
477 0.000706
478 0.000084
479 0.000002
480 0.000006
481 0.000191
482 0.000088
483 0.000008
484 0.000002
485 0.000003
486 0.000005
487 0.000004
488 0.000003
489 0.000002
490 0.000001
491 0.000001
492 0.000001
493 0.000001
494 0.000001
495 0.000001
496 0.000001
497 0.000002
498 0.000002
499 0.000002
500 0.000001
501 0.000002
502 0.000060
503 0.000228
504 0.011375
505 0.005717
506 0.000065
507 0.000003
508 0.000015
509 0.000042
510 0.000004
511 0.000002
512 0.000002
513 0.000003
514 0.000003
515 0.000003
516 0.000003
517 0.000002
518 0.000001
519 0.000001
520 0.000001
521 0.000001
522 0.000001
523 0.000001
524 0.000001
525 0.000001
526 0.000002
527 0.000002
528 0.000001
529 0.000002
530 0.000310
531 0.000795
532 0.011660
533 0.012795
534 0.000065
535 0.000009
536 0.000545
537 0.000012
538 0.000002
539 0.000002
540 0.000002
541 0.000002
542 0.000002
543 0.000002
544 0.000003
545 0.000002
546 0.000002
547 0.000001
548 0.000001
549 0.000001
550 0.000001
551 0.000001
552 0.000001
553 0.000001
554 0.000002
555 0.000002
556 0.000002
557 0.000006
558 0.000793
559 0.000827
560 0.013569
561 0.010032
562 0.000068
563 0.000083
564 0.000347
565 0.000008
566 0.000002
567 0.000002
568 0.000001
569 0.000001
570 0.000001
571 0.000001
572 0.000002
573 0.000002
574 0.000002
575 0.000002
576 0.000002
577 0.000001
578 0.000001
579 0.000001
580 0.000002
581 0.000002
582 0.000002
583 0.000002
584 0.000003
585 0.000793
586 0.000827
587 0.000987
588 0.010028
589 0.010017
590 0.001604
591 0.000459
592 0.000023
593 0.000002
594 0.000002
595 0.000002
596 0.000001
597 0.000001
598 0.000001
599 0.000001
600 0.000001
601 0.000002
602 0.000002
603 0.000002
604 0.000002
605 0.000002
606 0.000002
607 0.000002
608 0.000002
609 0.000002
610 0.000002
611 0.000005
612 0.000760
613 0.000793
614 0.000948
615 0.000987
616 0.010014
617 0.010005
618 0.009996
619 0.003361
620 0.000016
621 0.000003
622 0.000002
623 0.000001
624 0.000001
625 0.000001
626 0.000001
627 0.000001
628 0.000001
629 0.000002
630 0.000002
631 0.000002
632 0.000002
633 0.000002
634 0.000002
635 0.000002
636 0.000002
637 0.000002
638 0.000006
639 0.000760
640 0.000793
641 0.000948
642 0.000002
643 0.000002
644 0.010004
645 0.009996
646 0.009998
647 0.010007
648 0.004048
649 0.000021
650 0.000003
651 0.000002
652 0.000002
653 0.000002
654 0.000002
655 0.000002
656 0.000008
657 0.000231
658 0.000647
659 0.000027
660 0.000004
661 0.000003
662 0.000002
663 0.000002
664 0.000002
665 0.000010
666 0.000761
667 0.000911
668 0.000949
669 0.000002
670 0.000002
671 0.000002
672 0.000002
673 0.009999
674 0.010005
675 0.010015
676 0.010020
677 0.010019
678 0.000112
679 0.000047
680 0.000053
681 0.000154
682 0.000349
683 0.000067
684 0.000044
685 0.000166
686 0.000486
687 0.000672
688 0.000545
689 0.001769
690 0.000969
691 0.000151
692 0.000195
693 0.000975
694 0.000794
695 0.000949
696 0.000002
697 0.000002
698 0.000002
699 0.000001
700 0.000002
701 0.000002
702 0.010013
703 0.010019
704 0.010017
705 0.010011
706 0.010004
707 0.004928
708 0.002657
709 0.001451
710 0.000698
711 0.000147
712 0.000042
713 0.000103
714 0.000361
715 0.000825
716 0.001005
717 0.002950
718 0.010025
719 0.007167
720 0.003251
721 0.001813
722 0.001051
723 0.000002
724 0.000001
725 0.000002
726 0.000002
727 0.000002
728 0.000002
729 0.000002
730 0.000002
731 0.000002
732 0.010012
733 0.010004
734 0.006337
735 0.003568
736 0.001795
737 0.001555
738 0.001450
739 0.000313
740 0.000081
741 0.000071
742 0.000225
743 0.000627
744 0.001599
745 0.004737
746 0.010033
747 0.010018
748 0.006178
749 0.003375
750 0.000002
751 0.000002
752 0.000002
753 0.000002
754 0.000002
755 0.000002
756 0.000002
757 0.000002
758 0.000001
759 0.000001
760 0.000002
761 0.008024
762 0.004608
763 0.002367
764 0.001854
765 0.001794
766 0.001736
767 0.000674
768 0.000142
769 0.000067
770 0.000170
771 0.000463
772 0.002503
773 0.007487
774 0.010037
775 0.010028
776 0.010013
777 0.000003
778 0.000071
779 0.000024
780 0.000002
781 0.000002
782 0.000002
783 0.000002
