0 0.006121
1 0.007075
2 0.009281
3 0.012652
4 0.015998
5 0.012294
6 0.008627
7 0.004945
8 0.001469
9 0.000485
10 0.000699
11 0.002294
12 0.010756
13 0.016295
14 0.007911
15 0.000645
16 0.000289
17 0.000161
18 0.000351
19 0.001016
20 0.002623
21 0.004175
22 0.007451
23 0.008331
24 0.007103
25 0.004851
26 0.003637
27 0.002816
28 0.004851
29 0.006017
30 0.006855
31 0.009281
32 0.013081
33 0.016050
34 0.011451
35 0.005997
36 0.000925
37 0.000323
38 0.000781
39 0.002838
40 0.005655
41 0.022515
42 0.011171
43 0.001049
44 0.000179
45 0.000119
46 0.000177
47 0.000843
48 0.003540
49 0.006492
50 0.000025
51 0.000000
52 0.004893
53 0.003620
54 0.002453
55 0.002616
56 0.004216
57 0.004663
58 0.005416
59 0.006855
60 0.009281
61 0.013816
62 0.015557
63 0.005022
64 0.000968
65 0.000295
66 0.001128
67 0.002533
68 0.004218
69 0.012401
70 0.012972
71 0.002936
72 0.000135
73 0.000088
74 0.000116
75 0.000682
76 0.000098
77 0.000018
78 0.000000
79 0.000000
80 0.000000
81 0.002381
82 0.002444
83 0.002265
84 0.003889
85 0.003659
86 0.004100
87 0.005083
88 0.006998
89 0.009929
90 0.013816
91 0.003453
92 0.000884
93 0.000745
94 0.002086
95 0.003432
96 0.002839
97 0.004434
98 0.011080
99 0.003233
100 0.000376
101 0.000041
102 0.000003
103 0.000001
104 0.000009
105 0.000001
106 0.000000
107 0.000000
108 0.000009
109 0.002031
110 0.002106
111 0.002444
112 0.003612
113 0.003350
114 0.003044
115 0.003836
116 0.000000
117 0.000000
118 0.000000
119 0.000006
120 0.000006
121 0.001425
122 0.004687
123 0.005422
124 0.002398
125 0.002588
126 0.003600
127 0.000574
128 0.000028
129 0.000001
130 0.000000
131 0.000001
132 0.000001
133 0.000002
134 0.000000
135 0.000001
136 0.000136
137 0.001738
138 0.002032
139 0.002386
140 0.006213
141 0.003503
142 0.002759
143 0.002664
144 0.000000
145 0.000000
146 0.000000
147 0.000000
148 0.000000
149 0.000006
150 0.000061
151 0.000038
152 0.000061
153 0.000012
154 0.000026
155 0.000013
156 0.000006
157 0.000002
158 0.000002
159 0.000003
160 0.000001
161 0.000002
162 0.000000
163 0.000013
164 0.001758
165 0.001675
166 0.001980
167 0.002444
168 0.009246
169 0.006307
170 0.003677
171 0.002485
172 0.000074
173 0.000000
174 0.000000
175 0.000000
176 0.000000
177 0.000000
178 0.000001
179 0.000001
180 0.000000
181 0.000000
182 0.000000
183 0.000000
184 0.000003
185 0.000022
186 0.000038
187 0.000001
188 0.000000
189 0.000000
190 0.000008
191 0.000023
192 0.001505
193 0.001567
194 0.002378
195 0.003850
196 0.012400
197 0.010207
198 0.006640
199 0.003418
200 0.001467
201 0.000001
202 0.000000
203 0.000000
204 0.000000
205 0.000000
206 0.000000
207 0.000000
208 0.000000
209 0.000000
210 0.000000
211 0.000001
212 0.000189
213 0.000296
214 0.000001
215 0.000000
216 0.000000
217 0.000000
218 0.000003
219 0.000081
220 0.001671
221 0.002589
222 0.003797
223 0.005957
224 0.010000
225 0.012490
226 0.010988
227 0.006900
228 0.004121
229 0.000103
230 0.000000
231 0.000000
232 0.000000
233 0.000000
234 0.000000
235 0.000000
236 0.000000
237 0.000000
238 0.000017
239 0.000182
240 1.000000
241 0.000204
242 0.000001
243 0.000000
244 0.000000
245 0.000000
246 0.000001
247 0.000175
248 0.000342
249 0.000769
250 0.001978
251 0.003743
252 0.010000
253 0.010000
254 0.012164
255 0.008502
256 0.002370
257 0.000095
258 0.000000
259 0.000000
260 0.000000
261 0.000000
262 0.000000
263 0.000000
264 0.000000
265 0.000002
266 0.000009
267 0.000227
268 0.000009
269 0.000008
270 0.000002
271 0.000002
272 0.000000
273 0.000000
274 0.000001
275 0.000389
276 0.000518
277 0.001009
278 0.001297
279 0.001543
280 0.005527
281 0.004149
282 0.003777
283 0.002536
284 0.002289
285 0.000034
286 0.000002
287 0.000000
288 0.000000
289 0.000000
290 0.000000
291 0.000001
292 0.000002
293 0.000004
294 0.000033
295 0.000002
296 0.000000
297 0.000000
298 0.000002
299 0.000004
300 0.000000
301 0.000000
302 0.000017
303 0.005282
304 0.005258
305 0.004643
306 0.002962
307 0.001871
308 0.001889
309 0.001477
310 0.001394
311 0.001543
312 0.000396
313 0.000023
314 0.000070
315 0.000030
316 0.000001
317 0.000000
318 0.000000
319 0.000000
320 0.000006
321 0.000090
322 0.000017
323 0.000001
324 0.000000
325 0.000000
326 0.000001
327 0.000006
328 0.000000
329 0.000000
330 0.000047
331 0.002283
332 0.011911
333 0.009395
334 0.007581
335 0.005533
336 0.003179
337 0.001626
338 0.001152
339 0.001167
340 0.000120
341 0.000029
342 0.000329
343 0.005428
344 0.000034
345 0.000000
346 0.000000
347 0.000000
348 0.000001
349 0.000015
350 0.000007
351 0.000001
352 0.000000
353 0.000001
354 0.000002
355 0.000003
356 0.000000
357 0.000000
358 0.000006
359 0.000118
360 0.003735
361 0.006464
362 0.006976
363 0.008372
364 0.007929
365 0.007225
366 0.004536
367 0.004112
368 0.000054
369 0.000035
370 0.001312
371 0.999999
372 0.000138
373 0.000001
374 0.000000
375 0.000000
376 0.000000
377 0.000000
378 0.000000
379 0.000003
380 0.000045
381 0.000039
382 0.000065
383 0.000001
384 0.000001
385 0.000001
386 0.000000
387 0.000008
388 0.000493
389 0.002546
390 0.004752
391 0.006339
392 0.006645
393 0.014476
394 0.024273
395 0.006853
396 0.000080
397 0.000075
398 0.000922
399 0.000883
400 0.000071
401 0.000006
402 0.000001
403 0.000000
404 0.000000
405 0.000000
406 0.000000
407 0.000003
408 0.000544
409 0.005282
410 0.000511
411 0.000008
412 0.000001
413 0.000005
414 0.000001
415 0.000001
416 0.000048
417 0.000838
418 0.000941
419 0.000861
420 0.006957
421 0.014116
422 0.035156
423 0.002646
424 0.000136
425 0.000283
426 0.002771
427 0.000120
428 0.000015
429 0.000008
430 0.000005
431 0.000000
432 0.000000
433 0.000000
434 0.000000
435 0.000001
436 0.000176
437 1.000000
438 0.005766
439 0.000077
440 0.000006
441 0.000014
442 0.000001
443 0.000000
444 0.000003
445 0.000168
446 0.000091
447 0.000105
448 0.012737
449 0.013661
450 0.009137
451 0.000104
452 0.000067
453 0.001740
454 0.000686
455 0.000107
456 0.000036
457 0.000021
458 0.000002
459 0.000000
460 0.000000
461 0.000000
462 0.000000
463 0.000002
464 0.000028
465 0.000390
466 0.002951
467 0.000679
468 0.000099
469 0.000023
470 0.000001
471 0.000000
472 0.000000
473 0.000015
474 0.000045
475 0.000086
476 0.012967
477 0.007806
478 0.002869
479 0.000056
480 0.000036
481 0.000331
482 0.000099
483 0.000051
484 0.000091
485 0.000038
486 0.000005
487 0.000000
488 0.000000
489 0.000001
490 0.000006
491 0.000003
492 0.000002
493 0.000007
494 0.000014
495 0.000255
496 0.000514
497 0.000043
498 0.000001
499 0.000000
500 0.000000
501 0.000005
502 0.000131
503 0.000233
504 0.010000
505 0.009341
506 0.000701
507 0.000044
508 0.000116
509 0.000039
510 0.000007
511 0.000007
512 0.000018
513 0.000020
514 0.000014
515 0.000070
516 0.000280
517 0.000089
518 0.000015
519 0.000014
520 0.000003
521 0.000000
522 0.000000
523 0.000001
524 0.000162
525 0.000052
526 0.000006
527 0.000001
528 0.000000
529 0.000010
530 0.000432
531 0.000848
532 0.010000
533 0.010000
534 0.000281
535 0.000031
536 0.000132
537 0.000015
538 0.000004
539 0.000002
540 0.000001
541 0.000008
542 0.000513
543 0.016451
544 0.274116
545 0.030160
546 0.003241
547 0.000009
548 0.000000
549 0.000000
550 0.000000
551 0.000000
552 0.000003
553 0.000237
554 0.000114
555 0.000006
556 0.000006
557 0.000107
558 0.001337
559 0.000921
560 0.010000
561 0.010000
562 0.000305
563 0.000085
564 0.000039
565 0.000006
566 0.000003
567 0.000002
568 0.000015
569 0.000349
570 0.009362
571 1.000000
572 0.034755
573 0.014961
574 0.000371
575 0.000013
576 0.000002
577 0.000000
578 0.000000
579 0.000000
580 0.000001
581 0.000049
582 0.000419
583 0.000278
584 0.000214
585 0.004885
586 0.002782
587 0.001881
588 0.010000
589 0.010000
590 0.001324
591 0.000152
592 0.000033
593 0.000003
594 0.000007
595 0.000068
596 0.000749
597 0.013866
598 0.001416
599 0.000276
600 0.000073
601 0.000016
602 0.000012
603 0.000061
604 0.000011
605 0.000003
606 0.000005
607 0.000001
608 0.000001
609 0.000004
610 0.000184
611 0.000583
612 0.010000
613 0.008940
614 0.005733
615 0.003772
616 0.010000
617 0.010000
618 0.010000
619 0.001900
620 0.000051
621 0.000063
622 0.000286
623 0.002019
624 0.001422
625 0.000119
626 0.000042
627 0.000040
628 0.000044
629 0.000065
630 0.000052
631 0.000040
632 0.000042
633 0.000026
634 0.000039
635 0.000055
636 0.000017
637 0.000006
638 0.000117
639 0.004335
640 0.007977
641 0.010000
642 0.000000
643 0.000000
644 0.010000
645 0.010000
646 0.010000
647 0.006755
648 0.006048
649 0.003231
650 0.002240
651 0.000120
652 0.000039
653 0.000049
654 0.000141
655 0.000577
656 0.002736
657 0.008460
658 0.006371
659 0.000515
660 0.000033
661 0.000009
662 0.000020
663 0.000106
664 0.000041
665 0.000062
666 0.001172
667 0.002460
668 0.004475
669 0.000000
670 0.000000
671 0.000000
672 0.000000
673 0.010000
674 0.007536
675 0.004674
676 0.003165
677 0.002363
678 0.000313
679 0.000186
680 0.000510
681 0.002904
682 0.016308
683 0.016538
684 0.010000
685 0.010000
686 0.010894
687 0.001711
688 0.000136
689 0.000177
690 0.000274
691 0.000137
692 0.000201
693 0.000781
694 0.000853
695 0.001447
696 0.000000
697 0.000000
698 0.000000
699 0.000000
700 0.000000
701 0.000000
702 0.005277
703 0.003623
704 0.002731
705 0.003535
706 0.005086
707 0.009049
708 0.010000
709 0.015651
710 0.015864
711 0.011552
712 0.010000
713 0.010000
714 0.010092
715 0.001871
716 0.000262
717 0.000326
718 0.000810
719 0.000677
720 0.000687
721 0.000814
722 0.000973
723 0.000000
724 0.000000
725 0.000000
726 0.000000
727 0.000000
728 0.000000
729 0.000000
730 0.000000
731 0.000000
732 0.003370
733 0.005226
734 0.007511
735 0.010000
736 0.015048
737 0.015244
738 0.015651
739 0.010000
740 0.010000
741 0.017227
742 0.008456
743 0.001706
744 0.000645
745 0.000726
746 0.001022
747 0.000926
748 0.000836
749 0.000977
750 0.000000
751 0.000003
752 0.000001
753 0.000001
754 0.000000
755 0.000000
756 0.000000
757 0.000000
758 0.000000
759 0.000000
760 0.000000
761 0.006942
762 0.010000
763 0.013184
764 0.014860
765 0.015048
766 0.010000
767 0.010000
768 0.010000
769 0.015607
770 0.006316
771 0.001229
772 0.001309
773 0.001935
774 0.001217
775 0.001000
776 0.000959
777 0.000732
778 0.000432
779 0.000386
780 0.000058
781 0.000078
782 0.000000
783 0.000000
