0 0.004072
1 0.002305
2 0.001367
3 0.001505
4 0.001195
5 0.000943
6 0.000821
7 0.000767
8 0.000159
9 0.000088
10 0.000180
11 0.000405
12 0.000313
13 0.000157
14 0.000040
15 0.000015
16 0.000009
17 0.000006
18 0.000043
19 0.000340
20 0.001084
21 0.001185
22 0.001842
23 0.003669
24 0.004461
25 0.005887
26 0.005069
27 0.005068
28 0.006161
29 0.003997
30 0.002105
31 0.001201
32 0.001122
33 0.000985
34 0.000767
35 0.000474
36 0.000055
37 0.000064
38 0.000195
39 0.000309
40 0.000218
41 0.000078
42 0.000023
43 0.000008
44 0.000006
45 0.000006
46 0.000012
47 0.000140
48 0.000915
49 0.001562
50 0.000016
51 0.000000
52 0.006570
53 0.005069
54 0.004795
55 0.005066
56 0.008209
57 0.006175
58 0.003809
59 0.001968
60 0.001003
61 0.000768
62 0.000716
63 0.000193
64 0.000039
65 0.000065
66 0.000395
67 0.000221
68 0.000109
69 0.000024
70 0.000009
71 0.000005
72 0.000005
73 0.000004
74 0.000005
75 0.000040
76 0.000009
77 0.000000
78 0.000000
79 0.000000
80 0.000000
81 0.004795
82 0.005067
83 0.004790
84 0.008506
85 0.008063
86 0.006122
87 0.003097
88 0.001551
89 0.000767
90 0.000626
91 0.000068
92 0.000032
93 0.000089
94 0.000280
95 0.000194
96 0.000045
97 0.000014
98 0.000005
99 0.000004
100 0.000004
101 0.000001
102 0.000000
103 0.000000
104 0.000000
105 0.000000
106 0.000000
107 0.000000
108 0.000000
109 0.004793
110 0.004791
111 0.003722
112 0.009138
113 0.008506
114 0.007920
115 0.006548
116 0.000000
117 0.000000
118 0.000000
119 0.000000
120 0.000001
121 0.000087
122 0.000208
123 0.000132
124 0.000017
125 0.000006
126 0.000003
127 0.000000
128 0.000000
129 0.000000
130 0.000000
131 0.000000
132 0.000000
133 0.000000
134 0.000000
135 0.000001
136 0.000791
137 0.004043
138 0.003088
139 0.002538
140 0.009821
141 0.009138
142 0.008506
143 0.008062
144 0.000001
145 0.000000
146 0.000000
147 0.000000
148 0.000000
149 0.000000
150 0.000000
151 0.000000
152 0.000000
153 0.000000
154 0.000000
155 0.000000
156 0.000000
157 0.000000
158 0.000000
159 0.000000
160 0.000000
161 0.000000
162 0.000001
163 0.000003
164 0.004222
165 0.002528
166 0.002043
167 0.001537
168 0.010001
169 0.009821
170 0.009303
171 0.008659
172 0.005564
173 0.000007
174 0.000000
175 0.000000
176 0.000000
177 0.000000
178 0.000000
179 0.000000
180 0.000000
181 0.000000
182 0.000000
183 0.000000
184 0.000000
185 0.000000
186 0.000000
187 0.000000
188 0.000000
189 0.000001
190 0.000001
191 0.000210
192 0.002204
193 0.001571
194 0.001029
195 0.001293
196 0.005365
197 0.010000
198 0.010001
199 0.009304
200 0.008666
201 0.000059
202 0.000001
203 0.000000
204 0.000000
205 0.000000
206 0.000000
207 0.000000
208 0.000000
209 0.000000
210 0.000000
211 0.000000
212 0.000000
213 0.000000
214 0.000000
215 0.000000
216 0.000000
217 0.000000
218 0.000002
219 0.000185
220 0.001364
221 0.000874
222 0.000984
223 0.001165
224 0.001894
225 0.003381
226 0.006284
227 0.010001
228 0.009473
229 0.002012
230 0.000002
231 0.000001
232 0.000001
233 0.000000
234 0.000000
235 0.000000
236 0.000000
237 0.000000
238 0.000000
239 0.000000
240 0.000000
241 0.000000
242 0.000000
243 0.000000
244 0.000000
245 0.000000
246 0.000001
247 0.000092
248 0.000110
249 0.000156
250 0.000284
251 0.000410
252 0.000669
253 0.001085
254 0.001980
255 0.003101
256 0.001862
257 0.000047
258 0.000007
259 0.000003
260 0.000009
261 0.000002
262 0.000001
263 0.000000
264 0.000000
265 0.000000
266 0.000000
267 0.000000
268 0.000000
269 0.000000
270 0.000000
271 0.000000
272 0.000000
273 0.000000
274 0.000000
275 0.000013
276 0.000022
277 0.000037
278 0.000056
279 0.000094
280 0.000477
281 0.000158
282 0.000130
283 0.000091
284 0.000363
285 0.000023
286 0.000078
287 0.000176
288 0.000051
289 0.000004
290 0.000001
291 0.000000
292 0.000000
293 0.000000
294 0.000000
295 0.000000
296 0.000001
297 0.000000
298 0.000000
299 0.000000
300 0.000000
301 0.000000
302 0.000000
303 0.000014
304 0.000020
305 0.000026
306 0.000032
307 0.000056
308 0.000096
309 0.000044
310 0.000049
311 0.000057
312 0.000035
313 0.000019
314 0.000371
315 0.999991
316 0.000002
317 0.000001
318 0.000001
319 0.000001
320 0.000000
321 0.000000
322 0.000000
323 0.000001
324 0.000001
325 0.000000
326 0.000000
327 0.000000
328 0.000000
329 0.000000
330 0.000000
331 0.000001
332 0.000020
333 0.000032
334 0.000058
335 0.000135
336 0.000081
337 0.000104
338 0.000150
339 0.000211
340 0.000010
341 0.000004
342 0.000080
343 0.000069
344 0.000001
345 0.000000
346 0.000000
347 0.000001
348 0.000001
349 0.000002
350 0.000002
351 0.000001
352 0.000000
353 0.000000
354 0.000000
355 0.000000
356 0.000000
357 0.000000
358 0.000000
359 0.000000
360 0.000039
361 0.000081
362 0.000168
363 0.000276
364 0.000236
365 0.000442
366 0.000613
367 0.000153
368 0.000002
369 0.000001
370 0.000007
371 0.000002
372 0.000001
373 0.000000
374 0.000000
375 0.000001
376 0.000112
377 0.001862
378 0.000029
379 0.000001
380 0.000000
381 0.000000
382 0.000000
383 0.000000
384 0.000000
385 0.000000
386 0.000000
387 0.000000
388 0.000018
389 0.000247
390 0.000334
391 0.000378
392 0.000561
393 0.000243
394 0.000151
395 0.000010
396 0.000000
397 0.000001
398 0.000001
399 0.000001
400 0.000000
401 0.000000
402 0.000000
403 0.000006
404 0.001464
405 0.999969
406 0.000065
407 0.000001
408 0.000000
409 0.000000
410 0.000000
411 0.000000
412 0.000000
413 0.000000
414 0.000000
415 0.000000
416 0.000002
417 0.000311
418 0.000371
419 0.000265
420 0.000214
421 0.000115
422 0.000045
423 0.000001
424 0.000000
425 0.000001
426 0.000001
427 0.000000
428 0.000000
429 0.000000
430 0.000001
431 0.000008
432 0.000072
433 0.000045
434 0.000005
435 0.000001
436 0.000000
437 0.000000
438 0.000001
439 0.000000
440 0.000000
441 0.000000
442 0.000000
443 0.000000
444 0.000001
445 0.000236
446 0.000139
447 0.000097
448 0.000160
449 0.000036
450 0.000012
451 0.000000
452 0.000000
453 0.000001
454 0.000000
455 0.000000
456 0.000000
457 0.000001
458 0.000003
459 0.000002
460 0.000001
461 0.000001
462 0.000001
463 0.000001
464 0.000001
465 0.000001
466 0.000001
467 0.000001
468 0.000000
469 0.000000
470 0.000000
471 0.000000
472 0.000000
473 0.000009
474 0.000046
475 0.000054
476 0.000314
477 0.000062
478 0.000003
479 0.000000
480 0.000001
481 0.000000
482 0.000000
483 0.000000
484 0.000001
485 0.000002
486 0.000002
487 0.000001
488 0.000000
489 0.000000
490 0.000000
491 0.000001
492 0.000008
493 0.000401
494 0.000056
495 0.000002
496 0.000000
497 0.000000
498 0.000000
499 0.000000
500 0.000000
501 0.000001
502 0.000084
503 0.000175
504 0.001192
505 0.000346
506 0.000005
507 0.000000
508 0.000000
509 0.000000
510 0.000000
511 0.000000
512 0.000001
513 0.000002
514 0.000001
515 0.000000
516 0.000000
517 0.000000
518 0.000000
519 0.000001
520 0.000013
521 0.999985
522 0.010535
523 0.000008
524 0.000001
525 0.000000
526 0.000000
527 0.000000
528 0.000000
529 0.000001
530 0.000398
531 0.000982
532 0.000831
533 0.000758
534 0.000011
535 0.000001
536 0.000001
537 0.000000
538 0.000000
539 0.000001
540 0.000001
541 0.000001
542 0.000000
543 0.000000
544 0.000000
545 0.000000
546 0.000000
547 0.000001
548 0.000003
549 0.000010
550 0.000019
551 0.000066
552 0.000002
553 0.000001
554 0.000000
555 0.000000
556 0.000000
557 0.000003
558 0.000982
559 0.001021
560 0.001003
561 0.000960
562 0.000013
563 0.000002
564 0.000001
565 0.000001
566 0.000004
567 0.000001
568 0.000000
569 0.000000
570 0.000000
571 0.000000
572 0.000000
573 0.000000
574 0.000000
575 0.000000
576 0.000001
577 0.000001
578 0.000001
579 0.000003
580 0.000849
581 0.000040
582 0.000002
583 0.000000
584 0.000001
585 0.000982
586 0.001021
587 0.001201
588 0.001206
589 0.001007
590 0.000085
591 0.000012
592 0.000003
593 0.000006
594 0.000004
595 0.000001
596 0.000001
597 0.000001
598 0.000001
599 0.000001
600 0.000001
601 0.000000
602 0.000000
603 0.000000
604 0.000000
605 0.000000
606 0.000000
607 0.000001
608 0.000025
609 0.002173
610 0.000066
611 0.000034
612 0.001238
613 0.000989
614 0.001158
615 0.001201
616 0.001316
617 0.001449
618 0.004224
619 0.000911
620 0.000031
621 0.000007
622 0.000002
623 0.000001
624 0.000002
625 0.000001
626 0.000001
627 0.000001
628 0.000000
629 0.000000
630 0.000000
631 0.000000
632 0.000000
633 0.000000
634 0.000000
635 0.000000
636 0.000001
637 0.000025
638 0.000978
639 0.003667
640 0.002167
641 0.001507
642 0.000000
643 0.000000
644 0.001488
645 0.003602
646 0.007848
647 0.014260
648 0.005269
649 0.000031
650 0.000007
651 0.000003
652 0.000002
653 0.000002
654 0.000002
655 0.000006
656 0.000039
657 0.000944
658 0.004270
659 0.000137
660 0.000006
661 0.000001
662 0.000000
663 0.000000
664 0.000001
665 0.000076
666 0.010000
667 0.007500
668 0.004348
669 0.000000
670 0.000000
671 0.000000
672 0.000000
673 0.006852
674 0.012514
675 0.012118
676 0.010019
677 0.010017
678 0.000111
679 0.000029
680 0.000024
681 0.000061
682 0.000539
683 0.000515
684 0.000652
685 0.002097
686 0.008106
687 0.008426
688 0.003686
689 0.001631
690 0.000105
691 0.000073
692 0.000466
693 0.010002
694 0.010001
695 0.010000
696 0.000000
697 0.000000
698 0.000000
699 0.000000
700 0.000000
701 0.000000
702 0.011800
703 0.010018
704 0.010016
705 0.010006
706 0.004480
707 0.001736
708 0.000880
709 0.000724
710 0.000593
711 0.000540
712 0.001380
713 0.004614
714 0.010010
715 0.020787
716 0.007427
717 0.002172
718 0.001286
719 0.001391
720 0.002855
721 0.005906
722 0.010002
723 0.000000
724 0.000001
725 0.000000
726 0.000000
727 0.000000
728 0.000000
729 0.000000
730 0.000000
731 0.000000
732 0.010008
733 0.005381
734 0.002489
735 0.001158
736 0.000960
737 0.000793
738 0.000724
739 0.000944
740 0.002882
741 0.008275
742 0.010015
743 0.022611
744 0.012807
745 0.002384
746 0.002283
747 0.001256
748 0.001938
749 0.003921
750 0.000001
751 0.000000
752 0.000001
753 0.000001
754 0.000000
755 0.000000
756 0.000000
757 0.000000
758 0.000000
759 0.000000
760 0.000000
761 0.003507
762 0.001665
763 0.001048
764 0.001003
765 0.000960
766 0.000919
767 0.001902
768 0.004918
769 0.010015
770 0.013632
771 0.016570
772 0.013426
773 0.006034
774 0.003506
775 0.001826
776 0.001346
777 0.000000
778 0.000067
779 0.000060
780 0.000000
781 0.000000
782 0.000001
783 0.000000
