0 0.005566
1 0.004229
2 0.003948
3 0.006590
4 0.009392
5 0.013020
6 0.011173
7 0.009299
8 0.002620
9 0.000391
10 0.000182
11 0.000125
12 0.000133
13 0.000162
14 0.000296
15 0.000928
16 0.001693
17 0.003540
18 0.006860
19 0.009430
20 0.009963
21 0.009258
22 0.010235
23 0.008670
24 0.007298
25 0.007319
26 0.008729
27 0.010167
28 0.007537
29 0.005735
30 0.003686
31 0.003749
32 0.007372
33 0.010828
34 0.014525
35 0.006710
36 0.001377
37 0.000325
38 0.000189
39 0.000120
40 0.000101
41 0.000123
42 0.000297
43 0.000856
44 0.002868
45 0.005804
46 0.007618
47 0.007634
48 0.009448
49 0.009475
50 0.000004
51 0.000000
52 0.007319
53 0.008729
54 0.010321
55 0.010004
56 0.010473
57 0.008094
58 0.006768
59 0.003458
60 0.003520
61 0.007549
62 0.011125
63 0.005477
64 0.000757
65 0.000293
66 0.000274
67 0.000142
68 0.000076
69 0.000117
70 0.000247
71 0.000937
72 0.004503
73 0.007278
74 0.005997
75 0.008465
76 0.000032
77 0.000000
78 0.000000
79 0.000000
80 0.000000
81 0.010321
82 0.010004
83 0.008407
84 0.011634
85 0.011375
86 0.008667
87 0.006744
88 0.002870
89 0.003492
90 0.007515
91 0.002124
92 0.000640
93 0.000277
94 0.000291
95 0.000174
96 0.000117
97 0.000186
98 0.000293
99 0.001115
100 0.003705
101 0.003665
102 0.000039
103 0.000001
104 0.000000
105 0.000000
106 0.000000
107 0.000000
108 0.000001
109 0.009501
110 0.008407
111 0.006401
112 0.013669
113 0.012678
114 0.013348
115 0.009630
116 0.000000
117 0.000000
118 0.000001
119 0.000001
120 0.000004
121 0.000175
122 0.000276
123 0.000257
124 0.000440
125 0.000352
126 0.000595
127 0.000140
128 0.000018
129 0.000002
130 0.000000
131 0.000000
132 0.000000
133 0.000000
134 0.000000
135 0.000000
136 0.009503
137 0.007988
138 0.006314
139 0.006241
140 0.016340
141 0.014220
142 0.014009
143 0.016773
144 0.000000
145 0.000000
146 0.000000
147 0.000001
148 0.000000
149 0.000000
150 0.000000
151 0.000002
152 0.000026
153 0.000016
154 0.000007
155 0.000001
156 0.000000
157 0.000000
158 0.000000
159 0.000000
160 0.000001
161 0.000000
162 0.000000
163 0.000013
164 0.007763
165 0.006229
166 0.006156
167 0.006888
168 0.012170
169 0.016126
170 0.015323
171 0.012298
172 0.000040
173 0.000000
174 0.000001
175 0.000000
176 0.000003
177 0.000001
178 0.000000
179 0.000000
180 0.000000
181 0.000000
182 0.000000
183 0.000000
184 0.000000
185 0.000000
186 0.000001
187 0.000017
188 0.000002
189 0.000000
190 0.000001
191 0.004131
192 0.005978
193 0.006072
194 0.007056
195 0.008402
196 0.007737
197 0.010314
198 0.015747
199 0.015656
200 0.007616
201 0.000005
202 0.000000
203 0.000000
204 0.000000
205 0.000001
206 0.000005
207 0.000000
208 0.000000
209 0.000000
210 0.000000
211 0.000000
212 0.000000
213 0.000000
214 0.000001
215 0.000001
216 0.000000
217 0.000000
218 0.000009
219 0.003595
220 0.006609
221 0.007694
222 0.008592
223 0.008713
224 0.006786
225 0.007235
226 0.008465
227 0.014909
228 0.015744
229 0.000054
230 0.000000
231 0.000000
232 0.000000
233 0.000000
234 0.000000
235 0.000015
236 0.000011
237 0.000001
238 0.000001
239 0.000000
240 0.000000
241 0.000001
242 0.000001
243 0.000000
244 0.000000
245 0.000000
246 0.000060
247 0.000671
248 0.001265
249 0.002012
250 0.002147
251 0.001906
252 0.008299
253 0.006487
254 0.006384
255 0.005316
256 0.003241
257 0.000066
258 0.000000
259 0.000000
260 0.000000
261 0.000000
262 0.000000
263 0.000002
264 0.000020
265 0.000272
266 0.000201
267 0.000229
268 0.000124
269 0.000006
270 0.000000
271 0.000000
272 0.000000
273 0.000002
274 0.000264
275 0.000246
276 0.000349
277 0.000295
278 0.000271
279 0.000256
280 0.010000
281 0.004753
282 0.002116
283 0.000880
284 0.000508
285 0.000006
286 0.000000
287 0.000000
288 0.000000
289 0.000000
290 0.000000
291 0.000000
292 0.000004
293 0.000507
294 0.024249
295 0.999994
296 0.000728
297 0.000004
298 0.000000
299 0.000000
300 0.000001
301 0.000212
302 0.001353
303 0.000885
304 0.000358
305 0.000157
306 0.000084
307 0.000071
308 0.004645
309 0.001796
310 0.000947
311 0.000346
312 0.000043
313 0.000001
314 0.000000
315 0.000000
316 0.000000
317 0.000001
318 0.000034
319 0.000004
320 0.000003
321 0.000124
322 0.003091
323 0.033098
324 0.002126
325 0.000003
326 0.000000
327 0.000000
328 0.000008
329 0.999994
330 0.003244
331 0.001216
332 0.000535
333 0.000228
334 0.000156
335 0.000157
336 0.009629
337 0.003337
338 0.000881
339 0.000467
340 0.000015
341 0.000000
342 0.000000
343 0.000000
344 0.000000
345 0.000002
346 0.000223
347 0.001435
348 0.000119
349 0.000020
350 0.000166
351 0.001318
352 0.000538
353 0.000011
354 0.000000
355 0.000000
356 0.000009
357 0.000610
358 0.000770
359 0.000545
360 0.000685
361 0.000528
362 0.000475
363 0.000332
364 0.005210
365 0.006803
366 0.006025
367 0.003302
368 0.000007
369 0.000000
370 0.000000
371 0.000001
372 0.000003
373 0.000013
374 0.000173
375 0.009842
376 0.007574
377 0.000181
378 0.000018
379 0.000009
380 0.000009
381 0.000006
382 0.000002
383 0.000001
384 0.000006
385 0.000031
386 0.000099
387 0.000183
388 0.000458
389 0.000600
390 0.000661
391 0.000905
392 0.000602
393 0.001995
394 0.003661
395 0.000972
396 0.000009
397 0.000001
398 0.000001
399 0.000041
400 0.000566
401 0.000107
402 0.000037
403 0.001217
404 0.026563
405 0.004363
406 0.000080
407 0.000001
408 0.000000
409 0.000000
410 0.000002
411 0.000004
412 0.000005
413 0.000002
414 0.000012
415 0.000056
416 0.000232
417 0.000572
418 0.000630
419 0.000661
420 0.000167
421 0.000163
422 0.000340
423 0.000046
424 0.000001
425 0.000001
426 0.000087
427 0.011770
428 0.999997
429 0.000255
430 0.000039
431 0.000067
432 0.001138
433 0.999995
434 0.000370
435 0.000001
436 0.000000
437 0.000000
438 0.000000
439 0.000006
440 0.000002
441 0.000002
442 0.000005
443 0.000017
444 0.000096
445 0.000461
446 0.000572
447 0.000630
448 0.000210
449 0.000121
450 0.000088
451 0.000001
452 0.000000
453 0.000003
454 0.000373
455 0.116029
456 0.082671
457 0.011926
458 0.000112
459 0.000014
460 0.000080
461 0.000186
462 0.000080
463 0.000002
464 0.000000
465 0.000000
466 0.000000
467 0.000001
468 0.000002
469 0.000001
470 0.000002
471 0.000012
472 0.000070
473 0.000276
474 0.000481
475 0.000745
476 0.000524
477 0.000312
478 0.000074
479 0.000000
480 0.000000
481 0.000002
482 0.000237
483 0.001923
484 0.003714
485 0.005026
486 0.001423
487 0.000117
488 0.000005
489 0.000001
490 0.000001
491 0.000000
492 0.000000
493 0.000000
494 0.000000
495 0.000000
496 0.000000
497 0.000000
498 0.000000
499 0.000003
500 0.000089
501 0.000475
502 0.001329
503 0.002437
504 0.001670
505 0.001486
506 0.000079
507 0.000001
508 0.000001
509 0.000030
510 0.000115
511 0.000029
512 0.000021
513 0.000230
514 0.000124
515 0.000020
516 0.000001
517 0.000000
518 0.000000
519 0.000000
520 0.000000
521 0.000000
522 0.000000
523 0.000000
524 0.000000
525 0.000000
526 0.000000
527 0.000002
528 0.000028
529 0.001208
530 0.014726
531 0.014357
532 0.002515
533 0.003823
534 0.000103
535 0.000002
536 0.000032
537 0.000495
538 0.000179
539 0.000017
540 0.000008
541 0.000001
542 0.000001
543 0.000000
544 0.000000
545 0.000000
546 0.000000
547 0.000000
548 0.000000
549 0.000000
550 0.000000
551 0.000000
552 0.000000
553 0.000000
554 0.000000
555 0.000002
556 0.000071
557 0.001220
558 0.032622
559 0.039230
560 0.005066
561 0.007944
562 0.000146
563 0.000008
564 0.000218
565 0.001166
566 0.000152
567 0.000059
568 0.000006
569 0.000001
570 0.000000
571 0.000000
572 0.000000
573 0.000000
574 0.000000
575 0.000000
576 0.000000
577 0.000001
578 0.000001
579 0.000002
580 0.000002
581 0.000002
582 0.000002
583 0.000004
584 0.000079
585 0.007332
586 0.016894
587 0.027261
588 0.008964
589 0.010000
590 0.000990
591 0.000183
592 0.000394
593 0.000129
594 0.000079
595 0.000016
596 0.000006
597 0.000001
598 0.000000
599 0.000000
600 0.000000
601 0.000000
602 0.000000
603 0.000000
604 0.000000
605 0.000005
606 0.000014
607 0.000027
608 0.000015
609 0.000009
610 0.000009
611 0.000054
612 0.001106
613 0.001844
614 0.005499
615 0.014501
616 0.010000
617 0.010000
618 0.010000
619 0.001552
620 0.000164
621 0.000032
622 0.000012
623 0.000004
624 0.000001
625 0.000001
626 0.000000
627 0.000000
628 0.000000
629 0.000000
630 0.000000
631 0.000000
632 0.000001
633 0.000004
634 0.000013
635 0.000017
636 0.000020
637 0.000029
638 0.000164
639 0.001556
640 0.001168
641 0.001313
642 0.000000
643 0.000000
644 0.010000
645 0.010000
646 0.010000
647 0.010000
648 0.004975
649 0.000067
650 0.000011
651 0.000003
652 0.000002
653 0.000003
654 0.000005
655 0.000021
656 0.000105
657 0.000151
658 0.000066
659 0.000023
660 0.000030
661 0.000027
662 0.000024
663 0.000033
664 0.000065
665 0.000697
666 0.005004
667 0.003014
668 0.001878
669 0.000000
670 0.000000
671 0.000000
672 0.000000
673 0.010000
674 0.010000
675 0.010000
676 0.010001
677 0.010001
678 0.000269
679 0.000143
680 0.000135
681 0.000278
682 0.001140
683 0.001100
684 0.000903
685 0.000367
686 0.000204
687 0.000237
688 0.000558
689 0.001304
690 0.000871
691 0.001202
692 0.003191
693 0.010004
694 0.008260
695 0.005148
696 0.000000
697 0.000000
698 0.000000
699 0.000000
700 0.000000
701 0.000000
702 0.010000
703 0.010001
704 0.010001
705 0.010000
706 0.010000
707 0.005499
708 0.002951
709 0.001427
710 0.001226
711 0.001140
712 0.001100
713 0.000735
714 0.000707
715 0.000813
716 0.000661
717 0.000789
718 0.001864
719 0.003757
720 0.007625
721 0.010004
722 0.010003
723 0.000000
724 0.000000
725 0.000000
726 0.000000
727 0.000000
728 0.000000
729 0.000000
730 0.000000
731 0.000000
732 0.010000
733 0.010000
734 0.007067
735 0.003953
736 0.001973
737 0.001529
738 0.001427
739 0.001378
740 0.001331
741 0.001591
742 0.001732
743 0.001972
744 0.000896
745 0.000810
746 0.001139
747 0.002556
748 0.005076
749 0.010003
750 0.000000
751 0.000001
752 0.000001
753 0.000000
754 0.000000
755 0.000000
756 0.000000
757 0.000000
758 0.000000
759 0.000000
760 0.000000
761 0.008942
762 0.005102
763 0.002601
764 0.001826
765 0.001767
766 0.001710
767 0.001654
768 0.001378
769 0.002758
770 0.004859
771 0.003085
772 0.001380
773 0.000960
774 0.000879
775 0.001567
776 0.003041
777 0.000015
778 0.001267
779 0.000894
780 0.000016
781 0.000005
782 0.000000
783 0.000000
