0 0.009486
1 0.009486
2 0.009440
3 0.007918
4 0.006011
5 0.004197
6 0.003565
7 0.003447
8 0.000913
9 0.000228
10 0.000222
11 0.000377
12 0.001301
13 0.007327
14 0.015794
15 0.005952
16 0.001333
17 0.000368
18 0.000393
19 0.000866
20 0.001916
21 0.002969
22 0.005179
23 0.006319
24 0.006086
25 0.006086
26 0.004918
27 0.003840
28 0.008337
29 0.009486
30 0.009440
31 0.009440
32 0.007381
33 0.005364
34 0.003582
35 0.002301
36 0.000413
37 0.000121
38 0.000212
39 0.000486
40 0.003165
41 0.016266
42 0.008680
43 0.001880
44 0.000769
45 0.000504
46 0.000256
47 0.000755
48 0.002541
49 0.004497
50 0.000000
51 0.000000
52 0.006086
53 0.004941
54 0.003269
55 0.002659
56 0.006880
57 0.008258
58 0.009440
59 0.009440
60 0.009440
61 0.006607
62 0.004754
63 0.001175
64 0.000220
65 0.000097
66 0.000244
67 0.000955
68 0.006794
69 0.013902
70 0.003418
71 0.000687
72 0.000666
73 0.000478
74 0.000302
75 0.000684
76 0.000001
77 0.000000
78 0.000000
79 0.000000
80 0.000000
81 0.003308
82 0.002554
83 0.001878
84 0.005229
85 0.006246
86 0.007581
87 0.009395
88 0.009395
89 0.008769
90 0.006378
91 0.000751
92 0.000103
93 0.000144
94 0.000321
95 0.002688
96 0.010942
97 0.007609
98 0.001512
99 0.000378
100 0.000394
101 0.000163
102 0.000000
103 0.000000
104 0.000000
105 0.000000
106 0.000000
107 0.000000
108 0.000000
109 0.002222
110 0.001787
111 0.001990
112 0.004166
113 0.004655
114 0.005530
115 0.007421
116 0.000000
117 0.000000
118 0.000000
119 0.000000
120 0.000000
121 0.000057
122 0.000793
123 0.004221
124 0.008364
125 0.002507
126 0.000503
127 0.000008
128 0.000000
129 0.000000
130 0.000000
131 0.000000
132 0.000000
133 0.000000
134 0.000000
135 0.000000
136 0.000329
137 0.001478
138 0.001625
139 0.001939
140 0.004053
141 0.003655
142 0.004006
143 0.004945
144 0.000000
145 0.000000
146 0.000000
147 0.000000
148 0.000000
149 0.000000
150 0.000000
151 0.000002
152 0.000009
153 0.000000
154 0.000000
155 0.000000
156 0.000000
157 0.000000
158 0.000000
159 0.000000
160 0.000000
161 0.000000
162 0.000000
163 0.000000
164 0.001496
165 0.001308
166 0.001566
167 0.001632
168 0.003655
169 0.003444
170 0.003343
171 0.003420
172 0.000000
173 0.000000
174 0.000000
175 0.000000
176 0.000000
177 0.000000
178 0.000000
179 0.000000
180 0.000000
181 0.000000
182 0.000000
183 0.000000
184 0.000000
185 0.000000
186 0.000000
187 0.000000
188 0.000000
189 0.000000
190 0.000000
191 0.000004
192 0.001148
193 0.001199
194 0.001252
195 0.001735
196 0.003904
197 0.003410
198 0.002983
199 0.002800
200 0.000011
201 0.000000
202 0.000000
203 0.000000
204 0.000000
205 0.000000
206 0.000000
207 0.000000
208 0.000000
209 0.000000
210 0.000000
211 0.000000
212 0.000000
213 0.000000
214 0.000000
215 0.000000
216 0.000000
217 0.000000
218 0.000000
219 0.000081
220 0.001148
221 0.001204
222 0.001434
223 0.001705
224 0.004180
225 0.003685
226 0.003067
227 0.002712
228 0.002317
229 0.000000
230 0.000000
231 0.000000
232 0.000000
233 0.000000
234 0.000000
235 0.000000
236 0.000000
237 0.000000
238 0.000000
239 0.000000
240 0.000000
241 0.000000
242 0.000000
243 0.000000
244 0.000000
245 0.000000
246 0.000000
247 0.000022
248 0.000052
249 0.000094
250 0.000208
251 0.000370
252 0.003997
253 0.003500
254 0.003391
255 0.001513
256 0.000202
257 0.000000
258 0.000000
259 0.000000
260 0.000000
261 0.000000
262 0.000000
263 0.000000
264 0.000000
265 0.000000
266 0.000000
267 0.000000
268 0.000000
269 0.000000
270 0.000000
271 0.000000
272 0.000000
273 0.000000
274 0.000000
275 0.000003
276 0.000006
277 0.000012
278 0.000022
279 0.000040
280 0.003134
281 0.000889
282 0.000369
283 0.000087
284 0.000034
285 0.000000
286 0.000000
287 0.000000
288 0.000000
289 0.000000
290 0.000000
291 0.000000
292 0.000000
293 0.000000
294 0.000000
295 0.000000
296 0.000000
297 0.000000
298 0.000000
299 0.000000
300 0.000000
301 0.000000
302 0.000000
303 0.000004
304 0.000005
305 0.000008
306 0.000010
307 0.000014
308 0.000661
309 0.000151
310 0.000051
311 0.000019
312 0.000002
313 0.000000
314 0.000000
315 0.000000
316 0.000000
317 0.000000
318 0.000000
319 0.000000
320 0.000060
321 0.000255
322 0.000074
323 0.000000
324 0.000000
325 0.000000
326 0.000000
327 0.000000
328 0.000000
329 0.000000
330 0.000006
331 0.000002
332 0.000006
333 0.000007
334 0.000010
335 0.000020
336 0.000690
337 0.000171
338 0.000057
339 0.000019
340 0.000001
341 0.000000
342 0.000000
343 0.000000
344 0.000000
345 0.000000
346 0.000000
347 0.000000
348 0.000013
349 0.999998
350 0.000050
351 0.000000
352 0.000000
353 0.000000
354 0.000000
355 0.000000
356 0.000000
357 0.000000
358 0.000004
359 0.000001
360 0.000005
361 0.000009
362 0.000022
363 0.000039
364 0.001046
365 0.000779
366 0.000262
367 0.000074
368 0.000000
369 0.000000
370 0.000000
371 0.000000
372 0.000000
373 0.000000
374 0.000000
375 0.000000
376 0.000018
377 0.000021
378 0.000003
379 0.000000
380 0.000000
381 0.000000
382 0.000000
383 0.000000
384 0.000000
385 0.000006
386 0.000003
387 0.000003
388 0.000005
389 0.000027
390 0.000049
391 0.000107
392 0.000507
393 0.000420
394 0.000318
395 0.000045
396 0.000000
397 0.000001
398 0.001078
399 0.000007
400 0.000000
401 0.000000
402 0.000000
403 0.000003
404 0.000001
405 0.000000
406 0.000000
407 0.000000
408 0.000000
409 0.000000
410 0.000000
411 0.000000
412 0.000000
413 0.000009
414 0.000068
415 0.000021
416 0.000005
417 0.000067
418 0.000144
419 0.000130
420 0.000172
421 0.000191
422 0.000216
423 0.000011
424 0.000004
425 0.000201
426 0.051877
427 0.000053
428 0.000000
429 0.000000
430 0.000000
431 0.000001
432 0.000000
433 0.000000
434 0.000000
435 0.000000
436 0.000000
437 0.000000
438 0.000000
439 0.000000
440 0.000002
441 0.000138
442 0.003261
443 0.000320
444 0.000098
445 0.000128
446 0.000063
447 0.000045
448 0.000241
449 0.000193
450 0.000160
451 0.000004
452 0.000012
453 0.006854
454 0.041898
455 0.000061
456 0.000000
457 0.000000
458 0.000000
459 0.000000
460 0.000000
461 0.000000
462 0.000000
463 0.000000
464 0.000000
465 0.000000
466 0.000000
467 0.000001
468 0.000005
469 0.000286
470 0.999993
471 0.003060
472 0.000362
473 0.000056
474 0.000045
475 0.000026
476 0.000285
477 0.000332
478 0.000347
479 0.000019
480 0.000117
481 0.999990
482 0.000404
483 0.000063
484 0.000002
485 0.000000
486 0.000000
487 0.000000
488 0.000000
489 0.000000
490 0.000000
491 0.000000
492 0.000000
493 0.000000
494 0.000001
495 0.000012
496 0.000013
497 0.000046
498 0.000339
499 0.006518
500 0.000452
501 0.000050
502 0.000201
503 0.000202
504 0.000696
505 0.001520
506 0.000227
507 0.000087
508 0.001345
509 0.000546
510 0.000036
511 0.000018
512 0.000004
513 0.000000
514 0.000000
515 0.000000
516 0.000000
517 0.000000
518 0.000000
519 0.000000
520 0.000000
521 0.000000
522 0.000003
523 0.000015
524 0.000004
525 0.000002
526 0.000015
527 0.000394
528 0.001069
529 0.001104
530 0.002337
531 0.002567
532 0.002192
533 0.004825
534 0.000204
535 0.000099
536 0.003359
537 0.000070
538 0.000016
539 0.000022
540 0.000003
541 0.000000
542 0.000000
543 0.000000
544 0.000000
545 0.000000
546 0.000000
547 0.000000
548 0.000000
549 0.000000
550 0.000000
551 0.000000
552 0.000002
553 0.000002
554 0.000010
555 0.000339
556 0.010472
557 0.002326
558 0.010003
559 0.007976
560 0.007844
561 0.010005
562 0.000411
563 0.000548
564 0.000221
565 0.000025
566 0.000008
567 0.000007
568 0.000000
569 0.000000
570 0.000000
571 0.000000
572 0.000000
573 0.000000
574 0.000000
575 0.000000
576 0.000000
577 0.000000
578 0.000000
579 0.000000
580 0.000002
581 0.000025
582 0.000039
583 0.000346
584 0.007710
585 0.010003
586 0.010004
587 0.010003
588 0.010004
589 0.010002
590 0.002912
591 0.001380
592 0.000061
593 0.000007
594 0.000006
595 0.000000
596 0.000000
597 0.000000
598 0.000000
599 0.000000
600 0.000000
601 0.000000
602 0.000000
603 0.000001
604 0.000066
605 0.000179
606 0.000022
607 0.000008
608 0.000002
609 0.000016
610 0.000069
611 0.000681
612 0.010002
613 0.010002
614 0.010002
615 0.010003
616 0.010001
617 0.010001
618 0.010002
619 0.004152
620 0.000045
621 0.000010
622 0.000001
623 0.000000
624 0.000000
625 0.000000
626 0.000000
627 0.000000
628 0.000000
629 0.000000
630 0.000000
631 0.000008
632 0.001427
633 0.999996
634 0.002626
635 0.000146
636 0.000037
637 0.000036
638 0.000378
639 0.010001
640 0.010001
641 0.010002
642 0.000001
643 0.000001
644 0.010001
645 0.010001
646 0.010002
647 0.010002
648 0.005394
649 0.000038
650 0.000002
651 0.000000
652 0.000000
653 0.000001
654 0.000000
655 0.000000
656 0.000000
657 0.000000
658 0.000001
659 0.000025
660 0.000813
661 0.006060
662 0.007707
663 0.002274
664 0.000877
665 0.001122
666 0.001612
667 0.004976
668 0.010001
669 0.000001
670 0.000000
671 0.000001
672 0.000000
673 0.010002
674 0.010002
675 0.010436
676 0.005843
677 0.002235
678 0.000017
679 0.000005
680 0.000009
681 0.000029
682 0.000030
683 0.000003
684 0.000001
685 0.000001
686 0.000001
687 0.000018
688 0.000519
689 0.002932
690 0.010473
691 0.006055
692 0.001897
693 0.001016
694 0.001094
695 0.002112
696 0.000000
697 0.000001
698 0.000001
699 0.000000
700 0.000000
701 0.000000
702 0.010286
703 0.006303
704 0.002449
705 0.000873
706 0.000430
707 0.000390
708 0.000346
709 0.000265
710 0.000083
711 0.000009
712 0.000002
713 0.000001
714 0.000005
715 0.000040
716 0.000312
717 0.001196
718 0.005078
719 0.010003
720 0.004857
721 0.002002
722 0.001094
723 0.000000
724 0.000000
725 0.000000
726 0.000001
727 0.000001
728 0.000000
729 0.000000
730 0.000000
731 0.000000
732 0.001084
733 0.000575
734 0.000439
735 0.000414
736 0.000390
737 0.000300
738 0.000265
739 0.000027
740 0.000004
741 0.000002
742 0.000010
743 0.000083
744 0.000161
745 0.000650
746 0.002083
747 0.008443
748 0.010002
749 0.004976
750 0.000001
751 0.000006
752 0.000001
753 0.000000
754 0.000001
755 0.000001
756 0.000000
757 0.000000
758 0.000000
759 0.000000
760 0.000000
761 0.000597
762 0.000564
763 0.000439
764 0.000414
765 0.000390
766 0.000367
767 0.000088
768 0.000009
769 0.000005
770 0.000025
771 0.000132
772 0.000171
773 0.000369
774 0.001088
775 0.003444
776 0.010914
777 0.035412
778 0.004225
779 0.001875
780 0.001260
781 0.000756
782 0.000001
783 0.000000
