0 0.003502
1 0.003372
2 0.002942
3 0.003128
4 0.002713
5 0.002880
6 0.004215
7 0.007822
8 0.002948
9 0.000758
10 0.000558
11 0.000363
12 0.000195
13 0.000098
14 0.000081
15 0.000077
16 0.000063
17 0.000051
18 0.000189
19 0.000709
20 0.002378
21 0.003964
22 0.008603
23 0.010049
24 0.009928
25 0.009217
26 0.005640
27 0.004118
28 0.003065
29 0.003248
30 0.002825
31 0.002712
32 0.002605
33 0.002403
34 0.002891
35 0.003273
36 0.001157
37 0.000479
38 0.000482
39 0.000484
40 0.000259
41 0.000131
42 0.000067
43 0.000057
44 0.000046
45 0.000051
46 0.000083
47 0.000617
48 0.003322
49 0.007431
50 0.000002
51 0.000000
52 0.009217
53 0.005526
54 0.003473
55 0.002643
56 0.003248
57 0.002825
58 0.002712
59 0.002605
60 0.002402
61 0.002053
62 0.002053
63 0.001060
64 0.000372
65 0.000294
66 0.000464
67 0.000473
68 0.000341
69 0.000149
70 0.000061
71 0.000040
72 0.000040
73 0.000036
74 0.000057
75 0.000458
76 0.000013
77 0.000000
78 0.000001
79 0.000000
80 0.000000
81 0.003330
82 0.002477
83 0.001915
84 0.003128
85 0.002712
86 0.002339
87 0.002144
88 0.002053
89 0.002012
90 0.002012
91 0.000343
92 0.000123
93 0.000163
94 0.000342
95 0.000391
96 0.000460
97 0.000271
98 0.000096
99 0.000031
100 0.000033
101 0.000015
102 0.000000
103 0.000000
104 0.000000
105 0.000001
106 0.000000
107 0.000000
108 0.000000
109 0.002054
110 0.001768
111 0.003172
112 0.002712
113 0.002605
114 0.002144
115 0.002053
116 0.000000
117 0.000000
118 0.000000
119 0.000000
120 0.000000
121 0.000023
122 0.000187
123 0.000349
124 0.000456
125 0.000441
126 0.000145
127 0.000004
128 0.000000
129 0.000000
130 0.000000
131 0.000000
132 0.000000
133 0.000001
134 0.000000
135 0.000000
136 0.000049
137 0.001540
138 0.003499
139 0.010952
140 0.002605
141 0.002239
142 0.002053
143 0.001966
144 0.000000
145 0.000000
146 0.000000
147 0.000000
148 0.000000
149 0.000000
150 0.000000
151 0.000000
152 0.000001
153 0.000001
154 0.000001
155 0.000000
156 0.000000
157 0.000000
158 0.000000
159 0.000001
160 0.000003
161 0.000001
162 0.000000
163 0.000000
164 0.001705
165 0.004042
166 0.012909
167 0.036851
168 0.002239
169 0.002053
170 0.001966
171 0.001803
172 0.000000
173 0.000000
174 0.000000
175 0.000000
176 0.000000
177 0.000000
178 0.000000
179 0.000000
180 0.000000
181 0.000000
182 0.000000
183 0.000000
184 0.000000
185 0.000000
186 0.000001
187 0.000018
188 0.000001
189 0.000000
190 0.000000
191 0.000001
192 0.005823
193 0.016154
194 0.075380
195 0.149962
196 0.002096
197 0.001966
198 0.001666
199 0.001520
200 0.000003
201 0.000000
202 0.000000
203 0.000000
204 0.000000
205 0.000000
206 0.000000
207 0.000000
208 0.000000
209 0.000000
210 0.000000
211 0.000000
212 0.000000
213 0.000000
214 0.000001
215 0.000001
216 0.000000
217 0.000000
218 0.000000
219 0.000144
220 0.026797
221 0.133627
222 0.220914
223 0.041918
224 0.002007
225 0.001701
226 0.001545
227 0.001452
228 0.001156
229 0.000000
230 0.000000
231 0.000000
232 0.000000
233 0.000000
234 0.000000
235 0.000000
236 0.000001
237 0.000001
238 0.000001
239 0.000001
240 0.000005
241 0.000003
242 0.000001
243 0.000000
244 0.000000
245 0.000000
246 0.000000
247 0.000550
248 0.004879
249 0.005874
250 0.003107
251 0.001841
252 0.001922
253 0.001552
254 0.001482
255 0.000897
256 0.000210
257 0.000000
258 0.000000
259 0.000000
260 0.000000
261 0.000000
262 0.000000
263 0.000000
264 0.000000
265 0.000001
266 0.001184
267 0.993307
268 0.999610
269 0.000050
270 0.000000
271 0.000000
272 0.000000
273 0.000000
274 0.000000
275 0.000272
276 0.000195
277 0.000100
278 0.000056
279 0.000034
280 0.001520
281 0.000578
282 0.000318
283 0.000102
284 0.000065
285 0.000000
286 0.000000
287 0.000000
288 0.000000
289 0.000000
290 0.000000
291 0.000000
292 0.000000
293 0.000002
294 0.000205
295 0.006031
296 0.004222
297 0.000016
298 0.000000
299 0.000000
300 0.000000
301 0.000000
302 0.000004
303 0.000572
304 0.000086
305 0.000014
306 0.000007
307 0.000009
308 0.000366
309 0.000170
310 0.000089
311 0.000045
312 0.000006
313 0.000000
314 0.000000
315 0.000000
316 0.000000
317 0.000000
318 0.000000
319 0.000000
320 0.000000
321 0.000001
322 0.000032
323 0.000020
324 0.000004
325 0.000004
326 0.000002
327 0.000000
328 0.000000
329 0.000000
330 0.000035
331 0.000130
332 0.000127
333 0.000050
334 0.000033
335 0.000029
336 0.000149
337 0.000098
338 0.000070
339 0.000039
340 0.000001
341 0.000000
342 0.000000
343 0.000000
344 0.000000
345 0.000000
346 0.000000
347 0.000000
348 0.000000
349 0.000001
350 0.000001
351 0.000000
352 0.000000
353 0.000001
354 0.000015
355 0.000012
356 0.000001
357 0.000000
358 0.000002
359 0.000013
360 0.000604
361 0.000368
362 0.000259
363 0.000129
364 0.000133
365 0.000116
366 0.000062
367 0.000027
368 0.000000
369 0.000000
370 0.000000
371 0.000000
372 0.000000
373 0.000000
374 0.000000
375 0.000000
376 0.000000
377 0.000000
378 0.000000
379 0.000000
380 0.000000
381 0.000001
382 0.000003
383 0.000006
384 0.000004
385 0.000003
386 0.000000
387 0.000003
388 0.000212
389 0.000610
390 0.000683
391 0.001206
392 0.000148
393 0.000048
394 0.000027
395 0.000004
396 0.000000
397 0.000000
398 0.000000
399 0.000000
400 0.000000
401 0.000000
402 0.000000
403 0.000000
404 0.000000
405 0.000000
406 0.000000
407 0.000000
408 0.000000
409 0.000001
410 0.000001
411 0.000001
412 0.000003
413 0.000052
414 0.000001
415 0.000003
416 0.000025
417 0.000863
418 0.001428
419 0.002254
420 0.000213
421 0.000101
422 0.000046
423 0.000001
424 0.000000
425 0.000000
426 0.000000
427 0.000000
428 0.000000
429 0.000000
430 0.000000
431 0.000000
432 0.000000
433 0.000000
434 0.000000
435 0.000000
436 0.000000
437 0.000000
438 0.000000
439 0.000000
440 0.000005
441 0.000092
442 0.000002
443 0.000001
444 0.000081
445 0.013889
446 0.004263
447 0.006867
448 0.000713
449 0.000342
450 0.000242
451 0.000002
452 0.000000
453 0.000000
454 0.000000
455 0.000000
456 0.000000
457 0.000000
458 0.000000
459 0.000000
460 0.000000
461 0.000000
462 0.000000
463 0.000000
464 0.000000
465 0.000000
466 0.000000
467 0.000001
468 0.000011
469 0.000122
470 0.000013
471 0.000001
472 0.000015
473 0.015627
474 0.132393
475 0.024708
476 0.000798
477 0.001323
478 0.000825
479 0.000005
480 0.000000
481 0.000000
482 0.000000
483 0.000001
484 0.000001
485 0.000001
486 0.000000
487 0.000000
488 0.000000
489 0.000000
490 0.000000
491 0.000000
492 0.000000
493 0.000000
494 0.000000
495 0.000001
496 0.000380
497 0.003753
498 0.000251
499 0.000006
500 0.000003
501 0.000564
502 0.035739
503 0.081532
504 0.002050
505 0.003653
506 0.000395
507 0.000004
508 0.000001
509 0.000001
510 0.000003
511 0.000041
512 0.000016
513 0.000000
514 0.000000
515 0.000000
516 0.000000
517 0.000000
518 0.000000
519 0.000000
520 0.000000
521 0.000000
522 0.000000
523 0.000000
524 0.000042
525 0.999982
526 0.020337
527 0.000164
528 0.000001
529 0.000045
530 0.011949
531 0.023734
532 0.004536
533 0.008374
534 0.000177
535 0.000002
536 0.000001
537 0.000005
538 0.000149
539 0.999987
540 0.000036
541 0.000000
542 0.000000
543 0.000000
544 0.000000
545 0.000000
546 0.000000
547 0.000000
548 0.000000
549 0.000000
550 0.000000
551 0.000000
552 0.000001
553 0.000052
554 0.018552
555 0.011609
556 0.000117
557 0.000024
558 0.001204
559 0.005135
560 0.009898
561 0.009942
562 0.000156
563 0.000004
564 0.000004
565 0.000073
566 0.002998
567 0.000216
568 0.000006
569 0.000000
570 0.000000
571 0.000000
572 0.000000
573 0.000000
574 0.000000
575 0.000000
576 0.000000
577 0.000000
578 0.000000
579 0.000000
580 0.000000
581 0.000001
582 0.000137
583 0.011083
584 0.000545
585 0.003256
586 0.001373
587 0.000842
588 0.009955
589 0.010000
590 0.000997
591 0.000022
592 0.000087
593 0.001005
594 0.000152
595 0.000004
596 0.000000
597 0.000000
598 0.000000
599 0.000000
600 0.000000
601 0.000000
602 0.000000
603 0.000000
604 0.000000
605 0.000000
606 0.000000
607 0.000000
608 0.000000
609 0.000000
610 0.000008
611 0.000885
612 0.005966
613 0.008199
614 0.004202
615 0.002168
616 0.010000
617 0.010000
618 0.010000
619 0.002597
620 0.001633
621 0.000266
622 0.000009
623 0.000001
624 0.000001
625 0.000000
626 0.000000
627 0.000000
628 0.000000
629 0.000000
630 0.000000
631 0.000000
632 0.000000
633 0.000000
634 0.000000
635 0.000000
636 0.000000
637 0.000000
638 0.000008
639 0.000849
640 0.002240
641 0.006073
642 0.000000
643 0.000001
644 0.010000
645 0.010000
646 0.010000
647 0.010000
648 0.006890
649 0.000110
650 0.000004
651 0.000001
652 0.000002
653 0.000006
654 0.000001
655 0.000000
656 0.000000
657 0.000001
658 0.000001
659 0.000000
660 0.000000
661 0.000000
662 0.000000
663 0.000000
664 0.000000
665 0.000008
666 0.000184
667 0.000368
668 0.000920
669 0.000000
670 0.000000
671 0.000001
672 0.000000
673 0.010000
674 0.010000
675 0.009999
676 0.009996
677 0.004655
678 0.000054
679 0.000015
680 0.000028
681 0.000126
682 0.000089
683 0.000007
684 0.000002
685 0.000002
686 0.000002
687 0.000002
688 0.000002
689 0.000011
690 0.000024
691 0.000014
692 0.000031
693 0.000173
694 0.000195
695 0.000255
696 0.000000
697 0.000000
698 0.000000
699 0.000000
700 0.000000
701 0.000000
702 0.009999
703 0.009997
704 0.005543
705 0.002662
706 0.001285
707 0.001075
708 0.000990
709 0.000822
710 0.000263
711 0.000024
712 0.000004
713 0.000002
714 0.000003
715 0.000003
716 0.000004
717 0.000018
718 0.000124
719 0.000132
720 0.000141
721 0.000184
722 0.000240
723 0.000000
724 0.000000
725 0.000000
726 0.000000
727 0.000000
728 0.000000
729 0.000000
730 0.000000
731 0.000000
732 0.003216
733 0.001588
734 0.001169
735 0.001121
736 0.001075
737 0.000897
738 0.000822
739 0.000072
740 0.000009
741 0.000003
742 0.000004
743 0.000004
744 0.000010
745 0.000044
746 0.000132
747 0.000173
748 0.000184
749 0.000240
750 0.000000
751 0.000000
752 0.000000
753 0.000000
754 0.000000
755 0.000000
756 0.000000
757 0.000000
758 0.000001
759 0.000000
760 0.000000
761 0.001446
762 0.001390
763 0.001169
764 0.001121
765 0.001075
766 0.001032
767 0.000223
768 0.000022
769 0.000006
770 0.000005
771 0.000005
772 0.000019
773 0.000104
774 0.000132
775 0.000150
776 0.000195
777 0.000000
778 0.000068
779 0.000057
780 0.000001
781 0.000000
782 0.000000
783 0.000000
