0 0.004650
1 0.005115
2 0.004820
3 0.005116
4 0.004819
5 0.004540
6 0.003369
7 0.002259
8 0.000503
9 0.000256
10 0.000419
11 0.000700
12 0.001157
13 0.001017
14 0.000833
15 0.000410
16 0.000338
17 0.000155
18 0.000367
19 0.000946
20 0.001879
21 0.002030
22 0.003362
23 0.005095
24 0.006715
25 0.008197
26 0.008324
27 0.008062
28 0.003545
29 0.004577
30 0.004819
31 0.004820
32 0.004820
33 0.004819
34 0.004195
35 0.002165
36 0.000316
37 0.000096
38 0.000185
39 0.000476
40 0.001495
41 0.002664
42 0.001291
43 0.000336
44 0.000205
45 0.000111
46 0.000108
47 0.000464
48 0.001676
49 0.002815
50 0.000004
51 0.000000
52 0.008198
53 0.008324
54 0.007472
55 0.006094
56 0.003119
57 0.003383
58 0.003987
59 0.004819
60 0.004820
61 0.004542
62 0.004541
63 0.001681
64 0.000257
65 0.000067
66 0.000095
67 0.000317
68 0.001957
69 0.006219
70 0.002041
71 0.000568
72 0.000131
73 0.000067
74 0.000040
75 0.000191
76 0.000018
77 0.000001
78 0.000001
79 0.000000
80 0.000000
81 0.007536
82 0.006038
83 0.004022
84 0.003012
85 0.002582
86 0.002853
87 0.003629
88 0.004541
89 0.004542
90 0.004542
91 0.000961
92 0.000175
93 0.000079
94 0.000052
95 0.000220
96 0.001576
97 0.006546
98 0.004493
99 0.000754
100 0.000107
101 0.000019
102 0.000000
103 0.000000
104 0.000000
105 0.000002
106 0.000001
107 0.000003
108 0.000006
109 0.005448
110 0.003895
111 0.002957
112 0.004705
113 0.002788
114 0.002025
115 0.002632
116 0.000000
117 0.000000
118 0.000001
119 0.000001
120 0.000003
121 0.000047
122 0.000106
123 0.000200
124 0.001327
125 0.003563
126 0.007046
127 0.000153
128 0.000002
129 0.000000
130 0.000000
131 0.000000
132 0.000001
133 0.000008
134 0.000009
135 0.000006
136 0.001107
137 0.003413
138 0.002577
139 0.002429
140 0.007685
141 0.004487
142 0.002486
143 0.001722
144 0.000000
145 0.000000
146 0.000000
147 0.000000
148 0.000000
149 0.000000
150 0.000001
151 0.000003
152 0.000018
153 0.000041
154 0.000046
155 0.000002
156 0.000000
157 0.000000
158 0.000000
159 0.000001
160 0.000050
161 0.000028
162 0.000006
163 0.000023
164 0.003242
165 0.002130
166 0.002008
167 0.002028
168 0.010002
169 0.007500
170 0.004819
171 0.002563
172 0.000167
173 0.000001
174 0.000000
175 0.000000
176 0.000000
177 0.000000
178 0.000001
179 0.000000
180 0.000000
181 0.000000
182 0.000000
183 0.000000
184 0.000000
185 0.000000
186 0.000001
187 0.000014
188 0.000003
189 0.000003
190 0.000002
191 0.000199
192 0.001724
193 0.001583
194 0.001602
195 0.002078
196 0.014165
197 0.010003
198 0.008584
199 0.004541
200 0.000381
201 0.000012
202 0.000000
203 0.000000
204 0.000000
205 0.000000
206 0.000000
207 0.000000
208 0.000000
209 0.000000
210 0.000000
211 0.000000
212 0.000001
213 0.000001
214 0.000002
215 0.000001
216 0.000000
217 0.000000
218 0.000010
219 0.000206
220 0.001481
221 0.001551
222 0.001722
223 0.002011
224 0.012774
225 0.018534
226 0.010004
227 0.010001
228 0.005055
229 0.000101
230 0.000001
231 0.000000
232 0.000000
233 0.000000
234 0.000000
235 0.000000
236 0.000000
237 0.000000
238 0.000001
239 0.000003
240 0.000038
241 0.000070
242 0.000019
243 0.000000
244 0.000000
245 0.000000
246 0.000001
247 0.000143
248 0.000242
249 0.000335
250 0.000635
251 0.001197
252 0.006030
253 0.008773
254 0.013691
255 0.010613
256 0.003355
257 0.000022
258 0.000001
259 0.000000
260 0.000000
261 0.000000
262 0.000001
263 0.000001
264 0.000000
265 0.000000
266 0.000001
267 0.000008
268 0.000375
269 0.999990
270 0.000019
271 0.000000
272 0.000000
273 0.000000
274 0.000001
275 0.000054
276 0.000059
277 0.000129
278 0.000258
279 0.000535
280 0.001263
281 0.002009
282 0.002170
283 0.001667
284 0.002051
285 0.000007
286 0.000001
287 0.000001
288 0.000000
289 0.000000
290 0.000004
291 0.000015
292 0.000005
293 0.000001
294 0.000001
295 0.000003
296 0.000024
297 0.000122
298 0.000005
299 0.000000
300 0.000000
301 0.000000
302 0.000001
303 0.000261
304 0.000300
305 0.000390
306 0.000408
307 0.000552
308 0.000444
309 0.000233
310 0.000221
311 0.000300
312 0.000100
313 0.000006
314 0.000001
315 0.000004
316 0.000006
317 0.000004
318 0.000002
319 0.000011
320 0.000026
321 0.000035
322 0.000022
323 0.000005
324 0.000003
325 0.000001
326 0.000001
327 0.000001
328 0.000000
329 0.000000
330 0.000004
331 0.000264
332 0.002065
333 0.002108
334 0.002064
335 0.001680
336 0.000215
337 0.000124
338 0.000091
339 0.000057
340 0.000012
341 0.000002
342 0.000001
343 0.000117
344 0.999986
345 0.000194
346 0.000003
347 0.000001
348 0.000009
349 0.000407
350 0.000294
351 0.000052
352 0.000001
353 0.000000
354 0.000000
355 0.000001
356 0.000000
357 0.000000
358 0.000001
359 0.000050
360 0.006801
361 0.006817
362 0.007317
363 0.007037
364 0.000185
365 0.000164
366 0.000125
367 0.000104
368 0.000002
369 0.000000
370 0.000007
371 0.000206
372 0.008807
373 0.010585
374 0.000024
375 0.000001
376 0.000003
377 0.000068
378 0.000655
379 0.000165
380 0.000001
381 0.000000
382 0.000000
383 0.000001
384 0.000001
385 0.000000
386 0.000000
387 0.000008
388 0.001646
389 0.010317
390 0.013029
391 0.010247
392 0.000142
393 0.000137
394 0.000171
395 0.000046
396 0.000001
397 0.000001
398 0.000008
399 0.000203
400 0.000324
401 0.001398
402 0.000090
403 0.000005
404 0.000001
405 0.000004
406 0.000031
407 0.000052
408 0.000009
409 0.000001
410 0.000001
411 0.000001
412 0.000001
413 0.000001
414 0.000000
415 0.000001
416 0.000118
417 0.004937
418 0.005136
419 0.004317
420 0.000193
421 0.000190
422 0.000271
423 0.000019
424 0.000001
425 0.000001
426 0.000011
427 0.000029
428 0.000007
429 0.000007
430 0.000021
431 0.000027
432 0.000005
433 0.000001
434 0.000001
435 0.000002
436 0.000010
437 0.000154
438 0.000056
439 0.000003
440 0.000001
441 0.000001
442 0.000000
443 0.000000
444 0.000003
445 0.000906
446 0.000562
447 0.000498
448 0.000534
449 0.000441
450 0.000344
451 0.000004
452 0.000000
453 0.000001
454 0.000074
455 0.000006
456 0.000001
457 0.000001
458 0.000004
459 0.000003
460 0.000001
461 0.000001
462 0.000000
463 0.000001
464 0.000004
465 0.000355
466 0.999977
467 0.000055
468 0.000003
469 0.000001
470 0.000000
471 0.000000
472 0.000000
473 0.000021
474 0.000113
475 0.000273
476 0.002972
477 0.001680
478 0.000356
479 0.000001
480 0.000001
481 0.000009
482 0.000011
483 0.000002
484 0.000000
485 0.000000
486 0.000001
487 0.000001
488 0.000001
489 0.000001
490 0.000001
491 0.000001
492 0.000003
493 0.000095
494 0.001550
495 0.001247
496 0.000006
497 0.000001
498 0.000000
499 0.000000
500 0.000000
501 0.000003
502 0.000187
503 0.000400
504 0.010006
505 0.007603
506 0.000250
507 0.000003
508 0.000004
509 0.000069
510 0.000003
511 0.000000
512 0.000000
513 0.000000
514 0.000000
515 0.000001
516 0.000001
517 0.000001
518 0.000001
519 0.000001
520 0.000002
521 0.000014
522 0.000018
523 0.000034
524 0.000033
525 0.000001
526 0.000000
527 0.000000
528 0.000000
529 0.000004
530 0.000609
531 0.001230
532 0.008674
533 0.006255
534 0.000184
535 0.000022
536 0.000228
537 0.000048
538 0.000004
539 0.000000
540 0.000000
541 0.000000
542 0.000001
543 0.000003
544 0.000004
545 0.000002
546 0.000001
547 0.000001
548 0.000001
549 0.000001
550 0.000001
551 0.000001
552 0.000011
553 0.000027
554 0.000003
555 0.000001
556 0.000001
557 0.000037
558 0.001535
559 0.001261
560 0.005835
561 0.006257
562 0.000183
563 0.000070
564 0.000384
565 0.000040
566 0.000004
567 0.000002
568 0.000002
569 0.000002
570 0.000015
571 0.000025
572 0.000012
573 0.000001
574 0.000001
575 0.000000
576 0.000000
577 0.000000
578 0.000000
579 0.000000
580 0.000006
581 0.000093
582 0.000164
583 0.000016
584 0.000049
585 0.004585
586 0.002851
587 0.002054
588 0.005876
589 0.007316
590 0.001375
591 0.000164
592 0.000058
593 0.000006
594 0.000008
595 0.000050
596 0.000346
597 0.002695
598 0.001220
599 0.000060
600 0.000002
601 0.000001
602 0.000000
603 0.000000
604 0.000000
605 0.000000
606 0.000000
607 0.000000
608 0.000001
609 0.000004
610 0.000100
611 0.000598
612 0.010011
613 0.007677
614 0.005266
615 0.003697
616 0.006790
617 0.010558
618 0.011636
619 0.001828
620 0.000071
621 0.000030
622 0.000167
623 0.001388
624 0.999933
625 0.002788
626 0.000081
627 0.000021
628 0.000004
629 0.000001
630 0.000002
631 0.000002
632 0.000001
633 0.000000
634 0.000000
635 0.000000
636 0.000000
637 0.000002
638 0.000101
639 0.009698
640 0.011346
641 0.010011
642 0.000000
643 0.000000
644 0.009325
645 0.010976
646 0.010004
647 0.010005
648 0.008118
649 0.001570
650 0.005678
651 0.001673
652 0.001374
653 0.000656
654 0.000069
655 0.000011
656 0.000077
657 0.001890
658 0.005099
659 0.001397
660 0.000063
661 0.000005
662 0.000001
663 0.000001
664 0.000001
665 0.000050
666 0.003112
667 0.005912
668 0.009925
669 0.000000
670 0.000000
671 0.000001
672 0.000000
673 0.010003
674 0.010004
675 0.010004
676 0.010003
677 0.010002
678 0.002310
679 0.002180
680 0.001719
681 0.002152
682 0.001307
683 0.000344
684 0.000486
685 0.002823
686 0.007713
687 0.010020
688 0.004986
689 0.002371
690 0.000374
691 0.000092
692 0.000187
693 0.001140
694 0.001763
695 0.003718
696 0.000000
697 0.000000
698 0.000000
699 0.000001
700 0.000000
701 0.000000
702 0.010004
703 0.010003
704 0.010002
705 0.010001
706 0.010000
707 0.026855
708 0.016943
709 0.006780
710 0.001114
711 0.000362
712 0.000616
713 0.002549
714 0.010021
715 0.010020
716 0.005876
717 0.003758
718 0.003343
719 0.001799
720 0.001014
721 0.001176
722 0.001371
723 0.000000
724 0.000000
725 0.000000
726 0.000000
727 0.000000
728 0.000000
729 0.000000
730 0.000000
731 0.000000
732 0.010001
733 0.010000
734 0.025622
735 0.020448
736 0.011394
737 0.002198
738 0.001787
739 0.000725
740 0.001027
741 0.002910
742 0.010020
743 0.008823
744 0.005961
745 0.005873
746 0.005789
747 0.003047
748 0.001685
749 0.001370
750 0.000000
751 0.000000
752 0.000000
753 0.000000
754 0.000000
755 0.000000
756 0.000000
757 0.000000
758 0.000001
759 0.000001
760 0.000000
761 0.016471
762 0.023775
763 0.013854
764 0.003893
765 0.002194
766 0.002089
767 0.001862
768 0.001481
769 0.003094
770 0.006567
771 0.006942
772 0.006048
773 0.007717
774 0.008705
775 0.004547
776 0.002804
777 0.000000
778 0.000118
779 0.000075
780 0.000001
781 0.000000
782 0.000000
783 0.000000
