0 0.001695
1 0.001594
2 0.001276
3 0.001410
4 0.001118
5 0.000881
6 0.000766
7 0.000715
8 0.000111
9 0.000016
10 0.000011
11 0.000020
12 0.000055
13 0.000158
14 0.000172
15 0.000921
16 0.000849
17 0.000595
18 0.001562
19 0.008836
20 0.005614
21 0.001993
22 0.001314
23 0.001000
24 0.000820
25 0.000868
26 0.001088
27 0.001778
28 0.001363
29 0.001499
30 0.001194
31 0.001118
32 0.001047
33 0.000919
34 0.000715
35 0.000427
36 0.000034
37 0.000007
38 0.000006
39 0.000008
40 0.000020
41 0.000092
42 0.000170
43 0.000870
44 0.005257
45 0.005112
46 0.000538
47 0.001107
48 0.002063
49 0.001107
50 0.000001
51 0.000001
52 0.000775
53 0.000978
54 0.001598
55 0.003189
56 0.001499
57 0.001194
58 0.001118
59 0.001047
60 0.000919
61 0.000715
62 0.000668
63 0.000145
64 0.000015
65 0.000004
66 0.000006
67 0.000004
68 0.000007
69 0.000025
70 0.000221
71 0.001112
72 0.052772
73 0.012684
74 0.000333
75 0.000135
76 0.000003
77 0.000001
78 0.000001
79 0.000001
80 0.000001
81 0.001472
82 0.003038
83 0.005039
84 0.001410
85 0.001118
86 0.000881
87 0.000766
88 0.000715
89 0.000668
90 0.000583
91 0.000044
92 0.000005
93 0.000003
94 0.000003
95 0.000003
96 0.000003
97 0.000013
98 0.000131
99 0.005443
100 0.048623
101 0.007840
102 0.000002
103 0.000001
104 0.000001
105 0.000001
106 0.000001
107 0.000001
108 0.000010
109 0.002827
110 0.004938
111 0.007334
112 0.001118
113 0.001047
114 0.000766
115 0.000715
116 0.000001
117 0.000001
118 0.000001
119 0.000001
120 0.000001
121 0.000001
122 0.000003
123 0.000003
124 0.000003
125 0.000007
126 0.000244
127 0.000839
128 0.000067
129 0.000002
130 0.000001
131 0.000001
132 0.000001
133 0.000001
134 0.000001
135 0.000002
136 0.000075
137 0.004724
138 0.007153
139 0.010926
140 0.001047
141 0.000821
142 0.000715
143 0.000668
144 0.000001
145 0.000001
146 0.000001
147 0.000001
148 0.000001
149 0.000001
150 0.000001
151 0.000001
152 0.000001
153 0.000001
154 0.000003
155 0.000002
156 0.000001
157 0.000001
158 0.000001
159 0.000001
160 0.000001
161 0.000002
162 0.000002
163 0.000014
164 0.005782
165 0.006975
166 0.010666
167 0.006514
168 0.000822
169 0.000715
170 0.000668
171 0.000583
172 0.000002
173 0.000001
174 0.000001
175 0.000001
176 0.000001
177 0.000001
178 0.000001
179 0.000001
180 0.000001
181 0.000001
182 0.000001
183 0.000001
184 0.000001
185 0.000001
186 0.000001
187 0.000001
188 0.000001
189 0.000002
190 0.000015
191 0.000028
192 0.006982
193 0.008460
194 0.004313
195 0.003204
196 0.001119
197 0.000668
198 0.000514
199 0.000445
200 0.000072
201 0.000001
202 0.000001
203 0.000001
204 0.000001
205 0.000001
206 0.000001
207 0.000001
208 0.000001
209 0.000001
210 0.000001
211 0.000001
212 0.000001
213 0.000001
214 0.000001
215 0.000001
216 0.000001
217 0.000003
218 0.000005
219 0.000219
220 0.007385
221 0.003794
222 0.002357
223 0.001010
224 0.002818
225 0.001187
226 0.000488
227 0.000415
228 0.000292
229 0.000002
230 0.000001
231 0.000001
232 0.000001
233 0.000001
234 0.000001
235 0.000001
236 0.000001
237 0.000001
238 0.000001
239 0.000001
240 0.000001
241 0.000001
242 0.000001
243 0.000001
244 0.000003
245 0.000002
246 0.000001
247 0.000075
248 0.000089
249 0.000085
250 0.000072
251 0.000131
252 0.008027
253 0.003072
254 0.001508
255 0.000382
256 0.000059
257 0.000002
258 0.000001
259 0.000001
260 0.000001
261 0.000001
262 0.000001
263 0.000001
264 0.000001
265 0.000001
266 0.000001
267 0.000001
268 0.000001
269 0.000001
270 0.000001
271 0.000005
272 0.000008
273 0.000002
274 0.000001
275 0.000004
276 0.000004
277 0.000003
278 0.000005
279 0.000010
280 0.010021
281 0.004830
282 0.001195
283 0.000178
284 0.000037
285 0.000001
286 0.000001
287 0.000001
288 0.000001
289 0.000001
290 0.000001
291 0.000001
292 0.000001
293 0.000001
294 0.000001
295 0.000001
296 0.000001
297 0.000001
298 0.000004
299 0.999972
300 0.000038
301 0.000002
302 0.000001
303 0.000020
304 0.000005
305 0.000004
306 0.000003
307 0.000004
308 0.002116
309 0.001477
310 0.000847
311 0.000240
312 0.000007
313 0.000001
314 0.000002
315 0.000001
316 0.000001
317 0.000001
318 0.000001
319 0.000001
320 0.000001
321 0.000001
322 0.000001
323 0.000001
324 0.000001
325 0.000001
326 0.000005
327 0.000445
328 0.000103
329 0.000004
330 0.000002
331 0.000006
332 0.000038
333 0.000021
334 0.000014
335 0.000013
336 0.000229
337 0.000285
338 0.000418
339 0.000404
340 0.000005
341 0.000001
342 0.000001
343 0.000002
344 0.000001
345 0.000001
346 0.000001
347 0.000001
348 0.000001
349 0.000001
350 0.000001
351 0.000001
352 0.000001
353 0.000001
354 0.000003
355 0.000005
356 0.000006
357 0.000003
358 0.000002
359 0.000002
360 0.000202
361 0.000167
362 0.000120
363 0.000057
364 0.000045
365 0.000072
366 0.000091
367 0.000132
368 0.000002
369 0.000001
370 0.000001
371 0.000003
372 0.000004
373 0.000002
374 0.000001
375 0.000001
376 0.000001
377 0.000001
378 0.000001
379 0.000001
380 0.000001
381 0.000001
382 0.000002
383 0.000001
384 0.000001
385 0.000003
386 0.000002
387 0.000001
388 0.000024
389 0.000257
390 0.000228
391 0.000315
392 0.000019
393 0.000012
394 0.000012
395 0.000003
396 0.000001
397 0.000001
398 0.000001
399 0.000005
400 0.000042
401 0.000006
402 0.000001
403 0.000001
404 0.000001
405 0.000001
406 0.000001
407 0.000001
408 0.000001
409 0.000001
410 0.000001
411 0.000001
412 0.000001
413 0.000002
414 0.000002
415 0.000001
416 0.000001
417 0.000061
418 0.000158
419 0.000316
420 0.000015
421 0.000008
422 0.000006
423 0.000001
424 0.000001
425 0.000001
426 0.000001
427 0.000011
428 0.999977
429 0.000011
430 0.000001
431 0.000001
432 0.000001
433 0.000001
434 0.000001
435 0.000001
436 0.000001
437 0.000001
438 0.000001
439 0.000001
440 0.000001
441 0.000001
442 0.000001
443 0.000001
444 0.000001
445 0.000011
446 0.000030
447 0.000078
448 0.000020
449 0.000008
450 0.000006
451 0.000001
452 0.000001
453 0.000001
454 0.000002
455 0.000007
456 0.000017
457 0.000005
458 0.000001
459 0.000001
460 0.000001
461 0.000001
462 0.000001
463 0.000001
464 0.000001
465 0.000001
466 0.000001
467 0.000001
468 0.000001
469 0.000001
470 0.000001
471 0.000001
472 0.000001
473 0.000001
474 0.000007
475 0.000030
476 0.000113
477 0.000043
478 0.000006
479 0.000001
480 0.000001
481 0.000001
482 0.000003
483 0.000002
484 0.000002
485 0.000002
486 0.000002
487 0.000001
488 0.000001
489 0.000001
490 0.000001
491 0.000001
492 0.000001
493 0.000001
494 0.000001
495 0.000001
496 0.000001
497 0.000001
498 0.000001
499 0.000001
500 0.000001
501 0.000001
502 0.000009
503 0.000025
504 0.001141
505 0.000833
506 0.000011
507 0.000001
508 0.000001
509 0.000002
510 0.000002
511 0.000001
512 0.000001
513 0.000002
514 0.000002
515 0.000001
516 0.000001
517 0.000001
518 0.000001
519 0.000001
520 0.000001
521 0.000001
522 0.000001
523 0.000001
524 0.000001
525 0.000001
526 0.000001
527 0.000001
528 0.000001
529 0.000001
530 0.000051
531 0.000153
532 0.002168
533 0.003590
534 0.000030
535 0.000001
536 0.000002
537 0.000003
538 0.000002
539 0.000001
540 0.000001
541 0.000001
542 0.000001
543 0.000001
544 0.000001
545 0.000001
546 0.000001
547 0.000001
548 0.000001
549 0.000001
550 0.000001
551 0.000001
552 0.000001
553 0.000001
554 0.000001
555 0.000001
556 0.000001
557 0.000001
558 0.000153
559 0.000164
560 0.005052
561 0.008808
562 0.000038
563 0.000002
564 0.000004
565 0.000003
566 0.000001
567 0.000001
568 0.000001
569 0.000001
570 0.000001
571 0.000001
572 0.000001
573 0.000001
574 0.000001
575 0.000001
576 0.000001
577 0.000001
578 0.000001
579 0.000001
580 0.000001
581 0.000001
582 0.000001
583 0.000001
584 0.000001
585 0.000153
586 0.000164
587 0.000217
588 0.009799
589 0.010009
590 0.000337
591 0.000006
592 0.000004
593 0.000001
594 0.000001
595 0.000001
596 0.000001
597 0.000001
598 0.000001
599 0.000001
600 0.000001
601 0.000001
602 0.000001
603 0.000001
604 0.000001
605 0.000001
606 0.000001
607 0.000001
608 0.000001
609 0.000001
610 0.000001
611 0.000001
612 0.000143
613 0.000153
614 0.000203
615 0.000217
616 0.010008
617 0.008689
618 0.004287
619 0.000175
620 0.000004
621 0.000001
622 0.000001
623 0.000001
624 0.000001
625 0.000001
626 0.000001
627 0.000002
628 0.000001
629 0.000001
630 0.000001
631 0.000001
632 0.000001
633 0.000001
634 0.000001
635 0.000001
636 0.000001
637 0.000001
638 0.000001
639 0.000143
640 0.000153
641 0.000203
642 0.000001
643 0.000001
644 0.008765
645 0.005138
646 0.002626
647 0.001337
648 0.000507
649 0.000003
650 0.000001
651 0.000001
652 0.000001
653 0.000002
654 0.000010
655 0.000061
656 0.000546
657 0.000594
658 0.000120
659 0.000001
660 0.000001
661 0.000001
662 0.000001
663 0.000001
664 0.000001
665 0.000002
666 0.000143
667 0.000191
668 0.000203
669 0.000001
670 0.000001
671 0.000001
672 0.000001
673 0.002775
674 0.001637
675 0.001391
676 0.001519
677 0.001284
678 0.000009
679 0.000008
680 0.000040
681 0.000551
682 0.010002
683 0.010031
684 0.010056
685 0.002135
686 0.000251
687 0.000012
688 0.000003
689 0.000010
690 0.000007
691 0.000004
692 0.000010
693 0.000134
694 0.000153
695 0.000203
696 0.000001
697 0.000001
698 0.000001
699 0.000001
700 0.000001
701 0.000001
702 0.001700
703 0.001637
704 0.001577
705 0.001519
706 0.001668
707 0.003662
708 0.007375
709 0.009996
710 0.010003
711 0.010027
712 0.010050
713 0.005880
714 0.000440
715 0.000021
716 0.000005
717 0.000015
718 0.000094
719 0.000100
720 0.000107
721 0.000143
722 0.000191
723 0.000001
724 0.000001
725 0.000001
726 0.000001
727 0.000001
728 0.000001
729 0.000001
730 0.000001
731 0.000001
732 0.001637
733 0.001789
734 0.002916
735 0.005659
736 0.009995
737 0.009999
738 0.010008
739 0.010023
740 0.010040
741 0.009667
742 0.000637
743 0.000033
744 0.000012
745 0.000035
746 0.000100
747 0.000134
748 0.000143
749 0.000191
750 0.000001
751 0.000001
752 0.000001
753 0.000001
754 0.000001
755 0.000001
756 0.000001
757 0.000001
758 0.000001
759 0.000001
760 0.000001
761 0.002699
762 0.005064
763 0.009995
764 0.009997
765 0.010003
766 0.010012
767 0.010018
768 0.010030
769 0.005729
770 0.000972
771 0.000071
772 0.000044
773 0.000082
774 0.000100
775 0.000115
776 0.000153
777 0.000001
778 0.000004
779 0.000003
780 0.000001
781 0.000001
782 0.000001
783 0.000001
