0 0.010101
1 0.010168
2 0.003763
3 0.000901
4 0.000163
5 0.000042
6 0.000034
7 0.000031
8 0.000010
9 0.000009
10 0.000009
11 0.000009
12 0.000009
13 0.000010
14 0.000016
15 0.000020
16 0.000015
17 0.000011
18 0.000010
19 0.000011
20 0.000026
21 0.000028
22 0.000041
23 0.000044
24 0.000036
25 0.000040
26 0.000059
27 0.000065
28 0.001590
29 0.010109
30 0.010187
31 0.003526
32 0.000499
33 0.000083
34 0.000031
35 0.000016
36 0.000009
37 0.000009
38 0.000009
39 0.000009
40 0.000009
41 0.000013
42 0.000020
43 0.000020
44 0.000012
45 0.000010
46 0.000009
47 0.000010
48 0.000019
49 0.000026
50 0.000013
51 0.000005
52 0.000033
53 0.000049
54 0.000040
55 0.000059
56 0.000426
57 0.001409
58 0.005910
59 0.010200
60 0.003201
61 0.000249
62 0.000049
63 0.000011
64 0.000009
65 0.000009
66 0.000009
67 0.000009
68 0.000011
69 0.000017
70 0.000024
71 0.000014
72 0.000010
73 0.000009
74 0.000009
75 0.000009
76 0.000010
77 0.000011
78 0.000006
79 0.000005
80 0.000005
81 0.000033
82 0.000049
83 0.000040
84 0.000092
85 0.000237
86 0.000783
87 0.005644
88 0.010215
89 0.001705
90 0.000192
91 0.000010
92 0.000009
93 0.000009
94 0.000009
95 0.000009
96 0.000014
97 0.000022
98 0.000021
99 0.000012
100 0.000009
101 0.000009
102 0.000009
103 0.000016
104 0.000010
105 0.000007
106 0.000005
107 0.000004
108 0.000005
109 0.000030
110 0.000033
111 0.000049
112 0.000061
113 0.000055
114 0.000120
115 0.000634
116 0.000005
117 0.000008
118 0.000004
119 0.000005
120 0.000006
121 0.000008
122 0.000009
123 0.000011
124 0.000019
125 0.000027
126 0.000013
127 0.000009
128 0.000008
129 0.000012
130 0.000013
131 0.000009
132 0.000007
133 0.000005
134 0.000004
135 0.000004
136 0.000007
137 0.000022
138 0.000030
139 0.000044
140 0.000054
141 0.000038
142 0.000032
143 0.000068
144 0.000009
145 0.000007
146 0.000009
147 0.000004
148 0.000004
149 0.000004
150 0.000005
151 0.000006
152 0.000009
153 0.000010
154 0.000010
155 0.000011
156 0.000015
157 0.000011
158 0.000009
159 0.000007
160 0.000005
161 0.000004
162 0.000004
163 0.000005
164 0.000023
165 0.000021
166 0.000028
167 0.000030
168 0.000037
169 0.000031
170 0.000029
171 0.000025
172 0.000004
173 0.000005
174 0.000014
175 0.000017
176 0.000007
177 0.000004
178 0.000004
179 0.000005
180 0.000006
181 0.000006
182 0.000008
183 0.000009
184 0.000009
185 0.000007
186 0.000005
187 0.000005
188 0.000005
189 0.000004
190 0.000005
191 0.000006
192 0.000017
193 0.000018
194 0.000019
195 0.000028
196 0.000031
197 0.000029
198 0.000022
199 0.000019
200 0.000006
201 0.000004
202 0.000005
203 0.000023
204 0.000030
205 0.000013
206 0.000006
207 0.000007
208 0.000008
209 0.000008
210 0.000007
211 0.000006
212 0.000005
213 0.000004
214 0.000004
215 0.000004
216 0.000004
217 0.000004
218 0.000005
219 0.000007
220 0.000017
221 0.000018
222 0.000018
223 0.000024
224 0.000029
225 0.000022
226 0.000019
227 0.000018
228 0.000015
229 0.000004
230 0.000004
231 0.000005
232 0.000028
233 0.000124
234 0.000123
235 0.000033
236 0.000011
237 0.000007
238 0.000006
239 0.000005
240 0.000004
241 0.000004
242 0.000004
243 0.000004
244 0.000004
245 0.000004
246 0.000005
247 0.000007
248 0.000008
249 0.000008
250 0.000009
251 0.000011
252 0.000027
253 0.000019
254 0.000018
255 0.000013
256 0.000010
257 0.000005
258 0.000004
259 0.000004
260 0.000008
261 0.000151
262 0.999879
263 0.000129
264 0.000014
265 0.000006
266 0.000005
267 0.000005
268 0.000005
269 0.000004
270 0.000004
271 0.000004
272 0.000004
273 0.000005
274 0.000005
275 0.000006
276 0.000007
277 0.000007
278 0.000007
279 0.000008
280 0.000019
281 0.000012
282 0.000011
283 0.000012
284 0.000013
285 0.000008
286 0.000005
287 0.000005
288 0.000007
289 0.000019
290 0.000072
291 0.000045
292 0.000015
293 0.000007
294 0.000005
295 0.000005
296 0.000005
297 0.000005
298 0.000005
299 0.000004
300 0.000004
301 0.000005
302 0.000006
303 0.000007
304 0.000007
305 0.000007
306 0.000007
307 0.000007
308 0.000011
309 0.000014
310 0.000014
311 0.000015
312 0.000015
313 0.000013
314 0.000006
315 0.000005
316 0.000006
317 0.000009
318 0.000009
319 0.000011
320 0.000015
321 0.000012
322 0.000007
323 0.000006
324 0.000005
325 0.000005
326 0.000005
327 0.000005
328 0.000005
329 0.000005
330 0.000006
331 0.000007
332 0.000007
333 0.000007
334 0.000007
335 0.000007
336 0.000015
337 0.000016
338 0.000021
339 0.000027
340 0.000014
341 0.000011
342 0.000006
343 0.000006
344 0.000006
345 0.000006
346 0.000006
347 0.000006
348 0.000010
349 0.000012
350 0.000011
351 0.000008
352 0.000006
353 0.000005
354 0.000005
355 0.000005
356 0.000005
357 0.000005
358 0.000006
359 0.000007
360 0.000007
361 0.000007
362 0.000007
363 0.000007
364 0.000024
365 0.000027
366 0.000020
367 0.000019
368 0.000010
369 0.000008
370 0.000007
371 0.000006
372 0.000006
373 0.000006
374 0.000005
375 0.000005
376 0.000006
377 0.000009
378 0.000011
379 0.000010
380 0.000007
381 0.000006
382 0.000005
383 0.000005
384 0.000005
385 0.000006
386 0.000006
387 0.000007
388 0.000007
389 0.000007
390 0.000007
391 0.000007
392 0.000018
393 0.000018
394 0.000017
395 0.000012
396 0.000008
397 0.000007
398 0.000008
399 0.000008
400 0.000006
401 0.000005
402 0.000005
403 0.000005
404 0.000005
405 0.000006
406 0.000008
407 0.000009
408 0.000009
409 0.000007
410 0.000006
411 0.000006
412 0.000006
413 0.000007
414 0.000006
415 0.000007
416 0.000007
417 0.000007
418 0.000007
419 0.000007
420 0.000017
421 0.000014
422 0.000012
423 0.000008
424 0.000007
425 0.000007
426 0.000010
427 0.000008
428 0.000005
429 0.000005
430 0.000005
431 0.000005
432 0.000005
433 0.000006
434 0.000006
435 0.000008
436 0.000009
437 0.000008
438 0.000007
439 0.000006
440 0.000007
441 0.000007
442 0.000007
443 0.000007
444 0.000007
445 0.000008
446 0.000007
447 0.000007
448 0.000015
449 0.000011
450 0.000009
451 0.000007
452 0.000006
453 0.000008
454 0.000009
455 0.000008
456 0.000005
457 0.000005
458 0.000005
459 0.000005
460 0.000005
461 0.000005
462 0.000006
463 0.000006
464 0.000008
465 0.000008
466 0.000008
467 0.000007
468 0.000008
469 0.000008
470 0.000008
471 0.000007
472 0.000007
473 0.000008
474 0.000008
475 0.000008
476 0.000016
477 0.000010
478 0.000009
479 0.000007
480 0.000007
481 0.000009
482 0.000009
483 0.000006
484 0.000005
485 0.000005
486 0.000005
487 0.000005
488 0.000005
489 0.000005
490 0.000005
491 0.000006
492 0.000006
493 0.000007
494 0.000008
495 0.000008
496 0.000009
497 0.000009
498 0.000008
499 0.000008
500 0.000008
501 0.000008
502 0.000009
503 0.000011
504 0.000131
505 0.000019
506 0.000008
507 0.000007
508 0.000008
509 0.000009
510 0.000007
511 0.000006
512 0.000006
513 0.000005
514 0.000005
515 0.000005
516 0.000005
517 0.000005
518 0.000005
519 0.000005
520 0.000006
521 0.000006
522 0.000007
523 0.000008
524 0.000010
525 0.000009
526 0.000009
527 0.000009
528 0.000009
529 0.000010
530 0.000113
531 0.000679
532 0.000070
533 0.000060
534 0.000008
535 0.000007
536 0.000008
537 0.000008
538 0.000006
539 0.000006
540 0.000006
541 0.000005
542 0.000005
543 0.000005
544 0.000005
545 0.000005
546 0.000005
547 0.000005
548 0.000005
549 0.000006
550 0.000006
551 0.000008
552 0.000011
553 0.000011
554 0.000010
555 0.000010
556 0.000011
557 0.000012
558 0.003930
559 0.002052
560 0.000096
561 0.000089
562 0.000007
563 0.000007
564 0.000007
565 0.000007
566 0.000006
567 0.000006
568 0.000006
569 0.000006
570 0.000005
571 0.000005
572 0.000005
573 0.000005
574 0.000005
575 0.000005
576 0.000006
577 0.000006
578 0.000006
579 0.000007
580 0.000010
581 0.000012
582 0.000011
583 0.000012
584 0.000013
585 0.010094
586 0.010065
587 0.006354
588 0.000134
589 0.000096
590 0.000008
591 0.000007
592 0.000007
593 0.000006
594 0.000006
595 0.000006
596 0.000006
597 0.000006
598 0.000005
599 0.000005
600 0.000005
601 0.000005
602 0.000005
603 0.000006
604 0.000006
605 0.000006
606 0.000006
607 0.000007
608 0.000008
609 0.000009
610 0.000011
611 0.000013
612 0.010108
613 0.010104
614 0.010090
615 0.010073
616 0.000155
617 0.000133
618 0.000096
619 0.000008
620 0.000007
621 0.000007
622 0.000006
623 0.000006
624 0.000006
625 0.000006
626 0.000006
627 0.000005
628 0.000006
629 0.000006
630 0.000006
631 0.000006
632 0.000006
633 0.000006
634 0.000006
635 0.000007
636 0.000008
637 0.000008
638 0.000011
639 0.010054
640 0.010087
641 0.010097
642 0.000007
643 0.000009
644 0.000168
645 0.000155
646 0.000144
647 0.000103
648 0.000013
649 0.000007
650 0.000007
651 0.000006
652 0.000007
653 0.000007
654 0.000006
655 0.000006
656 0.000006
657 0.000006
658 0.000006
659 0.000006
660 0.000006
661 0.000006
662 0.000007
663 0.000007
664 0.000008
665 0.000009
666 0.001934
667 0.006232
668 0.010046
669 0.000007
670 0.000007
671 0.000009
672 0.000005
673 0.000168
674 0.000155
675 0.000112
676 0.000133
677 0.000096
678 0.000008
679 0.000007
680 0.000008
681 0.000008
682 0.000012
683 0.000007
684 0.000006
685 0.000006
686 0.000006
687 0.000007
688 0.000007
689 0.000008
690 0.000008
691 0.000008
692 0.000009
693 0.000330
694 0.000836
695 0.002546
696 0.000006
697 0.000007
698 0.000007
699 0.000008
700 0.000005
701 0.000005
702 0.000168
703 0.000155
704 0.000144
705 0.000133
706 0.000096
707 0.000089
708 0.000076
709 0.000055
710 0.000021
711 0.000008
712 0.000007
713 0.000006
714 0.000007
715 0.000007
716 0.000007
717 0.000010
718 0.000160
719 0.000170
720 0.000181
721 0.000234
722 0.000450
723 0.000006
724 0.000007
725 0.000007
726 0.000007
727 0.000007
728 0.000005
729 0.000005
730 0.000005
731 0.000005
732 0.000155
733 0.000144
734 0.000103
735 0.000096
736 0.000089
737 0.000064
738 0.000055
739 0.000012
740 0.000007
741 0.000007
742 0.000007
743 0.000007
744 0.000008
745 0.000023
746 0.000169
747 0.000219
748 0.000233
749 0.000301
750 0.000007
751 0.000006
752 0.000006
753 0.000007
754 0.000007
755 0.000007
756 0.000005
757 0.000005
758 0.000005
759 0.000005
760 0.000005
761 0.000155
762 0.000144
763 0.000103
764 0.000095
765 0.000088
766 0.000082
767 0.000025
768 0.000008
769 0.000007
770 0.000007
771 0.000007
772 0.000010
773 0.000084
774 0.000169
775 0.000191
776 0.000246
777 0.000007
778 0.000009
779 0.000009
780 0.000008
781 0.000007
782 0.000007
783 0.000006
