0 0.006305
1 0.003907
2 0.002385
3 0.002559
4 0.002172
5 0.001833
6 0.001660
7 0.001580
8 0.000389
9 0.000092
10 0.000134
11 0.000293
12 0.000620
13 0.001636
14 0.002064
15 0.000653
16 0.000229
17 0.000205
18 0.000670
19 0.002177
20 0.002924
21 0.002336
22 0.002554
23 0.002328
24 0.001893
25 0.001763
26 0.001998
27 0.002081
28 0.008859
29 0.006097
30 0.003663
31 0.002172
32 0.002073
33 0.001890
34 0.001580
35 0.001038
36 0.000157
37 0.000042
38 0.000066
39 0.000166
40 0.000924
41 0.002582
42 0.003299
43 0.000964
44 0.000291
45 0.000186
46 0.000238
47 0.000799
48 0.002172
49 0.002289
50 0.000010
51 0.000000
52 0.001637
53 0.001842
54 0.001682
55 0.002485
56 0.010000
57 0.008783
58 0.005896
59 0.003434
60 0.001890
61 0.001580
62 0.001504
63 0.000475
64 0.000079
65 0.000027
66 0.000037
67 0.000138
68 0.000830
69 0.003248
70 0.003248
71 0.001479
72 0.000500
73 0.000131
74 0.000095
75 0.000273
76 0.000027
77 0.000001
78 0.000000
79 0.000000
80 0.000000
81 0.001542
82 0.002320
83 0.003309
84 0.010000
85 0.010000
86 0.008708
87 0.004872
88 0.002715
89 0.001504
90 0.001364
91 0.000194
92 0.000031
93 0.000021
94 0.000023
95 0.000114
96 0.000690
97 0.003108
98 0.003143
99 0.003575
100 0.000848
101 0.000075
102 0.000001
103 0.000000
104 0.000000
105 0.000000
106 0.000000
107 0.000000
108 0.000019
109 0.002124
110 0.003152
111 0.005323
112 0.005285
113 0.008882
114 0.010000
115 0.008596
116 0.000000
117 0.000000
118 0.000000
119 0.000000
120 0.000000
121 0.000006
122 0.000033
123 0.000106
124 0.000672
125 0.001552
126 0.004329
127 0.000489
128 0.000018
129 0.000001
130 0.000000
131 0.000000
132 0.000000
133 0.000000
134 0.000000
135 0.000001
136 0.000099
137 0.002941
138 0.005100
139 0.008235
140 0.003080
141 0.004428
142 0.007549
143 0.010000
144 0.000000
145 0.000000
146 0.000000
147 0.000000
148 0.000000
149 0.000000
150 0.000000
151 0.000000
152 0.000003
153 0.000006
154 0.000037
155 0.000016
156 0.000004
157 0.000000
158 0.000000
159 0.000000
160 0.000000
161 0.000000
162 0.000000
163 0.000016
164 0.003207
165 0.004887
166 0.008057
167 0.008057
168 0.001744
169 0.002412
170 0.003558
171 0.006270
172 0.000000
173 0.000000
174 0.000000
175 0.000000
176 0.000000
177 0.000000
178 0.000000
179 0.000000
180 0.000000
181 0.000000
182 0.000000
183 0.000000
184 0.000000
185 0.000000
186 0.000000
187 0.000000
188 0.000000
189 0.000000
190 0.000030
191 0.000030
192 0.005727
193 0.007883
194 0.006099
195 0.005133
196 0.001580
197 0.001504
198 0.001679
199 0.002801
200 0.000067
201 0.000000
202 0.000000
203 0.000000
204 0.000000
205 0.000000
206 0.000000
207 0.000000
208 0.000000
209 0.000000
210 0.000000
211 0.000000
212 0.000000
213 0.000000
214 0.000000
215 0.000000
216 0.000000
217 0.000000
218 0.000007
219 0.000270
220 0.008194
221 0.005687
222 0.004299
223 0.002797
224 0.001504
225 0.001247
226 0.001124
227 0.001261
228 0.001840
229 0.000000
230 0.000000
231 0.000000
232 0.000000
233 0.000000
234 0.000000
235 0.000000
236 0.000000
237 0.000000
238 0.000000
239 0.000000
240 0.000000
241 0.000000
242 0.000000
243 0.000000
244 0.000000
245 0.000000
246 0.000001
247 0.000473
248 0.000529
249 0.000492
250 0.000505
251 0.000514
252 0.001432
253 0.001124
254 0.001067
255 0.000700
256 0.000218
257 0.000000
258 0.000000
259 0.000000
260 0.000006
261 0.000003
262 0.000000
263 0.000000
264 0.000000
265 0.000000
266 0.000000
267 0.000000
268 0.000000
269 0.000000
270 0.000000
271 0.000000
272 0.000000
273 0.000000
274 0.000000
275 0.000053
276 0.000048
277 0.000046
278 0.000055
279 0.000084
280 0.001124
281 0.000501
282 0.000315
283 0.000138
284 0.000095
285 0.000000
286 0.000000
287 0.000000
288 0.000003
289 1.000000
290 0.000177
291 0.000001
292 0.000000
293 0.000000
294 0.000000
295 0.000000
296 0.000000
297 0.000000
298 0.000003
299 0.000042
300 0.000000
301 0.000000
302 0.000000
303 0.000029
304 0.000021
305 0.000023
306 0.000027
307 0.000036
308 0.000455
309 0.000234
310 0.000127
311 0.000103
312 0.000027
313 0.000001
314 0.000000
315 0.000000
316 0.000000
317 0.000037
318 0.001065
319 0.000035
320 0.000000
321 0.000000
322 0.000000
323 0.000000
324 0.000000
325 0.000000
326 0.000268
327 1.000000
328 0.000001
329 0.000000
330 0.000000
331 0.000007
332 0.000031
333 0.000024
334 0.000027
335 0.000044
336 0.000635
337 0.000410
338 0.000337
339 0.000343
340 0.000015
341 0.000001
342 0.000000
343 0.000000
344 0.000000
345 0.000000
346 0.000015
347 0.000191
348 0.000011
349 0.000000
350 0.000000
351 0.000000
352 0.000000
353 0.000000
354 0.000076
355 0.000208
356 0.000005
357 0.000000
358 0.000000
359 0.000003
360 0.000112
361 0.000077
362 0.000070
363 0.000049
364 0.003559
365 0.003450
366 0.002318
367 0.001118
368 0.000004
369 0.000000
370 0.000000
371 0.000000
372 0.000000
373 0.000000
374 0.000001
375 0.000016
376 0.000009
377 0.000000
378 0.000000
379 0.000000
380 0.000000
381 0.000000
382 0.000001
383 0.000000
384 0.000001
385 0.000001
386 0.000000
387 0.000001
388 0.000131
389 0.000298
390 0.000193
391 0.000156
392 0.009367
393 0.010805
394 0.007252
395 0.000556
396 0.000001
397 0.000000
398 0.000000
399 0.000000
400 0.000000
401 0.000000
402 0.000000
403 0.000000
404 0.000000
405 0.000000
406 0.000001
407 0.000000
408 0.000000
409 0.000000
410 0.000000
411 0.000000
412 0.000000
413 0.000002
414 0.000000
415 0.000000
416 0.000031
417 0.000500
418 0.000553
419 0.000407
420 0.096141
421 0.055207
422 0.017773
423 0.000157
424 0.000001
425 0.000000
426 0.000001
427 0.000001
428 0.000000
429 0.000000
430 0.000000
431 0.000000
432 0.000000
433 0.000000
434 0.000002
435 0.000004
436 0.000001
437 0.000000
438 0.000000
439 0.000000
440 0.000000
441 0.000000
442 0.000000
443 0.000000
444 0.000003
445 0.001500
446 0.001154
447 0.000553
448 0.165330
449 0.126891
450 0.057771
451 0.000095
452 0.000000
453 0.000001
454 0.000067
455 0.000092
456 0.000003
457 0.000000
458 0.000000
459 0.000000
460 0.000000
461 0.000000
462 0.000000
463 0.000001
464 0.000001
465 0.000000
466 0.000000
467 0.000000
468 0.000000
469 0.000000
470 0.000000
471 0.000000
472 0.000000
473 0.000134
474 0.001021
475 0.002252
476 0.017875
477 0.029812
478 0.007450
479 0.000011
480 0.000002
481 0.000150
482 0.004029
483 1.000000
484 0.000002
485 0.000000
486 0.000000
487 0.000000
488 0.000000
489 0.000000
490 0.000000
491 0.000000
492 0.000000
493 0.000000
494 0.000000
495 0.000000
496 0.000000
497 0.000000
498 0.000000
499 0.000000
500 0.000000
501 0.000010
502 0.001272
503 0.003922
504 0.004355
505 0.002089
506 0.000095
507 0.000002
508 0.000017
509 0.002906
510 0.050912
511 0.006620
512 0.000015
513 0.000000
514 0.000000
515 0.000000
516 0.000000
517 0.000000
518 0.000000
519 0.000000
520 0.000000
521 0.000000
522 0.000000
523 0.000000
524 0.000000
525 0.000000
526 0.000000
527 0.000000
528 0.000000
529 0.000002
530 0.001545
531 0.007984
532 0.002295
533 0.001700
534 0.000034
535 0.000001
536 0.000045
537 0.003397
538 0.002828
539 0.000096
540 0.000004
541 0.000000
542 0.000000
543 0.000000
544 0.000000
545 0.000000
546 0.000000
547 0.000000
548 0.000000
549 0.000000
550 0.000000
551 0.000000
552 0.000000
553 0.000000
554 0.000000
555 0.000000
556 0.000001
557 0.000010
558 0.000699
559 0.001403
560 0.002264
561 0.003350
562 0.000062
563 0.000016
564 0.000813
565 0.001845
566 0.000022
567 0.000001
568 0.000000
569 0.000000
570 0.000000
571 0.000000
572 0.000000
573 0.000000
574 0.000000
575 0.000000
576 0.000000
577 0.000000
578 0.000000
579 0.000000
580 0.000000
581 0.000001
582 0.000000
583 0.000001
584 0.000005
585 0.000686
586 0.000717
587 0.000863
588 0.003899
589 0.006017
590 0.000838
591 0.000279
592 0.002837
593 0.000046
594 0.000002
595 0.000000
596 0.000000
597 0.000000
598 0.000000
599 0.000000
600 0.000000
601 0.000000
602 0.000000
603 0.000000
604 0.000000
605 0.000000
606 0.000000
607 0.000001
608 0.000001
609 0.000001
610 0.000003
611 0.000029
612 0.001135
613 0.000707
614 0.000828
615 0.000863
616 0.006922
617 0.010000
618 0.010000
619 0.007269
620 0.000566
621 0.000006
622 0.000000
623 0.000000
624 0.000000
625 0.000000
626 0.000000
627 0.000000
628 0.000000
629 0.000000
630 0.000001
631 0.000006
632 0.000002
633 0.000000
634 0.000001
635 0.000002
636 0.000002
637 0.000007
638 0.000155
639 0.004013
640 0.002134
641 0.001349
642 0.000000
643 0.000000
644 0.010000
645 0.010000
646 0.006450
647 0.003708
648 0.001698
649 0.000009
650 0.000001
651 0.000000
652 0.000000
653 0.000001
654 0.000001
655 0.000004
656 0.000022
657 0.000181
658 0.000200
659 0.000021
660 0.000004
661 0.000005
662 0.000016
663 0.000012
664 0.000010
665 0.000286
666 0.010000
667 0.008916
668 0.004629
669 0.000000
670 0.000000
671 0.000000
672 0.000000
673 0.006554
674 0.004236
675 0.002450
676 0.002139
677 0.001847
678 0.000035
679 0.000020
680 0.000040
681 0.000328
682 0.001446
683 0.000498
684 0.000181
685 0.000236
686 0.000260
687 0.000096
688 0.000060
689 0.000375
690 0.000968
691 0.000824
692 0.001842
693 0.010000
694 0.010000
695 0.010000
696 0.000000
697 0.000000
698 0.000000
699 0.000000
700 0.000000
701 0.000000
702 0.002865
703 0.002258
704 0.002189
705 0.002122
706 0.001847
707 0.001787
708 0.002361
709 0.004195
710 0.004788
711 0.001126
712 0.000292
713 0.000210
714 0.000241
715 0.000084
716 0.000040
717 0.000315
718 0.002956
719 0.007019
720 0.010000
721 0.010000
722 0.010000
723 0.000000
724 0.000000
725 0.000000
726 0.000000
727 0.000000
728 0.000000
729 0.000000
730 0.000000
731 0.000000
732 0.002258
733 0.002189
734 0.001909
735 0.002058
736 0.003915
737 0.006947
738 0.010000
739 0.002052
740 0.000505
741 0.000273
742 0.000167
743 0.000062
744 0.000071
745 0.000318
746 0.001540
747 0.004209
748 0.010000
749 0.010000
750 0.000000
751 0.000000
752 0.000000
753 0.000000
754 0.000000
755 0.000000
756 0.000000
757 0.000000
758 0.000000
759 0.000000
760 0.000000
761 0.002258
762 0.002189
763 0.003263
764 0.005600
765 0.010000
766 0.010000
767 0.003804
768 0.000877
769 0.000340
770 0.000121
771 0.000053
772 0.000118
773 0.000429
774 0.000958
775 0.002231
776 0.005104
777 0.000105
778 0.002027
779 0.001847
780 0.000844
781 0.000001
782 0.000000
783 0.000000
