0 0.015379
1 0.012057
2 0.006488
3 0.003572
4 0.001623
5 0.000694
6 0.000332
7 0.000302
8 0.000010
9 0.000001
10 0.000001
11 0.000001
12 0.000001
13 0.000001
14 0.000001
15 0.000001
16 0.000001
17 0.000001
18 0.000001
19 0.000014
20 0.000073
21 0.000079
22 0.000116
23 0.000127
24 0.000104
25 0.000114
26 0.000165
27 0.000180
28 0.007789
29 0.015379
30 0.012414
31 0.006488
32 0.002776
33 0.001256
34 0.000485
35 0.000111
36 0.000002
37 0.000001
38 0.000001
39 0.000001
40 0.000001
41 0.000001
42 0.000001
43 0.000001
44 0.000001
45 0.000001
46 0.000001
47 0.000005
48 0.000050
49 0.000073
50 0.000000
51 0.000000
52 0.000095
53 0.000138
54 0.000114
55 0.000165
56 0.004057
57 0.007789
58 0.013896
59 0.012414
60 0.006489
61 0.002065
62 0.000888
63 0.000027
64 0.000001
65 0.000001
66 0.000001
67 0.000001
68 0.000001
69 0.000001
70 0.000001
71 0.000001
72 0.000001
73 0.000000
74 0.000001
75 0.000001
76 0.000000
77 0.000000
78 0.000000
79 0.000000
80 0.000000
81 0.000095
82 0.000138
83 0.000114
84 0.001620
85 0.003133
86 0.007028
87 0.013995
88 0.011207
89 0.005855
90 0.001972
91 0.000009
92 0.000001
93 0.000001
94 0.000000
95 0.000000
96 0.000000
97 0.000001
98 0.000000
99 0.000000
100 0.000000
101 0.000000
102 0.000000
103 0.000000
104 0.000000
105 0.000000
106 0.000000
107 0.000000
108 0.000001
109 0.000087
110 0.000095
111 0.000138
112 0.000716
113 0.001176
114 0.002376
115 0.007028
116 0.000000
117 0.000000
118 0.000000
119 0.000000
120 0.000000
121 0.000000
122 0.000000
123 0.000000
124 0.000000
125 0.000000
126 0.000000
127 0.000000
128 0.000000
129 0.000000
130 0.000000
131 0.000000
132 0.000000
133 0.000000
134 0.000000
135 0.000001
136 0.000001
137 0.000059
138 0.000087
139 0.000127
140 0.000504
141 0.000490
142 0.000852
143 0.001833
144 0.000000
145 0.000000
146 0.000000
147 0.000000
148 0.000000
149 0.000000
150 0.000000
151 0.000000
152 0.000000
153 0.000000
154 0.000000
155 0.000000
156 0.000000
157 0.000000
158 0.000000
159 0.000000
160 0.000000
161 0.000000
162 0.000001
163 0.000001
164 0.000061
165 0.000054
166 0.000079
167 0.000087
168 0.000364
169 0.000303
170 0.000371
171 0.000738
172 0.000000
173 0.000000
174 0.000000
175 0.000000
176 0.000000
177 0.000000
178 0.000000
179 0.000000
180 0.000000
181 0.000000
182 0.000000
183 0.000000
184 0.000000
185 0.000000
186 0.000000
187 0.000000
188 0.000000
189 0.000001
190 0.000001
191 0.000001
192 0.000042
193 0.000045
194 0.000050
195 0.000082
196 0.000302
197 0.000276
198 0.000195
199 0.000273
200 0.000000
201 0.000000
202 0.000000
203 0.000000
204 0.000000
205 0.000000
206 0.000000
207 0.000000
208 0.000000
209 0.000000
210 0.000000
211 0.000000
212 0.000000
213 0.000000
214 0.000000
215 0.000000
216 0.000000
217 0.000001
218 0.000001
219 0.000001
220 0.000042
221 0.000045
222 0.000059
223 0.000175
224 0.000276
225 0.000195
226 0.000161
227 0.000146
228 0.000165
229 0.000000
230 0.000000
231 0.000000
232 0.000000
233 0.000000
234 0.000000
235 0.000000
236 0.000000
237 0.000000
238 0.000000
239 0.000000
240 0.000000
241 0.000000
242 0.000000
243 0.000000
244 0.000001
245 0.000001
246 0.000001
247 0.000000
248 0.000001
249 0.000001
250 0.000003
251 0.000016
252 0.000252
253 0.000161
254 0.000146
255 0.000047
256 0.000003
257 0.000000
258 0.000000
259 0.000000
260 0.000000
261 0.000001
262 0.000001
263 0.000000
264 0.000000
265 0.000000
266 0.000000
267 0.000000
268 0.000000
269 0.000000
270 0.000000
271 0.000000
272 0.000001
273 0.000001
274 0.000000
275 0.000000
276 0.000000
277 0.000000
278 0.000001
279 0.000002
280 0.000161
281 0.000019
282 0.000005
283 0.000001
284 0.000001
285 0.000000
286 0.000000
287 0.000000
288 0.000000
289 0.000000
290 0.000001
291 0.000001
292 0.000000
293 0.000000
294 0.000000
295 0.000000
296 0.000000
297 0.000000
298 0.000000
299 0.000001
300 0.000001
301 0.000000
302 0.000000
303 0.000000
304 0.000000
305 0.000001
306 0.000001
307 0.000002
308 0.000006
309 0.000002
310 0.000001
311 0.000000
312 0.000000
313 0.000000
314 0.000000
315 0.000000
316 0.000000
317 0.000000
318 0.000001
319 0.000001
320 0.000001
321 0.000000
322 0.000000
323 0.000000
324 0.000000
325 0.000000
326 0.000000
327 0.000001
328 0.000001
329 0.000000
330 0.000000
331 0.000000
332 0.000001
333 0.000001
334 0.000002
335 0.000002
336 0.000001
337 0.000001
338 0.000001
339 0.000000
340 0.000000
341 0.000000
342 0.000000
343 0.000000
344 0.000000
345 0.000000
346 0.000000
347 0.000001
348 0.000001
349 0.000001
350 0.000001
351 0.000000
352 0.000000
353 0.000000
354 0.000001
355 0.000001
356 0.000001
357 0.000000
358 0.000000
359 0.000001
360 0.000002
361 0.000001
362 0.000001
363 0.000001
364 0.000001
365 0.000001
366 0.000001
367 0.000000
368 0.000000
369 0.000000
370 0.000000
371 0.000000
372 0.000000
373 0.000000
374 0.000000
375 0.000000
376 0.000001
377 0.000001
378 0.000001
379 0.000001
380 0.000000
381 0.000000
382 0.000001
383 0.000001
384 0.000000
385 0.000000
386 0.000000
387 0.000001
388 0.000001
389 0.000001
390 0.000001
391 0.000000
392 0.000001
393 0.000001
394 0.000001
395 0.000000
396 0.000000
397 0.000000
398 0.000000
399 0.000000
400 0.000000
401 0.000000
402 0.000000
403 0.000000
404 0.000000
405 0.000001
406 0.000002
407 0.000002
408 0.000001
409 0.000001
410 0.000001
411 0.000001
412 0.000000
413 0.000000
414 0.000000
415 0.000000
416 0.000000
417 0.000000
418 0.000000
419 0.000000
420 0.000001
421 0.000001
422 0.000000
423 0.000000
424 0.000000
425 0.000000
426 0.000000
427 0.000000
428 0.000000
429 0.000000
430 0.000000
431 0.000000
432 0.000000
433 0.000000
434 0.000001
435 0.000004
436 0.000007
437 0.000012
438 0.000004
439 0.000001
440 0.000000
441 0.000000
442 0.000000
443 0.000000
444 0.000000
445 0.000000
446 0.000000
447 0.000000
448 0.000001
449 0.000001
450 0.000000
451 0.000000
452 0.000000
453 0.000000
454 0.000000
455 0.000000
456 0.000000
457 0.000000
458 0.000000
459 0.000000
460 0.000000
461 0.000000
462 0.000001
463 0.000003
464 0.000554
465 0.999989
466 0.000010
467 0.000001
468 0.000000
469 0.000000
470 0.000000
471 0.000000
472 0.000000
473 0.000000
474 0.000000
475 0.000000
476 0.000003
477 0.000001
478 0.000000
479 0.000000
480 0.000000
481 0.000000
482 0.000000
483 0.000000
484 0.000000
485 0.000000
486 0.000000
487 0.000000
488 0.000000
489 0.000001
490 0.000001
491 0.000002
492 0.000006
493 0.000032
494 0.000008
495 0.000001
496 0.000000
497 0.000000
498 0.000000
499 0.000000
500 0.000000
501 0.000000
502 0.000000
503 0.000001
504 0.000073
505 0.000019
506 0.000000
507 0.000000
508 0.000000
509 0.000000
510 0.000000
511 0.000000
512 0.000000
513 0.000000
514 0.000000
515 0.000000
516 0.000001
517 0.000001
518 0.000001
519 0.000001
520 0.000001
521 0.000002
522 0.000002
523 0.000002
524 0.000001
525 0.000000
526 0.000000
527 0.000000
528 0.000000
529 0.000000
530 0.000001
531 0.000004
532 0.000066
533 0.000056
534 0.000000
535 0.000000
536 0.000000
537 0.000000
538 0.000000
539 0.000000
540 0.000000
541 0.000000
542 0.000000
543 0.000001
544 0.000001
545 0.000001
546 0.000000
547 0.000000
548 0.000000
549 0.000001
550 0.000001
551 0.000001
552 0.000002
553 0.000001
554 0.000000
555 0.000000
556 0.000000
557 0.000000
558 0.000004
559 0.000004
560 0.000093
561 0.000085
562 0.000000
563 0.000000
564 0.000000
565 0.000000
566 0.000000
567 0.000000
568 0.000001
569 0.000001
570 0.000001
571 0.000001
572 0.000000
573 0.000000
574 0.000000
575 0.000000
576 0.000000
577 0.000000
578 0.000000
579 0.000001
580 0.000001
581 0.000004
582 0.000002
583 0.000000
584 0.000000
585 0.000023
586 0.000006
587 0.000007
588 0.000131
589 0.000093
590 0.000001
591 0.000000
592 0.000000
593 0.000000
594 0.000000
595 0.000001
596 0.000001
597 0.000001
598 0.000001
599 0.000000
600 0.000000
601 0.000000
602 0.000000
603 0.000000
604 0.000000
605 0.000000
606 0.000000
607 0.000000
608 0.000000
609 0.000002
610 0.000014
611 0.000027
612 0.000901
613 0.000126
614 0.000037
615 0.000013
616 0.000153
617 0.000131
618 0.000093
619 0.000001
620 0.000000
621 0.000000
622 0.000001
623 0.000001
624 0.000001
625 0.000001
626 0.000000
627 0.000000
628 0.000000
629 0.000000
630 0.000000
631 0.000001
632 0.000000
633 0.000000
634 0.000000
635 0.000000
636 0.000000
637 0.000000
638 0.000045
639 0.010030
640 0.010017
641 0.001682
642 0.000000
643 0.000000
644 0.000165
645 0.000153
646 0.000141
647 0.000100
648 0.000011
649 0.000000
650 0.000000
651 0.000001
652 0.000000
653 0.000000
654 0.000000
655 0.000000
656 0.000000
657 0.000001
658 0.000001
659 0.000001
660 0.000000
661 0.000000
662 0.000000
663 0.000000
664 0.000000
665 0.000001
666 0.004909
667 0.067822
668 0.010030
669 0.000000
670 0.000000
671 0.000000
672 0.000000
673 0.000165
674 0.000153
675 0.000109
676 0.000131
677 0.000093
678 0.000001
679 0.000000
680 0.000001
681 0.000001
682 0.000001
683 0.000001
684 0.000001
685 0.000001
686 0.000001
687 0.000001
688 0.000000
689 0.000000
690 0.000001
691 0.000000
692 0.000001
693 0.000115
694 0.000770
695 0.009554
696 0.000000
697 0.000000
698 0.000000
699 0.000000
700 0.000000
701 0.000000
702 0.000165
703 0.000153
704 0.000141
705 0.000131
706 0.000093
707 0.000086
708 0.000073
709 0.000052
710 0.000012
711 0.000001
712 0.000001
713 0.000001
714 0.000001
715 0.000001
716 0.000000
717 0.000000
718 0.000002
719 0.000002
720 0.000003
721 0.000005
722 0.000214
723 0.000000
724 0.000000
725 0.000000
726 0.000000
727 0.000000
728 0.000000
729 0.000000
730 0.000000
731 0.000000
732 0.000153
733 0.000141
734 0.000101
735 0.000093
736 0.000086
737 0.000080
738 0.000406
739 0.000017
740 0.000002
741 0.000001
742 0.000001
743 0.000000
744 0.000000
745 0.000001
746 0.000002
747 0.000003
748 0.000004
749 0.000006
750 0.000001
751 0.000000
752 0.000000
753 0.000001
754 0.000000
755 0.000000
756 0.000000
757 0.000000
758 0.000001
759 0.000001
760 0.000000
761 0.000153
762 0.000141
763 0.000101
764 0.000093
765 0.000263
766 0.001654
767 0.000339
768 0.000007
769 0.000001
770 0.000001
771 0.000000
772 0.000001
773 0.000001
774 0.000002
775 0.000003
776 0.000004
777 0.000000
778 0.000000
779 0.000001
780 0.000000
781 0.000000
782 0.000001
783 0.000000
