0 0.004455
1 0.004327
2 0.003892
3 0.004082
4 0.003653
5 0.003255
6 0.003330
7 0.004997
8 0.001879
9 0.001201
10 0.001947
11 0.001961
12 0.001837
13 0.000761
14 0.000199
15 0.000140
16 0.000226
17 0.000431
18 0.000645
19 0.000593
20 0.000761
21 0.000804
22 0.001016
23 0.001069
24 0.000949
25 0.001003
26 0.001307
27 0.002612
28 0.004017
29 0.004202
30 0.003771
31 0.003653
32 0.003540
33 0.003324
34 0.002941
35 0.002119
36 0.000919
37 0.000849
38 0.001741
39 0.001820
40 0.001620
41 0.000706
42 0.000215
43 0.000107
44 0.000143
45 0.000380
46 0.000558
47 0.000737
48 0.000597
49 0.000761
50 0.000001
51 0.000000
52 0.000898
53 0.001179
54 0.003333
55 0.006687
56 0.004202
57 0.003771
58 0.003653
59 0.003540
60 0.003324
61 0.002941
62 0.002843
63 0.000833
64 0.000451
65 0.000650
66 0.001439
67 0.001805
68 0.000762
69 0.000456
70 0.000216
71 0.000119
72 0.000100
73 0.000200
74 0.000493
75 0.000607
76 0.000004
77 0.000000
78 0.000000
79 0.000000
80 0.000000
81 0.003086
82 0.006391
83 0.011798
84 0.004082
85 0.003653
86 0.003255
87 0.003042
88 0.002941
89 0.002843
90 0.002658
91 0.000530
92 0.000229
93 0.000528
94 0.000784
95 0.001050
96 0.000531
97 0.000356
98 0.000294
99 0.000167
100 0.000080
101 0.000067
102 0.000004
103 0.000000
104 0.000000
105 0.000000
106 0.000000
107 0.000000
108 0.001356
109 0.006204
110 0.011574
111 0.015221
112 0.003653
113 0.003540
114 0.003042
115 0.002941
116 0.000000
117 0.000000
118 0.000000
119 0.000001
120 0.000002
121 0.000104
122 0.000531
123 0.000407
124 0.000296
125 0.000170
126 0.000350
127 0.000031
128 0.000001
129 0.000000
130 0.000000
131 0.000000
132 0.000000
133 0.000000
134 0.000000
135 0.000006
136 0.005794
137 0.010996
138 0.015048
139 0.009853
140 0.003540
141 0.003146
142 0.002941
143 0.002843
144 0.000000
145 0.000000
146 0.000000
147 0.000000
148 0.000000
149 0.000000
150 0.000001
151 0.000001
152 0.000001
153 0.000001
154 0.000002
155 0.000000
156 0.000000
157 0.000000
158 0.000000
159 0.000000
160 0.000000
161 0.000000
162 0.000002
163 0.007534
164 0.012644
165 0.014728
166 0.009718
167 0.008623
168 0.003146
169 0.002940
170 0.002843
171 0.002658
172 0.000000
173 0.000000
174 0.000000
175 0.000000
176 0.000000
177 0.000000
178 0.000000
179 0.000000
180 0.000000
181 0.000000
182 0.000000
183 0.000000
184 0.000000
185 0.000000
186 0.000000
187 0.000000
188 0.000000
189 0.000001
190 0.006137
191 0.012737
192 0.014147
193 0.009585
194 0.008692
195 0.015442
196 0.003272
197 0.002861
198 0.002498
199 0.002325
200 0.000006
201 0.000000
202 0.000000
203 0.000000
204 0.000000
205 0.000000
206 0.000000
207 0.000000
208 0.000000
209 0.000000
210 0.000000
211 0.000000
212 0.000000
213 0.000000
214 0.000000
215 0.000000
216 0.000000
217 0.000071
218 0.002431
219 0.005700
220 0.009775
221 0.015307
222 0.014822
223 0.008393
224 0.004091
225 0.003021
226 0.002448
227 0.002243
228 0.001876
229 0.000000
230 0.000000
231 0.000000
232 0.000000
233 0.000000
234 0.000000
235 0.000000
236 0.000000
237 0.000000
238 0.000000
239 0.000000
240 0.000000
241 0.000000
242 0.000000
243 0.000000
244 0.000050
245 0.003798
246 0.001950
247 0.001998
248 0.003996
249 0.002370
250 0.001411
251 0.000845
252 0.006367
253 0.004308
254 0.003053
255 0.001752
256 0.000558
257 0.000000
258 0.000000
259 0.000000
260 0.000000
261 0.000000
262 0.000000
263 0.000000
264 0.000000
265 0.000000
266 0.000000
267 0.000000
268 0.000000
269 0.000000
270 0.000000
271 0.000002
272 0.004714
273 0.999988
274 0.008288
275 0.005943
276 0.002004
277 0.000892
278 0.000532
279 0.000166
280 0.008961
281 0.004226
282 0.001976
283 0.000688
284 0.000260
285 0.000001
286 0.000000
287 0.000000
288 0.000000
289 0.000000
290 0.000000
291 0.000000
292 0.000000
293 0.000000
294 0.000000
295 0.000000
296 0.000000
297 0.000000
298 0.000000
299 0.000008
300 0.000120
301 0.000888
302 0.001563
303 0.002047
304 0.002864
305 0.000703
306 0.000383
307 0.000295
308 0.003456
309 0.002377
310 0.001402
311 0.000679
312 0.000061
313 0.000023
314 0.000000
315 0.000000
316 0.000000
317 0.000000
318 0.000000
319 0.000000
320 0.000000
321 0.000000
322 0.000000
323 0.000000
324 0.000000
325 0.000002
326 0.000051
327 0.000109
328 0.000059
329 0.000028
330 0.000024
331 0.000051
332 0.000036
333 0.000084
334 0.000206
335 0.000503
336 0.001830
337 0.001454
338 0.001146
339 0.001087
340 0.000168
341 0.000148
342 0.000001
343 0.000000
344 0.000000
345 0.000000
346 0.000000
347 0.000000
348 0.000000
349 0.000000
350 0.000000
351 0.000000
352 0.000000
353 0.000073
354 0.999995
355 0.001949
356 0.000096
357 0.000009
358 0.000003
359 0.000001
360 0.000004
361 0.000011
362 0.000032
363 0.000075
364 0.000916
365 0.001144
366 0.001090
367 0.001436
368 0.000429
369 0.000709
370 0.000080
371 0.000000
372 0.000000
373 0.000000
374 0.000000
375 0.000000
376 0.000000
377 0.000000
378 0.000000
379 0.000000
380 0.000000
381 0.000049
382 0.001357
383 0.004748
384 0.000233
385 0.000012
386 0.000002
387 0.000003
388 0.000003
389 0.000004
390 0.000005
391 0.000015
392 0.000383
393 0.000424
394 0.000736
395 0.000277
396 0.000465
397 0.999997
398 0.000066
399 0.000000
400 0.000000
401 0.000000
402 0.000000
403 0.000000
404 0.000000
405 0.000000
406 0.000000
407 0.000001
408 0.000005
409 0.000011
410 0.000035
411 0.000117
412 0.000035
413 0.000017
414 0.000006
415 0.000005
416 0.000010
417 0.000013
418 0.000010
419 0.000006
420 0.000330
421 0.000394
422 0.000718
423 0.000259
424 0.000216
425 0.000126
426 0.000001
427 0.000000
428 0.000000
429 0.000000
430 0.000000
431 0.000000
432 0.000000
433 0.000000
434 0.000000
435 0.000002
436 0.000024
437 0.000005
438 0.000001
439 0.000005
440 0.000013
441 0.000005
442 0.000007
443 0.000006
444 0.000017
445 0.000056
446 0.000036
447 0.000022
448 0.000821
449 0.000782
450 0.000956
451 0.000071
452 0.000030
453 0.000001
454 0.000000
455 0.000000
456 0.000000
457 0.000000
458 0.000000
459 0.000000
460 0.000000
461 0.000000
462 0.000000
463 0.000000
464 0.000002
465 0.000001
466 0.000001
467 0.000002
468 0.000006
469 0.000003
470 0.000002
471 0.000002
472 0.000019
473 0.000089
474 0.000163
475 0.000154
476 0.003711
477 0.002382
478 0.000190
479 0.000032
480 0.000006
481 0.000000
482 0.000000
483 0.000000
484 0.000000
485 0.000000
486 0.000000
487 0.000000
488 0.000000
489 0.000000
490 0.000000
491 0.000000
492 0.000000
493 0.000001
494 0.000002
495 0.000004
496 0.000003
497 0.000003
498 0.000001
499 0.000001
500 0.000008
501 0.000095
502 0.000950
503 0.002129
504 0.008909
505 0.003555
506 0.000270
507 0.000050
508 0.000001
509 0.000000
510 0.000000
511 0.000000
512 0.000000
513 0.000000
514 0.000000
515 0.000000
516 0.000000
517 0.000000
518 0.000000
519 0.000000
520 0.000000
521 0.000000
522 0.000001
523 0.000004
524 0.000010
525 0.000013
526 0.000007
527 0.000002
528 0.000004
529 0.000077
530 0.004746
531 0.014684
532 0.004620
533 0.002850
534 0.000305
535 0.000026
536 0.000000
537 0.000000
538 0.000000
539 0.000000
540 0.000000
541 0.000000
542 0.000000
543 0.000000
544 0.000000
545 0.000000
546 0.000000
547 0.000000
548 0.000000
549 0.000000
550 0.000000
551 0.000009
552 0.000120
553 0.001322
554 0.000675
555 0.000069
556 0.000025
557 0.000061
558 0.002849
559 0.005635
560 0.002753
561 0.001942
562 0.000452
563 0.000006
564 0.000000
565 0.000000
566 0.000000
567 0.000000
568 0.000000
569 0.000000
570 0.000000
571 0.000000
572 0.000000
573 0.000000
574 0.000000
575 0.000000
576 0.000000
577 0.000000
578 0.000000
579 0.000025
580 0.001520
581 0.999973
582 0.027386
583 0.005420
584 0.000029
585 0.000464
586 0.001024
587 0.002437
588 0.002297
589 0.002006
590 0.000341
591 0.000004
592 0.000000
593 0.000000
594 0.000000
595 0.000000
596 0.000000
597 0.000000
598 0.000000
599 0.000000
600 0.000000
601 0.000000
602 0.000000
603 0.000000
604 0.000000
605 0.000000
606 0.000000
607 0.000014
608 0.000235
609 0.005943
610 0.012127
611 0.006298
612 0.001932
613 0.000868
614 0.000543
615 0.000891
616 0.002440
617 0.002297
618 0.002006
619 0.000148
620 0.000002
621 0.000000
622 0.000000
623 0.000000
624 0.000000
625 0.000000
626 0.000000
627 0.000000
628 0.000000
629 0.000000
630 0.000000
631 0.000000
632 0.000000
633 0.000000
634 0.000000
635 0.000000
636 0.000006
637 0.000850
638 0.004316
639 0.010002
640 0.005076
641 0.002564
642 0.000001
643 0.000008
644 0.002514
645 0.002440
646 0.002367
647 0.002071
648 0.000720
649 0.000003
650 0.000000
651 0.000000
652 0.000000
653 0.000000
654 0.000000
655 0.000001
656 0.000004
657 0.000038
658 0.000043
659 0.000012
660 0.000003
661 0.000001
662 0.000001
663 0.000000
664 0.000001
665 0.000102
666 0.001164
667 0.003814
668 0.010002
669 0.000001
670 0.000004
671 0.000018
672 0.000000
673 0.002514
674 0.002440
675 0.002139
676 0.002297
677 0.002006
678 0.000014
679 0.000007
680 0.000030
681 0.000390
682 0.001523
683 0.000141
684 0.000038
685 0.000054
686 0.000061
687 0.000065
688 0.000074
689 0.000119
690 0.000035
691 0.000026
692 0.000050
693 0.000202
694 0.000510
695 0.001557
696 0.000001
697 0.000001
698 0.000002
699 0.000032
700 0.000000
701 0.000000
702 0.002514
703 0.002440
704 0.002367
705 0.002297
706 0.002006
707 0.002683
708 0.004481
709 0.007903
710 0.003969
711 0.000425
712 0.000069
713 0.000046
714 0.000080
715 0.000091
716 0.000097
717 0.000103
718 0.000143
719 0.000152
720 0.000161
721 0.000209
722 0.000277
723 0.000000
724 0.000001
725 0.000001
726 0.000001
727 0.000001
728 0.000000
729 0.000000
730 0.000000
731 0.000000
732 0.002440
733 0.002367
734 0.002297
735 0.003788
736 0.007171
737 0.010000
738 0.010000
739 0.000980
740 0.000143
741 0.000065
742 0.000085
743 0.000097
744 0.000126
745 0.000134
746 0.000152
747 0.000197
748 0.000209
749 0.000270
750 0.000000
751 0.000000
752 0.000000
753 0.000000
754 0.000001
755 0.000001
756 0.000000
757 0.000000
758 0.000000
759 0.000000
760 0.000000
761 0.002440
762 0.003556
763 0.005881
764 0.009999
765 0.010000
766 0.010000
767 0.002356
768 0.000305
769 0.000087
770 0.000091
771 0.000103
772 0.000134
773 0.000175
774 0.000152
775 0.000172
776 0.000222
777 0.000000
778 0.000038
779 0.000029
780 0.000001
781 0.000000
782 0.000000
783 0.000001
