0 0.003174
1 0.003191
2 0.002879
3 0.003109
4 0.002657
5 0.002065
6 0.001690
7 0.001494
8 0.000280
9 0.000044
10 0.000032
11 0.000028
12 0.000030
13 0.000029
14 0.000027
15 0.000031
16 0.000042
17 0.000077
18 0.000734
19 0.005663
20 0.009934
21 0.004574
22 0.002123
23 0.001337
24 0.001140
25 0.001174
26 0.001442
27 0.001513
28 0.002820
29 0.003174
30 0.002879
31 0.002879
32 0.002805
33 0.002499
34 0.001823
35 0.000953
36 0.000098
37 0.000021
38 0.000019
39 0.000020
40 0.000020
41 0.000024
42 0.000026
43 0.000028
44 0.000050
45 0.000151
46 0.000547
47 0.002823
48 0.004795
49 0.002048
50 0.000000
51 0.000000
52 0.001058
53 0.001308
54 0.001174
55 0.001442
56 0.003093
57 0.002820
58 0.002864
59 0.002879
60 0.002879
61 0.002532
62 0.002107
63 0.000468
64 0.000046
65 0.000013
66 0.000017
67 0.000014
68 0.000012
69 0.000015
70 0.000020
71 0.000038
72 0.000110
73 0.000251
74 0.000281
75 0.000646
76 0.000000
77 0.000000
78 0.000000
79 0.000000
80 0.000000
81 0.001058
82 0.001308
83 0.001174
84 0.002968
85 0.002791
86 0.002545
87 0.002599
88 0.002599
89 0.002599
90 0.002532
91 0.000210
92 0.000021
93 0.000010
94 0.000009
95 0.000009
96 0.000010
97 0.000018
98 0.000025
99 0.000066
100 0.000182
101 0.000027
102 0.000000
103 0.000000
104 0.000000
105 0.000000
106 0.000000
107 0.000000
108 0.000000
109 0.001004
110 0.001058
111 0.001308
112 0.002351
113 0.002561
114 0.002519
115 0.002545
116 0.000000
117 0.000000
118 0.000000
119 0.000000
120 0.000000
121 0.000002
122 0.000008
123 0.000008
124 0.000013
125 0.000017
126 0.000046
127 0.000000
128 0.000000
129 0.000000
130 0.000000
131 0.000000
132 0.000000
133 0.000000
134 0.000000
135 0.000000
136 0.000041
137 0.000805
138 0.001004
139 0.001247
140 0.002040
141 0.001944
142 0.002142
143 0.002409
144 0.000000
145 0.000000
146 0.000000
147 0.000000
148 0.000000
149 0.000000
150 0.000000
151 0.000000
152 0.000000
153 0.000000
154 0.000000
155 0.000000
156 0.000000
157 0.000000
158 0.000000
159 0.000000
160 0.000000
161 0.000000
162 0.000000
163 0.000000
164 0.000817
165 0.000762
166 0.000954
167 0.001004
168 0.001656
169 0.001554
170 0.001690
171 0.001936
172 0.000000
173 0.000000
174 0.000000
175 0.000000
176 0.000000
177 0.000000
178 0.000000
179 0.000000
180 0.000000
181 0.000000
182 0.000000
183 0.000000
184 0.000000
185 0.000000
186 0.000000
187 0.000000
188 0.000000
189 0.000000
190 0.000000
191 0.000000
192 0.000646
193 0.000683
194 0.000721
195 0.001066
196 0.001494
197 0.001419
198 0.001166
199 0.001301
200 0.000005
201 0.000000
202 0.000000
203 0.000000
204 0.000000
205 0.000000
206 0.000000
207 0.000000
208 0.000000
209 0.000000
210 0.000000
211 0.000000
212 0.000000
213 0.000000
214 0.000000
215 0.000000
216 0.000000
217 0.000000
218 0.000000
219 0.000011
220 0.000646
221 0.000683
222 0.000803
223 0.001012
224 0.001419
225 0.001166
226 0.001046
227 0.000990
228 0.000920
229 0.000000
230 0.000000
231 0.000000
232 0.000000
233 0.000000
234 0.000000
235 0.000000
236 0.000000
237 0.000000
238 0.000000
239 0.000000
240 0.000000
241 0.000000
242 0.000000
243 0.000000
244 0.000000
245 0.000000
246 0.000000
247 0.000008
248 0.000017
249 0.000029
250 0.000070
251 0.000134
252 0.001348
253 0.001046
254 0.000990
255 0.000293
256 0.000011
257 0.000000
258 0.000000
259 0.000000
260 0.000000
261 0.000000
262 0.000000
263 0.000000
264 0.000000
265 0.000000
266 0.000000
267 0.000000
268 0.000000
269 0.000000
270 0.000000
271 0.000000
272 0.000000
273 0.000000
274 0.000000
275 0.000002
276 0.000003
277 0.000005
278 0.000008
279 0.000014
280 0.001046
281 0.000101
282 0.000021
283 0.000002
284 0.000000
285 0.000000
286 0.000000
287 0.000000
288 0.000000
289 0.000000
290 0.000000
291 0.000000
292 0.000000
293 0.000000
294 0.000000
295 0.000000
296 0.000000
297 0.000000
298 0.000000
299 0.000000
300 0.000000
301 0.000000
302 0.000000
303 0.000002
304 0.000003
305 0.000003
306 0.000004
307 0.000006
308 0.000025
309 0.000005
310 0.000001
311 0.000000
312 0.000000
313 0.000000
314 0.000000
315 0.000000
316 0.000000
317 0.000000
318 0.000000
319 0.000000
320 0.000000
321 0.000000
322 0.000000
323 0.000000
324 0.000000
325 0.000000
326 0.000000
327 0.000000
328 0.000000
329 0.000000
330 0.000000
331 0.000000
332 0.000003
333 0.000003
334 0.000004
335 0.000007
336 0.000002
337 0.000001
338 0.000000
339 0.000000
340 0.000000
341 0.000000
342 0.000000
343 0.000000
344 0.000000
345 0.000000
346 0.000000
347 0.000000
348 0.000000
349 0.000000
350 0.000000
351 0.000000
352 0.000000
353 0.000000
354 0.000000
355 0.000000
356 0.000000
357 0.000000
358 0.000000
359 0.000000
360 0.000002
361 0.000003
362 0.000005
363 0.000010
364 0.000001
365 0.000001
366 0.000000
367 0.000000
368 0.000000
369 0.000000
370 0.000000
371 0.000000
372 0.000000
373 0.000000
374 0.000000
375 0.000000
376 0.000000
377 0.000000
378 0.000000
379 0.000000
380 0.000000
381 0.000000
382 0.000000
383 0.000000
384 0.000000
385 0.000000
386 0.000000
387 0.000000
388 0.000001
389 0.000006
390 0.000012
391 0.000028
392 0.000003
393 0.000001
394 0.000000
395 0.000000
396 0.000000
397 0.000000
398 0.000000
399 0.000000
400 0.000000
401 0.000000
402 0.000000
403 0.000000
404 0.000000
405 0.000000
406 0.000000
407 0.000000
408 0.000000
409 0.000000
410 0.000000
411 0.000000
412 0.000000
413 0.000000
414 0.000000
415 0.000000
416 0.000000
417 0.000017
418 0.000037
419 0.000068
420 0.000008
421 0.000003
422 0.000001
423 0.000000
424 0.000000
425 0.000000
426 0.000000
427 0.000000
428 0.000000
429 0.000000
430 0.000000
431 0.000000
432 0.000000
433 0.000000
434 0.000000
435 0.000000
436 0.000000
437 0.000000
438 0.000000
439 0.000000
440 0.000000
441 0.000000
442 0.000000
443 0.000000
444 0.000000
445 0.000069
446 0.000070
447 0.000120
448 0.000017
449 0.000011
450 0.000006
451 0.000000
452 0.000000
453 0.000000
454 0.000000
455 0.000006
456 0.000000
457 0.000000
458 0.000000
459 0.000000
460 0.000000
461 0.000000
462 0.000000
463 0.000000
464 0.000000
465 0.000000
466 0.000000
467 0.000000
468 0.000000
469 0.000000
470 0.000000
471 0.000000
472 0.000000
473 0.000029
474 0.000145
475 0.000196
476 0.000020
477 0.000017
478 0.000003
479 0.000000
480 0.000000
481 0.000000
482 0.000062
483 0.003787
484 0.000000
485 0.000000
486 0.000000
487 0.000000
488 0.000000
489 0.000000
490 0.000000
491 0.000000
492 0.000000
493 0.000000
494 0.000000
495 0.000000
496 0.000000
497 0.000000
498 0.000000
499 0.000000
500 0.000000
501 0.000004
502 0.000210
503 0.000248
504 0.000030
505 0.000020
506 0.000001
507 0.000000
508 0.000000
509 0.000016
510 1.000000
511 0.000005
512 0.000000
513 0.000000
514 0.000000
515 0.000000
516 0.000000
517 0.000000
518 0.000000
519 0.000000
520 0.000000
521 0.000000
522 0.000005
523 1.000000
524 0.000016
525 0.000000
526 0.000000
527 0.000000
528 0.000000
529 0.000001
530 0.000154
531 0.000174
532 0.000027
533 0.000025
534 0.000001
535 0.000000
536 0.000004
537 0.002608
538 0.000010
539 0.000000
540 0.000000
541 0.000000
542 0.000000
543 0.000000
544 0.000000
545 0.000000
546 0.000000
547 0.000000
548 0.000000
549 0.000000
550 0.000007
551 0.007665
552 0.005551
553 0.000012
554 0.000000
555 0.000000
556 0.000000
557 0.000002
558 0.000174
559 0.000183
560 0.000079
561 0.000266
562 0.000006
563 0.000001
564 0.000165
565 0.000027
566 0.000000
567 0.000000
568 0.000000
569 0.000000
570 0.000000
571 0.000000
572 0.000000
573 0.000000
574 0.000000
575 0.000000
576 0.000000
577 0.000000
578 0.000001
579 0.000234
580 0.003907
581 0.003577
582 0.000025
583 0.000001
584 0.000003
585 0.000290
586 0.000183
587 0.000226
588 0.000436
589 0.001760
590 0.000478
591 0.000105
592 0.000065
593 0.000000
594 0.000000
595 0.000000
596 0.000000
597 0.000000
598 0.000000
599 0.000000
600 0.000000
601 0.000000
602 0.000000
603 0.000000
604 0.000000
605 0.000000
606 0.000000
607 0.000005
608 0.000207
609 0.005333
610 0.006429
611 0.000364
612 0.001588
613 0.000637
614 0.000365
615 0.000226
616 0.002938
617 0.012382
618 0.010000
619 0.000819
620 0.000005
621 0.000000
622 0.000000
623 0.000000
624 0.000000
625 0.000000
626 0.000000
627 0.000000
628 0.000000
629 0.000000
630 0.000000
631 0.000000
632 0.000000
633 0.000000
634 0.000000
635 0.000002
636 0.000011
637 0.000728
638 0.063961
639 0.010000
640 0.005117
641 0.002178
642 0.000000
643 0.000000
644 0.012718
645 0.010000
646 0.001968
647 0.000302
648 0.000029
649 0.000000
650 0.000000
651 0.000000
652 0.000000
653 0.000000
654 0.000000
655 0.000000
656 0.000000
657 0.000000
658 0.000000
659 0.000000
660 0.000000
661 0.000000
662 0.000001
663 0.000001
664 0.000018
665 0.001827
666 0.209640
667 0.179495
668 0.010000
669 0.000000
670 0.000000
671 0.000000
672 0.000000
673 0.002102
674 0.000482
675 0.000088
676 0.000059
677 0.000040
678 0.000000
679 0.000000
680 0.000001
681 0.000001
682 0.000001
683 0.000000
684 0.000000
685 0.000000
686 0.000000
687 0.000000
688 0.000001
689 0.000107
690 0.000018
691 0.000036
692 0.000272
693 0.024746
694 0.044926
695 0.107047
696 0.000000
697 0.000000
698 0.000000
699 0.000000
700 0.000000
701 0.000000
702 0.000142
703 0.000071
704 0.000065
705 0.000059
706 0.000040
707 0.000036
708 0.000030
709 0.000020
710 0.000004
711 0.000000
712 0.000000
713 0.000000
714 0.000000
715 0.000000
716 0.000010
717 0.000095
718 0.000123
719 0.000144
720 0.000391
721 0.001119
722 0.018550
723 0.000000
724 0.000000
725 0.000000
726 0.000000
727 0.000000
728 0.000000
729 0.000000
730 0.000000
731 0.000000
732 0.000071
733 0.000065
734 0.000044
735 0.000040
736 0.000036
737 0.000025
738 0.000020
739 0.000001
740 0.000000
741 0.000000
742 0.000000
743 0.000001
744 0.000064
745 0.000117
746 0.000129
747 0.000158
748 0.000184
749 0.000373
750 0.000000
751 0.000000
752 0.000000
753 0.000000
754 0.000000
755 0.000000
756 0.000000
757 0.000000
758 0.000000
759 0.000000
760 0.000000
761 0.000071
762 0.000065
763 0.000044
764 0.000040
765 0.000036
766 0.000033
767 0.000005
768 0.000001
769 0.000000
770 0.000000
771 0.000005
772 0.000117
773 0.000144
774 0.000129
775 0.000142
776 0.000175
777 0.000000
778 0.000056
779 0.000096
780 0.000040
781 0.000000
782 0.000000
783 0.000000
