0 0.004593
1 0.004394
2 0.003959
3 0.004148
4 0.003720
5 0.003320
6 0.003106
7 0.003004
8 0.000948
9 0.000237
10 0.000175
11 0.000195
12 0.000290
13 0.000469
14 0.000528
15 0.000609
16 0.000466
17 0.000290
18 0.000520
19 0.001924
20 0.004638
21 0.005329
22 0.005590
23 0.005590
24 0.006073
25 0.004798
26 0.004093
27 0.002877
28 0.005610
29 0.004405
30 0.003837
31 0.003720
32 0.003606
33 0.003389
34 0.003004
35 0.002363
36 0.000460
37 0.000131
38 0.000121
39 0.000128
40 0.000185
41 0.000354
42 0.000484
43 0.000506
44 0.000539
45 0.000532
46 0.000727
47 0.001790
48 0.005082
49 0.005330
50 0.000000
51 0.000000
52 0.004769
53 0.003995
54 0.002452
55 0.002415
56 0.007543
57 0.005464
58 0.004225
59 0.003606
60 0.003390
61 0.003004
62 0.002906
63 0.001201
64 0.000254
65 0.000089
66 0.000111
67 0.000097
68 0.000103
69 0.000189
70 0.000335
71 0.000446
72 0.000578
73 0.000925
74 0.000884
75 0.001499
76 0.000002
77 0.000000
78 0.000000
79 0.000000
80 0.000000
81 0.002337
82 0.002260
83 0.002049
84 0.010000
85 0.007503
86 0.005321
87 0.003634
88 0.003004
89 0.002906
90 0.002719
91 0.000563
92 0.000117
93 0.000074
94 0.000072
95 0.000074
96 0.000075
97 0.000127
98 0.000209
99 0.000426
100 0.000762
101 0.000516
102 0.000001
103 0.000000
104 0.000000
105 0.000000
106 0.000000
107 0.000000
108 0.000001
109 0.001867
110 0.001896
111 0.002213
112 0.010001
113 0.010000
114 0.007442
115 0.005115
116 0.000000
117 0.000000
118 0.000000
119 0.000000
120 0.000000
121 0.000017
122 0.000064
123 0.000064
124 0.000068
125 0.000066
126 0.000127
127 0.000012
128 0.000001
129 0.000000
130 0.000000
131 0.000000
132 0.000000
133 0.000000
134 0.000001
135 0.000001
136 0.003840
137 0.001547
138 0.001817
139 0.002161
140 0.010002
141 0.010001
142 0.010000
143 0.008156
144 0.000000
145 0.000000
146 0.000000
147 0.000000
148 0.000000
149 0.000000
150 0.000000
151 0.000000
152 0.000000
153 0.000000
154 0.000000
155 0.000000
156 0.000000
157 0.000000
158 0.000000
159 0.000000
160 0.000000
161 0.000000
162 0.000001
163 0.000003
164 0.001565
165 0.001478
166 0.001770
167 0.001840
168 0.013375
169 0.010771
170 0.010002
171 0.010000
172 0.000000
173 0.000000
174 0.000001
175 0.000000
176 0.000000
177 0.000000
178 0.000000
179 0.000000
180 0.000000
181 0.000000
182 0.000000
183 0.000000
184 0.000000
185 0.000000
186 0.000001
187 0.000001
188 0.000000
189 0.000000
190 0.000001
191 0.004563
192 0.001324
193 0.001379
194 0.001437
195 0.002083
196 0.012443
197 0.013631
198 0.011998
199 0.010002
200 0.000061
201 0.000000
202 0.000001
203 0.000000
204 0.000000
205 0.000000
206 0.000000
207 0.000000
208 0.000000
209 0.000000
210 0.000000
211 0.000000
212 0.000000
213 0.000000
214 0.000001
215 0.000000
216 0.000000
217 0.000001
218 0.000002
219 0.000379
220 0.001324
221 0.001396
222 0.001945
223 0.003244
224 0.007591
225 0.010722
226 0.013249
227 0.012684
228 0.010771
229 0.000000
230 0.000000
231 0.000001
232 0.000000
233 0.000000
234 0.000000
235 0.000000
236 0.000000
237 0.000000
238 0.000000
239 0.000000
240 0.000000
241 0.000000
242 0.000000
243 0.000000
244 0.000000
245 0.000001
246 0.000004
247 0.000023
248 0.000055
249 0.000160
250 0.000505
251 0.001291
252 0.003647
253 0.005683
254 0.008691
255 0.006996
256 0.001423
257 0.000000
258 0.000000
259 0.000000
260 0.000001
261 0.000000
262 0.000000
263 0.000000
264 0.000000
265 0.000000
266 0.000001
267 0.000001
268 0.000001
269 0.000000
270 0.000000
271 0.000000
272 0.000001
273 0.000001
274 0.000009
275 0.000004
276 0.000011
277 0.000038
278 0.000101
279 0.000242
280 0.002405
281 0.000822
282 0.000512
283 0.000297
284 0.000187
285 0.000001
286 0.000000
287 0.000000
288 0.000001
289 0.000001
290 0.000000
291 0.000000
292 0.000000
293 0.000001
294 0.000001
295 0.000002
296 0.000001
297 0.000000
298 0.000000
299 0.000000
300 0.000001
301 0.000002
302 0.000001
303 0.000011
304 0.000022
305 0.000054
306 0.000077
307 0.000058
308 0.000356
309 0.000144
310 0.000050
311 0.000029
312 0.000009
313 0.000001
314 0.000000
315 0.000000
316 0.000000
317 0.000001
318 0.000001
319 0.000001
320 0.000001
321 0.000001
322 0.000001
323 0.000001
324 0.000001
325 0.000000
326 0.000000
327 0.000001
328 0.000004
329 0.000043
330 0.000003
331 0.000010
332 0.000062
333 0.000048
334 0.000041
335 0.000040
336 0.000301
337 0.000064
338 0.000033
339 0.000017
340 0.000001
341 0.000000
342 0.000000
343 0.000000
344 0.000000
345 0.000001
346 0.000004
347 0.000017
348 0.000005
349 0.000001
350 0.000000
351 0.000000
352 0.000000
353 0.000000
354 0.000001
355 0.000002
356 0.000094
357 0.004508
358 0.000035
359 0.000014
360 0.000044
361 0.000026
362 0.000023
363 0.000018
364 0.000617
365 0.000390
366 0.000096
367 0.000021
368 0.000001
369 0.000000
370 0.000000
371 0.000000
372 0.000000
373 0.000001
374 0.000018
375 0.999979
376 0.000737
377 0.000002
378 0.000000
379 0.000000
380 0.000000
381 0.000000
382 0.000000
383 0.000002
384 0.000398
385 0.999931
386 0.000121
387 0.000032
388 0.000040
389 0.000039
390 0.000025
391 0.000032
392 0.000728
393 0.000425
394 0.000195
395 0.000029
396 0.000000
397 0.000000
398 0.000000
399 0.000000
400 0.000000
401 0.000001
402 0.000051
403 0.001270
404 0.000133
405 0.000002
406 0.000000
407 0.000000
408 0.000000
409 0.000000
410 0.000000
411 0.000001
412 0.000020
413 0.000121
414 0.000231
415 0.000035
416 0.000044
417 0.000249
418 0.000246
419 0.000195
420 0.000223
421 0.000278
422 0.000407
423 0.000017
424 0.000001
425 0.000000
426 0.000000
427 0.000000
428 0.000001
429 0.000001
430 0.000004
431 0.000004
432 0.000004
433 0.000001
434 0.000001
435 0.000001
436 0.000000
437 0.000000
438 0.000000
439 0.000001
440 0.000001
441 0.000002
442 0.000016
443 0.000012
444 0.000125
445 0.003264
446 0.002708
447 0.001497
448 0.000223
449 0.000183
450 0.000163
451 0.000002
452 0.000001
453 0.000001
454 0.000003
455 0.000024
456 0.000005
457 0.000002
458 0.000001
459 0.000001
460 0.000001
461 0.000001
462 0.000002
463 0.000002
464 0.000001
465 0.000001
466 0.000001
467 0.000001
468 0.000000
469 0.000000
470 0.000003
471 0.000017
472 0.000070
473 0.001491
474 0.008734
475 0.009697
476 0.000231
477 0.000209
478 0.000090
479 0.000001
480 0.000001
481 0.000002
482 0.000196
483 0.005577
484 0.000352
485 0.000002
486 0.000000
487 0.000000
488 0.000000
489 0.000001
490 0.000002
491 0.000003
492 0.000002
493 0.000001
494 0.000001
495 0.000001
496 0.000000
497 0.000000
498 0.000001
499 0.000018
500 0.000029
501 0.000146
502 0.004235
503 0.009231
504 0.000392
505 0.000292
506 0.000048
507 0.000001
508 0.000001
509 0.000014
510 0.000411
511 0.999949
512 0.000077
513 0.000001
514 0.000000
515 0.000000
516 0.000000
517 0.000001
518 0.000001
519 0.000001
520 0.000002
521 0.000007
522 0.000013
523 0.000005
524 0.000001
525 0.000001
526 0.000001
527 0.000004
528 0.000008
529 0.000050
530 0.001533
531 0.002376
532 0.000562
533 0.001117
534 0.000062
535 0.000003
536 0.000006
537 0.000117
538 0.005156
539 0.000121
540 0.000002
541 0.000000
542 0.000000
543 0.000001
544 0.000001
545 0.000001
546 0.000001
547 0.000001
548 0.000002
549 0.000038
550 0.999956
551 0.000217
552 0.000008
553 0.000001
554 0.000001
555 0.000002
556 0.000009
557 0.000021
558 0.000448
559 0.000861
560 0.001871
561 0.004239
562 0.000177
563 0.000008
564 0.000088
565 0.003007
566 0.000231
567 0.000003
568 0.000001
569 0.000000
570 0.000000
571 0.000001
572 0.000001
573 0.000001
574 0.000001
575 0.000002
576 0.000005
577 0.000034
578 0.001851
579 0.008362
580 0.000371
581 0.000013
582 0.000001
583 0.000001
584 0.000020
585 0.000251
586 0.000266
587 0.000376
588 0.005392
589 0.010011
590 0.001174
591 0.000267
592 0.001870
593 0.000272
594 0.000006
595 0.000001
596 0.000001
597 0.000001
598 0.000001
599 0.000001
600 0.000001
601 0.000001
602 0.000001
603 0.000002
604 0.000005
605 0.000082
606 0.000454
607 0.000761
608 0.006597
609 0.000844
610 0.000063
611 0.000037
612 0.000288
613 0.000251
614 0.000322
615 0.000340
616 0.010010
617 0.010009
618 0.010004
619 0.006962
620 0.001584
621 0.000017
622 0.000001
623 0.000001
624 0.000004
625 0.000003
626 0.000001
627 0.000001
628 0.000001
629 0.000001
630 0.000001
631 0.000001
632 0.000007
633 0.000068
634 0.000062
635 0.000231
636 0.000924
637 0.007343
638 0.003013
639 0.001537
640 0.000679
641 0.000391
642 0.000001
643 0.000001
644 0.010008
645 0.010004
646 0.010003
647 0.006585
648 0.001660
649 0.000020
650 0.000009
651 0.000011
652 0.000025
653 0.000041
654 0.000003
655 0.000001
656 0.000001
657 0.000001
658 0.000001
659 0.000002
660 0.000019
661 0.000106
662 0.000220
663 0.000067
664 0.000109
665 0.009278
666 0.009995
667 0.004889
668 0.002029
669 0.000001
670 0.000001
671 0.000000
672 0.000001
673 0.010003
674 0.008164
675 0.002928
676 0.001299
677 0.000496
678 0.000522
679 0.000083
680 0.000058
681 0.000071
682 0.000034
683 0.000004
684 0.000001
685 0.000001
686 0.000001
687 0.000007
688 0.000197
689 0.001396
690 0.001668
691 0.001894
692 0.003318
693 0.010005
694 0.009999
695 0.009995
696 0.000002
697 0.000001
698 0.000002
699 0.000001
700 0.000001
701 0.000001
702 0.003537
703 0.001679
704 0.000661
705 0.000589
706 0.000464
707 0.000439
708 0.000392
709 0.000306
710 0.000097
711 0.000010
712 0.000002
713 0.000001
714 0.000004
715 0.000027
716 0.000148
717 0.000569
718 0.002447
719 0.008384
720 0.010016
721 0.010010
722 0.010004
723 0.000002
724 0.000001
725 0.000002
726 0.000001
727 0.000001
728 0.000001
729 0.000001
730 0.000001
731 0.000001
732 0.000656
733 0.000622
734 0.000491
735 0.000464
736 0.000439
737 0.000344
738 0.000306
739 0.000031
740 0.000005
741 0.000002
742 0.000008
743 0.000064
744 0.000145
745 0.000310
746 0.001005
747 0.004103
748 0.010015
749 0.010013
750 0.000007
751 0.000025
752 0.000029
753 0.000003
754 0.000002
755 0.000001
756 0.000001
757 0.000001
758 0.000001
759 0.000001
760 0.000001
761 0.000656
762 0.000622
763 0.000491
764 0.000464
765 0.000439
766 0.000415
767 0.000098
768 0.000010
769 0.000005
770 0.000024
771 0.000118
772 0.000153
773 0.000201
774 0.000523
775 0.001678
776 0.005346
777 0.000268
778 0.002326
779 0.001938
780 0.000227
781 0.000020
782 0.000004
783 0.000002
