0 0.002786
1 0.002662
2 0.002257
3 0.002431
4 0.002046
5 0.001712
6 0.001657
7 0.001941
8 0.000451
9 0.000088
10 0.000073
11 0.000109
12 0.000129
13 0.000080
14 0.000036
15 0.000026
16 0.000047
17 0.000155
18 0.001894
19 0.006875
20 0.005051
21 0.002018
22 0.001891
23 0.001692
24 0.001321
25 0.001214
26 0.001409
27 0.001479
28 0.002371
29 0.002543
30 0.002149
31 0.002046
32 0.001948
33 0.001768
34 0.001463
35 0.001041
36 0.000146
37 0.000043
38 0.000045
39 0.000065
40 0.000103
41 0.000116
42 0.000058
43 0.000035
44 0.000081
45 0.000396
46 0.000730
47 0.001551
48 0.002151
49 0.001658
50 0.000000
51 0.000000
52 0.001111
53 0.001279
54 0.001148
55 0.001409
56 0.002543
57 0.002149
58 0.002046
59 0.001948
60 0.001767
61 0.001463
62 0.001389
63 0.000357
64 0.000055
65 0.000022
66 0.000042
67 0.000044
68 0.000066
69 0.000152
70 0.000125
71 0.000103
72 0.000279
73 0.000426
74 0.000201
75 0.000308
76 0.000000
77 0.000000
78 0.000000
79 0.000000
80 0.000000
81 0.001035
82 0.001279
83 0.001148
84 0.002431
85 0.002046
86 0.001711
87 0.001541
88 0.001462
89 0.001388
90 0.001252
91 0.000125
92 0.000016
93 0.000014
94 0.000020
95 0.000031
96 0.000070
97 0.000320
98 0.000514
99 0.000579
100 0.000556
101 0.000012
102 0.000000
103 0.000000
104 0.000000
105 0.000000
106 0.000000
107 0.000000
108 0.000000
109 0.000983
110 0.001035
111 0.001279
112 0.002046
113 0.001948
114 0.001541
115 0.001462
116 0.000000
117 0.000000
118 0.000000
119 0.000000
120 0.000000
121 0.000001
122 0.000013
123 0.000023
124 0.000158
125 0.000489
126 0.001934
127 0.000002
128 0.000000
129 0.000000
130 0.000000
131 0.000000
132 0.000000
133 0.000000
134 0.000000
135 0.000000
136 0.000034
137 0.000788
138 0.000983
139 0.001219
140 0.001948
141 0.001623
142 0.001462
143 0.001388
144 0.000000
145 0.000000
146 0.000000
147 0.000000
148 0.000000
149 0.000000
150 0.000000
151 0.000000
152 0.000001
153 0.000000
154 0.000000
155 0.000000
156 0.000000
157 0.000000
158 0.000000
159 0.000000
160 0.000000
161 0.000000
162 0.000000
163 0.000000
164 0.000801
165 0.000746
166 0.000933
167 0.000983
168 0.001623
169 0.001462
170 0.001388
171 0.001252
172 0.000000
173 0.000000
174 0.000000
175 0.000000
176 0.000000
177 0.000000
178 0.000000
179 0.000000
180 0.000000
181 0.000000
182 0.000000
183 0.000000
184 0.000000
185 0.000000
186 0.000000
187 0.000000
188 0.000000
189 0.000000
190 0.000000
191 0.000000
192 0.000634
193 0.000670
194 0.000707
195 0.001067
196 0.001462
197 0.001388
198 0.001138
199 0.001019
200 0.000021
201 0.000000
202 0.000000
203 0.000000
204 0.000000
205 0.000000
206 0.000000
207 0.000000
208 0.000000
209 0.000000
210 0.000000
211 0.000000
212 0.000000
213 0.000000
214 0.000000
215 0.000000
216 0.000000
217 0.000000
218 0.000000
219 0.000010
220 0.000634
221 0.000670
222 0.000808
223 0.001017
224 0.001410
225 0.001150
226 0.001019
227 0.000965
228 0.000735
229 0.000000
230 0.000000
231 0.000000
232 0.000000
233 0.000000
234 0.000000
235 0.000000
236 0.000000
237 0.000000
238 0.000000
239 0.000000
240 0.000000
241 0.000000
242 0.000000
243 0.000000
244 0.000000
245 0.000000
246 0.000000
247 0.000003
248 0.000007
249 0.000014
250 0.000037
251 0.000083
252 0.001338
253 0.001035
254 0.000980
255 0.000162
256 0.000003
257 0.000000
258 0.000000
259 0.000000
260 0.000000
261 0.000000
262 0.000000
263 0.000000
264 0.000000
265 0.000000
266 0.000000
267 0.000000
268 0.000000
269 0.000000
270 0.000000
271 0.000000
272 0.000000
273 0.000000
274 0.000000
275 0.000001
276 0.000001
277 0.000002
278 0.000003
279 0.000006
280 0.001025
281 0.000043
282 0.000006
283 0.000001
284 0.000000
285 0.000000
286 0.000000
287 0.000000
288 0.000000
289 0.000000
290 0.000000
291 0.000001
292 0.000001
293 0.000000
294 0.000000
295 0.000000
296 0.000000
297 0.000000
298 0.000000
299 0.000000
300 0.000000
301 0.000000
302 0.000000
303 0.000001
304 0.000001
305 0.000001
306 0.000002
307 0.000003
308 0.000008
309 0.000001
310 0.000000
311 0.000000
312 0.000000
313 0.000000
314 0.000000
315 0.000000
316 0.000000
317 0.000000
318 0.000000
319 0.000000
320 0.000001
321 0.000001
322 0.000000
323 0.000000
324 0.000000
325 0.000000
326 0.000000
327 0.000000
328 0.000000
329 0.000000
330 0.000000
331 0.000000
332 0.000001
333 0.000002
334 0.000004
335 0.000009
336 0.000002
337 0.000001
338 0.000000
339 0.000000
340 0.000000
341 0.000000
342 0.000000
343 0.000000
344 0.000000
345 0.000000
346 0.000000
347 0.000001
348 0.000000
349 0.000000
350 0.000000
351 0.000000
352 0.000000
353 0.000000
354 0.000000
355 0.000000
356 0.000000
357 0.000000
358 0.000000
359 0.000000
360 0.000004
361 0.000007
362 0.000014
363 0.000025
364 0.000002
365 0.000001
366 0.000001
367 0.000000
368 0.000000
369 0.000000
370 0.000000
371 0.000000
372 0.000000
373 0.000001
374 0.000001
375 0.000000
376 0.000000
377 0.000000
378 0.000000
379 0.000000
380 0.000000
381 0.000000
382 0.000000
383 0.000001
384 0.000001
385 0.000000
386 0.000000
387 0.000000
388 0.000004
389 0.000030
390 0.000031
391 0.000032
392 0.000004
393 0.000002
394 0.000001
395 0.000000
396 0.000000
397 0.000000
398 0.000000
399 0.000000
400 0.000001
401 0.000001
402 0.000000
403 0.000000
404 0.000000
405 0.000000
406 0.000000
407 0.000000
408 0.000000
409 0.000000
410 0.000000
411 0.000001
412 0.000002
413 0.000001
414 0.000000
415 0.000000
416 0.000001
417 0.000025
418 0.000020
419 0.000012
420 0.000001
421 0.000002
422 0.000002
423 0.000000
424 0.000000
425 0.000000
426 0.000000
427 0.000003
428 0.000004
429 0.000001
430 0.000000
431 0.000000
432 0.000000
433 0.000000
434 0.000000
435 0.000000
436 0.000000
437 0.000000
438 0.000000
439 0.000001
440 0.000023
441 0.000059
442 0.000001
443 0.000000
444 0.000000
445 0.000009
446 0.000005
447 0.000003
448 0.000001
449 0.000001
450 0.000001
451 0.000000
452 0.000000
453 0.000000
454 0.000011
455 0.002459
456 0.000027
457 0.000001
458 0.000000
459 0.000000
460 0.000000
461 0.000000
462 0.000000
463 0.000000
464 0.000000
465 0.000000
466 0.000000
467 0.000002
468 0.001275
469 0.999985
470 0.000002
471 0.000000
472 0.000000
473 0.000001
474 0.000001
475 0.000003
476 0.000001
477 0.000001
478 0.000000
479 0.000000
480 0.000000
481 0.000003
482 0.008727
483 0.999989
484 0.000002
485 0.000000
486 0.000000
487 0.000000
488 0.000000
489 0.000000
490 0.000000
491 0.000000
492 0.000000
493 0.000000
494 0.000000
495 0.000000
496 0.000003
497 0.000284
498 0.000415
499 0.000000
500 0.000000
501 0.000001
502 0.000014
503 0.000016
504 0.000008
505 0.000004
506 0.000000
507 0.000000
508 0.000001
509 0.000512
510 0.006147
511 0.000002
512 0.000000
513 0.000000
514 0.000000
515 0.000000
516 0.000000
517 0.000000
518 0.000000
519 0.000000
520 0.000000
521 0.000000
522 0.000000
523 0.000000
524 0.000000
525 0.000001
526 0.000062
527 0.000042
528 0.000000
529 0.000003
530 0.000294
531 0.000312
532 0.000008
533 0.000059
534 0.000002
535 0.000000
536 0.000340
537 0.022307
538 0.000001
539 0.000000
540 0.000000
541 0.000000
542 0.000000
543 0.000000
544 0.000000
545 0.000000
546 0.000000
547 0.000000
548 0.000000
549 0.000000
550 0.000000
551 0.000000
552 0.000000
553 0.000000
554 0.000003
555 0.000507
556 0.000161
557 0.000115
558 0.004213
559 0.001425
560 0.000172
561 0.000811
562 0.000030
563 0.000014
564 0.001200
565 0.000038
566 0.000000
567 0.000000
568 0.000000
569 0.000000
570 0.000000
571 0.000000
572 0.000000
573 0.000000
574 0.000000
575 0.000000
576 0.000000
577 0.000000
578 0.000000
579 0.000000
580 0.000000
581 0.000000
582 0.000001
583 0.000046
584 0.001512
585 0.031049
586 0.047377
587 0.010019
588 0.001520
589 0.010595
590 0.000987
591 0.000058
592 0.000043
593 0.000000
594 0.000000
595 0.000000
596 0.000000
597 0.000000
598 0.000000
599 0.000000
600 0.000000
601 0.000000
602 0.000000
603 0.000000
604 0.000000
605 0.000000
606 0.000000
607 0.000000
608 0.000000
609 0.000000
610 0.000000
611 0.000019
612 0.002185
613 0.006583
614 0.026772
615 0.086375
616 0.021056
617 0.010038
618 0.010029
619 0.000386
620 0.000002
621 0.000000
622 0.000000
623 0.000000
624 0.000000
625 0.000000
626 0.000000
627 0.000000
628 0.000000
629 0.000000
630 0.000000
631 0.000000
632 0.000000
633 0.000000
634 0.000000
635 0.000000
636 0.000000
637 0.000000
638 0.000001
639 0.000065
640 0.000673
641 0.001742
642 0.000000
643 0.000000
644 0.010035
645 0.010027
646 0.001082
647 0.000105
648 0.000008
649 0.000000
650 0.000000
651 0.000000
652 0.000000
653 0.000000
654 0.000000
655 0.000000
656 0.000000
657 0.000000
658 0.000000
659 0.000000
660 0.000000
661 0.000000
662 0.000000
663 0.000000
664 0.000000
665 0.000002
666 0.000063
667 0.000080
668 0.000085
669 0.000000
670 0.000000
671 0.000000
672 0.000000
673 0.001180
674 0.000183
675 0.000026
676 0.000017
677 0.000011
678 0.000000
679 0.000000
680 0.000000
681 0.000001
682 0.000000
683 0.000000
684 0.000000
685 0.000000
686 0.000000
687 0.000000
688 0.000000
689 0.000000
690 0.000006
691 0.000003
692 0.000008
693 0.000059
694 0.000066
695 0.000085
696 0.000000
697 0.000000
698 0.000000
699 0.000000
700 0.000000
701 0.000000
702 0.000044
703 0.000020
704 0.000018
705 0.000017
706 0.000011
707 0.000010
708 0.000008
709 0.000005
710 0.000001
711 0.000000
712 0.000000
713 0.000000
714 0.000000
715 0.000000
716 0.000000
717 0.000001
718 0.000044
719 0.000047
720 0.000049
721 0.000063
722 0.000080
723 0.000000
724 0.000000
725 0.000000
726 0.000000
727 0.000000
728 0.000000
729 0.000000
730 0.000000
731 0.000000
732 0.000020
733 0.000018
734 0.000012
735 0.000011
736 0.000010
737 0.000007
738 0.000006
739 0.000000
740 0.000000
741 0.000000
742 0.000000
743 0.000000
744 0.000000
745 0.000002
746 0.000047
747 0.000059
748 0.000063
749 0.000080
750 0.000000
751 0.000000
752 0.000000
753 0.000000
754 0.000000
755 0.000000
756 0.000000
757 0.000000
758 0.000000
759 0.000000
760 0.000000
761 0.000020
762 0.000018
763 0.000012
764 0.000011
765 0.000010
766 0.000009
767 0.000001
768 0.000000
769 0.000000
770 0.000000
771 0.000000
772 0.000000
773 0.000012
774 0.000047
775 0.000052
776 0.000066
777 0.000000
778 0.000004
779 0.000003
780 0.000000
781 0.000000
782 0.000000
783 0.000000
