0 0.004522
1 0.004394
2 0.003960
3 0.004150
4 0.003722
5 0.003340
6 0.003214
7 0.004576
8 0.004028
9 0.004682
10 0.004256
11 0.003220
12 0.001784
13 0.001165
14 0.000998
15 0.000969
16 0.000593
17 0.000181
18 0.000303
19 0.000687
20 0.001282
21 0.001339
22 0.001611
23 0.001678
24 0.001526
25 0.001595
26 0.002168
27 0.003162
28 0.004085
29 0.004270
30 0.003839
31 0.003722
32 0.003609
33 0.003393
34 0.003028
35 0.002868
36 0.002223
37 0.002892
38 0.004308
39 0.002458
40 0.001270
41 0.000790
42 0.000927
43 0.001055
44 0.000677
45 0.000318
46 0.000254
47 0.000484
48 0.001059
49 0.001282
50 0.000007
51 0.000000
52 0.001469
53 0.001997
54 0.002918
55 0.005158
56 0.004270
57 0.003839
58 0.003722
59 0.003608
60 0.003392
61 0.003007
62 0.002914
63 0.001959
64 0.001431
65 0.001585
66 0.003182
67 0.001873
68 0.000815
69 0.000639
70 0.000708
71 0.001002
72 0.000670
73 0.000394
74 0.000156
75 0.000265
76 0.000015
77 0.000000
78 0.000000
79 0.000000
80 0.000000
81 0.002755
82 0.004973
83 0.008885
84 0.004150
85 0.003722
86 0.003323
87 0.003109
88 0.003007
89 0.002909
90 0.002723
91 0.001397
92 0.000867
93 0.001092
94 0.001282
95 0.001150
96 0.000575
97 0.000602
98 0.000586
99 0.000815
100 0.000948
101 0.000317
102 0.000003
103 0.000000
104 0.000000
105 0.000000
106 0.000000
107 0.000000
108 0.001071
109 0.004981
110 0.008752
111 0.010441
112 0.003721
113 0.003608
114 0.003108
115 0.003007
116 0.000000
117 0.000003
118 0.000008
119 0.000046
120 0.000005
121 0.000275
122 0.000568
123 0.000425
124 0.000500
125 0.000437
126 0.000650
127 0.000105
128 0.000017
129 0.000003
130 0.000000
131 0.000000
132 0.000000
133 0.000000
134 0.000000
135 0.000024
136 0.002837
137 0.008561
138 0.010255
139 0.010320
140 0.003637
141 0.003216
142 0.003007
143 0.002909
144 0.000000
145 0.000000
146 0.000005
147 0.000060
148 0.000003
149 0.000011
150 0.000009
151 0.000001
152 0.000003
153 0.000003
154 0.000008
155 0.000004
156 0.000001
157 0.000000
158 0.000000
159 0.000000
160 0.000000
161 0.000000
162 0.000007
163 0.001966
164 0.009497
165 0.010070
166 0.010064
167 0.008515
168 0.004068
169 0.003148
170 0.002918
171 0.002722
172 0.000000
173 0.000000
174 0.000000
175 0.000008
176 0.000117
177 0.000061
178 0.000001
179 0.000000
180 0.000000
181 0.000000
182 0.000000
183 0.000000
184 0.000000
185 0.000000
186 0.000000
187 0.000000
188 0.000000
189 0.000001
190 0.001957
191 0.004029
192 0.010127
193 0.009812
194 0.007793
195 0.008034
196 0.010768
197 0.005213
198 0.003245
199 0.002399
200 0.000028
201 0.000000
202 0.000000
203 0.000000
204 0.000013
205 0.000003
206 0.000002
207 0.000000
208 0.000000
209 0.000001
210 0.000001
211 0.000000
212 0.000000
213 0.000000
214 0.000000
215 0.000000
216 0.000000
217 0.000026
218 0.000901
219 0.003103
220 0.009921
221 0.007839
222 0.008873
223 0.010202
224 0.017088
225 0.013050
226 0.007919
227 0.003471
228 0.002192
229 0.000000
230 0.000000
231 0.000000
232 0.000000
233 0.000001
234 0.000000
235 0.000001
236 0.000000
237 0.000000
238 0.000001
239 0.000001
240 0.000000
241 0.000000
242 0.000000
243 0.000002
244 0.000027
245 0.000014
246 0.000056
247 0.000457
248 0.000670
249 0.001322
250 0.002254
251 0.003023
252 0.016568
253 0.019242
254 0.017696
255 0.009879
256 0.001531
257 0.000001
258 0.000000
259 0.000000
260 0.000000
261 0.000000
262 0.000000
263 0.000001
264 0.000000
265 0.000000
266 0.000000
267 0.000000
268 0.000000
269 0.000002
270 0.000236
271 0.005609
272 0.006713
273 0.000609
274 0.000916
275 0.004414
276 0.000374
277 0.000305
278 0.000291
279 0.000265
280 0.010000
281 0.009056
282 0.008132
283 0.004813
284 0.002508
285 0.000074
286 0.000000
287 0.000000
288 0.000000
289 0.000000
290 0.000000
291 0.000000
292 0.000000
293 0.000000
294 0.000000
295 0.000000
296 0.000000
297 0.000002
298 0.000148
299 0.999996
300 0.065609
301 0.005856
302 0.003996
303 0.036062
304 0.012618
305 0.004121
306 0.001421
307 0.000166
308 0.002839
309 0.002315
310 0.001944
311 0.004660
312 0.008340
313 0.008145
314 0.000006
315 0.000000
316 0.000000
317 0.000000
318 0.000000
319 0.000000
320 0.000000
321 0.000000
322 0.000000
323 0.000000
324 0.000001
325 0.000132
326 0.003385
327 0.004858
328 0.003140
329 0.000807
330 0.000544
331 0.014677
332 0.029206
333 0.006467
334 0.002499
335 0.001513
336 0.001288
337 0.001844
338 0.003387
339 0.006756
340 0.017887
341 0.036538
342 0.000093
343 0.000000
344 0.000000
345 0.000000
346 0.000000
347 0.000000
348 0.000000
349 0.000000
350 0.000000
351 0.000000
352 0.000011
353 0.005742
354 0.010043
355 0.004717
356 0.005212
357 0.001212
358 0.000081
359 0.000111
360 0.000861
361 0.001251
362 0.004736
363 0.004524
364 0.001708
365 0.003458
366 0.005510
367 0.007358
368 0.005500
369 0.999995
370 0.000153
371 0.000000
372 0.000000
373 0.000000
374 0.000000
375 0.000000
376 0.000000
377 0.000000
378 0.000000
379 0.000002
380 0.000041
381 0.001775
382 0.018160
383 0.999974
384 0.002438
385 0.000582
386 0.000022
387 0.000006
388 0.000097
389 0.000407
390 0.000556
391 0.000720
392 0.002342
393 0.002734
394 0.002581
395 0.002078
396 0.000821
397 0.000560
398 0.000013
399 0.000000
400 0.000000
401 0.000000
402 0.000000
403 0.000000
404 0.000000
405 0.000000
406 0.000001
407 0.000038
408 0.000283
409 0.000937
410 0.004968
411 0.009051
412 0.003121
413 0.000350
414 0.000013
415 0.000002
416 0.000017
417 0.000208
418 0.000233
419 0.000371
420 0.001996
421 0.001293
422 0.001259
423 0.000412
424 0.000144
425 0.000010
426 0.000000
427 0.000000
428 0.000000
429 0.000000
430 0.000000
431 0.000000
432 0.000000
433 0.000000
434 0.000002
435 0.000123
436 0.001217
437 0.000799
438 0.001096
439 0.001178
440 0.000641
441 0.000124
442 0.000037
443 0.000003
444 0.000004
445 0.000170
446 0.000217
447 0.000252
448 0.001653
449 0.000994
450 0.000481
451 0.000093
452 0.000032
453 0.000001
454 0.000000
455 0.000000
456 0.000000
457 0.000000
458 0.000000
459 0.000000
460 0.000000
461 0.000000
462 0.000002
463 0.000054
464 0.000372
465 0.000315
466 0.000090
467 0.000152
468 0.000133
469 0.000105
470 0.000041
471 0.000011
472 0.000007
473 0.000139
474 0.000300
475 0.000443
476 0.002697
477 0.001081
478 0.000299
479 0.000043
480 0.000003
481 0.000000
482 0.000000
483 0.000000
484 0.000000
485 0.000000
486 0.000000
487 0.000000
488 0.000000
489 0.000001
490 0.000004
491 0.000003
492 0.000004
493 0.000020
494 0.000025
495 0.000055
496 0.000106
497 0.000112
498 0.000018
499 0.000022
500 0.000037
501 0.000133
502 0.002603
503 0.002763
504 0.004189
505 0.001703
506 0.000357
507 0.000178
508 0.000001
509 0.000000
510 0.000000
511 0.000000
512 0.000000
513 0.000000
514 0.000000
515 0.000000
516 0.000000
517 0.000000
518 0.000000
519 0.000000
520 0.000000
521 0.000001
522 0.000020
523 0.000201
524 0.000776
525 0.000400
526 0.000521
527 0.000067
528 0.000057
529 0.000636
530 0.013054
531 0.010028
532 0.002330
533 0.001778
534 0.000488
535 0.000072
536 0.000001
537 0.000000
538 0.000000
539 0.000000
540 0.000000
541 0.000000
542 0.000000
543 0.000000
544 0.000000
545 0.000000
546 0.000000
547 0.000000
548 0.000000
549 0.000000
550 0.000004
551 0.000178
552 0.004539
553 0.033017
554 0.003434
555 0.001303
556 0.000327
557 0.000393
558 0.012438
559 0.019065
560 0.002169
561 0.002103
562 0.000896
563 0.000021
564 0.000000
565 0.000000
566 0.000000
567 0.000000
568 0.000000
569 0.000000
570 0.000000
571 0.000000
572 0.000000
573 0.000000
574 0.000000
575 0.000000
576 0.000000
577 0.000000
578 0.000001
579 0.000020
580 0.001130
581 0.999970
582 0.038805
583 0.007349
584 0.000159
585 0.004071
586 0.005529
587 0.010555
588 0.002468
589 0.002169
590 0.000357
591 0.000021
592 0.000001
593 0.000000
594 0.000001
595 0.000003
596 0.000003
597 0.000000
598 0.000000
599 0.000000
600 0.000000
601 0.000000
602 0.000000
603 0.000000
604 0.000000
605 0.000000
606 0.000000
607 0.000001
608 0.000021
609 0.000625
610 0.010398
611 0.016110
612 0.003046
613 0.002048
614 0.004067
615 0.004694
616 0.002615
617 0.002468
618 0.002169
619 0.000288
620 0.000008
621 0.000001
622 0.000001
623 0.000002
624 0.000002
625 0.000001
626 0.000000
627 0.000000
628 0.000000
629 0.000001
630 0.000001
631 0.000001
632 0.000000
633 0.000000
634 0.000000
635 0.000000
636 0.000001
637 0.000045
638 0.001197
639 0.010008
640 0.005905
641 0.003541
642 0.000000
643 0.000044
644 0.002691
645 0.002615
646 0.002541
647 0.002237
648 0.001068
649 0.000013
650 0.000002
651 0.000002
652 0.000004
653 0.000027
654 0.000031
655 0.000020
656 0.000032
657 0.000148
658 0.000163
659 0.000041
660 0.000013
661 0.000005
662 0.000002
663 0.000001
664 0.000003
665 0.000104
666 0.002292
667 0.005468
668 0.010008
669 0.000000
670 0.000001
671 0.000041
672 0.000000
673 0.002691
674 0.002615
675 0.002307
676 0.002468
677 0.002169
678 0.000044
679 0.000040
680 0.000348
681 0.001348
682 0.002432
683 0.000402
684 0.000148
685 0.000191
686 0.000210
687 0.000220
688 0.000288
689 0.000404
690 0.000106
691 0.000075
692 0.000145
693 0.000605
694 0.001222
695 0.002863
696 0.000000
697 0.000000
698 0.000001
699 0.000013
700 0.000000
701 0.000000
702 0.002691
703 0.002615
704 0.002541
705 0.002469
706 0.002657
707 0.004822
708 0.008157
709 0.010001
710 0.005025
711 0.000916
712 0.000235
713 0.000171
714 0.000258
715 0.000283
716 0.000353
717 0.000369
718 0.000396
719 0.000415
720 0.000434
721 0.000549
722 0.000769
723 0.000000
724 0.000000
725 0.000000
726 0.000000
727 0.000000
728 0.000000
729 0.000000
730 0.000000
731 0.000000
732 0.002615
733 0.002799
734 0.004053
735 0.006638
736 0.010001
737 0.010001
738 0.010001
739 0.001723
740 0.000406
741 0.000220
742 0.000270
743 0.000339
744 0.000437
745 0.000452
746 0.000415
747 0.000505
748 0.000528
749 0.000640
750 0.000000
751 0.000000
752 0.000000
753 0.000000
754 0.000001
755 0.000000
756 0.000000
757 0.000000
758 0.000000
759 0.000000
760 0.000000
761 0.003824
762 0.006108
763 0.010000
764 0.010001
765 0.010001
766 0.010001
767 0.003377
768 0.000712
769 0.000277
770 0.000283
771 0.000406
772 0.000459
773 0.000436
774 0.000415
775 0.000455
776 0.000552
777 0.000000
778 0.000092
779 0.000075
780 0.000002
781 0.000000
782 0.000000
783 0.000000
