0 0.010150
1 0.010152
2 0.010159
3 0.010156
4 0.010162
5 0.010167
6 0.010170
7 0.010171
8 0.010436
9 0.010390
10 0.010205
11 0.010208
12 0.010208
13 0.010210
14 0.010211
15 0.010214
16 0.010217
17 0.010221
18 0.010203
19 0.010182
20 0.010172
21 0.010171
22 0.010169
23 0.010169
24 0.010169
25 0.010169
26 0.010167
27 0.010167
28 0.010157
29 0.010154
30 0.010160
31 0.010162
32 0.010163
33 0.010166
34 0.010171
35 0.010431
36 0.010441
37 0.010366
38 0.010209
39 0.010209
40 0.010211
41 0.010211
42 0.010212
43 0.010216
44 0.010221
45 0.010221
46 0.010215
47 0.010191
48 0.010173
49 0.010171
50 0.010200
51 0.010110
52 0.010169
53 0.010168
54 0.010168
55 0.010167
56 0.010154
57 0.010160
58 0.010162
59 0.010163
60 0.010166
61 0.010170
62 0.010171
63 0.010434
64 0.010443
65 0.010211
66 0.010210
67 0.010213
68 0.010215
69 0.010216
70 0.010217
71 0.010220
72 0.010222
73 0.010224
74 0.010225
75 0.010203
76 0.010200
77 0.010205
78 0.010279
79 0.010111
80 0.010109
81 0.010169
82 0.010168
83 0.010169
84 0.010156
85 0.010162
86 0.010166
87 0.010168
88 0.010169
89 0.010170
90 0.010172
91 0.010439
92 0.010449
93 0.010213
94 0.010215
95 0.010215
96 0.010217
97 0.010216
98 0.010218
99 0.010222
100 0.010223
101 0.010253
102 0.010261
103 0.010249
104 0.010221
105 0.010209
106 0.010272
107 0.010262
108 0.010186
109 0.010169
110 0.010169
111 0.010168
112 0.010162
113 0.010163
114 0.010168
115 0.010169
116 0.011079
117 0.010740
118 0.010769
119 0.010664
120 0.010521
121 0.010228
122 0.010215
123 0.010216
124 0.010217
125 0.010219
126 0.010222
127 0.010252
128 0.010254
129 0.010260
130 0.010268
131 0.010262
132 0.010223
133 0.010271
134 0.010267
135 0.010274
136 0.010173
137 0.010171
138 0.010169
139 0.010168
140 0.010164
141 0.010168
142 0.010169
143 0.010170
144 0.011181
145 0.011127
146 0.011043
147 0.010817
148 0.010422
149 0.010381
150 0.010346
151 0.010312
152 0.010283
153 0.010279
154 0.010253
155 0.010256
156 0.010262
157 0.010268
158 0.010255
159 0.010260
160 0.010322
161 0.010283
162 0.010274
163 0.010185
164 0.010170
165 0.010171
166 0.010170
167 0.010169
168 0.010168
169 0.010170
170 0.010171
171 0.010172
172 0.010349
173 0.011214
174 0.011658
175 0.011027
176 0.010439
177 0.010422
178 0.010437
179 0.010420
180 0.010397
181 0.010368
182 0.010346
183 0.010324
184 0.010295
185 0.010280
186 0.010272
187 0.010355
188 0.010341
189 0.010302
190 0.010188
191 0.010180
192 0.010172
193 0.010172
194 0.010171
195 0.012230
196 0.010171
197 0.010171
198 0.010175
199 0.010176
200 0.010237
201 0.010827
202 0.011803
203 0.011739
204 0.010684
205 0.010435
206 0.010428
207 0.010424
208 0.010405
209 0.010372
210 0.010365
211 0.010354
212 0.010337
213 0.010326
214 0.010318
215 0.010410
216 0.010396
217 0.010347
218 0.010202
219 0.010184
220 0.010172
221 0.010273
222 0.013418
223 0.016926
224 0.010172
225 0.010175
226 0.010177
227 0.010177
228 0.010180
229 0.010813
230 0.011486
231 0.011285
232 0.011201
233 0.010678
234 0.010549
235 0.010382
236 0.010372
237 0.010362
238 0.010351
239 0.010347
240 0.010342
241 0.010341
242 0.010438
243 0.010443
244 0.010436
245 0.010303
246 0.010244
247 0.010206
248 0.010757
249 0.016098
250 0.017879
251 0.018281
252 0.010173
253 0.010177
254 0.010178
255 0.010205
256 0.010208
257 0.010781
258 0.010881
259 0.011172
260 0.011324
261 0.010996
262 0.010382
263 0.010368
264 0.010354
265 0.010351
266 0.010344
267 0.010338
268 0.010338
269 0.010442
270 0.010441
271 0.010441
272 0.010344
273 0.010323
274 0.010269
275 0.013463
276 0.016659
277 0.017883
278 0.017874
279 0.014855
280 0.010178
281 0.010206
282 0.010206
283 0.010210
284 0.010210
285 0.010725
286 0.010816
287 0.010646
288 0.011176
289 0.010392
290 0.010370
291 0.010358
292 0.010349
293 0.010341
294 0.010339
295 0.010337
296 0.010331
297 0.010334
298 0.010443
299 0.010339
300 0.010346
301 0.010442
302 0.014591
303 0.017144
304 0.017390
305 0.017206
306 0.013528
307 0.010391
308 0.010205
309 0.010207
310 0.010211
311 0.010214
312 0.010703
313 0.010672
314 0.010360
315 0.010422
316 0.010406
317 0.010384
318 0.010365
319 0.010348
320 0.010338
321 0.010334
322 0.010331
323 0.010332
324 0.010334
325 0.010333
326 0.010337
327 0.010340
328 0.012366
329 0.016640
330 0.017122
331 0.017200
332 0.016223
333 0.011113
334 0.010212
335 0.010208
336 0.010210
337 0.010188
338 0.010189
339 0.010192
340 0.010704
341 0.010706
342 0.010328
343 0.010395
344 0.010397
345 0.010377
346 0.010364
347 0.010346
348 0.010342
349 0.010333
350 0.010330
351 0.010328
352 0.010329
353 0.010336
354 0.010336
355 0.014576
356 0.016679
357 0.016711
358 0.017121
359 0.012936
360 0.010326
361 0.010213
362 0.010210
363 0.010210
364 0.010188
365 0.010189
366 0.010190
367 0.010194
368 0.010776
369 0.010707
370 0.010296
371 0.010370
372 0.010394
373 0.010372
374 0.010362
375 0.010350
376 0.010340
377 0.010332
378 0.010332
379 0.010326
380 0.010331
381 0.010884
382 0.015764
383 0.016647
384 0.016667
385 0.015824
386 0.010838
387 0.010309
388 0.010235
389 0.010212
390 0.010211
391 0.010209
392 0.010191
393 0.010193
394 0.010194
395 0.010782
396 0.010776
397 0.010286
398 0.010281
399 0.010344
400 0.010387
401 0.010376
402 0.010363
403 0.010353
404 0.010342
405 0.010334
406 0.010328
407 0.010331
408 0.012731
409 0.015187
410 0.015675
411 0.016164
412 0.012708
413 0.010481
414 0.010379
415 0.010353
416 0.010269
417 0.010213
418 0.010210
419 0.010210
420 0.010191
421 0.010197
422 0.010198
423 0.010780
424 0.010775
425 0.010297
426 0.010291
427 0.010328
428 0.010370
429 0.010380
430 0.010366
431 0.010353
432 0.010348
433 0.010338
434 0.010334
435 0.013200
436 0.013917
437 0.014594
438 0.015042
439 0.010714
440 0.010374
441 0.010375
442 0.010393
443 0.010638
444 0.010309
445 0.010212
446 0.010210
447 0.010209
448 0.010214
449 0.010220
450 0.010200
451 0.010779
452 0.010775
453 0.010302
454 0.010304
455 0.010315
456 0.010357
457 0.010378
458 0.010366
459 0.010364
460 0.010356
461 0.010951
462 0.012750
463 0.013133
464 0.013608
465 0.012302
466 0.010470
467 0.010374
468 0.010379
469 0.010390
470 0.011441
471 0.010929
472 0.010396
473 0.010235
474 0.010358
475 0.010559
476 0.010195
477 0.010206
478 0.010658
479 0.010749
480 0.010305
481 0.010306
482 0.010309
483 0.010518
484 0.010353
485 0.010378
486 0.010372
487 0.010369
488 0.011012
489 0.011547
490 0.012248
491 0.012563
492 0.010655
493 0.010365
494 0.010375
495 0.010378
496 0.010393
497 0.011602
498 0.011555
499 0.011209
500 0.010980
501 0.010621
502 0.010557
503 0.010556
504 0.010002
505 0.010137
506 0.010531
507 0.010605
508 0.010313
509 0.010322
510 0.010452
511 0.010584
512 0.010616
513 0.010375
514 0.010387
515 0.011140
516 0.011325
517 0.011336
518 0.011403
519 0.010369
520 0.010373
521 0.010377
522 0.010382
523 0.010394
524 0.011875
525 0.012228
526 0.011880
527 0.011888
528 0.011288
529 0.010637
530 0.010553
531 0.010041
532 0.010002
533 0.010002
534 0.010384
535 0.010511
536 0.010285
537 0.010299
538 0.010575
539 0.010589
540 0.010432
541 0.010500
542 0.010966
543 0.011118
544 0.011145
545 0.010434
546 0.010380
547 0.010382
548 0.010390
549 0.010391
550 0.010547
551 0.011923
552 0.012550
553 0.012436
554 0.012417
555 0.012071
556 0.011761
557 0.010407
558 0.010040
559 0.010040
560 0.010002
561 0.010002
562 0.010297
563 0.010237
564 0.010246
565 0.010513
566 0.010543
567 0.010498
568 0.010363
569 0.010455
570 0.010697
571 0.010945
572 0.010416
573 0.010395
574 0.010395
575 0.010398
576 0.011191
577 0.011212
578 0.011158
579 0.011431
580 0.011921
581 0.012616
582 0.011998
583 0.011946
584 0.011639
585 0.010039
586 0.010039
587 0.010037
588 0.010002
589 0.010002
590 0.010215
591 0.010220
592 0.010508
593 0.010512
594 0.010482
595 0.010333
596 0.010333
597 0.010477
598 0.010490
599 0.010523
600 0.010386
601 0.011177
602 0.011221
603 0.011236
604 0.011221
605 0.011236
606 0.011244
607 0.010361
608 0.010695
609 0.011154
610 0.012067
611 0.012030
612 0.010038
613 0.010038
614 0.010036
615 0.010036
616 0.010002
617 0.010002
618 0.010002
619 0.010489
620 0.010501
621 0.010568
622 0.010327
623 0.010421
624 0.010451
625 0.010402
626 0.010616
627 0.011308
628 0.011338
629 0.011283
630 0.011186
631 0.011235
632 0.010367
633 0.010389
634 0.010365
635 0.010352
636 0.010332
637 0.010412
638 0.010895
639 0.010037
640 0.010037
641 0.010035
642 0.012603
643 0.012967
644 0.010002
645 0.010002
646 0.010002
647 0.010002
648 0.010592
649 0.010400
650 0.010442
651 0.010448
652 0.011012
653 0.010947
654 0.011228
655 0.011322
656 0.011277
657 0.010075
658 0.010073
659 0.010255
660 0.010283
661 0.010285
662 0.010307
663 0.010319
664 0.010299
665 0.010236
666 0.010038
667 0.010035
668 0.010034
669 0.012600
670 0.012673
671 0.012875
672 0.014467
673 0.010002
674 0.010002
675 0.010002
676 0.010002
677 0.010002
678 0.010562
679 0.010614
680 0.010853
681 0.010882
682 0.010031
683 0.010061
684 0.010076
685 0.010071
686 0.010069
687 0.010067
688 0.010065
689 0.010057
690 0.010213
691 0.010223
692 0.010209
693 0.010040
694 0.010038
695 0.010035
696 0.012600
697 0.012600
698 0.012618
699 0.012820
700 0.014467
701 0.014467
702 0.010002
703 0.010002
704 0.010002
705 0.010002
706 0.010002
707 0.010002
708 0.010002
709 0.010002
710 0.010017
711 0.010047
712 0.010069
713 0.010073
714 0.010066
715 0.010063
716 0.010062
717 0.010058
718 0.010046
719 0.010045
720 0.010043
721 0.010040
722 0.010037
723 0.012625
724 0.012336
725 0.012638
726 0.012597
727 0.012599
728 0.014467
729 0.014467
730 0.014467
731 0.014467
732 0.010002
733 0.010002
734 0.010002
735 0.010002
736 0.010002
737 0.010002
738 0.010002
739 0.010036
740 0.010060
741 0.010069
742 0.010065
743 0.010063
744 0.010058
745 0.010053
746 0.010046
747 0.010042
748 0.010041
749 0.010038
750 0.011490
751 0.010552
752 0.010847
753 0.011874
754 0.012687
755 0.012597
756 0.014466
757 0.014467
758 0.015655
759 0.015919
760 0.014467
761 0.010002
762 0.010002
763 0.010002
764 0.010002
765 0.010002
766 0.010002
767 0.010024
768 0.010051
769 0.010066
770 0.010064
771 0.010062
772 0.010056
773 0.010048
774 0.010046
775 0.010044
776 0.010041
777 0.010402
778 0.010245
779 0.010251
780 0.010339
781 0.010471
782 0.011601
783 0.012598
