0 0.001406
1 0.001316
2 0.001752
3 0.003555
4 0.006445
5 0.010006
6 0.020812
7 0.006312
8 0.000358
9 0.000010
10 0.000006
11 0.000005
12 0.000006
13 0.000016
14 0.000051
15 0.000067
16 0.000068
17 0.000022
18 0.000059
19 0.000283
20 0.002681
21 0.011115
22 0.026123
23 0.014108
24 0.006272
25 0.003039
26 0.002120
27 0.001669
28 0.001113
29 0.001232
30 0.000967
31 0.001568
32 0.003329
33 0.007842
34 0.010009
35 0.009640
36 0.000263
37 0.000015
38 0.000004
39 0.000004
40 0.000006
41 0.000026
42 0.000088
43 0.000076
44 0.000030
45 0.000011
46 0.000009
47 0.000214
48 0.008624
49 0.023596
50 0.001243
51 0.000001
52 0.003039
53 0.002057
54 0.001301
55 0.001143
56 0.001232
57 0.000967
58 0.000902
59 0.000841
60 0.001332
61 0.003019
62 0.007734
63 0.002177
64 0.000310
65 0.000023
66 0.000011
67 0.000003
68 0.000008
69 0.000035
70 0.000064
71 0.000047
72 0.000012
73 0.000005
74 0.000005
75 0.000241
76 0.043852
77 0.000001
78 0.000001
79 0.000001
80 0.000001
81 0.001216
82 0.001039
83 0.000758
84 0.001154
85 0.000902
86 0.000701
87 0.000605
88 0.000563
89 0.001195
90 0.002740
91 0.000615
92 0.000246
93 0.000048
94 0.000014
95 0.000005
96 0.000013
97 0.000075
98 0.000068
99 0.000017
100 0.000006
101 0.000003
102 0.000016
103 0.000002
104 0.000001
105 0.000001
106 0.000001
107 0.000000
108 0.000000
109 0.000776
110 0.000672
111 0.000860
112 0.000902
113 0.000841
114 0.000605
115 0.000563
116 0.000001
117 0.000001
118 0.000004
119 0.000001
120 0.000001
121 0.000056
122 0.000038
123 0.000053
124 0.000034
125 0.000064
126 0.000025
127 0.000004
128 0.000006
129 0.000002
130 0.000001
131 0.000001
132 0.000001
133 0.000000
134 0.000000
135 0.000000
136 0.000005
137 0.000491
138 0.000633
139 0.000813
140 0.001155
141 0.000651
142 0.000563
143 0.000524
144 0.000000
145 0.000001
146 0.000001
147 0.000001
148 0.000002
149 0.000001
150 0.000002
151 0.000002
152 0.000014
153 0.000005
154 0.000013
155 0.000003
156 0.000001
157 0.000001
158 0.000001
159 0.000001
160 0.000001
161 0.000000
162 0.000000
163 0.000000
164 0.000500
165 0.000461
166 0.000596
167 0.000633
168 0.002345
169 0.000947
170 0.000524
171 0.000455
172 0.000002
173 0.000000
174 0.000000
175 0.000001
176 0.000001
177 0.000002
178 0.000007
179 0.000034
180 0.000041
181 0.000002
182 0.000001
183 0.000001
184 0.000001
185 0.000001
186 0.000001
187 0.000001
188 0.000001
189 0.000000
190 0.000000
191 0.000001
192 0.000383
193 0.000407
194 0.000433
195 0.001257
196 0.005403
197 0.002563
198 0.001022
199 0.000392
200 0.000007
201 0.000001
202 0.000000
203 0.000000
204 0.000000
205 0.000001
206 0.000006
207 0.999985
208 0.000413
209 0.000006
210 0.000001
211 0.000001
212 0.000001
213 0.000001
214 0.000001
215 0.000001
216 0.000000
217 0.000000
218 0.000000
219 0.000003
220 0.000383
221 0.000416
222 0.001545
223 0.008678
224 0.010546
225 0.006761
226 0.002898
227 0.001078
228 0.000388
229 0.000001
230 0.000001
231 0.000000
232 0.000000
233 0.000000
234 0.000001
235 0.000002
236 0.000005
237 0.000003
238 0.000002
239 0.000002
240 0.000002
241 0.000001
242 0.000001
243 0.000000
244 0.000000
245 0.000000
246 0.000000
247 0.000028
248 0.000055
249 0.000584
250 0.001857
251 0.003025
252 0.010532
253 0.010477
254 0.010341
255 0.003558
256 0.001119
257 0.000001
258 0.000001
259 0.000001
260 0.000000
261 0.000000
262 0.000000
263 0.000001
264 0.000001
265 0.000001
266 0.000004
267 0.000004
268 0.000002
269 0.000001
270 0.000001
271 0.000000
272 0.000000
273 0.000000
274 0.000001
275 0.000080
276 0.000343
277 0.000253
278 0.000330
279 0.000328
280 0.002702
281 0.006003
282 0.010476
283 0.010423
284 0.004485
285 0.000002
286 0.000001
287 0.000001
288 0.000000
289 0.000000
290 0.000000
291 0.000000
292 0.000001
293 0.000001
294 0.000017
295 0.000005
296 0.000001
297 0.000001
298 0.000001
299 0.000001
300 0.000000
301 0.000001
302 0.000001
303 0.001410
304 0.001331
305 0.001029
306 0.000274
307 0.000063
308 0.000751
309 0.001393
310 0.003096
311 0.007564
312 0.000794
313 0.000002
314 0.000001
315 0.000001
316 0.000001
317 0.000001
318 0.000000
319 0.000000
320 0.000001
321 0.000001
322 0.000003
323 0.000001
324 0.000001
325 0.000000
326 0.000000
327 0.000000
328 0.000001
329 0.000001
330 0.000002
331 0.000087
332 0.002930
333 0.000417
334 0.000206
335 0.000205
336 0.000224
337 0.000298
338 0.000564
339 0.000267
340 0.000004
341 0.000001
342 0.000001
343 0.000001
344 0.000002
345 0.000001
346 0.000001
347 0.000001
348 0.000001
349 0.000001
350 0.000001
351 0.000001
352 0.000001
353 0.000000
354 0.000000
355 0.000000
356 0.000001
357 0.000001
358 0.000001
359 0.000002
360 0.000160
361 0.000182
362 0.000241
363 0.000362
364 0.000192
365 0.000078
366 0.000018
367 0.000009
368 0.000001
369 0.000001
370 0.000001
371 0.000001
372 0.000002
373 0.000004
374 0.000002
375 0.000002
376 0.000002
377 0.000001
378 0.000001
379 0.000000
380 0.000001
381 0.000001
382 0.000000
383 0.000000
384 0.000000
385 0.000001
386 0.000001
387 0.000001
388 0.000026
389 0.000159
390 0.000182
391 0.000257
392 0.000032
393 0.000010
394 0.000003
395 0.000001
396 0.000001
397 0.000000
398 0.000001
399 0.000001
400 0.000002
401 0.000035
402 0.000068
403 0.000012
404 0.000001
405 0.000001
406 0.000000
407 0.000000
408 0.000000
409 0.000001
410 0.000001
411 0.000000
412 0.000000
413 0.000001
414 0.000001
415 0.000001
416 0.000001
417 0.000149
418 0.000170
419 0.000182
420 0.000008
421 0.000002
422 0.000002
423 0.000001
424 0.000001
425 0.000000
426 0.000001
427 0.000001
428 0.000002
429 0.000094
430 0.999975
431 0.000007
432 0.000001
433 0.000001
434 0.000000
435 0.000000
436 0.000000
437 0.000001
438 0.000001
439 0.000001
440 0.000000
441 0.000001
442 0.000001
443 0.000001
444 0.000001
445 0.000111
446 0.000149
447 0.000170
448 0.000007
449 0.000003
450 0.000002
451 0.000001
452 0.000000
453 0.000001
454 0.000001
455 0.000001
456 0.000002
457 0.000008
458 0.000007
459 0.000002
460 0.000001
461 0.000001
462 0.000001
463 0.000000
464 0.000000
465 0.000000
466 0.000000
467 0.000001
468 0.000001
469 0.000001
470 0.000001
471 0.000001
472 0.000001
473 0.000006
474 0.000086
475 0.000213
476 0.000038
477 0.000014
478 0.000002
479 0.000001
480 0.000000
481 0.000001
482 0.000001
483 0.000002
484 0.000002
485 0.000001
486 0.000001
487 0.000001
488 0.000001
489 0.000001
490 0.000001
491 0.000001
492 0.000000
493 0.000000
494 0.000000
495 0.000001
496 0.000001
497 0.000001
498 0.000001
499 0.000001
500 0.000001
501 0.000001
502 0.000170
503 0.000637
504 0.000396
505 0.000178
506 0.000001
507 0.000001
508 0.000001
509 0.000001
510 0.000002
511 0.000002
512 0.000001
513 0.000001
514 0.000001
515 0.000001
516 0.000001
517 0.000001
518 0.000001
519 0.000001
520 0.000001
521 0.000000
522 0.000000
523 0.000000
524 0.000001
525 0.000001
526 0.000001
527 0.000001
528 0.000001
529 0.000001
530 0.000590
531 0.002791
532 0.000368
533 0.000356
534 0.000003
535 0.000001
536 0.000001
537 0.000002
538 0.000002
539 0.000001
540 0.000001
541 0.000000
542 0.000000
543 0.000001
544 0.000001
545 0.000001
546 0.000000
547 0.000001
548 0.000001
549 0.000001
550 0.000001
551 0.000000
552 0.000001
553 0.000001
554 0.000001
555 0.000001
556 0.000001
557 0.000003
558 0.000962
559 0.001472
560 0.000527
561 0.001595
562 0.000009
563 0.000001
564 0.000001
565 0.000008
566 0.000004
567 0.000001
568 0.000001
569 0.000000
570 0.000000
571 0.000001
572 0.000001
573 0.000001
574 0.000000
575 0.000000
576 0.000000
577 0.000001
578 0.000001
579 0.000001
580 0.000001
581 0.000001
582 0.000001
583 0.000001
584 0.000002
585 0.000962
586 0.001001
587 0.001181
588 0.002150
589 0.004531
590 0.000322
591 0.000004
592 0.000003
593 0.000003
594 0.000001
595 0.000001
596 0.000000
597 0.000000
598 0.000000
599 0.000001
600 0.000001
601 0.000001
602 0.000001
603 0.000000
604 0.000000
605 0.000000
606 0.000001
607 0.000001
608 0.000001
609 0.000001
610 0.000001
611 0.000003
612 0.000925
613 0.000962
614 0.001137
615 0.001181
616 0.006051
617 0.012220
618 0.010024
619 0.000600
620 0.000008
621 0.000001
622 0.000001
623 0.000000
624 0.000000
625 0.000000
626 0.000000
627 0.000001
628 0.000001
629 0.000001
630 0.000001
631 0.000001
632 0.000001
633 0.000001
634 0.000001
635 0.000001
636 0.000001
637 0.000001
638 0.000003
639 0.000925
640 0.000962
641 0.001137
642 0.000001
643 0.000000
644 0.012653
645 0.010021
646 0.010017
647 0.008131
648 0.001112
649 0.000002
650 0.000001
651 0.000001
652 0.000001
653 0.000001
654 0.000001
655 0.000001
656 0.000003
657 0.000106
658 0.000082
659 0.000003
660 0.000001
661 0.000001
662 0.000001
663 0.000001
664 0.000001
665 0.000005
666 0.000925
667 0.001096
668 0.001137
669 0.000001
670 0.000001
671 0.000001
672 0.000001
673 0.010016
674 0.010008
675 0.003545
676 0.001551
677 0.000570
678 0.000003
679 0.000002
680 0.000003
681 0.000014
682 0.000069
683 0.000015
684 0.000027
685 0.000092
686 0.000183
687 0.000087
688 0.000053
689 0.000167
690 0.000119
691 0.000019
692 0.000053
693 0.000890
694 0.000962
695 0.001137
696 0.000001
697 0.000001
698 0.000001
699 0.000001
700 0.000001
701 0.000001
702 0.004503
703 0.002018
704 0.000761
705 0.000594
706 0.000468
707 0.000443
708 0.000396
709 0.000308
710 0.000139
711 0.000031
712 0.000023
713 0.000068
714 0.000199
715 0.000121
716 0.000167
717 0.000656
718 0.002960
719 0.001483
720 0.000779
721 0.000926
722 0.001096
723 0.000001
724 0.000001
725 0.000001
726 0.000001
727 0.000001
728 0.000001
729 0.000001
730 0.000000
731 0.000000
732 0.000661
733 0.000627
734 0.000495
735 0.000468
736 0.000443
737 0.000347
738 0.000308
739 0.000072
740 0.000021
741 0.000052
742 0.000134
743 0.000280
744 0.000363
745 0.002468
746 0.005440
747 0.002671
748 0.001378
749 0.001096
750 0.000001
751 0.000001
752 0.000001
753 0.000001
754 0.000001
755 0.000001
756 0.000001
757 0.000000
758 0.000000
759 0.000000
760 0.000000
761 0.000661
762 0.000627
763 0.000495
764 0.000468
765 0.000443
766 0.000418
767 0.000169
768 0.000035
769 0.000055
770 0.000118
771 0.000292
772 0.000786
773 0.005734
774 0.008572
775 0.004166
776 0.002435
777 0.000001
778 0.000021
779 0.000012
780 0.000001
781 0.000001
782 0.000001
783 0.000001
