0 0.004254
1 0.004125
2 0.003688
3 0.003878
4 0.003450
5 0.003054
6 0.003115
7 0.004554
8 0.001709
9 0.000916
10 0.001688
11 0.002930
12 0.004547
13 0.002572
14 0.000535
15 0.000180
16 0.000244
17 0.000470
18 0.000898
19 0.001084
20 0.001390
21 0.001450
22 0.001735
23 0.001805
24 0.001646
25 0.001718
26 0.002285
27 0.003351
28 0.003814
29 0.003999
30 0.003567
31 0.003450
32 0.003336
33 0.003122
34 0.002743
35 0.002237
36 0.000649
37 0.000646
38 0.001617
39 0.002260
40 0.004084
41 0.003484
42 0.000977
43 0.000132
44 0.000138
45 0.000371
46 0.000792
47 0.001130
48 0.001153
49 0.001390
50 0.000001
51 0.000000
52 0.001585
53 0.002123
54 0.003141
55 0.005313
56 0.003999
57 0.003567
58 0.003450
59 0.003336
60 0.003122
61 0.002743
62 0.002647
63 0.000875
64 0.000339
65 0.000456
66 0.001548
67 0.001964
68 0.002251
69 0.003081
70 0.000943
71 0.000204
72 0.000088
73 0.000188
74 0.000550
75 0.000877
76 0.000009
77 0.000000
78 0.000000
79 0.000000
80 0.000000
81 0.002988
82 0.005165
83 0.007681
84 0.003878
85 0.003450
86 0.003054
87 0.002842
88 0.002743
89 0.002647
90 0.002465
91 0.000381
92 0.000160
93 0.000416
94 0.000928
95 0.001597
96 0.001623
97 0.001720
98 0.001229
99 0.000434
100 0.000088
101 0.000058
102 0.000003
103 0.000000
104 0.000000
105 0.000000
106 0.000000
107 0.000000
108 0.005573
109 0.004973
110 0.007626
111 0.009740
112 0.003449
113 0.003336
114 0.002842
115 0.002743
116 0.000000
117 0.000000
118 0.000000
119 0.000000
120 0.000005
121 0.000222
122 0.000636
123 0.001025
124 0.000955
125 0.000686
126 0.001355
127 0.000099
128 0.000003
129 0.000000
130 0.000000
131 0.000000
132 0.000000
133 0.000000
134 0.000000
135 0.000104
136 0.004836
137 0.007662
138 0.009947
139 0.010792
140 0.003336
141 0.002946
142 0.002743
143 0.002647
144 0.000000
145 0.000000
146 0.000000
147 0.000000
148 0.000000
149 0.000000
150 0.000000
151 0.000009
152 0.000023
153 0.000008
154 0.000008
155 0.000001
156 0.000000
157 0.000000
158 0.000000
159 0.000000
160 0.000000
161 0.000000
162 0.000032
163 0.004592
164 0.008957
165 0.010375
166 0.010534
167 0.010081
168 0.002946
169 0.002743
170 0.002647
171 0.002465
172 0.000000
173 0.000000
174 0.000000
175 0.000000
176 0.000000
177 0.000000
178 0.000000
179 0.000000
180 0.000000
181 0.000000
182 0.000000
183 0.000000
184 0.000000
185 0.000000
186 0.000000
187 0.000000
188 0.000000
189 0.000013
190 0.009700
191 0.009656
192 0.010655
193 0.010278
194 0.009677
195 0.007349
196 0.002743
197 0.002647
198 0.002309
199 0.002140
200 0.000006
201 0.000000
202 0.000000
203 0.000000
204 0.000000
205 0.000000
206 0.000000
207 0.000000
208 0.000000
209 0.000000
210 0.000000
211 0.000000
212 0.000000
213 0.000000
214 0.000000
215 0.000000
216 0.000003
217 0.004671
218 0.010059
219 0.011016
220 0.010635
221 0.008890
222 0.006458
223 0.003868
224 0.002664
225 0.002324
226 0.002140
227 0.002060
228 0.001706
229 0.000000
230 0.000000
231 0.000000
232 0.000000
233 0.000000
234 0.000000
235 0.000000
236 0.000000
237 0.000000
238 0.000000
239 0.000000
240 0.000000
241 0.000000
242 0.000000
243 0.000000
244 0.000185
245 0.999998
246 0.010334
247 0.010421
248 0.007861
249 0.004493
250 0.002839
251 0.001919
252 0.002571
253 0.002154
254 0.002074
255 0.001402
256 0.000476
257 0.000000
258 0.000000
259 0.000000
260 0.000000
261 0.000000
262 0.000000
263 0.000000
264 0.000000
265 0.000000
266 0.000000
267 0.000000
268 0.000000
269 0.000000
270 0.000000
271 0.000000
272 0.000031
273 0.000281
274 0.000953
275 0.001876
276 0.002754
277 0.001915
278 0.001320
279 0.001160
280 0.002946
281 0.001031
282 0.000655
283 0.000334
284 0.000211
285 0.000000
286 0.000000
287 0.000000
288 0.000000
289 0.000000
290 0.000000
291 0.000000
292 0.000000
293 0.000000
294 0.000000
295 0.000000
296 0.000000
297 0.000003
298 0.000027
299 0.000057
300 0.000001
301 0.000005
302 0.000039
303 0.000061
304 0.000093
305 0.000144
306 0.000279
307 0.000605
308 0.001641
309 0.000874
310 0.000349
311 0.000141
312 0.000019
313 0.000003
314 0.000000
315 0.000000
316 0.000000
317 0.000000
318 0.000000
319 0.000000
320 0.000000
321 0.000000
322 0.000000
323 0.000000
324 0.000001
325 0.001241
326 0.036469
327 0.000940
328 0.000031
329 0.000006
330 0.000004
331 0.000004
332 0.000007
333 0.000017
334 0.000036
335 0.000102
336 0.001923
337 0.000925
338 0.000500
339 0.000232
340 0.000005
341 0.000002
342 0.000000
343 0.000000
344 0.000000
345 0.000000
346 0.000000
347 0.000000
348 0.000000
349 0.000000
350 0.000000
351 0.000000
352 0.000000
353 0.000271
354 0.999992
355 0.013356
356 0.000148
357 0.000006
358 0.000009
359 0.000029
360 0.000017
361 0.000006
362 0.000009
363 0.000017
364 0.001559
365 0.001780
366 0.000872
367 0.000371
368 0.000008
369 0.000006
370 0.000005
371 0.000000
372 0.000000
373 0.000000
374 0.000000
375 0.000000
376 0.000000
377 0.000000
378 0.000000
379 0.000000
380 0.000001
381 0.000032
382 0.000270
383 0.001665
384 0.000144
385 0.000027
386 0.000008
387 0.000085
388 0.000162
389 0.000167
390 0.000038
391 0.000013
392 0.000505
393 0.000486
394 0.000514
395 0.000198
396 0.000058
397 0.000164
398 0.001639
399 0.000000
400 0.000000
401 0.000000
402 0.000000
403 0.000000
404 0.000000
405 0.000000
406 0.000000
407 0.000001
408 0.000003
409 0.000006
410 0.000020
411 0.000026
412 0.000040
413 0.000004
414 0.000002
415 0.000034
416 0.000526
417 0.000711
418 0.000502
419 0.000290
420 0.000168
421 0.000221
422 0.000428
423 0.000063
424 0.000143
425 0.999998
426 0.000555
427 0.000000
428 0.000000
429 0.000000
430 0.000000
431 0.000000
432 0.000000
433 0.000000
434 0.000000
435 0.000000
436 0.000003
437 0.000003
438 0.000001
439 0.000005
440 0.000008
441 0.000002
442 0.000001
443 0.000001
444 0.000080
445 0.002168
446 0.003196
447 0.002809
448 0.000305
449 0.000279
450 0.000393
451 0.000056
452 0.000094
453 0.002277
454 0.000025
455 0.000000
456 0.000000
457 0.000000
458 0.000000
459 0.000000
460 0.000000
461 0.000000
462 0.000000
463 0.000000
464 0.000000
465 0.000000
466 0.000002
467 0.000002
468 0.000004
469 0.000003
470 0.000000
471 0.000000
472 0.000014
473 0.000671
474 0.004112
475 0.018674
476 0.001560
477 0.001542
478 0.000464
479 0.000045
480 0.000084
481 0.000020
482 0.000000
483 0.000000
484 0.000000
485 0.000000
486 0.000000
487 0.000000
488 0.000000
489 0.000000
490 0.000000
491 0.000000
492 0.000000
493 0.000000
494 0.000000
495 0.000007
496 0.000007
497 0.000004
498 0.000001
499 0.000000
500 0.000003
501 0.000389
502 0.007897
503 0.008423
504 0.008940
505 0.007150
506 0.000338
507 0.000088
508 0.000254
509 0.000001
510 0.000000
511 0.000000
512 0.000000
513 0.000000
514 0.000000
515 0.000000
516 0.000000
517 0.000000
518 0.000000
519 0.000000
520 0.000000
521 0.000000
522 0.000000
523 0.000001
524 0.000089
525 0.000202
526 0.000037
527 0.000002
528 0.000001
529 0.000095
530 0.003411
531 0.007767
532 0.010001
533 0.006545
534 0.000621
535 0.000513
536 0.000062
537 0.000001
538 0.000000
539 0.000000
540 0.000000
541 0.000000
542 0.000000
543 0.000000
544 0.000000
545 0.000000
546 0.000000
547 0.000000
548 0.000000
549 0.000000
550 0.000000
551 0.000000
552 0.000021
553 0.999992
554 0.002308
555 0.000054
556 0.000004
557 0.000033
558 0.001186
559 0.002390
560 0.005977
561 0.003822
562 0.000615
563 0.000782
564 0.000019
565 0.000000
566 0.000000
567 0.000000
568 0.000000
569 0.000000
570 0.000000
571 0.000000
572 0.000000
573 0.000000
574 0.000000
575 0.000000
576 0.000000
577 0.000000
578 0.000000
579 0.000000
580 0.000002
581 0.000116
582 0.010210
583 0.002000
584 0.000051
585 0.000953
586 0.000801
587 0.001030
588 0.003937
589 0.002277
590 0.001372
591 0.000069
592 0.000003
593 0.000000
594 0.000001
595 0.000001
596 0.000000
597 0.000000
598 0.000000
599 0.000000
600 0.000000
601 0.000000
602 0.000000
603 0.000000
604 0.000000
605 0.000000
606 0.000000
607 0.000000
608 0.000000
609 0.000004
610 0.000310
611 0.007116
612 0.006001
613 0.002332
614 0.001228
615 0.000836
616 0.002485
617 0.002248
618 0.001966
619 0.000629
620 0.000007
621 0.000001
622 0.000000
623 0.000001
624 0.000000
625 0.000000
626 0.000000
627 0.000000
628 0.000000
629 0.000000
630 0.000000
631 0.000000
632 0.000000
633 0.000000
634 0.000000
635 0.000000
636 0.000000
637 0.000002
638 0.000093
639 0.003665
640 0.009999
641 0.007798
642 0.000000
643 0.000000
644 0.002460
645 0.002387
646 0.002317
647 0.002030
648 0.000924
649 0.000012
650 0.000002
651 0.000001
652 0.000001
653 0.000005
654 0.000004
655 0.000004
656 0.000010
657 0.000039
658 0.000045
659 0.000011
660 0.000003
661 0.000001
662 0.000001
663 0.000000
664 0.000001
665 0.000015
666 0.000481
667 0.001480
668 0.003792
669 0.000000
670 0.000000
671 0.000001
672 0.000000
673 0.002460
674 0.002387
675 0.002095
676 0.002248
677 0.001966
678 0.000043
679 0.000025
680 0.000093
681 0.000944
682 0.001613
683 0.000152
684 0.000039
685 0.000055
686 0.000063
687 0.000067
688 0.000076
689 0.000122
690 0.000033
691 0.000024
692 0.000048
693 0.000201
694 0.000226
695 0.000650
696 0.000000
697 0.000000
698 0.000000
699 0.000000
700 0.000000
701 0.000000
702 0.002460
703 0.002387
704 0.002317
705 0.002257
706 0.002013
707 0.002729
708 0.004540
709 0.007932
710 0.004191
711 0.000452
712 0.000075
713 0.000048
714 0.000082
715 0.000093
716 0.000099
717 0.000105
718 0.000146
719 0.000155
720 0.000165
721 0.000213
722 0.000275
723 0.000000
724 0.000000
725 0.000000
726 0.000000
727 0.000000
728 0.000000
729 0.000000
730 0.000000
731 0.000000
732 0.002387
733 0.002361
734 0.002334
735 0.003855
736 0.007204
737 0.010000
738 0.010000
739 0.001039
740 0.000154
741 0.000067
742 0.000088
743 0.000099
744 0.000129
745 0.000137
746 0.000155
747 0.000201
748 0.000213
749 0.000275
750 0.000000
751 0.000000
752 0.000000
753 0.000000
754 0.000000
755 0.000000
756 0.000000
757 0.000000
758 0.000000
759 0.000000
760 0.000000
761 0.002460
762 0.003604
763 0.005924
764 0.010000
765 0.010000
766 0.010000
767 0.002506
768 0.000327
769 0.000091
770 0.000093
771 0.000105
772 0.000137
773 0.000179
774 0.000155
775 0.000175
776 0.000226
777 0.000000
778 0.000035
779 0.000025
780 0.000000
781 0.000000
782 0.000000
783 0.000000
