0 0.004183
1 0.004183
2 0.003892
3 0.004239
4 0.004877
5 0.006459
6 0.008573
7 0.009205
8 0.002108
9 0.000244
10 0.000104
11 0.000067
12 0.000072
13 0.000073
14 0.000071
15 0.000070
16 0.000057
17 0.000048
18 0.000165
19 0.000553
20 0.001881
21 0.003216
22 0.006314
23 0.007046
24 0.006892
25 0.006892
26 0.004913
27 0.003496
28 0.003872
29 0.004183
30 0.003872
31 0.003892
32 0.003934
33 0.005241
34 0.006930
35 0.006213
36 0.001009
37 0.000201
38 0.000109
39 0.000065
40 0.000052
41 0.000064
42 0.000058
43 0.000051
44 0.000042
45 0.000048
46 0.000078
47 0.000587
48 0.002840
49 0.005674
50 0.000001
51 0.000000
52 0.006892
53 0.004798
54 0.002874
55 0.002131
56 0.004183
57 0.003872
58 0.003872
59 0.003872
60 0.003892
61 0.003910
62 0.005209
63 0.002196
64 0.000514
65 0.000181
66 0.000166
67 0.000078
68 0.000038
69 0.000038
70 0.000039
71 0.000036
72 0.000037
73 0.000033
74 0.000058
75 0.000504
76 0.000011
77 0.000000
78 0.000001
79 0.000000
80 0.000000
81 0.002725
82 0.001978
83 0.001396
84 0.004056
85 0.003872
86 0.003584
87 0.003584
88 0.003585
89 0.003613
90 0.003910
91 0.000762
92 0.000188
93 0.000169
94 0.000179
95 0.000100
96 0.000053
97 0.000035
98 0.000032
99 0.000028
100 0.000030
101 0.000014
102 0.000000
103 0.000000
104 0.000001
105 0.000003
106 0.000000
107 0.000000
108 0.000000
109 0.001572
110 0.001270
111 0.001760
112 0.003402
113 0.003629
114 0.003584
115 0.003584
116 0.000000
117 0.000000
118 0.000000
119 0.000000
120 0.000001
121 0.000044
122 0.000169
123 0.000155
124 0.000086
125 0.000036
126 0.000024
127 0.000002
128 0.000000
129 0.000000
130 0.000000
131 0.000000
132 0.000001
133 0.000005
134 0.000002
135 0.000000
136 0.001478
137 0.000991
138 0.001507
139 0.002251
140 0.003056
141 0.002946
142 0.003170
143 0.003465
144 0.000000
145 0.000000
146 0.000000
147 0.000000
148 0.000000
149 0.000000
150 0.000000
151 0.000000
152 0.000001
153 0.000000
154 0.000000
155 0.000000
156 0.000000
157 0.000000
158 0.000000
159 0.000001
160 0.000045
161 0.000001
162 0.000000
163 0.000000
164 0.001027
165 0.001293
166 0.001982
167 0.002540
168 0.002609
169 0.002485
170 0.002648
171 0.002937
172 0.000001
173 0.000000
174 0.000000
175 0.000000
176 0.000000
177 0.000000
178 0.000000
179 0.000000
180 0.000000
181 0.000000
182 0.000000
183 0.000000
184 0.000000
185 0.000000
186 0.000004
187 0.000149
188 0.000001
189 0.000000
190 0.000000
191 0.000011
192 0.001270
193 0.001708
194 0.002465
195 0.003635
196 0.002411
197 0.002319
198 0.001995
199 0.002170
200 0.000032
201 0.000000
202 0.000000
203 0.000000
204 0.000000
205 0.000000
206 0.000000
207 0.000000
208 0.000000
209 0.000000
210 0.000000
211 0.000000
212 0.000000
213 0.000001
214 0.000011
215 0.000000
216 0.000000
217 0.000000
218 0.000000
219 0.000526
220 0.001895
221 0.002815
222 0.003639
223 0.004504
224 0.002531
225 0.001995
226 0.001835
227 0.001760
228 0.001664
229 0.000000
230 0.000000
231 0.000000
232 0.000000
233 0.000000
234 0.000000
235 0.000000
236 0.000000
237 0.000000
238 0.000000
239 0.000000
240 0.000001
241 0.000003
242 0.000000
243 0.000000
244 0.000000
245 0.000000
246 0.000000
247 0.000105
248 0.000300
249 0.000572
250 0.001093
251 0.001632
252 0.003860
253 0.002448
254 0.001760
255 0.001112
256 0.000290
257 0.000000
258 0.000000
259 0.000000
260 0.000000
261 0.000000
262 0.000000
263 0.000000
264 0.000000
265 0.000048
266 0.000630
267 0.004967
268 0.000074
269 0.000000
270 0.000000
271 0.000000
272 0.000000
273 0.000000
274 0.000001
275 0.000042
276 0.000072
277 0.000136
278 0.000208
279 0.000360
280 0.005957
281 0.001838
282 0.000704
283 0.000192
284 0.000076
285 0.000000
286 0.000000
287 0.000000
288 0.000000
289 0.000000
290 0.000000
291 0.000000
292 0.000001
293 0.000202
294 0.034679
295 0.999996
296 0.000134
297 0.000000
298 0.000000
299 0.000000
300 0.000000
301 0.000000
302 0.000001
303 0.000071
304 0.000081
305 0.000128
306 0.000172
307 0.000184
308 0.001905
309 0.001113
310 0.000357
311 0.000111
312 0.000007
313 0.000000
314 0.000000
315 0.000000
316 0.000000
317 0.000000
318 0.000000
319 0.000001
320 0.000028
321 0.000618
322 0.000126
323 0.000257
324 0.000057
325 0.000001
326 0.000000
327 0.000000
328 0.000000
329 0.000000
330 0.000001
331 0.000018
332 0.000193
333 0.000213
334 0.000170
335 0.000143
336 0.000924
337 0.000523
338 0.000368
339 0.000206
340 0.000003
341 0.000000
342 0.000000
343 0.000000
344 0.000000
345 0.000000
346 0.000000
347 0.000005
348 0.000153
349 0.000044
350 0.000022
351 0.000004
352 0.000002
353 0.000000
354 0.000000
355 0.000000
356 0.000000
357 0.000000
358 0.000002
359 0.000027
360 0.000417
361 0.000153
362 0.000132
363 0.000092
364 0.000981
365 0.000908
366 0.000420
367 0.000294
368 0.000001
369 0.000000
370 0.000000
371 0.000000
372 0.000000
373 0.000001
374 0.000001
375 0.000002
376 0.000004
377 0.000071
378 0.000005
379 0.000002
380 0.000000
381 0.000000
382 0.000000
383 0.000000
384 0.000000
385 0.000009
386 0.000003
387 0.000021
388 0.000337
389 0.000391
390 0.000150
391 0.000134
392 0.000367
393 0.000376
394 0.000391
395 0.000066
396 0.000000
397 0.000000
398 0.000001
399 0.000000
400 0.000000
401 0.000001
402 0.000001
403 0.000001
404 0.000000
405 0.000001
406 0.000005
407 0.000005
408 0.000000
409 0.000000
410 0.000000
411 0.000000
412 0.000003
413 0.000004
414 0.000002
415 0.000005
416 0.000093
417 0.000756
418 0.000932
419 0.000927
420 0.000089
421 0.000142
422 0.000167
423 0.000005
424 0.000000
425 0.000001
426 0.000007
427 0.000001
428 0.000000
429 0.000000
430 0.000007
431 0.000001
432 0.000000
433 0.000000
434 0.000002
435 0.000004
436 0.000004
437 0.000000
438 0.000001
439 0.000002
440 0.000003
441 0.000001
442 0.000000
443 0.000000
444 0.000027
445 0.006159
446 0.004891
447 0.004108
448 0.000101
449 0.000055
450 0.000057
451 0.000002
452 0.000000
453 0.000001
454 0.000005
455 0.000002
456 0.000000
457 0.000001
458 0.000008
459 0.000006
460 0.000000
461 0.000000
462 0.000000
463 0.000001
464 0.000003
465 0.000008
466 0.000003
467 0.000021
468 0.000004
469 0.000000
470 0.000000
471 0.000000
472 0.000010
473 0.003089
474 0.006030
475 0.006367
476 0.000301
477 0.000241
478 0.000194
479 0.000002
480 0.000000
481 0.000000
482 0.000000
483 0.000001
484 0.000000
485 0.000001
486 0.000033
487 0.000107
488 0.000106
489 0.000015
490 0.000001
491 0.000000
492 0.000000
493 0.000001
494 0.000056
495 0.000053
496 0.000017
497 0.000001
498 0.000000
499 0.000000
500 0.000001
501 0.000195
502 0.006774
503 0.007745
504 0.001869
505 0.005833
506 0.000618
507 0.000004
508 0.000000
509 0.000000
510 0.000000
511 0.000000
512 0.000000
513 0.000001
514 0.000023
515 0.003541
516 0.999997
517 0.001303
518 0.000002
519 0.000000
520 0.000000
521 0.000000
522 0.000008
523 0.999997
524 0.000629
525 0.000011
526 0.000000
527 0.000000
528 0.000000
529 0.000040
530 0.002662
531 0.008389
532 0.010216
533 0.042857
534 0.000732
535 0.000004
536 0.000000
537 0.000000
538 0.000000
539 0.000001
540 0.000001
541 0.000000
542 0.000012
543 0.000421
544 0.000193
545 0.000117
546 0.000005
547 0.000000
548 0.000000
549 0.000000
550 0.000001
551 0.000078
552 0.002331
553 0.000298
554 0.000008
555 0.000000
556 0.000001
557 0.000037
558 0.002206
559 0.003672
560 0.039893
561 0.057071
562 0.000277
563 0.000002
564 0.000001
565 0.000002
566 0.000004
567 0.000023
568 0.000207
569 0.000103
570 0.000006
571 0.000001
572 0.000000
573 0.000001
574 0.000000
575 0.000000
576 0.000000
577 0.000000
578 0.000000
579 0.000002
580 0.000050
581 0.002136
582 0.000499
583 0.000017
584 0.000025
585 0.000996
586 0.001040
587 0.001984
588 0.044735
589 0.025326
590 0.000692
591 0.000010
592 0.000002
593 0.000008
594 0.000124
595 0.003147
596 0.027941
597 0.000388
598 0.000003
599 0.000000
600 0.000000
601 0.000000
602 0.000000
603 0.000000
604 0.000000
605 0.000000
606 0.000001
607 0.000002
608 0.000011
609 0.000124
610 0.003474
611 0.001534
612 0.003418
613 0.001823
614 0.001197
615 0.000932
616 0.018989
617 0.010003
618 0.010002
619 0.001142
620 0.000180
621 0.000432
622 0.003302
623 0.001115
624 0.000701
625 0.000043
626 0.000000
627 0.000000
628 0.000000
629 0.000000
630 0.000001
631 0.000000
632 0.000000
633 0.000000
634 0.000000
635 0.000003
636 0.000010
637 0.000053
638 0.001274
639 0.010001
640 0.006965
641 0.004188
642 0.000000
643 0.000000
644 0.010002
645 0.010002
646 0.010001
647 0.010000
648 0.007939
649 0.006569
650 0.000198
651 0.000028
652 0.000011
653 0.000039
654 0.000005
655 0.000001
656 0.000002
657 0.000034
658 0.000128
659 0.000047
660 0.000011
661 0.000006
662 0.000001
663 0.000001
664 0.000005
665 0.000127
666 0.004297
667 0.010454
668 0.010001
669 0.000000
670 0.000000
671 0.000000
672 0.000000
673 0.010001
674 0.010000
675 0.010000
676 0.007581
677 0.012713
678 0.000225
679 0.000173
680 0.000324
681 0.000519
682 0.000473
683 0.000032
684 0.000009
685 0.000026
686 0.000077
687 0.000485
688 0.001791
689 0.003101
690 0.000303
691 0.000073
692 0.000125
693 0.001131
694 0.002293
695 0.005292
696 0.000000
697 0.000000
698 0.000000
699 0.000000
700 0.000000
701 0.000000
702 0.010000
703 0.008123
704 0.012222
705 0.012440
706 0.015614
707 0.010002
708 0.007384
709 0.002944
710 0.000570
711 0.000074
712 0.000018
713 0.000017
714 0.000059
715 0.000546
716 0.004697
717 0.005575
718 0.002294
719 0.001020
720 0.000489
721 0.000588
722 0.001435
723 0.000000
724 0.000000
725 0.000000
726 0.000000
727 0.000000
728 0.000000
729 0.000000
730 0.000000
731 0.000000
732 0.011827
733 0.014896
734 0.010002
735 0.010001
736 0.004175
737 0.001760
738 0.000938
739 0.000173
740 0.000039
741 0.000017
742 0.000044
743 0.000451
744 0.006785
745 0.010003
746 0.004772
747 0.002031
748 0.000937
749 0.000717
750 0.000000
751 0.000000
752 0.000000
753 0.000000
754 0.000000
755 0.000000
756 0.000000
757 0.000000
758 0.000001
759 0.000002
760 0.000000
761 0.010002
762 0.010002
763 0.005700
764 0.002807
765 0.001220
766 0.001164
767 0.000407
768 0.000072
769 0.000026
770 0.000054
771 0.000464
772 0.004608
773 0.010002
774 0.008300
775 0.003454
776 0.001821
777 0.000000
778 0.000069
779 0.000049
780 0.000001
781 0.000000
782 0.000000
783 0.000000
