0 0.002012
1 0.001902
2 0.001553
3 0.001700
4 0.001376
5 0.001107
6 0.000974
7 0.000914
8 0.000205
9 0.000038
10 0.000026
11 0.000021
12 0.000022
13 0.000020
14 0.000024
15 0.000031
16 0.000044
17 0.000059
18 0.000443
19 0.002746
20 0.004165
21 0.002324
22 0.001880
23 0.001577
24 0.001372
25 0.001438
26 0.001731
27 0.001809
28 0.001649
29 0.001798
30 0.001462
31 0.001376
32 0.001296
33 0.001151
34 0.000914
35 0.000593
36 0.000073
37 0.000017
38 0.000015
39 0.000016
40 0.000014
41 0.000017
42 0.000025
43 0.000033
44 0.000046
45 0.000075
46 0.000158
47 0.000802
48 0.002222
49 0.001618
50 0.000000
51 0.000000
52 0.001309
53 0.001586
54 0.001438
55 0.001731
56 0.001798
57 0.001462
58 0.001376
59 0.001296
60 0.001151
61 0.000914
62 0.000859
63 0.000248
64 0.000035
65 0.000011
66 0.000013
67 0.000010
68 0.000008
69 0.000013
70 0.000023
71 0.000038
72 0.000067
73 0.000070
74 0.000052
75 0.000180
76 0.000000
77 0.000000
78 0.000000
79 0.000000
80 0.000000
81 0.001309
82 0.001586
83 0.001438
84 0.001700
85 0.001376
86 0.001107
87 0.000974
88 0.000914
89 0.000859
90 0.000757
91 0.000091
92 0.000012
93 0.000008
94 0.000007
95 0.000007
96 0.000007
97 0.000017
98 0.000028
99 0.000052
100 0.000071
101 0.000008
102 0.000000
103 0.000000
104 0.000000
105 0.000000
106 0.000000
107 0.000000
108 0.000000
109 0.001249
110 0.001309
111 0.001586
112 0.001376
113 0.001296
114 0.000974
115 0.000914
116 0.000000
117 0.000000
118 0.000000
119 0.000000
120 0.000000
121 0.000002
122 0.000006
123 0.000006
124 0.000010
125 0.000018
126 0.000043
127 0.000001
128 0.000000
129 0.000000
130 0.000000
131 0.000000
132 0.000000
133 0.000000
134 0.000000
135 0.000000
136 0.000001
137 0.001023
138 0.001249
139 0.001518
140 0.001296
141 0.001038
142 0.000914
143 0.000859
144 0.000000
145 0.000000
146 0.000000
147 0.000000
148 0.000000
149 0.000000
150 0.000000
151 0.000000
152 0.000000
153 0.000000
154 0.000000
155 0.000000
156 0.000000
157 0.000000
158 0.000000
159 0.000000
160 0.000000
161 0.000000
162 0.000000
163 0.000000
164 0.001038
165 0.000974
166 0.001193
167 0.001249
168 0.001240
169 0.000914
170 0.000859
171 0.000757
172 0.000002
173 0.000000
174 0.000000
175 0.000000
176 0.000000
177 0.000000
178 0.000000
179 0.000000
180 0.000000
181 0.000000
182 0.000000
183 0.000000
184 0.000000
185 0.000000
186 0.000000
187 0.000000
188 0.000000
189 0.000000
190 0.000000
191 0.000000
192 0.000840
193 0.000882
194 0.000927
195 0.001324
196 0.001658
197 0.001168
198 0.000675
199 0.000591
200 0.000581
201 0.000001
202 0.000000
203 0.000000
204 0.000000
205 0.000000
206 0.000000
207 0.000000
208 0.000000
209 0.000000
210 0.000000
211 0.000000
212 0.000000
213 0.000000
214 0.000000
215 0.000000
216 0.000000
217 0.000000
218 0.000000
219 0.000001
220 0.000840
221 0.000882
222 0.001017
223 0.001254
224 0.003504
225 0.001758
226 0.001054
227 0.000623
228 0.000400
229 0.000001
230 0.000000
231 0.000000
232 0.000000
233 0.000000
234 0.000000
235 0.000000
236 0.000000
237 0.000000
238 0.000000
239 0.000000
240 0.000000
241 0.000000
242 0.000000
243 0.000000
244 0.000000
245 0.000000
246 0.000000
247 0.000026
248 0.000052
249 0.000083
250 0.000177
251 0.000294
252 0.005644
253 0.003930
254 0.002277
255 0.000444
256 0.000020
257 0.000000
258 0.000000
259 0.000000
260 0.000000
261 0.000000
262 0.000000
263 0.000000
264 0.000000
265 0.000000
266 0.000000
267 0.000000
268 0.000000
269 0.000000
270 0.000000
271 0.000000
272 0.000000
273 0.000000
274 0.000000
275 0.000005
276 0.000009
277 0.000016
278 0.000025
279 0.000044
280 0.007239
281 0.001113
282 0.000264
283 0.000020
284 0.000002
285 0.000000
286 0.000000
287 0.000000
288 0.000000
289 0.000000
290 0.000000
291 0.000000
292 0.000000
293 0.000000
294 0.000000
295 0.000000
296 0.000000
297 0.000000
298 0.000000
299 0.000000
300 0.000000
301 0.000000
302 0.000000
303 0.000006
304 0.000008
305 0.000011
306 0.000015
307 0.000028
308 0.000411
309 0.000098
310 0.000022
311 0.000005
312 0.000000
313 0.000000
314 0.000000
315 0.000000
316 0.000000
317 0.000000
318 0.000000
319 0.000000
320 0.000000
321 0.000000
322 0.000000
323 0.000000
324 0.000000
325 0.000000
326 0.000000
327 0.000000
328 0.000000
329 0.000000
330 0.000000
331 0.000001
332 0.000008
333 0.000015
334 0.000027
335 0.000061
336 0.000055
337 0.000019
338 0.000010
339 0.000006
340 0.000000
341 0.000000
342 0.000000
343 0.000000
344 0.000000
345 0.000000
346 0.000000
347 0.000000
348 0.000000
349 0.000000
350 0.000000
351 0.000000
352 0.000000
353 0.000000
354 0.000000
355 0.000000
356 0.000000
357 0.000000
358 0.000000
359 0.000000
360 0.000016
361 0.000031
362 0.000067
363 0.000108
364 0.000053
365 0.000030
366 0.000017
367 0.000011
368 0.000000
369 0.000000
370 0.000000
371 0.000000
372 0.000000
373 0.000000
374 0.000000
375 0.000000
376 0.000000
377 0.000000
378 0.000000
379 0.000000
380 0.000000
381 0.000000
382 0.000000
383 0.000000
384 0.000000
385 0.000000
386 0.000000
387 0.000000
388 0.000007
389 0.000085
390 0.000103
391 0.000120
392 0.000028
393 0.000028
394 0.000020
395 0.000002
396 0.000000
397 0.000000
398 0.000000
399 0.000001
400 0.000016
401 0.000005
402 0.000000
403 0.000000
404 0.000000
405 0.000000
406 0.000000
407 0.000000
408 0.000000
409 0.000000
410 0.000000
411 0.000000
412 0.000000
413 0.000000
414 0.000000
415 0.000000
416 0.000001
417 0.000094
418 0.000114
419 0.000119
420 0.000005
421 0.000007
422 0.000009
423 0.000000
424 0.000000
425 0.000000
426 0.000000
427 0.000190
428 0.616884
429 0.000009
430 0.000000
431 0.000000
432 0.000000
433 0.000000
434 0.000000
435 0.000000
436 0.000000
437 0.000000
438 0.000000
439 0.000000
440 0.000000
441 0.000000
442 0.000000
443 0.000000
444 0.000000
445 0.000097
446 0.000066
447 0.000050
448 0.000002
449 0.000001
450 0.000002
451 0.000000
452 0.000000
453 0.000000
454 0.000006
455 0.999999
456 0.002528
457 0.000000
458 0.000000
459 0.000000
460 0.000000
461 0.000000
462 0.000000
463 0.000000
464 0.000000
465 0.000000
466 0.000000
467 0.000000
468 0.000000
469 0.000000
470 0.000000
471 0.000000
472 0.000000
473 0.000005
474 0.000024
475 0.000033
476 0.000012
477 0.000004
478 0.000001
479 0.000000
480 0.000000
481 0.000000
482 0.000089
483 0.000757
484 0.000009
485 0.000000
486 0.000000
487 0.000000
488 0.000000
489 0.000000
490 0.000000
491 0.000000
492 0.000000
493 0.000000
494 0.000000
495 0.000000
496 0.000000
497 0.000000
498 0.000000
499 0.000000
500 0.000000
501 0.000000
502 0.000040
503 0.000082
504 0.000104
505 0.000078
506 0.000004
507 0.000000
508 0.000000
509 0.000001
510 0.000040
511 0.000000
512 0.000000
513 0.000000
514 0.000000
515 0.000000
516 0.000000
517 0.000000
518 0.000000
519 0.000000
520 0.000000
521 0.000000
522 0.000000
523 0.000000
524 0.000000
525 0.000000
526 0.000000
527 0.000000
528 0.000000
529 0.000000
530 0.000184
531 0.000432
532 0.000221
533 0.000607
534 0.000021
535 0.000001
536 0.000004
537 0.000167
538 0.000001
539 0.000000
540 0.000000
541 0.000000
542 0.000000
543 0.000000
544 0.000000
545 0.000000
546 0.000029
547 1.000000
548 0.000002
549 0.000000
550 0.000000
551 0.000000
552 0.000000
553 0.000000
554 0.000000
555 0.000000
556 0.000000
557 0.000002
558 0.000432
559 0.000452
560 0.001253
561 0.004122
562 0.000091
563 0.000007
564 0.000147
565 0.000033
566 0.000000
567 0.000000
568 0.000000
569 0.000000
570 0.000000
571 0.000000
572 0.000000
573 0.000000
574 0.000001
575 0.000053
576 0.000003
577 0.000000
578 0.000000
579 0.000000
580 0.000000
581 0.000000
582 0.000000
583 0.000000
584 0.000001
585 0.000432
586 0.000452
587 0.000549
588 0.005819
589 0.010001
590 0.000729
591 0.000121
592 0.000040
593 0.000000
594 0.000000
595 0.000000
596 0.000000
597 0.000000
598 0.000000
599 0.000000
600 0.000000
601 0.000000
602 0.000000
603 0.000000
604 0.000000
605 0.000000
606 0.000000
607 0.000004
608 0.000000
609 0.000000
610 0.000000
611 0.000002
612 0.000412
613 0.000432
614 0.000525
615 0.000549
616 0.010001
617 0.010001
618 0.004485
619 0.000601
620 0.000007
621 0.000000
622 0.000000
623 0.000000
624 0.000000
625 0.000000
626 0.000000
627 0.000000
628 0.000000
629 0.000000
630 0.000000
631 0.000000
632 0.000000
633 0.000000
634 0.000000
635 0.000044
636 0.000021
637 0.000005
638 0.000003
639 0.000412
640 0.000432
641 0.000525
642 0.000000
643 0.000000
644 0.010001
645 0.006577
646 0.001537
647 0.000381
648 0.000052
649 0.000001
650 0.000000
651 0.000000
652 0.000000
653 0.000000
654 0.000000
655 0.000001
656 0.000019
657 0.000417
658 0.000064
659 0.000001
660 0.000000
661 0.000000
662 0.000000
663 0.000001
664 0.000002
665 0.000081
666 0.000412
667 0.000503
668 0.000525
669 0.000000
670 0.000000
671 0.000000
672 0.000000
673 0.001708
674 0.000570
675 0.000153
676 0.000182
677 0.000131
678 0.000002
679 0.000002
680 0.000002
681 0.000006
682 0.000095
683 0.000295
684 0.001134
685 0.000871
686 0.000040
687 0.000002
688 0.000001
689 0.000062
690 0.001894
691 0.000396
692 0.000366
693 0.001524
694 0.000810
695 0.000525
696 0.000000
697 0.000000
698 0.000000
699 0.000000
700 0.000000
701 0.000000
702 0.000228
703 0.000211
704 0.000196
705 0.000182
706 0.000131
707 0.000121
708 0.000104
709 0.000074
710 0.000372
711 0.001224
712 0.002476
713 0.000721
714 0.000027
715 0.000001
716 0.000003
717 0.000095
718 0.008758
719 0.019574
720 0.007926
721 0.003388
722 0.001615
723 0.000000
724 0.000000
725 0.000000
726 0.000000
727 0.000000
728 0.000000
729 0.000000
730 0.000000
731 0.000000
732 0.000211
733 0.000196
734 0.000141
735 0.000131
736 0.000121
737 0.000251
738 0.001333
739 0.007042
740 0.003293
741 0.000445
742 0.000017
743 0.000001
744 0.000003
745 0.000188
746 0.003914
747 0.014248
748 0.010000
749 0.007989
750 0.000000
751 0.000000
752 0.000000
753 0.000000
754 0.000000
755 0.000000
756 0.000000
757 0.000000
758 0.000000
759 0.000000
760 0.000000
761 0.000211
762 0.000196
763 0.000141
764 0.000169
765 0.000822
766 0.005106
767 0.009659
768 0.004123
769 0.000242
770 0.000011
771 0.000003
772 0.000012
773 0.000220
774 0.002217
775 0.006194
776 0.018329
777 0.000001
778 0.000151
779 0.000038
780 0.000000
781 0.000000
782 0.000000
783 0.000000
