0 0.002199
1 0.003032
2 0.003780
3 0.005953
4 0.005685
5 0.005431
6 0.005431
7 0.003651
8 0.000624
9 0.000111
10 0.000195
11 0.000643
12 0.000926
13 0.000426
14 0.000152
15 0.000062
16 0.000051
17 0.000041
18 0.000309
19 0.001879
20 0.004442
21 0.004111
22 0.003271
23 0.002525
24 0.001892
25 0.001968
26 0.002301
27 0.002388
28 0.001818
29 0.001974
30 0.002437
31 0.003630
32 0.005683
33 0.005687
34 0.005432
35 0.003860
36 0.000487
37 0.000247
38 0.000291
39 0.000934
40 0.000670
41 0.000246
42 0.000081
43 0.000050
44 0.000039
45 0.000053
46 0.000110
47 0.000827
48 0.003846
49 0.002986
50 0.000001
51 0.000001
52 0.001818
53 0.002137
54 0.001968
55 0.002301
56 0.001974
57 0.001618
58 0.001527
59 0.002253
60 0.003418
61 0.005427
62 0.005431
63 0.002071
64 0.000489
65 0.000543
66 0.001300
67 0.000713
68 0.000338
69 0.000106
70 0.000046
71 0.000037
72 0.000044
73 0.000048
74 0.000048
75 0.000319
76 0.000002
77 0.000001
78 0.000001
79 0.000001
80 0.000001
81 0.001818
82 0.002138
83 0.001968
84 0.001871
85 0.001527
86 0.001238
87 0.001232
88 0.001917
89 0.003140
90 0.005428
91 0.001046
92 0.000576
93 0.001646
94 0.004528
95 0.001253
96 0.000188
97 0.000057
98 0.000041
99 0.000034
100 0.000050
101 0.000014
102 0.000001
103 0.000001
104 0.000001
105 0.000001
106 0.000001
107 0.000001
108 0.000001
109 0.001748
110 0.001819
111 0.002344
112 0.002778
113 0.001555
114 0.001113
115 0.001029
116 0.000001
117 0.000001
118 0.000001
119 0.000001
120 0.000003
121 0.001755
122 0.007937
123 0.002030
124 0.000181
125 0.000040
126 0.000032
127 0.000003
128 0.000001
129 0.000001
130 0.000001
131 0.000001
132 0.000001
133 0.000001
134 0.000001
135 0.000001
136 0.000019
137 0.001477
138 0.002125
139 0.003335
140 0.005494
141 0.003121
142 0.001574
143 0.001144
144 0.000001
145 0.000001
146 0.000001
147 0.000001
148 0.000001
149 0.000001
150 0.000001
151 0.000002
152 0.000001
153 0.000001
154 0.000001
155 0.000001
156 0.000001
157 0.000001
158 0.000001
159 0.000001
160 0.000001
161 0.000001
162 0.000001
163 0.000001
164 0.001495
165 0.001927
166 0.003092
167 0.004286
168 0.010157
169 0.007072
170 0.004537
171 0.001947
172 0.000004
173 0.000001
174 0.000001
175 0.000001
176 0.000001
177 0.000001
178 0.000001
179 0.000001
180 0.000001
181 0.000001
182 0.000001
183 0.000001
184 0.000001
185 0.000001
186 0.000001
187 0.000001
188 0.000001
189 0.000001
190 0.000001
191 0.000001
192 0.001950
193 0.002807
194 0.004469
195 0.006659
196 0.011380
197 0.011486
198 0.008691
199 0.004763
200 0.000028
201 0.000002
202 0.000001
203 0.000001
204 0.000001
205 0.000001
206 0.000001
207 0.000001
208 0.000001
209 0.000001
210 0.000001
211 0.000001
212 0.000001
213 0.000001
214 0.000001
215 0.000001
216 0.000001
217 0.000001
218 0.000001
219 0.000020
220 0.003161
221 0.005167
222 0.006639
223 0.006860
224 0.010018
225 0.010024
226 0.011644
227 0.008807
228 0.004904
229 0.000004
230 0.000001
231 0.000001
232 0.000001
233 0.000001
234 0.000001
235 0.000001
236 0.000001
237 0.000001
238 0.000001
239 0.000001
240 0.000001
241 0.000001
242 0.000001
243 0.000001
244 0.000001
245 0.000001
246 0.000001
247 0.000078
248 0.000287
249 0.000584
250 0.001055
251 0.001248
252 0.010010
253 0.010017
254 0.010022
255 0.007302
256 0.001221
257 0.000001
258 0.000002
259 0.000002
260 0.000001
261 0.000001
262 0.000001
263 0.000001
264 0.000002
265 0.000002
266 0.000002
267 0.000001
268 0.000001
269 0.000001
270 0.000001
271 0.000001
272 0.000001
273 0.000001
274 0.000001
275 0.000023
276 0.000040
277 0.000063
278 0.000074
279 0.000087
280 0.010019
281 0.003956
282 0.001825
283 0.000574
284 0.000248
285 0.000001
286 0.000002
287 0.000005
288 0.000002
289 0.000001
290 0.000001
291 0.000003
292 0.000005
293 0.000005
294 0.000002
295 0.000001
296 0.000001
297 0.000001
298 0.000001
299 0.000001
300 0.000001
301 0.000001
302 0.000001
303 0.000039
304 0.000029
305 0.000024
306 0.000022
307 0.000018
308 0.001413
309 0.000784
310 0.000309
311 0.000136
312 0.000018
313 0.000004
314 0.000002
315 0.000016
316 0.000008
317 0.000002
318 0.000001
319 0.000002
320 0.000003
321 0.000003
322 0.000003
323 0.000001
324 0.000001
325 0.000001
326 0.000001
327 0.000001
328 0.000001
329 0.000001
330 0.000001
331 0.000003
332 0.000017
333 0.000014
334 0.000013
335 0.000021
336 0.000113
337 0.000107
338 0.000136
339 0.000125
340 0.000006
341 0.000007
342 0.000008
343 0.000041
344 0.000043
345 0.000008
346 0.000003
347 0.000002
348 0.000001
349 0.000001
350 0.000002
351 0.000002
352 0.000002
353 0.000003
354 0.000003
355 0.000001
356 0.000001
357 0.000001
358 0.000001
359 0.000001
360 0.000008
361 0.000010
362 0.000015
363 0.000018
364 0.000025
365 0.000038
366 0.000045
367 0.000068
368 0.000005
369 0.000031
370 0.000813
371 0.000102
372 0.000223
373 0.000353
374 0.000011
375 0.000002
376 0.000001
377 0.000001
378 0.000001
379 0.000002
380 0.000009
381 0.000050
382 0.000007
383 0.000001
384 0.000001
385 0.000001
386 0.000001
387 0.000001
388 0.000002
389 0.000012
390 0.000014
391 0.000019
392 0.000014
393 0.000010
394 0.000014
395 0.000011
396 0.000008
397 0.000114
398 0.999909
399 0.000180
400 0.000240
401 0.999939
402 0.000022
403 0.000002
404 0.000001
405 0.000001
406 0.000001
407 0.000001
408 0.000008
409 0.999970
410 0.000016
411 0.000001
412 0.000001
413 0.000001
414 0.000001
415 0.000001
416 0.000001
417 0.000010
418 0.000014
419 0.000016
420 0.000014
421 0.000017
422 0.000025
423 0.000004
424 0.000007
425 0.000124
426 0.001890
427 0.000216
428 0.000096
429 0.000050
430 0.000010
431 0.000002
432 0.000001
433 0.000001
434 0.000001
435 0.000001
436 0.000004
437 0.000030
438 0.000020
439 0.000002
440 0.000001
441 0.000001
442 0.000001
443 0.000001
444 0.000001
445 0.000010
446 0.000013
447 0.000016
448 0.000058
449 0.000052
450 0.000088
451 0.000006
452 0.000005
453 0.000047
454 0.000058
455 0.000032
456 0.000004
457 0.000003
458 0.000003
459 0.000002
460 0.000002
461 0.000001
462 0.000001
463 0.000001
464 0.000002
465 0.000003
466 0.000003
467 0.000003
468 0.000002
469 0.000001
470 0.000001
471 0.000001
472 0.000001
473 0.000003
474 0.000012
475 0.000023
476 0.000837
477 0.000760
478 0.000110
479 0.000005
480 0.000009
481 0.000031
482 0.000011
483 0.000002
484 0.000001
485 0.000001
486 0.000001
487 0.000002
488 0.000003
489 0.000002
490 0.000002
491 0.000002
492 0.000002
493 0.000001
494 0.000001
495 0.000002
496 0.000003
497 0.000001
498 0.000001
499 0.000001
500 0.000001
501 0.000002
502 0.000048
503 0.000071
504 0.010058
505 0.005204
506 0.000137
507 0.000018
508 0.000113
509 0.000036
510 0.000003
511 0.000001
512 0.000001
513 0.000001
514 0.000001
515 0.000002
516 0.000002
517 0.000002
518 0.000002
519 0.000002
520 0.000001
521 0.000001
522 0.000001
523 0.000001
524 0.000002
525 0.000002
526 0.000001
527 0.000001
528 0.000001
529 0.000003
530 0.000462
531 0.000526
532 0.010038
533 0.010030
534 0.000302
535 0.000175
536 0.001195
537 0.000035
538 0.000001
539 0.000001
540 0.000001
541 0.000001
542 0.000001
543 0.000001
544 0.000001
545 0.000001
546 0.000001
547 0.000002
548 0.000001
549 0.000001
550 0.000001
551 0.000001
552 0.000001
553 0.000002
554 0.000002
555 0.000001
556 0.000001
557 0.000036
558 0.002695
559 0.001480
560 0.010023
561 0.010021
562 0.000477
563 0.001528
564 0.000774
565 0.000012
566 0.000001
567 0.000001
568 0.000001
569 0.000001
570 0.000001
571 0.000001
572 0.000001
573 0.000001
574 0.000001
575 0.000001
576 0.000001
577 0.000001
578 0.000001
579 0.000001
580 0.000001
581 0.000001
582 0.000003
583 0.000003
584 0.000023
585 0.010030
586 0.008200
587 0.004302
588 0.010020
589 0.010023
590 0.001566
591 0.001039
592 0.000047
593 0.000002
594 0.000001
595 0.000001
596 0.000001
597 0.000001
598 0.000001
599 0.000001
600 0.000001
601 0.000001
602 0.000001
603 0.000001
604 0.000001
605 0.000001
606 0.000001
607 0.000001
608 0.000001
609 0.000001
610 0.000002
611 0.000007
612 0.003178
613 0.007944
614 0.010028
615 0.010028
616 0.010019
617 0.008364
618 0.003472
619 0.000296
620 0.000005
621 0.000001
622 0.000001
623 0.000001
624 0.000001
625 0.000001
626 0.000001
627 0.000001
628 0.000002
629 0.000004
630 0.000002
631 0.000001
632 0.000001
633 0.000001
634 0.000001
635 0.000001
636 0.000001
637 0.000001
638 0.000003
639 0.000592
640 0.001386
641 0.003303
642 0.000001
643 0.000001
644 0.008457
645 0.004293
646 0.001843
647 0.000794
648 0.000371
649 0.000007
650 0.000002
651 0.000001
652 0.000001
653 0.000002
654 0.000002
655 0.000007
656 0.000177
657 0.010075
658 0.002260
659 0.000011
660 0.000001
661 0.000001
662 0.000001
663 0.000001
664 0.000001
665 0.000004
666 0.000273
667 0.000348
668 0.000648
669 0.000001
670 0.000001
671 0.000001
672 0.000001
673 0.001975
674 0.001022
675 0.000834
676 0.000930
677 0.000755
678 0.000020
679 0.000012
680 0.000025
681 0.000229
682 0.000802
683 0.000320
684 0.000528
685 0.003210
686 0.001260
687 0.000239
688 0.000052
689 0.000085
690 0.000037
691 0.000010
692 0.000026
693 0.000258
694 0.000289
695 0.000368
696 0.000001
697 0.000001
698 0.000001
699 0.000001
700 0.000001
701 0.000001
702 0.001070
703 0.001021
704 0.000975
705 0.000930
706 0.000756
707 0.000719
708 0.001301
709 0.003134
710 0.004432
711 0.000560
712 0.000383
713 0.000623
714 0.000773
715 0.000227
716 0.000257
717 0.000338
718 0.000686
719 0.000251
720 0.000214
721 0.000273
722 0.000348
723 0.000001
724 0.000001
725 0.000001
726 0.000001
727 0.000001
728 0.000001
729 0.000001
730 0.000001
731 0.000001
732 0.001021
733 0.000975
734 0.000794
735 0.001046
736 0.002799
737 0.006839
738 0.010006
739 0.001223
740 0.000370
741 0.000182
742 0.000271
743 0.000253
744 0.000603
745 0.001674
746 0.001602
747 0.000576
748 0.000274
749 0.000349
750 0.000001
751 0.000001
752 0.000001
753 0.000001
754 0.000001
755 0.000001
756 0.000001
757 0.000001
758 0.000001
759 0.000001
760 0.000001
761 0.001022
762 0.000975
763 0.002102
764 0.004851
765 0.010001
766 0.010012
767 0.002747
768 0.000216
769 0.000074
770 0.000101
771 0.000339
772 0.001188
773 0.006342
774 0.003137
775 0.001106
776 0.000516
777 0.000001
778 0.000010
779 0.000006
780 0.000001
781 0.000001
782 0.000001
783 0.000001
