0 0.007633
1 0.005193
2 0.001932
3 0.001157
4 0.000430
5 0.000251
6 0.000204
7 0.000184
8 0.000021
9 0.000003
10 0.000002
11 0.000002
12 0.000003
13 0.000006
14 0.000013
15 0.000008
16 0.000003
17 0.000001
18 0.000005
19 0.000076
20 0.000442
21 0.000471
22 0.000618
23 0.000656
24 0.000571
25 0.000609
26 0.000788
27 0.000838
28 0.009347
29 0.007634
30 0.005884
31 0.002040
32 0.000886
33 0.000268
34 0.000184
35 0.000093
36 0.000005
37 0.000001
38 0.000001
39 0.000001
40 0.000003
41 0.000009
42 0.000011
43 0.000005
44 0.000002
45 0.000001
46 0.000001
47 0.000020
48 0.000334
49 0.000442
50 0.000001
51 0.000001
52 0.000535
53 0.000697
54 0.000609
55 0.000845
56 0.010004
57 0.009347
58 0.007635
59 0.006661
60 0.002023
61 0.000559
62 0.000166
63 0.000026
64 0.000002
65 0.000001
66 0.000001
67 0.000002
68 0.000003
69 0.000008
70 0.000007
71 0.000002
72 0.000001
73 0.000001
74 0.000001
75 0.000004
76 0.000001
77 0.000001
78 0.000001
79 0.000001
80 0.000001
81 0.000535
82 0.000755
83 0.001550
84 0.010002
85 0.010004
86 0.009347
87 0.007142
88 0.004948
89 0.001390
90 0.000486
91 0.000007
92 0.000001
93 0.000001
94 0.000001
95 0.000002
96 0.000005
97 0.000008
98 0.000004
99 0.000001
100 0.000001
101 0.000001
102 0.000001
103 0.000001
104 0.000001
105 0.000001
106 0.000001
107 0.000001
108 0.000001
109 0.000929
110 0.001478
111 0.003219
112 0.002909
113 0.009344
114 0.010004
115 0.009348
116 0.000001
117 0.000001
118 0.000000
119 0.000001
120 0.000001
121 0.000001
122 0.000001
123 0.000003
124 0.000009
125 0.000006
126 0.000002
127 0.000001
128 0.000001
129 0.000001
130 0.000001
131 0.000001
132 0.000001
133 0.000001
134 0.000001
135 0.000001
136 0.000010
137 0.001354
138 0.003406
139 0.009549
140 0.000900
141 0.002006
142 0.006675
143 0.010003
144 0.000001
145 0.000001
146 0.000001
147 0.000000
148 0.000000
149 0.000000
150 0.000001
151 0.000001
152 0.000001
153 0.000001
154 0.000001
155 0.000001
156 0.000001
157 0.000001
158 0.000001
159 0.000001
160 0.000001
161 0.000001
162 0.000001
163 0.000001
164 0.001739
165 0.003661
166 0.010684
167 0.009926
168 0.000227
169 0.000545
170 0.001276
171 0.004534
172 0.000001
173 0.000001
174 0.000001
175 0.000001
176 0.000000
177 0.000000
178 0.000000
179 0.000001
180 0.000001
181 0.000001
182 0.000001
183 0.000001
184 0.000001
185 0.000001
186 0.000001
187 0.000001
188 0.000001
189 0.000001
190 0.000001
191 0.000001
192 0.005498
193 0.012726
194 0.009293
195 0.010463
196 0.000184
197 0.000166
198 0.000256
199 0.000778
200 0.000013
201 0.000001
202 0.000001
203 0.000002
204 0.000001
205 0.000000
206 0.000001
207 0.000001
208 0.000001
209 0.000001
210 0.000001
211 0.000001
212 0.000001
213 0.000001
214 0.000000
215 0.000001
216 0.000001
217 0.000001
218 0.000001
219 0.000075
220 0.016704
221 0.010048
222 0.010289
223 0.005639
224 0.000166
225 0.000113
226 0.000091
227 0.000144
228 0.000324
229 0.000001
230 0.000001
231 0.000002
232 0.000002
233 0.000001
234 0.000001
235 0.000001
236 0.000001
237 0.000001
238 0.000001
239 0.000001
240 0.000000
241 0.000000
242 0.000001
243 0.000001
244 0.000001
245 0.000001
246 0.000001
247 0.000293
248 0.000596
249 0.000926
250 0.000628
251 0.000471
252 0.000150
253 0.000091
254 0.000082
255 0.000041
256 0.000008
257 0.000001
258 0.000000
259 0.000001
260 0.000003
261 0.000013
262 0.000004
263 0.000001
264 0.000001
265 0.000001
266 0.000001
267 0.000000
268 0.000000
269 0.000001
270 0.000001
271 0.000001
272 0.000001
273 0.000001
274 0.000001
275 0.000056
276 0.000051
277 0.000029
278 0.000026
279 0.000024
280 0.000091
281 0.000024
282 0.000012
283 0.000003
284 0.000002
285 0.000001
286 0.000000
287 0.000001
288 0.000002
289 0.999980
290 0.000041
291 0.000002
292 0.000001
293 0.000001
294 0.000001
295 0.000001
296 0.000001
297 0.000001
298 0.000001
299 0.000001
300 0.000001
301 0.000001
302 0.000001
303 0.000028
304 0.000011
305 0.000007
306 0.000005
307 0.000005
308 0.000014
309 0.000006
310 0.000002
311 0.000002
312 0.000001
313 0.000001
314 0.000001
315 0.000001
316 0.000001
317 0.000010
318 0.000013
319 0.000002
320 0.000001
321 0.000001
322 0.000001
323 0.000001
324 0.000001
325 0.000001
326 0.000001
327 0.000001
328 0.000001
329 0.000001
330 0.000001
331 0.000001
332 0.000004
333 0.000003
334 0.000004
335 0.000006
336 0.000004
337 0.000003
338 0.000004
339 0.000005
340 0.000001
341 0.000001
342 0.000001
343 0.000001
344 0.000001
345 0.000001
346 0.000002
347 0.000002
348 0.000001
349 0.000001
350 0.000001
351 0.000001
352 0.000002
353 0.000002
354 0.000001
355 0.000001
356 0.000001
357 0.000001
358 0.000001
359 0.000001
360 0.000002
361 0.000003
362 0.000004
363 0.000005
364 0.000007
365 0.000012
366 0.000018
367 0.000019
368 0.000001
369 0.000001
370 0.000001
371 0.000001
372 0.000001
373 0.000001
374 0.000001
375 0.000001
376 0.000002
377 0.000002
378 0.000002
379 0.000004
380 0.000004
381 0.000002
382 0.000001
383 0.000001
384 0.000001
385 0.000001
386 0.000001
387 0.000001
388 0.000001
389 0.000003
390 0.000003
391 0.000005
392 0.000017
393 0.000020
394 0.000019
395 0.000002
396 0.000001
397 0.000001
398 0.000001
399 0.000001
400 0.000001
401 0.000001
402 0.000001
403 0.000001
404 0.000002
405 0.000004
406 0.000132
407 0.000122
408 0.000017
409 0.000001
410 0.000001
411 0.000001
412 0.000001
413 0.000001
414 0.000001
415 0.000001
416 0.000001
417 0.000003
418 0.000003
419 0.000004
420 0.000030
421 0.000013
422 0.000009
423 0.000001
424 0.000001
425 0.000001
426 0.000001
427 0.000001
428 0.000001
429 0.000001
430 0.000001
431 0.000001
432 0.000002
433 0.000011
434 0.000536
435 0.999954
436 0.000009
437 0.000001
438 0.000001
439 0.000001
440 0.000001
441 0.000001
442 0.000001
443 0.000001
444 0.000001
445 0.000002
446 0.000003
447 0.000004
448 0.000035
449 0.000007
450 0.000002
451 0.000001
452 0.000001
453 0.000001
454 0.000001
455 0.000001
456 0.000001
457 0.000001
458 0.000001
459 0.000001
460 0.000002
461 0.000007
462 0.000010
463 0.000005
464 0.000003
465 0.000001
466 0.000001
467 0.000001
468 0.000001
469 0.000001
470 0.000001
471 0.000001
472 0.000001
473 0.000001
474 0.000003
475 0.000006
476 0.000143
477 0.000017
478 0.000001
479 0.000001
480 0.000001
481 0.000001
482 0.000001
483 0.000001
484 0.000001
485 0.000001
486 0.000001
487 0.000001
488 0.000002
489 0.000002
490 0.000002
491 0.000001
492 0.000001
493 0.000001
494 0.000001
495 0.000001
496 0.000001
497 0.000001
498 0.000001
499 0.000001
500 0.000001
501 0.000001
502 0.000013
503 0.000033
504 0.001367
505 0.000179
506 0.000001
507 0.000001
508 0.000001
509 0.000001
510 0.000001
511 0.000001
512 0.000001
513 0.000001
514 0.000001
515 0.000001
516 0.000001
517 0.000001
518 0.000001
519 0.000001
520 0.000001
521 0.000001
522 0.000001
523 0.000001
524 0.000001
525 0.000001
526 0.000001
527 0.000001
528 0.000001
529 0.000001
530 0.000103
531 0.000347
532 0.000522
533 0.000470
534 0.000002
535 0.000001
536 0.000001
537 0.000001
538 0.000001
539 0.000001
540 0.000001
541 0.000001
542 0.000001
543 0.000001
544 0.000001
545 0.000001
546 0.000001
547 0.000001
548 0.000001
549 0.000001
550 0.000001
551 0.000001
552 0.000001
553 0.000001
554 0.000001
555 0.000001
556 0.000001
557 0.000001
558 0.000347
559 0.000367
560 0.000648
561 0.000616
562 0.000002
563 0.000001
564 0.000001
565 0.000001
566 0.000001
567 0.000001
568 0.000001
569 0.000001
570 0.000001
571 0.000001
572 0.000001
573 0.000001
574 0.000001
575 0.000001
576 0.000001
577 0.000001
578 0.000001
579 0.000001
580 0.000002
581 0.000002
582 0.000001
583 0.000001
584 0.000001
585 0.000349
586 0.000367
587 0.000461
588 0.000803
589 0.000648
590 0.000016
591 0.000001
592 0.000001
593 0.000001
594 0.000001
595 0.000002
596 0.000001
597 0.000001
598 0.000001
599 0.000001
600 0.000001
601 0.000001
602 0.000001
603 0.000001
604 0.000001
605 0.000001
606 0.000001
607 0.000001
608 0.000001
609 0.000001
610 0.000001
611 0.000001
612 0.001517
613 0.000727
614 0.000441
615 0.000462
616 0.000884
617 0.000803
618 0.000648
619 0.000030
620 0.000001
621 0.000001
622 0.000001
623 0.000001
624 0.000001
625 0.000001
626 0.000001
627 0.000001
628 0.000001
629 0.000001
630 0.000001
631 0.000001
632 0.000001
633 0.000001
634 0.000001
635 0.000001
636 0.000001
637 0.000001
638 0.000004
639 0.008056
640 0.003491
641 0.001961
642 0.000001
643 0.000001
644 0.000928
645 0.000884
646 0.000843
647 0.000682
648 0.000199
649 0.000001
650 0.000001
651 0.000001
652 0.000001
653 0.000001
654 0.000001
655 0.000001
656 0.000001
657 0.000002
658 0.000002
659 0.000001
660 0.000001
661 0.000001
662 0.000001
663 0.000001
664 0.000001
665 0.000007
666 0.010002
667 0.010000
668 0.009997
669 0.000001
670 0.000001
671 0.000001
672 0.000001
673 0.000928
674 0.000884
675 0.000718
676 0.000804
677 0.000650
678 0.000005
679 0.000005
680 0.000041
681 0.000436
682 0.001950
683 0.000060
684 0.000005
685 0.000003
686 0.000002
687 0.000002
688 0.000004
689 0.000076
690 0.000090
691 0.000046
692 0.000252
693 0.010011
694 0.010006
695 0.010001
696 0.000001
697 0.000001
698 0.000001
699 0.000001
700 0.000001
701 0.000001
702 0.000928
703 0.000885
704 0.000844
705 0.001130
706 0.002192
707 0.006724
708 0.010045
709 0.010042
710 0.002349
711 0.000090
712 0.000005
713 0.000003
714 0.000004
715 0.000004
716 0.000005
717 0.000075
718 0.002093
719 0.006354
720 0.010008
721 0.010010
722 0.010010
723 0.000001
724 0.000001
725 0.000001
726 0.000001
727 0.000001
728 0.000001
729 0.000001
730 0.000001
731 0.000001
732 0.001040
733 0.002311
734 0.004676
735 0.010033
736 0.010043
737 0.010025
738 0.002864
739 0.000115
740 0.000010
741 0.000004
742 0.000004
743 0.000004
744 0.000011
745 0.000092
746 0.000943
747 0.003347
748 0.010002
749 0.010009
750 0.000001
751 0.000001
752 0.000001
753 0.000001
754 0.000001
755 0.000001
756 0.000001
757 0.000001
758 0.000001
759 0.000001
760 0.000001
761 0.004010
762 0.010023
763 0.010044
764 0.010033
765 0.005472
766 0.001701
767 0.000158
768 0.000020
769 0.000007
770 0.000005
771 0.000006
772 0.000023
773 0.000170
774 0.000522
775 0.001508
776 0.004269
777 0.000001
778 0.000019
779 0.000008
780 0.000001
781 0.000001
782 0.000001
783 0.000001
