0 0.005894
1 0.005102
2 0.003584
3 0.002902
4 0.002113
5 0.001782
6 0.001612
7 0.001534
8 0.000275
9 0.000044
10 0.000032
11 0.000028
12 0.000030
13 0.000030
14 0.000028
15 0.000027
16 0.000022
17 0.000024
18 0.000153
19 0.001124
20 0.004837
21 0.009039
22 0.014229
23 0.008590
24 0.004718
25 0.002680
26 0.002277
27 0.001932
28 0.005624
29 0.005894
30 0.004790
31 0.003412
32 0.002378
33 0.001837
34 0.001534
35 0.000927
36 0.000097
37 0.000021
38 0.000019
39 0.000021
40 0.000021
41 0.000025
42 0.000023
43 0.000019
44 0.000017
45 0.000033
46 0.000099
47 0.001045
48 0.008207
49 0.012989
50 0.000000
51 0.000000
52 0.002663
53 0.002220
54 0.001561
55 0.001520
56 0.005894
57 0.005624
58 0.005624
59 0.004710
60 0.003172
61 0.001844
62 0.001461
63 0.000361
64 0.000044
65 0.000013
66 0.000017
67 0.000014
68 0.000012
69 0.000014
70 0.000014
71 0.000013
72 0.000023
73 0.000036
74 0.000090
75 0.000901
76 0.000002
77 0.000000
78 0.000000
79 0.000000
80 0.000000
81 0.001457
82 0.001394
83 0.001119
84 0.005894
85 0.005624
86 0.005367
87 0.005367
88 0.003972
89 0.002616
90 0.001625
91 0.000127
92 0.000016
93 0.000010
94 0.000010
95 0.000010
96 0.000010
97 0.000013
98 0.000011
99 0.000014
100 0.000028
101 0.000013
102 0.000000
103 0.000000
104 0.000000
105 0.000000
106 0.000000
107 0.000000
108 0.000000
109 0.001079
110 0.001008
111 0.001248
112 0.008429
113 0.005624
114 0.005367
115 0.005367
116 0.000000
117 0.000000
118 0.000000
119 0.000000
120 0.000000
121 0.000003
122 0.000008
123 0.000008
124 0.000009
125 0.000008
126 0.000009
127 0.000000
128 0.000000
129 0.000000
130 0.000000
131 0.000000
132 0.000000
133 0.000000
134 0.000000
135 0.000000
136 0.000003
137 0.000768
138 0.000957
139 0.001328
140 0.009029
141 0.008724
142 0.005367
143 0.005367
144 0.000000
145 0.000000
146 0.000000
147 0.000000
148 0.000000
149 0.000000
150 0.000000
151 0.000000
152 0.000000
153 0.000000
154 0.000000
155 0.000000
156 0.000000
157 0.000000
158 0.000000
159 0.000000
160 0.000000
161 0.000000
162 0.000000
163 0.000000
164 0.000780
165 0.000727
166 0.001015
167 0.001069
168 0.008798
169 0.008032
170 0.008536
171 0.005367
172 0.000034
173 0.000000
174 0.000000
175 0.000000
176 0.000000
177 0.000000
178 0.000000
179 0.000000
180 0.000000
181 0.000000
182 0.000000
183 0.000000
184 0.000000
185 0.000000
186 0.000000
187 0.000000
188 0.000000
189 0.000000
190 0.000000
191 0.000000
192 0.000660
193 0.000727
194 0.000987
195 0.002045
196 0.006963
197 0.008478
198 0.007230
199 0.007109
200 0.000351
201 0.000001
202 0.000000
203 0.000000
204 0.000000
205 0.000000
206 0.000000
207 0.000000
208 0.000000
209 0.000000
210 0.000000
211 0.000000
212 0.000000
213 0.000000
214 0.000000
215 0.000000
216 0.000000
217 0.000000
218 0.000000
219 0.000002
220 0.000676
221 0.001066
222 0.001833
223 0.003060
224 0.008504
225 0.006454
226 0.008171
227 0.006622
228 0.006227
229 0.000016
230 0.000000
231 0.000000
232 0.000000
233 0.000000
234 0.000000
235 0.000000
236 0.000000
237 0.000000
238 0.000000
239 0.000000
240 0.000000
241 0.000000
242 0.000000
243 0.000000
244 0.000000
245 0.000000
246 0.000000
247 0.000025
248 0.000091
249 0.000251
250 0.000722
251 0.001709
252 0.010000
253 0.008898
254 0.007434
255 0.003433
256 0.000520
257 0.000000
258 0.000000
259 0.000000
260 0.000000
261 0.000000
262 0.000000
263 0.000000
264 0.000000
265 0.000000
266 0.000000
267 0.000000
268 0.000000
269 0.000000
270 0.000000
271 0.000000
272 0.000000
273 0.000000
274 0.000000
275 0.000010
276 0.000029
277 0.000094
278 0.000201
279 0.000288
280 0.010001
281 0.002998
282 0.001075
283 0.000286
284 0.000112
285 0.000000
286 0.000000
287 0.000000
288 0.000000
289 0.000000
290 0.000000
291 0.000000
292 0.000000
293 0.000000
294 0.000000
295 0.000000
296 0.000000
297 0.000000
298 0.000000
299 0.000000
300 0.000000
301 0.000000
302 0.000000
303 0.000028
304 0.000063
305 0.000099
306 0.000110
307 0.000101
308 0.000956
309 0.000724
310 0.000305
311 0.000149
312 0.000008
313 0.000000
314 0.000000
315 0.000000
316 0.000000
317 0.000000
318 0.000000
319 0.000000
320 0.000000
321 0.000000
322 0.000000
323 0.000000
324 0.000000
325 0.000000
326 0.000000
327 0.000000
328 0.000000
329 0.000000
330 0.000000
331 0.000011
332 0.000099
333 0.000107
334 0.000078
335 0.000063
336 0.000156
337 0.000159
338 0.000165
339 0.000159
340 0.000001
341 0.000000
342 0.000000
343 0.000000
344 0.000000
345 0.000000
346 0.000000
347 0.000000
348 0.000013
349 0.000003
350 0.000000
351 0.000000
352 0.000000
353 0.000000
354 0.000000
355 0.000000
356 0.000000
357 0.000000
358 0.000000
359 0.000002
360 0.000071
361 0.000053
362 0.000037
363 0.000026
364 0.000043
365 0.000064
366 0.000036
367 0.000025
368 0.000000
369 0.000000
370 0.000000
371 0.000000
372 0.000000
373 0.000000
374 0.000000
375 0.000006
376 0.000112
377 0.000002
378 0.000000
379 0.000000
380 0.000000
381 0.000000
382 0.000000
383 0.000000
384 0.000000
385 0.000000
386 0.000000
387 0.000000
388 0.000008
389 0.000023
390 0.000014
391 0.000016
392 0.000020
393 0.000007
394 0.000003
395 0.000001
396 0.000000
397 0.000000
398 0.000000
399 0.000000
400 0.000000
401 0.000021
402 0.000382
403 0.000155
404 0.000001
405 0.000000
406 0.000000
407 0.000000
408 0.000000
409 0.000000
410 0.000000
411 0.000000
412 0.000000
413 0.000000
414 0.000000
415 0.000000
416 0.000000
417 0.000008
418 0.000011
419 0.000013
420 0.000008
421 0.000005
422 0.000003
423 0.000000
424 0.000000
425 0.000000
426 0.000000
427 0.000000
428 0.000018
429 0.999999
430 0.680149
431 0.000053
432 0.000000
433 0.000000
434 0.000000
435 0.000000
436 0.000000
437 0.000000
438 0.000000
439 0.000000
440 0.000000
441 0.000000
442 0.000000
443 0.000000
444 0.000000
445 0.000007
446 0.000010
447 0.000012
448 0.000013
449 0.000005
450 0.000003
451 0.000000
452 0.000000
453 0.000000
454 0.000000
455 0.000000
456 0.000061
457 0.002211
458 0.000448
459 0.000002
460 0.000000
461 0.000000
462 0.000000
463 0.000507
464 0.999999
465 0.000001
466 0.000000
467 0.000000
468 0.000000
469 0.000000
470 0.000000
471 0.000000
472 0.000000
473 0.000002
474 0.000009
475 0.000019
476 0.000048
477 0.000022
478 0.000002
479 0.000000
480 0.000000
481 0.000000
482 0.000000
483 0.000002
484 0.000018
485 0.000000
486 0.000000
487 0.000000
488 0.000000
489 0.000000
490 0.000010
491 0.005642
492 0.005384
493 0.000004
494 0.000000
495 0.000000
496 0.000000
497 0.000000
498 0.000000
499 0.000000
500 0.000000
501 0.000001
502 0.000037
503 0.000082
504 0.000268
505 0.000133
506 0.000002
507 0.000000
508 0.000000
509 0.000000
510 0.000001
511 0.000042
512 0.000000
513 0.000000
514 0.000000
515 0.000000
516 0.000000
517 0.000000
518 0.000000
519 0.000047
520 0.000004
521 0.000000
522 0.000000
523 0.000000
524 0.000000
525 0.000000
526 0.000000
527 0.000000
528 0.000000
529 0.000001
530 0.000201
531 0.000527
532 0.000248
533 0.000344
534 0.000005
535 0.000000
536 0.000000
537 0.000004
538 0.000171
539 0.000001
540 0.000000
541 0.000000
542 0.000000
543 0.000000
544 0.000000
545 0.000000
546 0.000000
547 0.000000
548 0.000000
549 0.000000
550 0.000000
551 0.000001
552 0.000000
553 0.000000
554 0.000000
555 0.000000
556 0.000000
557 0.000008
558 0.000527
559 0.000552
560 0.000628
561 0.001477
562 0.000021
563 0.000001
564 0.000013
565 0.000373
566 0.000040
567 0.000000
568 0.000000
569 0.000000
570 0.000000
571 0.000000
572 0.000000
573 0.000000
574 0.000000
575 0.000000
576 0.000000
577 0.000000
578 0.000000
579 0.000040
580 0.001134
581 0.000011
582 0.000002
583 0.000001
584 0.000007
585 0.000527
586 0.000552
587 0.000673
588 0.001968
589 0.004901
590 0.000518
591 0.000047
592 0.000120
593 0.000056
594 0.000001
595 0.000000
596 0.000000
597 0.000000
598 0.000000
599 0.000000
600 0.000000
601 0.000000
602 0.000000
603 0.000000
604 0.000000
605 0.000000
606 0.000000
607 0.000131
608 0.002486
609 0.007697
610 0.000053
611 0.000054
612 0.001881
613 0.000992
614 0.000644
615 0.000673
616 0.006361
617 0.010000
618 0.010000
619 0.000707
620 0.000110
621 0.000003
622 0.000000
623 0.000000
624 0.000000
625 0.000000
626 0.000000
627 0.000000
628 0.000001
629 0.000002
630 0.000000
631 0.000000
632 0.000000
633 0.000000
634 0.000000
635 0.000000
636 0.000012
637 0.000120
638 0.000203
639 0.008213
640 0.003910
641 0.002355
642 0.000000
643 0.000000
644 0.010000
645 0.010000
646 0.008220
647 0.004754
648 0.000674
649 0.000002
650 0.000000
651 0.000000
652 0.000000
653 0.000000
654 0.000000
655 0.000006
656 0.000597
657 0.010537
658 0.000828
659 0.000004
660 0.000000
661 0.000000
662 0.000000
663 0.000000
664 0.000001
665 0.000090
666 0.006766
667 0.010001
668 0.010000
669 0.000000
670 0.000000
671 0.000000
672 0.000000
673 0.008285
674 0.006148
675 0.001962
676 0.000876
677 0.000375
678 0.000003
679 0.000002
680 0.000003
681 0.000034
682 0.000357
683 0.001955
684 0.003076
685 0.005035
686 0.000494
687 0.000035
688 0.000012
689 0.000044
690 0.000127
691 0.000035
692 0.000117
693 0.001553
694 0.003304
695 0.008270
696 0.000000
697 0.000000
698 0.000000
699 0.000000
700 0.000000
701 0.000000
702 0.002593
703 0.001112
704 0.000520
705 0.000426
706 0.000325
707 0.000305
708 0.000340
709 0.001027
710 0.002236
711 0.002041
712 0.002131
713 0.001794
714 0.000270
715 0.000060
716 0.000058
717 0.000217
718 0.001171
719 0.000679
720 0.000415
721 0.000820
722 0.001955
723 0.000000
724 0.000000
725 0.000000
726 0.000000
727 0.000000
728 0.000000
729 0.000000
730 0.000000
731 0.000000
732 0.000481
733 0.000453
734 0.000346
735 0.000325
736 0.000926
737 0.002888
738 0.010001
739 0.002085
740 0.001610
741 0.000457
742 0.000140
743 0.000079
744 0.000187
745 0.001104
746 0.002334
747 0.001176
748 0.000695
749 0.000622
750 0.000000
751 0.000000
752 0.000000
753 0.000000
754 0.000000
755 0.000000
756 0.000000
757 0.000000
758 0.000000
759 0.000000
760 0.000000
761 0.000481
762 0.000453
763 0.000659
764 0.001905
765 0.007893
766 0.010001
767 0.003334
768 0.000764
769 0.000163
770 0.000123
771 0.000115
772 0.000551
773 0.003706
774 0.004092
775 0.001723
776 0.001125
777 0.000000
778 0.000040
779 0.000047
780 0.000001
781 0.000000
782 0.000000
783 0.000000
