0 0.005973
1 0.006970
2 0.009465
3 0.013313
4 0.017233
5 0.013031
6 0.008384
7 0.004331
8 0.001743
9 0.000835
10 0.003866
11 0.009090
12 0.010149
13 0.003782
14 0.000854
15 0.000330
16 0.000186
17 0.000124
18 0.000575
19 0.002963
20 0.008360
21 0.008384
22 0.016445
23 0.013430
24 0.008907
25 0.003915
26 0.003027
27 0.003034
28 0.004670
29 0.005866
30 0.006742
31 0.009465
32 0.013815
33 0.017284
34 0.011846
35 0.005510
36 0.000978
37 0.000814
38 0.003533
39 0.009184
40 0.009014
41 0.005662
42 0.001554
43 0.000210
44 0.000114
45 0.000170
46 0.000452
47 0.002709
48 0.008268
49 0.017219
50 0.000180
51 0.000000
52 0.003749
53 0.002846
54 0.002582
55 0.002942
56 0.004027
57 0.004480
58 0.005250
59 0.006742
60 0.009465
61 0.014638
62 0.016790
63 0.005616
64 0.001058
65 0.001853
66 0.004473
67 0.006719
68 0.005103
69 0.006379
70 0.001489
71 0.000218
72 0.000127
73 0.000207
74 0.000368
75 0.001760
76 0.000225
77 0.000190
78 0.000000
79 0.000000
80 0.000000
81 0.002416
82 0.002766
83 0.002582
84 0.003698
85 0.003468
86 0.003911
87 0.004913
88 0.006945
89 0.010165
90 0.014638
91 0.004320
92 0.001546
93 0.003586
94 0.007325
95 0.002745
96 0.004349
97 0.004812
98 0.001847
99 0.000408
100 0.000160
101 0.000128
102 0.000004
103 0.000023
104 0.000096
105 0.000000
106 0.000000
107 0.000000
108 0.000001
109 0.002338
110 0.002416
111 0.002766
112 0.004145
113 0.003159
114 0.002855
115 0.003646
116 0.000000
117 0.000000
118 0.000518
119 0.001641
120 0.001971
121 0.011181
122 0.008363
123 0.003790
124 0.001865
125 0.001880
126 0.001873
127 0.000135
128 0.000008
129 0.000005
130 0.000008
131 0.000008
132 0.000000
133 0.000000
134 0.000000
135 0.000000
136 0.000105
137 0.002031
138 0.002338
139 0.002696
140 0.005886
141 0.003909
142 0.002574
143 0.002480
144 0.000000
145 0.000000
146 0.000000
147 0.000003
148 0.000688
149 0.105522
150 0.005489
151 0.002171
152 0.000856
153 0.000042
154 0.000021
155 0.000037
156 0.000021
157 0.000010
158 0.000014
159 0.000001
160 0.000000
161 0.000000
162 0.000000
163 0.000001
164 0.002051
165 0.001961
166 0.002277
167 0.002782
168 0.008629
169 0.005577
170 0.003978
171 0.002433
172 0.000398
173 0.000000
174 0.000000
175 0.000000
176 0.000010
177 0.000447
178 0.001051
179 0.000735
180 0.000044
181 0.000003
182 0.000010
183 0.000090
184 0.000828
185 0.000374
186 0.000001
187 0.000000
188 0.000000
189 0.000000
190 0.000001
191 0.000003
192 0.001887
193 0.002093
194 0.002881
195 0.004609
196 0.010002
197 0.009464
198 0.006011
199 0.003676
200 0.002100
201 0.000010
202 0.000000
203 0.000000
204 0.000000
205 0.000000
206 0.000001
207 0.000004
208 0.000003
209 0.000023
210 0.001144
211 0.999986
212 0.005074
213 0.000012
214 0.000000
215 0.000000
216 0.000000
217 0.000000
218 0.000001
219 0.000150
220 0.002387
221 0.003516
222 0.005245
223 0.008085
224 0.008959
225 0.010002
226 0.010002
227 0.006482
228 0.003841
229 0.000395
230 0.000000
231 0.000000
232 0.000000
233 0.000000
234 0.000000
235 0.000000
236 0.000003
237 0.000131
238 0.002928
239 0.002020
240 0.000524
241 0.000003
242 0.000000
243 0.000000
244 0.000000
245 0.000000
246 0.000001
247 0.002539
248 0.003921
249 0.006208
250 0.009402
251 0.010053
252 0.005305
253 0.007225
254 0.009348
255 0.007184
256 0.002018
257 0.000092
258 0.000004
259 0.000000
260 0.000000
261 0.000000
262 0.000001
263 0.000002
264 0.000005
265 0.000025
266 0.000024
267 0.000011
268 0.000001
269 0.000000
270 0.000000
271 0.000001
272 0.000000
273 0.000000
274 0.000002
275 0.004144
276 0.007094
277 0.009994
278 0.010019
279 0.008915
280 0.002587
281 0.001889
282 0.001759
283 0.001485
284 0.001477
285 0.000061
286 0.000073
287 0.000017
288 0.000000
289 0.000000
290 0.000000
291 0.000004
292 0.000035
293 0.000034
294 0.000003
295 0.000000
296 0.000000
297 0.000000
298 0.000001
299 0.000002
300 0.000000
301 0.000000
302 0.000037
303 0.010198
304 0.010269
305 0.010202
306 0.007481
307 0.005850
308 0.001125
309 0.000643
310 0.000456
311 0.000586
312 0.000419
313 0.000235
314 0.001175
315 0.002012
316 0.000006
317 0.000000
318 0.000000
319 0.000001
320 0.000032
321 0.000025
322 0.000001
323 0.000000
324 0.000000
325 0.000000
326 0.000002
327 0.000001
328 0.000000
329 0.000000
330 0.000113
331 0.004373
332 0.021317
333 0.012274
334 0.005333
335 0.004807
336 0.001623
337 0.001111
338 0.001136
339 0.001532
340 0.000152
341 0.000275
342 0.005082
343 0.999992
344 0.000073
345 0.000001
346 0.000000
347 0.000000
348 0.000001
349 0.000001
350 0.000001
351 0.000000
352 0.000000
353 0.000001
354 0.000006
355 0.000000
356 0.000000
357 0.000000
358 0.000011
359 0.000216
360 0.006436
361 0.008968
362 0.010378
363 0.011435
364 0.005538
365 0.008573
366 0.006744
367 0.004239
368 0.000096
369 0.000146
370 0.004554
371 0.001398
372 0.000097
373 0.000004
374 0.000000
375 0.000000
376 0.000000
377 0.000000
378 0.000000
379 0.000002
380 0.000023
381 0.000084
382 0.000026
383 0.000000
384 0.000000
385 0.000000
386 0.000000
387 0.000007
388 0.000760
389 0.004613
390 0.010011
391 0.020754
392 0.013448
393 0.013276
394 0.011678
395 0.003437
396 0.000247
397 0.000385
398 0.001864
399 0.000099
400 0.000007
401 0.000005
402 0.000006
403 0.000000
404 0.000000
405 0.000000
406 0.000000
407 0.000001
408 0.000321
409 0.003181
410 0.000060
411 0.000001
412 0.000000
413 0.000001
414 0.000000
415 0.000001
416 0.000064
417 0.002184
418 0.004469
419 0.010334
420 0.009524
421 0.011485
422 0.013711
423 0.000854
424 0.000430
425 0.002025
426 0.000354
427 0.000008
428 0.000003
429 0.000006
430 0.000002
431 0.000000
432 0.000000
433 0.000000
434 0.000000
435 0.000001
436 0.000157
437 0.999987
438 0.000104
439 0.000002
440 0.000002
441 0.000005
442 0.000001
443 0.000000
444 0.000015
445 0.001555
446 0.000920
447 0.000687
448 0.003766
449 0.004673
450 0.006930
451 0.000473
452 0.000438
453 0.001215
454 0.000039
455 0.000005
456 0.000009
457 0.000005
458 0.000002
459 0.000000
460 0.000000
461 0.000000
462 0.000000
463 0.000001
464 0.000017
465 0.000060
466 0.000036
467 0.000005
468 0.000021
469 0.000025
470 0.000003
471 0.000000
472 0.000002
473 0.000136
474 0.000214
475 0.000241
476 0.004123
477 0.003557
478 0.001401
479 0.000149
480 0.000186
481 0.000044
482 0.000004
483 0.000006
484 0.000022
485 0.000006
486 0.000001
487 0.000001
488 0.000000
489 0.000000
490 0.000001
491 0.000002
492 0.000002
493 0.000001
494 0.000001
495 0.000053
496 0.000223
497 0.000076
498 0.000002
499 0.000000
500 0.000000
501 0.000012
502 0.000284
503 0.000474
504 0.010000
505 0.006801
506 0.000406
507 0.000068
508 0.000040
509 0.000002
510 0.000001
511 0.000003
512 0.000003
513 0.000001
514 0.000010
515 0.000018
516 0.000040
517 0.000019
518 0.000009
519 0.000003
520 0.000002
521 0.000000
522 0.000000
523 0.000001
524 0.000142
525 0.000023
526 0.000004
527 0.000001
528 0.000000
529 0.000017
530 0.000841
531 0.001520
532 0.010001
533 0.008780
534 0.000237
535 0.000055
536 0.000009
537 0.000001
538 0.000001
539 0.000001
540 0.000000
541 0.000002
542 0.000091
543 0.002336
544 0.012771
545 0.002009
546 0.000323
547 0.000051
548 0.000001
549 0.000000
550 0.000000
551 0.000000
552 0.000002
553 0.000020
554 0.000012
555 0.000005
556 0.000006
557 0.000140
558 0.002351
559 0.001765
560 0.007731
561 0.004941
562 0.000216
563 0.000025
564 0.000005
565 0.000001
566 0.000002
567 0.000001
568 0.000004
569 0.000215
570 0.003672
571 0.004847
572 0.006327
573 0.999985
574 0.001538
575 0.000031
576 0.000001
577 0.000000
578 0.000000
579 0.000000
580 0.000001
581 0.000010
582 0.000049
583 0.000039
584 0.000186
585 0.006340
586 0.004123
587 0.003055
588 0.004983
589 0.002851
590 0.000295
591 0.000038
592 0.000004
593 0.000001
594 0.000002
595 0.000103
596 0.002078
597 0.007690
598 0.003796
599 0.000751
600 0.000130
601 0.000064
602 0.000035
603 0.000015
604 0.000001
605 0.000000
606 0.000000
607 0.000002
608 0.000001
609 0.000003
610 0.000036
611 0.000282
612 0.010008
613 0.009667
614 0.007108
615 0.005204
616 0.002928
617 0.002170
618 0.001851
619 0.000394
620 0.000021
621 0.000017
622 0.001108
623 0.004610
624 0.012889
625 0.001814
626 0.000098
627 0.000180
628 0.000101
629 0.000076
630 0.000093
631 0.000034
632 0.000003
633 0.000002
634 0.000009
635 0.000010
636 0.000005
637 0.000006
638 0.000144
639 0.005288
640 0.008387
641 0.010007
642 0.000000
643 0.000000
644 0.002344
645 0.002266
646 0.002199
647 0.001936
648 0.001581
649 0.016507
650 0.013693
651 0.002270
652 0.000080
653 0.000139
654 0.000325
655 0.000559
656 0.002230
657 0.010006
658 0.007356
659 0.000249
660 0.000017
661 0.000013
662 0.000015
663 0.000022
664 0.000034
665 0.000100
666 0.001943
667 0.003430
668 0.005417
669 0.000000
670 0.000000
671 0.000000
672 0.000000
673 0.002341
674 0.002284
675 0.002026
676 0.002218
677 0.001948
678 0.000221
679 0.000196
680 0.000391
681 0.001370
682 0.009394
683 0.010004
684 0.010005
685 0.010005
686 0.004781
687 0.001495
688 0.000355
689 0.000635
690 0.000509
691 0.000247
692 0.000356
693 0.001426
694 0.001531
695 0.002284
696 0.000000
697 0.000000
698 0.000000
699 0.000000
700 0.000000
701 0.000000
702 0.002385
703 0.002347
704 0.002301
705 0.002232
706 0.002064
707 0.002972
708 0.005300
709 0.008053
710 0.010002
711 0.010004
712 0.010006
713 0.010005
714 0.003277
715 0.001056
716 0.000985
717 0.001560
718 0.002977
719 0.001724
720 0.001280
721 0.001472
722 0.001688
723 0.000000
724 0.000000
725 0.000000
726 0.000000
727 0.000000
728 0.000000
729 0.000000
730 0.000000
731 0.000000
732 0.002372
733 0.002328
734 0.002385
735 0.003910
736 0.007248
737 0.009633
738 0.010001
739 0.010004
740 0.010006
741 0.006679
742 0.002240
743 0.000874
744 0.001583
745 0.004161
746 0.004842
747 0.002765
748 0.001638
749 0.001688
750 0.000000
751 0.000000
752 0.000000
753 0.000000
754 0.000000
755 0.000000
756 0.000000
757 0.000000
758 0.000001
759 0.000004
760 0.000000
761 0.002488
762 0.003293
763 0.005718
764 0.008882
765 0.010001
766 0.010001
767 0.010004
768 0.010005
769 0.004617
770 0.001611
771 0.001069
772 0.002500
773 0.007457
774 0.006932
775 0.003951
776 0.002589
777 0.000020
778 0.000178
779 0.000161
780 0.000047
781 0.000003
782 0.000000
783 0.000000
