0 0.002047
1 0.001938
2 0.001590
3 0.001737
4 0.001414
5 0.001144
6 0.001011
7 0.002228
8 0.000497
9 0.000124
10 0.000090
11 0.000107
12 0.000123
13 0.000051
14 0.000014
15 0.000011
16 0.000101
17 0.000452
18 0.001822
19 0.003980
20 0.005096
21 0.006629
22 0.006918
23 0.005908
24 0.002591
25 0.001270
26 0.000770
27 0.000794
28 0.001686
29 0.001834
30 0.001499
31 0.001414
32 0.001334
33 0.001188
34 0.000951
35 0.000560
36 0.000079
37 0.000034
38 0.000065
39 0.000076
40 0.000108
41 0.000095
42 0.000025
43 0.000048
44 0.000232
45 0.000522
46 0.000305
47 0.000915
48 0.005738
49 0.006712
50 0.000001
51 0.000001
52 0.001142
53 0.000679
54 0.000573
55 0.000745
56 0.001834
57 0.001499
58 0.001414
59 0.001334
60 0.001188
61 0.000951
62 0.000895
63 0.000140
64 0.000015
65 0.000010
66 0.000038
67 0.000065
68 0.000078
69 0.000109
70 0.000140
71 0.000317
72 0.000574
73 0.000234
74 0.000073
75 0.000362
76 0.000006
77 0.000003
78 0.000002
79 0.000001
80 0.000001
81 0.000501
82 0.000658
83 0.000572
84 0.001737
85 0.001414
86 0.001144
87 0.001011
88 0.000951
89 0.000895
90 0.000793
91 0.000038
92 0.000004
93 0.000005
94 0.000011
95 0.000037
96 0.000066
97 0.000142
98 0.001523
99 0.002753
100 0.000573
101 0.000040
102 0.000001
103 0.000001
104 0.000004
105 0.000002
106 0.000001
107 0.000001
108 0.000001
109 0.000469
110 0.000501
111 0.000658
112 0.001414
113 0.001334
114 0.001011
115 0.000951
116 0.000001
117 0.000001
118 0.000011
119 0.000006
120 0.000001
121 0.000002
122 0.000005
123 0.000013
124 0.000062
125 0.000505
126 0.013207
127 0.000711
128 0.000002
129 0.000001
130 0.000002
131 0.000004
132 0.000003
133 0.000002
134 0.000001
135 0.000001
136 0.000007
137 0.000355
138 0.000469
139 0.000638
140 0.001334
141 0.001075
142 0.000951
143 0.000895
144 0.000001
145 0.000001
146 0.000001
147 0.000002
148 0.000004
149 0.000006
150 0.000002
151 0.000002
152 0.000012
153 0.000062
154 0.000060
155 0.000003
156 0.000002
157 0.000002
158 0.000004
159 0.000004
160 0.000002
161 0.000001
162 0.000001
163 0.000001
164 0.000362
165 0.000331
166 0.000454
167 0.000484
168 0.001075
169 0.000951
170 0.000895
171 0.000793
172 0.000002
173 0.000001
174 0.000001
175 0.000001
176 0.000002
177 0.000003
178 0.000005
179 0.000005
180 0.000004
181 0.000002
182 0.000003
183 0.000004
184 0.000006
185 0.000011
186 0.000005
187 0.000001
188 0.000001
189 0.000001
190 0.000001
191 0.000001
192 0.000278
193 0.000298
194 0.000319
195 0.000522
196 0.000960
197 0.000895
198 0.000710
199 0.000625
200 0.000192
201 0.000001
202 0.000001
203 0.000001
204 0.000001
205 0.000001
206 0.000001
207 0.000003
208 0.000003
209 0.000006
210 0.000016
211 0.000113
212 0.996357
213 0.000010
214 0.000001
215 0.000001
216 0.000001
217 0.000001
218 0.000001
219 0.000007
220 0.000278
221 0.000300
222 0.000358
223 0.000466
224 0.002163
225 0.001011
226 0.000625
227 0.000587
228 0.000430
229 0.000003
230 0.000001
231 0.000001
232 0.000001
233 0.000001
234 0.000001
235 0.000001
236 0.000002
237 0.000006
238 0.000053
239 0.999433
240 0.000184
241 0.000007
242 0.000001
243 0.000001
244 0.000001
245 0.000001
246 0.000001
247 0.000241
248 0.000248
249 0.000242
250 0.000340
251 0.000346
252 0.005456
253 0.002334
254 0.001247
255 0.000342
256 0.000071
257 0.000003
258 0.000001
259 0.000001
260 0.000001
261 0.000001
262 0.000001
263 0.000001
264 0.000002
265 0.000002
266 0.000004
267 0.000004
268 0.000004
269 0.000002
270 0.000001
271 0.000001
272 0.000001
273 0.000001
274 0.000001
275 0.000154
276 0.000224
277 0.000221
278 0.000237
279 0.000296
280 0.010036
281 0.002903
282 0.000718
283 0.000112
284 0.000023
285 0.000001
286 0.000002
287 0.000001
288 0.000001
289 0.000001
290 0.000001
291 0.000002
292 0.000002
293 0.000002
294 0.000001
295 0.000001
296 0.000001
297 0.000001
298 0.000001
299 0.000001
300 0.000001
301 0.000001
302 0.000002
303 0.000140
304 0.000192
305 0.000203
306 0.000188
307 0.000253
308 0.001681
309 0.001167
310 0.000559
311 0.000118
312 0.000003
313 0.000001
314 0.000002
315 0.000002
316 0.000001
317 0.000001
318 0.000002
319 0.000002
320 0.000001
321 0.000001
322 0.000001
323 0.000001
324 0.000001
325 0.000001
326 0.000001
327 0.000001
328 0.000001
329 0.000001
330 0.000002
331 0.000012
332 0.000135
333 0.000164
334 0.000176
335 0.000255
336 0.000171
337 0.000213
338 0.000294
339 0.000380
340 0.000004
341 0.000002
342 0.000002
343 0.000003
344 0.000002
345 0.000002
346 0.000002
347 0.000002
348 0.000001
349 0.000001
350 0.000001
351 0.000001
352 0.000001
353 0.000001
354 0.000001
355 0.000001
356 0.000001
357 0.000001
358 0.000001
359 0.000002
360 0.000104
361 0.000120
362 0.000164
363 0.000175
364 0.000045
365 0.000067
366 0.000163
367 0.000516
368 0.000003
369 0.000002
370 0.000002
371 0.000005
372 0.000007
373 0.000003
374 0.000002
375 0.000001
376 0.000001
377 0.000001
378 0.000001
379 0.000001
380 0.000001
381 0.000001
382 0.000001
383 0.000001
384 0.000001
385 0.000001
386 0.000001
387 0.000001
388 0.000009
389 0.000072
390 0.000120
391 0.000175
392 0.000033
393 0.000041
394 0.000080
395 0.000019
396 0.000002
397 0.000002
398 0.000002
399 0.000010
400 0.000057
401 0.000009
402 0.000001
403 0.000001
404 0.000001
405 0.000001
406 0.000001
407 0.000001
408 0.000001
409 0.000001
410 0.000001
411 0.000001
412 0.000001
413 0.000001
414 0.000001
415 0.000001
416 0.000001
417 0.000021
418 0.000040
419 0.000072
420 0.000076
421 0.000090
422 0.000139
423 0.000002
424 0.000001
425 0.000001
426 0.000002
427 0.000014
428 0.999965
429 0.000023
430 0.000002
431 0.000001
432 0.000001
433 0.000001
434 0.000001
435 0.000001
436 0.000001
437 0.000001
438 0.000001
439 0.000001
440 0.000001
441 0.000001
442 0.000001
443 0.000001
444 0.000001
445 0.000007
446 0.000014
447 0.000027
448 0.000326
449 0.000186
450 0.000140
451 0.000001
452 0.000001
453 0.000001
454 0.000002
455 0.000007
456 0.000034
457 0.000009
458 0.000002
459 0.000001
460 0.000001
461 0.000001
462 0.000001
463 0.000001
464 0.000001
465 0.000001
466 0.000001
467 0.000001
468 0.000001
469 0.000001
470 0.000001
471 0.000001
472 0.000001
473 0.000002
474 0.000005
475 0.000017
476 0.001682
477 0.000748
478 0.000055
479 0.000001
480 0.000001
481 0.000001
482 0.000003
483 0.000004
484 0.000003
485 0.000003
486 0.000002
487 0.000001
488 0.000001
489 0.000001
490 0.000001
491 0.000001
492 0.000001
493 0.000001
494 0.000001
495 0.000001
496 0.000001
497 0.000001
498 0.000001
499 0.000001
500 0.000001
501 0.000001
502 0.000025
503 0.000066
504 0.010002
505 0.005845
506 0.000024
507 0.000001
508 0.000001
509 0.000002
510 0.000003
511 0.000002
512 0.000001
513 0.000002
514 0.000001
515 0.000001
516 0.000001
517 0.000001
518 0.000001
519 0.000001
520 0.000001
521 0.000001
522 0.000001
523 0.000001
524 0.000001
525 0.000001
526 0.000001
527 0.000001
528 0.000001
529 0.000001
530 0.000206
531 0.000770
532 0.010001
533 0.010001
534 0.000018
535 0.000001
536 0.000002
537 0.000003
538 0.000003
539 0.000001
540 0.000001
541 0.000001
542 0.000001
543 0.000001
544 0.000001
545 0.000001
546 0.000001
547 0.000001
548 0.000001
549 0.000001
550 0.000001
551 0.000001
552 0.000001
553 0.000001
554 0.000001
555 0.000001
556 0.000001
557 0.000006
558 0.000770
559 0.000803
560 0.010001
561 0.010001
562 0.000014
563 0.000001
564 0.000003
565 0.000003
566 0.000001
567 0.000001
568 0.000001
569 0.000001
570 0.000001
571 0.000001
572 0.000001
573 0.000001
574 0.000001
575 0.000001
576 0.000001
577 0.000001
578 0.000001
579 0.000001
580 0.000001
581 0.000001
582 0.000001
583 0.000001
584 0.000004
585 0.000770
586 0.000803
587 0.000959
588 0.010001
589 0.010001
590 0.000183
591 0.000003
592 0.000003
593 0.000001
594 0.000001
595 0.000001
596 0.000001
597 0.000001
598 0.000001
599 0.000001
600 0.000001
601 0.000001
602 0.000001
603 0.000001
604 0.000001
605 0.000001
606 0.000001
607 0.000001
608 0.000001
609 0.000001
610 0.000001
611 0.000005
612 0.000738
613 0.000770
614 0.000921
615 0.000959
616 0.010001
617 0.008520
618 0.003801
619 0.000086
620 0.000002
621 0.000001
622 0.000001
623 0.000001
624 0.000001
625 0.000001
626 0.000001
627 0.000001
628 0.000001
629 0.000001
630 0.000001
631 0.000001
632 0.000001
633 0.000001
634 0.000001
635 0.000001
636 0.000001
637 0.000001
638 0.000006
639 0.000738
640 0.000770
641 0.000921
642 0.000001
643 0.000001
644 0.008605
645 0.004679
646 0.002162
647 0.000988
648 0.000245
649 0.000001
650 0.000001
651 0.000001
652 0.000001
653 0.000001
654 0.000001
655 0.000003
656 0.000012
657 0.000043
658 0.000012
659 0.000001
660 0.000001
661 0.000001
662 0.000001
663 0.000001
664 0.000001
665 0.000010
666 0.000738
667 0.000885
668 0.000921
669 0.000001
670 0.000001
671 0.000001
672 0.000001
673 0.002304
674 0.001250
675 0.001034
676 0.001144
677 0.000941
678 0.000004
679 0.000002
680 0.000004
681 0.000021
682 0.000486
683 0.000464
684 0.000352
685 0.000123
686 0.000028
687 0.000009
688 0.000007
689 0.000044
690 0.000054
691 0.000025
692 0.000068
693 0.000708
694 0.000770
695 0.000921
696 0.000001
697 0.000001
698 0.000001
699 0.000001
700 0.000001
701 0.000001
702 0.001305
703 0.001249
704 0.001195
705 0.001144
706 0.000941
707 0.000899
708 0.000819
709 0.000666
710 0.000538
711 0.000487
712 0.000464
713 0.000291
714 0.000079
715 0.000024
716 0.000018
717 0.000081
718 0.000562
719 0.000588
720 0.000614
721 0.000738
722 0.000885
723 0.000001
724 0.000001
725 0.000001
726 0.000001
727 0.000001
728 0.000001
729 0.000001
730 0.000001
731 0.000001
732 0.001248
733 0.001195
734 0.000986
735 0.000941
736 0.000899
737 0.000734
738 0.000666
739 0.000635
740 0.000606
741 0.000464
742 0.000144
743 0.000051
744 0.000047
745 0.000189
746 0.000588
747 0.000708
748 0.000738
749 0.000885
750 0.000001
751 0.000001
752 0.000001
753 0.000001
754 0.000001
755 0.000001
756 0.000001
757 0.000001
758 0.000001
759 0.000001
760 0.000001
761 0.001248
762 0.001195
763 0.000986
764 0.000941
765 0.000899
766 0.000858
767 0.000820
768 0.000636
769 0.000607
770 0.000329
771 0.000112
772 0.000143
773 0.000433
774 0.000588
775 0.000642
776 0.000770
777 0.000001
778 0.000028
779 0.000017
780 0.000001
781 0.000001
782 0.000001
783 0.000001
