0 0.000980
1 0.000905
2 0.000679
3 0.000772
4 0.000574
5 0.001046
6 0.002539
7 0.010003
8 0.001337
9 0.000053
10 0.000009
11 0.000002
12 0.000002
13 0.000002
14 0.000002
15 0.000002
16 0.000005
17 0.000010
18 0.000122
19 0.003943
20 0.028802
21 0.026718
22 0.008787
23 0.002861
24 0.001331
25 0.000967
26 0.000890
27 0.000943
28 0.000740
29 0.000836
30 0.000624
31 0.000574
32 0.000527
33 0.000446
34 0.001110
35 0.001776
36 0.000515
37 0.000071
38 0.000014
39 0.000004
40 0.000001
41 0.000002
42 0.000001
43 0.000003
44 0.000006
45 0.000013
46 0.000055
47 0.001879
48 0.025856
49 0.010467
50 0.001149
51 0.000000
52 0.000887
53 0.000793
54 0.000698
55 0.000890
56 0.000836
57 0.000624
58 0.000574
59 0.000527
60 0.000446
61 0.000324
62 0.000379
63 0.000190
64 0.000062
65 0.000062
66 0.000045
67 0.000006
68 0.000001
69 0.000001
70 0.000002
71 0.000004
72 0.000014
73 0.000016
74 0.000033
75 0.000587
76 0.006667
77 0.000008
78 0.000000
79 0.000000
80 0.000000
81 0.000618
82 0.000793
83 0.000698
84 0.000772
85 0.000574
86 0.000422
87 0.000354
88 0.000324
89 0.000297
90 0.000250
91 0.000022
92 0.000007
93 0.000021
94 0.000062
95 0.000016
96 0.000003
97 0.000001
98 0.000002
99 0.000007
100 0.000012
101 0.000013
102 0.000010
103 0.000052
104 0.000001
105 0.000000
106 0.000000
107 0.000000
108 0.000000
109 0.000582
110 0.000618
111 0.000793
112 0.000574
113 0.000527
114 0.000354
115 0.000324
116 0.000000
117 0.000000
118 0.000004
119 0.000000
120 0.000000
121 0.000002
122 0.000028
123 0.000062
124 0.000009
125 0.000004
126 0.000004
127 0.000006
128 0.000009
129 0.000010
130 0.000001
131 0.000001
132 0.000000
133 0.000000
134 0.000000
135 0.000000
136 0.000012
137 0.000450
138 0.000582
139 0.000749
140 0.000527
141 0.000386
142 0.000324
143 0.000297
144 0.000000
145 0.000000
146 0.000000
147 0.000000
148 0.000001
149 0.000000
150 0.000000
151 0.000001
152 0.000002
153 0.000002
154 0.000007
155 0.000006
156 0.000021
157 0.000001
158 0.000000
159 0.000000
160 0.000000
161 0.000000
162 0.000000
163 0.000000
164 0.000458
165 0.000422
166 0.000548
167 0.000582
168 0.000485
169 0.000324
170 0.000297
171 0.000250
172 0.000012
173 0.000000
174 0.000000
175 0.000000
176 0.000000
177 0.000001
178 0.000001
179 0.000001
180 0.000004
181 0.000008
182 0.000004
183 0.000001
184 0.000000
185 0.000000
186 0.000000
187 0.000000
188 0.000000
189 0.000000
190 0.000000
191 0.000000
192 0.000350
193 0.000373
194 0.000397
195 0.000644
196 0.001110
197 0.000485
198 0.000213
199 0.000178
200 0.000141
201 0.000000
202 0.000000
203 0.000000
204 0.000000
205 0.000000
206 0.000001
207 0.000002
208 0.000152
209 0.999995
210 0.000026
211 0.000001
212 0.000000
213 0.000000
214 0.000000
215 0.000000
216 0.000000
217 0.000000
218 0.000000
219 0.000006
220 0.000350
221 0.000373
222 0.000507
223 0.000664
224 0.004130
225 0.001295
226 0.000506
227 0.000162
228 0.000104
229 0.000003
230 0.000000
231 0.000000
232 0.000000
233 0.000000
234 0.000000
235 0.000000
236 0.000001
237 0.000003
238 0.000024
239 0.000002
240 0.000000
241 0.000000
242 0.000000
243 0.000000
244 0.000000
245 0.000000
246 0.000000
247 0.000050
248 0.000052
249 0.000063
250 0.000133
251 0.000201
252 0.010007
253 0.005256
254 0.002018
255 0.000467
256 0.000128
257 0.000002
258 0.000000
259 0.000000
260 0.000000
261 0.000000
262 0.000000
263 0.000000
264 0.000000
265 0.000000
266 0.000001
267 0.000001
268 0.000000
269 0.000000
270 0.000000
271 0.000000
272 0.000000
273 0.000000
274 0.000000
275 0.000054
276 0.000057
277 0.000062
278 0.000069
279 0.000084
280 0.010006
281 0.008840
282 0.008767
283 0.002086
284 0.000530
285 0.000001
286 0.000000
287 0.000000
288 0.000000
289 0.000000
290 0.000000
291 0.000000
292 0.000000
293 0.000000
294 0.000000
295 0.000000
296 0.000000
297 0.000000
298 0.000000
299 0.000000
300 0.000000
301 0.000000
302 0.000000
303 0.000206
304 0.000283
305 0.000205
306 0.000118
307 0.000112
308 0.001864
309 0.004564
310 0.008843
311 0.008774
312 0.000297
313 0.000001
314 0.000000
315 0.000000
316 0.000000
317 0.000000
318 0.000000
319 0.000000
320 0.000000
321 0.000000
322 0.000000
323 0.000000
324 0.000000
325 0.000000
326 0.000000
327 0.000000
328 0.000000
329 0.000000
330 0.000000
331 0.000005
332 0.000206
333 0.000220
334 0.000235
335 0.000329
336 0.000289
337 0.000678
338 0.001693
339 0.004680
340 0.000098
341 0.000002
342 0.000000
343 0.000000
344 0.000000
345 0.000000
346 0.000000
347 0.000000
348 0.000000
349 0.000000
350 0.000000
351 0.000000
352 0.000000
353 0.000000
354 0.000000
355 0.000000
356 0.000000
357 0.000000
358 0.000000
359 0.000000
360 0.000162
361 0.000166
362 0.000220
363 0.000235
364 0.000087
365 0.000106
366 0.000217
367 0.000506
368 0.000002
369 0.000000
370 0.000000
371 0.000001
372 0.000001
373 0.000001
374 0.000000
375 0.000000
376 0.000000
377 0.000000
378 0.000000
379 0.000000
380 0.000000
381 0.000000
382 0.000000
383 0.000000
384 0.000000
385 0.000000
386 0.000000
387 0.000000
388 0.000017
389 0.000203
390 0.000187
391 0.000235
392 0.000060
393 0.000050
394 0.000041
395 0.000002
396 0.000000
397 0.000000
398 0.000000
399 0.000001
400 0.000050
401 0.000055
402 0.000002
403 0.000000
404 0.000000
405 0.000000
406 0.000000
407 0.000000
408 0.000000
409 0.000000
410 0.000000
411 0.000000
412 0.000000
413 0.000000
414 0.000000
415 0.000000
416 0.000000
417 0.000100
418 0.000179
419 0.000234
420 0.000066
421 0.000026
422 0.000010
423 0.000000
424 0.000000
425 0.000000
426 0.000000
427 0.000002
428 0.008041
429 0.999992
430 0.000002
431 0.000000
432 0.000000
433 0.000000
434 0.000000
435 0.000000
436 0.000000
437 0.000000
438 0.000000
439 0.000000
440 0.000000
441 0.000000
442 0.000000
443 0.000000
444 0.000000
445 0.000029
446 0.000062
447 0.000099
448 0.000047
449 0.000009
450 0.000003
451 0.000000
452 0.000000
453 0.000000
454 0.000000
455 0.000001
456 0.000240
457 0.000008
458 0.000000
459 0.000000
460 0.000000
461 0.000000
462 0.000000
463 0.000000
464 0.000000
465 0.000000
466 0.000000
467 0.000000
468 0.000000
469 0.000000
470 0.000000
471 0.000000
472 0.000000
473 0.000001
474 0.000016
475 0.000061
476 0.000150
477 0.000024
478 0.000001
479 0.000000
480 0.000000
481 0.000000
482 0.000000
483 0.000001
484 0.000001
485 0.000000
486 0.000000
487 0.000000
488 0.000000
489 0.000000
490 0.000000
491 0.000000
492 0.000000
493 0.000000
494 0.000000
495 0.000000
496 0.000000
497 0.000000
498 0.000000
499 0.000000
500 0.000000
501 0.000000
502 0.000035
503 0.000099
504 0.001113
505 0.000332
506 0.000002
507 0.000000
508 0.000000
509 0.000000
510 0.000001
511 0.000000
512 0.000000
513 0.000000
514 0.000000
515 0.000000
516 0.000000
517 0.000000
518 0.000000
519 0.000000
520 0.000000
521 0.000000
522 0.000000
523 0.000000
524 0.000000
525 0.000000
526 0.000000
527 0.000000
528 0.000000
529 0.000000
530 0.000256
531 0.000755
532 0.000962
533 0.001874
534 0.000009
535 0.000000
536 0.000001
537 0.000004
538 0.000001
539 0.000000
540 0.000000
541 0.000000
542 0.000000
543 0.000000
544 0.000000
545 0.000000
546 0.000000
547 0.000000
548 0.000000
549 0.000000
550 0.000000
551 0.000000
552 0.000000
553 0.000000
554 0.000000
555 0.000000
556 0.000000
557 0.000001
558 0.000755
559 0.000788
560 0.002706
561 0.004788
562 0.000020
563 0.000001
564 0.000016
565 0.000058
566 0.000000
567 0.000000
568 0.000000
569 0.000000
570 0.000000
571 0.000000
572 0.000000
573 0.000000
574 0.000000
575 0.000000
576 0.000000
577 0.000000
578 0.000000
579 0.000000
580 0.000000
581 0.000000
582 0.000000
583 0.000000
584 0.000000
585 0.000755
586 0.000788
587 0.000943
588 0.005715
589 0.009993
590 0.000289
591 0.000031
592 0.000024
593 0.000002
594 0.000000
595 0.000000
596 0.000000
597 0.000000
598 0.000000
599 0.000000
600 0.000000
601 0.000000
602 0.000000
603 0.000000
604 0.000000
605 0.000000
606 0.000000
607 0.000000
608 0.000000
609 0.000000
610 0.000000
611 0.000001
612 0.000724
613 0.000755
614 0.000906
615 0.000943
616 0.011751
617 0.010005
618 0.010003
619 0.000318
620 0.000024
621 0.000000
622 0.000000
623 0.000000
624 0.000000
625 0.000000
626 0.000000
627 0.000000
628 0.000000
629 0.000000
630 0.000000
631 0.000000
632 0.000000
633 0.000000
634 0.000000
635 0.000000
636 0.000000
637 0.000000
638 0.000001
639 0.000724
640 0.000755
641 0.000906
642 0.000000
643 0.000000
644 0.010005
645 0.010003
646 0.006365
647 0.003015
648 0.000473
649 0.000001
650 0.000000
651 0.000000
652 0.000000
653 0.000000
654 0.000001
655 0.000011
656 0.000061
657 0.000318
658 0.000159
659 0.000001
660 0.000000
661 0.000000
662 0.000000
663 0.000000
664 0.000000
665 0.000001
666 0.000724
667 0.000870
668 0.000906
669 0.000000
670 0.000000
671 0.000000
672 0.000000
673 0.006487
674 0.003635
675 0.001775
676 0.001303
677 0.001092
678 0.000005
679 0.000003
680 0.000005
681 0.000033
682 0.001782
683 0.002797
684 0.003031
685 0.000410
686 0.000318
687 0.000098
688 0.000029
689 0.000059
690 0.000018
691 0.000006
692 0.000024
693 0.000694
694 0.000755
695 0.000906
696 0.000000
697 0.000000
698 0.000000
699 0.000000
700 0.000000
701 0.000000
702 0.002170
703 0.001411
704 0.001356
705 0.001303
706 0.001092
707 0.001047
708 0.000963
709 0.000799
710 0.000666
711 0.003034
712 0.002987
713 0.000875
714 0.000430
715 0.000270
716 0.000124
717 0.000189
718 0.000550
719 0.000574
720 0.000601
721 0.000724
722 0.000870
723 0.000000
724 0.000000
725 0.000000
726 0.000000
727 0.000000
728 0.000000
729 0.000000
730 0.000000
731 0.000000
732 0.001411
733 0.001356
734 0.001138
735 0.001092
736 0.001047
737 0.000872
738 0.000799
739 0.003898
740 0.003832
741 0.002976
742 0.000451
743 0.000430
744 0.000449
745 0.000689
746 0.000894
747 0.000694
748 0.000724
749 0.000870
750 0.000000
751 0.000000
752 0.000000
753 0.000000
754 0.000000
755 0.000000
756 0.000000
757 0.000000
758 0.000000
759 0.000000
760 0.000000
761 0.001411
762 0.001356
763 0.001138
764 0.001092
765 0.001047
766 0.001004
767 0.002146
768 0.004027
769 0.004559
770 0.000576
771 0.000553
772 0.001369
773 0.002466
774 0.001410
775 0.000724
776 0.000755
777 0.000000
778 0.000005
779 0.000002
780 0.000000
781 0.000000
782 0.000000
783 0.000000
