0 0.002346
1 0.003239
2 0.007174
3 0.017863
4 0.032932
5 0.016971
6 0.007485
7 0.003204
8 0.000405
9 0.000037
10 0.000017
11 0.000013
12 0.000014
13 0.000013
14 0.000024
15 0.000041
16 0.000057
17 0.000041
18 0.000179
19 0.000799
20 0.001309
21 0.000901
22 0.000858
23 0.000906
24 0.000799
25 0.000847
26 0.001065
27 0.001125
28 0.001955
29 0.002117
30 0.002679
31 0.007266
32 0.020206
33 0.031457
34 0.013753
35 0.003536
36 0.000181
37 0.000024
38 0.000014
39 0.000009
40 0.000009
41 0.000015
42 0.000029
43 0.000053
44 0.000040
45 0.000039
46 0.000060
47 0.000261
48 0.000751
49 0.000635
50 0.000000
51 0.000000
52 0.000754
53 0.000956
54 0.000847
55 0.001065
56 0.002116
57 0.001750
58 0.001745
59 0.002649
60 0.007386
61 0.022681
62 0.028839
63 0.003100
64 0.000152
65 0.000024
66 0.000020
67 0.000009
68 0.000005
69 0.000014
70 0.000032
71 0.000043
72 0.000038
73 0.000031
74 0.000018
75 0.000061
76 0.000000
77 0.000000
78 0.000000
79 0.000000
80 0.000000
81 0.000754
82 0.000956
83 0.000847
84 0.002010
85 0.001655
86 0.001354
87 0.001479
88 0.002791
89 0.008385
90 0.022683
91 0.002282
92 0.000135
93 0.000032
94 0.000017
95 0.000010
96 0.000009
97 0.000021
98 0.000045
99 0.000037
100 0.000033
101 0.000004
102 0.000000
103 0.000000
104 0.000000
105 0.000000
106 0.000000
107 0.000000
108 0.000001
109 0.000712
110 0.000754
111 0.000956
112 0.001655
113 0.001566
114 0.001203
115 0.001135
116 0.000000
117 0.000000
118 0.000000
119 0.000000
120 0.000001
121 0.000017
122 0.000026
123 0.000015
124 0.000027
125 0.000031
126 0.000040
127 0.000001
128 0.000000
129 0.000000
130 0.000000
131 0.000000
132 0.000000
133 0.000000
134 0.000000
135 0.000000
136 0.000121
137 0.000557
138 0.000712
139 0.000906
140 0.001566
141 0.001276
142 0.001134
143 0.001070
144 0.000000
145 0.000000
146 0.000000
147 0.000000
148 0.000000
149 0.000000
150 0.000000
151 0.000000
152 0.000001
153 0.000000
154 0.000000
155 0.000000
156 0.000000
157 0.000000
158 0.000000
159 0.000000
160 0.000000
161 0.000000
162 0.000000
163 0.000001
164 0.000567
165 0.000525
166 0.000672
167 0.000712
168 0.002010
169 0.001134
170 0.001070
171 0.000952
172 0.000004
173 0.000001
174 0.000000
175 0.000000
176 0.000000
177 0.000000
178 0.000000
179 0.000000
180 0.000000
181 0.000000
182 0.000000
183 0.000000
184 0.000000
185 0.000000
186 0.000000
187 0.000000
188 0.000000
189 0.000000
190 0.000001
191 0.000021
192 0.000438
193 0.000465
194 0.000494
195 0.000748
196 0.003544
197 0.002067
198 0.001009
199 0.000756
200 0.000173
201 0.000001
202 0.000000
203 0.000000
204 0.000000
205 0.000000
206 0.000000
207 0.000000
208 0.000000
209 0.000000
210 0.000000
211 0.000000
212 0.000000
213 0.000000
214 0.000000
215 0.000000
216 0.000000
217 0.000000
218 0.000001
219 0.000030
220 0.000438
221 0.000465
222 0.000547
223 0.000707
224 0.008334
225 0.003997
226 0.002186
227 0.001014
228 0.000525
229 0.000002
230 0.000001
231 0.000000
232 0.000000
233 0.000000
234 0.000000
235 0.000000
236 0.000000
237 0.000000
238 0.000000
239 0.000000
240 0.000000
241 0.000000
242 0.000000
243 0.000000
244 0.000000
245 0.000000
246 0.000001
247 0.000008
248 0.000018
249 0.000033
250 0.000080
251 0.000142
252 0.010004
253 0.010002
254 0.005488
255 0.001128
256 0.000061
257 0.000001
258 0.000001
259 0.000000
260 0.000000
261 0.000000
262 0.000000
263 0.000000
264 0.000000
265 0.000000
266 0.000000
267 0.000000
268 0.000000
269 0.000000
270 0.000000
271 0.000000
272 0.000000
273 0.000000
274 0.000001
275 0.000001
276 0.000002
277 0.000004
278 0.000010
279 0.000031
280 0.008011
281 0.002467
282 0.000807
283 0.000125
284 0.000014
285 0.000000
286 0.000001
287 0.000001
288 0.000000
289 0.000000
290 0.000000
291 0.000001
292 0.000001
293 0.000000
294 0.000000
295 0.000000
296 0.000000
297 0.000000
298 0.000000
299 0.000000
300 0.000000
301 0.000001
302 0.000000
303 0.000001
304 0.000002
305 0.000005
306 0.000011
307 0.000030
308 0.000371
309 0.000190
310 0.000071
311 0.000027
312 0.000001
313 0.000000
314 0.000001
315 0.000001
316 0.000000
317 0.000000
318 0.000000
319 0.000001
320 0.000001
321 0.000001
322 0.000000
323 0.000000
324 0.000000
325 0.000000
326 0.000000
327 0.000000
328 0.000000
329 0.000001
330 0.000000
331 0.000001
332 0.000005
333 0.000013
334 0.000040
335 0.000152
336 0.000025
337 0.000016
338 0.000015
339 0.000013
340 0.000001
341 0.000000
342 0.000000
343 0.000001
344 0.000002
345 0.000001
346 0.000001
347 0.000000
348 0.000000
349 0.000000
350 0.000001
351 0.000000
352 0.000000
353 0.000000
354 0.000000
355 0.000000
356 0.000001
357 0.000000
358 0.000000
359 0.000000
360 0.000022
361 0.000078
362 0.000146
363 0.000165
364 0.000008
365 0.000008
366 0.000005
367 0.000006
368 0.000000
369 0.000000
370 0.000000
371 0.000001
372 0.000012
373 0.000003
374 0.000001
375 0.000000
376 0.000000
377 0.000000
378 0.000000
379 0.000001
380 0.000001
381 0.000000
382 0.000000
383 0.000001
384 0.000001
385 0.000000
386 0.000000
387 0.000000
388 0.000024
389 0.000152
390 0.000081
391 0.000038
392 0.000004
393 0.000003
394 0.000002
395 0.000001
396 0.000000
397 0.000000
398 0.000001
399 0.000006
400 0.999989
401 0.000005
402 0.000001
403 0.000000
404 0.000000
405 0.000000
406 0.000000
407 0.000001
408 0.000001
409 0.000001
410 0.000001
411 0.000001
412 0.000001
413 0.000000
414 0.000000
415 0.000000
416 0.000001
417 0.000027
418 0.000015
419 0.000008
420 0.000003
421 0.000002
422 0.000001
423 0.000000
424 0.000000
425 0.000000
426 0.000001
427 0.000053
428 0.000037
429 0.000003
430 0.000001
431 0.000000
432 0.000000
433 0.000000
434 0.000000
435 0.000000
436 0.000001
437 0.000002
438 0.000016
439 0.000052
440 0.000001
441 0.000000
442 0.000000
443 0.000000
444 0.000000
445 0.000005
446 0.000003
447 0.000004
448 0.000005
449 0.000002
450 0.000003
451 0.000000
452 0.000000
453 0.000000
454 0.000001
455 0.000002
456 0.000002
457 0.000001
458 0.000001
459 0.000000
460 0.000000
461 0.000000
462 0.000000
463 0.000000
464 0.000001
465 0.000002
466 0.000383
467 0.999985
468 0.000004
469 0.000000
470 0.000000
471 0.000000
472 0.000000
473 0.000001
474 0.000003
475 0.000007
476 0.000029
477 0.000033
478 0.000009
479 0.000000
480 0.000000
481 0.000001
482 0.000001
483 0.000001
484 0.000000
485 0.000001
486 0.000001
487 0.000000
488 0.000000
489 0.000000
490 0.000000
491 0.000000
492 0.000000
493 0.000001
494 0.000005
495 0.000090
496 0.000013
497 0.000001
498 0.000000
499 0.000000
500 0.000000
501 0.000000
502 0.000014
503 0.000033
504 0.000827
505 0.001248
506 0.000029
507 0.000000
508 0.000000
509 0.000001
510 0.000001
511 0.000000
512 0.000000
513 0.000000
514 0.000001
515 0.000000
516 0.000000
517 0.000000
518 0.000001
519 0.000001
520 0.000000
521 0.000000
522 0.000001
523 0.000001
524 0.000002
525 0.000002
526 0.000000
527 0.000000
528 0.000000
529 0.000001
530 0.000133
531 0.000261
532 0.003317
533 0.010005
534 0.000037
535 0.000001
536 0.000001
537 0.000001
538 0.000000
539 0.000000
540 0.000000
541 0.000000
542 0.000001
543 0.000001
544 0.000001
545 0.000000
546 0.000000
547 0.000000
548 0.000000
549 0.000000
550 0.000000
551 0.000000
552 0.000001
553 0.000007
554 0.000006
555 0.000001
556 0.000001
557 0.000017
558 0.001060
559 0.000600
560 0.010005
561 0.010007
562 0.000019
563 0.000001
564 0.000001
565 0.000001
566 0.000000
567 0.000000
568 0.000000
569 0.000000
570 0.000001
571 0.000001
572 0.000001
573 0.000000
574 0.000000
575 0.000000
576 0.000000
577 0.000000
578 0.000000
579 0.000000
580 0.000000
581 0.000002
582 0.000143
583 0.000120
584 0.000039
585 0.007877
586 0.003196
587 0.001724
588 0.010006
589 0.004419
590 0.000057
591 0.000001
592 0.000001
593 0.000000
594 0.000000
595 0.000000
596 0.000000
597 0.000001
598 0.000001
599 0.000001
600 0.000000
601 0.000000
602 0.000000
603 0.000000
604 0.000000
605 0.000000
606 0.000000
607 0.000000
608 0.000000
609 0.000000
610 0.000007
611 0.000464
612 0.041256
613 0.010009
614 0.010003
615 0.005058
616 0.004640
617 0.001619
618 0.000458
619 0.000015
620 0.000001
621 0.000000
622 0.000000
623 0.000000
624 0.000001
625 0.000000
626 0.000000
627 0.000001
628 0.000001
629 0.000000
630 0.000000
631 0.000000
632 0.000000
633 0.000000
634 0.000000
635 0.000000
636 0.000000
637 0.000000
638 0.000022
639 0.007633
640 0.019434
641 0.042339
642 0.000000
643 0.000000
644 0.001806
645 0.000684
646 0.000327
647 0.000244
648 0.000081
649 0.000001
650 0.000000
651 0.000000
652 0.000000
653 0.000000
654 0.000000
655 0.000001
656 0.000004
657 0.000019
658 0.000005
659 0.000001
660 0.000001
661 0.000001
662 0.000000
663 0.000000
664 0.000000
665 0.000004
666 0.000299
667 0.003428
668 0.008296
669 0.000000
670 0.000000
671 0.000001
672 0.000000
673 0.000374
674 0.000350
675 0.000262
676 0.000306
677 0.000228
678 0.000002
679 0.000001
680 0.000002
681 0.000007
682 0.000085
683 0.000080
684 0.000054
685 0.000047
686 0.000039
687 0.000075
688 0.000144
689 0.000143
690 0.000018
691 0.000009
692 0.000025
693 0.000233
694 0.000261
695 0.000406
696 0.000000
697 0.000000
698 0.000000
699 0.000000
700 0.000000
701 0.000000
702 0.000374
703 0.000350
704 0.000327
705 0.000306
706 0.000228
707 0.000212
708 0.000185
709 0.000136
710 0.000099
711 0.000086
712 0.000080
713 0.000083
714 0.000423
715 0.000812
716 0.000349
717 0.000124
718 0.000170
719 0.000181
720 0.000192
721 0.000247
722 0.000317
723 0.000000
724 0.000000
725 0.000000
726 0.000000
727 0.000000
728 0.000000
729 0.000000
730 0.000000
731 0.000000
732 0.000350
733 0.000327
734 0.000244
735 0.000228
736 0.000212
737 0.000157
738 0.000136
739 0.000126
740 0.000119
741 0.000204
742 0.001300
743 0.003692
744 0.000873
745 0.000247
746 0.000181
747 0.000233
748 0.000247
749 0.000317
750 0.000000
751 0.000000
752 0.000000
753 0.000000
754 0.000000
755 0.000000
756 0.000000
757 0.000000
758 0.000000
759 0.000000
760 0.000000
761 0.000350
762 0.000327
763 0.000244
764 0.000228
765 0.000212
766 0.000198
767 0.000185
768 0.000130
769 0.000657
770 0.004588
771 0.007914
772 0.001809
773 0.000605
774 0.000185
775 0.000204
776 0.000261
777 0.000000
778 0.000010
779 0.000006
780 0.000000
781 0.000000
782 0.000000
783 0.000000
