0 0.003561
1 0.002741
2 0.002339
3 0.002511
4 0.002129
5 0.001794
6 0.001624
7 0.001961
8 0.000719
9 0.000316
10 0.000678
11 0.002003
12 0.004672
13 0.006105
14 0.002814
15 0.000869
16 0.000253
17 0.000112
18 0.000194
19 0.000614
20 0.001198
21 0.001254
22 0.001527
23 0.001594
24 0.002358
25 0.003969
26 0.006704
27 0.007576
28 0.004850
29 0.003310
30 0.002231
31 0.002129
32 0.002031
33 0.001851
34 0.001545
35 0.000960
36 0.000192
37 0.000129
38 0.000832
39 0.002696
40 0.004521
41 0.007001
42 0.005632
43 0.001179
44 0.000159
45 0.000060
46 0.000060
47 0.000280
48 0.000976
49 0.001198
50 0.000004
51 0.000000
52 0.003824
53 0.006653
54 0.007404
55 0.007576
56 0.007757
57 0.004613
58 0.003077
59 0.002031
60 0.001851
61 0.001545
62 0.001471
63 0.000422
64 0.000063
65 0.000092
66 0.000794
67 0.003999
68 0.004929
69 0.007291
70 0.990005
71 0.001794
72 0.000149
73 0.000031
74 0.000025
75 0.000100
76 0.000010
77 0.000000
78 0.000000
79 0.000000
80 0.000000
81 0.007404
82 0.007576
83 0.004491
84 0.010040
85 0.007627
86 0.004390
87 0.002413
88 0.001545
89 0.001471
90 0.001333
91 0.000164
92 0.000028
93 0.000081
94 0.000634
95 0.002119
96 0.005146
97 0.007535
98 0.009334
99 0.003569
100 0.000203
101 0.000011
102 0.000000
103 0.000000
104 0.000000
105 0.000000
106 0.000000
107 0.000000
108 0.000000
109 0.006478
110 0.004374
111 0.003095
112 0.008779
113 0.010051
114 0.007438
115 0.004074
116 0.000000
117 0.000000
118 0.000000
119 0.000000
120 0.000000
121 0.000047
122 0.000484
123 0.001163
124 0.003468
125 0.006999
126 0.006364
127 0.000495
128 0.000006
129 0.000000
130 0.000000
131 0.000000
132 0.000000
133 0.000000
134 0.000000
135 0.000000
136 0.000245
137 0.003616
138 0.002528
139 0.001912
140 0.005042
141 0.007540
142 0.010060
143 0.008557
144 0.000000
145 0.000000
146 0.000000
147 0.000000
148 0.000000
149 0.000000
150 0.000000
151 0.000001
152 0.000028
153 0.000026
154 0.000036
155 0.000011
156 0.000001
157 0.000000
158 0.000000
159 0.000000
160 0.000000
161 0.000000
162 0.000000
163 0.000000
164 0.003497
165 0.002031
166 0.001513
167 0.001384
168 0.002513
169 0.004098
170 0.006297
171 0.010069
172 0.000002
173 0.000000
174 0.000000
175 0.000000
176 0.000000
177 0.000000
178 0.000000
179 0.000000
180 0.000000
181 0.000000
182 0.000000
183 0.000000
184 0.000000
185 0.000000
186 0.000000
187 0.000000
188 0.000000
189 0.000000
190 0.000000
191 0.000002
192 0.001655
193 0.001131
194 0.001028
195 0.001423
196 0.001545
197 0.001939
198 0.002887
199 0.005142
200 0.000184
201 0.000002
202 0.000000
203 0.000000
204 0.000000
205 0.000000
206 0.000000
207 0.000000
208 0.000000
209 0.000000
210 0.000000
211 0.000000
212 0.000000
213 0.000000
214 0.000000
215 0.000000
216 0.000000
217 0.000000
218 0.000000
219 0.000052
220 0.000935
221 0.000978
222 0.001093
223 0.001278
224 0.001471
225 0.001218
226 0.001270
227 0.002238
228 0.003458
229 0.000000
230 0.000000
231 0.000000
232 0.000000
233 0.000000
234 0.000000
235 0.000000
236 0.000000
237 0.000000
238 0.000000
239 0.000000
240 0.000000
241 0.000000
242 0.000001
243 0.000000
244 0.000000
245 0.000000
246 0.000000
247 0.000060
248 0.000110
249 0.000160
250 0.000293
251 0.000431
252 0.001400
253 0.001098
254 0.001042
255 0.000659
256 0.000354
257 0.000000
258 0.000000
259 0.000001
260 0.000001
261 0.000000
262 0.000000
263 0.000000
264 0.000000
265 0.000000
266 0.000000
267 0.000000
268 0.000001
269 0.000126
270 0.000181
271 0.000000
272 0.000000
273 0.000000
274 0.000000
275 0.000012
276 0.000021
277 0.000035
278 0.000054
279 0.000093
280 0.001098
281 0.000458
282 0.000275
283 0.000110
284 0.000098
285 0.000000
286 0.000000
287 0.000000
288 0.999808
289 0.000017
290 0.000000
291 0.000000
292 0.000000
293 0.000000
294 0.000000
295 0.000000
296 0.000002
297 1.000000
298 0.000120
299 0.000000
300 0.000000
301 0.000000
302 0.000000
303 0.000027
304 0.000019
305 0.000025
306 0.000031
307 0.000042
308 0.000630
309 0.000244
310 0.000126
311 0.000097
312 0.000023
313 0.000001
314 0.000000
315 0.000000
316 0.000041
317 0.000284
318 0.000003
319 0.000000
320 0.000000
321 0.000000
322 0.000000
323 0.000000
324 0.000002
325 0.000003
326 0.000003
327 0.000000
328 0.000000
329 0.000000
330 0.000001
331 0.000015
332 0.000083
333 0.000065
334 0.000053
335 0.000051
336 0.001032
337 0.000634
338 0.000552
339 0.000486
340 0.000013
341 0.000001
342 0.000000
343 0.000000
344 0.000000
345 0.000084
346 0.000037
347 0.000000
348 0.000000
349 0.000000
350 0.000000
351 0.000000
352 0.000000
353 0.000000
354 0.000000
355 0.000000
356 0.000000
357 0.000000
358 0.000000
359 0.000006
360 0.000268
361 0.000188
362 0.000177
363 0.000125
364 0.004578
365 0.006349
366 0.004502
367 0.001986
368 0.000004
369 0.000000
370 0.000001
371 0.000000
372 0.000000
373 0.000002
374 0.000008
375 0.000000
376 0.000000
377 0.000000
378 0.000000
379 0.000000
380 0.000000
381 0.000000
382 0.000000
383 0.000000
384 0.000000
385 0.000000
386 0.000000
387 0.000001
388 0.000126
389 0.000543
390 0.000440
391 0.000372
392 0.007055
393 0.011653
394 0.009970
395 0.000646
396 0.000001
397 0.000000
398 0.000013
399 0.000000
400 0.000000
401 0.000000
402 0.000000
403 0.000000
404 0.000001
405 0.000001
406 0.000000
407 0.000000
408 0.000000
409 0.000000
410 0.000000
411 0.000000
412 0.000000
413 0.000000
414 0.000000
415 0.000000
416 0.000009
417 0.000411
418 0.000458
419 0.000484
420 0.002195
421 0.002566
422 0.002829
423 0.000046
424 0.000001
425 0.000005
426 0.000243
427 0.000045
428 0.000000
429 0.000000
430 0.000000
431 0.000000
432 0.000001
433 0.000001
434 0.000000
435 0.000000
436 0.000000
437 0.000000
438 0.000000
439 0.000000
440 0.000000
441 0.000000
442 0.000000
443 0.000000
444 0.000000
445 0.000168
446 0.000349
447 0.000458
448 0.000566
449 0.000342
450 0.000246
451 0.000002
452 0.000001
453 0.000175
454 1.000000
455 0.000075
456 0.000000
457 0.000000
458 0.000000
459 0.000000
460 0.000000
461 0.000000
462 0.000000
463 0.000000
464 0.000000
465 0.000000
466 0.000000
467 0.000000
468 0.000000
469 0.000000
470 0.000000
471 0.000000
472 0.000000
473 0.000015
474 0.000110
475 0.000332
476 0.000845
477 0.000288
478 0.000047
479 0.000000
480 0.000001
481 0.000217
482 0.000340
483 0.000004
484 0.000000
485 0.000000
486 0.000000
487 0.000000
488 0.000000
489 0.000000
490 0.000000
491 0.000000
492 0.000000
493 0.000000
494 0.000000
495 0.000000
496 0.000000
497 0.000000
498 0.000000
499 0.000000
500 0.000000
501 0.000001
502 0.000165
503 0.000515
504 0.002475
505 0.002082
506 0.000063
507 0.000001
508 0.000010
509 0.000175
510 0.000001
511 0.000000
512 0.000000
513 0.000000
514 0.000000
515 0.000000
516 0.000000
517 0.000000
518 0.000000
519 0.000000
520 0.000000
521 0.000000
522 0.000000
523 0.000000
524 0.000000
525 0.000000
526 0.000000
527 0.000000
528 0.000000
529 0.000001
530 0.000370
531 0.001329
532 0.003701
533 0.005899
534 0.000101
535 0.000010
536 0.000374
537 0.000013
538 0.000000
539 0.000000
540 0.000000
541 0.000000
542 0.000000
543 0.000000
544 0.000000
545 0.000000
546 0.000000
547 0.000000
548 0.000000
549 0.000000
550 0.000000
551 0.000000
552 0.000000
553 0.000000
554 0.000000
555 0.000000
556 0.000001
557 0.000013
558 0.000887
559 0.000924
560 0.007766
561 0.010000
562 0.000079
563 0.000051
564 0.000168
565 0.000003
566 0.000000
567 0.000000
568 0.000000
569 0.000000
570 0.000000
571 0.000000
572 0.000000
573 0.000000
574 0.000000
575 0.000000
576 0.000000
577 0.000000
578 0.000000
579 0.000000
580 0.000000
581 0.000000
582 0.000000
583 0.000001
584 0.000007
585 0.000887
586 0.000924
587 0.001095
588 0.010000
589 0.007980
590 0.000751
591 0.000131
592 0.000009
593 0.000000
594 0.000000
595 0.000000
596 0.000000
597 0.000000
598 0.000000
599 0.000000
600 0.000000
601 0.000000
602 0.000000
603 0.000000
604 0.000000
605 0.000000
606 0.000000
607 0.000000
608 0.000000
609 0.000000
610 0.000001
611 0.000011
612 0.000852
613 0.000887
614 0.001054
615 0.001095
616 0.008105
617 0.004905
618 0.002622
619 0.000857
620 0.000011
621 0.000001
622 0.000001
623 0.000000
624 0.000000
625 0.000000
626 0.000000
627 0.000000
628 0.000000
629 0.000000
630 0.000000
631 0.000000
632 0.000000
633 0.000000
634 0.000000
635 0.000001
636 0.000001
637 0.000001
638 0.000018
639 0.000852
640 0.000887
641 0.001054
642 0.000000
643 0.000000
644 0.005134
645 0.003187
646 0.002694
647 0.004218
648 0.002749
649 0.000034
650 0.000004
651 0.000001
652 0.000001
653 0.000003
654 0.000001
655 0.000001
656 0.000002
657 0.000033
658 0.000106
659 0.000032
660 0.000004
661 0.000003
662 0.000006
663 0.000004
664 0.000006
665 0.000096
666 0.001952
667 0.001160
668 0.001054
669 0.000000
670 0.000000
671 0.000000
672 0.000000
673 0.002845
674 0.004369
675 0.006930
676 0.010000
677 0.010000
678 0.000169
679 0.000094
680 0.000211
681 0.000631
682 0.000752
683 0.000058
684 0.000019
685 0.000028
686 0.000073
687 0.000232
688 0.000412
689 0.001513
690 0.001851
691 0.000817
692 0.001790
693 0.006239
694 0.003533
695 0.002062
696 0.000000
697 0.000000
698 0.000000
699 0.000000
700 0.000000
701 0.000000
702 0.007038
703 0.010000
704 0.010000
705 0.010000
706 0.010000
707 0.010000
708 0.008728
709 0.003863
710 0.000852
711 0.000128
712 0.000035
713 0.000025
714 0.000061
715 0.000182
716 0.000620
717 0.002654
718 0.010075
719 0.010043
720 0.010005
721 0.009979
722 0.006341
723 0.000000
724 0.000000
725 0.000000
726 0.000000
727 0.000000
728 0.000000
729 0.000000
730 0.000000
731 0.000000
732 0.010000
733 0.010000
734 0.010000
735 0.010000
736 0.005243
737 0.002411
738 0.001207
739 0.000273
740 0.000073
741 0.000034
742 0.000042
743 0.000108
744 0.000635
745 0.004434
746 0.010080
747 0.010062
748 0.010030
749 0.009994
750 0.000000
751 0.000000
752 0.000000
753 0.000000
754 0.000000
755 0.000000
756 0.000000
757 0.000000
758 0.000000
759 0.000000
760 0.000000
761 0.010000
762 0.010000
763 0.006877
764 0.003665
765 0.001719
766 0.001471
767 0.000586
768 0.000127
769 0.000052
770 0.000043
771 0.000088
772 0.000658
773 0.005707
774 0.010083
775 0.010069
776 0.010051
777 0.000002
778 0.000550
779 0.000340
780 0.000003
781 0.000000
782 0.000000
783 0.000000
