0 0.006071
1 0.009008
2 0.010002
3 0.010002
4 0.007972
5 0.004645
6 0.003441
7 0.003538
8 0.001226
9 0.000322
10 0.000256
11 0.000262
12 0.000219
13 0.000149
14 0.000087
15 0.000076
16 0.000078
17 0.000111
18 0.000643
19 0.003381
20 0.006411
21 0.009275
22 0.006866
23 0.004983
24 0.002846
25 0.002664
26 0.003016
27 0.003016
28 0.003979
29 0.005853
30 0.007998
31 0.010002
32 0.010003
33 0.006879
34 0.004082
35 0.002294
36 0.000511
37 0.000192
38 0.000195
39 0.000215
40 0.000243
41 0.000190
42 0.000106
43 0.000058
44 0.000082
45 0.000164
46 0.000427
47 0.001854
48 0.009432
49 0.007404
50 0.000000
51 0.000000
52 0.002647
53 0.003016
54 0.002755
55 0.003031
56 0.003137
57 0.003732
58 0.005045
59 0.007881
60 0.010003
61 0.010003
62 0.005900
63 0.001515
64 0.000246
65 0.000122
66 0.000186
67 0.000183
68 0.000189
69 0.000194
70 0.000119
71 0.000088
72 0.000123
73 0.000209
74 0.000226
75 0.001304
76 0.000004
77 0.000000
78 0.000000
79 0.000000
80 0.000000
81 0.002755
82 0.003031
83 0.002755
84 0.003017
85 0.002604
86 0.003126
87 0.004727
88 0.007709
89 0.010003
90 0.010003
91 0.001015
92 0.000157
93 0.000078
94 0.000123
95 0.000149
96 0.000172
97 0.000221
98 0.000198
99 0.000191
100 0.000170
101 0.000071
102 0.000000
103 0.000000
104 0.000000
105 0.000000
106 0.000000
107 0.000000
108 0.000000
109 0.002755
110 0.002755
111 0.003031
112 0.002604
113 0.002497
114 0.002042
115 0.002813
116 0.000000
117 0.000000
118 0.000000
119 0.000000
120 0.000000
121 0.000025
122 0.000079
123 0.000135
124 0.000164
125 0.000172
126 0.000432
127 0.000022
128 0.000001
129 0.000000
130 0.000000
131 0.000000
132 0.000000
133 0.000000
134 0.000000
135 0.000000
136 0.002616
137 0.002506
138 0.002755
139 0.002816
140 0.002497
141 0.002135
142 0.001952
143 0.001867
144 0.000000
145 0.000000
146 0.000000
147 0.000000
148 0.000000
149 0.000000
150 0.000000
151 0.000000
152 0.000001
153 0.000000
154 0.000001
155 0.000000
156 0.000000
157 0.000000
158 0.000000
159 0.000000
160 0.000000
161 0.000000
162 0.000000
163 0.000001
164 0.002755
165 0.002506
166 0.002444
167 0.002192
168 0.002135
169 0.001952
170 0.001867
171 0.001707
172 0.000000
173 0.000000
174 0.000000
175 0.000000
176 0.000000
177 0.000000
178 0.000000
179 0.000000
180 0.000000
181 0.000000
182 0.000000
183 0.000000
184 0.000000
185 0.000000
186 0.000000
187 0.000000
188 0.000000
189 0.000000
190 0.000000
191 0.000614
192 0.002543
193 0.002353
194 0.001843
195 0.001897
196 0.001976
197 0.001867
198 0.001573
199 0.001430
200 0.000147
201 0.000000
202 0.000000
203 0.000000
204 0.000000
205 0.000000
206 0.000000
207 0.000000
208 0.000000
209 0.000000
210 0.000000
211 0.000000
212 0.000000
213 0.000000
214 0.000000
215 0.000000
216 0.000000
217 0.000000
218 0.000001
219 0.000849
220 0.002749
221 0.002075
222 0.001762
223 0.001696
224 0.001928
225 0.001624
226 0.001447
227 0.001364
228 0.001078
229 0.000000
230 0.000000
231 0.000000
232 0.000000
233 0.000001
234 0.000000
235 0.000000
236 0.000000
237 0.000000
238 0.000000
239 0.000000
240 0.000000
241 0.000000
242 0.000000
243 0.000000
244 0.000000
245 0.000000
246 0.000001
247 0.000083
248 0.000131
249 0.000167
250 0.000230
251 0.000479
252 0.001844
253 0.001477
254 0.001408
255 0.000765
256 0.000143
257 0.000001
258 0.000000
259 0.000000
260 0.000000
261 0.000000
262 0.000001
263 0.000002
264 0.000001
265 0.000001
266 0.000001
267 0.000000
268 0.000000
269 0.000000
270 0.000000
271 0.000000
272 0.000000
273 0.000000
274 0.000006
275 0.000011
276 0.000012
277 0.000017
278 0.000038
279 0.000102
280 0.001430
281 0.000475
282 0.000228
283 0.000057
284 0.000025
285 0.000000
286 0.000000
287 0.000000
288 0.000000
289 0.000000
290 0.000001
291 0.000017
292 0.999991
293 0.000017
294 0.000001
295 0.000000
296 0.000000
297 0.000000
298 0.000000
299 0.000000
300 0.000000
301 0.000000
302 0.000001
303 0.000012
304 0.000009
305 0.000019
306 0.000036
307 0.000073
308 0.000320
309 0.000097
310 0.000037
311 0.000016
312 0.000002
313 0.000000
314 0.000000
315 0.000000
316 0.000000
317 0.000000
318 0.000000
319 0.000003
320 0.000025
321 0.000038
322 0.000002
323 0.000000
324 0.000000
325 0.000000
326 0.000000
327 0.000000
328 0.000000
329 0.000000
330 0.000000
331 0.000002
332 0.000021
333 0.000039
334 0.000080
335 0.000129
336 0.000193
337 0.000074
338 0.000033
339 0.000013
340 0.000001
341 0.000000
342 0.000000
343 0.000000
344 0.000000
345 0.000000
346 0.000000
347 0.000000
348 0.000001
349 0.000001
350 0.000004
351 0.000001
352 0.000000
353 0.000000
354 0.000000
355 0.000001
356 0.000001
357 0.000000
358 0.000000
359 0.000001
360 0.000050
361 0.000095
362 0.000102
363 0.000075
364 0.000439
365 0.000249
366 0.000093
367 0.000054
368 0.000001
369 0.000000
370 0.000000
371 0.000000
372 0.000000
373 0.000000
374 0.000000
375 0.000000
376 0.000000
377 0.000001
378 0.000001
379 0.000001
380 0.000001
381 0.000000
382 0.000000
383 0.000004
384 0.000003
385 0.000000
386 0.000000
387 0.000001
388 0.000021
389 0.000064
390 0.000045
391 0.000035
392 0.000508
393 0.000398
394 0.000520
395 0.000114
396 0.000002
397 0.000000
398 0.000000
399 0.000000
400 0.000001
401 0.000000
402 0.000000
403 0.000000
404 0.000000
405 0.000000
406 0.000001
407 0.000001
408 0.000001
409 0.000001
410 0.000001
411 0.000016
412 0.000510
413 0.000002
414 0.000000
415 0.000000
416 0.000002
417 0.000022
418 0.000019
419 0.000015
420 0.001872
421 0.002732
422 0.002500
423 0.000244
424 0.000005
425 0.000001
426 0.000001
427 0.000001
428 0.000001
429 0.000001
430 0.000000
431 0.000000
432 0.000000
433 0.000000
434 0.000000
435 0.000000
436 0.000000
437 0.000000
438 0.000002
439 0.000148
440 0.999988
441 0.000021
442 0.000000
443 0.000000
444 0.000000
445 0.000010
446 0.000012
447 0.000015
448 0.003683
449 0.006777
450 0.021157
451 0.000217
452 0.000002
453 0.000002
454 0.000001
455 0.000002
456 0.000003
457 0.000001
458 0.000000
459 0.000000
460 0.000000
461 0.000000
462 0.000000
463 0.000000
464 0.000000
465 0.000000
466 0.000003
467 0.000232
468 0.000130
469 0.000052
470 0.000001
471 0.000000
472 0.000000
473 0.000009
474 0.000021
475 0.000023
476 0.005019
477 0.013805
478 0.005089
479 0.000027
480 0.000002
481 0.000003
482 0.000004
483 0.000009
484 0.000025
485 0.000034
486 0.000005
487 0.000001
488 0.000000
489 0.000000
490 0.000000
491 0.000000
492 0.000000
493 0.000000
494 0.000001
495 0.000007
496 0.000003
497 0.000006
498 0.000002
499 0.000000
500 0.000000
501 0.000008
502 0.000204
503 0.000203
504 0.010007
505 0.006553
506 0.000291
507 0.000006
508 0.000001
509 0.000001
510 0.000003
511 0.000139
512 0.002743
513 0.999989
514 0.000740
515 0.000001
516 0.000000
517 0.000000
518 0.000000
519 0.000000
520 0.000000
521 0.000000
522 0.000000
523 0.000000
524 0.000000
525 0.000002
526 0.000016
527 0.000002
528 0.000000
529 0.000032
530 0.002215
531 0.002299
532 0.010007
533 0.010007
534 0.000209
535 0.000002
536 0.000001
537 0.000001
538 0.000026
539 0.000591
540 0.058844
541 0.004605
542 0.000173
543 0.000002
544 0.000000
545 0.000000
546 0.000000
547 0.000000
548 0.000000
549 0.000000
550 0.000000
551 0.000000
552 0.000000
553 0.000001
554 0.000014
555 0.000051
556 0.000014
557 0.000199
558 0.010000
559 0.006851
560 0.010005
561 0.009175
562 0.000097
563 0.000002
564 0.000001
565 0.000013
566 0.000313
567 0.028094
568 0.004961
569 0.000184
570 0.000008
571 0.000001
572 0.000000
573 0.000000
574 0.000000
575 0.000000
576 0.000000
577 0.000000
578 0.000000
579 0.000000
580 0.000000
581 0.000000
582 0.000005
583 0.000147
584 0.000310
585 0.010003
586 0.010001
587 0.010000
588 0.008701
589 0.004164
590 0.000226
591 0.000003
592 0.000006
593 0.000429
594 0.017630
595 0.003160
596 0.000403
597 0.000004
598 0.000000
599 0.000000
600 0.000000
601 0.000000
602 0.000000
603 0.000000
604 0.000000
605 0.000000
606 0.000000
607 0.000000
608 0.000000
609 0.000000
610 0.000001
611 0.000121
612 0.007935
613 0.010004
614 0.010003
615 0.010002
616 0.003732
617 0.002046
618 0.001102
619 0.000363
620 0.000723
621 0.001324
622 0.000168
623 0.000061
624 0.000002
625 0.000001
626 0.000000
627 0.000000
628 0.000000
629 0.000000
630 0.000000
631 0.000000
632 0.000000
633 0.000001
634 0.000000
635 0.000000
636 0.000000
637 0.000000
638 0.000013
639 0.001375
640 0.003297
641 0.007999
642 0.000000
643 0.000000
644 0.001964
645 0.001110
646 0.002153
647 0.004131
648 0.012176
649 0.000263
650 0.000006
651 0.000001
652 0.000001
653 0.000001
654 0.000002
655 0.000009
656 0.000008
657 0.000005
658 0.000001
659 0.000001
660 0.000002
661 0.000002
662 0.000001
663 0.000001
664 0.000000
665 0.000011
666 0.000279
667 0.000636
668 0.001469
669 0.000000
670 0.000000
671 0.000000
672 0.000000
673 0.002292
674 0.004282
675 0.008421
676 0.010006
677 0.005772
678 0.000064
679 0.000016
680 0.000021
681 0.000066
682 0.000367
683 0.000349
684 0.000111
685 0.000017
686 0.000004
687 0.000019
688 0.000129
689 0.000162
690 0.000033
691 0.000021
692 0.000046
693 0.000264
694 0.000295
695 0.000376
696 0.000000
697 0.000000
698 0.000000
699 0.000000
700 0.000000
701 0.000000
702 0.008482
703 0.010006
704 0.007024
705 0.002912
706 0.001213
707 0.000706
708 0.000639
709 0.000513
710 0.000409
711 0.000368
712 0.000349
713 0.000050
714 0.000026
715 0.000055
716 0.000233
717 0.000141
718 0.000193
719 0.000205
720 0.000218
721 0.000279
722 0.000356
723 0.000000
724 0.000000
725 0.000000
726 0.000000
727 0.000000
728 0.000000
729 0.000000
730 0.000000
731 0.000000
732 0.003609
733 0.001546
734 0.000779
735 0.000742
736 0.000706
737 0.000569
738 0.000513
739 0.000487
740 0.000463
741 0.000159
742 0.000117
743 0.000174
744 0.000172
745 0.000182
746 0.000205
747 0.000264
748 0.000279
749 0.000356
750 0.000000
751 0.000000
752 0.000000
753 0.000000
754 0.000000
755 0.000000
756 0.000000
757 0.000000
758 0.000001
759 0.000001
760 0.000000
761 0.001004
762 0.000958
763 0.000779
764 0.000741
765 0.000706
766 0.000672
767 0.000640
768 0.000487
769 0.000518
770 0.000469
771 0.000535
772 0.000183
773 0.000235
774 0.000205
775 0.000231
776 0.000295
777 0.000001
778 0.000035
779 0.000031
780 0.000005
781 0.000000
782 0.000000
783 0.000000
