0 0.001623
1 0.001522
2 0.001208
3 0.001340
4 0.001053
5 0.000821
6 0.000710
7 0.000660
8 0.000094
9 0.000012
10 0.000008
11 0.000008
12 0.000019
13 0.000057
14 0.000113
15 0.000194
16 0.000254
17 0.000399
18 0.001300
19 0.009398
20 0.006130
21 0.001980
22 0.001249
23 0.000943
24 0.000770
25 0.000819
26 0.001038
27 0.001102
28 0.001294
29 0.001428
30 0.001128
31 0.001053
32 0.000983
33 0.000859
34 0.000660
35 0.000377
36 0.000027
37 0.000005
38 0.000004
39 0.000005
40 0.000007
41 0.000028
42 0.000113
43 0.000248
44 0.001489
45 0.001720
46 0.000839
47 0.001136
48 0.001969
49 0.001048
50 0.000000
51 0.000000
52 0.000729
53 0.000931
54 0.000830
55 0.001051
56 0.001428
57 0.001128
58 0.001053
59 0.000983
60 0.000859
61 0.000660
62 0.000614
63 0.000124
64 0.000011
65 0.000003
66 0.000004
67 0.000003
68 0.000002
69 0.000008
70 0.000056
71 0.000653
72 0.008690
73 0.004116
74 0.000311
75 0.000115
76 0.000003
77 0.000000
78 0.000000
79 0.000000
80 0.000000
81 0.000739
82 0.000943
83 0.000972
84 0.001340
85 0.001053
86 0.000821
87 0.000710
88 0.000660
89 0.000614
90 0.000532
91 0.000036
92 0.000004
93 0.000002
94 0.000002
95 0.000002
96 0.000002
97 0.000004
98 0.000033
99 0.001992
100 0.012220
101 0.002757
102 0.000001
103 0.000000
104 0.000000
105 0.000000
106 0.000000
107 0.000000
108 0.001459
109 0.000704
110 0.000880
111 0.001796
112 0.001053
113 0.000984
114 0.000710
115 0.000660
116 0.000000
117 0.000000
118 0.000000
119 0.000000
120 0.000000
121 0.000001
122 0.000002
123 0.000002
124 0.000002
125 0.000003
126 0.000064
127 0.000219
128 0.000075
129 0.000001
130 0.000000
131 0.000000
132 0.000000
133 0.000000
134 0.000000
135 0.000014
136 0.000627
137 0.000811
138 0.001667
139 0.003499
140 0.000984
141 0.000763
142 0.000660
143 0.000614
144 0.000000
145 0.000000
146 0.000000
147 0.000000
148 0.000000
149 0.000000
150 0.000000
151 0.000000
152 0.000000
153 0.000000
154 0.000001
155 0.000001
156 0.000000
157 0.000000
158 0.000000
159 0.000000
160 0.000000
161 0.000000
162 0.000004
163 0.010414
164 0.001024
165 0.001637
166 0.003446
167 0.005958
168 0.000763
169 0.000660
170 0.000614
171 0.000532
172 0.000000
173 0.000000
174 0.000000
175 0.000000
176 0.000000
177 0.000000
178 0.000000
179 0.000000
180 0.000000
181 0.000000
182 0.000000
183 0.000000
184 0.000000
185 0.000000
186 0.000000
187 0.000000
188 0.000000
189 0.000001
190 0.002647
191 0.001167
192 0.002265
193 0.003854
194 0.006873
195 0.007297
196 0.000660
197 0.000614
198 0.000467
199 0.000401
200 0.000059
201 0.000000
202 0.000000
203 0.000000
204 0.000000
205 0.000000
206 0.000000
207 0.000000
208 0.000000
209 0.000000
210 0.000000
211 0.000000
212 0.000000
213 0.000000
214 0.000000
215 0.000000
216 0.000000
217 0.000001
218 0.001223
219 0.000934
220 0.005996
221 0.007403
222 0.005975
223 0.003339
224 0.001711
225 0.000702
226 0.000401
227 0.000372
228 0.000257
229 0.000001
230 0.000000
231 0.000000
232 0.000000
233 0.000000
234 0.000000
235 0.000000
236 0.000000
237 0.000000
238 0.000000
239 0.000000
240 0.000000
241 0.000000
242 0.000000
243 0.000000
244 0.000001
245 0.000001
246 0.000002
247 0.000078
248 0.000183
249 0.000193
250 0.000218
251 0.000238
252 0.004965
253 0.001868
254 0.000899
255 0.000218
256 0.000053
257 0.000001
258 0.000000
259 0.000000
260 0.000000
261 0.000000
262 0.000000
263 0.000000
264 0.000000
265 0.000000
266 0.000000
267 0.000000
268 0.000000
269 0.000000
270 0.000000
271 0.000001
272 0.000002
273 0.000001
274 0.000000
275 0.000006
276 0.000005
277 0.000006
278 0.000006
279 0.000007
280 0.010005
281 0.003059
282 0.000757
283 0.000128
284 0.000026
285 0.000000
286 0.000000
287 0.000000
288 0.000000
289 0.000000
290 0.000000
291 0.000000
292 0.000000
293 0.000000
294 0.000000
295 0.000000
296 0.000000
297 0.000000
298 0.000001
299 0.000093
300 0.001009
301 0.000001
302 0.000000
303 0.000007
304 0.000002
305 0.000001
306 0.000001
307 0.000002
308 0.002281
309 0.001773
310 0.001045
311 0.000197
312 0.000005
313 0.000000
314 0.000000
315 0.000000
316 0.000000
317 0.000000
318 0.000000
319 0.000000
320 0.000000
321 0.000000
322 0.000000
323 0.000000
324 0.000000
325 0.000000
326 0.000001
327 0.001195
328 0.999985
329 0.000007
330 0.000001
331 0.000002
332 0.000007
333 0.000004
334 0.000003
335 0.000003
336 0.000301
337 0.000418
338 0.000588
339 0.000546
340 0.000003
341 0.000000
342 0.000000
343 0.000000
344 0.000000
345 0.000000
346 0.000000
347 0.000000
348 0.000000
349 0.000000
350 0.000000
351 0.000000
352 0.000000
353 0.000000
354 0.000001
355 0.000004
356 0.000006
357 0.000004
358 0.000001
359 0.000001
360 0.000053
361 0.000025
362 0.000019
363 0.000010
364 0.000058
365 0.000095
366 0.000113
367 0.000174
368 0.000001
369 0.000000
370 0.000000
371 0.000001
372 0.000001
373 0.000000
374 0.000000
375 0.000000
376 0.000000
377 0.000000
378 0.000000
379 0.000000
380 0.000000
381 0.000000
382 0.000000
383 0.000000
384 0.000001
385 0.000001
386 0.000001
387 0.000000
388 0.000029
389 0.000181
390 0.000120
391 0.000071
392 0.000018
393 0.000012
394 0.000012
395 0.000002
396 0.000000
397 0.000000
398 0.000000
399 0.000001
400 0.000009
401 0.000002
402 0.000000
403 0.000000
404 0.000000
405 0.000000
406 0.000000
407 0.000000
408 0.000000
409 0.000000
410 0.000000
411 0.000000
412 0.000000
413 0.000000
414 0.000000
415 0.000000
416 0.000000
417 0.000067
418 0.000193
419 0.000206
420 0.000013
421 0.000007
422 0.000005
423 0.000000
424 0.000000
425 0.000000
426 0.000000
427 0.000005
428 0.999994
429 0.000003
430 0.000000
431 0.000000
432 0.000000
433 0.000000
434 0.000000
435 0.000000
436 0.000000
437 0.000000
438 0.000000
439 0.000000
440 0.000000
441 0.000000
442 0.000000
443 0.000000
444 0.000000
445 0.000009
446 0.000029
447 0.000081
448 0.000018
449 0.000007
450 0.000004
451 0.000000
452 0.000000
453 0.000000
454 0.000000
455 0.000003
456 0.000006
457 0.000001
458 0.000000
459 0.000000
460 0.000000
461 0.000000
462 0.000000
463 0.000000
464 0.000000
465 0.000000
466 0.000000
467 0.000000
468 0.000000
469 0.000000
470 0.000000
471 0.000000
472 0.000000
473 0.000001
474 0.000005
475 0.000028
476 0.000115
477 0.000041
478 0.000004
479 0.000000
480 0.000000
481 0.000000
482 0.000001
483 0.000001
484 0.000001
485 0.000000
486 0.000000
487 0.000000
488 0.000000
489 0.000000
490 0.000000
491 0.000000
492 0.000000
493 0.000000
494 0.000000
495 0.000000
496 0.000000
497 0.000000
498 0.000000
499 0.000000
500 0.000000
501 0.000000
502 0.000006
503 0.000031
504 0.001194
505 0.000748
506 0.000008
507 0.000000
508 0.000000
509 0.000001
510 0.000001
511 0.000000
512 0.000000
513 0.000000
514 0.000000
515 0.000000
516 0.000000
517 0.000000
518 0.000000
519 0.000000
520 0.000000
521 0.000000
522 0.000000
523 0.000000
524 0.000000
525 0.000000
526 0.000000
527 0.000000
528 0.000000
529 0.000000
530 0.000041
531 0.000124
532 0.001961
533 0.003214
534 0.000022
535 0.000001
536 0.000001
537 0.000001
538 0.000001
539 0.000000
540 0.000000
541 0.000000
542 0.000000
543 0.000000
544 0.000000
545 0.000000
546 0.000000
547 0.000000
548 0.000000
549 0.000000
550 0.000000
551 0.000000
552 0.000000
553 0.000000
554 0.000000
555 0.000000
556 0.000000
557 0.000000
558 0.000124
559 0.000133
560 0.004472
561 0.007732
562 0.000032
563 0.000001
564 0.000002
565 0.000002
566 0.000000
567 0.000000
568 0.000000
569 0.000000
570 0.000000
571 0.000000
572 0.000000
573 0.000000
574 0.000000
575 0.000000
576 0.000000
577 0.000000
578 0.000000
579 0.000000
580 0.000000
581 0.000000
582 0.000000
583 0.000000
584 0.000000
585 0.000124
586 0.000133
587 0.000179
588 0.008840
589 0.010004
590 0.000312
591 0.000004
592 0.000002
593 0.000000
594 0.000000
595 0.000000
596 0.000000
597 0.000000
598 0.000000
599 0.000000
600 0.000000
601 0.000000
602 0.000000
603 0.000000
604 0.000000
605 0.000000
606 0.000000
607 0.000000
608 0.000000
609 0.000000
610 0.000000
611 0.000000
612 0.000116
613 0.000124
614 0.000167
615 0.000179
616 0.010003
617 0.008694
618 0.004329
619 0.000166
620 0.000002
621 0.000000
622 0.000000
623 0.000000
624 0.000000
625 0.000000
626 0.000000
627 0.000000
628 0.000000
629 0.000000
630 0.000000
631 0.000000
632 0.000000
633 0.000000
634 0.000000
635 0.000000
636 0.000000
637 0.000000
638 0.000000
639 0.000116
640 0.000124
641 0.000167
642 0.000000
643 0.000000
644 0.008770
645 0.005174
646 0.002680
647 0.001392
648 0.000474
649 0.000002
650 0.000000
651 0.000000
652 0.000000
653 0.000000
654 0.000001
655 0.000006
656 0.000192
657 0.000555
658 0.000068
659 0.000001
660 0.000000
661 0.000000
662 0.000000
663 0.000000
664 0.000000
665 0.000001
666 0.000116
667 0.000156
668 0.000167
669 0.000000
670 0.000000
671 0.000000
672 0.000000
673 0.002828
674 0.001694
675 0.001447
676 0.001575
677 0.001339
678 0.000008
679 0.000004
680 0.000009
681 0.000054
682 0.000782
683 0.003186
684 0.007515
685 0.002813
686 0.000236
687 0.000038
688 0.000034
689 0.000059
690 0.000005
691 0.000002
692 0.000007
693 0.000108
694 0.000124
695 0.000167
696 0.000000
697 0.000000
698 0.000000
699 0.000000
700 0.000000
701 0.000000
702 0.001756
703 0.001693
704 0.001633
705 0.001575
706 0.001339
707 0.001289
708 0.001195
709 0.001008
710 0.001849
711 0.005135
712 0.014890
713 0.005156
714 0.000799
715 0.000122
716 0.000046
717 0.000050
718 0.000074
719 0.000079
720 0.000085
721 0.000116
722 0.000156
723 0.000000
724 0.000000
725 0.000000
726 0.000000
727 0.000000
728 0.000000
729 0.000000
730 0.000000
731 0.000000
732 0.001693
733 0.001633
734 0.001392
735 0.001340
736 0.001291
737 0.001151
738 0.004261
739 0.009844
740 0.012861
741 0.010021
742 0.002056
743 0.000382
744 0.000082
745 0.000068
746 0.000079
747 0.000108
748 0.000116
749 0.000156
750 0.000000
751 0.000000
752 0.000000
753 0.000000
754 0.000000
755 0.000000
756 0.000000
757 0.000000
758 0.000000
759 0.000000
760 0.000000
761 0.001694
762 0.001633
763 0.001393
764 0.001342
765 0.002837
766 0.007923
767 0.017644
768 0.010017
769 0.010018
770 0.005358
771 0.000905
772 0.000187
773 0.000094
774 0.000079
775 0.000091
776 0.000124
777 0.000000
778 0.000002
779 0.000001
780 0.000000
781 0.000000
782 0.000000
783 0.000000
