0 0.000772
1 0.000715
2 0.000546
3 0.000616
4 0.000468
5 0.000356
6 0.000305
7 0.000283
8 0.000023
9 0.000060
10 0.000558
11 0.000853
12 0.000072
13 0.000017
14 0.000005
15 0.000002
16 0.000001
17 0.000001
18 0.000004
19 0.000047
20 0.000271
21 0.000290
22 0.000390
23 0.000417
24 0.000358
25 0.000384
26 0.000510
27 0.000546
28 0.000592
29 0.000663
30 0.000505
31 0.000468
32 0.000434
33 0.000374
34 0.000283
35 0.000139
36 0.000006
37 0.000061
38 0.000810
39 0.000148
40 0.000028
41 0.000008
42 0.000002
43 0.000001
44 0.000001
45 0.000001
46 0.000002
47 0.000015
48 0.000201
49 0.000271
50 0.000001
51 0.000000
52 0.000334
53 0.000446
54 0.000384
55 0.000510
56 0.000663
57 0.000505
58 0.000468
59 0.000434
60 0.000374
61 0.000283
62 0.000262
63 0.000034
64 0.000008
65 0.000112
66 0.001788
67 0.000064
68 0.000009
69 0.000002
70 0.000001
71 0.000001
72 0.000001
73 0.000001
74 0.000001
75 0.000004
76 0.000000
77 0.000001
78 0.000000
79 0.000000
80 0.000000
81 0.000334
82 0.000446
83 0.000384
84 0.000936
85 0.000468
86 0.000356
87 0.000305
88 0.000283
89 0.000262
90 0.000227
91 0.000008
92 0.000021
93 0.000286
94 0.000329
95 0.000031
96 0.000004
97 0.000001
98 0.000001
99 0.000001
100 0.000001
101 0.000000
102 0.000000
103 0.000001
104 0.000000
105 0.000000
106 0.000000
107 0.000000
108 0.000000
109 0.000311
110 0.000334
111 0.000446
112 0.002301
113 0.000823
114 0.000305
115 0.000283
116 0.000000
117 0.000000
118 0.000000
119 0.000000
120 0.000000
121 0.000228
122 0.000080
123 0.000010
124 0.000002
125 0.000001
126 0.000001
127 0.000000
128 0.000000
129 0.000000
130 0.000001
131 0.000000
132 0.000000
133 0.000000
134 0.000000
135 0.000000
136 0.000000
137 0.000232
138 0.000311
139 0.000417
140 0.007175
141 0.002116
142 0.000682
143 0.000323
144 0.000001
145 0.000000
146 0.000000
147 0.000000
148 0.000000
149 0.000000
150 0.000000
151 0.000000
152 0.000000
153 0.000000
154 0.000000
155 0.000000
156 0.000001
157 0.000001
158 0.000000
159 0.000000
160 0.000000
161 0.000000
162 0.000000
163 0.000000
164 0.000237
165 0.000216
166 0.000290
167 0.000311
168 0.010008
169 0.006962
170 0.002528
171 0.000736
172 0.000193
173 0.000001
174 0.000000
175 0.000000
176 0.000000
177 0.000000
178 0.000000
179 0.000000
180 0.000000
181 0.000000
182 0.000000
183 0.000000
184 0.000000
185 0.000000
186 0.000000
187 0.000000
188 0.000000
189 0.000000
190 0.000000
191 0.000000
192 0.000174
193 0.000187
194 0.000201
195 0.000290
196 0.006977
197 0.010011
198 0.010008
199 0.002283
200 0.000660
201 0.000002
202 0.000000
203 0.000000
204 0.000000
205 0.000000
206 0.000000
207 0.000000
208 0.000000
209 0.000000
210 0.000000
211 0.000000
212 0.000000
213 0.000000
214 0.000000
215 0.000000
216 0.000000
217 0.000000
218 0.000000
219 0.000000
220 0.000174
221 0.000187
222 0.000187
223 0.000253
224 0.001624
225 0.003769
226 0.012536
227 0.010012
228 0.002958
229 0.000071
230 0.000002
231 0.000000
232 0.000000
233 0.000000
234 0.000000
235 0.000000
236 0.000000
237 0.000000
238 0.000000
239 0.000000
240 0.000000
241 0.000000
242 0.000000
243 0.000000
244 0.000000
245 0.000000
246 0.000000
247 0.000005
248 0.000010
249 0.000014
250 0.000034
251 0.000056
252 0.000463
253 0.000996
254 0.002510
255 0.003569
256 0.000074
257 0.000001
258 0.000003
259 0.000001
260 0.000000
261 0.000000
262 0.000000
263 0.000000
264 0.000000
265 0.000000
266 0.000000
267 0.000000
268 0.000000
269 0.000000
270 0.000000
271 0.000000
272 0.000000
273 0.000000
274 0.000000
275 0.000001
276 0.000001
277 0.000002
278 0.000004
279 0.000008
280 0.000175
281 0.000012
282 0.000009
283 0.000002
284 0.000002
285 0.000001
286 0.000004
287 0.000012
288 0.000001
289 0.000000
290 0.000000
291 0.000000
292 0.000000
293 0.000000
294 0.000000
295 0.000000
296 0.000000
297 0.000000
298 0.000000
299 0.000000
300 0.000000
301 0.000000
302 0.000000
303 0.000001
304 0.000001
305 0.000002
306 0.000002
307 0.000003
308 0.000002
309 0.000001
310 0.000001
311 0.000001
312 0.000001
313 0.000001
314 0.000194
315 0.999992
316 0.000002
317 0.000000
318 0.000000
319 0.000000
320 0.000000
321 0.000000
322 0.000000
323 0.000000
324 0.000000
325 0.000000
326 0.000000
327 0.000000
328 0.000000
329 0.000000
330 0.000000
331 0.000000
332 0.000001
333 0.000002
334 0.000002
335 0.000004
336 0.000001
337 0.000001
338 0.000001
339 0.000001
340 0.000001
341 0.000015
342 0.018380
343 0.001632
344 0.000002
345 0.000000
346 0.000000
347 0.000000
348 0.000000
349 0.000000
350 0.000000
351 0.000000
352 0.000000
353 0.000000
354 0.000000
355 0.000000
356 0.000000
357 0.000000
358 0.000000
359 0.000000
360 0.000001
361 0.000002
362 0.000002
363 0.000003
364 0.000001
365 0.000002
366 0.000010
367 0.000058
368 0.000001
369 0.000001
370 0.000483
371 0.000006
372 0.000001
373 0.000001
374 0.000000
375 0.000000
376 0.000000
377 0.000000
378 0.000000
379 0.000000
380 0.000000
381 0.000000
382 0.000000
383 0.000000
384 0.000000
385 0.000000
386 0.000000
387 0.000000
388 0.000000
389 0.000002
390 0.000002
391 0.000003
392 0.000012
393 0.000039
394 0.000058
395 0.000002
396 0.000001
397 0.000001
398 0.000001
399 0.000001
400 0.000001
401 0.000001
402 0.000000
403 0.000000
404 0.000000
405 0.000000
406 0.000000
407 0.000000
408 0.000000
409 0.000000
410 0.000000
411 0.000000
412 0.000000
413 0.000000
414 0.000000
415 0.000000
416 0.000000
417 0.000001
418 0.000002
419 0.000002
420 0.000081
421 0.000048
422 0.000005
423 0.000001
424 0.000001
425 0.000001
426 0.000001
427 0.000000
428 0.000001
429 0.000001
430 0.000000
431 0.000000
432 0.000000
433 0.000000
434 0.000000
435 0.000000
436 0.000000
437 0.000000
438 0.000000
439 0.000000
440 0.000000
441 0.000000
442 0.000000
443 0.000000
444 0.000000
445 0.000001
446 0.000002
447 0.000002
448 0.000047
449 0.000003
450 0.000001
451 0.000001
452 0.000001
453 0.000001
454 0.000000
455 0.000000
456 0.000001
457 0.000001
458 0.000001
459 0.000000
460 0.000000
461 0.000000
462 0.000000
463 0.000000
464 0.000000
465 0.000000
466 0.000000
467 0.000000
468 0.000000
469 0.000000
470 0.000000
471 0.000000
472 0.000000
473 0.000000
474 0.000002
475 0.000004
476 0.000016
477 0.000001
478 0.000001
479 0.000000
480 0.000001
481 0.000001
482 0.000000
483 0.000000
484 0.000000
485 0.000001
486 0.000001
487 0.000000
488 0.000000
489 0.000000
490 0.000000
491 0.000000
492 0.000000
493 0.000000
494 0.000000
495 0.000000
496 0.000000
497 0.000000
498 0.000000
499 0.000000
500 0.000000
501 0.000000
502 0.000010
503 0.000028
504 0.000026
505 0.000004
506 0.000001
507 0.000001
508 0.000001
509 0.000000
510 0.000000
511 0.000000
512 0.000000
513 0.000000
514 0.000001
515 0.000000
516 0.000000
517 0.000000
518 0.000000
519 0.000000
520 0.000000
521 0.000000
522 0.000000
523 0.000000
524 0.000000
525 0.000000
526 0.000000
527 0.000000
528 0.000000
529 0.000000
530 0.000103
531 0.000362
532 0.000010
533 0.000008
534 0.000000
535 0.000001
536 0.000001
537 0.000000
538 0.000000
539 0.000000
540 0.000000
541 0.000000
542 0.000001
543 0.000000
544 0.000000
545 0.000000
546 0.000000
547 0.000000
548 0.000000
549 0.000000
550 0.000000
551 0.000000
552 0.000000
553 0.000000
554 0.000000
555 0.000000
556 0.000000
557 0.000001
558 0.000362
559 0.000382
560 0.000015
561 0.000014
562 0.000001
563 0.000001
564 0.000000
565 0.000000
566 0.000000
567 0.000000
568 0.000000
569 0.000000
570 0.000000
571 0.000000
572 0.000000
573 0.000000
574 0.000000
575 0.000000
576 0.000000
577 0.000000
578 0.000000
579 0.000000
580 0.000000
581 0.000000
582 0.000000
583 0.000000
584 0.000001
585 0.000362
586 0.000382
587 0.000481
588 0.000024
589 0.000015
590 0.000001
591 0.000001
592 0.000000
593 0.000000
594 0.000000
595 0.000000
596 0.000000
597 0.000000
598 0.000000
599 0.000000
600 0.000000
601 0.000000
602 0.000000
603 0.000000
604 0.000000
605 0.000000
606 0.000000
607 0.000000
608 0.000000
609 0.000000
610 0.000000
611 0.000001
612 0.000343
613 0.000362
614 0.000457
615 0.000481
616 0.000030
617 0.000024
618 0.000015
619 0.000001
620 0.000000
621 0.000000
622 0.000000
623 0.000000
624 0.000000
625 0.000000
626 0.000000
627 0.000001
628 0.000001
629 0.000000
630 0.000000
631 0.000000
632 0.000000
633 0.000000
634 0.000000
635 0.000000
636 0.000000
637 0.000000
638 0.000001
639 0.000343
640 0.000362
641 0.000457
642 0.000000
643 0.000000
644 0.000033
645 0.000030
646 0.000027
647 0.000017
648 0.000004
649 0.000000
650 0.000000
651 0.000000
652 0.000000
653 0.000000
654 0.000000
655 0.000001
656 0.000001
657 0.000001
658 0.000001
659 0.000000
660 0.000000
661 0.000000
662 0.000000
663 0.000000
664 0.000000
665 0.000001
666 0.000343
667 0.000434
668 0.000457
669 0.000000
670 0.000000
671 0.000000
672 0.000000
673 0.000033
674 0.000030
675 0.000019
676 0.000024
677 0.000015
678 0.000000
679 0.000000
680 0.000000
681 0.000001
682 0.000004
683 0.000004
684 0.000002
685 0.000002
686 0.000001
687 0.000001
688 0.000000
689 0.000001
690 0.000009
691 0.000003
692 0.000010
693 0.000325
694 0.000362
695 0.000457
696 0.000000
697 0.000000
698 0.000000
699 0.000000
700 0.000000
701 0.000000
702 0.000033
703 0.000030
704 0.000027
705 0.000024
706 0.000015
707 0.000014
708 0.000011
709 0.000007
710 0.000005
711 0.000004
712 0.000004
713 0.000003
714 0.000002
715 0.000002
716 0.000002
717 0.000010
718 0.000521
719 0.000255
720 0.000270
721 0.000343
722 0.000434
723 0.000000
724 0.000000
725 0.000000
726 0.000000
727 0.000000
728 0.000000
729 0.000000
730 0.000000
731 0.000000
732 0.000030
733 0.000027
734 0.000017
735 0.000015
736 0.000014
737 0.000009
738 0.000007
739 0.000007
740 0.000006
741 0.000004
742 0.000002
743 0.000002
744 0.000010
745 0.000141
746 0.001200
747 0.000472
748 0.000343
749 0.000434
750 0.000000
751 0.000000
752 0.000000
753 0.000000
754 0.000000
755 0.000000
756 0.000000
757 0.000000
758 0.000000
759 0.000000
760 0.000000
761 0.000030
762 0.000027
763 0.000017
764 0.000015
765 0.000014
766 0.000012
767 0.000011
768 0.000007
769 0.000006
770 0.000004
771 0.000003
772 0.000041
773 0.002216
774 0.002216
775 0.000873
776 0.000434
777 0.000000
778 0.000005
779 0.000003
780 0.000000
781 0.000000
782 0.000000
783 0.000000
