0 0.001649
1 0.001549
2 0.001235
3 0.001367
4 0.001081
5 0.000848
6 0.000736
7 0.000687
8 0.000105
9 0.000015
10 0.000011
11 0.000019
12 0.000052
13 0.000148
14 0.000161
15 0.000724
16 0.000431
17 0.000414
18 0.001452
19 0.008019
20 0.005442
21 0.001879
22 0.001277
23 0.000968
24 0.000793
25 0.000840
26 0.001055
27 0.001735
28 0.001322
29 0.001455
30 0.001155
31 0.001081
32 0.001011
33 0.000886
34 0.000687
35 0.000403
36 0.000032
37 0.000008
38 0.000007
39 0.000008
40 0.000019
41 0.000087
42 0.000159
43 0.000565
44 0.002568
45 0.002412
46 0.000425
47 0.001048
48 0.001961
49 0.001074
50 0.000001
51 0.000002
52 0.000749
53 0.000947
54 0.001558
55 0.003137
56 0.001455
57 0.001155
58 0.001081
59 0.001011
60 0.000886
61 0.000687
62 0.000640
63 0.000136
64 0.000015
65 0.000005
66 0.000006
67 0.000005
68 0.000007
69 0.000024
70 0.000206
71 0.001072
72 0.024807
73 0.005671
74 0.000218
75 0.000127
76 0.000004
77 0.000001
78 0.000001
79 0.000002
80 0.000002
81 0.001433
82 0.002986
83 0.004979
84 0.001367
85 0.001081
86 0.000848
87 0.000736
88 0.000687
89 0.000640
90 0.000558
91 0.000042
92 0.000006
93 0.000004
94 0.000004
95 0.000004
96 0.000004
97 0.000013
98 0.000129
99 0.005140
100 0.029486
101 0.003223
102 0.000002
103 0.000001
104 0.000001
105 0.000001
106 0.000002
107 0.000002
108 0.000008
109 0.002775
110 0.004878
111 0.007275
112 0.001081
113 0.001011
114 0.000736
115 0.000687
116 0.000001
117 0.000001
118 0.000001
119 0.000001
120 0.000001
121 0.000002
122 0.000004
123 0.000004
124 0.000004
125 0.000007
126 0.000231
127 0.000810
128 0.000069
129 0.000002
130 0.000001
131 0.000001
132 0.000001
133 0.000001
134 0.000003
135 0.000004
136 0.000070
137 0.004662
138 0.007088
139 0.007902
140 0.001011
141 0.000790
142 0.000687
143 0.000640
144 0.000001
145 0.000001
146 0.000001
147 0.000001
148 0.000001
149 0.000001
150 0.000001
151 0.000001
152 0.000002
153 0.000002
154 0.000004
155 0.000003
156 0.000001
157 0.000001
158 0.000001
159 0.000001
160 0.000001
161 0.000004
162 0.000004
163 0.000006
164 0.005722
165 0.006908
166 0.006262
167 0.003807
168 0.000791
169 0.000687
170 0.000640
171 0.000558
172 0.000003
173 0.000002
174 0.000001
175 0.000001
176 0.000001
177 0.000001
178 0.000001
179 0.000001
180 0.000001
181 0.000001
182 0.000001
183 0.000001
184 0.000001
185 0.000001
186 0.000001
187 0.000001
188 0.000002
189 0.000004
190 0.000009
191 0.000006
192 0.006911
193 0.004892
194 0.002425
195 0.001809
196 0.001357
197 0.000641
198 0.000491
199 0.000425
200 0.000074
201 0.000002
202 0.000001
203 0.000001
204 0.000001
205 0.000001
206 0.000001
207 0.000001
208 0.000002
209 0.000002
210 0.000001
211 0.000001
212 0.000001
213 0.000001
214 0.000001
215 0.000002
216 0.000003
217 0.000005
218 0.000004
219 0.000146
220 0.004177
221 0.002022
222 0.001322
223 0.000775
224 0.003485
225 0.001442
226 0.000548
227 0.000395
228 0.000277
229 0.000004
230 0.000002
231 0.000001
232 0.000001
233 0.000001
234 0.000001
235 0.000001
236 0.000002
237 0.000002
238 0.000002
239 0.000002
240 0.000001
241 0.000001
242 0.000001
243 0.000003
244 0.000006
245 0.000004
246 0.000002
247 0.000044
248 0.000049
249 0.000049
250 0.000069
251 0.000126
252 0.010155
253 0.003808
254 0.001840
255 0.000458
256 0.000056
257 0.000004
258 0.000002
259 0.000001
260 0.000001
261 0.000001
262 0.000001
263 0.000001
264 0.000001
265 0.000002
266 0.000002
267 0.000002
268 0.000002
269 0.000002
270 0.000003
271 0.000012
272 0.000013
273 0.000003
274 0.000002
275 0.000004
276 0.000003
277 0.000004
278 0.000006
279 0.000011
280 0.010040
281 0.005966
282 0.001487
283 0.000253
284 0.000053
285 0.000002
286 0.000003
287 0.000002
288 0.000001
289 0.000001
290 0.000001
291 0.000002
292 0.000002
293 0.000002
294 0.000001
295 0.000002
296 0.000002
297 0.000002
298 0.000009
299 0.999956
300 0.000029
301 0.000003
302 0.000002
303 0.000012
304 0.000006
305 0.000005
306 0.000004
307 0.000004
308 0.002247
309 0.001721
310 0.001012
311 0.000368
312 0.000011
313 0.000002
314 0.000003
315 0.000002
316 0.000001
317 0.000001
318 0.000002
319 0.000002
320 0.000002
321 0.000001
322 0.000001
323 0.000001
324 0.000001
325 0.000002
326 0.000011
327 0.000171
328 0.000040
329 0.000005
330 0.000004
331 0.000007
332 0.000039
333 0.000022
334 0.000014
335 0.000013
336 0.000441
337 0.000513
338 0.000544
339 0.000491
340 0.000007
341 0.000002
342 0.000002
343 0.000003
344 0.000002
345 0.000002
346 0.000002
347 0.000002
348 0.000002
349 0.000001
350 0.000001
351 0.000001
352 0.000002
353 0.000003
354 0.000006
355 0.000007
356 0.000008
357 0.000006
358 0.000004
359 0.000004
360 0.000193
361 0.000160
362 0.000116
363 0.000056
364 0.000084
365 0.000136
366 0.000150
367 0.000190
368 0.000003
369 0.000002
370 0.000002
371 0.000005
372 0.000007
373 0.000004
374 0.000003
375 0.000002
376 0.000001
377 0.000001
378 0.000001
379 0.000001
380 0.000002
381 0.000003
382 0.000003
383 0.000002
384 0.000002
385 0.000004
386 0.000004
387 0.000003
388 0.000023
389 0.000234
390 0.000219
391 0.000302
392 0.000022
393 0.000018
394 0.000017
395 0.000005
396 0.000002
397 0.000002
398 0.000002
399 0.000009
400 0.000088
401 0.000012
402 0.000002
403 0.000001
404 0.000001
405 0.000001
406 0.000002
407 0.000002
408 0.000002
409 0.000003
410 0.000002
411 0.000002
412 0.000002
413 0.000003
414 0.000003
415 0.000002
416 0.000002
417 0.000052
418 0.000132
419 0.000281
420 0.000015
421 0.000009
422 0.000007
423 0.000002
424 0.000002
425 0.000002
426 0.000002
427 0.000022
428 0.999955
429 0.000022
430 0.000002
431 0.000001
432 0.000001
433 0.000002
434 0.000002
435 0.000002
436 0.000002
437 0.000002
438 0.000002
439 0.000001
440 0.000001
441 0.000002
442 0.000003
443 0.000002
444 0.000002
445 0.000010
446 0.000026
447 0.000066
448 0.000020
449 0.000009
450 0.000006
451 0.000002
452 0.000002
453 0.000002
454 0.000003
455 0.000013
456 0.000034
457 0.000009
458 0.000003
459 0.000002
460 0.000002
461 0.000002
462 0.000002
463 0.000002
464 0.000002
465 0.000002
466 0.000002
467 0.000001
468 0.000001
469 0.000002
470 0.000003
471 0.000002
472 0.000002
473 0.000002
474 0.000007
475 0.000027
476 0.000109
477 0.000041
478 0.000007
479 0.000002
480 0.000002
481 0.000002
482 0.000005
483 0.000005
484 0.000004
485 0.000004
486 0.000004
487 0.000003
488 0.000002
489 0.000002
490 0.000002
491 0.000002
492 0.000002
493 0.000002
494 0.000001
495 0.000001
496 0.000001
497 0.000001
498 0.000002
499 0.000002
500 0.000002
501 0.000002
502 0.000010
503 0.000024
504 0.001113
505 0.000862
506 0.000012
507 0.000002
508 0.000002
509 0.000004
510 0.000004
511 0.000003
512 0.000002
513 0.000003
514 0.000003
515 0.000002
516 0.000002
517 0.000002
518 0.000002
519 0.000002
520 0.000002
521 0.000002
522 0.000001
523 0.000001
524 0.000001
525 0.000001
526 0.000002
527 0.000002
528 0.000002
529 0.000002
530 0.000054
531 0.000156
532 0.002297
533 0.003829
534 0.000030
535 0.000002
536 0.000003
537 0.000005
538 0.000004
539 0.000002
540 0.000002
541 0.000002
542 0.000003
543 0.000002
544 0.000002
545 0.000002
546 0.000002
547 0.000003
548 0.000002
549 0.000002
550 0.000001
551 0.000001
552 0.000001
553 0.000001
554 0.000002
555 0.000002
556 0.000002
557 0.000002
558 0.000156
559 0.000166
560 0.005407
561 0.009477
562 0.000036
563 0.000003
564 0.000005
565 0.000005
566 0.000002
567 0.000002
568 0.000002
569 0.000002
570 0.000003
571 0.000002
572 0.000002
573 0.000002
574 0.000002
575 0.000002
576 0.000002
577 0.000002
578 0.000002
579 0.000002
580 0.000001
581 0.000002
582 0.000002
583 0.000002
584 0.000002
585 0.000156
586 0.000166
587 0.000220
588 0.010145
589 0.010015
590 0.000320
591 0.000006
592 0.000005
593 0.000002
594 0.000002
595 0.000002
596 0.000002
597 0.000002
598 0.000002
599 0.000003
600 0.000002
601 0.000002
602 0.000002
603 0.000002
604 0.000002
605 0.000002
606 0.000002
607 0.000002
608 0.000002
609 0.000002
610 0.000002
611 0.000002
612 0.000146
613 0.000156
614 0.000206
615 0.000220
616 0.010013
617 0.008683
618 0.004257
619 0.000163
620 0.000004
621 0.000002
622 0.000002
623 0.000002
624 0.000002
625 0.000002
626 0.000002
627 0.000004
628 0.000003
629 0.000002
630 0.000002
631 0.000002
632 0.000002
633 0.000001
634 0.000002
635 0.000002
636 0.000002
637 0.000002
638 0.000002
639 0.000146
640 0.000156
641 0.000206
642 0.000002
643 0.000002
644 0.008759
645 0.005111
646 0.002593
647 0.001308
648 0.000430
649 0.000003
650 0.000002
651 0.000002
652 0.000002
653 0.000002
654 0.000011
655 0.000062
656 0.000548
657 0.000599
658 0.000069
659 0.000002
660 0.000002
661 0.000002
662 0.000002
663 0.000002
664 0.000002
665 0.000003
666 0.000146
667 0.000194
668 0.000206
669 0.000002
670 0.000002
671 0.000002
672 0.000002
673 0.002741
674 0.001607
675 0.001362
676 0.001489
677 0.001256
678 0.000009
679 0.000009
680 0.000039
681 0.000533
682 0.010009
683 0.010061
684 0.010100
685 0.002149
686 0.000130
687 0.000008
688 0.000003
689 0.000011
690 0.000007
691 0.000004
692 0.000010
693 0.000136
694 0.000156
695 0.000206
696 0.000002
697 0.000002
698 0.000002
699 0.000002
700 0.000002
701 0.000002
702 0.001669
703 0.001606
704 0.001546
705 0.001489
706 0.001637
707 0.003629
708 0.007357
709 0.009997
710 0.010011
711 0.010051
712 0.010083
713 0.005463
714 0.000251
715 0.000013
716 0.000006
717 0.000016
718 0.000096
719 0.000102
720 0.000109
721 0.000146
722 0.000194
723 0.000002
724 0.000001
725 0.000001
726 0.000002
727 0.000002
728 0.000002
729 0.000002
730 0.000002
731 0.000002
732 0.001606
733 0.001758
734 0.002882
735 0.005633
736 0.009996
737 0.010004
738 0.010017
739 0.010039
740 0.010063
741 0.006026
742 0.000375
743 0.000026
744 0.000013
745 0.000037
746 0.000102
747 0.000136
748 0.000146
749 0.000194
750 0.000001
751 0.000002
752 0.000002
753 0.000001
754 0.000002
755 0.000002
756 0.000002
757 0.000002
758 0.000001
759 0.000001
760 0.000002
761 0.002666
762 0.005036
763 0.009994
764 0.010000
765 0.010011
766 0.010020
767 0.010026
768 0.010045
769 0.003786
770 0.000610
771 0.000070
772 0.000045
773 0.000084
774 0.000102
775 0.000117
776 0.000156
777 0.000002
778 0.000005
779 0.000004
780 0.000002
781 0.000002
782 0.000001
783 0.000002
