0 0.001114
1 0.001033
2 0.000789
3 0.000890
4 0.000672
5 0.000504
6 0.000439
7 0.000449
8 0.000099
9 0.000031
10 0.000064
11 0.000054
12 0.000013
13 0.000003
14 0.000001
15 0.000002
16 0.000020
17 0.000097
18 0.000982
19 0.004016
20 0.006498
21 0.006499
22 0.004606
23 0.001897
24 0.000835
25 0.000469
26 0.000611
27 0.000654
28 0.000855
29 0.000959
30 0.000728
31 0.000672
32 0.000621
33 0.000531
34 0.000392
35 0.000191
36 0.000011
37 0.000005
38 0.000019
39 0.000053
40 0.000027
41 0.000006
42 0.000001
43 0.000007
44 0.000047
45 0.000143
46 0.000113
47 0.000606
48 0.006290
49 0.004438
50 0.000014
51 0.000000
52 0.000407
53 0.000535
54 0.000461
55 0.000611
56 0.000959
57 0.000728
58 0.000672
59 0.000621
60 0.000531
61 0.000392
62 0.000361
63 0.000047
64 0.000003
65 0.000001
66 0.000006
67 0.000024
68 0.000053
69 0.000009
70 0.000006
71 0.000019
72 0.000131
73 0.000068
74 0.000020
75 0.000162
76 0.000041
77 0.000013
78 0.000000
79 0.000000
80 0.000000
81 0.000400
82 0.000535
83 0.000461
84 0.000890
85 0.000672
86 0.000504
87 0.000426
88 0.000392
89 0.000361
90 0.000307
91 0.000011
92 0.000001
93 0.000000
94 0.000001
95 0.000005
96 0.000032
97 0.000045
98 0.000076
99 0.000119
100 0.000112
101 0.000011
102 0.000000
103 0.000000
104 0.000002
105 0.000000
106 0.000000
107 0.000000
108 0.000000
109 0.000373
110 0.000400
111 0.000535
112 0.000672
113 0.000621
114 0.000426
115 0.000392
116 0.000000
117 0.000000
118 0.000199
119 0.000002
120 0.000000
121 0.000000
122 0.000000
123 0.000001
124 0.000008
125 0.000353
126 0.001538
127 0.000053
128 0.000000
129 0.000000
130 0.000000
131 0.000000
132 0.000000
133 0.000000
134 0.000000
135 0.000000
136 0.000006
137 0.000276
138 0.000373
139 0.000550
140 0.000621
141 0.000463
142 0.000392
143 0.000361
144 0.000000
145 0.000000
146 0.000000
147 0.000000
148 0.000001
149 0.000026
150 0.000000
151 0.000000
152 0.000001
153 0.000022
154 0.000142
155 0.000011
156 0.000000
157 0.000000
158 0.000000
159 0.000000
160 0.000000
161 0.000000
162 0.000000
163 0.000000
164 0.000282
165 0.000257
166 0.000382
167 0.000409
168 0.000463
169 0.000392
170 0.000361
171 0.000307
172 0.000000
173 0.000000
174 0.000000
175 0.000000
176 0.000000
177 0.000000
178 0.000000
179 0.000001
180 0.000001
181 0.000002
182 0.000104
183 0.000014
184 0.000015
185 0.000001
186 0.000000
187 0.000000
188 0.000000
189 0.000000
190 0.000000
191 0.000000
192 0.000226
193 0.000243
194 0.000262
195 0.000452
196 0.000392
197 0.000361
198 0.000264
199 0.000223
200 0.000059
201 0.000000
202 0.000000
203 0.000000
204 0.000000
205 0.000000
206 0.000000
207 0.000000
208 0.000001
209 0.000234
210 0.068766
211 0.999997
212 0.000164
213 0.000000
214 0.000000
215 0.000000
216 0.000000
217 0.000000
218 0.000000
219 0.000006
220 0.000226
221 0.000243
222 0.000302
223 0.000377
224 0.001185
225 0.000421
226 0.000223
227 0.000205
228 0.000135
229 0.000000
230 0.000000
231 0.000000
232 0.000000
233 0.000000
234 0.000000
235 0.000000
236 0.000001
237 0.000076
238 0.000585
239 0.025367
240 0.000767
241 0.000000
242 0.000000
243 0.000000
244 0.000000
245 0.000000
246 0.000000
247 0.000196
248 0.000196
249 0.000202
250 0.000273
251 0.000276
252 0.004235
253 0.001315
254 0.000559
255 0.000114
256 0.000023
257 0.000000
258 0.000000
259 0.000000
260 0.000000
261 0.000000
262 0.000000
263 0.000000
264 0.000000
265 0.000000
266 0.000000
267 0.000001
268 0.000000
269 0.000000
270 0.000000
271 0.000000
272 0.000000
273 0.000000
274 0.000000
275 0.000122
276 0.000183
277 0.000171
278 0.000185
279 0.000231
280 0.010002
281 0.002505
282 0.000496
283 0.000056
284 0.000014
285 0.000000
286 0.000000
287 0.000000
288 0.000000
289 0.000000
290 0.000000
291 0.000000
292 0.000000
293 0.000000
294 0.000000
295 0.000000
296 0.000000
297 0.000000
298 0.000000
299 0.000000
300 0.000000
301 0.000000
302 0.000000
303 0.000202
304 0.000144
305 0.000155
306 0.000139
307 0.000192
308 0.001687
309 0.001259
310 0.001038
311 0.000406
312 0.000010
313 0.000000
314 0.000000
315 0.000000
316 0.000000
317 0.000000
318 0.000000
319 0.000000
320 0.000000
321 0.000000
322 0.000000
323 0.000000
324 0.000000
325 0.000000
326 0.000000
327 0.000000
328 0.000000
329 0.000000
330 0.000000
331 0.000033
332 0.001181
333 0.000601
334 0.000129
335 0.000192
336 0.000162
337 0.000612
338 0.002373
339 0.007195
340 0.000026
341 0.000000
342 0.000000
343 0.000000
344 0.000000
345 0.000000
346 0.000000
347 0.000000
348 0.000000
349 0.000000
350 0.000000
351 0.000000
352 0.000000
353 0.000000
354 0.000000
355 0.000000
356 0.000000
357 0.000000
358 0.000000
359 0.000000
360 0.000331
361 0.000771
362 0.001249
363 0.000712
364 0.000086
365 0.000359
366 0.001416
367 0.003126
368 0.000003
369 0.000000
370 0.000000
371 0.000000
372 0.000000
373 0.000000
374 0.000000
375 0.000000
376 0.000000
377 0.000000
378 0.000000
379 0.000000
380 0.000000
381 0.000000
382 0.000000
383 0.000000
384 0.000000
385 0.000000
386 0.000000
387 0.000000
388 0.000006
389 0.000170
390 0.000310
391 0.000691
392 0.000103
393 0.000102
394 0.000108
395 0.000010
396 0.000000
397 0.000000
398 0.000000
399 0.000001
400 0.000005
401 0.000001
402 0.000000
403 0.000000
404 0.000000
405 0.000000
406 0.000000
407 0.000000
408 0.000000
409 0.000000
410 0.000000
411 0.000000
412 0.000000
413 0.000000
414 0.000000
415 0.000000
416 0.000000
417 0.000007
418 0.000022
419 0.000127
420 0.000087
421 0.000043
422 0.000036
423 0.000000
424 0.000000
425 0.000000
426 0.000000
427 0.000002
428 0.999998
429 0.000003
430 0.000000
431 0.000000
432 0.000000
433 0.000000
434 0.000000
435 0.000000
436 0.000000
437 0.000000
438 0.000000
439 0.000000
440 0.000000
441 0.000000
442 0.000000
443 0.000000
444 0.000000
445 0.000002
446 0.000004
447 0.000007
448 0.000104
449 0.000040
450 0.000030
451 0.000000
452 0.000000
453 0.000000
454 0.000000
455 0.000001
456 0.000006
457 0.000000
458 0.000000
459 0.000000
460 0.000000
461 0.000000
462 0.000000
463 0.000000
464 0.000000
465 0.000000
466 0.000000
467 0.000000
468 0.000000
469 0.000000
470 0.000000
471 0.000000
472 0.000000
473 0.000000
474 0.000003
475 0.000007
476 0.000759
477 0.000252
478 0.000011
479 0.000000
480 0.000000
481 0.000000
482 0.000000
483 0.000000
484 0.000000
485 0.000000
486 0.000000
487 0.000000
488 0.000000
489 0.000000
490 0.000000
491 0.000000
492 0.000000
493 0.000000
494 0.000000
495 0.000000
496 0.000000
497 0.000000
498 0.000000
499 0.000000
500 0.000000
501 0.000000
502 0.000017
503 0.000048
504 0.010000
505 0.004160
506 0.000008
507 0.000000
508 0.000000
509 0.000000
510 0.000000
511 0.000000
512 0.000000
513 0.000000
514 0.000000
515 0.000000
516 0.000000
517 0.000000
518 0.000000
519 0.000000
520 0.000000
521 0.000000
522 0.000000
523 0.000000
524 0.000000
525 0.000000
526 0.000000
527 0.000000
528 0.000000
529 0.000000
530 0.000168
531 0.000654
532 0.010000
533 0.010000
534 0.000010
535 0.000000
536 0.000000
537 0.000000
538 0.000000
539 0.000000
540 0.000000
541 0.000000
542 0.000000
543 0.000000
544 0.000000
545 0.000000
546 0.000000
547 0.000000
548 0.000000
549 0.000000
550 0.000000
551 0.000000
552 0.000000
553 0.000000
554 0.000000
555 0.000000
556 0.000000
557 0.000001
558 0.000654
559 0.000684
560 0.010000
561 0.010000
562 0.000009
563 0.000000
564 0.000000
565 0.000000
566 0.000000
567 0.000000
568 0.000000
569 0.000000
570 0.000000
571 0.000000
572 0.000000
573 0.000000
574 0.000000
575 0.000000
576 0.000000
577 0.000000
578 0.000000
579 0.000000
580 0.000000
581 0.000000
582 0.000000
583 0.000000
584 0.000000
585 0.000654
586 0.000684
587 0.000822
588 0.010000
589 0.010001
590 0.000142
591 0.000001
592 0.000000
593 0.000000
594 0.000000
595 0.000000
596 0.000000
597 0.000000
598 0.000000
599 0.000000
600 0.000000
601 0.000000
602 0.000000
603 0.000000
604 0.000000
605 0.000000
606 0.000000
607 0.000000
608 0.000000
609 0.000000
610 0.000000
611 0.000001
612 0.000626
613 0.000654
614 0.000789
615 0.000822
616 0.010000
617 0.008603
618 0.004042
619 0.000077
620 0.000001
621 0.000000
622 0.000000
623 0.000000
624 0.000000
625 0.000000
626 0.000000
627 0.000000
628 0.000000
629 0.000000
630 0.000000
631 0.000000
632 0.000000
633 0.000000
634 0.000000
635 0.000000
636 0.000000
637 0.000000
638 0.000001
639 0.000626
640 0.000654
641 0.000789
642 0.000000
643 0.000000
644 0.008684
645 0.004908
646 0.002390
647 0.001156
648 0.000299
649 0.000000
650 0.000000
651 0.000000
652 0.000000
653 0.000000
654 0.000000
655 0.000001
656 0.000011
657 0.000047
658 0.000013
659 0.000000
660 0.000000
661 0.000000
662 0.000000
663 0.000000
664 0.000000
665 0.000002
666 0.000626
667 0.000756
668 0.000789
669 0.000000
670 0.000000
671 0.000000
672 0.000000
673 0.002536
674 0.001438
675 0.001207
676 0.001327
677 0.001108
678 0.000002
679 0.000001
680 0.000002
681 0.000020
682 0.000602
683 0.000574
684 0.000445
685 0.000143
686 0.000030
687 0.000009
688 0.000007
689 0.000043
690 0.000018
691 0.000006
692 0.000025
693 0.000600
694 0.000654
695 0.000789
696 0.000000
697 0.000000
698 0.000000
699 0.000000
700 0.000000
701 0.000000
702 0.001498
703 0.001438
704 0.001381
705 0.001327
706 0.001108
707 0.001061
708 0.000975
709 0.000804
710 0.000661
711 0.000602
712 0.000574
713 0.000348
714 0.000088
715 0.000025
716 0.000018
717 0.000075
718 0.000472
719 0.000494
720 0.000517
721 0.000626
722 0.000756
723 0.000000
724 0.000000
725 0.000000
726 0.000000
727 0.000000
728 0.000000
729 0.000000
730 0.000000
731 0.000000
732 0.001438
733 0.001381
734 0.001156
735 0.001108
736 0.001061
737 0.000880
738 0.000804
739 0.000769
740 0.000735
741 0.000574
742 0.000166
743 0.000056
744 0.000046
745 0.000170
746 0.000494
747 0.000600
748 0.000626
749 0.000756
750 0.000000
751 0.000000
752 0.000000
753 0.000000
754 0.000000
755 0.000000
756 0.000000
757 0.000000
758 0.000000
759 0.000000
760 0.000000
761 0.001438
762 0.001381
763 0.001156
764 0.001108
765 0.001061
766 0.001017
767 0.000975
768 0.000769
769 0.000736
770 0.000390
771 0.000125
772 0.000140
773 0.000374
774 0.000494
775 0.000541
776 0.000654
777 0.000000
778 0.000005
779 0.000003
780 0.000000
781 0.000000
782 0.000000
783 0.000000
