0 0.004516
1 0.005776
2 0.007005
3 0.009415
4 0.009364
5 0.009313
6 0.007410
7 0.005096
8 0.000979
9 0.000286
10 0.000648
11 0.002869
12 0.004131
13 0.002180
14 0.000656
15 0.000284
16 0.000156
17 0.000092
18 0.000265
19 0.000731
20 0.001768
21 0.002803
22 0.005078
23 0.006742
24 0.006528
25 0.006528
26 0.005603
27 0.004157
28 0.004064
29 0.004262
30 0.005139
31 0.006856
32 0.009364
33 0.009364
34 0.009313
35 0.004662
36 0.000623
37 0.000384
38 0.001065
39 0.004417
40 0.004627
41 0.001659
42 0.000468
43 0.000177
44 0.000097
45 0.000093
46 0.000140
47 0.000604
48 0.002461
49 0.004558
50 0.000000
51 0.000000
52 0.006528
53 0.005992
54 0.003768
55 0.002822
56 0.004249
57 0.003817
58 0.003711
59 0.004941
60 0.006659
61 0.009313
62 0.009313
63 0.003200
64 0.000479
65 0.000613
66 0.002570
67 0.003996
68 0.002985
69 0.001087
70 0.000322
71 0.000107
72 0.000073
73 0.000067
74 0.000096
75 0.000612
76 0.000002
77 0.000000
78 0.000000
79 0.000000
80 0.000000
81 0.004353
82 0.003025
83 0.001869
84 0.004128
85 0.003699
86 0.003311
87 0.003373
88 0.004614
89 0.006483
90 0.009313
91 0.001592
92 0.000623
93 0.001488
94 0.006534
95 0.004211
96 0.001845
97 0.000753
98 0.000268
99 0.000096
100 0.000062
101 0.000023
102 0.000000
103 0.000000
104 0.000000
105 0.000000
106 0.000000
107 0.000000
108 0.000000
109 0.002878
110 0.002002
111 0.001883
112 0.003699
113 0.003586
114 0.003086
115 0.002994
116 0.000000
117 0.000000
118 0.000000
119 0.000000
120 0.000001
121 0.001555
122 0.008454
123 0.003918
124 0.000990
125 0.000335
126 0.000183
127 0.000005
128 0.000000
129 0.000000
130 0.000000
131 0.000000
132 0.000000
133 0.000000
134 0.000000
135 0.000000
136 0.000040
137 0.001731
138 0.001563
139 0.001785
140 0.003586
141 0.003191
142 0.002984
143 0.002886
144 0.000000
145 0.000000
146 0.000000
147 0.000000
148 0.000000
149 0.000000
150 0.000000
151 0.000001
152 0.000001
153 0.000000
154 0.000000
155 0.000000
156 0.000000
157 0.000000
158 0.000000
159 0.000000
160 0.000000
161 0.000000
162 0.000000
163 0.000000
164 0.001778
165 0.001301
166 0.001430
167 0.001493
168 0.003191
169 0.002984
170 0.002886
171 0.002700
172 0.000000
173 0.000000
174 0.000000
175 0.000000
176 0.000000
177 0.000000
178 0.000000
179 0.000000
180 0.000000
181 0.000000
182 0.000000
183 0.000000
184 0.000000
185 0.000000
186 0.000000
187 0.000000
188 0.000000
189 0.000000
190 0.000000
191 0.000002
192 0.001090
193 0.001085
194 0.001135
195 0.001532
196 0.003059
197 0.002895
198 0.002540
199 0.002365
200 0.000006
201 0.000000
202 0.000000
203 0.000000
204 0.000001
205 0.000001
206 0.000000
207 0.000000
208 0.000000
209 0.000000
210 0.000000
211 0.000000
212 0.000000
213 0.000000
214 0.000000
215 0.000000
216 0.000000
217 0.000000
218 0.000000
219 0.000009
220 0.001037
221 0.001095
222 0.001243
223 0.001506
224 0.004011
225 0.002668
226 0.002402
227 0.002282
228 0.001913
229 0.000000
230 0.000000
231 0.000000
232 0.000000
233 0.000001
234 0.000000
235 0.000000
236 0.000000
237 0.000000
238 0.000000
239 0.000000
240 0.000000
241 0.000000
242 0.000000
243 0.000000
244 0.000000
245 0.000000
246 0.000000
247 0.000014
248 0.000035
249 0.000064
250 0.000150
251 0.000281
252 0.006346
253 0.004106
254 0.002940
255 0.001308
256 0.000272
257 0.000000
258 0.000000
259 0.000000
260 0.000000
261 0.000000
262 0.000000
263 0.000000
264 0.000000
265 0.000000
266 0.000000
267 0.000000
268 0.000000
269 0.000000
270 0.000000
271 0.000000
272 0.000000
273 0.000000
274 0.000000
275 0.000002
276 0.000003
277 0.000007
278 0.000013
279 0.000027
280 0.010000
281 0.002612
282 0.000879
283 0.000200
284 0.000050
285 0.000000
286 0.000000
287 0.000000
288 0.000000
289 0.000000
290 0.000000
291 0.000000
292 0.000001
293 0.000023
294 0.000014
295 0.000004
296 0.000000
297 0.000000
298 0.000000
299 0.000000
300 0.000000
301 0.000000
302 0.000000
303 0.000002
304 0.000003
305 0.000005
306 0.000006
307 0.000009
308 0.002163
309 0.000930
310 0.000313
311 0.000080
312 0.000006
313 0.000001
314 0.000000
315 0.000000
316 0.000000
317 0.000000
318 0.000000
319 0.000000
320 0.000001
321 0.000267
322 0.999994
323 0.000017
324 0.000000
325 0.000000
326 0.000000
327 0.000000
328 0.000000
329 0.000000
330 0.000000
331 0.000001
332 0.000004
333 0.000005
334 0.000006
335 0.000011
336 0.000839
337 0.000554
338 0.000264
339 0.000150
340 0.000003
341 0.000001
342 0.000000
343 0.000000
344 0.000000
345 0.000000
346 0.000000
347 0.000000
348 0.000001
349 0.000014
350 0.000039
351 0.000004
352 0.000000
353 0.000000
354 0.000000
355 0.000000
356 0.000000
357 0.000000
358 0.000000
359 0.000000
360 0.000003
361 0.000005
362 0.000009
363 0.000016
364 0.000403
365 0.000431
366 0.000368
367 0.000407
368 0.000004
369 0.000010
370 0.000060
371 0.000001
372 0.000000
373 0.000000
374 0.000000
375 0.000000
376 0.000000
377 0.000001
378 0.000000
379 0.000000
380 0.000000
381 0.000000
382 0.000000
383 0.000000
384 0.000000
385 0.000000
386 0.000000
387 0.000000
388 0.000002
389 0.000011
390 0.000019
391 0.000043
392 0.000127
393 0.000183
394 0.000264
395 0.000116
396 0.000041
397 0.000887
398 0.999982
399 0.000001
400 0.000000
401 0.000000
402 0.000002
403 0.000001
404 0.000000
405 0.000000
406 0.000000
407 0.000000
408 0.000000
409 0.000000
410 0.000001
411 0.000001
412 0.000000
413 0.000000
414 0.000000
415 0.000000
416 0.000001
417 0.000024
418 0.000054
419 0.000097
420 0.000148
421 0.000179
422 0.000298
423 0.000052
424 0.000111
425 0.015803
426 0.013842
427 0.000002
428 0.000000
429 0.000001
430 0.000008
431 0.000001
432 0.000000
433 0.000000
434 0.000000
435 0.000000
436 0.000000
437 0.000000
438 0.000001
439 0.000001
440 0.000001
441 0.000006
442 0.000000
443 0.000000
444 0.000003
445 0.000145
446 0.000162
447 0.000401
448 0.000468
449 0.000691
450 0.001446
451 0.000062
452 0.000106
453 0.034148
454 0.000469
455 0.000002
456 0.000000
457 0.000001
458 0.000006
459 0.000002
460 0.000000
461 0.000000
462 0.000000
463 0.000000
464 0.000000
465 0.000000
466 0.000000
467 0.000001
468 0.000023
469 0.000213
470 0.000022
471 0.000001
472 0.000014
473 0.001001
474 0.001113
475 0.000614
476 0.002315
477 0.003967
478 0.001337
479 0.000066
480 0.001116
481 0.000343
482 0.000003
483 0.000004
484 0.000000
485 0.000000
486 0.000001
487 0.000001
488 0.000000
489 0.000000
490 0.000000
491 0.000000
492 0.000000
493 0.000000
494 0.000000
495 0.000000
496 0.000284
497 0.999983
498 0.001126
499 0.000045
500 0.000035
501 0.000821
502 0.004667
503 0.001571
504 0.010006
505 0.008257
506 0.000312
507 0.000208
508 0.002774
509 0.000036
510 0.000001
511 0.000002
512 0.000000
513 0.000000
514 0.000000
515 0.000000
516 0.000000
517 0.000000
518 0.000000
519 0.000000
520 0.000000
521 0.000000
522 0.000000
523 0.000000
524 0.000150
525 0.006182
526 0.010945
527 0.000244
528 0.000023
529 0.000529
530 0.004417
531 0.002804
532 0.009520
533 0.008485
534 0.000212
535 0.000952
536 0.000612
537 0.000003
538 0.000002
539 0.000004
540 0.000001
541 0.000000
542 0.000000
543 0.000000
544 0.000000
545 0.000000
546 0.000000
547 0.000000
548 0.000000
549 0.000001
550 0.000000
551 0.000000
552 0.000003
553 0.000070
554 0.002126
555 0.000811
556 0.000086
557 0.000548
558 0.010001
559 0.010000
560 0.008102
561 0.008255
562 0.000673
563 0.001373
564 0.000081
565 0.000003
566 0.000003
567 0.000002
568 0.000000
569 0.000000
570 0.000000
571 0.000000
572 0.000000
573 0.000002
574 0.000001
575 0.000003
576 0.000005
577 0.000001
578 0.000000
579 0.000000
580 0.000000
581 0.000001
582 0.000039
583 0.001248
584 0.001637
585 0.010001
586 0.010001
587 0.010001
588 0.007919
589 0.008100
590 0.013593
591 0.001883
592 0.000007
593 0.000003
594 0.000002
595 0.000000
596 0.000000
597 0.000000
598 0.000000
599 0.000000
600 0.000000
601 0.000012
602 0.000441
603 0.000323
604 0.000077
605 0.000001
606 0.000000
607 0.000000
608 0.000000
609 0.000000
610 0.000003
611 0.000237
612 0.002762
613 0.006799
614 0.010001
615 0.010000
616 0.007951
617 0.010003
618 0.010005
619 0.002481
620 0.000036
621 0.000005
622 0.000001
623 0.000000
624 0.000000
625 0.000000
626 0.000000
627 0.000000
628 0.000001
629 0.000090
630 0.008376
631 0.999984
632 0.000470
633 0.000020
634 0.000003
635 0.000002
636 0.000000
637 0.000001
638 0.000011
639 0.000456
640 0.001021
641 0.002555
642 0.000000
643 0.000000
644 0.010003
645 0.010004
646 0.010004
647 0.010003
648 0.004827
649 0.000027
650 0.000001
651 0.000000
652 0.000001
653 0.000003
654 0.000001
655 0.000000
656 0.000001
657 0.000248
658 0.006951
659 0.079473
660 0.000866
661 0.000143
662 0.000135
663 0.000049
664 0.000028
665 0.000062
666 0.000190
667 0.000247
668 0.000447
669 0.000000
670 0.000000
671 0.000000
672 0.000000
673 0.010004
674 0.010003
675 0.010001
676 0.005394
677 0.002371
678 0.000023
679 0.000012
680 0.000027
681 0.000116
682 0.000060
683 0.000005
684 0.000002
685 0.000089
686 0.004513
687 0.030482
688 0.002831
689 0.000333
690 0.000825
691 0.000322
692 0.000235
693 0.000179
694 0.000202
695 0.000261
696 0.000000
697 0.000000
698 0.000000
699 0.000000
700 0.000000
701 0.000000
702 0.010001
703 0.006252
704 0.002778
705 0.001261
706 0.000833
707 0.000785
708 0.000714
709 0.000576
710 0.000179
711 0.000017
712 0.000008
713 0.000024
714 0.003672
715 0.006586
716 0.008733
717 0.001658
718 0.002572
719 0.000779
720 0.000271
721 0.000190
722 0.000247
723 0.000000
724 0.000001
725 0.000001
726 0.000000
727 0.000000
728 0.000000
729 0.000000
730 0.000000
731 0.000000
732 0.001525
733 0.001055
734 0.000864
735 0.000824
736 0.000785
737 0.000637
738 0.000576
739 0.000072
740 0.000035
741 0.000049
742 0.000733
743 0.001316
744 0.002444
745 0.008348
746 0.007574
747 0.002095
748 0.000674
749 0.000302
750 0.000000
751 0.000000
752 0.000000
753 0.000000
754 0.000001
755 0.000000
756 0.000000
757 0.000000
758 0.000000
759 0.000000
760 0.000000
761 0.001104
762 0.001055
763 0.000864
764 0.000824
765 0.000785
766 0.000749
767 0.000377
768 0.000132
769 0.000079
770 0.000070
771 0.000475
772 0.001872
773 0.045794
774 0.010008
775 0.004536
776 0.001740
777 0.000195
778 0.000168
779 0.000164
780 0.000149
781 0.000009
782 0.000000
783 0.000000
