0 0.010119
1 0.010122
2 0.010133
3 0.010129
4 0.010139
5 0.010147
6 0.010151
7 0.010154
8 0.010234
9 0.010240
10 0.010181
11 0.010185
12 0.010186
13 0.010189
14 0.010191
15 0.010195
16 0.010198
17 0.010276
18 0.010285
19 0.010227
20 0.010008
21 0.010008
22 0.010007
23 0.010007
24 0.010007
25 0.010007
26 0.010006
27 0.010006
28 0.010130
29 0.010125
30 0.010135
31 0.010138
32 0.010141
33 0.010145
34 0.010153
35 0.010229
36 0.010240
37 0.010244
38 0.010186
39 0.010186
40 0.010190
41 0.010191
42 0.010193
43 0.010197
44 0.010201
45 0.010203
46 0.010296
47 0.010296
48 0.010009
49 0.010008
50 0.010348
51 0.010842
52 0.010007
53 0.010006
54 0.010007
55 0.010006
56 0.010125
57 0.010135
58 0.010138
59 0.010140
60 0.010145
61 0.010152
62 0.010154
63 0.010234
64 0.010242
65 0.010186
66 0.010186
67 0.010190
68 0.010194
69 0.010195
70 0.010196
71 0.010200
72 0.010202
73 0.010205
74 0.010330
75 0.010311
76 0.010301
77 0.010472
78 0.010801
79 0.010842
80 0.010842
81 0.010007
82 0.010006
83 0.010007
84 0.010128
85 0.010138
86 0.010146
87 0.010150
88 0.010151
89 0.010153
90 0.010157
91 0.010239
92 0.010247
93 0.010188
94 0.010190
95 0.010192
96 0.010195
97 0.010195
98 0.010198
99 0.010202
100 0.010204
101 0.010416
102 0.010438
103 0.010595
104 0.010678
105 0.010764
106 0.010764
107 0.010759
108 0.010384
109 0.010007
110 0.010007
111 0.010007
112 0.010138
113 0.010140
114 0.010150
115 0.010151
116 0.011234
117 0.010881
118 0.010550
119 0.010432
120 0.010366
121 0.010244
122 0.010191
123 0.010192
124 0.010195
125 0.010197
126 0.010201
127 0.010418
128 0.010430
129 0.010473
130 0.010539
131 0.010709
132 0.010724
133 0.010703
134 0.010743
135 0.010582
136 0.010275
137 0.010008
138 0.010007
139 0.010007
140 0.010141
141 0.010148
142 0.010152
143 0.010153
144 0.011337
145 0.011273
146 0.010924
147 0.010652
148 0.010460
149 0.010416
150 0.010378
151 0.010341
152 0.010308
153 0.010490
154 0.010426
155 0.010467
156 0.010477
157 0.010564
158 0.010451
159 0.010745
160 0.010880
161 0.010777
162 0.010626
163 0.010354
164 0.010008
165 0.010008
166 0.010008
167 0.010008
168 0.010149
169 0.010152
170 0.010154
171 0.010157
172 0.010378
173 0.011295
174 0.011514
175 0.010919
176 0.010538
177 0.010435
178 0.010602
179 0.010649
180 0.010629
181 0.010602
182 0.010610
183 0.010644
184 0.010505
185 0.010515
186 0.010604
187 0.010742
188 0.010808
189 0.010751
190 0.010381
191 0.010311
192 0.010009
193 0.010008
194 0.010008
195 0.010008
196 0.010153
197 0.010154
198 0.010160
199 0.010162
200 0.010244
201 0.010869
202 0.011382
203 0.011601
204 0.010906
205 0.010694
206 0.010573
207 0.010600
208 0.010614
209 0.010439
210 0.010438
211 0.010568
212 0.010550
213 0.010615
214 0.010783
215 0.010798
216 0.010883
217 0.010698
218 0.010454
219 0.010346
220 0.010009
221 0.010009
222 0.010009
223 0.010008
224 0.010155
225 0.010160
226 0.010163
227 0.010164
228 0.010169
229 0.010459
230 0.011221
231 0.011333
232 0.011319
233 0.010929
234 0.010806
235 0.010433
236 0.010426
237 0.010420
238 0.010413
239 0.010414
240 0.010492
241 0.010702
242 0.010799
243 0.010776
244 0.010652
245 0.010692
246 0.010594
247 0.010101
248 0.010085
249 0.010074
250 0.010060
251 0.010046
252 0.010157
253 0.010163
254 0.010164
255 0.010251
256 0.010261
257 0.010479
258 0.010600
259 0.011226
260 0.011383
261 0.011076
262 0.010422
263 0.010410
264 0.010397
265 0.010398
266 0.010394
267 0.010394
268 0.010400
269 0.010804
270 0.010774
271 0.010591
272 0.010422
273 0.010668
274 0.010610
275 0.010136
276 0.010127
277 0.010114
278 0.010104
279 0.010092
280 0.010164
281 0.010255
282 0.010258
283 0.010266
284 0.010270
285 0.010422
286 0.010491
287 0.010706
288 0.011178
289 0.010419
290 0.010398
291 0.010390
292 0.010383
293 0.010377
294 0.010379
295 0.010382
296 0.010382
297 0.010391
298 0.010612
299 0.010406
300 0.010417
301 0.010675
302 0.010618
303 0.010129
304 0.010125
305 0.010119
306 0.010114
307 0.010110
308 0.010257
309 0.010262
310 0.010269
311 0.010275
312 0.010312
313 0.010321
314 0.010360
315 0.010440
316 0.010426
317 0.010405
318 0.010384
319 0.010371
320 0.010364
321 0.010364
322 0.010364
323 0.010369
324 0.010375
325 0.010380
326 0.010390
327 0.010402
328 0.010560
329 0.010557
330 0.010419
331 0.010370
332 0.010120
333 0.010117
334 0.010112
335 0.010105
336 0.010267
337 0.010224
338 0.010203
339 0.010207
340 0.010313
341 0.010321
342 0.010318
343 0.010401
344 0.010409
345 0.010390
346 0.010377
347 0.010361
348 0.010360
349 0.010353
350 0.010355
351 0.010357
352 0.010363
353 0.010375
354 0.010381
355 0.010397
356 0.010562
357 0.010556
358 0.010438
359 0.010395
360 0.010119
361 0.010113
362 0.010107
363 0.010105
364 0.010199
365 0.010200
366 0.010203
367 0.010206
368 0.010317
369 0.010324
370 0.010273
371 0.010364
372 0.010397
373 0.010377
374 0.010370
375 0.010360
376 0.010351
377 0.010346
378 0.010349
379 0.010348
380 0.010358
381 0.010365
382 0.010379
383 0.010392
384 0.010470
385 0.010548
386 0.010461
387 0.010413
388 0.010356
389 0.010108
390 0.010107
391 0.010103
392 0.010201
393 0.010203
394 0.010205
395 0.010311
396 0.010321
397 0.010247
398 0.010246
399 0.010326
400 0.010381
401 0.010374
402 0.010363
403 0.010355
404 0.010346
405 0.010343
406 0.010339
407 0.010347
408 0.010353
409 0.010363
410 0.010377
411 0.010389
412 0.010406
413 0.010450
414 0.010353
415 0.010444
416 0.010379
417 0.010110
418 0.010105
419 0.010103
420 0.010200
421 0.010205
422 0.010207
423 0.010313
424 0.010324
425 0.010250
426 0.010251
427 0.010299
428 0.010356
429 0.010371
430 0.010359
431 0.010351
432 0.010347
433 0.010342
434 0.010341
435 0.010346
436 0.010351
437 0.010361
438 0.010370
439 0.010377
440 0.010371
441 0.010348
442 0.010364
443 0.010844
444 0.010408
445 0.010106
446 0.010104
447 0.010102
448 0.010290
449 0.010228
450 0.010208
451 0.010317
452 0.010327
453 0.010253
454 0.010257
455 0.010276
456 0.010332
457 0.010363
458 0.010355
459 0.010355
460 0.010350
461 0.010345
462 0.010345
463 0.010347
464 0.010352
465 0.010361
466 0.010375
467 0.010378
468 0.010363
469 0.010359
470 0.011352
471 0.010909
472 0.010460
473 0.010248
474 0.010134
475 0.010127
476 0.010276
477 0.010284
478 0.010395
479 0.010410
480 0.010252
481 0.010255
482 0.010259
483 0.010262
484 0.010318
485 0.010354
486 0.010354
487 0.010353
488 0.010347
489 0.010349
490 0.010352
491 0.010353
492 0.010356
493 0.010367
494 0.010380
495 0.010371
496 0.010364
497 0.010990
498 0.011346
499 0.011201
500 0.010768
501 0.010281
502 0.010123
503 0.010117
504 0.010027
505 0.010256
506 0.010318
507 0.010342
508 0.010330
509 0.010338
510 0.010350
511 0.010265
512 0.010301
513 0.010342
514 0.010362
515 0.010357
516 0.010352
517 0.010355
518 0.010357
519 0.010359
520 0.010364
521 0.010372
522 0.010375
523 0.010374
524 0.010937
525 0.010868
526 0.011195
527 0.011500
528 0.011046
529 0.010293
530 0.010108
531 0.010055
532 0.010027
533 0.010028
534 0.010073
535 0.010128
536 0.010307
537 0.010319
538 0.010328
539 0.010339
540 0.010362
541 0.010419
542 0.010361
543 0.010358
544 0.010358
545 0.010359
546 0.010361
547 0.010365
548 0.010376
549 0.010379
550 0.010413
551 0.011532
552 0.011633
553 0.011025
554 0.010887
555 0.011249
556 0.011316
557 0.010662
558 0.010053
559 0.010053
560 0.010026
561 0.010026
562 0.010071
563 0.010095
564 0.010101
565 0.010105
566 0.010299
567 0.010314
568 0.010328
569 0.010379
570 0.010421
571 0.010438
572 0.010386
573 0.010366
574 0.010369
575 0.010374
576 0.010512
577 0.010522
578 0.010551
579 0.011084
580 0.011507
581 0.011626
582 0.011001
583 0.010899
584 0.011591
585 0.010052
586 0.010052
587 0.010049
588 0.010024
589 0.010025
590 0.010057
591 0.010084
592 0.010093
593 0.010101
594 0.010104
595 0.010106
596 0.010109
597 0.010468
598 0.010512
599 0.010545
600 0.010421
601 0.010555
602 0.010578
603 0.010512
604 0.010521
605 0.010523
606 0.010514
607 0.010345
608 0.010883
609 0.011314
610 0.011569
611 0.011054
612 0.010051
613 0.010051
614 0.010048
615 0.010048
616 0.010023
617 0.010023
618 0.010025
619 0.010054
620 0.010078
621 0.010091
622 0.010097
623 0.010238
624 0.010242
625 0.010350
626 0.010497
627 0.010479
628 0.010600
629 0.010505
630 0.010530
631 0.010555
632 0.010437
633 0.010431
634 0.010356
635 0.010336
636 0.010318
637 0.010574
638 0.011075
639 0.010050
640 0.010050
641 0.010047
642 0.012171
643 0.012416
644 0.010022
645 0.010023
646 0.010023
647 0.010024
648 0.010042
649 0.010190
650 0.010234
651 0.010306
652 0.010440
653 0.010300
654 0.010413
655 0.010473
656 0.010444
657 0.010195
658 0.010193
659 0.010344
660 0.010346
661 0.010293
662 0.010303
663 0.010307
664 0.010290
665 0.010234
666 0.010050
667 0.010046
668 0.010046
669 0.012167
670 0.012186
671 0.012194
672 0.010304
673 0.010022
674 0.010022
675 0.010024
676 0.010023
677 0.010025
678 0.010350
679 0.010262
680 0.010297
681 0.010259
682 0.010122
683 0.010171
684 0.010193
685 0.010188
686 0.010188
687 0.010187
688 0.010187
689 0.010161
690 0.010215
691 0.010223
692 0.010210
693 0.010052
694 0.010050
695 0.010046
696 0.012166
697 0.012166
698 0.012143
699 0.012300
700 0.010303
701 0.010304
702 0.010022
703 0.010022
704 0.010023
705 0.010023
706 0.010025
707 0.010026
708 0.010027
709 0.010029
710 0.010087
711 0.010151
712 0.010182
713 0.010188
714 0.010181
715 0.010180
716 0.010175
717 0.010150
718 0.010059
719 0.010058
720 0.010056
721 0.010052
722 0.010048
723 0.012121
724 0.011719
725 0.012036
726 0.012164
727 0.012165
728 0.010303
729 0.010303
730 0.010304
731 0.010304
732 0.010022
733 0.010023
734 0.010025
735 0.010025
736 0.010026
737 0.010028
738 0.010029
739 0.010130
740 0.010168
741 0.010182
742 0.010180
743 0.010178
744 0.010163
745 0.010128
746 0.010059
747 0.010055
748 0.010054
749 0.010050
750 0.011471
751 0.010555
752 0.010995
753 0.011451
754 0.012167
755 0.012163
756 0.010303
757 0.010303
758 0.010414
759 0.010414
760 0.010304
761 0.010023
762 0.010023
763 0.010025
764 0.010026
765 0.010026
766 0.010027
767 0.010101
768 0.010154
769 0.010175
770 0.010177
771 0.010175
772 0.010153
773 0.010091
774 0.010060
775 0.010057
776 0.010053
777 0.010438
778 0.010312
779 0.010316
780 0.010387
781 0.010490
782 0.011459
783 0.012164
