0 0.002146
1 0.002125
2 0.001912
3 0.002339
4 0.002124
5 0.001919
6 0.002206
7 0.003331
8 0.000236
9 0.000014
10 0.000004
11 0.000003
12 0.000003
13 0.000003
14 0.000003
15 0.000002
16 0.000002
17 0.000001
18 0.000009
19 0.000061
20 0.000197
21 0.000212
22 0.000292
23 0.000314
24 0.000266
25 0.000287
26 0.000390
27 0.000419
28 0.001764
29 0.001921
30 0.001686
31 0.001818
32 0.002041
33 0.002135
34 0.001956
35 0.001061
36 0.000062
37 0.000008
38 0.000005
39 0.000002
40 0.000002
41 0.000002
42 0.000002
43 0.000002
44 0.000001
45 0.000001
46 0.000003
47 0.000029
48 0.000142
49 0.000197
50 0.000347
51 0.000412
52 0.000246
53 0.000337
54 0.000287
55 0.000390
56 0.001921
57 0.001565
58 0.001474
59 0.001541
60 0.001686
61 0.001773
62 0.001891
63 0.000223
64 0.000016
65 0.000005
66 0.000007
67 0.000003
68 0.000001
69 0.000001
70 0.000001
71 0.000001
72 0.000001
73 0.000001
74 0.000001
75 0.000008
76 0.000248
77 0.000244
78 0.000277
79 0.000299
80 0.000412
81 0.000246
82 0.000337
83 0.000287
84 0.001818
85 0.001474
86 0.001185
87 0.001042
88 0.001191
89 0.001416
90 0.001746
91 0.000052
92 0.000004
93 0.000004
94 0.000005
95 0.000004
96 0.000002
97 0.000001
98 0.000001
99 0.000001
100 0.000001
101 0.000001
102 0.000001
103 0.000003
104 0.000057
105 0.000218
106 0.000255
107 0.000353
108 0.000355
109 0.000228
110 0.000246
111 0.000337
112 0.001474
113 0.001388
114 0.001042
115 0.000978
116 0.000000
117 0.000000
118 0.000000
119 0.000000
120 0.000000
121 0.000000
122 0.000004
123 0.000005
124 0.000004
125 0.000002
126 0.000001
127 0.000001
128 0.000001
129 0.000001
130 0.000001
131 0.000001
132 0.000013
133 0.000171
134 0.000217
135 0.000297
136 0.000275
137 0.000166
138 0.000228
139 0.000314
140 0.001388
141 0.001111
142 0.000978
143 0.000918
144 0.000000
145 0.000000
146 0.000000
147 0.000000
148 0.000000
149 0.000000
150 0.000000
151 0.000000
152 0.000000
153 0.000000
154 0.000002
155 0.000001
156 0.000000
157 0.000000
158 0.000000
159 0.000000
160 0.000003
161 0.000071
162 0.000213
163 0.000201
164 0.000170
165 0.000154
166 0.000212
167 0.000228
168 0.001111
169 0.000978
170 0.000918
171 0.000808
172 0.000000
173 0.000000
174 0.000000
175 0.000000
176 0.000000
177 0.000000
178 0.000000
179 0.000000
180 0.000000
181 0.000000
182 0.000000
183 0.000000
184 0.000000
185 0.000000
186 0.000000
187 0.000000
188 0.000001
189 0.000015
190 0.000176
191 0.000192
192 0.000122
193 0.000132
194 0.000142
195 0.000212
196 0.001046
197 0.000918
198 0.000719
199 0.000628
200 0.000000
201 0.000000
202 0.000000
203 0.000000
204 0.000000
205 0.000000
206 0.000000
207 0.000000
208 0.000000
209 0.000000
210 0.000000
211 0.000000
212 0.000000
213 0.000000
214 0.000000
215 0.000000
216 0.000000
217 0.000000
218 0.000000
219 0.000005
220 0.000122
221 0.000132
222 0.000132
223 0.000183
224 0.001016
225 0.000796
226 0.000653
227 0.000587
228 0.000420
229 0.000000
230 0.000000
231 0.000000
232 0.000000
233 0.000000
234 0.000000
235 0.000000
236 0.000000
237 0.000000
238 0.000000
239 0.000000
240 0.000000
241 0.000000
242 0.000000
243 0.000000
244 0.000000
245 0.000000
246 0.000000
247 0.000000
248 0.000000
249 0.000000
250 0.000000
251 0.000002
252 0.000953
253 0.000695
254 0.000650
255 0.000623
256 0.000466
257 0.000000
258 0.000000
259 0.000000
260 0.000000
261 0.000000
262 0.000000
263 0.000000
264 0.000000
265 0.000000
266 0.000000
267 0.000000
268 0.000000
269 0.000000
270 0.000000
271 0.000000
272 0.000000
273 0.000000
274 0.000000
275 0.000000
276 0.000000
277 0.000000
278 0.000000
279 0.000000
280 0.000628
281 0.000625
282 0.000717
283 0.000547
284 0.000530
285 0.000000
286 0.000000
287 0.000000
288 0.000000
289 0.000000
290 0.000000
291 0.000000
292 0.000000
293 0.000000
294 0.000000
295 0.000000
296 0.000000
297 0.000000
298 0.000000
299 0.000000
300 0.000000
301 0.000000
302 0.000000
303 0.000000
304 0.000000
305 0.000000
306 0.000000
307 0.000000
308 0.000880
309 0.000748
310 0.000526
311 0.000438
312 0.000016
313 0.000000
314 0.000000
315 0.000000
316 0.000000
317 0.000000
318 0.000000
319 0.000000
320 0.000000
321 0.000000
322 0.000000
323 0.000000
324 0.000000
325 0.000000
326 0.000000
327 0.000000
328 0.000000
329 0.000000
330 0.000000
331 0.000000
332 0.000000
333 0.000000
334 0.000000
335 0.000000
336 0.000840
337 0.000630
338 0.000561
339 0.000365
340 0.000001
341 0.000000
342 0.000000
343 0.000000
344 0.000000
345 0.000000
346 0.000000
347 0.000000
348 0.000000
349 0.000000
350 0.000000
351 0.000000
352 0.000000
353 0.000000
354 0.000000
355 0.000000
356 0.000000
357 0.000000
358 0.000000
359 0.000000
360 0.000000
361 0.000000
362 0.000000
363 0.000000
364 0.000673
365 0.000686
366 0.000592
367 0.000355
368 0.000000
369 0.000000
370 0.000000
371 0.000000
372 0.000000
373 0.000000
374 0.000000
375 0.000000
376 0.000000
377 0.000000
378 0.000000
379 0.000000
380 0.000000
381 0.000000
382 0.000000
383 0.000000
384 0.000000
385 0.000000
386 0.000000
387 0.000000
388 0.000000
389 0.000000
390 0.000000
391 0.000000
392 0.000436
393 0.000403
394 0.000382
395 0.000009
396 0.000000
397 0.000000
398 0.000000
399 0.000000
400 0.000000
401 0.000000
402 0.000000
403 0.000000
404 0.000000
405 0.000000
406 0.000000
407 0.000000
408 0.000000
409 0.000000
410 0.000000
411 0.000000
412 0.000000
413 0.000000
414 0.000000
415 0.000000
416 0.000000
417 0.000000
418 0.000000
419 0.000000
420 0.000394
421 0.000223
422 0.000225
423 0.000000
424 0.000000
425 0.000000
426 0.000000
427 0.000000
428 0.000000
429 0.000000
430 0.000000
431 0.000000
432 0.000000
433 0.000000
434 0.000000
435 0.000000
436 0.000000
437 0.000000
438 0.000000
439 0.000000
440 0.000000
441 0.000000
442 0.000000
443 0.000000
444 0.000000
445 0.000000
446 0.000000
447 0.000000
448 0.000392
449 0.000196
450 0.000162
451 0.000000
452 0.000000
453 0.000000
454 0.000000
455 0.000000
456 0.000000
457 0.000000
458 0.000000
459 0.000000
460 0.000000
461 0.000000
462 0.000000
463 0.000000
464 0.000000
465 0.000000
466 0.000000
467 0.000004
468 0.000005
469 0.000000
470 0.000000
471 0.000000
472 0.000000
473 0.000000
474 0.000000
475 0.000001
476 0.001871
477 0.000809
478 0.000034
479 0.000000
480 0.000000
481 0.000000
482 0.000000
483 0.000000
484 0.000000
485 0.000000
486 0.000000
487 0.000000
488 0.000000
489 0.000000
490 0.000000
491 0.000000
492 0.000000
493 0.000000
494 0.000000
495 0.000000
496 0.999999
497 0.000287
498 0.000000
499 0.000000
500 0.000000
501 0.000000
502 0.000000
503 0.000000
504 0.012935
505 0.006424
506 0.000010
507 0.000000
508 0.000000
509 0.000000
510 0.000000
511 0.000000
512 0.000000
513 0.000000
514 0.000000
515 0.000000
516 0.000000
517 0.000000
518 0.000000
519 0.000000
520 0.000000
521 0.000000
522 0.000000
523 0.000000
524 0.000003
525 0.856869
526 0.000127
527 0.000000
528 0.000000
529 0.000000
530 0.000000
531 0.000000
532 0.012948
533 0.013002
534 0.000009
535 0.000000
536 0.000000
537 0.000000
538 0.000000
539 0.000000
540 0.000000
541 0.000000
542 0.000000
543 0.000000
544 0.000000
545 0.000000
546 0.000000
547 0.000000
548 0.000000
549 0.000000
550 0.000000
551 0.000000
552 0.000000
553 0.000001
554 0.008230
555 0.000018
556 0.000000
557 0.000000
558 0.000004
559 0.000001
560 0.012760
561 0.012784
562 0.000007
563 0.000000
564 0.000000
565 0.000000
566 0.000000
567 0.000000
568 0.000000
569 0.000000
570 0.000000
571 0.000000
572 0.000000
573 0.000000
574 0.000000
575 0.000000
576 0.000000
577 0.000000
578 0.000000
579 0.000000
580 0.000000
581 0.000000
582 0.000002
583 0.000334
584 0.000079
585 0.000921
586 0.000065
587 0.000013
588 0.012582
589 0.012736
590 0.000125
591 0.000001
592 0.000000
593 0.000000
594 0.000000
595 0.000000
596 0.000000
597 0.000000
598 0.000000
599 0.000000
600 0.000000
601 0.000000
602 0.000000
603 0.000000
604 0.000000
605 0.000000
606 0.000000
607 0.000000
608 0.000000
609 0.000000
610 0.000000
611 0.000029
612 0.001950
613 0.010001
614 0.002026
615 0.000250
616 0.012499
617 0.012573
618 0.012734
619 0.000269
620 0.000001
621 0.000000
622 0.000000
623 0.000000
624 0.000000
625 0.000000
626 0.000000
627 0.000000
628 0.000000
629 0.000000
630 0.000000
631 0.000000
632 0.000000
633 0.000000
634 0.000000
635 0.000000
636 0.000000
637 0.000000
638 0.000000
639 0.000009
640 0.000115
641 0.002062
642 0.000000
643 0.000000
644 0.012458
645 0.012495
646 0.012531
647 0.012691
648 0.002270
649 0.000003
650 0.000000
651 0.000001
652 0.000002
653 0.000010
654 0.000000
655 0.000000
656 0.000000
657 0.000000
658 0.000000
659 0.000000
660 0.000000
661 0.000000
662 0.000000
663 0.000000
664 0.000000
665 0.000000
666 0.000000
667 0.000001
668 0.000012
669 0.000000
670 0.000000
671 0.000000
672 0.000000
673 0.012454
674 0.012492
675 0.012652
676 0.012572
677 0.012731
678 0.000021
679 0.000010
680 0.000036
681 0.000511
682 0.000047
683 0.000000
684 0.000000
685 0.000000
686 0.000000
687 0.000000
688 0.000000
689 0.000000
690 0.000000
691 0.000000
692 0.000000
693 0.000000
694 0.000000
695 0.000001
696 0.000000
697 0.000000
698 0.000000
699 0.000000
700 0.000000
701 0.000000
702 0.012454
703 0.012495
704 0.012531
705 0.012564
706 0.012713
707 0.012735
708 0.012811
709 0.012981
710 0.000701
711 0.000002
712 0.000000
713 0.000000
714 0.000000
715 0.000000
716 0.000000
717 0.000000
718 0.000000
719 0.000000
720 0.000000
721 0.000000
722 0.000001
723 0.000000
724 0.000000
725 0.000000
726 0.000000
727 0.000000
728 0.000000
729 0.000000
730 0.000000
731 0.000000
732 0.012490
733 0.012515
734 0.012661
735 0.012694
736 0.012742
737 0.012927
738 0.013046
739 0.000015
740 0.000000
741 0.000000
742 0.000000
743 0.000000
744 0.000000
745 0.000000
746 0.000000
747 0.000000
748 0.000000
749 0.000001
750 0.000000
751 0.000000
752 0.000000
753 0.000000
754 0.000000
755 0.000000
756 0.000000
757 0.000000
758 0.000000
759 0.000000
760 0.000000
761 0.012467
762 0.012494
763 0.012659
764 0.012716
765 0.012794
766 0.012879
767 0.000155
768 0.000001
769 0.000000
770 0.000000
771 0.000000
772 0.000000
773 0.000000
774 0.000000
775 0.000000
776 0.000000
777 0.000000
778 0.000000
779 0.000000
780 0.000000
781 0.000000
782 0.000000
783 0.000000
