0 0.002340
1 0.002224
2 0.001852
3 0.002011
4 0.001662
5 0.001365
6 0.001217
7 0.001150
8 0.000310
9 0.000070
10 0.000052
11 0.000043
12 0.000044
13 0.000040
14 0.000037
15 0.000038
16 0.000060
17 0.000160
18 0.001704
19 0.007322
20 0.006442
21 0.002909
22 0.002726
23 0.002498
24 0.002055
25 0.001923
26 0.002163
27 0.002247
28 0.001956
29 0.002115
30 0.001754
31 0.001662
32 0.001575
33 0.001415
34 0.001150
35 0.000791
36 0.000126
37 0.000035
38 0.000032
39 0.000033
40 0.000030
41 0.000034
42 0.000038
43 0.000045
44 0.000094
45 0.000317
46 0.000600
47 0.001602
48 0.003103
49 0.002458
50 0.000000
51 0.000000
52 0.001794
53 0.002004
54 0.001839
55 0.002163
56 0.002115
57 0.001754
58 0.001662
59 0.001575
60 0.001415
61 0.001150
62 0.001086
63 0.000368
64 0.000066
65 0.000023
66 0.000028
67 0.000022
68 0.000018
69 0.000022
70 0.000037
71 0.000071
72 0.000252
73 0.000335
74 0.000169
75 0.000338
76 0.000000
77 0.000000
78 0.000000
79 0.000000
80 0.000000
81 0.001695
82 0.002004
83 0.001839
84 0.002011
85 0.001662
86 0.001365
87 0.001217
88 0.001150
89 0.001086
90 0.000971
91 0.000152
92 0.000026
93 0.000017
94 0.000016
95 0.000016
96 0.000014
97 0.000036
98 0.000060
99 0.000178
100 0.000346
101 0.000029
102 0.000000
103 0.000000
104 0.000000
105 0.000000
106 0.000000
107 0.000000
108 0.000000
109 0.001627
110 0.001695
111 0.002004
112 0.001662
113 0.001575
114 0.001217
115 0.001150
116 0.000000
117 0.000000
118 0.000000
119 0.000000
120 0.000000
121 0.000002
122 0.000014
123 0.000014
124 0.000021
125 0.000048
126 0.000149
127 0.000002
128 0.000000
129 0.000000
130 0.000000
131 0.000000
132 0.000000
133 0.000000
134 0.000000
135 0.000000
136 0.000001
137 0.001367
138 0.001627
139 0.001929
140 0.001575
141 0.001289
142 0.001150
143 0.001086
144 0.000000
145 0.000000
146 0.000000
147 0.000000
148 0.000000
149 0.000000
150 0.000000
151 0.000000
152 0.000000
153 0.000000
154 0.000000
155 0.000000
156 0.000000
157 0.000000
158 0.000000
159 0.000000
160 0.000000
161 0.000000
162 0.000000
163 0.000000
164 0.001384
165 0.001309
166 0.001563
167 0.001627
168 0.001310
169 0.001150
170 0.001086
171 0.000971
172 0.000000
173 0.000000
174 0.000000
175 0.000000
176 0.000000
177 0.000000
178 0.000000
179 0.000000
180 0.000000
181 0.000000
182 0.000000
183 0.000000
184 0.000000
185 0.000000
186 0.000000
187 0.000000
188 0.000000
189 0.000000
190 0.000000
191 0.000000
192 0.001151
193 0.001201
194 0.001254
195 0.001727
196 0.001212
197 0.001116
198 0.000875
199 0.000777
200 0.000187
201 0.000000
202 0.000000
203 0.000000
204 0.000000
205 0.000000
206 0.000000
207 0.000000
208 0.000000
209 0.000000
210 0.000000
211 0.000000
212 0.000000
213 0.000000
214 0.000000
215 0.000000
216 0.000000
217 0.000000
218 0.000000
219 0.000000
220 0.001151
221 0.001201
222 0.001378
223 0.001654
224 0.001202
225 0.000944
226 0.000818
227 0.000740
228 0.000547
229 0.000000
230 0.000000
231 0.000000
232 0.000000
233 0.000000
234 0.000000
235 0.000000
236 0.000000
237 0.000000
238 0.000000
239 0.000000
240 0.000000
241 0.000000
242 0.000000
243 0.000000
244 0.000000
245 0.000000
246 0.000000
247 0.000003
248 0.000009
249 0.000019
250 0.000054
251 0.000127
252 0.001700
253 0.001044
254 0.000820
255 0.000267
256 0.000016
257 0.000000
258 0.000000
259 0.000000
260 0.000000
261 0.000000
262 0.000000
263 0.000000
264 0.000000
265 0.000000
266 0.000000
267 0.000000
268 0.000000
269 0.000000
270 0.000000
271 0.000000
272 0.000000
273 0.000000
274 0.000000
275 0.000001
276 0.000001
277 0.000002
278 0.000003
279 0.000006
280 0.002261
281 0.000253
282 0.000059
283 0.000005
284 0.000001
285 0.000000
286 0.000000
287 0.000000
288 0.000000
289 0.000000
290 0.000000
291 0.000000
292 0.000000
293 0.000000
294 0.000000
295 0.000000
296 0.000000
297 0.000000
298 0.000000
299 0.000000
300 0.000000
301 0.000000
302 0.000000
303 0.000001
304 0.000001
305 0.000001
306 0.000002
307 0.000002
308 0.000134
309 0.000025
310 0.000005
311 0.000001
312 0.000000
313 0.000000
314 0.000000
315 0.000000
316 0.000000
317 0.000000
318 0.000000
319 0.000000
320 0.000000
321 0.000000
322 0.000000
323 0.000000
324 0.000000
325 0.000000
326 0.000000
327 0.000000
328 0.000000
329 0.000000
330 0.000000
331 0.000000
332 0.000001
333 0.000001
334 0.000002
335 0.000003
336 0.000019
337 0.000005
338 0.000003
339 0.000002
340 0.000000
341 0.000000
342 0.000000
343 0.000000
344 0.000000
345 0.000000
346 0.000000
347 0.000000
348 0.000000
349 0.000000
350 0.000000
351 0.000000
352 0.000000
353 0.000000
354 0.000000
355 0.000000
356 0.000000
357 0.000000
358 0.000000
359 0.000000
360 0.000001
361 0.000001
362 0.000002
363 0.000004
364 0.000021
365 0.000013
366 0.000006
367 0.000003
368 0.000000
369 0.000000
370 0.000000
371 0.000000
372 0.000000
373 0.000000
374 0.000000
375 0.000000
376 0.000000
377 0.000000
378 0.000000
379 0.000000
380 0.000000
381 0.000000
382 0.000000
383 0.000000
384 0.000000
385 0.000000
386 0.000000
387 0.000000
388 0.000000
389 0.000003
390 0.000004
391 0.000007
392 0.000036
393 0.000020
394 0.000011
395 0.000001
396 0.000000
397 0.000000
398 0.000000
399 0.000001
400 0.000004
401 0.000000
402 0.000000
403 0.000000
404 0.000000
405 0.000000
406 0.000000
407 0.000000
408 0.000000
409 0.000000
410 0.000000
411 0.000000
412 0.000000
413 0.000000
414 0.000000
415 0.000000
416 0.000000
417 0.000004
418 0.000008
419 0.000011
420 0.000010
421 0.000014
422 0.000017
423 0.000001
424 0.000000
425 0.000000
426 0.000000
427 0.000051
428 0.003082
429 0.000014
430 0.000000
431 0.000000
432 0.000000
433 0.000000
434 0.000000
435 0.000000
436 0.000000
437 0.000000
438 0.000000
439 0.000000
440 0.000000
441 0.000000
442 0.000000
443 0.000000
444 0.000000
445 0.000010
446 0.000011
447 0.000012
448 0.000005
449 0.000004
450 0.000004
451 0.000000
452 0.000000
453 0.000000
454 0.000009
455 0.001244
456 0.001257
457 0.000000
458 0.000000
459 0.000000
460 0.000000
461 0.000000
462 0.000000
463 0.000000
464 0.000000
465 0.000000
466 0.000000
467 0.000000
468 0.000000
469 0.000000
470 0.000000
471 0.000000
472 0.000000
473 0.000002
474 0.000010
475 0.000015
476 0.000011
477 0.000005
478 0.000001
479 0.000000
480 0.000000
481 0.000001
482 0.000557
483 0.999998
484 0.000001
485 0.000000
486 0.000000
487 0.000000
488 0.000000
489 0.000000
490 0.000000
491 0.000000
492 0.000000
493 0.000000
494 0.000000
495 0.000000
496 0.000000
497 0.000000
498 0.000000
499 0.000000
500 0.000000
501 0.000000
502 0.000018
503 0.000023
504 0.000083
505 0.000035
506 0.000002
507 0.000000
508 0.000000
509 0.000030
510 0.002421
511 0.000002
512 0.000000
513 0.000000
514 0.000000
515 0.000000
516 0.000000
517 0.000000
518 0.000002
519 0.000002
520 0.000001
521 0.000000
522 0.000000
523 0.000000
524 0.000000
525 0.000000
526 0.000000
527 0.000000
528 0.000000
529 0.000000
530 0.000028
531 0.000044
532 0.000075
533 0.000247
534 0.000014
535 0.000001
536 0.000045
537 0.000853
538 0.000003
539 0.000000
540 0.000000
541 0.000000
542 0.000000
543 0.000000
544 0.000000
545 0.000000
546 0.001032
547 0.098744
548 0.000158
549 0.000000
550 0.000000
551 0.000000
552 0.000000
553 0.000000
554 0.000000
555 0.000000
556 0.000000
557 0.000000
558 0.000044
559 0.000047
560 0.000547
561 0.001614
562 0.000091
563 0.000017
564 0.000431
565 0.000209
566 0.000001
567 0.000000
568 0.000000
569 0.000000
570 0.000000
571 0.000000
572 0.000000
573 0.000000
574 0.000004
575 0.999999
576 0.007649
577 0.000000
578 0.000000
579 0.000000
580 0.000000
581 0.000000
582 0.000000
583 0.000000
584 0.000000
585 0.000044
586 0.000047
587 0.000063
588 0.002444
589 0.008131
590 0.001374
591 0.000160
592 0.000133
593 0.000002
594 0.000000
595 0.000000
596 0.000000
597 0.000000
598 0.000000
599 0.000000
600 0.000000
601 0.000000
602 0.000000
603 0.000001
604 0.000001
605 0.000001
606 0.000003
607 0.000016
608 0.000001
609 0.000000
610 0.000000
611 0.000000
612 0.000041
613 0.000044
614 0.000059
615 0.000063
616 0.012187
617 0.010004
618 0.010003
619 0.001189
620 0.000026
621 0.000000
622 0.000000
623 0.000000
624 0.000001
625 0.000000
626 0.000000
627 0.000000
628 0.000000
629 0.000000
630 0.000000
631 0.000000
632 0.000000
633 0.000000
634 0.000000
635 0.000694
636 0.000017
637 0.000001
638 0.000000
639 0.000041
640 0.000044
641 0.000059
642 0.000000
643 0.000000
644 0.010004
645 0.010003
646 0.002721
647 0.000583
648 0.000088
649 0.000001
650 0.000001
651 0.000004
652 0.000008
653 0.000002
654 0.000000
655 0.000000
656 0.000000
657 0.000002
658 0.000011
659 0.000000
660 0.000000
661 0.000000
662 0.000001
663 0.000001
664 0.000001
665 0.000006
666 0.000041
667 0.000055
668 0.000059
669 0.000000
670 0.000000
671 0.000000
672 0.000000
673 0.002870
674 0.000860
675 0.000207
676 0.000148
677 0.000105
678 0.000003
679 0.000004
680 0.000008
681 0.000014
682 0.000002
683 0.000001
684 0.000001
685 0.000010
686 0.000008
687 0.000001
688 0.000000
689 0.000022
690 0.001368
691 0.000145
692 0.000065
693 0.000158
694 0.000063
695 0.000059
696 0.000000
697 0.000000
698 0.000000
699 0.000000
700 0.000000
701 0.000000
702 0.000309
703 0.000172
704 0.000159
705 0.000148
706 0.000105
707 0.000097
708 0.000083
709 0.000058
710 0.000016
711 0.000004
712 0.000006
713 0.000009
714 0.000004
715 0.000000
716 0.000000
717 0.000017
718 0.006134
719 0.009596
720 0.001972
721 0.000525
722 0.000179
723 0.000000
724 0.000000
725 0.000000
726 0.000000
727 0.000000
728 0.000000
729 0.000000
730 0.000000
731 0.000000
732 0.000172
733 0.000159
734 0.000114
735 0.000105
736 0.000097
737 0.000076
738 0.000281
739 0.000049
740 0.000027
741 0.000015
742 0.000001
743 0.000000
744 0.000000
745 0.000023
746 0.001156
747 0.010004
748 0.009312
749 0.002119
750 0.000000
751 0.000000
752 0.000000
753 0.000000
754 0.000000
755 0.000000
756 0.000000
757 0.000000
758 0.000000
759 0.000000
760 0.000000
761 0.000172
762 0.000159
763 0.000114
764 0.000108
765 0.000191
766 0.001078
767 0.000637
768 0.000062
769 0.000010
770 0.000001
771 0.000000
772 0.000001
773 0.000037
774 0.000404
775 0.002667
776 0.010004
777 0.000002
778 0.000056
779 0.000010
780 0.000000
781 0.000000
782 0.000000
783 0.000000
