0 0.001491
1 0.001395
2 0.001097
3 0.001222
4 0.000952
5 0.000735
6 0.000632
7 0.000587
8 0.000080
9 0.000011
10 0.000008
11 0.000016
12 0.000046
13 0.000139
14 0.000149
15 0.000140
16 0.000083
17 0.000107
18 0.001428
19 0.006676
20 0.004180
21 0.001697
22 0.001258
23 0.000952
24 0.000778
25 0.000825
26 0.001038
27 0.001715
28 0.001179
29 0.001306
30 0.001022
31 0.000952
32 0.000887
33 0.000770
34 0.000587
35 0.000314
36 0.000024
37 0.000005
38 0.000005
39 0.000006
40 0.000016
41 0.000079
42 0.000148
43 0.000458
44 0.000545
45 0.000428
46 0.000274
47 0.000667
48 0.001677
49 0.001056
50 0.000001
51 0.000001
52 0.000734
53 0.000931
54 0.001539
55 0.003117
56 0.001306
57 0.001022
58 0.000952
59 0.000887
60 0.000770
61 0.000587
62 0.000545
63 0.000104
64 0.000010
65 0.000004
66 0.000004
67 0.000003
68 0.000005
69 0.000020
70 0.000191
71 0.001239
72 0.004647
73 0.000843
74 0.000044
75 0.000086
76 0.000005
77 0.000001
78 0.000001
79 0.000001
80 0.000001
81 0.001415
82 0.002967
83 0.004962
84 0.001222
85 0.000952
86 0.000735
87 0.000632
88 0.000587
89 0.000545
90 0.000470
91 0.000031
92 0.000004
93 0.000003
94 0.000003
95 0.000003
96 0.000002
97 0.000010
98 0.000143
99 0.006979
100 0.020698
101 0.000411
102 0.000001
103 0.000001
104 0.000001
105 0.000001
106 0.000001
107 0.000001
108 0.000003
109 0.002757
110 0.004862
111 0.007259
112 0.000952
113 0.000887
114 0.000632
115 0.000587
116 0.000001
117 0.000001
118 0.000001
119 0.000001
120 0.000001
121 0.000001
122 0.000002
123 0.000002
124 0.000002
125 0.000005
126 0.000278
127 0.001098
128 0.000089
129 0.000001
130 0.000001
131 0.000001
132 0.000001
133 0.000001
134 0.000001
135 0.000006
136 0.000101
137 0.004643
138 0.007070
139 0.006002
140 0.000887
141 0.000682
142 0.000587
143 0.000545
144 0.000001
145 0.000001
146 0.000001
147 0.000001
148 0.000001
149 0.000001
150 0.000001
151 0.000001
152 0.000001
153 0.000001
154 0.000004
155 0.000003
156 0.000001
157 0.000001
158 0.000001
159 0.000001
160 0.000001
161 0.000003
162 0.000003
163 0.000003
164 0.005706
165 0.006885
166 0.004756
167 0.002750
168 0.000682
169 0.000587
170 0.000545
171 0.000470
172 0.000002
173 0.000001
174 0.000001
175 0.000001
176 0.000001
177 0.000001
178 0.000001
179 0.000001
180 0.000001
181 0.000001
182 0.000001
183 0.000001
184 0.000001
185 0.000001
186 0.000001
187 0.000001
188 0.000002
189 0.000003
190 0.000004
191 0.000007
192 0.006885
193 0.003653
194 0.001697
195 0.001240
196 0.000991
197 0.000545
198 0.000411
199 0.000351
200 0.000060
201 0.000001
202 0.000001
203 0.000001
204 0.000001
205 0.000001
206 0.000001
207 0.000001
208 0.000001
209 0.000001
210 0.000001
211 0.000001
212 0.000001
213 0.000001
214 0.000001
215 0.000002
216 0.000002
217 0.000002
218 0.000002
219 0.000144
220 0.003067
221 0.001393
222 0.000937
223 0.000706
224 0.002682
225 0.001056
226 0.000435
227 0.000325
228 0.000222
229 0.000002
230 0.000001
231 0.000001
232 0.000001
233 0.000001
234 0.000001
235 0.000001
236 0.000001
237 0.000001
238 0.000001
239 0.000001
240 0.000001
241 0.000001
242 0.000002
243 0.000004
244 0.000003
245 0.000001
246 0.000001
247 0.000026
248 0.000030
249 0.000032
250 0.000060
251 0.000117
252 0.008233
253 0.002942
254 0.001367
255 0.000325
256 0.000049
257 0.000002
258 0.000001
259 0.000001
260 0.000001
261 0.000001
262 0.000001
263 0.000001
264 0.000001
265 0.000001
266 0.000001
267 0.000001
268 0.000001
269 0.000002
270 0.000018
271 0.000062
272 0.000002
273 0.000001
274 0.000001
275 0.000002
276 0.000002
277 0.000003
278 0.000005
279 0.000009
280 0.010019
281 0.005300
282 0.001297
283 0.000187
284 0.000041
285 0.000001
286 0.000002
287 0.000001
288 0.000001
289 0.000001
290 0.000001
291 0.000001
292 0.000001
293 0.000001
294 0.000001
295 0.000001
296 0.000001
297 0.000004
298 0.000167
299 0.999964
300 0.000003
301 0.000001
302 0.000001
303 0.000006
304 0.000004
305 0.000003
306 0.000003
307 0.000003
308 0.002711
309 0.001677
310 0.001086
311 0.000348
312 0.000008
313 0.000001
314 0.000002
315 0.000001
316 0.000001
317 0.000001
318 0.000001
319 0.000001
320 0.000001
321 0.000001
322 0.000001
323 0.000001
324 0.000001
325 0.000003
326 0.000008
327 0.000009
328 0.000003
329 0.000002
330 0.000002
331 0.000005
332 0.000037
333 0.000020
334 0.000013
335 0.000012
336 0.000367
337 0.000534
338 0.000694
339 0.000592
340 0.000006
341 0.000001
342 0.000001
343 0.000002
344 0.000001
345 0.000001
346 0.000001
347 0.000001
348 0.000001
349 0.000001
350 0.000001
351 0.000001
352 0.000001
353 0.000002
354 0.000001
355 0.000001
356 0.000002
357 0.000002
358 0.000002
359 0.000002
360 0.000186
361 0.000155
362 0.000112
363 0.000053
364 0.000068
365 0.000121
366 0.000159
367 0.000237
368 0.000002
369 0.000001
370 0.000001
371 0.000003
372 0.000004
373 0.000002
374 0.000001
375 0.000001
376 0.000001
377 0.000001
378 0.000001
379 0.000001
380 0.000002
381 0.000001
382 0.000001
383 0.000001
384 0.000001
385 0.000002
386 0.000001
387 0.000001
388 0.000008
389 0.000139
390 0.000211
391 0.000293
392 0.000019
393 0.000014
394 0.000015
395 0.000003
396 0.000001
397 0.000001
398 0.000001
399 0.000005
400 0.000047
401 0.000006
402 0.000001
403 0.000001
404 0.000001
405 0.000001
406 0.000001
407 0.000001
408 0.000001
409 0.000001
410 0.000001
411 0.000001
412 0.000001
413 0.000002
414 0.000001
415 0.000001
416 0.000001
417 0.000020
418 0.000051
419 0.000121
420 0.000014
421 0.000007
422 0.000005
423 0.000001
424 0.000001
425 0.000001
426 0.000001
427 0.000013
428 0.999977
429 0.000011
430 0.000001
431 0.000001
432 0.000001
433 0.000001
434 0.000001
435 0.000001
436 0.000001
437 0.000001
438 0.000001
439 0.000001
440 0.000001
441 0.000001
442 0.000002
443 0.000001
444 0.000001
445 0.000004
446 0.000010
447 0.000025
448 0.000019
449 0.000007
450 0.000005
451 0.000001
452 0.000001
453 0.000001
454 0.000002
455 0.000008
456 0.000017
457 0.000005
458 0.000002
459 0.000001
460 0.000001
461 0.000001
462 0.000001
463 0.000001
464 0.000001
465 0.000001
466 0.000001
467 0.000001
468 0.000001
469 0.000001
470 0.000001
471 0.000001
472 0.000001
473 0.000001
474 0.000003
475 0.000010
476 0.000120
477 0.000042
478 0.000005
479 0.000001
480 0.000001
481 0.000001
482 0.000003
483 0.000003
484 0.000002
485 0.000002
486 0.000002
487 0.000001
488 0.000001
489 0.000001
490 0.000001
491 0.000001
492 0.000001
493 0.000001
494 0.000001
495 0.000001
496 0.000001
497 0.000001
498 0.000001
499 0.000001
500 0.000001
501 0.000001
502 0.000008
503 0.000018
504 0.001330
505 0.000818
506 0.000009
507 0.000001
508 0.000001
509 0.000002
510 0.000002
511 0.000001
512 0.000001
513 0.000002
514 0.000002
515 0.000001
516 0.000001
517 0.000001
518 0.000001
519 0.000001
520 0.000001
521 0.000001
522 0.000001
523 0.000001
524 0.000001
525 0.000001
526 0.000001
527 0.000001
528 0.000001
529 0.000001
530 0.000047
531 0.000143
532 0.002155
533 0.003438
534 0.000024
535 0.000001
536 0.000002
537 0.000003
538 0.000002
539 0.000001
540 0.000001
541 0.000001
542 0.000002
543 0.000001
544 0.000001
545 0.000001
546 0.000001
547 0.000001
548 0.000001
549 0.000001
550 0.000001
551 0.000001
552 0.000001
553 0.000001
554 0.000001
555 0.000001
556 0.000001
557 0.000001
558 0.000143
559 0.000153
560 0.004721
561 0.007930
562 0.000034
563 0.000002
564 0.000004
565 0.000003
566 0.000001
567 0.000001
568 0.000001
569 0.000001
570 0.000001
571 0.000001
572 0.000001
573 0.000001
574 0.000001
575 0.000001
576 0.000001
577 0.000001
578 0.000001
579 0.000001
580 0.000001
581 0.000001
582 0.000001
583 0.000001
584 0.000001
585 0.000143
586 0.000153
587 0.000204
588 0.008971
589 0.010012
590 0.000312
591 0.000006
592 0.000004
593 0.000001
594 0.000001
595 0.000001
596 0.000001
597 0.000001
598 0.000001
599 0.000002
600 0.000001
601 0.000001
602 0.000001
603 0.000001
604 0.000001
605 0.000001
606 0.000001
607 0.000001
608 0.000001
609 0.000001
610 0.000001
611 0.000001
612 0.000133
613 0.000143
614 0.000191
615 0.000204
616 0.010010
617 0.008766
618 0.004530
619 0.000166
620 0.000004
621 0.000001
622 0.000001
623 0.000001
624 0.000001
625 0.000001
626 0.000002
627 0.000003
628 0.000002
629 0.000001
630 0.000001
631 0.000001
632 0.000001
633 0.000001
634 0.000001
635 0.000001
636 0.000001
637 0.000001
638 0.000001
639 0.000133
640 0.000143
641 0.000191
642 0.000001
643 0.000001
644 0.008838
645 0.005363
646 0.002873
647 0.001540
648 0.000517
649 0.000003
650 0.000001
651 0.000001
652 0.000001
653 0.000003
654 0.000010
655 0.000059
656 0.000596
657 0.000660
658 0.000058
659 0.000001
660 0.000001
661 0.000001
662 0.000001
663 0.000001
664 0.000001
665 0.000001
666 0.000133
667 0.000179
668 0.000191
669 0.000001
670 0.000001
671 0.000001
672 0.000001
673 0.003023
674 0.001856
675 0.001597
676 0.001733
677 0.001486
678 0.000019
679 0.000023
680 0.000124
681 0.000792
682 0.010029
683 0.010038
684 0.010038
685 0.002440
686 0.000118
687 0.000006
688 0.000002
689 0.000011
690 0.000005
691 0.000003
692 0.000008
693 0.000124
694 0.000143
695 0.000191
696 0.000001
697 0.000001
698 0.000001
699 0.000001
700 0.000001
701 0.000001
702 0.001922
703 0.001856
704 0.001794
705 0.002071
706 0.005710
707 0.012065
708 0.015178
709 0.010024
710 0.010019
711 0.010022
712 0.010025
713 0.005516
714 0.000256
715 0.000013
716 0.000005
717 0.000015
718 0.000086
719 0.000092
720 0.000099
721 0.000133
722 0.000179
723 0.000001
724 0.000001
725 0.000001
726 0.000001
727 0.000001
728 0.000001
729 0.000001
730 0.000001
731 0.000001
732 0.001910
733 0.006094
734 0.009696
735 0.017827
736 0.010021
737 0.010019
738 0.010012
739 0.010009
740 0.010015
741 0.005403
742 0.000421
743 0.000035
744 0.000015
745 0.000035
746 0.000092
747 0.000124
748 0.000133
749 0.000179
750 0.000001
751 0.000001
752 0.000001
753 0.000001
754 0.000001
755 0.000001
756 0.000001
757 0.000001
758 0.000001
759 0.000001
760 0.000001
761 0.008996
762 0.016400
763 0.010019
764 0.010020
765 0.010013
766 0.010004
767 0.010000
768 0.010009
769 0.003582
770 0.000743
771 0.000100
772 0.000054
773 0.000078
774 0.000092
775 0.000106
776 0.000143
777 0.000001
778 0.000003
779 0.000002
780 0.000001
781 0.000001
782 0.000001
783 0.000001
