0 0.008023
1 0.007662
2 0.007497
3 0.008545
4 0.007217
5 0.004518
6 0.002632
7 0.001711
8 0.000380
9 0.000079
10 0.001068
11 0.003415
12 0.002130
13 0.000631
14 0.000280
15 0.000105
16 0.000044
17 0.000027
18 0.000111
19 0.000479
20 0.001144
21 0.001198
22 0.001459
23 0.001524
24 0.001377
25 0.001458
26 0.001780
27 0.002389
28 0.008631
29 0.008024
30 0.007480
31 0.007498
32 0.009224
33 0.007972
34 0.004966
35 0.001579
36 0.000152
37 0.000108
38 0.001136
39 0.005178
40 0.000698
41 0.000479
42 0.000151
43 0.000052
44 0.000025
45 0.000027
46 0.000045
47 0.000270
48 0.000932
49 0.001144
50 0.000060
51 0.000000
52 0.001328
53 0.001647
54 0.002131
55 0.003449
56 0.009521
57 0.008631
58 0.008025
59 0.007481
60 0.007499
61 0.010477
62 0.008420
63 0.002006
64 0.000138
65 0.000425
66 0.002127
67 0.002648
68 0.000532
69 0.000177
70 0.000063
71 0.000024
72 0.000021
73 0.000019
74 0.000022
75 0.000105
76 0.000067
77 0.000001
78 0.000000
79 0.000000
80 0.000000
81 0.002030
82 0.003329
83 0.004410
84 0.010004
85 0.009522
86 0.008632
87 0.007838
88 0.007308
89 0.007325
90 0.011873
91 0.001499
92 0.000254
93 0.001108
94 0.003666
95 0.000664
96 0.000388
97 0.000101
98 0.000034
99 0.000016
100 0.000017
101 0.000007
102 0.000001
103 0.000001
104 0.000000
105 0.000000
106 0.000000
107 0.000000
108 0.000001
109 0.003257
110 0.004375
111 0.005915
112 0.008812
113 0.010004
114 0.009523
115 0.008633
116 0.000000
117 0.000000
118 0.000000
119 0.000000
120 0.000014
121 0.003815
122 0.006990
123 0.000733
124 0.000147
125 0.000043
126 0.000014
127 0.000002
128 0.000002
129 0.000001
130 0.000000
131 0.000000
132 0.000000
133 0.000000
134 0.000000
135 0.000001
136 0.000080
137 0.004289
138 0.005666
139 0.005913
140 0.005252
141 0.007645
142 0.010004
143 0.009761
144 0.000006
145 0.000001
146 0.000000
147 0.000000
148 0.000000
149 0.000001
150 0.000003
151 0.000002
152 0.000002
153 0.000001
154 0.000001
155 0.000001
156 0.000001
157 0.000000
158 0.000000
159 0.000000
160 0.000000
161 0.000001
162 0.000001
163 0.000001
164 0.005069
165 0.005429
166 0.005664
167 0.005661
168 0.003119
169 0.004317
170 0.006458
171 0.010005
172 0.000234
173 0.000038
174 0.000001
175 0.000000
176 0.000000
177 0.000000
178 0.000000
179 0.000000
180 0.000000
181 0.000000
182 0.000000
183 0.000000
184 0.000000
185 0.000000
186 0.000000
187 0.000000
188 0.000000
189 0.000001
190 0.000001
191 0.000002
192 0.005429
193 0.005426
194 0.004168
195 0.003332
196 0.002668
197 0.002689
198 0.003097
199 0.005337
200 0.000193
201 0.000235
202 0.000145
203 0.000002
204 0.000001
205 0.000001
206 0.000000
207 0.000000
208 0.000000
209 0.000000
210 0.000000
211 0.000000
212 0.000000
213 0.000000
214 0.000000
215 0.000000
216 0.000001
217 0.000001
218 0.000001
219 0.000157
220 0.005731
221 0.003773
222 0.002813
223 0.002055
224 0.003894
225 0.002598
226 0.002194
227 0.002669
228 0.003668
229 0.000040
230 0.000003
231 0.000108
232 0.000160
233 0.000003
234 0.000001
235 0.000000
236 0.000000
237 0.000000
238 0.000000
239 0.000000
240 0.000000
241 0.000000
242 0.000000
243 0.000000
244 0.000001
245 0.000000
246 0.000000
247 0.000451
248 0.000423
249 0.000396
250 0.000433
251 0.000433
252 0.004631
253 0.003951
254 0.002939
255 0.001417
256 0.000797
257 0.000001
258 0.000007
259 0.015033
260 0.004364
261 0.000348
262 0.000002
263 0.000001
264 0.000000
265 0.000000
266 0.000000
267 0.000000
268 0.000000
269 0.000000
270 0.000000
271 0.000001
272 0.000000
273 0.000000
274 0.000000
275 0.000050
276 0.000047
277 0.000047
278 0.000055
279 0.000094
280 0.004437
281 0.002142
282 0.001920
283 0.004990
284 0.002930
285 0.000006
286 0.000004
287 0.003415
288 0.999988
289 0.000036
290 0.000002
291 0.000001
292 0.000000
293 0.000000
294 0.000000
295 0.000000
296 0.000000
297 0.000000
298 0.000001
299 0.000001
300 0.000000
301 0.000000
302 0.000000
303 0.000029
304 0.000022
305 0.000026
306 0.000034
307 0.000062
308 0.002792
309 0.009930
310 0.008327
311 0.007391
312 0.001543
313 0.000081
314 0.000001
315 0.000047
316 0.000525
317 0.000003
318 0.000001
319 0.000001
320 0.000001
321 0.000001
322 0.000000
323 0.000000
324 0.000001
325 0.000001
326 0.000001
327 0.000000
328 0.000000
329 0.000000
330 0.000000
331 0.000003
332 0.000019
333 0.000033
334 0.000059
335 0.000133
336 0.007401
337 0.010108
338 0.017925
339 0.015863
340 0.000118
341 0.000071
342 0.000002
343 0.000002
344 0.000002
345 0.000001
346 0.000001
347 0.000000
348 0.000001
349 0.000001
350 0.000001
351 0.000002
352 0.000003
353 0.000002
354 0.000001
355 0.000000
356 0.000000
357 0.000000
358 0.000000
359 0.000001
360 0.000035
361 0.000070
362 0.000146
363 0.000233
364 0.007731
365 0.006363
366 0.002762
367 0.003621
368 0.000013
369 0.000008
370 0.000014
371 0.000001
372 0.000001
373 0.000001
374 0.000001
375 0.000000
376 0.000000
377 0.000001
378 0.000008
379 0.000311
380 0.000463
381 0.000003
382 0.000001
383 0.000000
384 0.000000
385 0.000000
386 0.000000
387 0.000000
388 0.000026
389 0.000185
390 0.000223
391 0.000258
392 0.000686
393 0.000769
394 0.000850
395 0.000076
396 0.000002
397 0.000002
398 0.000006
399 0.000000
400 0.000000
401 0.000001
402 0.000001
403 0.000001
404 0.000001
405 0.000002
406 0.000119
407 0.999969
408 0.000878
409 0.000007
410 0.000001
411 0.000000
412 0.000000
413 0.000000
414 0.000000
415 0.000000
416 0.000007
417 0.000206
418 0.000248
419 0.000285
420 0.000694
421 0.000261
422 0.000116
423 0.000002
424 0.000001
425 0.000001
426 0.000001
427 0.000000
428 0.000000
429 0.000001
430 0.000001
431 0.000001
432 0.000001
433 0.000005
434 0.000209
435 0.000134
436 0.000116
437 0.000006
438 0.000001
439 0.000000
440 0.000000
441 0.000000
442 0.000000
443 0.000000
444 0.000001
445 0.000340
446 0.000214
447 0.000149
448 0.000332
449 0.000094
450 0.000033
451 0.000000
452 0.000000
453 0.000001
454 0.000000
455 0.000000
456 0.000000
457 0.000000
458 0.000001
459 0.000004
460 0.000005
461 0.000017
462 0.000005
463 0.000002
464 0.000005
465 0.000008
466 0.000002
467 0.000001
468 0.000001
469 0.000001
470 0.000001
471 0.000000
472 0.000001
473 0.000032
474 0.000085
475 0.000102
476 0.000441
477 0.000120
478 0.000013
479 0.000000
480 0.000001
481 0.000000
482 0.000000
483 0.000000
484 0.000000
485 0.000000
486 0.000001
487 0.000138
488 0.000046
489 0.000010
490 0.000002
491 0.000002
492 0.000003
493 0.000003
494 0.000002
495 0.000003
496 0.000003
497 0.000001
498 0.000000
499 0.000000
500 0.000000
501 0.000003
502 0.000083
503 0.000167
504 0.001017
505 0.000545
506 0.000010
507 0.000001
508 0.000001
509 0.000000
510 0.000000
511 0.000000
512 0.000000
513 0.000000
514 0.000001
515 0.000006
516 0.000014
517 0.000011
518 0.000017
519 0.000027
520 0.000017
521 0.000002
522 0.000001
523 0.000003
524 0.000005
525 0.000001
526 0.000000
527 0.000000
528 0.000000
529 0.000004
530 0.000491
531 0.000966
532 0.000963
533 0.000883
534 0.000009
535 0.000001
536 0.000001
537 0.000000
538 0.000000
539 0.000000
540 0.000000
541 0.000000
542 0.000001
543 0.000001
544 0.000004
545 0.000004
546 0.000066
547 0.999962
548 0.000312
549 0.000003
550 0.000001
551 0.000001
552 0.000002
553 0.000001
554 0.000001
555 0.000001
556 0.000002
557 0.000053
558 0.001968
559 0.001432
560 0.001150
561 0.001103
562 0.000010
563 0.000001
564 0.000001
565 0.000000
566 0.000000
567 0.000000
568 0.000001
569 0.000000
570 0.000001
571 0.000002
572 0.000003
573 0.000006
574 0.000005
575 0.000008
576 0.000007
577 0.000002
578 0.000001
579 0.000001
580 0.000001
581 0.000004
582 0.000006
583 0.000005
584 0.000061
585 0.006127
586 0.003868
587 0.002635
588 0.001368
589 0.001150
590 0.000080
591 0.000001
592 0.000001
593 0.000000
594 0.000001
595 0.000001
596 0.000002
597 0.000003
598 0.000002
599 0.000008
600 0.000010
601 0.000003
602 0.000001
603 0.000001
604 0.000001
605 0.000001
606 0.000009
607 0.000103
608 0.000027
609 0.000008
610 0.000013
611 0.000143
612 0.009567
613 0.008319
614 0.007021
615 0.005107
616 0.001479
617 0.001368
618 0.001150
619 0.000124
620 0.000003
621 0.000001
622 0.000001
623 0.000007
624 0.000037
625 0.000082
626 0.000010
627 0.000002
628 0.000044
629 0.000072
630 0.000011
631 0.000001
632 0.000000
633 0.000000
634 0.000001
635 0.000043
636 0.000227
637 0.000169
638 0.000336
639 0.010010
640 0.010010
641 0.010006
642 0.000000
643 0.000000
644 0.001538
645 0.001479
646 0.001423
647 0.001198
648 0.000449
649 0.000037
650 0.000025
651 0.000035
652 0.000113
653 0.000043
654 0.000014
655 0.000007
656 0.000490
657 0.082841
658 0.109745
659 0.000135
660 0.000003
661 0.000002
662 0.000003
663 0.000006
664 0.000027
665 0.000435
666 0.007671
667 0.007715
668 0.010009
669 0.000000
670 0.000001
671 0.000000
672 0.000000
673 0.001538
674 0.001479
675 0.001249
676 0.001374
677 0.002298
678 0.000737
679 0.000155
680 0.000287
681 0.001136
682 0.002240
683 0.000494
684 0.000987
685 0.046867
686 0.035747
687 0.004650
688 0.000268
689 0.001126
690 0.001930
691 0.000882
692 0.002002
693 0.007652
694 0.007710
695 0.007753
696 0.000000
697 0.000000
698 0.000000
699 0.000000
700 0.000000
701 0.000000
702 0.001539
703 0.001480
704 0.002434
705 0.004793
706 0.008616
707 0.010018
708 0.010018
709 0.007188
710 0.004106
711 0.000989
712 0.000483
713 0.007491
714 0.013652
715 0.006117
716 0.001165
717 0.002127
718 0.010003
719 0.010001
720 0.010000
721 0.010000
722 0.007709
723 0.000000
724 0.000001
725 0.000001
726 0.000000
727 0.000000
728 0.000000
729 0.000000
730 0.000000
731 0.000000
732 0.004302
733 0.008668
734 0.010014
735 0.010019
736 0.010009
737 0.007272
738 0.007182
739 0.002392
740 0.000725
741 0.000755
742 0.005272
743 0.004507
744 0.005348
745 0.003844
746 0.010005
747 0.010002
748 0.010000
749 0.010000
750 0.000001
751 0.000001
752 0.000001
753 0.000001
754 0.000001
755 0.000000
756 0.000000
757 0.000000
758 0.000001
759 0.000001
760 0.000000
761 0.010011
762 0.010016
763 0.010012
764 0.007365
765 0.007314
766 0.007276
767 0.004161
768 0.001033
769 0.000193
770 0.000991
771 0.003536
772 0.019150
773 0.013959
774 0.010006
775 0.010004
776 0.010001
777 0.000001
778 0.000557
779 0.000344
780 0.000002
781 0.000001
782 0.000001
783 0.000000
