0 0.010036
1 0.010039
2 0.010044
3 0.010043
4 0.010050
5 0.010058
6 0.010063
7 0.010067
8 0.000079
9 0.000003
10 0.000002
11 0.000002
12 0.000003
13 0.000004
14 0.000004
15 0.000006
16 0.000005
17 0.000005
18 0.000008
19 0.000009
20 0.000013
21 0.000014
22 0.000022
23 0.000024
24 0.000019
25 0.000021
26 0.000033
27 0.000037
28 0.010041
29 0.010039
30 0.010045
31 0.010047
32 0.010051
33 0.010055
34 0.010064
35 0.002157
36 0.000015
37 0.000001
38 0.000001
39 0.000002
40 0.000002
41 0.000003
42 0.000003
43 0.000004
44 0.000004
45 0.000007
46 0.000007
47 0.000011
48 0.000009
49 0.000013
50 0.000018
51 0.000022
52 0.000017
53 0.000027
54 0.000021
55 0.000033
56 0.010039
57 0.010043
58 0.010045
59 0.010048
60 0.010052
61 0.010060
62 0.010064
63 0.000187
64 0.000004
65 0.000001
66 0.000001
67 0.000001
68 0.000002
69 0.000002
70 0.000003
71 0.000003
72 0.000004
73 0.000004
74 0.000007
75 0.000007
76 0.000012
77 0.000011
78 0.000013
79 0.000014
80 0.000022
81 0.000017
82 0.000027
83 0.000021
84 0.010041
85 0.010045
86 0.010050
87 0.010054
88 0.010057
89 0.010060
90 0.010065
91 0.000027
92 0.000001
93 0.000001
94 0.000001
95 0.000001
96 0.000001
97 0.000002
98 0.000002
99 0.000003
100 0.000003
101 0.000004
102 0.000007
103 0.000006
104 0.000009
105 0.000010
106 0.000012
107 0.000018
108 0.000019
109 0.000016
110 0.000017
111 0.000029
112 0.010047
113 0.010047
114 0.010054
115 0.010055
116 0.014036
117 0.013112
118 0.002415
119 0.000007
120 0.000001
121 0.000001
122 0.000001
123 0.000001
124 0.000001
125 0.000001
126 0.000002
127 0.000002
128 0.000004
129 0.000004
130 0.000005
131 0.000006
132 0.000009
133 0.000007
134 0.000010
135 0.000014
136 0.000015
137 0.000010
138 0.000023
139 0.000120
140 0.010049
141 0.010054
142 0.010056
143 0.010057
144 0.014091
145 0.014006
146 0.000177
147 0.000002
148 0.000000
149 0.000001
150 0.000001
151 0.000001
152 0.000001
153 0.000001
154 0.000002
155 0.000003
156 0.000002
157 0.000003
158 0.000003
159 0.000006
160 0.000006
161 0.000006
162 0.000009
163 0.000009
164 0.000011
165 0.000019
166 0.000102
167 0.000467
168 0.010055
169 0.010057
170 0.010059
171 0.010061
172 0.012053
173 0.014058
174 0.000024
175 0.000001
176 0.000000
177 0.000000
178 0.000001
179 0.000001
180 0.000001
181 0.000001
182 0.000001
183 0.000002
184 0.000002
185 0.000003
186 0.000003
187 0.000004
188 0.000005
189 0.000006
190 0.000008
191 0.000009
192 0.000024
193 0.000080
194 0.000690
195 0.010198
196 0.010058
197 0.010059
198 0.010065
199 0.010069
200 0.011078
201 0.013503
202 0.000003
203 0.000000
204 0.000000
205 0.000000
206 0.000000
207 0.000001
208 0.000001
209 0.000001
210 0.000001
211 0.000002
212 0.000002
213 0.000002
214 0.000003
215 0.000003
216 0.000004
217 0.000005
218 0.000006
219 0.000064
220 0.000262
221 0.001598
222 0.999932
223 0.001808
224 0.010060
225 0.010066
226 0.010069
227 0.010071
228 0.010079
229 0.000109
230 0.000001
231 0.000000
232 0.000000
233 0.000000
234 0.000000
235 0.000001
236 0.000001
237 0.000001
238 0.000001
239 0.000001
240 0.000002
241 0.000002
242 0.000002
243 0.000003
244 0.000003
245 0.000007
246 0.000085
247 0.000526
248 0.006115
249 0.005531
250 0.000472
251 0.000111
252 0.010062
253 0.010070
254 0.010072
255 0.010367
256 0.010966
257 0.000008
258 0.000000
259 0.000000
260 0.000000
261 0.000000
262 0.000000
263 0.000000
264 0.000001
265 0.000001
266 0.000001
267 0.000001
268 0.000001
269 0.000001
270 0.000002
271 0.000003
272 0.000007
273 0.000062
274 0.000382
275 0.002957
276 0.001597
277 0.000110
278 0.000036
279 0.000016
280 0.010071
281 0.010573
282 0.010881
283 0.011320
284 0.011598
285 0.000001
286 0.000000
287 0.000000
288 0.000000
289 0.000000
290 0.000000
291 0.000000
292 0.000000
293 0.000000
294 0.000001
295 0.000001
296 0.000001
297 0.000001
298 0.000002
299 0.000008
300 0.000037
301 0.000343
302 0.002806
303 0.000190
304 0.000051
305 0.000014
306 0.000006
307 0.000007
308 0.010894
309 0.011212
310 0.011503
311 0.011744
312 0.000054
313 0.000000
314 0.000000
315 0.000000
316 0.000000
317 0.000000
318 0.000000
319 0.000000
320 0.000000
321 0.000000
322 0.000000
323 0.000001
324 0.000001
325 0.000001
326 0.000006
327 0.000035
328 0.000251
329 0.000641
330 0.000042
331 0.000019
332 0.000006
333 0.000004
334 0.000004
335 0.000007
336 0.011402
337 0.011588
338 0.011670
339 0.011760
340 0.000002
341 0.000000
342 0.000000
343 0.000000
344 0.000000
345 0.000000
346 0.000000
347 0.000000
348 0.000000
349 0.000000
350 0.000000
351 0.000000
352 0.000001
353 0.000004
354 0.000023
355 0.000159
356 0.000107
357 0.000015
358 0.000005
359 0.000003
360 0.000002
361 0.000003
362 0.000004
363 0.000004
364 0.011484
365 0.011520
366 0.011606
367 0.011653
368 0.000000
369 0.000000
370 0.000000
371 0.000000
372 0.000000
373 0.000000
374 0.000000
375 0.000000
376 0.000000
377 0.000000
378 0.000000
379 0.000001
380 0.000003
381 0.000010
382 0.000048
383 0.000016
384 0.000006
385 0.000003
386 0.000001
387 0.000002
388 0.000002
389 0.000002
390 0.000003
391 0.000004
392 0.011420
393 0.011509
394 0.011597
395 0.000035
396 0.000000
397 0.000000
398 0.000000
399 0.000000
400 0.000000
401 0.000000
402 0.000000
403 0.000000
404 0.000000
405 0.000000
406 0.000001
407 0.000002
408 0.000006
409 0.000015
410 0.000004
411 0.000002
412 0.000001
413 0.000001
414 0.000001
415 0.000001
416 0.000002
417 0.000002
418 0.000003
419 0.000003
420 0.011410
421 0.011448
422 0.011538
423 0.000001
424 0.000000
425 0.000000
426 0.000000
427 0.000000
428 0.000000
429 0.000000
430 0.000000
431 0.000000
432 0.000000
433 0.000000
434 0.000001
435 0.000002
436 0.000005
437 0.000001
438 0.000001
439 0.000001
440 0.000001
441 0.000001
442 0.000001
443 0.000001
444 0.000001
445 0.000001
446 0.000002
447 0.000002
448 0.011341
449 0.011431
450 0.011523
451 0.000000
452 0.000000
453 0.000000
454 0.000000
455 0.000000
456 0.000000
457 0.000000
458 0.000000
459 0.000000
460 0.000000
461 0.000000
462 0.000001
463 0.000001
464 0.000001
465 0.000000
466 0.000000
467 0.000000
468 0.000000
469 0.000001
470 0.000001
471 0.000001
472 0.000001
473 0.000001
474 0.000002
475 0.000003
476 0.011273
477 0.011335
478 0.000167
479 0.000000
480 0.000000
481 0.000000
482 0.000000
483 0.000000
484 0.000000
485 0.000000
486 0.000000
487 0.000000
488 0.000000
489 0.000000
490 0.000000
491 0.000000
492 0.000000
493 0.000000
494 0.000000
495 0.000000
496 0.000000
497 0.000001
498 0.000001
499 0.000001
500 0.000001
501 0.000003
502 0.000010
503 0.000045
504 0.011152
505 0.011251
506 0.000003
507 0.000000
508 0.000000
509 0.000000
510 0.000000
511 0.000000
512 0.000000
513 0.000000
514 0.000000
515 0.000000
516 0.000000
517 0.000000
518 0.000000
519 0.000000
520 0.000000
521 0.000000
522 0.000000
523 0.000000
524 0.000000
525 0.000000
526 0.000001
527 0.000004
528 0.000014
529 0.000060
530 0.000411
531 0.010634
532 0.011178
533 0.011213
534 0.000000
535 0.000000
536 0.000000
537 0.000000
538 0.000000
539 0.000000
540 0.000000
541 0.000000
542 0.000000
543 0.000000
544 0.000000
545 0.000000
546 0.000000
547 0.000000
548 0.000000
549 0.000000
550 0.000000
551 0.000000
552 0.000001
553 0.000005
554 0.000024
555 0.000161
556 0.001897
557 0.011251
558 0.010608
559 0.010610
560 0.011113
561 0.011130
562 0.000000
563 0.000000
564 0.000000
565 0.000000
566 0.000000
567 0.000000
568 0.000000
569 0.000000
570 0.000000
571 0.000000
572 0.000000
573 0.000000
574 0.000000
575 0.000000
576 0.000000
577 0.000000
578 0.000001
579 0.000006
580 0.000064
581 0.001591
582 0.012436
583 0.012389
584 0.012003
585 0.010570
586 0.010579
587 0.010556
588 0.011044
589 0.011113
590 0.000006
591 0.000000
592 0.000000
593 0.000000
594 0.000000
595 0.000000
596 0.000000
597 0.000000
598 0.000000
599 0.000000
600 0.000000
601 0.000000
602 0.000000
603 0.000000
604 0.000002
605 0.000025
606 0.000700
607 0.011036
608 0.011359
609 0.011624
610 0.012375
611 0.012449
612 0.010543
613 0.010552
614 0.010532
615 0.010536
616 0.011011
617 0.011043
618 0.011111
619 0.000014
620 0.000000
621 0.000000
622 0.000000
623 0.000000
624 0.000000
625 0.000000
626 0.000000
627 0.000000
628 0.000000
629 0.000000
630 0.000002
631 0.000166
632 0.012956
633 0.012826
634 0.012071
635 0.010976
636 0.010918
637 0.011002
638 0.011240
639 0.010515
640 0.010517
641 0.010497
642 0.012801
643 0.013043
644 0.010994
645 0.011010
646 0.011025
647 0.011094
648 0.000351
649 0.000000
650 0.000000
651 0.000000
652 0.000000
653 0.000000
654 0.000000
655 0.000001
656 0.000022
657 0.012386
658 0.012378
659 0.012497
660 0.012628
661 0.012286
662 0.011587
663 0.010892
664 0.010833
665 0.010649
666 0.010508
667 0.010473
668 0.010471
669 0.012732
670 0.012788
671 0.012939
672 0.000000
673 0.010993
674 0.011009
675 0.011077
676 0.011042
677 0.011110
678 0.000001
679 0.000000
680 0.000001
681 0.000018
682 0.011785
683 0.012159
684 0.012286
685 0.012246
686 0.012291
687 0.012279
688 0.012329
689 0.011760
690 0.010687
691 0.010674
692 0.010629
693 0.010530
694 0.010505
695 0.010465
696 0.012712
697 0.012719
698 0.012736
699 0.012879
700 0.000000
701 0.000000
702 0.010993
703 0.011010
704 0.011025
705 0.011040
706 0.011104
707 0.011112
708 0.011139
709 0.011198
710 0.011585
711 0.011968
712 0.012240
713 0.012181
714 0.012147
715 0.012143
716 0.012049
717 0.011511
718 0.010593
719 0.010582
720 0.010568
721 0.010528
722 0.010487
723 0.012745
724 0.012514
725 0.012658
726 0.012668
727 0.012698
728 0.000000
729 0.000000
730 0.000000
731 0.000000
732 0.011008
733 0.011019
734 0.011082
735 0.011092
736 0.011101
737 0.011159
738 0.011182
739 0.011744
740 0.012042
741 0.012098
742 0.012122
743 0.012104
744 0.011802
745 0.011184
746 0.010587
747 0.010548
748 0.010537
749 0.010499
750 0.011981
751 0.011228
752 0.011467
753 0.012192
754 0.012752
755 0.012659
756 0.000000
757 0.000000
758 0.000000
759 0.000000
760 0.000000
761 0.011000
762 0.011010
763 0.011071
764 0.011080
765 0.011088
766 0.011095
767 0.011512
768 0.011912
769 0.011970
770 0.012031
771 0.012013
772 0.011568
773 0.010821
774 0.010589
775 0.010568
776 0.010531
777 0.010981
778 0.010596
779 0.010599
780 0.010796
781 0.011042
782 0.011948
783 0.012673
