0 0.010075
1 0.010143
2 0.003731
3 0.000884
4 0.000156
5 0.000038
6 0.000031
7 0.000028
8 0.000008
9 0.000007
10 0.000007
11 0.000007
12 0.000007
13 0.000008
14 0.000013
15 0.000017
16 0.000013
17 0.000009
18 0.000008
19 0.000009
20 0.000026
21 0.000028
22 0.000041
23 0.000045
24 0.000036
25 0.000040
26 0.000060
27 0.000066
28 0.001561
29 0.010079
30 0.010153
31 0.003495
32 0.000485
33 0.000078
34 0.000028
35 0.000013
36 0.000008
37 0.000007
38 0.000007
39 0.000007
40 0.000007
41 0.000010
42 0.000017
43 0.000017
44 0.000010
45 0.000008
46 0.000007
47 0.000008
48 0.000018
49 0.000026
50 0.000010
51 0.000004
52 0.000033
53 0.000049
54 0.000040
55 0.000060
56 0.000412
57 0.001381
58 0.006025
59 0.010165
60 0.003171
61 0.000240
62 0.000045
63 0.000009
64 0.000007
65 0.000007
66 0.000007
67 0.000007
68 0.000008
69 0.000014
70 0.000019
71 0.000012
72 0.000008
73 0.000007
74 0.000007
75 0.000008
76 0.000008
77 0.000009
78 0.000005
79 0.000004
80 0.000004
81 0.000033
82 0.000049
83 0.000040
84 0.000086
85 0.000233
86 0.000781
87 0.005744
88 0.010180
89 0.001680
90 0.000184
91 0.000008
92 0.000007
93 0.000007
94 0.000007
95 0.000007
96 0.000011
97 0.000018
98 0.000018
99 0.000009
100 0.000008
101 0.000007
102 0.000007
103 0.000012
104 0.000008
105 0.000005
106 0.000004
107 0.000003
108 0.000004
109 0.000030
110 0.000033
111 0.000049
112 0.000056
113 0.000051
114 0.000115
115 0.000630
116 0.000004
117 0.000007
118 0.000003
119 0.000004
120 0.000004
121 0.000006
122 0.000007
123 0.000008
124 0.000015
125 0.000022
126 0.000011
127 0.000007
128 0.000007
129 0.000010
130 0.000010
131 0.000007
132 0.000006
133 0.000004
134 0.000003
135 0.000004
136 0.000006
137 0.000021
138 0.000030
139 0.000045
140 0.000050
141 0.000034
142 0.000028
143 0.000064
144 0.000006
145 0.000006
146 0.000008
147 0.000004
148 0.000003
149 0.000003
150 0.000004
151 0.000005
152 0.000007
153 0.000008
154 0.000008
155 0.000009
156 0.000012
157 0.000009
158 0.000008
159 0.000005
160 0.000004
161 0.000003
162 0.000003
163 0.000004
164 0.000022
165 0.000020
166 0.000028
167 0.000030
168 0.000034
169 0.000028
170 0.000025
171 0.000022
172 0.000003
173 0.000004
174 0.000012
175 0.000015
176 0.000007
177 0.000003
178 0.000003
179 0.000004
180 0.000005
181 0.000005
182 0.000007
183 0.000007
184 0.000007
185 0.000006
186 0.000004
187 0.000004
188 0.000004
189 0.000004
190 0.000004
191 0.000005
192 0.000016
193 0.000017
194 0.000018
195 0.000027
196 0.000028
197 0.000025
198 0.000019
199 0.000016
200 0.000005
201 0.000003
202 0.000004
203 0.000016
204 0.000026
205 0.000012
206 0.000006
207 0.000005
208 0.000006
209 0.000006
210 0.000005
211 0.000005
212 0.000004
213 0.000004
214 0.000004
215 0.000004
216 0.000003
217 0.000003
218 0.000004
219 0.000006
220 0.000016
221 0.000017
222 0.000017
223 0.000023
224 0.000025
225 0.000019
226 0.000016
227 0.000015
228 0.000012
229 0.000004
230 0.000003
231 0.000004
232 0.000015
233 0.000104
234 0.000129
235 0.000035
236 0.000010
237 0.000006
238 0.000005
239 0.000004
240 0.000004
241 0.000004
242 0.000003
243 0.000003
244 0.000003
245 0.000004
246 0.000004
247 0.000006
248 0.000006
249 0.000007
250 0.000008
251 0.000009
252 0.000023
253 0.000016
254 0.000015
255 0.000011
256 0.000008
257 0.000004
258 0.000003
259 0.000004
260 0.000005
261 0.000050
262 0.999904
263 0.000162
264 0.000014
265 0.000005
266 0.000004
267 0.000004
268 0.000004
269 0.000004
270 0.000004
271 0.000003
272 0.000003
273 0.000004
274 0.000004
275 0.000005
276 0.000005
277 0.000005
278 0.000006
279 0.000006
280 0.000016
281 0.000009
282 0.000008
283 0.000010
284 0.000011
285 0.000007
286 0.000004
287 0.000004
288 0.000005
289 0.000012
290 0.000036
291 0.000035
292 0.000014
293 0.000006
294 0.000004
295 0.000004
296 0.000004
297 0.000004
298 0.000004
299 0.000004
300 0.000004
301 0.000004
302 0.000005
303 0.000005
304 0.000005
305 0.000005
306 0.000005
307 0.000005
308 0.000009
309 0.000011
310 0.000011
311 0.000012
312 0.000012
313 0.000011
314 0.000005
315 0.000004
316 0.000005
317 0.000006
318 0.000007
319 0.000008
320 0.000012
321 0.000010
322 0.000006
323 0.000005
324 0.000004
325 0.000004
326 0.000004
327 0.000004
328 0.000004
329 0.000004
330 0.000005
331 0.000005
332 0.000005
333 0.000005
334 0.000005
335 0.000006
336 0.000012
337 0.000013
338 0.000017
339 0.000022
340 0.000011
341 0.000009
342 0.000005
343 0.000004
344 0.000005
345 0.000005
346 0.000004
347 0.000005
348 0.000007
349 0.000009
350 0.000009
351 0.000006
352 0.000005
353 0.000004
354 0.000004
355 0.000004
356 0.000004
357 0.000004
358 0.000005
359 0.000005
360 0.000005
361 0.000006
362 0.000006
363 0.000006
364 0.000020
365 0.000024
366 0.000016
367 0.000015
368 0.000009
369 0.000007
370 0.000006
371 0.000005
372 0.000005
373 0.000004
374 0.000004
375 0.000004
376 0.000005
377 0.000006
378 0.000008
379 0.000008
380 0.000006
381 0.000005
382 0.000004
383 0.000004
384 0.000004
385 0.000005
386 0.000005
387 0.000005
388 0.000006
389 0.000006
390 0.000006
391 0.000006
392 0.000014
393 0.000014
394 0.000013
395 0.000009
396 0.000006
397 0.000005
398 0.000006
399 0.000006
400 0.000005
401 0.000004
402 0.000004
403 0.000004
404 0.000004
405 0.000005
406 0.000006
407 0.000007
408 0.000007
409 0.000006
410 0.000005
411 0.000005
412 0.000005
413 0.000005
414 0.000005
415 0.000005
416 0.000006
417 0.000006
418 0.000006
419 0.000006
420 0.000014
421 0.000012
422 0.000010
423 0.000007
424 0.000005
425 0.000005
426 0.000008
427 0.000006
428 0.000004
429 0.000004
430 0.000004
431 0.000004
432 0.000004
433 0.000004
434 0.000005
435 0.000006
436 0.000007
437 0.000007
438 0.000006
439 0.000005
440 0.000005
441 0.000006
442 0.000006
443 0.000006
444 0.000006
445 0.000006
446 0.000006
447 0.000006
448 0.000012
449 0.000009
450 0.000008
451 0.000006
452 0.000005
453 0.000006
454 0.000007
455 0.000006
456 0.000004
457 0.000004
458 0.000004
459 0.000004
460 0.000004
461 0.000004
462 0.000004
463 0.000005
464 0.000006
465 0.000006
466 0.000006
467 0.000006
468 0.000006
469 0.000006
470 0.000006
471 0.000006
472 0.000006
473 0.000006
474 0.000006
475 0.000006
476 0.000013
477 0.000008
478 0.000007
479 0.000006
480 0.000005
481 0.000007
482 0.000007
483 0.000005
484 0.000004
485 0.000004
486 0.000004
487 0.000004
488 0.000004
489 0.000004
490 0.000004
491 0.000004
492 0.000005
493 0.000005
494 0.000006
495 0.000007
496 0.000007
497 0.000007
498 0.000007
499 0.000006
500 0.000006
501 0.000007
502 0.000008
503 0.000009
504 0.000126
505 0.000015
506 0.000006
507 0.000005
508 0.000006
509 0.000007
510 0.000006
511 0.000005
512 0.000004
513 0.000004
514 0.000004
515 0.000004
516 0.000004
517 0.000004
518 0.000004
519 0.000004
520 0.000004
521 0.000005
522 0.000005
523 0.000006
524 0.000008
525 0.000007
526 0.000007
527 0.000007
528 0.000007
529 0.000008
530 0.000096
531 0.000672
532 0.000066
533 0.000056
534 0.000006
535 0.000005
536 0.000006
537 0.000006
538 0.000005
539 0.000005
540 0.000005
541 0.000004
542 0.000004
543 0.000004
544 0.000004
545 0.000004
546 0.000004
547 0.000004
548 0.000004
549 0.000004
550 0.000005
551 0.000006
552 0.000008
553 0.000009
554 0.000008
555 0.000008
556 0.000009
557 0.000010
558 0.003924
559 0.002045
560 0.000091
561 0.000084
562 0.000006
563 0.000005
564 0.000006
565 0.000005
566 0.000005
567 0.000005
568 0.000005
569 0.000004
570 0.000004
571 0.000004
572 0.000004
573 0.000004
574 0.000004
575 0.000004
576 0.000004
577 0.000004
578 0.000005
579 0.000006
580 0.000008
581 0.000009
582 0.000008
583 0.000009
584 0.000010
585 0.010077
586 0.010059
587 0.006350
588 0.000128
589 0.000091
590 0.000006
591 0.000005
592 0.000005
593 0.000005
594 0.000005
595 0.000005
596 0.000005
597 0.000005
598 0.000004
599 0.000004
600 0.000004
601 0.000004
602 0.000004
603 0.000004
604 0.000004
605 0.000005
606 0.000005
607 0.000006
608 0.000006
609 0.000007
610 0.000008
611 0.000010
612 0.010080
613 0.010081
614 0.010072
615 0.010062
616 0.000149
617 0.000128
618 0.000091
619 0.000007
620 0.000006
621 0.000005
622 0.000005
623 0.000005
624 0.000005
625 0.000005
626 0.000005
627 0.000004
628 0.000005
629 0.000005
630 0.000005
631 0.000005
632 0.000005
633 0.000005
634 0.000005
635 0.000006
636 0.000006
637 0.000006
638 0.000008
639 0.010030
640 0.010056
641 0.010072
642 0.000006
643 0.000007
644 0.000162
645 0.000149
646 0.000138
647 0.000099
648 0.000012
649 0.000006
650 0.000005
651 0.000005
652 0.000005
653 0.000005
654 0.000005
655 0.000005
656 0.000005
657 0.000005
658 0.000005
659 0.000005
660 0.000005
661 0.000005
662 0.000005
663 0.000006
664 0.000006
665 0.000007
666 0.001922
667 0.006218
668 0.010024
669 0.000005
670 0.000006
671 0.000007
672 0.000004
673 0.000162
674 0.000149
675 0.000107
676 0.000128
677 0.000091
678 0.000006
679 0.000006
680 0.000006
681 0.000006
682 0.000010
683 0.000006
684 0.000005
685 0.000005
686 0.000005
687 0.000005
688 0.000005
689 0.000007
690 0.000007
691 0.000006
692 0.000007
693 0.000323
694 0.000826
695 0.002533
696 0.000005
697 0.000005
698 0.000005
699 0.000006
700 0.000004
701 0.000004
702 0.000162
703 0.000149
704 0.000138
705 0.000128
706 0.000091
707 0.000084
708 0.000072
709 0.000051
710 0.000019
711 0.000007
712 0.000005
713 0.000005
714 0.000005
715 0.000005
716 0.000006
717 0.000009
718 0.000155
719 0.000165
720 0.000175
721 0.000227
722 0.000441
723 0.000005
724 0.000005
725 0.000005
726 0.000005
727 0.000005
728 0.000004
729 0.000004
730 0.000004
731 0.000004
732 0.000149
733 0.000138
734 0.000098
735 0.000091
736 0.000084
737 0.000060
738 0.000051
739 0.000010
740 0.000006
741 0.000005
742 0.000005
743 0.000005
744 0.000006
745 0.000021
746 0.000164
747 0.000214
748 0.000227
749 0.000294
750 0.000005
751 0.000005
752 0.000005
753 0.000006
754 0.000005
755 0.000005
756 0.000004
757 0.000004
758 0.000004
759 0.000004
760 0.000004
761 0.000149
762 0.000138
763 0.000098
764 0.000091
765 0.000084
766 0.000078
767 0.000023
768 0.000007
769 0.000006
770 0.000005
771 0.000006
772 0.000008
773 0.000083
774 0.000164
775 0.000186
776 0.000241
777 0.000006
778 0.000007
779 0.000007
780 0.000006
781 0.000006
782 0.000006
783 0.000005
