0 0.003314
1 0.003185
2 0.002760
3 0.002944
4 0.002562
5 0.003026
6 0.006518
7 0.023260
8 0.013945
9 0.001721
10 0.000398
11 0.000124
12 0.000105
13 0.000083
14 0.000072
15 0.000067
16 0.000055
17 0.000044
18 0.000173
19 0.000684
20 0.001620
21 0.001899
22 0.002491
23 0.002565
24 0.002304
25 0.002304
26 0.002565
27 0.002648
28 0.002881
29 0.003062
30 0.002645
31 0.002535
32 0.002429
33 0.002361
34 0.003327
35 0.006193
36 0.003879
37 0.002178
38 0.000741
39 0.000239
40 0.000095
41 0.000085
42 0.000059
43 0.000050
44 0.000040
45 0.000043
46 0.000073
47 0.000425
48 0.001584
49 0.002145
50 0.000000
51 0.000000
52 0.002304
53 0.002565
54 0.002378
55 0.002662
56 0.003062
57 0.002645
58 0.002535
59 0.002429
60 0.002232
61 0.001926
62 0.002014
63 0.001179
64 0.000847
65 0.001127
66 0.001880
67 0.000536
68 0.000138
69 0.000068
70 0.000047
71 0.000035
72 0.000034
73 0.000031
74 0.000039
75 0.000213
76 0.000000
77 0.000000
78 0.000000
79 0.000000
80 0.000000
81 0.002378
82 0.002662
83 0.002580
84 0.002944
85 0.002535
86 0.002170
87 0.001981
88 0.001893
89 0.001809
90 0.001700
91 0.000319
92 0.000154
93 0.000453
94 0.001655
95 0.001174
96 0.000380
97 0.000091
98 0.000053
99 0.000029
100 0.000028
101 0.000003
102 0.000000
103 0.000000
104 0.000000
105 0.000000
106 0.000000
107 0.000000
108 0.000000
109 0.002525
110 0.002555
111 0.002694
112 0.002535
113 0.002429
114 0.001981
115 0.001893
116 0.000000
117 0.000000
118 0.000000
119 0.000000
120 0.000000
121 0.000018
122 0.000572
123 0.001767
124 0.000974
125 0.000233
126 0.000055
127 0.000000
128 0.000000
129 0.000000
130 0.000000
131 0.000000
132 0.000000
133 0.000000
134 0.000000
135 0.000000
136 0.000004
137 0.002269
138 0.002348
139 0.002447
140 0.002429
141 0.002073
142 0.001893
143 0.001809
144 0.000000
145 0.000000
146 0.000000
147 0.000000
148 0.000000
149 0.000000
150 0.000000
151 0.000000
152 0.000001
153 0.000000
154 0.000000
155 0.000000
156 0.000000
157 0.000000
158 0.000000
159 0.000000
160 0.000000
161 0.000000
162 0.000000
163 0.000000
164 0.002512
165 0.002028
166 0.002112
167 0.001932
168 0.002073
169 0.001893
170 0.001809
171 0.001653
172 0.000000
173 0.000000
174 0.000000
175 0.000000
176 0.000000
177 0.000000
178 0.000000
179 0.000000
180 0.000000
181 0.000000
182 0.000000
183 0.000000
184 0.000000
185 0.000000
186 0.000000
187 0.000000
188 0.000000
189 0.000000
190 0.000000
191 0.000000
192 0.001979
193 0.001772
194 0.002016
195 0.005157
196 0.001893
197 0.001809
198 0.001522
199 0.001382
200 0.000077
201 0.000000
202 0.000000
203 0.000000
204 0.000000
205 0.000000
206 0.000000
207 0.000000
208 0.000000
209 0.000000
210 0.000000
211 0.000000
212 0.000000
213 0.000000
214 0.000000
215 0.000000
216 0.000000
217 0.000000
218 0.000000
219 0.000002
220 0.001790
221 0.002460
222 0.004896
223 0.007261
224 0.001809
225 0.001522
226 0.001382
227 0.001318
228 0.001039
229 0.000000
230 0.000000
231 0.000000
232 0.000000
233 0.000000
234 0.000000
235 0.000000
236 0.000000
237 0.000000
238 0.000000
239 0.000000
240 0.000000
241 0.000000
242 0.000000
243 0.000000
244 0.000000
245 0.000000
246 0.000000
247 0.000006
248 0.000030
249 0.000090
250 0.000288
251 0.000644
252 0.001729
253 0.001382
254 0.001318
255 0.000437
256 0.000031
257 0.000000
258 0.000000
259 0.000000
260 0.000000
261 0.000000
262 0.000000
263 0.000000
264 0.000000
265 0.000000
266 0.000000
267 0.000000
268 0.000000
269 0.000000
270 0.000000
271 0.000000
272 0.000000
273 0.000000
274 0.000000
275 0.000002
276 0.000004
277 0.000008
278 0.000013
279 0.000011
280 0.001382
281 0.000181
282 0.000053
283 0.000007
284 0.000002
285 0.000000
286 0.000000
287 0.000000
288 0.000000
289 0.000000
290 0.000000
291 0.000000
292 0.000000
293 0.000000
294 0.000000
295 0.000000
296 0.000000
297 0.000000
298 0.000000
299 0.000000
300 0.000000
301 0.000000
302 0.000000
303 0.000003
304 0.000003
305 0.000003
306 0.000002
307 0.000002
308 0.000064
309 0.000014
310 0.000003
311 0.000001
312 0.000000
313 0.000000
314 0.000000
315 0.000000
316 0.000000
317 0.000000
318 0.000000
319 0.000000
320 0.000000
321 0.000000
322 0.000000
323 0.000000
324 0.000000
325 0.000000
326 0.000000
327 0.000000
328 0.000000
329 0.000000
330 0.000000
331 0.000001
332 0.000002
333 0.000001
334 0.000002
335 0.000003
336 0.000011
337 0.000003
338 0.000002
339 0.000001
340 0.000000
341 0.000000
342 0.000000
343 0.000000
344 0.000000
345 0.000000
346 0.000000
347 0.000000
348 0.000000
349 0.000000
350 0.000000
351 0.000000
352 0.000000
353 0.000000
354 0.000000
355 0.000000
356 0.000000
357 0.000000
358 0.000000
359 0.000000
360 0.000001
361 0.000001
362 0.000005
363 0.000008
364 0.000016
365 0.000009
366 0.000004
367 0.000002
368 0.000000
369 0.000000
370 0.000000
371 0.000000
372 0.000000
373 0.000000
374 0.000000
375 0.000000
376 0.000000
377 0.000000
378 0.000000
379 0.000000
380 0.000000
381 0.000000
382 0.000000
383 0.000000
384 0.000000
385 0.000000
386 0.000000
387 0.000000
388 0.000001
389 0.000007
390 0.000011
391 0.000021
392 0.000044
393 0.000021
394 0.000010
395 0.000001
396 0.000000
397 0.000000
398 0.000000
399 0.000000
400 0.000000
401 0.000000
402 0.000000
403 0.000000
404 0.000000
405 0.000000
406 0.000000
407 0.000000
408 0.000000
409 0.000000
410 0.000000
411 0.000000
412 0.000000
413 0.000000
414 0.000000
415 0.000000
416 0.000001
417 0.000018
418 0.000038
419 0.000029
420 0.000045
421 0.000042
422 0.000031
423 0.000001
424 0.000000
425 0.000000
426 0.000000
427 0.000000
428 0.000000
429 0.000000
430 0.000000
431 0.000000
432 0.000000
433 0.000000
434 0.000000
435 0.000000
436 0.000000
437 0.000000
438 0.000000
439 0.000000
440 0.000000
441 0.000000
442 0.000000
443 0.000000
444 0.000000
445 0.000028
446 0.000026
447 0.000018
448 0.000057
449 0.000042
450 0.000034
451 0.000000
452 0.000000
453 0.000000
454 0.000000
455 0.000000
456 0.000000
457 0.000000
458 0.000000
459 0.000000
460 0.000000
461 0.000000
462 0.000000
463 0.000000
464 0.000000
465 0.000000
466 0.000000
467 0.000000
468 0.000267
469 0.000166
470 0.000000
471 0.000000
472 0.000000
473 0.000004
474 0.000009
475 0.000011
476 0.000067
477 0.000057
478 0.000014
479 0.000000
480 0.000000
481 0.000000
482 0.000000
483 0.000000
484 0.000003
485 0.000004
486 0.000000
487 0.000000
488 0.000000
489 0.000000
490 0.000000
491 0.000000
492 0.000000
493 0.000000
494 0.000000
495 0.000000
496 0.000037
497 1.000000
498 0.000006
499 0.000000
500 0.000000
501 0.000001
502 0.000009
503 0.000011
504 0.000104
505 0.000071
506 0.000004
507 0.000000
508 0.000000
509 0.000000
510 0.000000
511 0.000012
512 1.000000
513 0.000260
514 0.000000
515 0.000000
516 0.000000
517 0.000000
518 0.000000
519 0.000000
520 0.000000
521 0.000000
522 0.000000
523 0.000000
524 0.000000
525 0.000006
526 0.000191
527 0.000002
528 0.000000
529 0.000001
530 0.000061
531 0.000060
532 0.000096
533 0.000084
534 0.000002
535 0.000000
536 0.000000
537 0.000000
538 0.000008
539 0.003825
540 0.618114
541 0.000201
542 0.000000
543 0.000000
544 0.000000
545 0.000000
546 0.000000
547 0.000000
548 0.000000
549 0.000000
550 0.000000
551 0.000000
552 0.000000
553 0.000000
554 0.000010
555 0.000065
556 0.000011
557 0.000041
558 0.000535
559 0.000232
560 0.000126
561 0.000118
562 0.000002
563 0.000000
564 0.000000
565 0.000007
566 0.002186
567 0.032067
568 0.000622
569 0.000021
570 0.000000
571 0.000000
572 0.000000
573 0.000000
574 0.000000
575 0.000000
576 0.000000
577 0.000000
578 0.000000
579 0.000000
580 0.000000
581 0.000000
582 0.000001
583 0.000184
584 0.000479
585 0.010000
586 0.003053
587 0.001102
588 0.000166
589 0.000126
590 0.000018
591 0.000001
592 0.000014
593 0.001403
594 0.020294
595 0.000303
596 0.000004
597 0.000000
598 0.000000
599 0.000000
600 0.000000
601 0.000000
602 0.000000
603 0.000000
604 0.000000
605 0.000000
606 0.000000
607 0.000000
608 0.000000
609 0.000000
610 0.000000
611 0.000024
612 0.000762
613 0.003238
614 0.010000
615 0.006672
616 0.000188
617 0.000259
618 0.000681
619 0.000533
620 0.002627
621 0.016199
622 0.000407
623 0.000010
624 0.000001
625 0.000000
626 0.000000
627 0.000000
628 0.000000
629 0.000000
630 0.000000
631 0.000000
632 0.000000
633 0.000000
634 0.000000
635 0.000000
636 0.000000
637 0.000000
638 0.000001
639 0.000076
640 0.000235
641 0.000826
642 0.000000
643 0.000000
644 0.000310
645 0.000781
646 0.003370
647 0.010000
648 0.040327
649 0.002628
650 0.000007
651 0.000000
652 0.000000
653 0.000000
654 0.000001
655 0.000000
656 0.000000
657 0.000000
658 0.000000
659 0.000000
660 0.000000
661 0.000000
662 0.000000
663 0.000000
664 0.000000
665 0.000002
666 0.000044
667 0.000060
668 0.000087
669 0.000000
670 0.000000
671 0.000000
672 0.000000
673 0.003518
674 0.010000
675 0.019643
676 0.027076
677 0.004662
678 0.000026
679 0.000002
680 0.000003
681 0.000009
682 0.000054
683 0.000017
684 0.000001
685 0.000000
686 0.000000
687 0.000000
688 0.000000
689 0.000000
690 0.000005
691 0.000003
692 0.000007
693 0.000041
694 0.000047
695 0.000064
696 0.000000
697 0.000000
698 0.000000
699 0.000000
700 0.000000
701 0.000000
702 0.010000
703 0.025495
704 0.005732
705 0.001385
706 0.000144
707 0.000118
708 0.000104
709 0.000079
710 0.000061
711 0.000123
712 0.000004
713 0.000000
714 0.000000
715 0.000000
716 0.000000
717 0.000001
718 0.000028
719 0.000031
720 0.000033
721 0.000044
722 0.000060
723 0.000000
724 0.000000
725 0.000000
726 0.000000
727 0.000000
728 0.000000
729 0.000000
730 0.000000
731 0.000000
732 0.001681
733 0.000202
734 0.000134
735 0.000126
736 0.000118
737 0.000090
738 0.000079
739 0.000074
740 0.000020
741 0.000001
742 0.000000
743 0.000000
744 0.000000
745 0.000003
746 0.000031
747 0.000041
748 0.000044
749 0.000060
750 0.000000
751 0.000000
752 0.000000
753 0.000000
754 0.000000
755 0.000000
756 0.000000
757 0.000000
758 0.000000
759 0.000000
760 0.000000
761 0.000188
762 0.000177
763 0.000134
764 0.000126
765 0.000118
766 0.000111
767 0.000104
768 0.000078
769 0.000005
770 0.000001
771 0.000000
772 0.000001
773 0.000014
774 0.000031
775 0.000035
776 0.000047
777 0.000000
778 0.000013
779 0.000012
780 0.000002
781 0.000000
782 0.000000
783 0.000000
