0 0.005491
1 0.004354
2 0.003692
3 0.003882
4 0.003453
5 0.003057
6 0.002846
7 0.002746
8 0.000730
9 0.000155
10 0.000102
11 0.000093
12 0.000164
13 0.000327
14 0.000536
15 0.000600
16 0.000225
17 0.000093
18 0.000207
19 0.000612
20 0.001187
21 0.001240
22 0.001493
23 0.001556
24 0.001414
25 0.001899
26 0.003275
27 0.004896
28 0.006203
29 0.005307
30 0.004014
31 0.003453
32 0.003340
33 0.003125
34 0.002746
35 0.002127
36 0.000310
37 0.000077
38 0.000068
39 0.000073
40 0.000091
41 0.000216
42 0.000431
43 0.000529
44 0.000300
45 0.000140
46 0.000103
47 0.000409
48 0.000980
49 0.001187
50 0.000000
51 0.000000
52 0.001759
53 0.003110
54 0.004674
55 0.008203
56 0.007542
57 0.006097
58 0.005001
59 0.003796
60 0.003126
61 0.002747
62 0.002650
63 0.000941
64 0.000160
65 0.000050
66 0.000063
67 0.000054
68 0.000049
69 0.000099
70 0.000216
71 0.000474
72 0.000422
73 0.000155
74 0.000073
75 0.000193
76 0.000003
77 0.000000
78 0.000000
79 0.000000
80 0.000000
81 0.004533
82 0.008203
83 0.008071
84 0.009287
85 0.007481
86 0.005848
87 0.004319
88 0.003191
89 0.002651
90 0.002469
91 0.000392
92 0.000070
93 0.000041
94 0.000040
95 0.000040
96 0.000041
97 0.000057
98 0.000113
99 0.000270
100 0.000474
101 0.000111
102 0.000000
103 0.000000
104 0.000000
105 0.000000
106 0.000000
107 0.000000
108 0.000018
109 0.008070
110 0.008071
111 0.008430
112 0.012808
113 0.009752
114 0.007651
115 0.005739
116 0.000000
117 0.000000
118 0.000000
119 0.000000
120 0.000000
121 0.000011
122 0.000035
123 0.000035
124 0.000037
125 0.000036
126 0.000061
127 0.000016
128 0.000002
129 0.000000
130 0.000000
131 0.000000
132 0.000000
133 0.000000
134 0.000000
135 0.000006
136 0.000329
137 0.009781
138 0.007035
139 0.006343
140 0.014435
141 0.012976
142 0.010240
143 0.008176
144 0.000000
145 0.000000
146 0.000000
147 0.000000
148 0.000000
149 0.000000
150 0.000000
151 0.000000
152 0.000000
153 0.000000
154 0.000000
155 0.000000
156 0.000000
157 0.000000
158 0.000000
159 0.000000
160 0.000000
161 0.000000
162 0.000002
163 0.000033
164 0.009821
165 0.006163
166 0.005785
167 0.005261
168 0.008296
169 0.014072
170 0.013357
171 0.011038
172 0.000000
173 0.000000
174 0.000000
175 0.000000
176 0.000000
177 0.000000
178 0.000000
179 0.000000
180 0.000000
181 0.000000
182 0.000000
183 0.000000
184 0.000000
185 0.000000
186 0.000000
187 0.000000
188 0.000000
189 0.000002
190 0.000035
191 0.000074
192 0.005698
193 0.005183
194 0.004545
195 0.004581
196 0.004620
197 0.006906
198 0.011189
199 0.013579
200 0.000115
201 0.000000
202 0.000000
203 0.000000
204 0.000000
205 0.000000
206 0.000000
207 0.000000
208 0.000000
209 0.000000
210 0.000000
211 0.000000
212 0.000000
213 0.000000
214 0.000000
215 0.000000
216 0.000000
217 0.000001
218 0.000007
219 0.000160
220 0.005067
221 0.004445
222 0.004551
223 0.008558
224 0.002717
225 0.003577
226 0.005073
227 0.009440
228 0.013619
229 0.000000
230 0.000000
231 0.000000
232 0.000000
233 0.000000
234 0.000000
235 0.000000
236 0.000000
237 0.000000
238 0.000000
239 0.000000
240 0.000000
241 0.000000
242 0.000000
243 0.000001
244 0.000003
245 0.000000
246 0.000001
247 0.000223
248 0.000254
249 0.000793
250 0.002162
251 0.004682
252 0.002587
253 0.002192
254 0.002588
255 0.002859
256 0.001688
257 0.000000
258 0.000000
259 0.000000
260 0.000000
261 0.000000
262 0.000000
263 0.000000
264 0.000000
265 0.000000
266 0.000000
267 0.000000
268 0.000000
269 0.000000
270 0.000008
271 0.999997
272 0.000019
273 0.000000
274 0.000002
275 0.000249
276 0.000454
277 0.000783
278 0.000901
279 0.002217
280 0.002694
281 0.001062
282 0.000556
283 0.000237
284 0.000211
285 0.000000
286 0.000000
287 0.000000
288 0.000000
289 0.000000
290 0.000000
291 0.000000
292 0.000000
293 0.000000
294 0.000000
295 0.000000
296 0.000000
297 0.000000
298 0.000057
299 0.000432
300 0.000013
301 0.000001
302 0.000012
303 0.008517
304 0.005701
305 0.007806
306 0.007939
307 0.003386
308 0.001022
309 0.000479
310 0.000193
311 0.000080
312 0.000011
313 0.000000
314 0.000000
315 0.000000
316 0.000000
317 0.000000
318 0.000000
319 0.000000
320 0.000000
321 0.000000
322 0.000000
323 0.000000
324 0.000000
325 0.000000
326 0.000002
327 0.000007
328 0.000002
329 0.000001
330 0.000129
331 0.003736
332 0.068532
333 0.051668
334 0.020986
335 0.006570
336 0.000606
337 0.000344
338 0.000204
339 0.000102
340 0.000003
341 0.000000
342 0.000000
343 0.000000
344 0.000000
345 0.000000
346 0.000000
347 0.000000
348 0.000000
349 0.000000
350 0.000000
351 0.000000
352 0.000000
353 0.000000
354 0.000000
355 0.000000
356 0.000000
357 0.000002
358 0.000075
359 0.000632
360 0.010686
361 0.010692
362 0.005980
363 0.001376
364 0.000546
365 0.000511
366 0.000310
367 0.000163
368 0.000001
369 0.000000
370 0.000000
371 0.000000
372 0.000000
373 0.000000
374 0.000000
375 0.000000
376 0.000000
377 0.000000
378 0.000000
379 0.000000
380 0.000000
381 0.000000
382 0.000000
383 0.000000
384 0.000000
385 0.000020
386 0.000010
387 0.000011
388 0.000314
389 0.000291
390 0.000256
391 0.000471
392 0.000400
393 0.000308
394 0.000229
395 0.000042
396 0.000000
397 0.000000
398 0.000000
399 0.000000
400 0.000000
401 0.000000
402 0.000000
403 0.000000
404 0.000000
405 0.000008
406 0.000010
407 0.000006
408 0.000000
409 0.000000
410 0.000000
411 0.000000
412 0.000000
413 0.000009
414 0.000003
415 0.000000
416 0.000001
417 0.000028
418 0.000051
419 0.000095
420 0.000243
421 0.000233
422 0.000221
423 0.000007
424 0.000000
425 0.000000
426 0.000000
427 0.000000
428 0.000000
429 0.000000
430 0.000000
431 0.000000
432 0.000001
433 0.000069
434 0.002431
435 0.000221
436 0.000017
437 0.000004
438 0.000001
439 0.000000
440 0.000000
441 0.000000
442 0.000000
443 0.000000
444 0.000000
445 0.000013
446 0.000025
447 0.000073
448 0.000236
449 0.000176
450 0.000179
451 0.000002
452 0.000000
453 0.000000
454 0.000000
455 0.000000
456 0.000000
457 0.000000
458 0.000000
459 0.000000
460 0.000001
461 0.000090
462 0.001819
463 0.999994
464 0.006452
465 0.000079
466 0.000000
467 0.000000
468 0.000000
469 0.000000
470 0.000000
471 0.000000
472 0.000000
473 0.000012
474 0.000053
475 0.000114
476 0.000430
477 0.000338
478 0.000089
479 0.000001
480 0.000000
481 0.000000
482 0.000000
483 0.000000
484 0.000000
485 0.000000
486 0.000000
487 0.000000
488 0.000003
489 0.000103
490 0.002089
491 0.015160
492 0.024520
493 0.000295
494 0.000000
495 0.000000
496 0.000000
497 0.000000
498 0.000000
499 0.000000
500 0.000001
501 0.000008
502 0.000208
503 0.000263
504 0.001348
505 0.000815
506 0.000030
507 0.000000
508 0.000000
509 0.000000
510 0.000000
511 0.000000
512 0.000000
513 0.000000
514 0.000000
515 0.000001
516 0.000034
517 0.000302
518 0.000101
519 0.000040
520 0.000055
521 0.000048
522 0.000002
523 0.000000
524 0.000000
525 0.000000
526 0.000000
527 0.000001
528 0.000001
529 0.000009
530 0.000346
531 0.000460
532 0.001283
533 0.001186
534 0.000017
535 0.000000
536 0.000000
537 0.000000
538 0.000000
539 0.000000
540 0.000000
541 0.000000
542 0.000000
543 0.000006
544 0.000022
545 0.000033
546 0.000030
547 0.000001
548 0.000004
549 0.000006
550 0.000011
551 0.000010
552 0.000006
553 0.000000
554 0.000000
555 0.000001
556 0.000004
557 0.000020
558 0.000460
559 0.000483
560 0.001508
561 0.001452
562 0.000018
563 0.000001
564 0.000000
565 0.000000
566 0.000000
567 0.000000
568 0.000007
569 0.000005
570 0.000003
571 0.000001
572 0.000001
573 0.000008
574 0.000057
575 0.000464
576 0.000141
577 0.000093
578 0.000053
579 0.000172
580 0.000301
581 0.000021
582 0.000002
583 0.000002
584 0.000011
585 0.000460
586 0.000483
587 0.000593
588 0.001764
589 0.001508
590 0.000114
591 0.000003
592 0.000001
593 0.000000
594 0.000001
595 0.000009
596 0.000032
597 0.000018
598 0.000002
599 0.000005
600 0.000004
601 0.000018
602 0.000315
603 0.018344
604 0.999988
605 0.000814
606 0.000133
607 0.000709
608 0.001066
609 0.000518
610 0.000112
611 0.000077
612 0.000983
613 0.000460
614 0.000566
615 0.000593
616 0.001892
617 0.001764
618 0.001508
619 0.000194
620 0.000006
621 0.000003
622 0.000006
623 0.000018
624 0.000104
625 0.000536
626 0.000056
627 0.000048
628 0.000061
629 0.000312
630 0.000459
631 0.001921
632 0.004695
633 0.001090
634 0.003232
635 0.004749
636 0.002820
637 0.003167
638 0.000686
639 0.004068
640 0.002032
641 0.001272
642 0.000000
643 0.000000
644 0.001960
645 0.001892
646 0.001827
647 0.001565
648 0.000710
649 0.000021
650 0.000126
651 0.001328
652 0.003593
653 0.015481
654 0.003433
655 0.000247
656 0.000053
657 0.000110
658 0.000320
659 0.000775
660 0.001376
661 0.002042
662 0.002037
663 0.004283
664 0.008937
665 0.024694
666 0.010007
667 0.010980
668 0.005157
669 0.000000
670 0.000000
671 0.000000
672 0.000000
673 0.001960
674 0.001892
675 0.001626
676 0.002000
677 0.003180
678 0.010861
679 0.078820
680 0.050345
681 0.004691
682 0.002299
683 0.000333
684 0.000110
685 0.000146
686 0.000163
687 0.001028
688 0.000793
689 0.003320
690 0.003997
691 0.002541
692 0.004797
693 0.010002
694 0.010005
695 0.010007
696 0.000000
697 0.000000
698 0.000000
699 0.000000
700 0.000000
701 0.000000
702 0.001960
703 0.001902
704 0.003329
705 0.006054
706 0.009999
707 0.010000
708 0.010000
709 0.010000
710 0.004960
711 0.000812
712 0.000186
713 0.000129
714 0.000202
715 0.000249
716 0.000481
717 0.001782
718 0.021151
719 0.010004
720 0.009999
721 0.009999
722 0.010003
723 0.000000
724 0.000000
725 0.000000
726 0.000000
727 0.000000
728 0.000000
729 0.000000
730 0.000000
731 0.000000
732 0.005481
733 0.009999
734 0.010000
735 0.010000
736 0.010000
737 0.010000
738 0.010000
739 0.001597
740 0.000334
741 0.000170
742 0.000212
743 0.000095
744 0.000304
745 0.001724
746 0.011468
747 0.013825
748 0.010002
749 0.009999
750 0.000003
751 0.000032
752 0.000036
753 0.000001
754 0.000000
755 0.000000
756 0.000000
757 0.000000
758 0.000002
759 0.000008
760 0.000000
761 0.010000
762 0.010000
763 0.010000
764 0.010000
765 0.010000
766 0.010000
767 0.003225
768 0.000609
769 0.000221
770 0.000198
771 0.000076
772 0.000095
773 0.001706
774 0.006306
775 0.017788
776 0.010005
777 0.000935
778 0.002334
779 0.002294
780 0.001136
781 0.000300
782 0.000003
783 0.000000
