0 0.009502
1 0.009486
2 0.009433
3 0.007732
4 0.005791
5 0.003987
6 0.003502
7 0.003398
8 0.001007
9 0.000258
10 0.000199
11 0.000233
12 0.000419
13 0.001249
14 0.004661
15 0.009024
16 0.004557
17 0.001320
18 0.000792
19 0.001279
20 0.002100
21 0.003187
22 0.005335
23 0.006505
24 0.006281
25 0.006281
26 0.006777
27 0.005150
28 0.010949
29 0.009502
30 0.009444
31 0.009433
32 0.007058
33 0.005109
34 0.003398
35 0.002403
36 0.000475
37 0.000148
38 0.000140
39 0.000197
40 0.000414
41 0.002517
42 0.007519
43 0.006766
44 0.002741
45 0.000869
46 0.000680
47 0.001053
48 0.002684
49 0.004643
50 0.000000
51 0.000000
52 0.006281
53 0.007354
54 0.004835
55 0.003786
56 0.010733
57 0.011297
58 0.009460
59 0.009444
60 0.009432
61 0.006308
62 0.004522
63 0.001229
64 0.000263
65 0.000103
66 0.000129
67 0.000199
68 0.000689
69 0.003821
70 0.009456
71 0.003830
72 0.001221
73 0.000667
74 0.000583
75 0.001326
76 0.000002
77 0.000000
78 0.000000
79 0.000000
80 0.000000
81 0.005158
82 0.003934
83 0.002472
84 0.008372
85 0.010361
86 0.012149
87 0.009414
88 0.009398
89 0.008643
90 0.006087
91 0.000821
92 0.000124
93 0.000087
94 0.000137
95 0.000292
96 0.001248
97 0.005015
98 0.005368
99 0.002159
100 0.000677
101 0.000213
102 0.000001
103 0.000000
104 0.000000
105 0.000000
106 0.000000
107 0.000000
108 0.000000
109 0.003700
110 0.002463
111 0.002205
112 0.004929
113 0.007913
114 0.010006
115 0.012999
116 0.000000
117 0.000000
118 0.000000
119 0.000000
120 0.000000
121 0.000023
122 0.000177
123 0.000601
124 0.002483
125 0.004267
126 0.002029
127 0.000030
128 0.000001
129 0.000000
130 0.000000
131 0.000000
132 0.000000
133 0.000000
134 0.000000
135 0.000000
136 0.000757
137 0.002241
138 0.001810
139 0.002162
140 0.004009
141 0.004409
142 0.007421
143 0.009505
144 0.000000
145 0.000000
146 0.000000
147 0.000000
148 0.000000
149 0.000000
150 0.000000
151 0.000001
152 0.000022
153 0.000002
154 0.000001
155 0.000000
156 0.000000
157 0.000000
158 0.000000
159 0.000000
160 0.000000
161 0.000000
162 0.000000
163 0.000000
164 0.002231
165 0.001485
166 0.001771
167 0.001840
168 0.003609
169 0.003401
170 0.003544
171 0.006960
172 0.000000
173 0.000000
174 0.000001
175 0.000000
176 0.000000
177 0.000000
178 0.000000
179 0.000000
180 0.000000
181 0.000000
182 0.000000
183 0.000000
184 0.000000
185 0.000000
186 0.000000
187 0.000001
188 0.000000
189 0.000000
190 0.000000
191 0.000007
192 0.001330
193 0.001379
194 0.001437
195 0.001900
196 0.003398
197 0.003298
198 0.002941
199 0.002971
200 0.000049
201 0.000000
202 0.000000
203 0.000001
204 0.000001
205 0.000000
206 0.000000
207 0.000000
208 0.000000
209 0.000000
210 0.000000
211 0.000000
212 0.000000
213 0.000000
214 0.000001
215 0.000000
216 0.000000
217 0.000000
218 0.000000
219 0.000132
220 0.001324
221 0.001379
222 0.001574
223 0.001841
224 0.003447
225 0.002940
226 0.002758
227 0.002672
228 0.002344
229 0.000000
230 0.000000
231 0.000000
232 0.000001
233 0.000001
234 0.000000
235 0.000000
236 0.000000
237 0.000000
238 0.000000
239 0.000000
240 0.000000
241 0.000000
242 0.000000
243 0.000000
244 0.000000
245 0.000000
246 0.000000
247 0.000042
248 0.000086
249 0.000143
250 0.000289
251 0.000480
252 0.003652
253 0.003065
254 0.002803
255 0.001476
256 0.000258
257 0.000000
258 0.000000
259 0.000000
260 0.000001
261 0.000001
262 0.000001
263 0.000000
264 0.000000
265 0.000000
266 0.000000
267 0.000000
268 0.000000
269 0.000000
270 0.000000
271 0.000000
272 0.000000
273 0.000000
274 0.000001
275 0.000007
276 0.000013
277 0.000024
278 0.000040
279 0.000070
280 0.003704
281 0.001107
282 0.000457
283 0.000128
284 0.000059
285 0.000000
286 0.000000
287 0.000000
288 0.000000
289 0.000001
290 0.000001
291 0.000001
292 0.000001
293 0.000001
294 0.000001
295 0.000002
296 0.000000
297 0.000000
298 0.000000
299 0.000000
300 0.000000
301 0.000000
302 0.000005
303 0.000009
304 0.000012
305 0.000016
306 0.000021
307 0.000040
308 0.000736
309 0.000313
310 0.000133
311 0.000049
312 0.000005
313 0.000000
314 0.000000
315 0.000000
316 0.000000
317 0.000001
318 0.000001
319 0.000003
320 0.000020
321 0.000106
322 0.000056
323 0.000003
324 0.000000
325 0.000000
326 0.000000
327 0.000000
328 0.000000
329 0.000001
330 0.000016
331 0.000009
332 0.000013
333 0.000021
334 0.000040
335 0.000096
336 0.000452
337 0.000207
338 0.000114
339 0.000061
340 0.000002
341 0.000000
342 0.000000
343 0.000000
344 0.000000
345 0.000000
346 0.000001
347 0.000011
348 0.000848
349 0.999977
350 0.000150
351 0.000001
352 0.000000
353 0.000000
354 0.000000
355 0.000000
356 0.000000
357 0.000002
358 0.000012
359 0.000024
360 0.000024
361 0.000051
362 0.000113
363 0.000194
364 0.000519
365 0.000405
366 0.000154
367 0.000062
368 0.000001
369 0.000000
370 0.000000
371 0.000001
372 0.000000
373 0.000000
374 0.000000
375 0.000010
376 0.000817
377 0.002787
378 0.000053
379 0.000000
380 0.000000
381 0.000000
382 0.000000
383 0.000000
384 0.000001
385 0.000009
386 0.000062
387 0.000093
388 0.000037
389 0.000153
390 0.000222
391 0.000178
392 0.000828
393 0.000275
394 0.000122
395 0.000020
396 0.000000
397 0.000000
398 0.000015
399 0.000003
400 0.000000
401 0.000000
402 0.000001
403 0.000005
404 0.000139
405 0.000012
406 0.000001
407 0.000000
408 0.000000
409 0.000000
410 0.000000
411 0.000001
412 0.000003
413 0.000105
414 0.001368
415 0.000856
416 0.000504
417 0.000192
418 0.000109
419 0.000076
420 0.000250
421 0.000297
422 0.000306
423 0.000010
424 0.000000
425 0.000003
426 0.000785
427 0.000076
428 0.000000
429 0.000000
430 0.000001
431 0.000003
432 0.000002
433 0.000001
434 0.000000
435 0.000000
436 0.000000
437 0.000000
438 0.000000
439 0.000001
440 0.000006
441 0.000242
442 0.999966
443 0.003516
444 0.001016
445 0.000236
446 0.000090
447 0.000050
448 0.000144
449 0.000149
450 0.000142
451 0.000004
452 0.000003
453 0.000254
454 0.999976
455 0.000083
456 0.000001
457 0.000000
458 0.000001
459 0.000001
460 0.000000
461 0.000000
462 0.000000
463 0.000000
464 0.000000
465 0.000000
466 0.000001
467 0.000003
468 0.000006
469 0.000032
470 0.000318
471 0.003531
472 0.001159
473 0.000241
474 0.000267
475 0.000248
476 0.000152
477 0.000111
478 0.000095
479 0.000002
480 0.000015
481 0.003578
482 0.000914
483 0.000184
484 0.000002
485 0.000001
486 0.000001
487 0.000000
488 0.000000
489 0.000000
490 0.000000
491 0.000000
492 0.000000
493 0.000001
494 0.000007
495 0.000017
496 0.000002
497 0.000001
498 0.000011
499 0.000300
500 0.001452
501 0.002214
502 0.002768
503 0.002604
504 0.000693
505 0.001057
506 0.000108
507 0.000010
508 0.000074
509 0.000847
510 0.000054
511 0.000027
512 0.000012
513 0.000001
514 0.000000
515 0.000000
516 0.000000
517 0.000000
518 0.000000
519 0.000000
520 0.000000
521 0.000001
522 0.000006
523 0.000008
524 0.000002
525 0.000001
526 0.000003
527 0.000138
528 0.003539
529 0.002343
530 0.008083
531 0.010020
532 0.001964
533 0.004213
534 0.000227
535 0.000056
536 0.001404
537 0.000060
538 0.000008
539 0.000016
540 0.000006
541 0.000000
542 0.000000
543 0.000000
544 0.000000
545 0.000000
546 0.000001
547 0.000001
548 0.000001
549 0.000001
550 0.000002
551 0.000003
552 0.000008
553 0.000008
554 0.000007
555 0.000128
556 0.002783
557 0.001909
558 0.007008
559 0.007087
560 0.006621
561 0.010008
562 0.000233
563 0.000235
564 0.000523
565 0.000065
566 0.000011
567 0.000008
568 0.000001
569 0.000000
570 0.000000
571 0.000000
572 0.000000
573 0.000000
574 0.000001
575 0.000001
576 0.000002
577 0.000009
578 0.000013
579 0.000009
580 0.000023
581 0.000034
582 0.000034
583 0.000080
584 0.002279
585 0.006990
586 0.007072
587 0.007156
588 0.010008
589 0.010008
590 0.002547
591 0.000973
592 0.000142
593 0.000010
594 0.000012
595 0.000002
596 0.000001
597 0.000000
598 0.000000
599 0.000000
600 0.000000
601 0.000000
602 0.000000
603 0.000001
604 0.000020
605 0.999966
606 0.001116
607 0.000120
608 0.000039
609 0.000037
610 0.000069
611 0.000643
612 0.009999
613 0.008421
614 0.007066
615 0.007146
616 0.010007
617 0.010006
618 0.010012
619 0.004432
620 0.000082
621 0.000025
622 0.000006
623 0.000002
624 0.000001
625 0.000000
626 0.000000
627 0.000000
628 0.000000
629 0.000000
630 0.000000
631 0.000001
632 0.000015
633 0.000305
634 0.002475
635 0.004130
636 0.000790
637 0.000308
638 0.000782
639 0.010012
640 0.010006
641 0.009999
642 0.000002
643 0.000001
644 0.010005
645 0.010010
646 0.010015
647 0.010016
648 0.007966
649 0.000147
650 0.000009
651 0.000001
652 0.000001
653 0.000001
654 0.000000
655 0.000000
656 0.000001
657 0.000001
658 0.000002
659 0.000004
660 0.000022
661 0.000150
662 0.000543
663 0.000540
664 0.001538
665 0.004702
666 0.006041
667 0.010444
668 0.010012
669 0.000003
670 0.000003
671 0.000002
672 0.000000
673 0.010014
674 0.010015
675 0.014852
676 0.016825
677 0.008114
678 0.000073
679 0.000015
680 0.000025
681 0.000099
682 0.000055
683 0.000007
684 0.000002
685 0.000002
686 0.000004
687 0.000026
688 0.000283
689 0.000993
690 0.000917
691 0.001927
692 0.002411
693 0.005947
694 0.006022
695 0.006119
696 0.000003
697 0.000003
698 0.000003
699 0.000001
700 0.000000
701 0.000000
702 0.012355
703 0.017205
704 0.009277
705 0.003140
706 0.000862
707 0.000530
708 0.000476
709 0.000374
710 0.000135
711 0.000019
712 0.000004
713 0.000003
714 0.000014
715 0.000096
716 0.000225
717 0.000449
718 0.001339
719 0.003570
720 0.010023
721 0.005635
722 0.006021
723 0.000003
724 0.000001
725 0.000002
726 0.000003
727 0.000003
728 0.000000
729 0.000000
730 0.000000
731 0.000000
732 0.004439
733 0.001033
734 0.000600
735 0.000560
736 0.000530
737 0.000419
738 0.000374
739 0.000052
740 0.000010
741 0.000006
742 0.000029
743 0.000219
744 0.000274
745 0.000294
746 0.000647
747 0.002021
748 0.005507
749 0.010020
750 0.000002
751 0.000005
752 0.000003
753 0.000001
754 0.000002
755 0.000003
756 0.000000
757 0.000000
758 0.000000
759 0.000000
760 0.000000
761 0.000807
762 0.000741
763 0.000591
764 0.000560
765 0.000530
766 0.000502
767 0.000143
768 0.000020
769 0.000018
770 0.000081
771 0.000231
772 0.000288
773 0.000358
774 0.000384
775 0.000999
776 0.002567
777 0.000385
778 0.001598
779 0.000625
780 0.000335
781 0.000178
782 0.000002
783 0.000003
