0 0.018609
1 0.022054
2 0.014866
3 0.009113
4 0.005641
5 0.005000
6 0.003708
7 0.002578
8 0.000411
9 0.000075
10 0.000055
11 0.000050
12 0.000053
13 0.000053
14 0.000051
15 0.000050
16 0.000040
17 0.000034
18 0.000146
19 0.000612
20 0.001055
21 0.001107
22 0.001356
23 0.001418
24 0.001278
25 0.001341
26 0.001623
27 0.001698
28 0.010851
29 0.018563
30 0.023628
31 0.014866
32 0.008623
33 0.005424
34 0.004612
35 0.002206
36 0.000214
37 0.000038
38 0.000035
39 0.000037
40 0.000038
41 0.000046
42 0.000041
43 0.000036
44 0.000029
45 0.000034
46 0.000079
47 0.000488
48 0.000855
49 0.001055
50 0.000000
51 0.000000
52 0.001218
53 0.001483
54 0.001341
55 0.001626
56 0.006857
57 0.010770
58 0.017487
59 0.023628
60 0.014867
61 0.008161
62 0.005138
63 0.001389
64 0.000145
65 0.000031
66 0.000031
67 0.000026
68 0.000023
69 0.000027
70 0.000027
71 0.000025
72 0.000025
73 0.000024
74 0.000058
75 0.000257
76 0.000000
77 0.000000
78 0.000000
79 0.000000
80 0.000000
81 0.001218
82 0.001486
83 0.001987
84 0.004094
85 0.006021
86 0.010071
87 0.019377
88 0.022529
89 0.014148
90 0.008161
91 0.000679
92 0.000085
93 0.000035
94 0.000022
95 0.000019
96 0.000019
97 0.000024
98 0.000022
99 0.000019
100 0.000021
101 0.000006
102 0.000000
103 0.000000
104 0.000000
105 0.000000
106 0.000000
107 0.000000
108 0.000001
109 0.001187
110 0.001834
111 0.003841
112 0.002887
113 0.003503
114 0.005153
115 0.010009
116 0.000000
117 0.000000
118 0.000000
119 0.000001
120 0.000005
121 0.000019
122 0.000029
123 0.000018
124 0.000017
125 0.000016
126 0.000016
127 0.000001
128 0.000000
129 0.000000
130 0.000000
131 0.000000
132 0.000000
133 0.000000
134 0.000000
135 0.000000
136 0.000071
137 0.001710
138 0.003863
139 0.009234
140 0.002498
141 0.002400
142 0.002880
143 0.004137
144 0.000000
145 0.000000
146 0.000000
147 0.000000
148 0.000000
149 0.000000
150 0.000000
151 0.000002
152 0.000001
153 0.000000
154 0.000000
155 0.000000
156 0.000000
157 0.000000
158 0.000000
159 0.000000
160 0.000000
161 0.000000
162 0.000000
163 0.000018
164 0.001816
165 0.003880
166 0.009723
167 0.014276
168 0.002143
169 0.001963
170 0.002003
171 0.002459
172 0.000000
173 0.000000
174 0.000000
175 0.000000
176 0.000000
177 0.000000
178 0.000000
179 0.000000
180 0.000000
181 0.000000
182 0.000000
183 0.000000
184 0.000000
185 0.000000
186 0.000000
187 0.000000
188 0.000000
189 0.000000
190 0.000002
191 0.000037
192 0.004719
193 0.009989
194 0.016685
195 0.012468
196 0.001963
197 0.001880
198 0.001592
199 0.001558
200 0.000008
201 0.000000
202 0.000000
203 0.000000
204 0.000000
205 0.000000
206 0.000000
207 0.000000
208 0.000000
209 0.000000
210 0.000000
211 0.000000
212 0.000000
213 0.000000
214 0.000000
215 0.000000
216 0.000000
217 0.000000
218 0.000049
219 0.000404
220 0.012691
221 0.016768
222 0.011851
223 0.007488
224 0.001891
225 0.001601
226 0.001452
227 0.001387
228 0.001105
229 0.000000
230 0.000000
231 0.000000
232 0.000000
233 0.000000
234 0.000000
235 0.000000
236 0.000000
237 0.000000
238 0.000000
239 0.000000
240 0.000000
241 0.000000
242 0.000000
243 0.000000
244 0.000000
245 0.000020
246 0.000691
247 0.736757
248 0.027370
249 0.013802
250 0.007270
251 0.005551
252 0.001810
253 0.001460
254 0.001395
255 0.000725
256 0.000123
257 0.000000
258 0.000000
259 0.000000
260 0.000000
261 0.000000
262 0.000000
263 0.000000
264 0.000000
265 0.000000
266 0.000000
267 0.000000
268 0.000000
269 0.000000
270 0.000000
271 0.000000
272 0.000000
273 0.000016
274 0.000084
275 0.014188
276 0.014212
277 0.016020
278 0.015693
279 0.011716
280 0.001452
281 0.000428
282 0.000192
283 0.000046
284 0.000018
285 0.000000
286 0.000000
287 0.000000
288 0.000000
289 0.000000
290 0.000000
291 0.000000
292 0.000000
293 0.000000
294 0.000000
295 0.000000
296 0.000000
297 0.000000
298 0.000000
299 0.000000
300 0.000000
301 0.000000
302 0.000006
303 0.000275
304 0.000586
305 0.001245
306 0.003178
307 0.007115
308 0.000241
309 0.000081
310 0.000027
311 0.000010
312 0.000001
313 0.000000
314 0.000000
315 0.000000
316 0.000000
317 0.000000
318 0.000000
319 0.000000
320 0.000000
321 0.000000
322 0.000000
323 0.000000
324 0.000000
325 0.000000
326 0.000000
327 0.000000
328 0.000000
329 0.000000
330 0.000002
331 0.000007
332 0.000035
333 0.000108
334 0.000392
335 0.001038
336 0.000072
337 0.000033
338 0.000018
339 0.000009
340 0.000000
341 0.000000
342 0.000000
343 0.000000
344 0.000000
345 0.000000
346 0.000000
347 0.000000
348 0.000000
349 0.000000
350 0.000000
351 0.000000
352 0.000000
353 0.000000
354 0.000000
355 0.000000
356 0.000000
357 0.000000
358 0.000001
359 0.000007
360 0.000054
361 0.000090
362 0.000140
363 0.000215
364 0.000057
365 0.000045
366 0.000025
367 0.000013
368 0.000000
369 0.000000
370 0.000000
371 0.000000
372 0.000000
373 0.000000
374 0.000000
375 0.000000
376 0.000000
377 0.000000
378 0.000000
379 0.000000
380 0.000000
381 0.000000
382 0.000000
383 0.000000
384 0.000000
385 0.000000
386 0.000000
387 0.000007
388 0.000044
389 0.000155
390 0.000128
391 0.000085
392 0.000072
393 0.000043
394 0.000021
395 0.000002
396 0.000000
397 0.000000
398 0.000000
399 0.000000
400 0.000000
401 0.000000
402 0.000000
403 0.000000
404 0.000000
405 0.000000
406 0.000000
407 0.000002
408 0.000058
409 0.000085
410 0.000006
411 0.000000
412 0.000000
413 0.000000
414 0.000000
415 0.000002
416 0.000024
417 0.000068
418 0.000058
419 0.000049
420 0.000120
421 0.000071
422 0.000046
423 0.000001
424 0.000000
425 0.000000
426 0.000000
427 0.000000
428 0.000000
429 0.000000
430 0.000000
431 0.000000
432 0.000000
433 0.000000
434 0.000000
435 0.000001
436 0.005144
437 0.018950
438 0.000735
439 0.000001
440 0.000000
441 0.000000
442 0.000000
443 0.000000
444 0.000005
445 0.000045
446 0.000025
447 0.000027
448 0.000188
449 0.000152
450 0.000120
451 0.000000
452 0.000000
453 0.000000
454 0.000000
455 0.000000
456 0.000000
457 0.000000
458 0.000000
459 0.000000
460 0.000000
461 0.000000
462 0.000000
463 0.000000
464 0.000129
465 0.822021
466 0.999998
467 0.000023
468 0.000000
469 0.000000
470 0.000000
471 0.000000
472 0.000001
473 0.000014
474 0.000044
475 0.000074
476 0.000284
477 0.000223
478 0.000043
479 0.000000
480 0.000000
481 0.000000
482 0.000000
483 0.000000
484 0.000000
485 0.000000
486 0.000000
487 0.000000
488 0.000000
489 0.000000
490 0.000000
491 0.000000
492 0.000003
493 0.000134
494 0.000950
495 0.000375
496 0.000003
497 0.000000
498 0.000000
499 0.000000
500 0.000001
501 0.000014
502 0.000108
503 0.000161
504 0.000515
505 0.000356
506 0.000010
507 0.000000
508 0.000000
509 0.000000
510 0.000000
511 0.000000
512 0.000000
513 0.000000
514 0.000000
515 0.000000
516 0.000000
517 0.000000
518 0.000000
519 0.000000
520 0.000000
521 0.000001
522 0.000003
523 0.000052
524 0.000096
525 0.000004
526 0.000000
527 0.000000
528 0.000001
529 0.000034
530 0.000197
531 0.000212
532 0.000480
533 0.000431
534 0.000004
535 0.000000
536 0.000000
537 0.000000
538 0.000000
539 0.000000
540 0.000000
541 0.000000
542 0.000000
543 0.000000
544 0.000000
545 0.000001
546 0.000000
547 0.000000
548 0.000000
549 0.000000
550 0.000000
551 0.000001
552 0.000109
553 0.000117
554 0.000011
555 0.000001
556 0.000005
557 0.000019
558 0.000318
559 0.000225
560 0.000601
561 0.000571
562 0.000004
563 0.000000
564 0.000000
565 0.000000
566 0.000000
567 0.000000
568 0.000000
569 0.000000
570 0.000000
571 0.000045
572 0.000941
573 0.000622
574 0.000030
575 0.000001
576 0.000000
577 0.000000
578 0.000000
579 0.000000
580 0.000005
581 0.000143
582 0.000188
583 0.000036
584 0.000066
585 0.002278
586 0.000953
587 0.000530
588 0.000750
589 0.000601
590 0.000037
591 0.000001
592 0.000000
593 0.000000
594 0.000000
595 0.000000
596 0.000001
597 0.000001
598 0.000008
599 0.000417
600 1.000000
601 0.025285
602 0.000284
603 0.000004
604 0.000001
605 0.000000
606 0.000000
607 0.000000
608 0.000000
609 0.000006
610 0.000212
611 0.000620
612 0.010000
613 0.006022
614 0.002949
615 0.001531
616 0.000828
617 0.000750
618 0.000601
619 0.000063
620 0.000001
621 0.000000
622 0.000000
623 0.000003
624 0.000041
625 0.000186
626 0.000057
627 0.000085
628 0.001534
629 0.002184
630 0.000175
631 0.000224
632 0.000030
633 0.000002
634 0.000001
635 0.000001
636 0.000000
637 0.000002
638 0.000105
639 0.009055
640 0.010310
641 0.010000
642 0.000000
643 0.000000
644 0.000871
645 0.000828
646 0.000788
647 0.000634
648 0.000266
649 0.000030
650 0.000031
651 0.000185
652 0.000344
653 0.000204
654 0.000033
655 0.000087
656 0.000808
657 0.016160
658 0.002164
659 0.000157
660 0.000012
661 0.000008
662 0.000025
663 0.000012
664 0.000005
665 0.000021
666 0.001232
667 0.004108
668 0.009129
669 0.000000
670 0.000000
671 0.000000
672 0.000000
673 0.000871
674 0.000828
675 0.000668
676 0.000750
677 0.000601
678 0.000979
679 0.000110
680 0.000216
681 0.000600
682 0.001511
683 0.000633
684 0.001066
685 0.009918
686 0.006208
687 0.000906
688 0.000079
689 0.000039
690 0.000051
691 0.000031
692 0.000033
693 0.000222
694 0.000518
695 0.001655
696 0.000000
697 0.000000
698 0.000000
699 0.000000
700 0.000000
701 0.000000
702 0.000871
703 0.000828
704 0.000788
705 0.000750
706 0.000601
707 0.000970
708 0.002326
709 0.006443
710 0.004445
711 0.000746
712 0.000654
713 0.002092
714 0.010000
715 0.002674
716 0.000214
717 0.000055
718 0.000138
719 0.000145
720 0.000154
721 0.000200
722 0.000305
723 0.000000
724 0.000000
725 0.000000
726 0.000000
727 0.000000
728 0.000000
729 0.000000
730 0.000000
731 0.000000
732 0.000828
733 0.000788
734 0.000750
735 0.001739
736 0.005388
737 0.010000
738 0.014482
739 0.001560
740 0.000583
741 0.000858
742 0.007664
743 0.006101
744 0.000591
745 0.000141
746 0.000152
747 0.000189
748 0.000200
749 0.000259
750 0.000000
751 0.000000
752 0.000000
753 0.000000
754 0.000000
755 0.000000
756 0.000000
757 0.000000
758 0.000000
759 0.000000
760 0.000000
761 0.000828
762 0.001560
763 0.003763
764 0.010000
765 0.011007
766 0.015645
767 0.003722
768 0.000456
769 0.000542
770 0.003270
771 0.004893
772 0.001314
773 0.000624
774 0.000283
775 0.000168
776 0.000212
777 0.000010
778 0.000109
779 0.000098
780 0.000310
781 0.000001
782 0.000000
783 0.000000
