0 0.004009
1 0.003806
2 0.003368
3 0.003558
4 0.003132
5 0.002742
6 0.002536
7 0.003648
8 0.001481
9 0.000588
10 0.000439
11 0.000332
12 0.000196
13 0.000107
14 0.000091
15 0.000089
16 0.000073
17 0.000061
18 0.000202
19 0.000660
20 0.001319
21 0.001813
22 0.003506
23 0.005936
24 0.007437
25 0.007437
26 0.008824
27 0.007033
28 0.003725
29 0.003817
30 0.003248
31 0.003132
32 0.003020
33 0.002809
34 0.002439
35 0.001760
36 0.000498
37 0.000237
38 0.000351
39 0.000389
40 0.000248
41 0.000139
42 0.000076
43 0.000066
44 0.000055
45 0.000061
46 0.000096
47 0.000420
48 0.001460
49 0.002952
50 0.000003
51 0.000000
52 0.007437
53 0.008682
54 0.006329
55 0.004579
56 0.004160
57 0.003613
58 0.003368
59 0.003020
60 0.002809
61 0.002439
62 0.002346
63 0.000811
64 0.000168
65 0.000105
66 0.000249
67 0.000349
68 0.000291
69 0.000152
70 0.000068
71 0.000048
72 0.000048
73 0.000043
74 0.000052
75 0.000225
76 0.000012
77 0.000000
78 0.000000
79 0.000000
80 0.000000
81 0.006353
82 0.004478
83 0.002871
84 0.004211
85 0.003829
86 0.003248
87 0.002826
88 0.002439
89 0.002346
90 0.002171
91 0.000344
92 0.000061
93 0.000060
94 0.000110
95 0.000231
96 0.000347
97 0.000251
98 0.000102
99 0.000037
100 0.000039
101 0.000017
102 0.000000
103 0.000000
104 0.000000
105 0.000000
106 0.000000
107 0.000000
108 0.000000
109 0.003926
110 0.002773
111 0.001822
112 0.003903
113 0.003901
114 0.003515
115 0.003103
116 0.000000
117 0.000000
118 0.000000
119 0.000000
120 0.000000
121 0.000012
122 0.000059
123 0.000118
124 0.000302
125 0.000347
126 0.000145
127 0.000006
128 0.000000
129 0.000000
130 0.000000
131 0.000000
132 0.000000
133 0.000001
134 0.000001
135 0.000000
136 0.001587
137 0.002391
138 0.001463
139 0.001719
140 0.003905
141 0.003616
142 0.003614
143 0.003613
144 0.000000
145 0.000000
146 0.000000
147 0.000000
148 0.000000
149 0.000000
150 0.000000
151 0.000000
152 0.000002
153 0.000002
154 0.000002
155 0.000000
156 0.000000
157 0.000000
158 0.000000
159 0.000000
160 0.000002
161 0.000002
162 0.000000
163 0.000000
164 0.002082
165 0.001164
166 0.001377
167 0.001652
168 0.003620
169 0.003618
170 0.003617
171 0.003615
172 0.000000
173 0.000000
174 0.000000
175 0.000000
176 0.000000
177 0.000000
178 0.000000
179 0.000000
180 0.000000
181 0.000000
182 0.000000
183 0.000000
184 0.000000
185 0.000000
186 0.000000
187 0.000007
188 0.000006
189 0.000000
190 0.000000
191 0.000036
192 0.001005
193 0.001045
194 0.001496
195 0.002422
196 0.004192
197 0.003620
198 0.003354
199 0.003352
200 0.000051
201 0.000000
202 0.000000
203 0.000000
204 0.000000
205 0.000000
206 0.000000
207 0.000000
208 0.000000
209 0.000000
210 0.000000
211 0.000000
212 0.000000
213 0.000000
214 0.000001
215 0.000001
216 0.000000
217 0.000000
218 0.000000
219 0.000205
220 0.001090
221 0.001599
222 0.002225
223 0.003614
224 0.005441
225 0.004342
226 0.003698
227 0.003355
228 0.003108
229 0.000000
230 0.000000
231 0.000000
232 0.000000
233 0.000000
234 0.000000
235 0.000000
236 0.000000
237 0.000000
238 0.000000
239 0.000000
240 0.000002
241 0.000007
242 0.000001
243 0.000000
244 0.000000
245 0.000000
246 0.000000
247 0.000060
248 0.000163
249 0.000344
250 0.001189
251 0.003313
252 0.006986
253 0.005560
254 0.004792
255 0.002769
256 0.000838
257 0.000000
258 0.000000
259 0.000000
260 0.000000
261 0.000000
262 0.000000
263 0.000000
264 0.000000
265 0.000000
266 0.000000
267 0.000075
268 0.999996
269 0.000258
270 0.000001
271 0.000000
272 0.000000
273 0.000000
274 0.000000
275 0.000021
276 0.000051
277 0.000253
278 0.000620
279 0.001246
280 0.007697
281 0.003510
282 0.001886
283 0.000708
284 0.000375
285 0.000001
286 0.000000
287 0.000000
288 0.000000
289 0.000000
290 0.000000
291 0.000000
292 0.000000
293 0.000000
294 0.000000
295 0.000020
296 0.000651
297 0.000197
298 0.000001
299 0.000000
300 0.000000
301 0.000000
302 0.000003
303 0.000263
304 0.000416
305 0.000596
306 0.000504
307 0.000493
308 0.003389
309 0.001615
310 0.000866
311 0.000503
312 0.000064
313 0.000001
314 0.000000
315 0.000000
316 0.000000
317 0.000000
318 0.000000
319 0.000000
320 0.000000
321 0.000000
322 0.000000
323 0.000001
324 0.000003
325 0.000004
326 0.000000
327 0.000000
328 0.000000
329 0.000000
330 0.000039
331 0.000999
332 0.004060
333 0.002354
334 0.001789
335 0.000797
336 0.001472
337 0.001467
338 0.001114
339 0.000670
340 0.000019
341 0.000001
342 0.000000
343 0.000000
344 0.000000
345 0.000000
346 0.000000
347 0.000001
348 0.000000
349 0.000001
350 0.000000
351 0.000000
352 0.000000
353 0.000000
354 0.000000
355 0.000000
356 0.000000
357 0.000002
358 0.000030
359 0.000489
360 0.022261
361 0.008889
362 0.002303
363 0.000856
364 0.000644
365 0.000928
366 0.000921
367 0.000735
368 0.000004
369 0.000000
370 0.000000
371 0.000000
372 0.000000
373 0.000000
374 0.000002
375 0.000019
376 0.000060
377 0.000005
378 0.000000
379 0.000000
380 0.000000
381 0.000000
382 0.000000
383 0.000000
384 0.000000
385 0.000001
386 0.000003
387 0.000136
388 0.002530
389 0.003183
390 0.003269
391 0.002441
392 0.000218
393 0.000184
394 0.000180
395 0.000056
396 0.000001
397 0.000000
398 0.000000
399 0.000000
400 0.000000
401 0.000000
402 0.000001
403 0.000090
404 0.000292
405 0.000113
406 0.000001
407 0.000000
408 0.000000
409 0.000000
410 0.000000
411 0.000000
412 0.000001
413 0.000001
414 0.000000
415 0.000001
416 0.000116
417 0.002507
418 0.001851
419 0.002769
420 0.000118
421 0.000078
422 0.000065
423 0.000003
424 0.000000
425 0.000000
426 0.000000
427 0.000000
428 0.000000
429 0.000000
430 0.000001
431 0.000054
432 0.000223
433 0.000114
434 0.000055
435 0.000001
436 0.000000
437 0.000000
438 0.000000
439 0.000001
440 0.000001
441 0.000000
442 0.000000
443 0.000000
444 0.000002
445 0.000944
446 0.003073
447 0.004868
448 0.000145
449 0.000078
450 0.000056
451 0.000001
452 0.000000
453 0.000000
454 0.000000
455 0.000000
456 0.000000
457 0.000000
458 0.000001
459 0.000007
460 0.000081
461 0.000365
462 0.000783
463 0.000380
464 0.000002
465 0.000000
466 0.000000
467 0.000000
468 0.000000
469 0.000000
470 0.000000
471 0.000000
472 0.000001
473 0.000240
474 0.001177
475 0.002685
476 0.000410
477 0.000226
478 0.000063
479 0.000000
480 0.000000
481 0.000000
482 0.000000
483 0.000000
484 0.000000
485 0.000000
486 0.000000
487 0.000003
488 0.000078
489 0.004105
490 0.009883
491 0.002183
492 0.000075
493 0.000001
494 0.000000
495 0.000000
496 0.000000
497 0.000000
498 0.000000
499 0.000000
500 0.000000
501 0.000024
502 0.000837
503 0.001466
504 0.001513
505 0.001354
506 0.000072
507 0.000001
508 0.000000
509 0.000000
510 0.000000
511 0.000000
512 0.000000
513 0.000000
514 0.000000
515 0.000001
516 0.000052
517 0.999993
518 0.005991
519 0.000198
520 0.000036
521 0.000047
522 0.000007
523 0.000002
524 0.000000
525 0.000000
526 0.000000
527 0.000000
528 0.000000
529 0.000012
530 0.000679
531 0.000807
532 0.002227
533 0.003672
534 0.000108
535 0.000003
536 0.000001
537 0.000000
538 0.000000
539 0.000000
540 0.000000
541 0.000000
542 0.000000
543 0.000000
544 0.000006
545 0.000009
546 0.000016
547 0.000050
548 0.000105
549 0.002996
550 0.999981
551 0.000334
552 0.000006
553 0.000000
554 0.000000
555 0.000001
556 0.000001
557 0.000022
558 0.000671
559 0.000700
560 0.004459
561 0.007373
562 0.000148
563 0.000004
564 0.000002
565 0.000003
566 0.000003
567 0.000001
568 0.000001
569 0.000000
570 0.000000
571 0.000000
572 0.000000
573 0.000000
574 0.000001
575 0.000002
576 0.000397
577 0.023445
578 0.064256
579 0.017034
580 0.000517
581 0.000017
582 0.000002
583 0.000001
584 0.000011
585 0.000671
586 0.000700
587 0.000840
588 0.007804
589 0.010001
590 0.000910
591 0.000019
592 0.000006
593 0.000003
594 0.000008
595 0.000014
596 0.000085
597 0.000106
598 0.000010
599 0.000003
600 0.000001
601 0.000000
602 0.000000
603 0.000000
604 0.000003
605 0.000144
606 0.002073
607 0.013673
608 0.015719
609 0.001284
610 0.000100
611 0.000068
612 0.000743
613 0.000671
614 0.000806
615 0.000840
616 0.010001
617 0.010002
618 0.010002
619 0.001399
620 0.000041
621 0.000022
622 0.000029
623 0.000119
624 0.000921
625 0.002703
626 0.000306
627 0.000077
628 0.000013
629 0.000002
630 0.000001
631 0.000001
632 0.000001
633 0.000007
634 0.000019
635 0.000378
636 0.004150
637 0.007089
638 0.004189
639 0.002534
640 0.001394
641 0.000929
642 0.000000
643 0.000000
644 0.010002
645 0.010002
646 0.010002
647 0.010002
648 0.005096
649 0.000196
650 0.001259
651 0.002860
652 0.003751
653 0.010423
654 0.001325
655 0.000078
656 0.000012
657 0.000011
658 0.000036
659 0.000063
660 0.000137
661 0.000068
662 0.000056
663 0.000040
664 0.000135
665 0.008750
666 0.010000
667 0.005917
668 0.003106
669 0.000000
670 0.000000
671 0.000000
672 0.000000
673 0.010002
674 0.010002
675 0.010001
676 0.010001
677 0.006600
678 0.015415
679 0.007631
680 0.008646
681 0.002888
682 0.002293
683 0.000156
684 0.000021
685 0.000018
686 0.000034
687 0.000358
688 0.003855
689 0.010008
690 0.002377
691 0.003557
692 0.006848
693 0.024833
694 0.022094
695 0.009999
696 0.000000
697 0.000000
698 0.000000
699 0.000000
700 0.000000
701 0.000000
702 0.010001
703 0.010001
704 0.007023
705 0.006129
706 0.006339
707 0.009883
708 0.010003
709 0.010004
710 0.002671
711 0.000237
712 0.000029
713 0.000020
714 0.000049
715 0.000429
716 0.002647
717 0.008221
718 0.010005
719 0.011572
720 0.024837
721 0.024333
722 0.025521
723 0.000000
724 0.000000
725 0.000000
726 0.000000
727 0.000000
728 0.000000
729 0.000000
730 0.000000
731 0.000000
732 0.005735
733 0.005856
734 0.008015
735 0.010005
736 0.010004
737 0.007516
738 0.003402
739 0.000311
740 0.000060
741 0.000028
742 0.000081
743 0.000371
744 0.001606
745 0.004705
746 0.010003
747 0.010005
748 0.016103
749 0.023338
750 0.000001
751 0.000001
752 0.000001
753 0.000000
754 0.000000
755 0.000000
756 0.000000
757 0.000000
758 0.000003
759 0.000003
760 0.000000
761 0.006799
762 0.009640
763 0.010003
764 0.010003
765 0.005222
766 0.002469
767 0.000560
768 0.000107
769 0.000060
770 0.000153
771 0.000385
772 0.001011
773 0.002809
774 0.006903
775 0.010004
776 0.009189
777 0.000001
778 0.001880
779 0.001210
780 0.000012
781 0.000001
782 0.000000
783 0.000000
