0 0.008061
1 0.007695
2 0.007523
3 0.008449
4 0.006445
5 0.004080
6 0.002431
7 0.001758
8 0.000382
9 0.000093
10 0.001557
11 0.005170
12 0.002401
13 0.000652
14 0.000286
15 0.000111
16 0.000046
17 0.000029
18 0.000121
19 0.000507
20 0.001165
21 0.001219
22 0.001481
23 0.001546
24 0.001399
25 0.001512
26 0.001944
27 0.002981
28 0.008659
29 0.008061
30 0.007515
31 0.007523
32 0.008795
33 0.007105
34 0.004367
35 0.001392
36 0.000150
37 0.000150
38 0.001747
39 0.007057
40 0.000752
41 0.000487
42 0.000159
43 0.000055
44 0.000026
45 0.000029
46 0.000049
47 0.000290
48 0.000952
49 0.001165
50 0.000052
51 0.000000
52 0.001393
53 0.001859
54 0.002803
55 0.004385
56 0.009530
57 0.008659
58 0.008061
59 0.007515
60 0.007523
61 0.009632
62 0.007268
63 0.001643
64 0.000119
65 0.000600
66 0.003378
67 0.003127
68 0.000558
69 0.000182
70 0.000067
71 0.000026
72 0.000022
73 0.000020
74 0.000024
75 0.000115
76 0.000059
77 0.000000
78 0.000000
79 0.000000
80 0.000000
81 0.002803
82 0.004536
83 0.005508
84 0.010000
85 0.009530
86 0.008659
87 0.007874
88 0.007341
89 0.007349
90 0.011180
91 0.001213
92 0.000234
93 0.001344
94 0.005281
95 0.000716
96 0.000396
97 0.000106
98 0.000036
99 0.000017
100 0.000018
101 0.000007
102 0.000001
103 0.000001
104 0.000000
105 0.000000
106 0.000000
107 0.000000
108 0.000000
109 0.004409
110 0.005737
111 0.005924
112 0.009314
113 0.010000
114 0.009530
115 0.008659
116 0.000000
117 0.000000
118 0.000000
119 0.000000
120 0.000019
121 0.004596
122 0.006770
123 0.000723
124 0.000148
125 0.000045
126 0.000014
127 0.000002
128 0.000001
129 0.000001
130 0.000000
131 0.000000
132 0.000000
133 0.000000
134 0.000000
135 0.000000
136 0.000121
137 0.005521
138 0.005676
139 0.005924
140 0.007031
141 0.008678
142 0.010000
143 0.009762
144 0.000009
145 0.000000
146 0.000000
147 0.000000
148 0.000000
149 0.000001
150 0.000003
151 0.000002
152 0.000002
153 0.000000
154 0.000001
155 0.000000
156 0.000000
157 0.000000
158 0.000000
159 0.000000
160 0.000000
161 0.000000
162 0.000000
163 0.000001
164 0.006673
165 0.005438
166 0.005676
167 0.005675
168 0.004951
169 0.006551
170 0.008088
171 0.010000
172 0.000433
173 0.000084
174 0.000000
175 0.000000
176 0.000000
177 0.000000
178 0.000000
179 0.000000
180 0.000000
181 0.000000
182 0.000000
183 0.000000
184 0.000000
185 0.000000
186 0.000000
187 0.000000
188 0.000000
189 0.000000
190 0.000000
191 0.000010
192 0.005438
193 0.005438
194 0.004187
195 0.003358
196 0.004021
197 0.004620
198 0.005692
199 0.007540
200 0.000257
201 0.000433
202 0.000295
203 0.000003
204 0.000001
205 0.000000
206 0.000000
207 0.000000
208 0.000000
209 0.000000
210 0.000000
211 0.000000
212 0.000000
213 0.000000
214 0.000000
215 0.000000
216 0.000000
217 0.000000
218 0.000001
219 0.000175
220 0.005742
221 0.003814
222 0.002807
223 0.002057
224 0.004004
225 0.003751
226 0.004025
227 0.005308
228 0.006551
229 0.000089
230 0.000004
231 0.000191
232 0.000264
233 0.000003
234 0.000000
235 0.000000
236 0.000000
237 0.000000
238 0.000000
239 0.000000
240 0.000000
241 0.000000
242 0.000000
243 0.000000
244 0.000000
245 0.000000
246 0.000000
247 0.000512
248 0.000467
249 0.000428
250 0.000461
251 0.000456
252 0.004004
253 0.003739
254 0.003743
255 0.002761
256 0.001740
257 0.000002
258 0.000018
259 0.027499
260 0.006498
261 0.000412
262 0.000001
263 0.000000
264 0.000000
265 0.000000
266 0.000000
267 0.000000
268 0.000000
269 0.000000
270 0.000000
271 0.000000
272 0.000000
273 0.000000
274 0.000000
275 0.000059
276 0.000056
277 0.000054
278 0.000063
279 0.000105
280 0.003756
281 0.001782
282 0.001643
283 0.004867
284 0.004584
285 0.000012
286 0.000022
287 0.015178
288 0.999999
289 0.000048
290 0.000001
291 0.000000
292 0.000000
293 0.000000
294 0.000000
295 0.000000
296 0.000000
297 0.000000
298 0.000000
299 0.000000
300 0.000000
301 0.000000
302 0.000000
303 0.000034
304 0.000026
305 0.000030
306 0.000036
307 0.000048
308 0.001619
309 0.005919
310 0.005685
311 0.005032
312 0.001349
313 0.000163
314 0.000003
315 0.000365
316 0.001773
317 0.000003
318 0.000000
319 0.000000
320 0.000000
321 0.000000
322 0.000000
323 0.000000
324 0.000000
325 0.000000
326 0.000000
327 0.000000
328 0.000000
329 0.000000
330 0.000000
331 0.000003
332 0.000022
333 0.000028
334 0.000050
335 0.000107
336 0.003281
337 0.003873
338 0.007920
339 0.009123
340 0.000099
341 0.000086
342 0.000004
343 0.000010
344 0.000004
345 0.000000
346 0.000000
347 0.000000
348 0.000000
349 0.000000
350 0.000000
351 0.000000
352 0.000001
353 0.000000
354 0.000000
355 0.000000
356 0.000000
357 0.000000
358 0.000000
359 0.000000
360 0.000034
361 0.000064
362 0.000124
363 0.000196
364 0.004190
365 0.003089
366 0.001329
367 0.001479
368 0.000007
369 0.000009
370 0.000021
371 0.000000
372 0.000000
373 0.000000
374 0.000000
375 0.000000
376 0.000000
377 0.000000
378 0.000009
379 0.000370
380 0.000081
381 0.000000
382 0.000000
383 0.000000
384 0.000000
385 0.000000
386 0.000000
387 0.000000
388 0.000027
389 0.000178
390 0.000271
391 0.000330
392 0.000753
393 0.000674
394 0.000530
395 0.000036
396 0.000001
397 0.000001
398 0.000004
399 0.000000
400 0.000000
401 0.000000
402 0.000000
403 0.000000
404 0.000000
405 0.000003
406 0.000244
407 0.999999
408 0.000186
409 0.000001
410 0.000000
411 0.000000
412 0.000000
413 0.000000
414 0.000000
415 0.000000
416 0.000010
417 0.000306
418 0.000320
419 0.000326
420 0.000723
421 0.000277
422 0.000132
423 0.000001
424 0.000000
425 0.000000
426 0.000000
427 0.000000
428 0.000000
429 0.000000
430 0.000000
431 0.000000
432 0.000001
433 0.000043
434 0.000456
435 0.000052
436 0.000037
437 0.000001
438 0.000000
439 0.000000
440 0.000000
441 0.000000
442 0.000000
443 0.000000
444 0.000001
445 0.000325
446 0.000283
447 0.000197
448 0.000328
449 0.000101
450 0.000037
451 0.000000
452 0.000000
453 0.000000
454 0.000000
455 0.000000
456 0.000000
457 0.000000
458 0.000001
459 0.000005
460 0.000025
461 0.000084
462 0.000023
463 0.000004
464 0.000001
465 0.000013
466 0.000000
467 0.000000
468 0.000000
469 0.000000
470 0.000000
471 0.000000
472 0.000000
473 0.000039
474 0.000099
475 0.000118
476 0.000439
477 0.000122
478 0.000014
479 0.000000
480 0.000000
481 0.000000
482 0.000000
483 0.000000
484 0.000000
485 0.000000
486 0.000000
487 0.000038
488 0.000016
489 0.000028
490 0.000002
491 0.000002
492 0.000005
493 0.000005
494 0.000001
495 0.000001
496 0.000001
497 0.000000
498 0.000000
499 0.000000
500 0.000000
501 0.000003
502 0.000125
503 0.000184
504 0.001074
505 0.000547
506 0.000011
507 0.000000
508 0.000000
509 0.000000
510 0.000000
511 0.000000
512 0.000000
513 0.000000
514 0.000000
515 0.000001
516 0.000002
517 0.000001
518 0.000011
519 0.000076
520 0.000206
521 0.000030
522 0.000001
523 0.000001
524 0.000003
525 0.000000
526 0.000000
527 0.000000
528 0.000000
529 0.000003
530 0.000435
531 0.001031
532 0.001018
533 0.000936
534 0.000010
535 0.000001
536 0.000000
537 0.000000
538 0.000000
539 0.000000
540 0.000000
541 0.000000
542 0.000000
543 0.000000
544 0.000001
545 0.000000
546 0.000004
547 0.000305
548 0.999999
549 0.000012
550 0.000000
551 0.000000
552 0.000001
553 0.000001
554 0.000000
555 0.000000
556 0.000001
557 0.000042
558 0.001563
559 0.001255
560 0.001211
561 0.001163
562 0.000011
563 0.000001
564 0.000000
565 0.000000
566 0.000000
567 0.000000
568 0.000000
569 0.000000
570 0.000000
571 0.000001
572 0.000001
573 0.000001
574 0.000000
575 0.000001
576 0.000001
577 0.000001
578 0.000001
579 0.000001
580 0.000003
581 0.000003
582 0.000004
583 0.000005
584 0.000057
585 0.004771
586 0.002929
587 0.002026
588 0.001436
589 0.001211
590 0.000087
591 0.000001
592 0.000000
593 0.000000
594 0.000000
595 0.000000
596 0.000002
597 0.000004
598 0.000001
599 0.000011
600 0.000009
601 0.000001
602 0.000000
603 0.000000
604 0.000000
605 0.000000
606 0.000001
607 0.000095
608 0.000038
609 0.000018
610 0.000010
611 0.000146
612 0.009506
613 0.007420
614 0.005387
615 0.003819
616 0.001549
617 0.001436
618 0.001211
619 0.000138
620 0.000003
621 0.000000
622 0.000001
623 0.000009
624 0.000053
625 0.000141
626 0.000023
627 0.000002
628 0.000035
629 0.000055
630 0.000014
631 0.000002
632 0.000000
633 0.000000
634 0.000000
635 0.000007
636 0.000066
637 0.000149
638 0.000311
639 0.010001
640 0.010001
641 0.010000
642 0.000000
643 0.000000
644 0.001610
645 0.001549
646 0.001491
647 0.001261
648 0.000531
649 0.000037
650 0.000033
651 0.000050
652 0.000195
653 0.000059
654 0.000016
655 0.000005
656 0.000559
657 0.089320
658 0.163562
659 0.000517
660 0.000010
661 0.000002
662 0.000003
663 0.000004
664 0.000019
665 0.000390
666 0.008801
667 0.008795
668 0.010001
669 0.000000
670 0.000000
671 0.000000
672 0.000000
673 0.001610
674 0.001549
675 0.001313
676 0.001476
677 0.002449
678 0.000683
679 0.000152
680 0.000383
681 0.001132
682 0.001475
683 0.000463
684 0.001497
685 0.081310
686 0.143859
687 0.011636
688 0.000586
689 0.001211
690 0.002007
691 0.000924
692 0.002031
693 0.008806
694 0.008795
695 0.008818
696 0.000000
697 0.000000
698 0.000000
699 0.000000
700 0.000000
701 0.000000
702 0.001610
703 0.001568
704 0.002581
705 0.005001
706 0.008749
707 0.010001
708 0.010001
709 0.007240
710 0.002068
711 0.000866
712 0.000912
713 0.013691
714 0.053230
715 0.013731
716 0.001100
717 0.002216
718 0.010000
719 0.010000
720 0.010000
721 0.010000
722 0.008795
723 0.000000
724 0.000000
725 0.000000
726 0.000000
727 0.000000
728 0.000000
729 0.000000
730 0.000000
731 0.000000
732 0.004500
733 0.008803
734 0.010001
735 0.010001
736 0.010000
737 0.004255
738 0.005886
739 0.002012
740 0.001488
741 0.002888
742 0.019883
743 0.010632
744 0.003927
745 0.003937
746 0.010000
747 0.010000
748 0.010000
749 0.010000
750 0.000000
751 0.000000
752 0.000000
753 0.000000
754 0.000000
755 0.000000
756 0.000000
757 0.000000
758 0.000000
759 0.000000
760 0.000000
761 0.010001
762 0.010001
763 0.010001
764 0.006402
765 0.003834
766 0.006133
767 0.006140
768 0.001315
769 0.001115
770 0.004804
771 0.005696
772 0.012363
773 0.011665
774 0.010000
775 0.010000
776 0.010000
777 0.000000
778 0.000554
779 0.000344
780 0.000001
781 0.000000
782 0.000000
783 0.000000
