0 0.004915
1 0.004790
2 0.004364
3 0.004551
4 0.004128
5 0.003742
6 0.003619
7 0.004774
8 0.004053
9 0.003962
10 0.004094
11 0.003234
12 0.001405
13 0.001086
14 0.000921
15 0.001161
16 0.001011
17 0.000499
18 0.000557
19 0.000709
20 0.001254
21 0.001310
22 0.001579
23 0.001645
24 0.001495
25 0.001563
26 0.002096
27 0.003096
28 0.004488
29 0.004669
30 0.004244
31 0.004128
32 0.004015
33 0.003799
34 0.003426
35 0.003161
36 0.002153
37 0.002420
38 0.003781
39 0.003029
40 0.001293
41 0.000760
42 0.000837
43 0.001213
44 0.000892
45 0.000891
46 0.000488
47 0.000591
48 0.001033
49 0.001254
50 0.000004
51 0.000000
52 0.001430
53 0.001941
54 0.002882
55 0.005038
56 0.004669
57 0.004244
58 0.004128
59 0.004015
60 0.003799
61 0.003411
62 0.003314
63 0.002222
64 0.001403
65 0.001385
66 0.002842
67 0.002397
68 0.000930
69 0.000494
70 0.000726
71 0.000999
72 0.000976
73 0.000902
74 0.000459
75 0.000486
76 0.000008
77 0.000000
78 0.000000
79 0.000000
80 0.000000
81 0.002722
82 0.004890
83 0.008368
84 0.004551
85 0.004128
86 0.003730
87 0.003514
88 0.003411
89 0.003311
90 0.003121
91 0.001600
92 0.000859
93 0.001026
94 0.001664
95 0.001395
96 0.000724
97 0.000595
98 0.000562
99 0.000780
100 0.001249
101 0.000463
102 0.000006
103 0.000001
104 0.000000
105 0.000000
106 0.000000
107 0.000000
108 0.002013
109 0.004870
110 0.008304
111 0.009754
112 0.004128
113 0.004015
114 0.003514
115 0.003411
116 0.000000
117 0.000001
118 0.000003
119 0.000006
120 0.000007
121 0.000282
122 0.000781
123 0.000548
124 0.000513
125 0.000475
126 0.000485
127 0.000105
128 0.000012
129 0.000003
130 0.000000
131 0.000000
132 0.000000
133 0.000000
134 0.000000
135 0.000028
136 0.002633
137 0.008120
138 0.009612
139 0.010746
140 0.004018
141 0.003620
142 0.003411
143 0.003311
144 0.000000
145 0.000000
146 0.000001
147 0.000016
148 0.000001
149 0.000006
150 0.000002
151 0.000002
152 0.000004
153 0.000003
154 0.000005
155 0.000002
156 0.000001
157 0.000000
158 0.000000
159 0.000000
160 0.000000
161 0.000000
162 0.000008
163 0.002599
164 0.009589
165 0.009472
166 0.010452
167 0.009185
168 0.003921
169 0.003417
170 0.003311
171 0.003121
172 0.000000
173 0.000000
174 0.000000
175 0.000006
176 0.000033
177 0.000030
178 0.000000
179 0.000000
180 0.000000
181 0.000000
182 0.000000
183 0.000000
184 0.000000
185 0.000000
186 0.000000
187 0.000000
188 0.000000
189 0.000002
190 0.002616
191 0.005544
192 0.010352
193 0.010140
194 0.008491
195 0.009340
196 0.007617
197 0.004457
198 0.003141
199 0.002774
200 0.000029
201 0.000000
202 0.000000
203 0.000000
204 0.000008
205 0.000001
206 0.000002
207 0.000000
208 0.000000
209 0.000000
210 0.000000
211 0.000000
212 0.000000
213 0.000000
214 0.000000
215 0.000000
216 0.000000
217 0.000074
218 0.001225
219 0.002898
220 0.010359
221 0.008652
222 0.010335
223 0.010492
224 0.011995
225 0.008645
226 0.005837
227 0.003139
228 0.002316
229 0.000000
230 0.000000
231 0.000000
232 0.000000
233 0.000000
234 0.000000
235 0.000000
236 0.000000
237 0.000000
238 0.000000
239 0.000000
240 0.000000
241 0.000000
242 0.000000
243 0.000002
244 0.000054
245 0.000192
246 0.000255
247 0.000985
248 0.000887
249 0.001451
250 0.002197
251 0.002917
252 0.013676
253 0.013877
254 0.011230
255 0.006117
256 0.001146
257 0.000000
258 0.000000
259 0.000000
260 0.000000
261 0.000000
262 0.000000
263 0.000001
264 0.000000
265 0.000000
266 0.000000
267 0.000000
268 0.000000
269 0.000000
270 0.000049
271 0.007823
272 1.000000
273 0.001342
274 0.000562
275 0.001554
276 0.001231
277 0.001161
278 0.000759
279 0.000468
280 0.010000
281 0.007443
282 0.005944
283 0.002618
284 0.001178
285 0.000025
286 0.000000
287 0.000000
288 0.000000
289 0.000000
290 0.000000
291 0.000000
292 0.000000
293 0.000000
294 0.000000
295 0.000000
296 0.000000
297 0.000003
298 0.000629
299 0.107807
300 0.218032
301 0.013585
302 0.004588
303 0.010799
304 0.006864
305 0.002237
306 0.000760
307 0.000315
308 0.002899
309 0.002123
310 0.001545
311 0.002252
312 0.003412
313 0.002661
314 0.000002
315 0.000000
316 0.000000
317 0.000000
318 0.000000
319 0.000000
320 0.000000
321 0.000000
322 0.000000
323 0.000000
324 0.000001
325 0.000088
326 0.002213
327 0.027637
328 0.021530
329 0.008976
330 0.005223
331 0.003208
332 0.005918
333 0.001780
334 0.000936
335 0.000900
336 0.001302
337 0.001345
338 0.002524
339 0.005093
340 0.011320
341 0.019315
342 0.000078
343 0.000000
344 0.000000
345 0.000000
346 0.000000
347 0.000000
348 0.000000
349 0.000000
350 0.000000
351 0.000000
352 0.000011
353 0.005827
354 0.015367
355 0.006513
356 0.004234
357 0.006868
358 0.000403
359 0.000179
360 0.000510
361 0.000606
362 0.001037
363 0.000944
364 0.001587
365 0.003463
366 0.005716
367 0.007766
368 0.006279
369 1.000000
370 0.000249
371 0.000000
372 0.000000
373 0.000000
374 0.000000
375 0.000000
376 0.000000
377 0.000000
378 0.000000
379 0.000003
380 0.000047
381 0.003040
382 0.015042
383 0.999999
384 0.003309
385 0.001096
386 0.000062
387 0.000015
388 0.000052
389 0.000167
390 0.000296
391 0.000530
392 0.002620
393 0.003207
394 0.003791
395 0.002902
396 0.001078
397 0.002716
398 0.000047
399 0.000000
400 0.000000
401 0.000000
402 0.000000
403 0.000000
404 0.000000
405 0.000000
406 0.000002
407 0.000080
408 0.000566
409 0.000678
410 0.001610
411 0.002464
412 0.002394
413 0.000531
414 0.000186
415 0.000013
416 0.000014
417 0.000058
418 0.000083
419 0.000129
420 0.002690
421 0.001684
422 0.001718
423 0.000556
424 0.000246
425 0.000052
426 0.000001
427 0.000000
428 0.000000
429 0.000000
430 0.000000
431 0.000000
432 0.000000
433 0.000000
434 0.000005
435 0.000286
436 0.001709
437 0.000305
438 0.000188
439 0.000302
440 0.000220
441 0.000297
442 0.000298
443 0.000042
444 0.000022
445 0.000087
446 0.000080
447 0.000072
448 0.002028
449 0.001264
450 0.000591
451 0.000111
452 0.000186
453 0.000002
454 0.000000
455 0.000000
456 0.000000
457 0.000000
458 0.000000
459 0.000000
460 0.000000
461 0.000000
462 0.000003
463 0.000100
464 0.000183
465 0.000136
466 0.000026
467 0.000051
468 0.000097
469 0.000122
470 0.000116
471 0.000190
472 0.000058
473 0.000142
474 0.000261
475 0.000246
476 0.002985
477 0.001229
478 0.000348
479 0.000061
480 0.000011
481 0.000000
482 0.000000
483 0.000000
484 0.000000
485 0.000000
486 0.000000
487 0.000000
488 0.000000
489 0.000001
490 0.000003
491 0.000002
492 0.000004
493 0.000011
494 0.000022
495 0.000036
496 0.000082
497 0.000102
498 0.000054
499 0.000182
500 0.000250
501 0.000325
502 0.002690
503 0.002795
504 0.004012
505 0.001684
506 0.000360
507 0.000702
508 0.000004
509 0.000000
510 0.000000
511 0.000000
512 0.000000
513 0.000000
514 0.000000
515 0.000000
516 0.000000
517 0.000000
518 0.000000
519 0.000000
520 0.000000
521 0.000001
522 0.000023
523 0.000104
524 0.000340
525 0.000354
526 0.000487
527 0.000195
528 0.000410
529 0.001763
530 0.013014
531 0.010001
532 0.002172
533 0.001638
534 0.000448
535 0.000211
536 0.000004
537 0.000000
538 0.000000
539 0.000000
540 0.000000
541 0.000000
542 0.000000
543 0.000000
544 0.000000
545 0.000000
546 0.000000
547 0.000000
548 0.000000
549 0.000000
550 0.000005
551 0.000289
552 0.003858
553 0.023109
554 0.003832
555 0.002995
556 0.000647
557 0.000445
558 0.011231
559 0.015087
560 0.002015
561 0.001951
562 0.001356
563 0.000048
564 0.000001
565 0.000000
566 0.000000
567 0.000000
568 0.000000
569 0.000000
570 0.000000
571 0.000000
572 0.000000
573 0.000000
574 0.000000
575 0.000000
576 0.000000
577 0.000000
578 0.000002
579 0.000070
580 0.004232
581 0.999999
582 0.033807
583 0.008241
584 0.000251
585 0.003399
586 0.004538
587 0.008872
588 0.002307
589 0.002015
590 0.000402
591 0.000041
592 0.000001
593 0.000000
594 0.000000
595 0.000002
596 0.000001
597 0.000000
598 0.000000
599 0.000000
600 0.000000
601 0.000000
602 0.000000
603 0.000000
604 0.000000
605 0.000000
606 0.000001
607 0.000006
608 0.000087
609 0.001967
610 0.010892
611 0.021887
612 0.002781
613 0.002082
614 0.003324
615 0.003901
616 0.002450
617 0.002307
618 0.002015
619 0.000255
620 0.000007
621 0.000001
622 0.000001
623 0.000001
624 0.000001
625 0.000000
626 0.000000
627 0.000000
628 0.000000
629 0.000001
630 0.000001
631 0.000001
632 0.000001
633 0.000000
634 0.000000
635 0.000001
636 0.000003
637 0.000144
638 0.001309
639 0.010000
640 0.005834
641 0.003461
642 0.000001
643 0.000461
644 0.002525
645 0.002450
646 0.002377
647 0.002081
648 0.001035
649 0.000012
650 0.000002
651 0.000001
652 0.000002
653 0.000014
654 0.000019
655 0.000017
656 0.000035
657 0.000136
658 0.000150
659 0.000046
660 0.000015
661 0.000006
662 0.000003
663 0.000002
664 0.000005
665 0.000125
666 0.002172
667 0.005223
668 0.010000
669 0.000002
670 0.000008
671 0.000498
672 0.000000
673 0.002525
674 0.002450
675 0.002149
676 0.002307
677 0.002015
678 0.000039
679 0.000029
680 0.000248
681 0.001462
682 0.002347
683 0.000376
684 0.000136
685 0.000177
686 0.000195
687 0.000204
688 0.000238
689 0.000336
690 0.000113
691 0.000085
692 0.000153
693 0.000559
694 0.001146
695 0.002723
696 0.000001
697 0.000003
698 0.000004
699 0.000163
700 0.000000
701 0.000000
702 0.002525
703 0.002450
704 0.002377
705 0.002307
706 0.002176
707 0.003714
708 0.006537
709 0.010018
710 0.004934
711 0.000880
712 0.000218
713 0.000158
714 0.000240
715 0.000264
716 0.000297
717 0.000307
718 0.000374
719 0.000392
720 0.000411
721 0.000524
722 0.000714
723 0.000001
724 0.000001
725 0.000002
726 0.000003
727 0.000002
728 0.000000
729 0.000000
730 0.000000
731 0.000000
732 0.002450
733 0.002427
734 0.003084
735 0.005159
736 0.009136
737 0.010000
738 0.010000
739 0.001677
740 0.000382
741 0.000204
742 0.000252
743 0.000306
744 0.000366
745 0.000382
746 0.000392
747 0.000480
748 0.000502
749 0.000612
750 0.000000
751 0.000000
752 0.000000
753 0.000000
754 0.000003
755 0.000003
756 0.000000
757 0.000000
758 0.000000
759 0.000000
760 0.000000
761 0.002910
762 0.004712
763 0.007849
764 0.010000
765 0.010000
766 0.010000
767 0.003322
768 0.000684
769 0.000258
770 0.000264
771 0.000336
772 0.000386
773 0.000420
774 0.000392
775 0.000431
776 0.000525
777 0.000000
778 0.000110
779 0.000093
780 0.000003
781 0.000000
782 0.000000
783 0.000001
