0 0.003664
1 0.002841
2 0.002436
3 0.002610
4 0.002223
5 0.001883
6 0.001709
7 0.002053
8 0.000761
9 0.000302
10 0.000539
11 0.001672
12 0.004288
13 0.005935
14 0.003111
15 0.001013
16 0.000277
17 0.000123
18 0.000211
19 0.000637
20 0.001200
21 0.001257
22 0.001529
23 0.001596
24 0.002358
25 0.003966
26 0.006699
27 0.007572
28 0.004948
29 0.003413
30 0.002327
31 0.002223
32 0.002124
33 0.001940
34 0.001629
35 0.001029
36 0.000205
37 0.000116
38 0.000646
39 0.002278
40 0.004507
41 0.006836
42 0.006084
43 0.001347
44 0.000191
45 0.000067
46 0.000066
47 0.000292
48 0.000978
49 0.001200
50 0.000004
51 0.000000
52 0.003821
53 0.006649
54 0.007400
55 0.007572
56 0.007812
57 0.004713
58 0.003179
59 0.002124
60 0.001940
61 0.001629
62 0.001552
63 0.000454
64 0.000069
65 0.000073
66 0.000628
67 0.003559
68 0.004961
69 0.007167
70 0.994880
71 0.002147
72 0.000174
73 0.000035
74 0.000028
75 0.000107
76 0.000010
77 0.000000
78 0.000000
79 0.000000
80 0.000000
81 0.007400
82 0.007572
83 0.004592
84 0.010042
85 0.007687
86 0.004491
87 0.002510
88 0.001629
89 0.001552
90 0.001411
91 0.000178
92 0.000027
93 0.000064
94 0.000515
95 0.002176
96 0.005190
97 0.007538
98 0.009529
99 0.004266
100 0.000258
101 0.000014
102 0.000000
103 0.000000
104 0.000000
105 0.000000
106 0.000000
107 0.000000
108 0.000000
109 0.006600
110 0.004456
111 0.003166
112 0.008807
113 0.010052
114 0.007500
115 0.004177
116 0.000000
117 0.000000
118 0.000000
119 0.000000
120 0.000000
121 0.000038
122 0.000442
123 0.001219
124 0.003549
125 0.007053
126 0.006338
127 0.000574
128 0.000008
129 0.000000
130 0.000000
131 0.000000
132 0.000000
133 0.000000
134 0.000000
135 0.000000
136 0.000251
137 0.003684
138 0.002577
139 0.001947
140 0.005134
141 0.007596
142 0.010059
143 0.008597
144 0.000000
145 0.000000
146 0.000000
147 0.000000
148 0.000000
149 0.000000
150 0.000000
151 0.000001
152 0.000030
153 0.000028
154 0.000036
155 0.000012
156 0.000001
157 0.000000
158 0.000000
159 0.000000
160 0.000000
161 0.000000
162 0.000000
163 0.000000
164 0.003563
165 0.002071
166 0.001542
167 0.001383
168 0.002610
169 0.004197
170 0.006374
171 0.010067
172 0.000002
173 0.000000
174 0.000000
175 0.000000
176 0.000000
177 0.000000
178 0.000000
179 0.000000
180 0.000000
181 0.000000
182 0.000000
183 0.000000
184 0.000000
185 0.000000
186 0.000000
187 0.000000
188 0.000000
189 0.000000
190 0.000000
191 0.000001
192 0.001685
193 0.001153
194 0.001028
195 0.001465
196 0.001629
197 0.002030
198 0.002987
199 0.005235
200 0.000186
201 0.000002
202 0.000000
203 0.000000
204 0.000000
205 0.000000
206 0.000000
207 0.000000
208 0.000000
209 0.000000
210 0.000000
211 0.000000
212 0.000000
213 0.000000
214 0.000000
215 0.000000
216 0.000000
217 0.000000
218 0.000000
219 0.000054
220 0.000954
221 0.000983
222 0.001141
223 0.001336
224 0.001552
225 0.001293
226 0.001346
227 0.002333
228 0.003560
229 0.000000
230 0.000000
231 0.000000
232 0.000000
233 0.000000
234 0.000000
235 0.000000
236 0.000000
237 0.000000
238 0.000000
239 0.000000
240 0.000000
241 0.000000
242 0.000001
243 0.000000
244 0.000000
245 0.000000
246 0.000000
247 0.000060
248 0.000111
249 0.000167
250 0.000305
251 0.000451
252 0.001480
253 0.001169
254 0.001112
255 0.000720
256 0.000381
257 0.000000
258 0.000000
259 0.000001
260 0.000001
261 0.000000
262 0.000000
263 0.000000
264 0.000000
265 0.000000
266 0.000000
267 0.000000
268 0.000000
269 0.000068
270 0.000194
271 0.000000
272 0.000000
273 0.000000
274 0.000000
275 0.000012
276 0.000021
277 0.000036
278 0.000057
279 0.000095
280 0.001169
281 0.000501
282 0.000300
283 0.000118
284 0.000106
285 0.000000
286 0.000000
287 0.000000
288 0.999803
289 0.000022
290 0.000000
291 0.000000
292 0.000000
293 0.000000
294 0.000000
295 0.000000
296 0.000002
297 1.000000
298 0.000125
299 0.000000
300 0.000000
301 0.000000
302 0.000000
303 0.000018
304 0.000019
305 0.000026
306 0.000031
307 0.000042
308 0.000681
309 0.000258
310 0.000136
311 0.000105
312 0.000026
313 0.000001
314 0.000000
315 0.000000
316 0.000033
317 0.000263
318 0.000004
319 0.000000
320 0.000000
321 0.000000
322 0.000000
323 0.000000
324 0.000003
325 0.000004
326 0.000003
327 0.000000
328 0.000000
329 0.000000
330 0.000000
331 0.000011
332 0.000056
333 0.000043
334 0.000035
335 0.000051
336 0.001056
337 0.000646
338 0.000570
339 0.000506
340 0.000015
341 0.000001
342 0.000000
343 0.000000
344 0.000000
345 0.000069
346 0.000044
347 0.000000
348 0.000000
349 0.000000
350 0.000000
351 0.000000
352 0.000000
353 0.000000
354 0.000000
355 0.000000
356 0.000000
357 0.000000
358 0.000000
359 0.000004
360 0.000175
361 0.000123
362 0.000115
363 0.000082
364 0.004494
365 0.006255
366 0.004605
367 0.002078
368 0.000004
369 0.000000
370 0.000000
371 0.000000
372 0.000000
373 0.000002
374 0.000010
375 0.000000
376 0.000000
377 0.000000
378 0.000000
379 0.000000
380 0.000000
381 0.000000
382 0.000000
383 0.000000
384 0.000000
385 0.000000
386 0.000000
387 0.000001
388 0.000140
389 0.000421
390 0.000286
391 0.000242
392 0.010507
393 0.013421
394 0.009712
395 0.000630
396 0.000001
397 0.000000
398 0.000010
399 0.000000
400 0.000000
401 0.000000
402 0.000000
403 0.000000
404 0.000001
405 0.000002
406 0.000000
407 0.000000
408 0.000000
409 0.000000
410 0.000000
411 0.000000
412 0.000000
413 0.000000
414 0.000000
415 0.000000
416 0.000010
417 0.000414
418 0.000462
419 0.000487
420 0.003326
421 0.003701
422 0.003999
423 0.000063
424 0.000001
425 0.000004
426 0.000222
427 0.000054
428 0.000000
429 0.000000
430 0.000000
431 0.000000
432 0.000001
433 0.000001
434 0.000000
435 0.000000
436 0.000000
437 0.000000
438 0.000000
439 0.000000
440 0.000000
441 0.000000
442 0.000000
443 0.000000
444 0.000000
445 0.000169
446 0.000352
447 0.000462
448 0.000728
449 0.000508
450 0.000355
451 0.000002
452 0.000001
453 0.000204
454 1.000000
455 0.000094
456 0.000000
457 0.000000
458 0.000000
459 0.000000
460 0.000000
461 0.000000
462 0.000000
463 0.000000
464 0.000000
465 0.000000
466 0.000000
467 0.000000
468 0.000000
469 0.000000
470 0.000000
471 0.000000
472 0.000000
473 0.000016
474 0.000110
475 0.000335
476 0.000833
477 0.000282
478 0.000052
479 0.000001
480 0.000001
481 0.000322
482 0.000977
483 0.000012
484 0.000000
485 0.000000
486 0.000000
487 0.000000
488 0.000000
489 0.000000
490 0.000000
491 0.000000
492 0.000000
493 0.000000
494 0.000000
495 0.000000
496 0.000000
497 0.000000
498 0.000000
499 0.000000
500 0.000000
501 0.000001
502 0.000166
503 0.000516
504 0.002447
505 0.001997
506 0.000062
507 0.000001
508 0.000009
509 0.000505
510 0.000002
511 0.000000
512 0.000000
513 0.000000
514 0.000000
515 0.000000
516 0.000000
517 0.000000
518 0.000000
519 0.000000
520 0.000000
521 0.000000
522 0.000000
523 0.000000
524 0.000000
525 0.000000
526 0.000000
527 0.000000
528 0.000000
529 0.000002
530 0.000370
531 0.001327
532 0.003679
533 0.005845
534 0.000104
535 0.000011
536 0.000445
537 0.000026
538 0.000000
539 0.000000
540 0.000000
541 0.000000
542 0.000000
543 0.000000
544 0.000000
545 0.000000
546 0.000000
547 0.000000
548 0.000000
549 0.000000
550 0.000000
551 0.000000
552 0.000000
553 0.000000
554 0.000000
555 0.000000
556 0.000001
557 0.000015
558 0.000886
559 0.000922
560 0.007762
561 0.010000
562 0.000085
563 0.000053
564 0.000302
565 0.000006
566 0.000000
567 0.000000
568 0.000000
569 0.000000
570 0.000000
571 0.000000
572 0.000000
573 0.000000
574 0.000000
575 0.000000
576 0.000000
577 0.000000
578 0.000000
579 0.000000
580 0.000000
581 0.000000
582 0.000000
583 0.000001
584 0.000007
585 0.000886
586 0.000922
587 0.001093
588 0.010000
589 0.008357
590 0.000786
591 0.000211
592 0.000016
593 0.000001
594 0.000000
595 0.000000
596 0.000000
597 0.000000
598 0.000000
599 0.000000
600 0.000000
601 0.000000
602 0.000000
603 0.000000
604 0.000000
605 0.000000
606 0.000000
607 0.000000
608 0.000000
609 0.000000
610 0.000001
611 0.000013
612 0.000851
613 0.000886
614 0.001052
615 0.001093
616 0.008488
617 0.005131
618 0.002736
619 0.001389
620 0.000017
621 0.000002
622 0.000001
623 0.000000
624 0.000000
625 0.000000
626 0.000000
627 0.000000
628 0.000000
629 0.000000
630 0.000000
631 0.000000
632 0.000000
633 0.000000
634 0.000001
635 0.000002
636 0.000001
637 0.000002
638 0.000021
639 0.000851
640 0.000886
641 0.001052
642 0.000000
643 0.000000
644 0.005371
645 0.003329
646 0.002678
647 0.004210
648 0.002799
649 0.000036
650 0.000004
651 0.000001
652 0.000001
653 0.000004
654 0.000001
655 0.000001
656 0.000002
657 0.000031
658 0.000098
659 0.000031
660 0.000004
661 0.000003
662 0.000007
663 0.000005
664 0.000008
665 0.000106
666 0.001950
667 0.001158
668 0.001052
669 0.000000
670 0.000000
671 0.000000
672 0.000000
673 0.002828
674 0.004362
675 0.006926
676 0.010000
677 0.010000
678 0.000173
679 0.000097
680 0.000216
681 0.000641
682 0.000756
683 0.000058
684 0.000018
685 0.000026
686 0.000068
687 0.000215
688 0.000406
689 0.001512
690 0.001926
691 0.000887
692 0.001892
693 0.006237
694 0.003530
695 0.002060
696 0.000000
697 0.000000
698 0.000000
699 0.000000
700 0.000000
701 0.000000
702 0.007035
703 0.010000
704 0.010000
705 0.010000
706 0.010000
707 0.010000
708 0.008727
709 0.003855
710 0.000854
711 0.000128
712 0.000035
713 0.000024
714 0.000057
715 0.000169
716 0.000578
717 0.002653
718 0.010076
719 0.010044
720 0.010006
721 0.009979
722 0.006339
723 0.000000
724 0.000000
725 0.000000
726 0.000000
727 0.000000
728 0.000000
729 0.000000
730 0.000000
731 0.000000
732 0.010000
733 0.010000
734 0.010000
735 0.010000
736 0.005237
737 0.002402
738 0.001198
739 0.000273
740 0.000073
741 0.000034
742 0.000039
743 0.000100
744 0.000593
745 0.004438
746 0.010086
747 0.010063
748 0.010030
749 0.009993
750 0.000000
751 0.000000
752 0.000000
753 0.000000
754 0.000000
755 0.000000
756 0.000000
757 0.000000
758 0.000000
759 0.000000
760 0.000000
761 0.010000
762 0.010000
763 0.006873
764 0.003656
765 0.001710
766 0.001461
767 0.000587
768 0.000127
769 0.000051
770 0.000043
771 0.000082
772 0.000616
773 0.005358
774 0.010085
775 0.010071
776 0.010052
777 0.000003
778 0.000578
779 0.000362
780 0.000006
781 0.000000
782 0.000000
783 0.000000
