0 0.010103
1 0.010107
2 0.010119
3 0.010114
4 0.010125
5 0.010135
6 0.010140
7 0.010142
8 0.010427
9 0.010425
10 0.010238
11 0.010238
12 0.010236
13 0.010235
14 0.010235
15 0.010235
16 0.010239
17 0.010242
18 0.010223
19 0.010205
20 0.010193
21 0.010191
22 0.010187
23 0.010186
24 0.010187
25 0.010185
26 0.010182
27 0.010182
28 0.010115
29 0.010110
30 0.010122
31 0.010125
32 0.010127
33 0.010133
34 0.010142
35 0.010410
36 0.010440
37 0.010324
38 0.010244
39 0.010242
40 0.010241
41 0.010236
42 0.010237
43 0.010239
44 0.010242
45 0.010240
46 0.010233
47 0.010210
48 0.010195
49 0.010191
50 0.010317
51 0.011305
52 0.010187
53 0.010184
54 0.010185
55 0.010182
56 0.010110
57 0.010121
58 0.010124
59 0.010127
60 0.010132
61 0.010141
62 0.010143
63 0.010422
64 0.010450
65 0.010250
66 0.010244
67 0.010246
68 0.010247
69 0.010243
70 0.010243
71 0.010243
72 0.010243
73 0.010245
74 0.010242
75 0.010222
76 0.010265
77 0.010716
78 0.011018
79 0.011308
80 0.011304
81 0.010186
82 0.010183
83 0.010185
84 0.010114
85 0.010124
86 0.010133
87 0.010138
88 0.010140
89 0.010143
90 0.010147
91 0.010434
92 0.010463
93 0.010252
94 0.010252
95 0.010251
96 0.010249
97 0.010244
98 0.010245
99 0.010246
100 0.010245
101 0.010255
102 0.010315
103 0.010439
104 0.010873
105 0.010983
106 0.010984
107 0.011346
108 0.010861
109 0.010187
110 0.010187
111 0.010184
112 0.010125
113 0.010127
114 0.010138
115 0.010140
116 0.011439
117 0.010965
118 0.010766
119 0.010665
120 0.010612
121 0.010318
122 0.010253
123 0.010252
124 0.010249
125 0.010250
126 0.010248
127 0.010275
128 0.010310
129 0.010381
130 0.010550
131 0.010911
132 0.011019
133 0.011038
134 0.011287
135 0.010919
136 0.010910
137 0.010190
138 0.010188
139 0.010185
140 0.010128
141 0.010137
142 0.010141
143 0.010142
144 0.011562
145 0.011486
146 0.011124
147 0.010892
148 0.010577
149 0.010518
150 0.010470
151 0.010422
152 0.010380
153 0.010370
154 0.010316
155 0.010375
156 0.010487
157 0.010634
158 0.010926
159 0.011087
160 0.011052
161 0.010754
162 0.010961
163 0.010878
164 0.010190
165 0.010191
166 0.010189
167 0.010188
168 0.010137
169 0.010141
170 0.010143
171 0.010146
172 0.010410
173 0.011579
174 0.011972
175 0.011142
176 0.010601
177 0.010546
178 0.010533
179 0.010559
180 0.010552
181 0.010500
182 0.010575
183 0.010636
184 0.010850
185 0.011002
186 0.011082
187 0.011032
188 0.010709
189 0.010527
190 0.010869
191 0.010898
192 0.010194
193 0.010193
194 0.010192
195 0.011524
196 0.010142
197 0.010144
198 0.010150
199 0.010153
200 0.010254
201 0.011054
202 0.011922
203 0.012130
204 0.010891
205 0.010678
206 0.010593
207 0.010571
208 0.010561
209 0.010558
210 0.010556
211 0.010938
212 0.011072
213 0.011101
214 0.011028
215 0.010739
216 0.010606
217 0.010990
218 0.010910
219 0.010934
220 0.010193
221 0.010193
222 0.013091
223 0.015840
224 0.010144
225 0.010151
226 0.010154
227 0.010155
228 0.010162
229 0.010706
230 0.011610
231 0.011658
232 0.011581
233 0.010923
234 0.010836
235 0.010558
236 0.010545
237 0.010535
238 0.010524
239 0.010524
240 0.011054
241 0.010965
242 0.010772
243 0.010674
244 0.010597
245 0.011014
246 0.010980
247 0.010241
248 0.010277
249 0.015003
250 0.015618
251 0.015847
252 0.010146
253 0.010154
254 0.010156
255 0.010179
256 0.010194
257 0.010666
258 0.010852
259 0.011601
260 0.011736
261 0.011353
262 0.010550
263 0.010529
264 0.010509
265 0.010508
266 0.010502
267 0.010496
268 0.010503
269 0.010773
270 0.010662
271 0.010588
272 0.010522
273 0.011049
274 0.011026
275 0.013167
276 0.015225
277 0.015646
278 0.015635
279 0.013821
280 0.010155
281 0.010185
282 0.010191
283 0.010203
284 0.010210
285 0.010624
286 0.010828
287 0.010928
288 0.011644
289 0.010557
290 0.010526
291 0.010508
292 0.010497
293 0.010485
294 0.010485
295 0.010483
296 0.010479
297 0.010489
298 0.010576
299 0.010504
300 0.010516
301 0.011076
302 0.015000
303 0.014606
304 0.015213
305 0.015206
306 0.012177
307 0.010250
308 0.010191
309 0.010198
310 0.010208
311 0.010217
312 0.010579
313 0.010606
314 0.010519
315 0.010601
316 0.010574
317 0.010542
318 0.010513
319 0.010487
320 0.010474
321 0.010468
322 0.010465
323 0.010466
324 0.010471
325 0.010473
326 0.010485
327 0.010497
328 0.012350
329 0.015246
330 0.014213
331 0.014642
332 0.014523
333 0.010516
334 0.010254
335 0.010247
336 0.010205
337 0.010211
338 0.010213
339 0.010218
340 0.010709
341 0.010660
342 0.010474
343 0.010561
344 0.010561
345 0.010530
346 0.010511
347 0.010483
348 0.010473
349 0.010462
350 0.010456
351 0.010453
352 0.010457
353 0.010468
354 0.010473
355 0.012966
356 0.014174
357 0.014767
358 0.014225
359 0.011336
360 0.010262
361 0.010257
362 0.010252
363 0.010251
364 0.010208
365 0.010209
366 0.010212
367 0.010215
368 0.010733
369 0.010786
370 0.010429
371 0.010525
372 0.010558
373 0.010520
374 0.010501
375 0.010482
376 0.010466
377 0.010453
378 0.010453
379 0.010444
380 0.010454
381 0.010505
382 0.012550
383 0.013056
384 0.014149
385 0.014156
386 0.010525
387 0.010341
388 0.010278
389 0.010257
390 0.010255
391 0.010249
392 0.010208
393 0.010211
394 0.010214
395 0.010724
396 0.010798
397 0.010427
398 0.010413
399 0.010490
400 0.010547
401 0.010523
402 0.010499
403 0.010483
404 0.010463
405 0.010453
406 0.010442
407 0.010446
408 0.011599
409 0.011891
410 0.012251
411 0.013041
412 0.011596
413 0.011117
414 0.010408
415 0.010383
416 0.010306
417 0.010259
418 0.010254
419 0.010254
420 0.010207
421 0.010212
422 0.010215
423 0.010748
424 0.010819
425 0.010448
426 0.010429
427 0.010471
428 0.010520
429 0.010526
430 0.010505
431 0.010480
432 0.010472
433 0.010453
434 0.010445
435 0.011127
436 0.011446
437 0.011625
438 0.011896
439 0.010899
440 0.010893
441 0.010408
442 0.010419
443 0.010588
444 0.010344
445 0.010259
446 0.010256
447 0.010253
448 0.010206
449 0.010213
450 0.010216
451 0.010771
452 0.010842
453 0.010451
454 0.010450
455 0.010456
456 0.010507
457 0.010525
458 0.010502
459 0.010492
460 0.010477
461 0.010527
462 0.010686
463 0.011025
464 0.011232
465 0.010951
466 0.010473
467 0.010755
468 0.010807
469 0.010421
470 0.011494
471 0.010710
472 0.010430
473 0.010280
474 0.010360
475 0.010455
476 0.010192
477 0.010200
478 0.010532
479 0.010768
480 0.010454
481 0.010454
482 0.010455
483 0.010579
484 0.010501
485 0.010527
486 0.010510
487 0.010497
488 0.010500
489 0.010493
490 0.010534
491 0.010598
492 0.010557
493 0.010471
494 0.010605
495 0.010698
496 0.010755
497 0.011914
498 0.011613
499 0.011200
500 0.010805
501 0.010535
502 0.010445
503 0.010435
504 0.010081
505 0.010177
506 0.010490
507 0.010621
508 0.010444
509 0.010449
510 0.010581
511 0.010580
512 0.010620
513 0.010525
514 0.010532
515 0.010533
516 0.010513
517 0.010508
518 0.010506
519 0.010478
520 0.010480
521 0.010480
522 0.010581
523 0.010598
524 0.011251
525 0.011925
526 0.012246
527 0.011859
528 0.011032
529 0.010530
530 0.010450
531 0.010073
532 0.010082
533 0.010084
534 0.010469
535 0.010590
536 0.010415
537 0.010457
538 0.010556
539 0.010565
540 0.010494
541 0.010645
542 0.010539
543 0.010525
544 0.010535
545 0.010502
546 0.010495
547 0.010492
548 0.010496
549 0.010493
550 0.010616
551 0.011377
552 0.011503
553 0.011678
554 0.012135
555 0.011956
556 0.011577
557 0.010441
558 0.010072
559 0.010071
560 0.010077
561 0.010078
562 0.010441
563 0.010368
564 0.010392
565 0.010519
566 0.010525
567 0.010504
568 0.010547
569 0.010726
570 0.010772
571 0.010528
572 0.010534
573 0.010524
574 0.010513
575 0.010510
576 0.010941
577 0.010935
578 0.010939
579 0.011135
580 0.011191
581 0.011509
582 0.011391
583 0.012082
584 0.011636
585 0.010070
586 0.010070
587 0.010066
588 0.010071
589 0.010076
590 0.010263
591 0.010326
592 0.010487
593 0.010508
594 0.010541
595 0.010633
596 0.010635
597 0.010706
598 0.010663
599 0.010666
600 0.010511
601 0.011025
602 0.011031
603 0.011029
604 0.011022
605 0.010902
606 0.010873
607 0.010348
608 0.010636
609 0.010763
610 0.011198
611 0.011413
612 0.010069
613 0.010069
614 0.010065
615 0.010065
616 0.010068
617 0.010071
618 0.010076
619 0.010359
620 0.010439
621 0.010570
622 0.010617
623 0.010691
624 0.010630
625 0.010618
626 0.010744
627 0.011103
628 0.011106
629 0.010928
630 0.010939
631 0.010946
632 0.010372
633 0.010386
634 0.010364
635 0.010339
636 0.010321
637 0.010379
638 0.010728
639 0.010068
640 0.010068
641 0.010064
642 0.012090
643 0.012371
644 0.010067
645 0.010068
646 0.010069
647 0.010074
648 0.010513
649 0.010624
650 0.010690
651 0.010648
652 0.010870
653 0.010816
654 0.010982
655 0.010976
656 0.010928
657 0.010239
658 0.010238
659 0.010269
660 0.010296
661 0.010305
662 0.010310
663 0.010310
664 0.010293
665 0.010237
666 0.010069
667 0.010064
668 0.010063
669 0.012086
670 0.012149
671 0.012294
672 0.013917
673 0.010066
674 0.010067
675 0.010072
676 0.010070
677 0.010075
678 0.010499
679 0.010567
680 0.010740
681 0.010612
682 0.010186
683 0.010220
684 0.010238
685 0.010233
686 0.010233
687 0.010232
688 0.010232
689 0.010211
690 0.010220
691 0.010227
692 0.010214
693 0.010071
694 0.010068
695 0.010063
696 0.012085
697 0.012085
698 0.012108
699 0.012259
700 0.013917
701 0.013918
702 0.010066
703 0.010067
704 0.010069
705 0.010070
706 0.010076
707 0.010077
708 0.010080
709 0.010085
710 0.010164
711 0.010205
712 0.010229
713 0.010234
714 0.010227
715 0.010226
716 0.010222
717 0.010204
718 0.010080
719 0.010078
720 0.010077
721 0.010071
722 0.010066
723 0.012105
724 0.011816
725 0.012073
726 0.012082
727 0.012084
728 0.013916
729 0.013916
730 0.013917
731 0.013918
732 0.010068
733 0.010069
734 0.010075
735 0.010076
736 0.010078
737 0.010083
738 0.010086
739 0.010191
740 0.010217
741 0.010229
742 0.010227
743 0.010225
744 0.010213
745 0.010189
746 0.010080
747 0.010074
748 0.010073
749 0.010067
750 0.010892
751 0.010493
752 0.010744
753 0.011239
754 0.012149
755 0.012082
756 0.013915
757 0.013916
758 0.014615
759 0.014774
760 0.013918
761 0.010068
762 0.010070
763 0.010075
764 0.010077
765 0.010078
766 0.010079
767 0.010172
768 0.010207
769 0.010223
770 0.010224
771 0.010222
772 0.010206
773 0.010148
774 0.010080
775 0.010077
776 0.010072
777 0.010364
778 0.010225
779 0.010230
780 0.010307
781 0.010421
782 0.010963
783 0.012083
