0 0.002602
1 0.002483
2 0.002099
3 0.002263
4 0.001900
5 0.001587
6 0.001428
7 0.002331
8 0.000715
9 0.000247
10 0.000558
11 0.001581
12 0.001080
13 0.000335
14 0.000205
15 0.000137
16 0.000062
17 0.000024
18 0.000067
19 0.000292
20 0.000755
21 0.001094
22 0.002604
23 0.005090
24 0.006898
25 0.006914
26 0.010105
27 0.006575
28 0.002207
29 0.002370
30 0.001997
31 0.001900
32 0.001808
33 0.001639
34 0.001356
35 0.000812
36 0.000156
37 0.000104
38 0.001060
39 0.003467
40 0.001844
41 0.000536
42 0.000184
43 0.000087
44 0.000029
45 0.000016
46 0.000022
47 0.000157
48 0.000822
49 0.002026
50 0.000006
51 0.000000
52 0.006914
53 0.010363
54 0.005493
55 0.003698
56 0.003444
57 0.001997
58 0.001900
59 0.001808
60 0.001639
61 0.001356
62 0.001287
63 0.000302
64 0.000038
65 0.000096
66 0.001549
67 0.005422
68 0.003139
69 0.000800
70 0.000193
71 0.000039
72 0.000015
73 0.000008
74 0.000011
75 0.000065
76 0.000007
77 0.000000
78 0.000000
79 0.000000
80 0.000000
81 0.005378
82 0.003567
83 0.001614
84 0.005685
85 0.003212
86 0.001808
87 0.001428
88 0.001356
89 0.001287
90 0.001162
91 0.000100
92 0.000012
93 0.000159
94 0.001561
95 0.003617
96 0.003277
97 0.001752
98 0.000242
99 0.000022
100 0.000009
101 0.000003
102 0.000000
103 0.000000
104 0.000000
105 0.000003
106 0.000000
107 0.000000
108 0.000000
109 0.002790
110 0.001475
111 0.001117
112 0.010002
113 0.005481
114 0.002896
115 0.001561
116 0.000000
117 0.000000
118 0.000000
119 0.000000
120 0.000000
121 0.000118
122 0.001437
123 0.001208
124 0.002840
125 0.002435
126 0.000207
127 0.000002
128 0.000000
129 0.000000
130 0.000000
131 0.000000
132 0.000001
133 0.000001
134 0.000000
135 0.000000
136 0.000080
137 0.001106
138 0.000843
139 0.001132
140 0.010003
141 0.010002
142 0.005190
143 0.003157
144 0.000000
145 0.000000
146 0.000000
147 0.000000
148 0.000000
149 0.000000
150 0.000000
151 0.000001
152 0.000016
153 0.000007
154 0.000002
155 0.000000
156 0.000000
157 0.000000
158 0.000000
159 0.000001
160 0.000001
161 0.000000
162 0.000000
163 0.000000
164 0.000879
165 0.000628
166 0.000851
167 0.000899
168 0.008560
169 0.010003
170 0.010003
171 0.005845
172 0.000343
173 0.000000
174 0.000000
175 0.000000
176 0.000000
177 0.000000
178 0.000000
179 0.000000
180 0.000000
181 0.000000
182 0.000000
183 0.000000
184 0.000000
185 0.000000
186 0.000001
187 0.000003
188 0.000000
189 0.000000
190 0.000000
191 0.000000
192 0.000553
193 0.000596
194 0.000632
195 0.000978
196 0.004397
197 0.006865
198 0.009153
199 0.010003
200 0.000229
201 0.000323
202 0.000000
203 0.000000
204 0.000000
205 0.000000
206 0.000000
207 0.000000
208 0.000000
209 0.000000
210 0.000000
211 0.000000
212 0.000000
213 0.000000
214 0.000001
215 0.000000
216 0.000000
217 0.000000
218 0.000000
219 0.000014
220 0.000562
221 0.000609
222 0.000710
223 0.000853
224 0.001996
225 0.002991
226 0.004534
227 0.008642
228 0.010003
229 0.000103
230 0.000001
231 0.000000
232 0.000000
233 0.000000
234 0.000000
235 0.000000
236 0.000000
237 0.000000
238 0.000001
239 0.000001
240 0.000006
241 0.000006
242 0.000000
243 0.000000
244 0.000000
245 0.000000
246 0.000000
247 0.000036
248 0.000067
249 0.000099
250 0.000187
251 0.000276
252 0.001417
253 0.001285
254 0.001902
255 0.002371
256 0.001357
257 0.000005
258 0.000001
259 0.000002
260 0.000000
261 0.000000
262 0.000000
263 0.000000
264 0.000000
265 0.000000
266 0.000000
267 0.000018
268 0.999995
269 0.000080
270 0.000000
271 0.000000
272 0.000000
273 0.000000
274 0.000000
275 0.000007
276 0.000013
277 0.000021
278 0.000033
279 0.000056
280 0.002883
281 0.000706
282 0.000230
283 0.000166
284 0.000214
285 0.000000
286 0.000001
287 0.001542
288 0.000057
289 0.000000
290 0.000000
291 0.000000
292 0.000000
293 0.000000
294 0.000000
295 0.000004
296 0.000131
297 0.000004
298 0.000000
299 0.000000
300 0.000000
301 0.000000
302 0.000000
303 0.000028
304 0.000024
305 0.000020
306 0.000018
307 0.000025
308 0.001792
309 0.000722
310 0.000225
311 0.000083
312 0.000012
313 0.000001
314 0.000004
315 0.000976
316 0.999994
317 0.000007
318 0.000000
319 0.000000
320 0.000000
321 0.000000
322 0.000000
323 0.000000
324 0.000000
325 0.000000
326 0.000000
327 0.000000
328 0.000000
329 0.000000
330 0.000001
331 0.000017
332 0.000083
333 0.000062
334 0.000050
335 0.000053
336 0.001726
337 0.001638
338 0.001158
339 0.000887
340 0.000008
341 0.000003
342 0.000005
343 0.000396
344 0.004848
345 0.000106
346 0.000000
347 0.000000
348 0.000000
349 0.000000
350 0.000000
351 0.000000
352 0.000000
353 0.000000
354 0.000000
355 0.000000
356 0.000000
357 0.000000
358 0.000000
359 0.000003
360 0.000230
361 0.000184
362 0.000173
363 0.000117
364 0.003882
365 0.007008
366 0.006405
367 0.006227
368 0.000006
369 0.000010
370 0.000071
371 0.000053
372 0.000022
373 0.000007
374 0.000001
375 0.000000
376 0.000000
377 0.000000
378 0.000000
379 0.000000
380 0.000000
381 0.000000
382 0.000000
383 0.000000
384 0.000000
385 0.000000
386 0.000000
387 0.000001
388 0.000068
389 0.000230
390 0.000261
391 0.000363
392 0.002242
393 0.004033
394 0.007758
395 0.001356
396 0.000017
397 0.000080
398 0.005375
399 0.000014
400 0.000001
401 0.000001
402 0.000002
403 0.000004
404 0.000002
405 0.000000
406 0.000000
407 0.000000
408 0.000000
409 0.000000
410 0.000000
411 0.000000
412 0.000000
413 0.000000
414 0.000000
415 0.000000
416 0.000002
417 0.000141
418 0.000245
419 0.000261
420 0.000604
421 0.001186
422 0.001882
423 0.000030
424 0.000025
425 0.002830
426 0.999979
427 0.000004
428 0.000000
429 0.000001
430 0.000001
431 0.000007
432 0.000002
433 0.000000
434 0.000000
435 0.000000
436 0.000000
437 0.000000
438 0.000000
439 0.000000
440 0.000000
441 0.000000
442 0.000000
443 0.000000
444 0.000000
445 0.000042
446 0.000089
447 0.000165
448 0.000605
449 0.000333
450 0.000323
451 0.000002
452 0.000011
453 0.023395
454 0.003616
455 0.000003
456 0.000001
457 0.000001
458 0.000003
459 0.000001
460 0.000000
461 0.000000
462 0.000000
463 0.000000
464 0.000000
465 0.000000
466 0.000000
467 0.000000
468 0.000000
469 0.000000
470 0.000000
471 0.000000
472 0.000000
473 0.000004
474 0.000030
475 0.000097
476 0.002120
477 0.001076
478 0.000125
479 0.000003
480 0.000020
481 0.001239
482 0.000005
483 0.000000
484 0.000000
485 0.000002
486 0.000012
487 0.000001
488 0.000000
489 0.000000
490 0.000000
491 0.000000
492 0.000000
493 0.000000
494 0.000000
495 0.000000
496 0.000000
497 0.000000
498 0.000000
499 0.000000
500 0.000000
501 0.000001
502 0.000056
503 0.000198
504 0.010005
505 0.006233
506 0.000059
507 0.000013
508 0.001965
509 0.000016
510 0.000000
511 0.000000
512 0.000000
513 0.000000
514 0.000001
515 0.000000
516 0.000000
517 0.000000
518 0.000000
519 0.000000
520 0.000000
521 0.000000
522 0.000000
523 0.000000
524 0.000000
525 0.000000
526 0.000000
527 0.000000
528 0.000000
529 0.000001
530 0.000315
531 0.000879
532 0.010008
533 0.010007
534 0.000046
535 0.000157
536 0.004166
537 0.000002
538 0.000000
539 0.000000
540 0.000000
541 0.000000
542 0.000000
543 0.000000
544 0.000000
545 0.000000
546 0.000000
547 0.000000
548 0.000000
549 0.000000
550 0.000000
551 0.000000
552 0.000000
553 0.000000
554 0.000000
555 0.000000
556 0.000000
557 0.000011
558 0.000879
559 0.000915
560 0.010006
561 0.010003
562 0.000143
563 0.003046
564 0.000313
565 0.000001
566 0.000000
567 0.000000
568 0.000000
569 0.000000
570 0.000000
571 0.000000
572 0.000000
573 0.000000
574 0.000000
575 0.000000
576 0.000000
577 0.000000
578 0.000000
579 0.000000
580 0.000000
581 0.000000
582 0.000000
583 0.000001
584 0.000006
585 0.000879
586 0.000915
587 0.001085
588 0.010002
589 0.010000
590 0.009372
591 0.005529
592 0.000015
593 0.000000
594 0.000000
595 0.000000
596 0.000000
597 0.000000
598 0.000000
599 0.000000
600 0.000000
601 0.000000
602 0.000000
603 0.000000
604 0.000000
605 0.000000
606 0.000000
607 0.000000
608 0.000000
609 0.000000
610 0.000001
611 0.000011
612 0.000844
613 0.000879
614 0.001044
615 0.001085
616 0.010000
617 0.010000
618 0.010001
619 0.027142
620 0.000008
621 0.000001
622 0.000000
623 0.000000
624 0.000000
625 0.000000
626 0.000000
627 0.000000
628 0.000000
629 0.000000
630 0.000000
631 0.000000
632 0.000000
633 0.000000
634 0.000000
635 0.000000
636 0.000000
637 0.000001
638 0.000012
639 0.000844
640 0.000879
641 0.001044
642 0.000000
643 0.000000
644 0.010000
645 0.010001
646 0.010002
647 0.010002
648 0.003566
649 0.000014
650 0.000001
651 0.000000
652 0.000000
653 0.000000
654 0.000000
655 0.000003
656 0.000106
657 0.001845
658 0.000410
659 0.000026
660 0.000003
661 0.000002
662 0.000001
663 0.000001
664 0.000001
665 0.000019
666 0.000844
667 0.001005
668 0.001044
669 0.000000
670 0.000000
671 0.000000
672 0.000000
673 0.010001
674 0.010002
675 0.010002
676 0.010001
677 0.009592
678 0.000046
679 0.000013
680 0.000013
681 0.000067
682 0.000258
683 0.000284
684 0.000828
685 0.002526
686 0.000917
687 0.000429
688 0.000336
689 0.001340
690 0.001346
691 0.000259
692 0.000291
693 0.001070
694 0.000879
695 0.001044
696 0.000000
697 0.000000
698 0.000000
699 0.000000
700 0.000000
701 0.000000
702 0.010002
703 0.010001
704 0.009134
705 0.006569
706 0.003545
707 0.001649
708 0.001264
709 0.001064
710 0.000513
711 0.000155
712 0.000722
713 0.001670
714 0.001872
715 0.000547
716 0.000688
717 0.002431
718 0.009999
719 0.007252
720 0.003396
721 0.001940
722 0.001150
723 0.000000
724 0.000000
725 0.000000
726 0.000000
727 0.000000
728 0.000000
729 0.000000
730 0.000000
731 0.000000
732 0.006991
733 0.003874
734 0.002268
735 0.001417
736 0.001364
737 0.001153
738 0.001064
739 0.000243
740 0.000370
741 0.000973
742 0.002215
743 0.001134
744 0.001187
745 0.004199
746 0.010000
747 0.009999
748 0.006291
749 0.003521
750 0.000000
751 0.000000
752 0.000000
753 0.000000
754 0.000000
755 0.000000
756 0.000000
757 0.000000
758 0.000000
759 0.000000
760 0.000000
761 0.002830
762 0.001745
763 0.001472
764 0.001417
765 0.001364
766 0.001313
767 0.000528
768 0.000235
769 0.000825
770 0.001834
771 0.001934
772 0.002006
773 0.007130
774 0.010001
775 0.010000
776 0.009999
777 0.000001
778 0.000144
779 0.000053
780 0.000000
781 0.000000
782 0.000000
783 0.000000
