0 0.007851
1 0.003696
2 0.002107
3 0.001510
4 0.000934
5 0.000722
6 0.000621
7 0.000576
8 0.000029
9 0.000003
10 0.000002
11 0.000002
12 0.000002
13 0.000002
14 0.000002
15 0.000002
16 0.000002
17 0.000002
18 0.000005
19 0.000035
20 0.000136
21 0.000147
22 0.000210
23 0.000227
24 0.000189
25 0.000206
26 0.000288
27 0.000312
28 0.012553
29 0.007860
30 0.003645
31 0.001957
32 0.001116
33 0.000756
34 0.000576
35 0.000235
36 0.000007
37 0.000002
38 0.000002
39 0.000002
40 0.000002
41 0.000002
42 0.000002
43 0.000002
44 0.000002
45 0.000002
46 0.000002
47 0.000015
48 0.000095
49 0.000136
50 0.000001
51 0.000001
52 0.000174
53 0.000245
54 0.000206
55 0.000288
56 0.016260
57 0.012559
58 0.008444
59 0.003557
60 0.001753
61 0.000760
62 0.000535
63 0.000046
64 0.000003
65 0.000002
66 0.000002
67 0.000002
68 0.000002
69 0.000002
70 0.000002
71 0.000002
72 0.000002
73 0.000002
74 0.000002
75 0.000005
76 0.000001
77 0.000001
78 0.000001
79 0.000001
80 0.000001
81 0.000174
82 0.000246
83 0.000206
84 0.010168
85 0.015344
86 0.013071
87 0.007862
88 0.002745
89 0.001310
90 0.000628
91 0.000010
92 0.000002
93 0.000002
94 0.000002
95 0.000002
96 0.000002
97 0.000002
98 0.000002
99 0.000002
100 0.000002
101 0.000001
102 0.000001
103 0.000001
104 0.000001
105 0.000001
106 0.000001
107 0.000001
108 0.000004
109 0.000160
110 0.000174
111 0.000246
112 0.005854
113 0.009574
114 0.014471
115 0.013084
116 0.000001
117 0.000001
118 0.000001
119 0.000001
120 0.000001
121 0.000001
122 0.000002
123 0.000002
124 0.000002
125 0.000002
126 0.000002
127 0.000001
128 0.000001
129 0.000001
130 0.000001
131 0.000001
132 0.000001
133 0.000001
134 0.000002
135 0.000003
136 0.000002
137 0.000113
138 0.000161
139 0.000335
140 0.004858
141 0.005517
142 0.009017
143 0.013534
144 0.000001
145 0.000001
146 0.000001
147 0.000001
148 0.000001
149 0.000001
150 0.000001
151 0.000001
152 0.000001
153 0.000001
154 0.000001
155 0.000001
156 0.000001
157 0.000001
158 0.000001
159 0.000001
160 0.000001
161 0.000002
162 0.000003
163 0.000002
164 0.000116
165 0.000104
166 0.000266
167 0.000507
168 0.002463
169 0.004579
170 0.004986
171 0.007917
172 0.000001
173 0.000001
174 0.000001
175 0.000001
176 0.000001
177 0.000001
178 0.000001
179 0.000001
180 0.000001
181 0.000001
182 0.000001
183 0.000001
184 0.000001
185 0.000001
186 0.000001
187 0.000001
188 0.000002
189 0.000003
190 0.000004
191 0.000001
192 0.000101
193 0.000200
194 0.000500
195 0.001816
196 0.001236
197 0.001930
198 0.003002
199 0.004700
200 0.000002
201 0.000001
202 0.000001
203 0.000001
204 0.000001
205 0.000001
206 0.000001
207 0.000001
208 0.000001
209 0.000001
210 0.000001
211 0.000001
212 0.000001
213 0.000001
214 0.000001
215 0.000001
216 0.000003
217 0.000003
218 0.000002
219 0.000002
220 0.000240
221 0.000646
222 0.001982
223 0.007970
224 0.000535
225 0.000765
226 0.001157
227 0.002373
228 0.004134
229 0.000001
230 0.000001
231 0.000001
232 0.000001
233 0.000001
234 0.000001
235 0.000001
236 0.000001
237 0.000001
238 0.000001
239 0.000001
240 0.000001
241 0.000001
242 0.000001
243 0.000002
244 0.000003
245 0.000002
246 0.000001
247 0.000002
248 0.000005
249 0.000049
250 0.000366
251 0.001097
252 0.000497
253 0.000346
254 0.000452
255 0.000456
256 0.000118
257 0.000001
258 0.000001
259 0.000001
260 0.000001
261 0.000002
262 0.000001
263 0.000001
264 0.000001
265 0.000001
266 0.000001
267 0.000001
268 0.000001
269 0.000001
270 0.000001
271 0.000003
272 0.000002
273 0.000001
274 0.000001
275 0.000002
276 0.000003
277 0.000009
278 0.000017
279 0.000030
280 0.000346
281 0.000077
282 0.000031
283 0.000008
284 0.000006
285 0.000001
286 0.000001
287 0.000001
288 0.000001
289 0.000002
290 0.000002
291 0.000001
292 0.000001
293 0.000001
294 0.000001
295 0.000001
296 0.000001
297 0.000001
298 0.000002
299 0.000003
300 0.000002
301 0.000001
302 0.000001
303 0.000004
304 0.000005
305 0.000006
306 0.000006
307 0.000002
308 0.000044
309 0.000013
310 0.000004
311 0.000002
312 0.000001
313 0.000001
314 0.000001
315 0.000001
316 0.000001
317 0.000001
318 0.000002
319 0.000002
320 0.000001
321 0.000001
322 0.000001
323 0.000001
324 0.000001
325 0.000002
326 0.000003
327 0.000002
328 0.000001
329 0.000001
330 0.000002
331 0.000002
332 0.000006
333 0.000003
334 0.000002
335 0.000002
336 0.000010
337 0.000005
338 0.000003
339 0.000002
340 0.000001
341 0.000001
342 0.000001
343 0.000001
344 0.000001
345 0.000001
346 0.000002
347 0.000003
348 0.000003
349 0.000001
350 0.000001
351 0.000001
352 0.000001
353 0.000003
354 0.000004
355 0.000002
356 0.000001
357 0.000001
358 0.000001
359 0.000001
360 0.000002
361 0.000002
362 0.000001
363 0.000001
364 0.000007
365 0.000006
366 0.000004
367 0.000002
368 0.000001
369 0.000001
370 0.000001
371 0.000001
372 0.000001
373 0.000001
374 0.000001
375 0.000002
376 0.000003
377 0.000003
378 0.000002
379 0.000002
380 0.000003
381 0.000005
382 0.000004
383 0.000002
384 0.000001
385 0.000001
386 0.000001
387 0.000001
388 0.000001
389 0.000001
390 0.000001
391 0.000001
392 0.000004
393 0.000003
394 0.000003
395 0.000001
396 0.000001
397 0.000001
398 0.000001
399 0.000001
400 0.000001
401 0.000001
402 0.000001
403 0.000001
404 0.000002
405 0.000004
406 0.000007
407 0.000008
408 0.000010
409 0.000008
410 0.000004
411 0.000001
412 0.000001
413 0.000001
414 0.000001
415 0.000001
416 0.000001
417 0.000001
418 0.000001
419 0.000001
420 0.000004
421 0.000002
422 0.000002
423 0.000001
424 0.000001
425 0.000001
426 0.000001
427 0.000001
428 0.000001
429 0.000001
430 0.000001
431 0.000001
432 0.000001
433 0.000004
434 0.000024
435 0.000773
436 0.000424
437 0.000013
438 0.000002
439 0.000001
440 0.000001
441 0.000001
442 0.000001
443 0.000001
444 0.000001
445 0.000001
446 0.000001
447 0.000001
448 0.000005
449 0.000003
450 0.000002
451 0.000001
452 0.000001
453 0.000001
454 0.000001
455 0.000001
456 0.000001
457 0.000001
458 0.000001
459 0.000001
460 0.000001
461 0.000003
462 0.000021
463 0.999943
464 0.996320
465 0.000018
466 0.000002
467 0.000001
468 0.000001
469 0.000001
470 0.000001
471 0.000001
472 0.000001
473 0.000001
474 0.000001
475 0.000001
476 0.000025
477 0.000009
478 0.000002
479 0.000001
480 0.000001
481 0.000001
482 0.000001
483 0.000001
484 0.000001
485 0.000001
486 0.000001
487 0.000001
488 0.000002
489 0.000003
490 0.000006
491 0.000015
492 0.000025
493 0.000015
494 0.000004
495 0.000002
496 0.000001
497 0.000001
498 0.000001
499 0.000001
500 0.000001
501 0.000001
502 0.000002
503 0.000002
504 0.000291
505 0.000107
506 0.000001
507 0.000001
508 0.000001
509 0.000001
510 0.000001
511 0.000001
512 0.000001
513 0.000001
514 0.000001
515 0.000002
516 0.000003
517 0.000002
518 0.000003
519 0.000003
520 0.000003
521 0.000004
522 0.000005
523 0.000003
524 0.000002
525 0.000001
526 0.000001
527 0.000001
528 0.000001
529 0.000001
530 0.000005
531 0.000020
532 0.000270
533 0.000239
534 0.000001
535 0.000001
536 0.000001
537 0.000001
538 0.000001
539 0.000001
540 0.000001
541 0.000002
542 0.000002
543 0.000002
544 0.000002
545 0.000002
546 0.000001
547 0.000001
548 0.000001
549 0.000002
550 0.000003
551 0.000005
552 0.000004
553 0.000002
554 0.000001
555 0.000001
556 0.000001
557 0.000001
558 0.000020
559 0.000022
560 0.000347
561 0.000327
562 0.000001
563 0.000001
564 0.000001
565 0.000001
566 0.000001
567 0.000002
568 0.000002
569 0.000003
570 0.000002
571 0.000001
572 0.000001
573 0.000001
574 0.000001
575 0.000001
576 0.000001
577 0.000001
578 0.000001
579 0.000003
580 0.000009
581 0.000006
582 0.000002
583 0.000001
584 0.000001
585 0.000020
586 0.000022
587 0.000031
588 0.000445
589 0.000347
590 0.000004
591 0.000001
592 0.000001
593 0.000001
594 0.000002
595 0.000003
596 0.000003
597 0.000002
598 0.000001
599 0.000001
600 0.000001
601 0.000001
602 0.000001
603 0.000001
604 0.000001
605 0.000001
606 0.000001
607 0.000002
608 0.000003
609 0.000038
610 0.000030
611 0.000005
612 0.000229
613 0.000063
614 0.000028
615 0.000031
616 0.000498
617 0.000445
618 0.000347
619 0.000006
620 0.000001
621 0.000002
622 0.000002
623 0.000003
624 0.000002
625 0.000001
626 0.000001
627 0.000001
628 0.000001
629 0.000001
630 0.000001
631 0.000001
632 0.000001
633 0.000001
634 0.000001
635 0.000001
636 0.000002
637 0.000002
638 0.000030
639 0.006154
640 0.001110
641 0.000367
642 0.000001
643 0.000001
644 0.000528
645 0.000498
646 0.000471
647 0.000368
648 0.000057
649 0.000002
650 0.000002
651 0.000001
652 0.000001
653 0.000001
654 0.000001
655 0.000002
656 0.000002
657 0.000003
658 0.000002
659 0.000001
660 0.000001
661 0.000001
662 0.000001
663 0.000001
664 0.000002
665 0.000048
666 0.010015
667 0.009960
668 0.009889
669 0.000001
670 0.000001
671 0.000001
672 0.000001
673 0.000528
674 0.000498
675 0.000390
676 0.000445
677 0.000347
678 0.000002
679 0.000002
680 0.000003
681 0.000066
682 0.000362
683 0.000011
684 0.000003
685 0.000002
686 0.000002
687 0.000001
688 0.000001
689 0.000002
690 0.000002
691 0.000003
692 0.000025
693 0.002471
694 0.010026
695 0.010010
696 0.000001
697 0.000001
698 0.000001
699 0.000001
700 0.000001
701 0.000001
702 0.000528
703 0.000498
704 0.000471
705 0.000446
706 0.000348
707 0.001132
708 0.003461
709 0.009992
710 0.001840
711 0.000050
712 0.000005
713 0.000002
714 0.000001
715 0.000001
716 0.000001
717 0.000002
718 0.000011
719 0.000016
720 0.000077
721 0.000489
722 0.004005
723 0.000001
724 0.000002
725 0.000001
726 0.000001
727 0.000001
728 0.000001
729 0.000001
730 0.000001
731 0.000001
732 0.000499
733 0.000472
734 0.000808
735 0.002296
736 0.009990
737 0.009998
738 0.010033
739 0.000178
740 0.000006
741 0.000002
742 0.000001
743 0.000001
744 0.000002
745 0.000003
746 0.000012
747 0.000017
748 0.000032
749 0.000172
750 0.000002
751 0.000001
752 0.000001
753 0.000002
754 0.000001
755 0.000001
756 0.000001
757 0.000001
758 0.000002
759 0.000002
760 0.000001
761 0.000730
762 0.001952
763 0.006049
764 0.009994
765 0.010003
766 0.010040
767 0.000755
768 0.000007
769 0.000002
770 0.000001
771 0.000001
772 0.000002
773 0.000008
774 0.000012
775 0.000014
776 0.000020
777 0.000001
778 0.000005
779 0.000009
780 0.000002
781 0.000001
782 0.000002
783 0.000001
