0 0.003363
1 0.003232
2 0.002801
3 0.002987
4 0.002572
5 0.002200
6 0.002007
7 0.002381
8 0.001073
9 0.000387
10 0.000775
11 0.001565
12 0.001768
13 0.000663
14 0.000253
15 0.000113
16 0.000058
17 0.000036
18 0.000134
19 0.000531
20 0.001175
21 0.001230
22 0.001496
23 0.001562
24 0.001413
25 0.001494
26 0.001976
27 0.002784
28 0.002924
29 0.003107
30 0.002684
31 0.002572
32 0.002464
33 0.002263
34 0.001917
35 0.001270
36 0.000264
37 0.000164
38 0.000600
39 0.001625
40 0.001934
41 0.001166
42 0.000358
43 0.000080
44 0.000039
45 0.000033
46 0.000055
47 0.000313
48 0.000959
49 0.001175
50 0.000000
51 0.000000
52 0.001362
53 0.001863
54 0.002709
55 0.005258
56 0.003107
57 0.002684
58 0.002572
59 0.002464
60 0.002263
61 0.001917
62 0.001832
63 0.000557
64 0.000085
65 0.000083
66 0.000421
67 0.001511
68 0.001793
69 0.001838
70 0.000426
71 0.000087
72 0.000029
73 0.000022
74 0.000027
75 0.000125
76 0.000000
77 0.000000
78 0.000000
79 0.000000
80 0.000000
81 0.002583
82 0.005205
83 0.008807
84 0.002987
85 0.002572
86 0.002200
87 0.002007
88 0.001917
89 0.001832
90 0.001672
91 0.000220
92 0.000033
93 0.000055
94 0.000274
95 0.000648
96 0.001778
97 0.001839
98 0.000715
99 0.000113
100 0.000030
101 0.000007
102 0.000000
103 0.000000
104 0.000000
105 0.000000
106 0.000000
107 0.000000
108 0.000000
109 0.005404
110 0.008833
111 0.010890
112 0.002572
113 0.002464
114 0.002007
115 0.001917
116 0.000000
117 0.000000
118 0.000000
119 0.000000
120 0.000000
121 0.000026
122 0.000159
123 0.000364
124 0.000876
125 0.001258
126 0.000781
127 0.000010
128 0.000000
129 0.000000
130 0.000000
131 0.000000
132 0.000000
133 0.000000
134 0.000000
135 0.000000
136 0.000063
137 0.008636
138 0.010904
139 0.011337
140 0.002464
141 0.002101
142 0.001917
143 0.001832
144 0.000000
145 0.000000
146 0.000000
147 0.000000
148 0.000000
149 0.000000
150 0.000000
151 0.000000
152 0.000009
153 0.000002
154 0.000001
155 0.000000
156 0.000000
157 0.000000
158 0.000000
159 0.000000
160 0.000000
161 0.000000
162 0.000000
163 0.000000
164 0.009543
165 0.011058
166 0.011332
167 0.010178
168 0.002101
169 0.001917
170 0.001832
171 0.001672
172 0.000000
173 0.000000
174 0.000000
175 0.000000
176 0.000000
177 0.000000
178 0.000000
179 0.000000
180 0.000000
181 0.000000
182 0.000000
183 0.000000
184 0.000000
185 0.000000
186 0.000000
187 0.000000
188 0.000000
189 0.000000
190 0.000000
191 0.000001
192 0.011473
193 0.011315
194 0.009927
195 0.010404
196 0.001931
197 0.001832
198 0.001538
199 0.001395
200 0.000001
201 0.000000
202 0.000000
203 0.000000
204 0.000000
205 0.000000
206 0.000000
207 0.000000
208 0.000000
209 0.000000
210 0.000000
211 0.000000
212 0.000000
213 0.000000
214 0.000000
215 0.000000
216 0.000000
217 0.000000
218 0.000000
219 0.000304
220 0.010853
221 0.009919
222 0.009198
223 0.005282
224 0.001845
225 0.001548
226 0.001405
227 0.001329
228 0.001044
229 0.000000
230 0.000000
231 0.000000
232 0.000000
233 0.000000
234 0.000000
235 0.000000
236 0.000000
237 0.000000
238 0.000000
239 0.000000
240 0.000000
241 0.000000
242 0.000000
243 0.000000
244 0.000000
245 0.000000
246 0.000000
247 0.005707
248 0.991621
249 0.006450
250 0.003894
251 0.002278
252 0.001762
253 0.001405
254 0.001338
255 0.000773
256 0.000151
257 0.000000
258 0.000000
259 0.000000
260 0.000000
261 0.000000
262 0.000000
263 0.000000
264 0.000000
265 0.000000
266 0.000000
267 0.000000
268 0.000000
269 0.000000
270 0.000000
271 0.000000
272 0.000000
273 0.000000
274 0.000000
275 0.000121
276 0.000218
277 0.000322
278 0.000418
279 0.000547
280 0.001395
281 0.000475
282 0.000235
283 0.000061
284 0.000023
285 0.000000
286 0.000000
287 0.000000
288 0.000000
289 0.000000
290 0.000000
291 0.000000
292 0.000000
293 0.000000
294 0.000000
295 0.000000
296 0.000000
297 0.000000
298 0.000002
299 0.000000
300 0.000000
301 0.000000
302 0.000000
303 0.000004
304 0.000006
305 0.000008
306 0.000015
307 0.000038
308 0.000322
309 0.000113
310 0.000034
311 0.000012
312 0.000001
313 0.000000
314 0.000000
315 0.000000
316 0.000000
317 0.000000
318 0.000000
319 0.000000
320 0.000000
321 0.000000
322 0.000000
323 0.000000
324 0.000000
325 0.000010
326 0.999999
327 0.000000
328 0.000000
329 0.000000
330 0.000000
331 0.000001
332 0.000001
333 0.000001
334 0.000002
335 0.000006
336 0.000174
337 0.000053
338 0.000023
339 0.000010
340 0.000000
341 0.000000
342 0.000000
343 0.000000
344 0.000000
345 0.000000
346 0.000000
347 0.000000
348 0.000000
349 0.000000
350 0.000000
351 0.000000
352 0.000000
353 0.000007
354 0.000007
355 0.000000
356 0.000000
357 0.000000
358 0.000000
359 0.000000
360 0.000008
361 0.000004
362 0.000003
363 0.000003
364 0.000306
365 0.000166
366 0.000061
367 0.000023
368 0.000000
369 0.000000
370 0.000000
371 0.000000
372 0.000000
373 0.000000
374 0.000000
375 0.000000
376 0.000000
377 0.000000
378 0.000000
379 0.000000
380 0.000000
381 0.000001
382 0.000000
383 0.000000
384 0.000000
385 0.000000
386 0.000000
387 0.000001
388 0.000023
389 0.000040
390 0.000019
391 0.000012
392 0.000415
393 0.000292
394 0.000152
395 0.000011
396 0.000000
397 0.000000
398 0.000013
399 0.000000
400 0.000000
401 0.000000
402 0.000000
403 0.000000
404 0.000000
405 0.000000
406 0.000000
407 0.000000
408 0.000000
409 0.000000
410 0.000000
411 0.000000
412 0.000000
413 0.000000
414 0.000000
415 0.000000
416 0.000013
417 0.000288
418 0.000163
419 0.000069
420 0.000133
421 0.000169
422 0.000213
423 0.000010
424 0.000002
425 0.000026
426 0.001509
427 0.000000
428 0.000000
429 0.000000
430 0.000000
431 0.000000
432 0.000000
433 0.000000
434 0.000000
435 0.000000
436 0.000000
437 0.000000
438 0.000000
439 0.000000
440 0.000000
441 0.000000
442 0.000000
443 0.000000
444 0.000001
445 0.000328
446 0.000441
447 0.000784
448 0.000066
449 0.000054
450 0.000155
451 0.000003
452 0.000012
453 0.999998
454 0.001234
455 0.000000
456 0.000000
457 0.000000
458 0.000000
459 0.000000
460 0.000000
461 0.000000
462 0.000000
463 0.000000
464 0.000000
465 0.000000
466 0.000000
467 0.000000
468 0.000000
469 0.000000
470 0.000000
471 0.000000
472 0.000000
473 0.000039
474 0.000678
475 0.002081
476 0.000199
477 0.000204
478 0.000097
479 0.000005
480 0.000023
481 0.002921
482 0.000016
483 0.000000
484 0.000000
485 0.000000
486 0.000000
487 0.000000
488 0.000000
489 0.000000
490 0.000000
491 0.000000
492 0.000000
493 0.000000
494 0.000000
495 0.000000
496 0.000002
497 0.000004
498 0.000000
499 0.000000
500 0.000000
501 0.000003
502 0.000584
503 0.002609
504 0.002326
505 0.002877
506 0.000134
507 0.000014
508 0.000236
509 0.000014
510 0.000000
511 0.000000
512 0.000000
513 0.000000
514 0.000000
515 0.000000
516 0.000000
517 0.000000
518 0.000000
519 0.000000
520 0.000000
521 0.000000
522 0.000000
523 0.000000
524 0.000001
525 0.000349
526 0.000064
527 0.000000
528 0.000000
529 0.000002
530 0.000299
531 0.000739
532 0.005850
533 0.010001
534 0.000255
535 0.000057
536 0.000958
537 0.000001
538 0.000000
539 0.000000
540 0.000000
541 0.000000
542 0.000000
543 0.000000
544 0.000000
545 0.000000
546 0.000000
547 0.000000
548 0.000000
549 0.000000
550 0.000000
551 0.000000
552 0.000000
553 0.000033
554 0.999997
555 0.000065
556 0.000001
557 0.000007
558 0.000145
559 0.000210
560 0.010001
561 0.006846
562 0.000266
563 0.000718
564 0.000054
565 0.000001
566 0.000000
567 0.000000
568 0.000000
569 0.000000
570 0.000000
571 0.000000
572 0.000000
573 0.000000
574 0.000000
575 0.000000
576 0.000000
577 0.000000
578 0.000000
579 0.000000
580 0.000000
581 0.000000
582 0.000068
583 0.003341
584 0.000205
585 0.001586
586 0.000541
587 0.000263
588 0.006993
589 0.002954
590 0.000558
591 0.000051
592 0.000004
593 0.000000
594 0.000000
595 0.000000
596 0.000000
597 0.000000
598 0.000000
599 0.000000
600 0.000000
601 0.000000
602 0.000000
603 0.000000
604 0.000000
605 0.000000
606 0.000000
607 0.000000
608 0.000000
609 0.000000
610 0.000003
611 0.000651
612 0.007263
613 0.005292
614 0.002184
615 0.000970
616 0.003196
617 0.001589
618 0.000811
619 0.000280
620 0.000002
621 0.000000
622 0.000000
623 0.000000
624 0.000000
625 0.000000
626 0.000000
627 0.000000
628 0.000000
629 0.000000
630 0.000000
631 0.000000
632 0.000000
633 0.000000
634 0.000000
635 0.000000
636 0.000000
637 0.000000
638 0.000004
639 0.000653
640 0.002142
641 0.007346
642 0.000000
643 0.000000
644 0.001786
645 0.001088
646 0.001036
647 0.000846
648 0.000311
649 0.000003
650 0.000000
651 0.000000
652 0.000001
653 0.000011
654 0.000002
655 0.000001
656 0.000002
657 0.000003
658 0.000001
659 0.000000
660 0.000000
661 0.000000
662 0.000000
663 0.000000
664 0.000000
665 0.000003
666 0.000080
667 0.000235
668 0.000713
669 0.000000
670 0.000000
671 0.000000
672 0.000000
673 0.001136
674 0.001085
675 0.000888
676 0.000989
677 0.000873
678 0.000026
679 0.000034
680 0.000189
681 0.001584
682 0.000950
683 0.000050
684 0.000008
685 0.000003
686 0.000001
687 0.000000
688 0.000000
689 0.000003
690 0.000008
691 0.000005
692 0.000012
693 0.000074
694 0.000086
695 0.000118
696 0.000000
697 0.000000
698 0.000000
699 0.000000
700 0.000000
701 0.000000
702 0.001136
703 0.001085
704 0.001065
705 0.001568
706 0.002903
707 0.007340
708 0.010001
709 0.010001
710 0.003137
711 0.000192
712 0.000009
713 0.000001
714 0.000001
715 0.000001
716 0.000001
717 0.000005
718 0.000050
719 0.000054
720 0.000058
721 0.000080
722 0.000110
723 0.000000
724 0.000000
725 0.000000
726 0.000000
727 0.000000
728 0.000000
729 0.000000
730 0.000000
731 0.000000
732 0.001351
733 0.002910
734 0.005656
735 0.010000
736 0.010001
737 0.010001
738 0.010000
739 0.000541
740 0.000013
741 0.000001
742 0.000001
743 0.000001
744 0.000003
745 0.000015
746 0.000054
747 0.000074
748 0.000080
749 0.000110
750 0.000000
751 0.000000
752 0.000000
753 0.000000
754 0.000000
755 0.000000
756 0.000000
757 0.000000
758 0.000000
759 0.000000
760 0.000000
761 0.004672
762 0.009610
763 0.010000
764 0.010001
765 0.010001
766 0.010000
767 0.000921
768 0.000019
769 0.000001
770 0.000001
771 0.000001
772 0.000006
773 0.000042
774 0.000054
775 0.000063
776 0.000086
777 0.000000
778 0.000008
779 0.000005
780 0.000000
781 0.000000
782 0.000000
783 0.000000
