0 0.010019
1 0.010020
2 0.010023
3 0.010022
4 0.010025
5 0.010028
6 0.010030
7 0.010031
8 0.010032
9 0.010033
10 0.010035
11 0.010039
12 0.010040
13 0.010045
14 0.010047
15 0.010051
16 0.010054
17 0.010059
18 0.010038
19 0.010011
20 0.010000
21 0.010000
22 0.010000
23 0.010000
24 0.010000
25 0.010000
26 0.010000
27 0.010000
28 0.010022
29 0.010021
30 0.010023
31 0.010024
32 0.010025
33 0.010027
34 0.010030
35 0.010031
36 0.010036
37 0.010037
38 0.010038
39 0.010040
40 0.010044
41 0.010046
42 0.010048
43 0.010053
44 0.010058
45 0.010060
46 0.010053
47 0.010025
48 0.010000
49 0.010000
50 0.010255
51 0.010798
52 0.010000
53 0.010000
54 0.010000
55 0.010000
56 0.010021
57 0.010023
58 0.010024
59 0.010025
60 0.010027
61 0.010030
62 0.010031
63 0.010033
64 0.010036
65 0.010038
66 0.010039
67 0.010044
68 0.010048
69 0.010050
70 0.010052
71 0.010057
72 0.010059
73 0.010062
74 0.010064
75 0.010039
76 0.010117
77 0.010478
78 0.010859
79 0.010798
80 0.010798
81 0.010000
82 0.010000
83 0.010000
84 0.010022
85 0.010024
86 0.010027
87 0.010029
88 0.010030
89 0.010031
90 0.010032
91 0.010036
92 0.010040
93 0.010041
94 0.010043
95 0.010045
96 0.010050
97 0.010051
98 0.010054
99 0.010058
100 0.010061
101 0.010186
102 0.010256
103 0.010446
104 0.010579
105 0.010802
106 0.010812
107 0.010736
108 0.010193
109 0.010000
110 0.010000
111 0.010000
112 0.010024
113 0.010025
114 0.010029
115 0.010029
116 0.010032
117 0.010034
118 0.010035
119 0.010037
120 0.010041
121 0.010043
122 0.010045
123 0.010046
124 0.010050
125 0.010052
126 0.010058
127 0.010213
128 0.010247
129 0.010392
130 0.010516
131 0.010609
132 0.010702
133 0.010849
134 0.010646
135 0.010441
136 0.010043
137 0.010000
138 0.010000
139 0.010000
140 0.010025
141 0.010028
142 0.010030
143 0.010030
144 0.010034
145 0.010035
146 0.010037
147 0.010040
148 0.010042
149 0.010047
150 0.010048
151 0.010050
152 0.010052
153 0.010213
154 0.010243
155 0.010328
156 0.010454
157 0.010567
158 0.010580
159 0.010743
160 0.010789
161 0.010646
162 0.010471
163 0.010144
164 0.010000
165 0.010000
166 0.010000
167 0.010000
168 0.010028
169 0.010030
170 0.010031
171 0.010032
172 0.010035
173 0.010037
174 0.010040
175 0.010039
176 0.010044
177 0.010045
178 0.010162
179 0.010209
180 0.010237
181 0.010259
182 0.010448
183 0.010457
184 0.010554
185 0.010580
186 0.010657
187 0.010826
188 0.010670
189 0.010533
190 0.010184
191 0.010086
192 0.010000
193 0.010000
194 0.010000
195 0.010000
196 0.010030
197 0.010031
198 0.010034
199 0.010036
200 0.010039
201 0.010040
202 0.010042
203 0.010043
204 0.010175
205 0.010204
206 0.010224
207 0.010244
208 0.010265
209 0.010240
210 0.010254
211 0.010579
212 0.010528
213 0.010583
214 0.010636
215 0.010688
216 0.010610
217 0.010363
218 0.010134
219 0.010037
220 0.010000
221 0.010000
222 0.010000
223 0.010000
224 0.010031
225 0.010034
226 0.010036
227 0.010037
228 0.010040
229 0.010042
230 0.010180
231 0.010200
232 0.010214
233 0.010231
234 0.010246
235 0.010214
236 0.010224
237 0.010233
238 0.010244
239 0.010255
240 0.010557
241 0.010506
242 0.010692
243 0.010669
244 0.010472
245 0.010285
246 0.010193
247 0.010000
248 0.010000
249 0.010000
250 0.010000
251 0.010000
252 0.010032
253 0.010036
254 0.010037
255 0.010134
256 0.010177
257 0.010192
258 0.010208
259 0.010222
260 0.010234
261 0.010196
262 0.010202
263 0.010209
264 0.010216
265 0.010229
266 0.010235
267 0.010245
268 0.010259
269 0.010696
270 0.010698
271 0.010518
272 0.010299
273 0.010275
274 0.010189
275 0.010000
276 0.010000
277 0.010000
278 0.010000
279 0.010000
280 0.010036
281 0.010153
282 0.010169
283 0.010191
284 0.010201
285 0.010215
286 0.010175
287 0.010181
288 0.010186
289 0.010193
290 0.010198
291 0.010207
292 0.010213
293 0.010219
294 0.010229
295 0.010238
296 0.010249
297 0.010262
298 0.010514
299 0.010285
300 0.010298
301 0.010268
302 0.010181
303 0.010000
304 0.010000
305 0.010000
306 0.010000
307 0.010000
308 0.010168
309 0.010183
310 0.010198
311 0.010209
312 0.010166
313 0.010172
314 0.010175
315 0.010179
316 0.010184
317 0.010190
318 0.010195
319 0.010202
320 0.010208
321 0.010216
322 0.010225
323 0.010235
324 0.010246
325 0.010255
326 0.010269
327 0.010284
328 0.010286
329 0.010258
330 0.010100
331 0.010042
332 0.010000
333 0.010000
334 0.010000
335 0.010000
336 0.010193
337 0.010151
338 0.010154
339 0.010161
340 0.010164
341 0.010169
342 0.010174
343 0.010180
344 0.010184
345 0.010189
346 0.010195
347 0.010199
348 0.010208
349 0.010213
350 0.010223
351 0.010230
352 0.010240
353 0.010251
354 0.010263
355 0.010279
356 0.010279
357 0.010246
358 0.010122
359 0.010077
360 0.010000
361 0.010000
362 0.010000
363 0.010000
364 0.010147
365 0.010149
366 0.010153
367 0.010159
368 0.010165
369 0.010169
370 0.010172
371 0.010180
372 0.010182
373 0.010188
374 0.010195
375 0.010200
376 0.010206
377 0.010213
378 0.010219
379 0.010226
380 0.010238
381 0.010245
382 0.010261
383 0.010274
384 0.010263
385 0.010230
386 0.010150
387 0.010103
388 0.010025
389 0.010000
390 0.010000
391 0.010000
392 0.010148
393 0.010152
394 0.010157
395 0.010162
396 0.010166
397 0.010171
398 0.010175
399 0.010179
400 0.010184
401 0.010189
402 0.010193
403 0.010200
404 0.010205
405 0.010211
406 0.010216
407 0.010227
408 0.010235
409 0.010246
410 0.010259
411 0.010270
412 0.010254
413 0.010205
414 0.010155
415 0.010136
416 0.010068
417 0.010000
418 0.010000
419 0.010000
420 0.010146
421 0.010154
422 0.010158
423 0.010160
424 0.010166
425 0.010171
426 0.010175
427 0.010178
428 0.010185
429 0.010191
430 0.010195
431 0.010199
432 0.010205
433 0.010210
434 0.010219
435 0.010227
436 0.010236
437 0.010246
438 0.010256
439 0.010260
440 0.010245
441 0.010153
442 0.010167
443 0.010372
444 0.010101
445 0.010000
446 0.010000
447 0.010000
448 0.010145
449 0.010154
450 0.010159
451 0.010161
452 0.010166
453 0.010172
454 0.010179
455 0.010181
456 0.010185
457 0.010190
458 0.010194
459 0.010201
460 0.010208
461 0.010212
462 0.010219
463 0.010227
464 0.010235
465 0.010246
466 0.010258
467 0.010256
468 0.010235
469 0.010165
470 0.010526
471 0.010380
472 0.010156
473 0.010028
474 0.010000
475 0.010000
476 0.010115
477 0.010134
478 0.010149
479 0.010161
480 0.010169
481 0.010172
482 0.010178
483 0.010181
484 0.010189
485 0.010191
486 0.010195
487 0.010202
488 0.010207
489 0.010216
490 0.010223
491 0.010229
492 0.010238
493 0.010248
494 0.010261
495 0.010249
496 0.010222
497 0.010856
498 0.010675
499 0.010466
500 0.010360
501 0.010068
502 0.010000
503 0.010000
504 0.010024
505 0.010071
506 0.010107
507 0.010132
508 0.010153
509 0.010165
510 0.010178
511 0.010184
512 0.010188
513 0.010194
514 0.010199
515 0.010204
516 0.010209
517 0.010218
518 0.010225
519 0.010232
520 0.010241
521 0.010251
522 0.010255
523 0.010247
524 0.010785
525 0.010854
526 0.010795
527 0.010675
528 0.010370
529 0.010085
530 0.010000
531 0.010000
532 0.010024
533 0.010025
534 0.010025
535 0.010025
536 0.010096
537 0.010134
538 0.010151
539 0.010168
540 0.010181
541 0.010198
542 0.010200
543 0.010208
544 0.010213
545 0.010220
546 0.010227
547 0.010236
548 0.010245
549 0.010254
550 0.010256
551 0.010523
552 0.010541
553 0.010845
554 0.010885
555 0.010670
556 0.010448
557 0.010317
558 0.010000
559 0.010000
560 0.010022
561 0.010023
562 0.010023
563 0.010025
564 0.010025
565 0.010026
566 0.010070
567 0.010125
568 0.010153
569 0.010171
570 0.010187
571 0.010203
572 0.010218
573 0.010224
574 0.010230
575 0.010239
576 0.010251
577 0.010260
578 0.010254
579 0.010282
580 0.010452
581 0.010598
582 0.010847
583 0.010958
584 0.010734
585 0.010000
586 0.010000
587 0.010000
588 0.010021
589 0.010022
590 0.010022
591 0.010024
592 0.010024
593 0.010026
594 0.010026
595 0.010027
596 0.010029
597 0.010100
598 0.010144
599 0.010171
600 0.010193
601 0.010210
602 0.010231
603 0.010246
604 0.010256
605 0.010260
606 0.010247
607 0.010166
608 0.010216
609 0.010381
610 0.010588
611 0.010933
612 0.010000
613 0.010000
614 0.010000
615 0.010000
616 0.010020
617 0.010020
618 0.010022
619 0.010022
620 0.010022
621 0.010024
622 0.010025
623 0.010025
624 0.010027
625 0.010028
626 0.010030
627 0.010032
628 0.010127
629 0.010167
630 0.010196
631 0.010219
632 0.010244
633 0.010253
634 0.010236
635 0.010158
636 0.010143
637 0.010123
638 0.010204
639 0.010000
640 0.010000
641 0.010000
642 0.011082
643 0.011209
644 0.010019
645 0.010020
646 0.010020
647 0.010021
648 0.010022
649 0.010022
650 0.010024
651 0.010024
652 0.010026
653 0.010027
654 0.010030
655 0.010029
656 0.010031
657 0.010034
658 0.010035
659 0.010158
660 0.010189
661 0.010197
662 0.010189
663 0.010131
664 0.010117
665 0.010065
666 0.010000
667 0.010000
668 0.010000
669 0.011082
670 0.011111
671 0.011223
672 0.010018
673 0.010019
674 0.010019
675 0.010021
676 0.010020
677 0.010022
678 0.010024
679 0.010024
680 0.010025
681 0.010027
682 0.010028
683 0.010028
684 0.010031
685 0.010032
686 0.010034
687 0.010035
688 0.010038
689 0.010025
690 0.010033
691 0.010047
692 0.010032
693 0.010000
694 0.010000
695 0.010000
696 0.011082
697 0.011082
698 0.011092
699 0.011160
700 0.010017
701 0.010019
702 0.010019
703 0.010019
704 0.010020
705 0.010020
706 0.010022
707 0.010022
708 0.010023
709 0.010025
710 0.010027
711 0.010028
712 0.010029
713 0.010030
714 0.010032
715 0.010033
716 0.010031
717 0.010018
718 0.010000
719 0.010000
720 0.010000
721 0.010000
722 0.010000
723 0.011090
724 0.010998
725 0.011075
726 0.011082
727 0.011082
728 0.010017
729 0.010017
730 0.010019
731 0.010019
732 0.010019
733 0.010020
734 0.010022
735 0.010022
736 0.010023
737 0.010024
738 0.010025
739 0.010026
740 0.010027
741 0.010029
742 0.010031
743 0.010032
744 0.010026
745 0.010012
746 0.010000
747 0.010000
748 0.010000
749 0.010000
750 0.010560
751 0.010313
752 0.010379
753 0.010699
754 0.011112
755 0.011082
756 0.010016
757 0.010017
758 0.010017
759 0.010019
760 0.010018
761 0.010020
762 0.010020
763 0.010022
764 0.010022
765 0.010023
766 0.010024
767 0.010024
768 0.010026
769 0.010027
770 0.010029
771 0.010030
772 0.010020
773 0.010005
774 0.010000
775 0.010000
776 0.010000
777 0.010189
778 0.010057
779 0.010065
780 0.010141
781 0.010249
782 0.010620
783 0.011082
