0 0.008128
1 0.008126
2 0.007971
3 0.006369
4 0.003785
5 0.001953
6 0.001374
7 0.001301
8 0.000277
9 0.000095
10 0.000205
11 0.000573
12 0.000577
13 0.000169
14 0.000051
15 0.000027
16 0.000021
17 0.000016
18 0.000077
19 0.000408
20 0.001079
21 0.001131
22 0.001383
23 0.001618
24 0.002245
25 0.003568
26 0.005814
27 0.005815
28 0.008128
29 0.008129
30 0.007976
31 0.007972
32 0.005395
33 0.003054
34 0.001484
35 0.000822
36 0.000101
37 0.000076
38 0.000257
39 0.000589
40 0.000371
41 0.000087
42 0.000029
43 0.000019
44 0.000014
45 0.000016
46 0.000028
47 0.000206
48 0.000875
49 0.001102
50 0.000005
51 0.000000
52 0.003459
53 0.005815
54 0.005564
55 0.005816
56 0.008761
57 0.008128
58 0.007978
59 0.007977
60 0.007972
61 0.004414
62 0.002449
63 0.000396
64 0.000069
65 0.000083
66 0.000557
67 0.000440
68 0.000133
69 0.000033
70 0.000015
71 0.000012
72 0.000012
73 0.000011
74 0.000012
75 0.000072
76 0.000008
77 0.000000
78 0.000000
79 0.000000
80 0.000000
81 0.005564
82 0.005817
83 0.004985
84 0.009447
85 0.008761
86 0.008129
87 0.007831
88 0.007830
89 0.007824
90 0.004181
91 0.000267
92 0.000052
93 0.000131
94 0.000452
95 0.000325
96 0.000057
97 0.000020
98 0.000011
99 0.000009
100 0.000010
101 0.000004
102 0.000000
103 0.000000
104 0.000000
105 0.000000
106 0.000000
107 0.000000
108 0.000000
109 0.005565
110 0.004947
111 0.003678
112 0.010001
113 0.009448
114 0.008761
115 0.008129
116 0.000000
117 0.000000
118 0.000000
119 0.000000
120 0.000003
121 0.000168
122 0.000432
123 0.000172
124 0.000026
125 0.000009
126 0.000008
127 0.000001
128 0.000000
129 0.000000
130 0.000000
131 0.000000
132 0.000000
133 0.000000
134 0.000000
135 0.000000
136 0.000139
137 0.004143
138 0.003028
139 0.002352
140 0.010002
141 0.010001
142 0.009448
143 0.008927
144 0.000265
145 0.000001
146 0.000000
147 0.000000
148 0.000000
149 0.000000
150 0.000001
151 0.000001
152 0.000001
153 0.000000
154 0.000000
155 0.000000
156 0.000000
157 0.000000
158 0.000000
159 0.000000
160 0.000000
161 0.000000
162 0.000000
163 0.000001
164 0.004228
165 0.002460
166 0.001882
167 0.001377
168 0.006606
169 0.009198
170 0.010002
171 0.009629
172 0.009116
173 0.002533
174 0.000002
175 0.000000
176 0.000000
177 0.000000
178 0.000000
179 0.000000
180 0.000000
181 0.000000
182 0.000000
183 0.000000
184 0.000000
185 0.000000
186 0.000000
187 0.000000
188 0.000000
189 0.000001
190 0.000000
191 0.000023
192 0.002070
193 0.001435
194 0.000907
195 0.001224
196 0.008125
197 0.006088
198 0.007789
199 0.010002
200 0.009814
201 0.003626
202 0.000162
203 0.000006
204 0.000002
205 0.000000
206 0.000000
207 0.000000
208 0.000000
209 0.000000
210 0.000000
211 0.000000
212 0.000000
213 0.000000
214 0.000000
215 0.000000
216 0.000000
217 0.000000
218 0.000001
219 0.000046
220 0.001225
221 0.000860
222 0.000929
223 0.001113
224 0.008378
225 0.010583
226 0.007997
227 0.007172
228 0.009198
229 0.002371
230 0.000027
231 0.000055
232 0.000058
233 0.000001
234 0.000000
235 0.000000
236 0.000000
237 0.000000
238 0.000000
239 0.000000
240 0.000000
241 0.000000
242 0.000000
243 0.000000
244 0.000000
245 0.000000
246 0.000000
247 0.000139
248 0.000155
249 0.000199
250 0.000342
251 0.000464
252 0.005478
253 0.006801
254 0.009742
255 0.006468
256 0.001204
257 0.000107
258 0.000070
259 0.000253
260 0.000981
261 0.000101
262 0.000001
263 0.000000
264 0.000000
265 0.000000
266 0.000000
267 0.000000
268 0.000000
269 0.000000
270 0.000000
271 0.000000
272 0.000000
273 0.000000
274 0.000000
275 0.000024
276 0.000041
277 0.000061
278 0.000087
279 0.000143
280 0.001069
281 0.001218
282 0.001241
283 0.001452
284 0.002604
285 0.000030
286 0.000071
287 0.999992
288 0.000875
289 0.000015
290 0.000001
291 0.000000
292 0.000000
293 0.000000
294 0.000000
295 0.000000
296 0.000000
297 0.000000
298 0.000000
299 0.000000
300 0.000000
301 0.000000
302 0.000000
303 0.000027
304 0.000036
305 0.000046
306 0.000055
307 0.000095
308 0.000241
309 0.000200
310 0.000282
311 0.000731
312 0.000392
313 0.000177
314 0.000583
315 0.003246
316 0.000010
317 0.000001
318 0.000000
319 0.000001
320 0.000000
321 0.000000
322 0.000000
323 0.000000
324 0.000000
325 0.000000
326 0.000000
327 0.000000
328 0.000000
329 0.000000
330 0.000000
331 0.000003
332 0.000035
333 0.000051
334 0.000093
335 0.000214
336 0.000190
337 0.000191
338 0.000310
339 0.000487
340 0.000044
341 0.000011
342 0.000162
343 0.000311
344 0.000003
345 0.000000
346 0.000000
347 0.000000
348 0.000001
349 0.000001
350 0.000003
351 0.000007
352 0.000000
353 0.000000
354 0.000000
355 0.000000
356 0.000000
357 0.000000
358 0.000000
359 0.000000
360 0.000056
361 0.000113
362 0.000246
363 0.000416
364 0.000404
365 0.000573
366 0.000508
367 0.000185
368 0.000001
369 0.000001
370 0.000019
371 0.000004
372 0.000001
373 0.000000
374 0.000000
375 0.000001
376 0.000009
377 0.000315
378 0.999975
379 0.000019
380 0.000000
381 0.000000
382 0.000000
383 0.000000
384 0.000000
385 0.000000
386 0.000000
387 0.000000
388 0.000039
389 0.000327
390 0.000553
391 0.000616
392 0.000441
393 0.000297
394 0.000103
395 0.000006
396 0.000000
397 0.000000
398 0.000001
399 0.000000
400 0.000000
401 0.000000
402 0.000000
403 0.000005
404 0.000344
405 0.014823
406 0.000926
407 0.000011
408 0.000000
409 0.000000
410 0.000000
411 0.000000
412 0.000000
413 0.000000
414 0.000000
415 0.000000
416 0.000010
417 0.000527
418 0.000609
419 0.000763
420 0.000213
421 0.000063
422 0.000026
423 0.000000
424 0.000000
425 0.000000
426 0.000000
427 0.000000
428 0.000000
429 0.000000
430 0.000001
431 0.000059
432 0.010808
433 0.000487
434 0.000021
435 0.000001
436 0.000000
437 0.000000
438 0.000000
439 0.000000
440 0.000000
441 0.000000
442 0.000000
443 0.000000
444 0.000001
445 0.000817
446 0.000466
447 0.000286
448 0.000084
449 0.000024
450 0.000010
451 0.000000
452 0.000000
453 0.000000
454 0.000000
455 0.000000
456 0.000000
457 0.000000
458 0.000002
459 0.000093
460 0.000030
461 0.000017
462 0.000001
463 0.000001
464 0.000001
465 0.000004
466 0.000001
467 0.000000
468 0.000000
469 0.000000
470 0.000000
471 0.000000
472 0.000000
473 0.000050
474 0.000157
475 0.000173
476 0.000144
477 0.000064
478 0.000008
479 0.000000
480 0.000000
481 0.000000
482 0.000000
483 0.000000
484 0.000000
485 0.000001
486 0.000002
487 0.000001
488 0.000001
489 0.000000
490 0.000000
491 0.000004
492 0.000019
493 0.000388
494 0.000036
495 0.000002
496 0.000000
497 0.000000
498 0.000000
499 0.000000
500 0.000000
501 0.000002
502 0.000133
503 0.000276
504 0.000949
505 0.000426
506 0.000008
507 0.000001
508 0.000000
509 0.000000
510 0.000000
511 0.000000
512 0.000000
513 0.000001
514 0.000001
515 0.000000
516 0.000000
517 0.000000
518 0.000000
519 0.000014
520 0.007197
521 0.999986
522 0.000613
523 0.000007
524 0.000001
525 0.000000
526 0.000000
527 0.000000
528 0.000000
529 0.000002
530 0.000624
531 0.001528
532 0.000896
533 0.000819
534 0.000014
535 0.000004
536 0.000001
537 0.000000
538 0.000000
539 0.000000
540 0.000000
541 0.000000
542 0.000000
543 0.000000
544 0.000000
545 0.000000
546 0.000000
547 0.000024
548 0.000777
549 0.000578
550 0.000208
551 0.000008
552 0.000008
553 0.000001
554 0.000000
555 0.000000
556 0.000000
557 0.000024
558 0.001695
559 0.001577
560 0.001078
561 0.001033
562 0.000014
563 0.000002
564 0.000001
565 0.000000
566 0.000001
567 0.000001
568 0.000000
569 0.000000
570 0.000000
571 0.000000
572 0.000000
573 0.000000
574 0.000000
575 0.000000
576 0.000001
577 0.000001
578 0.000002
579 0.000120
580 0.000176
581 0.000069
582 0.000010
583 0.000002
584 0.000025
585 0.004470
586 0.002943
587 0.002204
588 0.001292
589 0.001078
590 0.000070
591 0.000002
592 0.000001
593 0.000001
594 0.000003
595 0.000002
596 0.000001
597 0.000003
598 0.000001
599 0.000001
600 0.000000
601 0.000000
602 0.000000
603 0.000000
604 0.000000
605 0.000000
606 0.000001
607 0.000056
608 0.001189
609 0.002098
610 0.000166
611 0.000245
612 0.009997
613 0.007038
614 0.005061
615 0.003711
616 0.001401
617 0.001292
618 0.001082
619 0.000210
620 0.000008
621 0.000005
622 0.000002
623 0.000005
624 0.000012
625 0.000006
626 0.000008
627 0.000003
628 0.000001
629 0.000001
630 0.000001
631 0.000001
632 0.000000
633 0.000000
634 0.000000
635 0.000001
636 0.000037
637 0.000677
638 0.001400
639 0.009999
640 0.009998
641 0.009997
642 0.000000
643 0.000000
644 0.001459
645 0.001401
646 0.002345
647 0.004064
648 0.003137
649 0.000035
650 0.000022
651 0.000013
652 0.000014
653 0.000006
654 0.000009
655 0.000020
656 0.000174
657 0.001387
658 0.006162
659 0.000641
660 0.000015
661 0.000001
662 0.000001
663 0.000001
664 0.000002
665 0.000178
666 0.010002
667 0.010001
668 0.010000
669 0.000000
670 0.000000
671 0.000000
672 0.000000
673 0.002489
674 0.004216
675 0.007437
676 0.010004
677 0.010011
678 0.000159
679 0.000065
680 0.000056
681 0.000105
682 0.000679
683 0.001667
684 0.003069
685 0.002982
686 0.009136
687 0.010009
688 0.001627
689 0.001509
690 0.000713
691 0.000247
692 0.000627
693 0.005805
694 0.009113
695 0.010002
696 0.000000
697 0.000000
698 0.000000
699 0.000000
700 0.000000
701 0.000000
702 0.007530
703 0.010002
704 0.010009
705 0.010013
706 0.008459
707 0.003470
708 0.001613
709 0.000794
710 0.000494
711 0.001992
712 0.005433
713 0.014438
714 0.010017
715 0.005554
716 0.001715
717 0.001974
718 0.007797
719 0.004441
720 0.004112
721 0.004177
722 0.006616
723 0.000000
724 0.000000
725 0.000000
726 0.000000
727 0.000000
728 0.000000
729 0.000000
730 0.000000
731 0.000000
732 0.010011
733 0.009528
734 0.004709
735 0.002251
736 0.001059
737 0.000857
738 0.000804
739 0.003565
740 0.010846
741 0.033340
742 0.010015
743 0.003254
744 0.001808
745 0.003685
746 0.009999
747 0.006982
748 0.004176
749 0.004242
750 0.000001
751 0.000000
752 0.000000
753 0.000001
754 0.000000
755 0.000000
756 0.000000
757 0.000000
758 0.000000
759 0.000000
760 0.000000
761 0.006337
762 0.003069
763 0.001306
764 0.001078
765 0.001033
766 0.001039
767 0.002201
768 0.017320
769 0.031001
770 0.008341
771 0.002380
772 0.001900
773 0.006764
774 0.009999
775 0.009999
776 0.006320
777 0.000000
778 0.000145
779 0.000094
780 0.000001
781 0.000000
782 0.000001
783 0.000000
