0 0.002779
1 0.002658
2 0.002262
3 0.002431
4 0.002055
5 0.001729
6 0.002052
7 0.003366
8 0.000182
9 0.000009
10 0.000005
11 0.000005
12 0.000003
13 0.000002
14 0.000002
15 0.000002
16 0.000001
17 0.000001
18 0.000005
19 0.000025
20 0.000073
21 0.000081
22 0.000122
23 0.000134
24 0.000108
25 0.000120
26 0.000178
27 0.000196
28 0.002374
29 0.002542
30 0.002156
31 0.002055
32 0.001960
33 0.001783
34 0.001498
35 0.000812
36 0.000022
37 0.000003
38 0.000003
39 0.000004
40 0.000004
41 0.000003
42 0.000001
43 0.000001
44 0.000001
45 0.000001
46 0.000002
47 0.000015
48 0.000048
49 0.000073
50 0.000000
51 0.000000
52 0.000098
53 0.000147
54 0.000142
55 0.000379
56 0.002546
57 0.002156
58 0.002055
59 0.001960
60 0.001783
61 0.001485
62 0.001413
63 0.000090
64 0.000004
65 0.000001
66 0.000003
67 0.000003
68 0.000004
69 0.000002
70 0.000001
71 0.000001
72 0.000001
73 0.000001
74 0.000001
75 0.000005
76 0.000000
77 0.000000
78 0.000000
79 0.000000
80 0.000000
81 0.000118
82 0.000332
83 0.000747
84 0.003420
85 0.002094
86 0.001728
87 0.001561
88 0.001485
89 0.001412
90 0.001279
91 0.000014
92 0.000001
93 0.000001
94 0.000001
95 0.000002
96 0.000003
97 0.000004
98 0.000002
99 0.000001
100 0.000001
101 0.000001
102 0.000000
103 0.000000
104 0.000000
105 0.000000
106 0.000000
107 0.000000
108 0.000001
109 0.000276
110 0.000686
111 0.002455
112 0.005050
113 0.003405
114 0.002230
115 0.001485
116 0.000000
117 0.000000
118 0.000000
119 0.000000
120 0.000000
121 0.000000
122 0.000001
123 0.000001
124 0.000003
125 0.000003
126 0.000002
127 0.000000
128 0.000000
129 0.000000
130 0.000000
131 0.000000
132 0.000000
133 0.000000
134 0.000000
135 0.000001
136 0.000004
137 0.000594
138 0.002261
139 0.005200
140 0.007900
141 0.005360
142 0.003642
143 0.002640
144 0.000000
145 0.000000
146 0.000000
147 0.000000
148 0.000000
149 0.000000
150 0.000000
151 0.000000
152 0.000000
153 0.000000
154 0.000000
155 0.000000
156 0.000000
157 0.000000
158 0.000000
159 0.000000
160 0.000000
161 0.000001
162 0.000001
163 0.000001
164 0.000774
165 0.002082
166 0.004865
167 0.004865
168 0.007785
169 0.008375
170 0.007137
171 0.004688
172 0.000000
173 0.000000
174 0.000000
175 0.000000
176 0.000000
177 0.000000
178 0.000000
179 0.000000
180 0.000000
181 0.000000
182 0.000000
183 0.000000
184 0.000000
185 0.000000
186 0.000000
187 0.000000
188 0.000000
189 0.000001
190 0.000001
191 0.000000
192 0.003283
193 0.004553
194 0.004553
195 0.004211
196 0.012115
197 0.009089
198 0.006952
199 0.008242
200 0.000005
201 0.000000
202 0.000000
203 0.000000
204 0.000000
205 0.000000
206 0.000000
207 0.000000
208 0.000000
209 0.000000
210 0.000000
211 0.000000
212 0.000000
213 0.000000
214 0.000000
215 0.000000
216 0.000001
217 0.000001
218 0.000001
219 0.000036
220 0.005200
221 0.004784
222 0.002915
223 0.000971
224 0.012066
225 0.013274
226 0.010748
227 0.006963
228 0.010967
229 0.000000
230 0.000000
231 0.000000
232 0.000000
233 0.000000
234 0.000000
235 0.000000
236 0.000000
237 0.000000
238 0.000000
239 0.000000
240 0.000000
241 0.000000
242 0.000000
243 0.000000
244 0.000001
245 0.000001
246 0.000000
247 0.000043
248 0.000092
249 0.000061
250 0.000042
251 0.000033
252 0.004823
253 0.008645
254 0.013469
255 0.007421
256 0.001423
257 0.000000
258 0.000000
259 0.000000
260 0.000000
261 0.000000
262 0.000000
263 0.000000
264 0.000000
265 0.000000
266 0.000000
267 0.000000
268 0.000000
269 0.000000
270 0.000000
271 0.000001
272 0.000001
273 0.000000
274 0.000000
275 0.000003
276 0.000002
277 0.000001
278 0.000001
279 0.000001
280 0.001373
281 0.001041
282 0.001200
283 0.000619
284 0.000416
285 0.000000
286 0.000000
287 0.000000
288 0.000000
289 0.000000
290 0.000000
291 0.000000
292 0.000000
293 0.000000
294 0.000000
295 0.000000
296 0.000001
297 0.000000
298 0.000001
299 0.000001
300 0.000001
301 0.000000
302 0.000000
303 0.000001
304 0.000001
305 0.000000
306 0.000000
307 0.000000
308 0.000200
309 0.000080
310 0.000062
311 0.000061
312 0.000002
313 0.000000
314 0.000000
315 0.000000
316 0.000000
317 0.000000
318 0.000000
319 0.000000
320 0.000000
321 0.000000
322 0.000000
323 0.000001
324 0.000004
325 0.000009
326 0.000008
327 0.000001
328 0.000000
329 0.000000
330 0.000000
331 0.000000
332 0.000000
333 0.000000
334 0.000000
335 0.000001
336 0.000058
337 0.000026
338 0.000017
339 0.000012
340 0.000000
341 0.000000
342 0.000000
343 0.000000
344 0.000000
345 0.000000
346 0.000001
347 0.000000
348 0.000000
349 0.000000
350 0.000000
351 0.000001
352 0.000012
353 0.007421
354 0.999982
355 0.000003
356 0.000000
357 0.000000
358 0.000000
359 0.000000
360 0.000000
361 0.000000
362 0.000000
363 0.000000
364 0.000041
365 0.000035
366 0.000020
367 0.000009
368 0.000000
369 0.000000
370 0.000000
371 0.000000
372 0.000000
373 0.000000
374 0.000001
375 0.000001
376 0.000000
377 0.000000
378 0.000000
379 0.000001
380 0.000011
381 0.003637
382 0.001534
383 0.000003
384 0.000000
385 0.000000
386 0.000000
387 0.000000
388 0.000000
389 0.000000
390 0.000000
391 0.000000
392 0.000033
393 0.000019
394 0.000013
395 0.000000
396 0.000000
397 0.000000
398 0.000000
399 0.000000
400 0.000000
401 0.000000
402 0.000000
403 0.000001
404 0.000002
405 0.000002
406 0.000001
407 0.000001
408 0.000001
409 0.000005
410 0.000004
411 0.000001
412 0.000001
413 0.000000
414 0.000000
415 0.000000
416 0.000000
417 0.000001
418 0.000001
419 0.000000
420 0.000025
421 0.000015
422 0.000012
423 0.000000
424 0.000000
425 0.000000
426 0.000000
427 0.000000
428 0.000000
429 0.000000
430 0.000000
431 0.000002
432 0.000081
433 0.001071
434 0.000130
435 0.000002
436 0.000001
437 0.000001
438 0.000001
439 0.000001
440 0.000001
441 0.000001
442 0.000000
443 0.000000
444 0.000000
445 0.000002
446 0.000001
447 0.000001
448 0.000036
449 0.000016
450 0.000010
451 0.000000
452 0.000000
453 0.000000
454 0.000000
455 0.000000
456 0.000000
457 0.000000
458 0.000000
459 0.000002
460 0.000069
461 0.999983
462 0.000336
463 0.000002
464 0.000001
465 0.000000
466 0.000000
467 0.000000
468 0.000001
469 0.000001
470 0.000000
471 0.000000
472 0.000000
473 0.000002
474 0.000005
475 0.000005
476 0.000132
477 0.000062
478 0.000002
479 0.000000
480 0.000000
481 0.000000
482 0.000000
483 0.000000
484 0.000000
485 0.000000
486 0.000000
487 0.000001
488 0.000002
489 0.000002
490 0.000004
491 0.000003
492 0.000001
493 0.000001
494 0.000000
495 0.000000
496 0.000000
497 0.000001
498 0.000000
499 0.000000
500 0.000000
501 0.000001
502 0.000062
503 0.000258
504 0.000747
505 0.000367
506 0.000001
507 0.000000
508 0.000000
509 0.000000
510 0.000000
511 0.000000
512 0.000000
513 0.000000
514 0.000001
515 0.000001
516 0.000000
517 0.000001
518 0.000001
519 0.000002
520 0.000002
521 0.000001
522 0.000000
523 0.000000
524 0.000000
525 0.000001
526 0.000001
527 0.000000
528 0.000000
529 0.000001
530 0.000504
531 0.007953
532 0.000703
533 0.000637
534 0.000000
535 0.000000
536 0.000000
537 0.000000
538 0.000000
539 0.000000
540 0.000001
541 0.000001
542 0.000000
543 0.000000
544 0.000000
545 0.000000
546 0.000000
547 0.000001
548 0.000001
549 0.000001
550 0.000000
551 0.000000
552 0.000000
553 0.000000
554 0.000001
555 0.000000
556 0.000000
557 0.000005
558 0.000845
559 0.001957
560 0.000859
561 0.000820
562 0.000000
563 0.000000
564 0.000000
565 0.000000
566 0.000000
567 0.000001
568 0.000001
569 0.000000
570 0.000000
571 0.000000
572 0.000000
573 0.000000
574 0.000000
575 0.000000
576 0.000000
577 0.000000
578 0.000000
579 0.000001
580 0.000000
581 0.000001
582 0.000007
583 0.000011
584 0.000001
585 0.000108
586 0.000250
587 0.000703
588 0.001046
589 0.000859
590 0.000003
591 0.000000
592 0.000000
593 0.000000
594 0.000001
595 0.000001
596 0.000001
597 0.000000
598 0.000000
599 0.000000
600 0.000000
601 0.000000
602 0.000000
603 0.000000
604 0.000000
605 0.000000
606 0.000000
607 0.000001
608 0.000004
609 0.000002
610 0.000003
611 0.000002
612 0.000097
613 0.000104
614 0.000143
615 0.000208
616 0.001142
617 0.001046
618 0.000859
619 0.000007
620 0.000000
621 0.000001
622 0.000001
623 0.000000
624 0.000000
625 0.000000
626 0.000000
627 0.000000
628 0.000000
629 0.000000
630 0.000000
631 0.000000
632 0.000000
633 0.000000
634 0.000000
635 0.000002
636 0.000001
637 0.000003
638 0.000007
639 0.000098
640 0.000104
641 0.000140
642 0.000000
643 0.000000
644 0.001194
645 0.001142
646 0.001093
647 0.000920
648 0.000113
649 0.000000
650 0.000000
651 0.000000
652 0.000000
653 0.000000
654 0.000000
655 0.000000
656 0.000000
657 0.000014
658 0.000021
659 0.000001
660 0.000000
661 0.000001
662 0.000003
663 0.000005
664 0.000011
665 0.000096
666 0.001270
667 0.000307
668 0.000142
669 0.000000
670 0.000000
671 0.000000
672 0.000000
673 0.001194
674 0.001167
675 0.001121
676 0.003436
677 0.006584
678 0.000003
679 0.000001
680 0.000003
681 0.000064
682 0.001038
683 0.000061
684 0.000014
685 0.000027
686 0.000017
687 0.000004
688 0.000002
689 0.000061
690 0.000646
691 0.000758
692 0.002796
693 0.011322
694 0.003887
695 0.001377
696 0.000000
697 0.000000
698 0.000000
699 0.000000
700 0.000000
701 0.000000
702 0.001254
703 0.003023
704 0.006507
705 0.014016
706 0.010007
707 0.010002
708 0.009997
709 0.010000
710 0.003271
711 0.000225
712 0.000027
713 0.000035
714 0.000014
715 0.000002
716 0.000002
717 0.000042
718 0.001517
719 0.007238
720 0.010025
721 0.016418
722 0.011920
723 0.000000
724 0.000001
725 0.000000
726 0.000000
727 0.000000
728 0.000000
729 0.000000
730 0.000000
731 0.000000
732 0.011938
733 0.010007
734 0.010003
735 0.009999
736 0.009999
737 0.010003
738 0.010010
739 0.000609
740 0.000063
741 0.000030
742 0.000009
743 0.000002
744 0.000004
745 0.000040
746 0.000505
747 0.002894
748 0.010017
749 0.010025
750 0.000000
751 0.000000
752 0.000000
753 0.000000
754 0.000000
755 0.000000
756 0.000000
757 0.000000
758 0.000000
759 0.000000
760 0.000000
761 0.010004
762 0.010000
763 0.009998
764 0.010000
765 0.010006
766 0.010011
767 0.001758
768 0.000279
769 0.000024
770 0.000005
771 0.000002
772 0.000008
773 0.000051
774 0.000228
775 0.000949
776 0.004038
777 0.000001
778 0.000478
779 0.000612
780 0.000002
781 0.000000
782 0.000000
783 0.000000
