0 0.005981
1 0.005981
2 0.005713
3 0.005376
4 0.003305
5 0.001787
6 0.001156
7 0.001090
8 0.000211
9 0.000035
10 0.000024
11 0.000020
12 0.000021
13 0.000020
14 0.000019
15 0.000017
16 0.000013
17 0.000010
18 0.000055
19 0.000442
20 0.001744
21 0.002605
22 0.003462
23 0.007437
24 0.012906
25 0.017047
26 0.012053
27 0.005720
28 0.005713
29 0.005981
30 0.005713
31 0.005713
32 0.004532
33 0.002723
34 0.001380
35 0.000690
36 0.000073
37 0.000016
38 0.000014
39 0.000015
40 0.000014
41 0.000017
42 0.000015
43 0.000012
44 0.000009
45 0.000010
46 0.000023
47 0.000292
48 0.002129
49 0.003181
50 0.000000
51 0.000000
52 0.017047
53 0.013883
54 0.005851
55 0.002707
56 0.004886
57 0.005714
58 0.005713
59 0.005713
60 0.005713
61 0.003699
62 0.002166
63 0.000346
64 0.000034
65 0.000010
66 0.000013
67 0.000010
68 0.000008
69 0.000009
70 0.000009
71 0.000008
72 0.000008
73 0.000007
74 0.000014
75 0.000152
76 0.000001
77 0.000000
78 0.000000
79 0.000000
80 0.000000
81 0.007169
82 0.003177
83 0.001753
84 0.003195
85 0.004104
86 0.005459
87 0.005459
88 0.005459
89 0.005458
90 0.003540
91 0.000209
92 0.000016
93 0.000008
94 0.000007
95 0.000007
96 0.000006
97 0.000008
98 0.000007
99 0.000006
100 0.000006
101 0.000002
102 0.000000
103 0.000000
104 0.000000
105 0.000000
106 0.000000
107 0.000000
108 0.000000
109 0.003214
110 0.001941
111 0.001321
112 0.001762
113 0.002584
114 0.003322
115 0.005459
116 0.000000
117 0.000000
118 0.000000
119 0.000000
120 0.000000
121 0.000002
122 0.000006
123 0.000006
124 0.000006
125 0.000005
126 0.000005
127 0.000000
128 0.000000
129 0.000000
130 0.000000
131 0.000000
132 0.000000
133 0.000000
134 0.000000
135 0.000000
136 0.000017
137 0.001829
138 0.001150
139 0.002252
140 0.001738
141 0.001368
142 0.001981
143 0.002803
144 0.000000
145 0.000000
146 0.000000
147 0.000000
148 0.000000
149 0.000000
150 0.000000
151 0.000000
152 0.000000
153 0.000000
154 0.000000
155 0.000000
156 0.000000
157 0.000000
158 0.000000
159 0.000000
160 0.000000
161 0.000000
162 0.000000
163 0.000000
164 0.002091
165 0.001025
166 0.002011
167 0.003005
168 0.003014
169 0.001485
170 0.001029
171 0.001548
172 0.000000
173 0.000000
174 0.000000
175 0.000000
176 0.000000
177 0.000000
178 0.000000
179 0.000000
180 0.000000
181 0.000000
182 0.000000
183 0.000000
184 0.000000
185 0.000000
186 0.000000
187 0.000000
188 0.000000
189 0.000000
190 0.000000
191 0.000000
192 0.001207
193 0.001741
194 0.003082
195 0.006157
196 0.005515
197 0.003226
198 0.001577
199 0.000729
200 0.000003
201 0.000000
202 0.000000
203 0.000000
204 0.000000
205 0.000000
206 0.000000
207 0.000000
208 0.000000
209 0.000000
210 0.000000
211 0.000000
212 0.000000
213 0.000000
214 0.000000
215 0.000000
216 0.000000
217 0.000000
218 0.000000
219 0.000006
220 0.001948
221 0.003576
222 0.006082
223 0.005536
224 0.009348
225 0.006393
226 0.003540
227 0.001644
228 0.000723
229 0.000000
230 0.000000
231 0.000000
232 0.000000
233 0.000000
234 0.000000
235 0.000000
236 0.000000
237 0.000000
238 0.000000
239 0.000000
240 0.000000
241 0.000000
242 0.000000
243 0.000000
244 0.000000
245 0.000000
246 0.000000
247 0.000035
248 0.000157
249 0.000423
250 0.000720
251 0.001228
252 0.009579
253 0.009376
254 0.009296
255 0.002236
256 0.000164
257 0.000000
258 0.000000
259 0.000000
260 0.000000
261 0.000000
262 0.000000
263 0.000000
264 0.000000
265 0.000000
266 0.000000
267 0.000000
268 0.000000
269 0.000000
270 0.000000
271 0.000000
272 0.000000
273 0.000000
274 0.000000
275 0.000010
276 0.000024
277 0.000045
278 0.000056
279 0.000061
280 0.047624
281 0.011770
282 0.001156
283 0.000316
284 0.000067
285 0.000000
286 0.000000
287 0.000000
288 0.000000
289 0.000000
290 0.000000
291 0.000000
292 0.000000
293 0.000000
294 0.000000
295 0.000000
296 0.000000
297 0.000000
298 0.000000
299 0.000000
300 0.000000
301 0.000000
302 0.000000
303 0.000021
304 0.000022
305 0.000016
306 0.000013
307 0.000010
308 0.002241
309 0.001641
310 0.001205
311 0.000189
312 0.000007
313 0.000000
314 0.000000
315 0.000000
316 0.000000
317 0.000000
318 0.000000
319 0.000000
320 0.000000
321 0.000000
322 0.000000
323 0.000000
324 0.000000
325 0.000000
326 0.000000
327 0.000000
328 0.000000
329 0.000000
330 0.000000
331 0.000001
332 0.000011
333 0.000007
334 0.000006
335 0.000008
336 0.000109
337 0.000187
338 0.000193
339 0.000223
340 0.000007
341 0.000000
342 0.000000
343 0.000000
344 0.000000
345 0.000000
346 0.000000
347 0.000000
348 0.000000
349 0.000152
350 0.000029
351 0.000000
352 0.000000
353 0.000000
354 0.000000
355 0.000000
356 0.000000
357 0.000000
358 0.000000
359 0.000000
360 0.000004
361 0.000004
362 0.000005
363 0.000006
364 0.000014
365 0.000012
366 0.000025
367 0.000059
368 0.000000
369 0.000000
370 0.000000
371 0.000000
372 0.000000
373 0.000000
374 0.000000
375 0.000000
376 0.000001
377 0.000265
378 0.000159
379 0.000000
380 0.000000
381 0.000000
382 0.000000
383 0.000000
384 0.000000
385 0.000000
386 0.000000
387 0.000000
388 0.000001
389 0.000004
390 0.000004
391 0.000007
392 0.000009
393 0.000005
394 0.000002
395 0.000000
396 0.000000
397 0.000000
398 0.000000
399 0.000000
400 0.000000
401 0.000000
402 0.000001
403 0.000001
404 0.000001
405 0.000000
406 0.000000
407 0.000004
408 0.000006
409 0.000004
410 0.000000
411 0.000000
412 0.000000
413 0.000000
414 0.000000
415 0.000000
416 0.000000
417 0.000003
418 0.000004
419 0.000005
420 0.000006
421 0.000003
422 0.000002
423 0.000000
424 0.000000
425 0.000000
426 0.000000
427 0.000000
428 0.000000
429 0.000003
430 0.999998
431 0.002691
432 0.000000
433 0.000000
434 0.000000
435 0.000001
436 0.999998
437 0.000011
438 0.000000
439 0.000000
440 0.000000
441 0.000000
442 0.000000
443 0.000000
444 0.000000
445 0.000003
446 0.000004
447 0.000005
448 0.000010
449 0.000004
450 0.000002
451 0.000000
452 0.000000
453 0.000000
454 0.000000
455 0.000000
456 0.000000
457 0.000002
458 0.073362
459 0.003753
460 0.000001
461 0.000000
462 0.000000
463 0.000001
464 0.000135
465 0.000016
466 0.000000
467 0.000000
468 0.000000
469 0.000000
470 0.000000
471 0.000000
472 0.000000
473 0.000001
474 0.000004
475 0.000009
476 0.000045
477 0.000018
478 0.000002
479 0.000000
480 0.000000
481 0.000000
482 0.000000
483 0.000000
484 0.000000
485 0.000003
486 0.000002
487 0.000036
488 0.000000
489 0.000000
490 0.000000
491 0.000000
492 0.000000
493 0.000000
494 0.000000
495 0.000000
496 0.000000
497 0.000000
498 0.000000
499 0.000000
500 0.000000
501 0.000000
502 0.000016
503 0.000035
504 0.000326
505 0.000144
506 0.000002
507 0.000000
508 0.000000
509 0.000000
510 0.000000
511 0.000000
512 0.000001
513 0.000000
514 0.000000
515 0.000000
516 0.000000
517 0.000000
518 0.000000
519 0.000000
520 0.000000
521 0.000000
522 0.000000
523 0.000000
524 0.000000
525 0.000000
526 0.000000
527 0.000000
528 0.000000
529 0.000000
530 0.000084
531 0.000217
532 0.000301
533 0.000266
534 0.000002
535 0.000000
536 0.000000
537 0.000000
538 0.000001
539 0.000146
540 0.000001
541 0.000000
542 0.000000
543 0.000000
544 0.000000
545 0.000000
546 0.000000
547 0.000000
548 0.000000
549 0.000000
550 0.000000
551 0.000000
552 0.000002
553 0.000000
554 0.000000
555 0.000000
556 0.000000
557 0.000002
558 0.000217
559 0.000230
560 0.000390
561 0.000465
562 0.000007
563 0.000001
564 0.000002
565 0.000017
566 0.001301
567 0.000044
568 0.000008
569 0.000000
570 0.000000
571 0.000000
572 0.000000
573 0.000000
574 0.000000
575 0.000000
576 0.000000
577 0.000000
578 0.000000
579 0.000000
580 0.000001
581 0.000053
582 0.000015
583 0.000002
584 0.000005
585 0.000751
586 0.000342
587 0.000297
588 0.000634
589 0.001373
590 0.000179
591 0.000008
592 0.000021
593 0.000129
594 0.000070
595 0.000060
596 0.000001
597 0.000000
598 0.000000
599 0.000000
600 0.000000
601 0.000000
602 0.000000
603 0.000000
604 0.000000
605 0.000000
606 0.000000
607 0.000000
608 0.000001
609 0.000018
610 0.000228
611 0.000067
612 0.004659
613 0.001831
614 0.000971
615 0.000540
616 0.001835
617 0.004174
618 0.010001
619 0.000961
620 0.000085
621 0.000038
622 0.000010
623 0.000001
624 0.000000
625 0.000000
626 0.000000
627 0.000000
628 0.000000
629 0.000001
630 0.000000
631 0.000000
632 0.000000
633 0.000000
634 0.000000
635 0.000000
636 0.000000
637 0.000001
638 0.000036
639 0.010001
640 0.010002
641 0.006092
642 0.000000
643 0.000000
644 0.004285
645 0.010001
646 0.010001
647 0.012189
648 0.002422
649 0.000027
650 0.000001
651 0.000000
652 0.000000
653 0.000000
654 0.000001
655 0.000001
656 0.000016
657 0.003854
658 0.002914
659 0.000005
660 0.000000
661 0.000000
662 0.000000
663 0.000000
664 0.000000
665 0.000008
666 0.001411
667 0.004720
668 0.010001
669 0.000000
670 0.000000
671 0.000000
672 0.000000
673 0.010001
674 0.010001
675 0.006152
676 0.002593
677 0.000905
678 0.000004
679 0.000002
680 0.000013
681 0.000211
682 0.001593
683 0.000147
684 0.000226
685 0.000844
686 0.000674
687 0.000064
688 0.000034
689 0.000070
690 0.000065
691 0.000009
692 0.000019
693 0.000236
694 0.000606
695 0.001884
696 0.000000
697 0.000000
698 0.000000
699 0.000000
700 0.000000
701 0.000000
702 0.007752
703 0.003393
704 0.001194
705 0.000518
706 0.000390
707 0.000677
708 0.001856
709 0.006018
710 0.004156
711 0.000442
712 0.000318
713 0.000162
714 0.000071
715 0.000091
716 0.000129
717 0.000409
718 0.001289
719 0.000426
720 0.000158
721 0.000204
722 0.000324
723 0.000000
724 0.000000
725 0.000000
726 0.000000
727 0.000000
728 0.000000
729 0.000000
730 0.000000
731 0.000000
732 0.000589
733 0.000533
734 0.000503
735 0.001327
736 0.004896
737 0.010001
738 0.010002
739 0.001725
740 0.000290
741 0.000047
742 0.000011
743 0.000048
744 0.000294
745 0.002283
746 0.003541
747 0.001091
748 0.000380
749 0.000265
750 0.000000
751 0.000000
752 0.000000
753 0.000000
754 0.000000
755 0.000000
756 0.000000
757 0.000000
758 0.000000
759 0.000000
760 0.000000
761 0.000564
762 0.001171
763 0.003235
764 0.010000
765 0.010002
766 0.010002
767 0.010538
768 0.000298
769 0.000007
770 0.000007
771 0.000033
772 0.000677
773 0.005531
774 0.007697
775 0.002264
776 0.000939
777 0.000000
778 0.000010
779 0.000006
780 0.000000
781 0.000000
782 0.000000
783 0.000000
