0 0.002987
1 0.002861
2 0.002449
3 0.002626
4 0.002232
5 0.001886
6 0.001709
7 0.001627
8 0.000364
9 0.000070
10 0.000051
11 0.000044
12 0.000046
13 0.000045
14 0.000042
15 0.000046
16 0.000087
17 0.000211
18 0.001829
19 0.007363
20 0.007245
21 0.003273
22 0.001946
23 0.001538
24 0.001348
25 0.001412
26 0.001697
27 0.001773
28 0.002566
29 0.002741
30 0.002338
31 0.002232
32 0.002132
33 0.001945
34 0.001627
35 0.001066
36 0.000140
37 0.000035
38 0.000032
39 0.000034
40 0.000032
41 0.000038
42 0.000039
43 0.000053
44 0.000117
45 0.000414
46 0.000861
47 0.002429
48 0.003307
49 0.001808
50 0.000000
51 0.000000
52 0.001287
53 0.001556
54 0.001412
55 0.001697
56 0.002741
57 0.002338
58 0.002232
59 0.002132
60 0.001945
61 0.001627
62 0.001549
63 0.000455
64 0.000069
65 0.000023
66 0.000029
67 0.000023
68 0.000020
69 0.000024
70 0.000032
71 0.000082
72 0.000323
73 0.000531
74 0.000319
75 0.000498
76 0.000001
77 0.000000
78 0.000000
79 0.000000
80 0.000000
81 0.001287
82 0.001556
83 0.001412
84 0.002626
85 0.002232
86 0.001886
87 0.001709
88 0.001627
89 0.001549
90 0.001405
91 0.000176
92 0.000027
93 0.000018
94 0.000017
95 0.000017
96 0.000016
97 0.000025
98 0.000050
99 0.000181
100 0.000455
101 0.000035
102 0.000001
103 0.000000
104 0.000000
105 0.000000
106 0.000000
107 0.000000
108 0.000001
109 0.001229
110 0.001287
111 0.001556
112 0.002294
113 0.002182
114 0.001709
115 0.001627
116 0.000000
117 0.000000
118 0.000001
119 0.000001
120 0.000001
121 0.000002
122 0.000014
123 0.000014
124 0.000018
125 0.000026
126 0.000098
127 0.000001
128 0.000001
129 0.000000
130 0.000000
131 0.000000
132 0.000000
133 0.000000
134 0.000001
135 0.000001
136 0.000116
137 0.001009
138 0.001229
139 0.001490
140 0.002320
141 0.001967
142 0.001755
143 0.001585
144 0.000001
145 0.000001
146 0.000000
147 0.000000
148 0.000000
149 0.000000
150 0.000001
151 0.000001
152 0.000001
153 0.000001
154 0.000001
155 0.000001
156 0.000000
157 0.000000
158 0.000000
159 0.000000
160 0.000000
161 0.000000
162 0.000001
163 0.000001
164 0.001024
165 0.000961
166 0.001174
167 0.001229
168 0.002084
169 0.002044
170 0.001901
171 0.001633
172 0.000001
173 0.000001
174 0.000001
175 0.000000
176 0.000000
177 0.000000
178 0.000000
179 0.000000
180 0.000000
181 0.000000
182 0.000000
183 0.000000
184 0.000000
185 0.000000
186 0.000000
187 0.000000
188 0.000000
189 0.000000
190 0.000001
191 0.000002
192 0.000832
193 0.000873
194 0.000916
195 0.001297
196 0.002174
197 0.002106
198 0.001858
199 0.001621
200 0.000001
201 0.000001
202 0.000001
203 0.000001
204 0.000000
205 0.000000
206 0.000000
207 0.000000
208 0.000000
209 0.000000
210 0.000000
211 0.000000
212 0.000000
213 0.000000
214 0.000000
215 0.000000
216 0.000000
217 0.000001
218 0.000001
219 0.000011
220 0.000832
221 0.000873
222 0.001000
223 0.001229
224 0.002174
225 0.001939
226 0.001939
227 0.001858
228 0.001448
229 0.000001
230 0.000001
231 0.000001
232 0.000001
233 0.000000
234 0.000000
235 0.000000
236 0.000001
237 0.000000
238 0.000000
239 0.000000
240 0.000000
241 0.000000
242 0.000000
243 0.000000
244 0.000000
245 0.000001
246 0.000001
247 0.000002
248 0.000005
249 0.000009
250 0.000027
251 0.000068
252 0.002151
253 0.001939
254 0.001940
255 0.000628
256 0.000029
257 0.000001
258 0.000000
259 0.000000
260 0.000000
261 0.000001
262 0.000001
263 0.000001
264 0.000001
265 0.000000
266 0.000001
267 0.000001
268 0.000000
269 0.000000
270 0.000000
271 0.000000
272 0.000000
273 0.000001
274 0.000001
275 0.000001
276 0.000001
277 0.000001
278 0.000002
279 0.000003
280 0.001736
281 0.000206
282 0.000048
283 0.000005
284 0.000002
285 0.000001
286 0.000000
287 0.000000
288 0.000001
289 0.000001
290 0.000001
291 0.000001
292 0.000001
293 0.000001
294 0.000001
295 0.000001
296 0.000000
297 0.000000
298 0.000000
299 0.000000
300 0.000001
301 0.000001
302 0.000001
303 0.000001
304 0.000001
305 0.000001
306 0.000001
307 0.000002
308 0.000035
309 0.000008
310 0.000003
311 0.000001
312 0.000001
313 0.000001
314 0.000000
315 0.000000
316 0.000000
317 0.000001
318 0.000001
319 0.000001
320 0.000001
321 0.000001
322 0.000001
323 0.000000
324 0.000000
325 0.000000
326 0.000000
327 0.000000
328 0.000001
329 0.000001
330 0.000001
331 0.000001
332 0.000001
333 0.000001
334 0.000001
335 0.000002
336 0.000003
337 0.000001
338 0.000001
339 0.000001
340 0.000001
341 0.000001
342 0.000000
343 0.000000
344 0.000001
345 0.000001
346 0.000002
347 0.000002
348 0.000001
349 0.000001
350 0.000000
351 0.000000
352 0.000000
353 0.000000
354 0.000000
355 0.000000
356 0.000001
357 0.000001
358 0.000001
359 0.000001
360 0.000001
361 0.000001
362 0.000002
363 0.000002
364 0.000002
365 0.000002
366 0.000001
367 0.000001
368 0.000001
369 0.000000
370 0.000000
371 0.000001
372 0.000001
373 0.000002
374 0.000002
375 0.000001
376 0.000001
377 0.000001
378 0.000000
379 0.000000
380 0.000000
381 0.000000
382 0.000000
383 0.000001
384 0.000001
385 0.000001
386 0.000000
387 0.000001
388 0.000001
389 0.000001
390 0.000001
391 0.000002
392 0.000004
393 0.000002
394 0.000001
395 0.000001
396 0.000000
397 0.000000
398 0.000001
399 0.000001
400 0.000003
401 0.000003
402 0.000001
403 0.000001
404 0.000001
405 0.000001
406 0.000000
407 0.000000
408 0.000000
409 0.000000
410 0.000000
411 0.000001
412 0.000001
413 0.000000
414 0.000000
415 0.000000
416 0.000001
417 0.000001
418 0.000001
419 0.000002
420 0.000010
421 0.000005
422 0.000002
423 0.000001
424 0.000000
425 0.000000
426 0.000001
427 0.000003
428 0.000006
429 0.000002
430 0.000001
431 0.000001
432 0.000001
433 0.000001
434 0.000001
435 0.000000
436 0.000000
437 0.000000
438 0.000001
439 0.000001
440 0.000001
441 0.000000
442 0.000000
443 0.000000
444 0.000001
445 0.000002
446 0.000002
447 0.000004
448 0.000020
449 0.000014
450 0.000007
451 0.000001
452 0.000000
453 0.000001
454 0.000003
455 0.000021
456 0.000004
457 0.000001
458 0.000001
459 0.000001
460 0.000001
461 0.000001
462 0.000001
463 0.000001
464 0.000000
465 0.000000
466 0.000001
467 0.000001
468 0.000001
469 0.000000
470 0.000000
471 0.000000
472 0.000001
473 0.000001
474 0.000005
475 0.000010
476 0.000024
477 0.000020
478 0.000005
479 0.000001
480 0.000001
481 0.000002
482 0.000103
483 0.001823
484 0.000001
485 0.000001
486 0.000000
487 0.000001
488 0.000001
489 0.000001
490 0.000001
491 0.000001
492 0.000001
493 0.000001
494 0.000001
495 0.000001
496 0.000001
497 0.000000
498 0.000000
499 0.000001
500 0.000001
501 0.000001
502 0.000014
503 0.000017
504 0.000035
505 0.000024
506 0.000002
507 0.000001
508 0.000001
509 0.000035
510 0.999963
511 0.000011
512 0.000001
513 0.000001
514 0.000000
515 0.000000
516 0.000001
517 0.000001
518 0.000001
519 0.000001
520 0.000002
521 0.000002
522 0.000004
523 0.000003
524 0.000001
525 0.000001
526 0.000001
527 0.000001
528 0.000001
529 0.000001
530 0.000021
531 0.000026
532 0.000031
533 0.000030
534 0.000002
535 0.000001
536 0.000007
537 0.001270
538 0.000022
539 0.000001
540 0.000001
541 0.000001
542 0.000001
543 0.000001
544 0.000000
545 0.000001
546 0.000001
547 0.000001
548 0.000003
549 0.000041
550 0.000562
551 0.000017
552 0.000001
553 0.000001
554 0.000001
555 0.000001
556 0.000001
557 0.000001
558 0.000026
559 0.000028
560 0.000058
561 0.000187
562 0.000008
563 0.000004
564 0.000182
565 0.000046
566 0.000001
567 0.000001
568 0.000001
569 0.000001
570 0.000001
571 0.000001
572 0.000001
573 0.000001
574 0.000001
575 0.000001
576 0.000004
577 0.000149
578 0.999962
579 0.000805
580 0.000018
581 0.000002
582 0.000001
583 0.000001
584 0.000001
585 0.000026
586 0.000028
587 0.000037
588 0.000301
589 0.001163
590 0.000392
591 0.000178
592 0.000095
593 0.000001
594 0.000000
595 0.000000
596 0.000000
597 0.000000
598 0.000001
599 0.000001
600 0.000002
601 0.000001
602 0.000001
603 0.000001
604 0.000002
605 0.000008
606 0.000027
607 0.000981
608 0.002091
609 0.000149
610 0.000010
611 0.000001
612 0.000024
613 0.000026
614 0.000035
615 0.000037
616 0.001906
617 0.007266
618 0.010047
619 0.000936
620 0.000008
621 0.000001
622 0.000000
623 0.000000
624 0.000001
625 0.000001
626 0.000001
627 0.000002
628 0.000002
629 0.000001
630 0.000001
631 0.000001
632 0.000002
633 0.000003
634 0.000003
635 0.000017
636 0.000245
637 0.002603
638 0.004332
639 0.000065
640 0.000026
641 0.000035
642 0.000001
643 0.000000
644 0.007454
645 0.010046
646 0.002064
647 0.000330
648 0.000033
649 0.000001
650 0.000001
651 0.000004
652 0.000012
653 0.000038
654 0.000002
655 0.000001
656 0.000001
657 0.000001
658 0.000001
659 0.000001
660 0.000002
661 0.000003
662 0.000002
663 0.000002
664 0.000026
665 0.001284
666 0.001421
667 0.000316
668 0.000096
669 0.000001
670 0.000001
671 0.000000
672 0.000001
673 0.002200
674 0.000521
675 0.000099
676 0.000067
677 0.000046
678 0.000031
679 0.000032
680 0.000042
681 0.000007
682 0.000001
683 0.000001
684 0.000001
685 0.000001
686 0.000001
687 0.000001
688 0.000004
689 0.000014
690 0.000010
691 0.000023
692 0.000290
693 0.015770
694 0.010029
695 0.001510
696 0.000001
697 0.000001
698 0.000001
699 0.000001
700 0.000001
701 0.000001
702 0.000157
703 0.000080
704 0.000073
705 0.000067
706 0.000046
707 0.000042
708 0.000035
709 0.000024
710 0.000003
711 0.000001
712 0.000001
713 0.000001
714 0.000001
715 0.000002
716 0.000014
717 0.000012
718 0.000016
719 0.000073
720 0.000339
721 0.002246
722 0.010056
723 0.000001
724 0.000002
725 0.000001
726 0.000001
727 0.000001
728 0.000001
729 0.000001
730 0.000001
731 0.000001
732 0.000080
733 0.000073
734 0.000050
735 0.000046
736 0.000042
737 0.000028
738 0.000024
739 0.000001
740 0.000001
741 0.000001
742 0.000001
743 0.000004
744 0.000015
745 0.000015
746 0.000017
747 0.000024
748 0.000134
749 0.000676
750 0.000005
751 0.000005
752 0.000006
753 0.000003
754 0.000001
755 0.000001
756 0.000001
757 0.000001
758 0.000001
759 0.000001
760 0.000001
761 0.000080
762 0.000073
763 0.000050
764 0.000046
765 0.000042
766 0.000038
767 0.000003
768 0.000001
769 0.000001
770 0.000002
771 0.000010
772 0.000016
773 0.000020
774 0.000017
775 0.000020
776 0.000048
777 0.000002
778 0.000201
779 0.000844
780 0.000062
781 0.000002
782 0.000004
783 0.000001
