0 0.001856
1 0.001749
2 0.001411
3 0.001553
4 0.001241
5 0.000984
6 0.000859
7 0.000803
8 0.000154
9 0.000026
10 0.000018
11 0.000015
12 0.000015
13 0.000014
14 0.000013
15 0.000011
16 0.000013
17 0.000034
18 0.000703
19 0.008983
20 0.009946
21 0.004158
22 0.002673
23 0.002367
24 0.001721
25 0.001436
26 0.001505
27 0.001578
28 0.001504
29 0.001648
30 0.001323
31 0.001241
32 0.001165
33 0.001027
34 0.000803
35 0.000485
36 0.000051
37 0.000012
38 0.000010
39 0.000011
40 0.000010
41 0.000011
42 0.000010
43 0.000010
44 0.000017
45 0.000086
46 0.000392
47 0.001913
48 0.004489
49 0.002433
50 0.000000
51 0.000000
52 0.001329
53 0.001371
54 0.001235
55 0.001505
56 0.001648
57 0.001323
58 0.001241
59 0.001165
60 0.001027
61 0.000803
62 0.000751
63 0.000190
64 0.000024
65 0.000007
66 0.000009
67 0.000007
68 0.000005
69 0.000006
70 0.000006
71 0.000009
72 0.000053
73 0.000141
74 0.000125
75 0.000317
76 0.000001
77 0.000000
78 0.000000
79 0.000000
80 0.000000
81 0.001117
82 0.001371
83 0.001235
84 0.001554
85 0.001241
86 0.000984
87 0.000859
88 0.000803
89 0.000751
90 0.000657
91 0.000065
92 0.000008
93 0.000005
94 0.000005
95 0.000005
96 0.000004
97 0.000005
98 0.000008
99 0.000024
100 0.000111
101 0.000022
102 0.000000
103 0.000000
104 0.000000
105 0.000000
106 0.000000
107 0.000000
108 0.000000
109 0.001063
110 0.001117
111 0.001371
112 0.001657
113 0.001165
114 0.000859
115 0.000803
116 0.000000
117 0.000000
118 0.000000
119 0.000000
120 0.000000
121 0.000001
122 0.000004
123 0.000004
124 0.000004
125 0.000005
126 0.000013
127 0.000001
128 0.000000
129 0.000000
130 0.000000
131 0.000000
132 0.000000
133 0.000000
134 0.000000
135 0.000000
136 0.000001
137 0.000859
138 0.001063
139 0.001438
140 0.002386
141 0.001403
142 0.000804
143 0.000751
144 0.000000
145 0.000000
146 0.000000
147 0.000000
148 0.000000
149 0.000000
150 0.000000
151 0.000000
152 0.000000
153 0.000000
154 0.000000
155 0.000000
156 0.000000
157 0.000000
158 0.000000
159 0.000000
160 0.000000
161 0.000000
162 0.000000
163 0.000000
164 0.000872
165 0.000815
166 0.001111
167 0.001167
168 0.003365
169 0.002047
170 0.001373
171 0.000747
172 0.000001
173 0.000000
174 0.000000
175 0.000000
176 0.000000
177 0.000000
178 0.000000
179 0.000000
180 0.000000
181 0.000000
182 0.000000
183 0.000000
184 0.000000
185 0.000000
186 0.000000
187 0.000000
188 0.000000
189 0.000000
190 0.000000
191 0.000000
192 0.000740
193 0.000805
194 0.000849
195 0.001247
196 0.003765
197 0.003765
198 0.002058
199 0.001128
200 0.000103
201 0.000001
202 0.000000
203 0.000000
204 0.000000
205 0.000000
206 0.000000
207 0.000000
208 0.000000
209 0.000000
210 0.000000
211 0.000000
212 0.000000
213 0.000000
214 0.000000
215 0.000000
216 0.000000
217 0.000000
218 0.000000
219 0.000001
220 0.000756
221 0.000797
222 0.000928
223 0.001057
224 0.003767
225 0.003500
226 0.003500
227 0.002234
228 0.001082
229 0.000001
230 0.000001
231 0.000000
232 0.000000
233 0.000000
234 0.000000
235 0.000000
236 0.000000
237 0.000000
238 0.000000
239 0.000000
240 0.000000
241 0.000000
242 0.000000
243 0.000000
244 0.000000
245 0.000000
246 0.000000
247 0.000003
248 0.000010
249 0.000021
250 0.000056
251 0.000174
252 0.004365
253 0.003502
254 0.003501
255 0.001502
256 0.000101
257 0.000001
258 0.000001
259 0.000000
260 0.000000
261 0.000000
262 0.000000
263 0.000000
264 0.000000
265 0.000000
266 0.000000
267 0.000000
268 0.000000
269 0.000000
270 0.000000
271 0.000000
272 0.000000
273 0.000000
274 0.000000
275 0.000001
276 0.000001
277 0.000002
278 0.000005
279 0.000015
280 0.006335
281 0.000960
282 0.000222
283 0.000062
284 0.000027
285 0.000000
286 0.000001
287 0.000000
288 0.000000
289 0.000000
290 0.000000
291 0.000000
292 0.000000
293 0.000000
294 0.000000
295 0.000000
296 0.000000
297 0.000000
298 0.000000
299 0.000000
300 0.000000
301 0.000000
302 0.000000
303 0.000001
304 0.000001
305 0.000002
306 0.000004
307 0.000007
308 0.000500
309 0.000225
310 0.000073
311 0.000021
312 0.000002
313 0.000000
314 0.000001
315 0.000000
316 0.000000
317 0.000000
318 0.000001
319 0.000001
320 0.000001
321 0.000000
322 0.000000
323 0.000000
324 0.000000
325 0.000000
326 0.000000
327 0.000000
328 0.000000
329 0.000000
330 0.000000
331 0.000000
332 0.000002
333 0.000004
334 0.000008
335 0.000012
336 0.000223
337 0.000121
338 0.000061
339 0.000029
340 0.000001
341 0.000000
342 0.000000
343 0.000001
344 0.000000
345 0.000000
346 0.000001
347 0.000002
348 0.000001
349 0.000000
350 0.000000
351 0.000000
352 0.000000
353 0.000000
354 0.000000
355 0.000000
356 0.000000
357 0.000000
358 0.000000
359 0.000000
360 0.000004
361 0.000008
362 0.000011
363 0.000013
364 0.000060
365 0.000085
366 0.000043
367 0.000019
368 0.000000
369 0.000000
370 0.000000
371 0.000001
372 0.000001
373 0.000001
374 0.000002
375 0.000002
376 0.000001
377 0.000000
378 0.000000
379 0.000000
380 0.000000
381 0.000000
382 0.000000
383 0.000000
384 0.000000
385 0.000000
386 0.000000
387 0.000000
388 0.000001
389 0.000011
390 0.000008
391 0.000006
392 0.000007
393 0.000005
394 0.000004
395 0.000001
396 0.000000
397 0.000000
398 0.000000
399 0.000001
400 0.000004
401 0.000004
402 0.000002
403 0.000001
404 0.000001
405 0.000000
406 0.000000
407 0.000000
408 0.000000
409 0.000000
410 0.000000
411 0.000000
412 0.000000
413 0.000000
414 0.000000
415 0.000000
416 0.000000
417 0.000004
418 0.000004
419 0.000003
420 0.000002
421 0.000001
422 0.000001
423 0.000000
424 0.000000
425 0.000000
426 0.000000
427 0.000004
428 0.000744
429 0.000013
430 0.000001
431 0.000001
432 0.000000
433 0.000001
434 0.000000
435 0.000000
436 0.000000
437 0.000001
438 0.000000
439 0.000000
440 0.000000
441 0.000000
442 0.000000
443 0.000000
444 0.000000
445 0.000002
446 0.000001
447 0.000002
448 0.000002
449 0.000001
450 0.000001
451 0.000000
452 0.000000
453 0.000000
454 0.000001
455 0.000068
456 0.999985
457 0.000004
458 0.000001
459 0.000000
460 0.000001
461 0.000001
462 0.000001
463 0.000001
464 0.000001
465 0.000001
466 0.000000
467 0.000000
468 0.000000
469 0.000000
470 0.000000
471 0.000000
472 0.000000
473 0.000000
474 0.000001
475 0.000003
476 0.000012
477 0.000004
478 0.000001
479 0.000000
480 0.000000
481 0.000000
482 0.000001
483 0.000015
484 0.000003
485 0.000001
486 0.000001
487 0.000000
488 0.000000
489 0.000001
490 0.000002
491 0.000008
492 0.000004
493 0.000001
494 0.000000
495 0.000000
496 0.000000
497 0.000000
498 0.000000
499 0.000000
500 0.000000
501 0.000000
502 0.000005
503 0.000010
504 0.000122
505 0.000050
506 0.000006
507 0.000000
508 0.000000
509 0.000001
510 0.000002
511 0.000001
512 0.000001
513 0.000001
514 0.000001
515 0.000000
516 0.000000
517 0.000001
518 0.000009
519 0.999986
520 0.000012
521 0.000001
522 0.000000
523 0.000000
524 0.000000
525 0.000000
526 0.000000
527 0.000000
528 0.000000
529 0.000000
530 0.000024
531 0.000062
532 0.000179
533 0.001671
534 0.000037
535 0.000001
536 0.000001
537 0.000004
538 0.000002
539 0.000000
540 0.000000
541 0.000000
542 0.000001
543 0.000001
544 0.000001
545 0.000001
546 0.000005
547 0.000019
548 0.000003
549 0.000001
550 0.000001
551 0.000000
552 0.000000
553 0.000000
554 0.000000
555 0.000000
556 0.000000
557 0.000001
558 0.000062
559 0.000067
560 0.003359
561 0.009935
562 0.000185
563 0.000002
564 0.000010
565 0.000018
566 0.000001
567 0.000000
568 0.000000
569 0.000000
570 0.000001
571 0.000001
572 0.000001
573 0.000001
574 0.000001
575 0.000001
576 0.000001
577 0.000001
578 0.000001
579 0.000001
580 0.000000
581 0.000000
582 0.000000
583 0.000000
584 0.000000
585 0.000062
586 0.000067
587 0.000093
588 0.013626
589 0.039132
590 0.000592
591 0.000024
592 0.000016
593 0.000001
594 0.000000
595 0.000000
596 0.000001
597 0.000001
598 0.000001
599 0.000001
600 0.000000
601 0.000000
602 0.000000
603 0.000000
604 0.000000
605 0.000001
606 0.000001
607 0.000003
608 0.000002
609 0.000001
610 0.000000
611 0.000001
612 0.000057
613 0.000062
614 0.000086
615 0.000093
616 0.037434
617 0.010015
618 0.010009
619 0.000382
620 0.000010
621 0.000000
622 0.000000
623 0.000001
624 0.000001
625 0.000001
626 0.000001
627 0.000001
628 0.000001
629 0.000001
630 0.000000
631 0.000000
632 0.000000
633 0.000000
634 0.000001
635 0.000001
636 0.000001
637 0.000003
638 0.000001
639 0.000057
640 0.000062
641 0.000086
642 0.000000
643 0.000000
644 0.010014
645 0.010009
646 0.004115
647 0.000985
648 0.000122
649 0.000001
650 0.000001
651 0.000001
652 0.000000
653 0.000000
654 0.000001
655 0.000013
656 0.000070
657 0.000024
658 0.000001
659 0.000000
660 0.000000
661 0.000000
662 0.000000
663 0.000001
664 0.000001
665 0.000008
666 0.000295
667 0.000104
668 0.000086
669 0.000000
670 0.000000
671 0.000000
672 0.000000
673 0.004270
674 0.001402
675 0.000368
676 0.000210
677 0.000152
678 0.000002
679 0.000001
680 0.000002
681 0.000010
682 0.000516
683 0.004953
684 0.002302
685 0.000032
686 0.000001
687 0.000000
688 0.000000
689 0.000002
690 0.000059
691 0.000160
692 0.000989
693 0.003519
694 0.001015
695 0.000329
696 0.000000
697 0.000000
698 0.000000
699 0.000000
700 0.000000
701 0.000000
702 0.000533
703 0.000242
704 0.000225
705 0.000210
706 0.000152
707 0.000141
708 0.000122
709 0.000338
710 0.001929
711 0.010030
712 0.007230
713 0.000037
714 0.000001
715 0.000000
716 0.000000
717 0.000002
718 0.000249
719 0.001251
720 0.006995
721 0.010015
722 0.003618
723 0.000000
724 0.000000
725 0.000000
726 0.000000
727 0.000000
728 0.000000
729 0.000000
730 0.000000
731 0.000000
732 0.000242
733 0.000225
734 0.000164
735 0.000152
736 0.000309
737 0.001166
738 0.007242
739 0.010029
740 0.002582
741 0.000068
742 0.000001
743 0.000001
744 0.000001
745 0.000005
746 0.000084
747 0.000506
748 0.002549
749 0.010010
750 0.000001
751 0.000001
752 0.000001
753 0.000001
754 0.000000
755 0.000000
756 0.000000
757 0.000000
758 0.000000
759 0.000000
760 0.000000
761 0.000242
762 0.000225
763 0.000213
764 0.000727
765 0.003957
766 0.010015
767 0.010021
768 0.001031
769 0.000102
770 0.000004
771 0.000001
772 0.000001
773 0.000022
774 0.000038
775 0.000167
776 0.000749
777 0.000000
778 0.000166
779 0.000086
780 0.000000
781 0.000001
782 0.000001
783 0.000000
