0 0.001092
1 0.001013
2 0.000773
3 0.000872
4 0.000659
5 0.000495
6 0.000651
7 0.002015
8 0.000451
9 0.000066
10 0.000064
11 0.000016
12 0.000008
13 0.000005
14 0.000005
15 0.000006
16 0.000010
17 0.000019
18 0.000211
19 0.001666
20 0.006146
21 0.003473
22 0.001429
23 0.000555
24 0.000329
25 0.000352
26 0.000477
27 0.000513
28 0.000837
29 0.000939
30 0.000713
31 0.000659
32 0.000609
33 0.000521
34 0.000386
35 0.000361
36 0.000047
37 0.000025
38 0.000033
39 0.000030
40 0.000010
41 0.000005
42 0.000005
43 0.000008
44 0.000012
45 0.000027
46 0.000042
47 0.000523
48 0.003455
49 0.001270
50 0.000020
51 0.000003
52 0.000302
53 0.000413
54 0.000351
55 0.000477
56 0.000939
57 0.000713
58 0.000659
59 0.000609
60 0.000521
61 0.000386
62 0.000356
63 0.000046
64 0.000009
65 0.000008
66 0.000030
67 0.000043
68 0.000014
69 0.000007
70 0.000005
71 0.000009
72 0.000024
73 0.000022
74 0.000018
75 0.000114
76 0.000046
77 0.000014
78 0.000004
79 0.000003
80 0.000003
81 0.000301
82 0.000413
83 0.000351
84 0.000872
85 0.000659
86 0.000494
87 0.000418
88 0.000385
89 0.000355
90 0.000303
91 0.000013
92 0.000005
93 0.000005
94 0.000009
95 0.000025
96 0.000031
97 0.000013
98 0.000012
99 0.000015
100 0.000028
101 0.000009
102 0.000005
103 0.000011
104 0.000013
105 0.000005
106 0.000003
107 0.000002
108 0.000002
109 0.000279
110 0.000301
111 0.000413
112 0.000659
113 0.000609
114 0.000418
115 0.000385
116 0.000004
117 0.000003
118 0.000011
119 0.000006
120 0.000003
121 0.000004
122 0.000005
123 0.000010
124 0.000032
125 0.000062
126 0.000060
127 0.000007
128 0.000005
129 0.000008
130 0.000014
131 0.000011
132 0.000006
133 0.000003
134 0.000002
135 0.000002
136 0.000007
137 0.000202
138 0.000279
139 0.000421
140 0.000609
141 0.000455
142 0.000385
143 0.000355
144 0.000002
145 0.000003
146 0.000003
147 0.000005
148 0.000010
149 0.000013
150 0.000005
151 0.000004
152 0.000006
153 0.000010
154 0.000023
155 0.000011
156 0.000013
157 0.000013
158 0.000013
159 0.000006
160 0.000003
161 0.000002
162 0.000002
163 0.000002
164 0.000207
165 0.000187
166 0.000283
167 0.000305
168 0.000455
169 0.000386
170 0.000355
171 0.000302
172 0.000006
173 0.000003
174 0.000002
175 0.000002
176 0.000005
177 0.000008
178 0.000012
179 0.000013
180 0.000011
181 0.000015
182 0.000045
183 0.000025
184 0.000015
185 0.000011
186 0.000005
187 0.000002
188 0.000002
189 0.000002
190 0.000002
191 0.000003
192 0.000162
193 0.000175
194 0.000189
195 0.000322
196 0.000386
197 0.000356
198 0.000261
199 0.000221
200 0.000057
201 0.000004
202 0.000002
203 0.000002
204 0.000002
205 0.000002
206 0.000004
207 0.000014
208 0.000023
209 0.000127
210 0.999920
211 0.000117
212 0.000019
213 0.000004
214 0.000003
215 0.000002
216 0.000002
217 0.000002
218 0.000002
219 0.000005
220 0.000162
221 0.000175
222 0.000215
223 0.000275
224 0.001165
225 0.000414
226 0.000221
227 0.000203
228 0.000135
229 0.000007
230 0.000003
231 0.000002
232 0.000002
233 0.000002
234 0.000003
235 0.000004
236 0.000011
237 0.000027
238 0.000052
239 0.000132
240 0.000013
241 0.000005
242 0.000003
243 0.000002
244 0.000002
245 0.000002
246 0.000003
247 0.000055
248 0.000057
249 0.000058
250 0.000082
251 0.000085
252 0.004211
253 0.001295
254 0.000550
255 0.000113
256 0.000027
257 0.000008
258 0.000005
259 0.000002
260 0.000002
261 0.000003
262 0.000003
263 0.000004
264 0.000005
265 0.000005
266 0.000006
267 0.000006
268 0.000006
269 0.000004
270 0.000003
271 0.000003
272 0.000003
273 0.000003
274 0.000003
275 0.000053
276 0.000053
277 0.000052
278 0.000057
279 0.000076
280 0.010100
281 0.002444
282 0.000484
283 0.000099
284 0.000033
285 0.000005
286 0.000008
287 0.000005
288 0.000003
289 0.000003
290 0.000003
291 0.000004
292 0.000004
293 0.000004
294 0.000003
295 0.000003
296 0.000003
297 0.000003
298 0.000003
299 0.000003
300 0.000003
301 0.000003
302 0.000005
303 0.000071
304 0.000102
305 0.000109
306 0.000099
307 0.000112
308 0.001704
309 0.002041
310 0.001888
311 0.000470
312 0.000018
313 0.000005
314 0.000011
315 0.000007
316 0.000003
317 0.000003
318 0.000004
319 0.000004
320 0.000004
321 0.000003
322 0.000003
323 0.000002
324 0.000003
325 0.000003
326 0.000003
327 0.000002
328 0.000002
329 0.000003
330 0.000005
331 0.000009
332 0.000070
333 0.000087
334 0.000093
335 0.000140
336 0.000358
337 0.000809
338 0.002958
339 0.009230
340 0.000024
341 0.000006
342 0.000007
343 0.000009
344 0.000005
345 0.000003
346 0.000004
347 0.000004
348 0.000003
349 0.000003
350 0.000002
351 0.000002
352 0.000002
353 0.000003
354 0.000003
355 0.000002
356 0.000002
357 0.000003
358 0.000004
359 0.000005
360 0.000041
361 0.000083
362 0.000101
363 0.000093
364 0.000146
365 0.000561
366 0.001254
367 0.002783
368 0.000009
369 0.000006
370 0.000005
371 0.000013
372 0.000014
373 0.000006
374 0.000005
375 0.000004
376 0.000003
377 0.000003
378 0.000002
379 0.000002
380 0.000002
381 0.000002
382 0.000003
383 0.000003
384 0.000003
385 0.000003
386 0.000003
387 0.000004
388 0.000006
389 0.000024
390 0.000044
391 0.000096
392 0.000096
393 0.000096
394 0.000137
395 0.000017
396 0.000005
397 0.000004
398 0.000005
399 0.000019
400 0.000107
401 0.000025
402 0.000005
403 0.000003
404 0.000003
405 0.000003
406 0.000003
407 0.000002
408 0.000002
409 0.000002
410 0.000003
411 0.000003
412 0.000003
413 0.000003
414 0.000003
415 0.000003
416 0.000004
417 0.000009
418 0.000013
419 0.000020
420 0.000091
421 0.000048
422 0.000046
423 0.000004
424 0.000003
425 0.000003
426 0.000005
427 0.000025
428 0.999903
429 0.000066
430 0.000005
431 0.000003
432 0.000003
433 0.000003
434 0.000003
435 0.000003
436 0.000002
437 0.000002
438 0.000002
439 0.000003
440 0.000003
441 0.000003
442 0.000003
443 0.000003
444 0.000003
445 0.000005
446 0.000006
447 0.000009
448 0.000102
449 0.000045
450 0.000026
451 0.000004
452 0.000003
453 0.000003
454 0.000005
455 0.000018
456 0.000065
457 0.000021
458 0.000005
459 0.000003
460 0.000003
461 0.000003
462 0.000003
463 0.000003
464 0.000003
465 0.000002
466 0.000002
467 0.000003
468 0.000003
469 0.000003
470 0.000003
471 0.000003
472 0.000003
473 0.000004
474 0.000005
475 0.000007
476 0.000714
477 0.000146
478 0.000008
479 0.000003
480 0.000003
481 0.000004
482 0.000009
483 0.000010
484 0.000009
485 0.000007
486 0.000005
487 0.000004
488 0.000003
489 0.000003
490 0.000003
491 0.000003
492 0.000003
493 0.000002
494 0.000002
495 0.000003
496 0.000003
497 0.000003
498 0.000003
499 0.000003
500 0.000003
501 0.000003
502 0.000012
503 0.000030
504 0.005156
505 0.001528
506 0.000006
507 0.000003
508 0.000003
509 0.000007
510 0.000009
511 0.000006
512 0.000003
513 0.000004
514 0.000004
515 0.000003
516 0.000003
517 0.000003
518 0.000003
519 0.000003
520 0.000003
521 0.000002
522 0.000002
523 0.000003
524 0.000003
525 0.000003
526 0.000003
527 0.000003
528 0.000003
529 0.000003
530 0.000106
531 0.000477
532 0.004095
533 0.003951
534 0.000008
535 0.000003
536 0.000005
537 0.000009
538 0.000007
539 0.000003
540 0.000003
541 0.000004
542 0.000004
543 0.000003
544 0.000003
545 0.000003
546 0.000003
547 0.000003
548 0.000003
549 0.000003
550 0.000003
551 0.000003
552 0.000003
553 0.000003
554 0.000003
555 0.000003
556 0.000003
557 0.000004
558 0.000476
559 0.000501
560 0.004180
561 0.007703
562 0.000009
563 0.000004
564 0.000007
565 0.000007
566 0.000004
567 0.000003
568 0.000003
569 0.000003
570 0.000004
571 0.000003
572 0.000003
573 0.000003
574 0.000003
575 0.000003
576 0.000003
577 0.000003
578 0.000003
579 0.000003
580 0.000003
581 0.000003
582 0.000003
583 0.000003
584 0.000004
585 0.000476
586 0.000501
587 0.000618
588 0.009039
589 0.010034
590 0.000100
591 0.000005
592 0.000006
593 0.000004
594 0.000003
595 0.000003
596 0.000003
597 0.000003
598 0.000004
599 0.000004
600 0.000003
601 0.000003
602 0.000003
603 0.000003
604 0.000003
605 0.000003
606 0.000003
607 0.000004
608 0.000003
609 0.000003
610 0.000003
611 0.000004
612 0.000453
613 0.000476
614 0.000589
615 0.000618
616 0.010030
617 0.008581
618 0.003940
619 0.000058
620 0.000005
621 0.000003
622 0.000003
623 0.000003
624 0.000003
625 0.000003
626 0.000003
627 0.000004
628 0.000004
629 0.000003
630 0.000003
631 0.000003
632 0.000003
633 0.000003
634 0.000003
635 0.000003
636 0.000003
637 0.000003
638 0.000004
639 0.000453
640 0.000476
641 0.000589
642 0.000003
643 0.000003
644 0.008663
645 0.004810
646 0.002293
647 0.001088
648 0.000239
649 0.000004
650 0.000003
651 0.000003
652 0.000003
653 0.000003
654 0.000004
655 0.000005
656 0.000013
657 0.000042
658 0.000012
659 0.000003
660 0.000003
661 0.000003
662 0.000003
663 0.000003
664 0.000003
665 0.000005
666 0.000453
667 0.000562
668 0.000589
669 0.000003
670 0.000003
671 0.000003
672 0.000003
673 0.002437
674 0.001361
675 0.001136
676 0.001252
677 0.001040
678 0.000005
679 0.000004
680 0.000005
681 0.000017
682 0.000558
683 0.000535
684 0.000415
685 0.000132
686 0.000026
687 0.000009
688 0.000007
689 0.000030
690 0.000015
691 0.000008
692 0.000021
693 0.000431
694 0.000476
695 0.000589
696 0.000003
697 0.000003
698 0.000003
699 0.000003
700 0.000003
701 0.000003
702 0.001418
703 0.001360
704 0.001305
705 0.001252
706 0.001040
707 0.000995
708 0.000912
709 0.000749
710 0.000613
711 0.000560
712 0.000537
713 0.000341
714 0.000078
715 0.000021
716 0.000014
717 0.000051
718 0.000329
719 0.000346
720 0.000365
721 0.000453
722 0.000562
723 0.000003
724 0.000003
725 0.000003
726 0.000003
727 0.000003
728 0.000003
729 0.000003
730 0.000003
731 0.000003
732 0.001360
733 0.001304
734 0.001087
735 0.001040
736 0.000995
737 0.000821
738 0.000749
739 0.000718
740 0.000690
741 0.000537
742 0.000153
743 0.000046
744 0.000034
745 0.000116
746 0.000346
747 0.000431
748 0.000453
749 0.000562
750 0.000003
751 0.000004
752 0.000003
753 0.000003
754 0.000003
755 0.000003
756 0.000003
757 0.000003
758 0.000002
759 0.000002
760 0.000003
761 0.001360
762 0.001304
763 0.001087
764 0.001040
765 0.000995
766 0.000952
767 0.000913
768 0.000720
769 0.000691
770 0.000376
771 0.000105
772 0.000106
773 0.000265
774 0.000346
775 0.000384
776 0.000476
777 0.000003
778 0.000007
779 0.000006
780 0.000003
781 0.000004
782 0.000003
783 0.000003
