0 0.010181
1 0.010000
2 0.009863
3 0.007387
4 0.004817
5 0.002798
6 0.002289
7 0.002195
8 0.000390
9 0.000061
10 0.000063
11 0.000273
12 0.001109
13 0.002178
14 0.001282
15 0.000522
16 0.000097
17 0.000038
18 0.000106
19 0.000381
20 0.001137
21 0.002019
22 0.004486
23 0.007030
24 0.007044
25 0.006936
26 0.005515
27 0.003611
28 0.013485
29 0.010181
30 0.010000
31 0.009863
32 0.006495
33 0.004028
34 0.002246
35 0.001307
36 0.000140
37 0.000030
38 0.000048
39 0.000280
40 0.001559
41 0.002329
42 0.000719
43 0.000257
44 0.000096
45 0.000054
46 0.000047
47 0.000286
48 0.001583
49 0.003654
50 0.000215
51 0.000000
52 0.006937
53 0.005883
54 0.003066
55 0.002243
56 0.018226
57 0.013485
58 0.010359
59 0.010000
60 0.009863
61 0.005565
62 0.003395
63 0.000528
64 0.000063
65 0.000018
66 0.000069
67 0.000325
68 0.001275
69 0.000955
70 0.000329
71 0.000134
72 0.000122
73 0.000052
74 0.000030
75 0.000217
76 0.001122
77 0.000001
78 0.000000
79 0.000000
80 0.000000
81 0.003053
82 0.002257
83 0.001310
84 0.018801
85 0.019339
86 0.015335
87 0.010359
88 0.010000
89 0.008875
90 0.005294
91 0.000309
92 0.000023
93 0.000018
94 0.000093
95 0.000420
96 0.000677
97 0.000358
98 0.000175
99 0.000109
100 0.000130
101 0.000054
102 0.000023
103 0.000001
104 0.000000
105 0.000000
106 0.000000
107 0.000000
108 0.000001
109 0.001805
110 0.001220
111 0.001233
112 0.011182
113 0.017922
114 0.019631
115 0.015335
116 0.000000
117 0.000000
118 0.000000
119 0.000000
120 0.000000
121 0.000013
122 0.000168
123 0.000610
124 0.000193
125 0.000093
126 0.000072
127 0.000050
128 0.000054
129 0.000005
130 0.000000
131 0.000000
132 0.000001
133 0.000000
134 0.000000
135 0.000000
136 0.000090
137 0.000945
138 0.000941
139 0.001186
140 0.005056
141 0.010016
142 0.017072
143 0.020054
144 0.000000
145 0.000000
146 0.000000
147 0.000000
148 0.000000
149 0.000000
150 0.000000
151 0.000000
152 0.000001
153 0.000001
154 0.000014
155 0.000005
156 0.000001
157 0.000000
158 0.000000
159 0.000000
160 0.000000
161 0.000001
162 0.000000
163 0.000004
164 0.000831
165 0.000709
166 0.000902
167 0.000951
168 0.003040
169 0.004327
170 0.007733
171 0.015983
172 0.000000
173 0.000000
174 0.000001
175 0.000001
176 0.000000
177 0.000000
178 0.000000
179 0.000000
180 0.000000
181 0.000000
182 0.000000
183 0.000000
184 0.000000
185 0.000000
186 0.000001
187 0.000000
188 0.000000
189 0.000000
190 0.000000
191 0.000004
192 0.000606
193 0.000641
194 0.000678
195 0.001114
196 0.002475
197 0.002593
198 0.003225
199 0.006657
200 0.000191
201 0.000000
202 0.000000
203 0.000001
204 0.000024
205 0.000003
206 0.000000
207 0.000000
208 0.000000
209 0.000000
210 0.000000
211 0.000000
212 0.000000
213 0.000000
214 0.000001
215 0.000000
216 0.000000
217 0.000000
218 0.000001
219 0.000023
220 0.000606
221 0.000641
222 0.000857
223 0.001672
224 0.002604
225 0.002219
226 0.002086
227 0.002578
228 0.004364
229 0.000000
230 0.000000
231 0.000000
232 0.000081
233 0.999992
234 0.000014
235 0.000000
236 0.000000
237 0.000000
238 0.000000
239 0.000000
240 0.000000
241 0.000000
242 0.000000
243 0.000000
244 0.000000
245 0.000000
246 0.000000
247 0.000028
248 0.000057
249 0.000126
250 0.000564
251 0.001371
252 0.002498
253 0.002029
254 0.001942
255 0.001766
256 0.001832
257 0.000000
258 0.000000
259 0.000000
260 0.000002
261 0.000134
262 0.000005
263 0.000000
264 0.000000
265 0.000000
266 0.000000
267 0.000000
268 0.000000
269 0.000000
270 0.000000
271 0.000000
272 0.000000
273 0.000000
274 0.000000
275 0.000005
276 0.000017
277 0.000080
278 0.000219
279 0.000544
280 0.001640
281 0.001640
282 0.001776
283 0.001417
284 0.001355
285 0.000002
286 0.000000
287 0.000000
288 0.000000
289 0.000000
290 0.000001
291 0.000001
292 0.000001
293 0.000001
294 0.000002
295 0.000002
296 0.000000
297 0.000000
298 0.000000
299 0.000000
300 0.000000
301 0.000000
302 0.000000
303 0.000021
304 0.000052
305 0.000152
306 0.000260
307 0.000241
308 0.001842
309 0.001579
310 0.001259
311 0.001176
312 0.000100
313 0.000001
314 0.000000
315 0.000000
316 0.000000
317 0.000000
318 0.000000
319 0.000003
320 0.000013
321 0.000123
322 0.000265
323 0.000002
324 0.000000
325 0.000000
326 0.000000
327 0.000000
328 0.000000
329 0.000000
330 0.000000
331 0.000014
332 0.000178
333 0.000279
334 0.000240
335 0.000314
336 0.001794
337 0.001477
338 0.001068
339 0.000313
340 0.000003
341 0.000000
342 0.000000
343 0.000000
344 0.000000
345 0.000000
346 0.000000
347 0.000011
348 0.003068
349 0.999980
350 0.000045
351 0.000001
352 0.000000
353 0.000000
354 0.000000
355 0.000001
356 0.000001
357 0.000000
358 0.000001
359 0.000005
360 0.000193
361 0.000250
362 0.000290
363 0.000295
364 0.001518
365 0.000805
366 0.000304
367 0.000107
368 0.000000
369 0.000000
370 0.000000
371 0.000000
372 0.000000
373 0.000000
374 0.000000
375 0.000020
376 0.008216
377 0.002397
378 0.000005
379 0.000000
380 0.000000
381 0.000000
382 0.000001
383 0.000001
384 0.000003
385 0.000046
386 0.000009
387 0.000004
388 0.000106
389 0.000283
390 0.000239
391 0.000150
392 0.000357
393 0.000185
394 0.000080
395 0.000005
396 0.000000
397 0.000000
398 0.000000
399 0.000000
400 0.000000
401 0.000000
402 0.000000
403 0.000002
404 0.000016
405 0.000009
406 0.000002
407 0.000000
408 0.000000
409 0.000001
410 0.000002
411 0.000001
412 0.000018
413 0.999934
414 0.000159
415 0.000006
416 0.000041
417 0.000242
418 0.000101
419 0.000045
420 0.000122
421 0.000054
422 0.000043
423 0.000001
424 0.000000
425 0.000000
426 0.000000
427 0.000000
428 0.000000
429 0.000000
430 0.000001
431 0.000000
432 0.000000
433 0.000000
434 0.000000
435 0.000001
436 0.000016
437 0.000036
438 0.000005
439 0.000001
440 0.000006
441 0.007930
442 0.001039
443 0.000007
444 0.000004
445 0.000181
446 0.000067
447 0.000032
448 0.000103
449 0.000054
450 0.000037
451 0.000000
452 0.000000
453 0.000000
454 0.000000
455 0.000000
456 0.000000
457 0.000000
458 0.000000
459 0.000000
460 0.000000
461 0.000000
462 0.000000
463 0.000009
464 0.001522
465 0.010483
466 0.000015
467 0.000001
468 0.000003
469 0.000171
470 0.000371
471 0.000005
472 0.000001
473 0.000046
474 0.000102
475 0.000107
476 0.000314
477 0.000166
478 0.000020
479 0.000000
480 0.000000
481 0.000000
482 0.000000
483 0.000000
484 0.000000
485 0.000000
486 0.000000
487 0.000000
488 0.000000
489 0.000000
490 0.000000
491 0.000005
492 0.003667
493 0.999974
494 0.000022
495 0.000001
496 0.000001
497 0.000002
498 0.000031
499 0.000008
500 0.000001
501 0.000016
502 0.000751
503 0.001368
504 0.001287
505 0.000710
506 0.000014
507 0.000000
508 0.000000
509 0.000000
510 0.000000
511 0.000001
512 0.000000
513 0.000000
514 0.000000
515 0.000000
516 0.000000
517 0.000000
518 0.000000
519 0.000001
520 0.000009
521 0.000009
522 0.000004
523 0.000001
524 0.000000
525 0.000000
526 0.000003
527 0.000200
528 0.000010
529 0.000037
530 0.004025
531 0.009994
532 0.001231
533 0.002434
534 0.000030
535 0.000001
536 0.000001
537 0.000000
538 0.000001
539 0.000001
540 0.000000
541 0.000000
542 0.000000
543 0.000000
544 0.000000
545 0.000000
546 0.000000
547 0.000000
548 0.000000
549 0.000000
550 0.000000
551 0.000001
552 0.000001
553 0.000001
554 0.000004
555 0.000521
556 0.000714
557 0.000495
558 0.010001
559 0.010000
560 0.004236
561 0.007065
562 0.000058
563 0.000002
564 0.000001
565 0.000002
566 0.000003
567 0.000000
568 0.000000
569 0.000000
570 0.000000
571 0.000000
572 0.000000
573 0.000000
574 0.000000
575 0.000000
576 0.000000
577 0.000000
578 0.000000
579 0.000001
580 0.000015
581 0.000038
582 0.000021
583 0.000399
584 0.026102
585 0.010001
586 0.010001
587 0.010001
588 0.007975
589 0.013539
590 0.000860
591 0.000004
592 0.000003
593 0.000003
594 0.000001
595 0.000000
596 0.000000
597 0.000000
598 0.000000
599 0.000000
600 0.000000
601 0.000000
602 0.000000
603 0.000000
604 0.000000
605 0.000000
606 0.000000
607 0.000001
608 0.000009
609 0.000065
610 0.000109
611 0.000653
612 0.010000
613 0.010000
614 0.010001
615 0.010001
616 0.014495
617 0.012766
618 0.010012
619 0.000888
620 0.000010
621 0.000001
622 0.000001
623 0.000001
624 0.000001
625 0.000000
626 0.000000
627 0.000000
628 0.000000
629 0.000000
630 0.000000
631 0.000000
632 0.000000
633 0.000000
634 0.000000
635 0.000000
636 0.000002
637 0.000031
638 0.000366
639 0.010000
640 0.010000
641 0.010000
642 0.000000
643 0.000003
644 0.012375
645 0.010010
646 0.010010
647 0.010010
648 0.002874
649 0.000007
650 0.000000
651 0.000000
652 0.000000
653 0.000000
654 0.000000
655 0.000000
656 0.000005
657 0.000200
658 0.000173
659 0.000020
660 0.000001
661 0.000000
662 0.000001
663 0.000001
664 0.000006
665 0.000337
666 0.011167
667 0.010001
668 0.010000
669 0.000000
670 0.000001
671 0.000002
672 0.000000
673 0.010010
674 0.010010
675 0.007701
676 0.004547
677 0.002358
678 0.000012
679 0.000006
680 0.000014
681 0.000074
682 0.000234
683 0.000126
684 0.000111
685 0.000394
686 0.000229
687 0.000119
688 0.000039
689 0.000075
690 0.000089
691 0.000071
692 0.000383
693 0.003529
694 0.006741
695 0.010864
696 0.000000
697 0.000000
698 0.000001
699 0.000001
700 0.000000
701 0.000000
702 0.008822
703 0.005312
704 0.002817
705 0.001683
706 0.001438
707 0.001386
708 0.001287
709 0.001105
710 0.000672
711 0.000447
712 0.000302
713 0.000183
714 0.000285
715 0.000097
716 0.000051
717 0.000119
718 0.000451
719 0.000479
720 0.000740
721 0.001847
722 0.004169
723 0.000001
724 0.000000
725 0.000000
726 0.000000
727 0.000000
728 0.000000
729 0.000000
730 0.000000
731 0.000000
732 0.001806
733 0.001743
734 0.001493
735 0.001438
736 0.001386
737 0.001214
738 0.003067
739 0.001392
740 0.000672
741 0.000241
742 0.000216
743 0.000067
744 0.000067
745 0.000253
746 0.000474
747 0.000581
748 0.000632
749 0.001076
750 0.000000
751 0.000000
752 0.000000
753 0.000000
754 0.000001
755 0.000000
756 0.000000
757 0.000000
758 0.000000
759 0.000000
760 0.000000
761 0.001806
762 0.001743
763 0.001493
764 0.001438
765 0.001692
766 0.005002
767 0.004213
768 0.000816
769 0.000302
770 0.000144
771 0.000064
772 0.000118
773 0.000530
774 0.000474
775 0.000521
776 0.000637
777 0.000000
778 0.000109
779 0.000130
780 0.000002
781 0.000000
782 0.000000
783 0.000000
