0 0.006233
1 0.009057
2 0.010003
3 0.010004
4 0.008359
5 0.005101
6 0.003959
7 0.003792
8 0.001073
9 0.000233
10 0.000180
11 0.000188
12 0.000152
13 0.000105
14 0.000067
15 0.000065
16 0.000068
17 0.000109
18 0.000645
19 0.003328
20 0.006060
21 0.009491
22 0.008126
23 0.004857
24 0.002287
25 0.001646
26 0.002206
27 0.002522
28 0.004183
29 0.006022
30 0.008092
31 0.010003
32 0.010004
33 0.007625
34 0.004878
35 0.002625
36 0.000422
37 0.000131
38 0.000134
39 0.000150
40 0.000162
41 0.000122
42 0.000066
43 0.000048
44 0.000077
45 0.000173
46 0.000479
47 0.001913
48 0.010007
49 0.009170
50 0.000001
51 0.000000
52 0.001538
53 0.002098
54 0.002298
55 0.003766
56 0.003342
57 0.003937
58 0.005232
59 0.007980
60 0.010003
61 0.010005
62 0.006854
63 0.001605
64 0.000227
65 0.000084
66 0.000127
67 0.000126
68 0.000133
69 0.000112
70 0.000066
71 0.000052
72 0.000124
73 0.000233
74 0.000265
75 0.001563
76 0.000012
77 0.000000
78 0.000000
79 0.000000
80 0.000000
81 0.002233
82 0.003766
83 0.004109
84 0.003222
85 0.002804
86 0.003331
87 0.004921
88 0.007814
89 0.010004
90 0.010006
91 0.000987
92 0.000131
93 0.000065
94 0.000083
95 0.000100
96 0.000119
97 0.000158
98 0.000100
99 0.000114
100 0.000175
101 0.000086
102 0.000001
103 0.000000
104 0.000000
105 0.000000
106 0.000000
107 0.000000
108 0.000000
109 0.003682
110 0.004109
111 0.004538
112 0.002804
113 0.002696
114 0.002230
115 0.003015
116 0.000000
117 0.000000
118 0.000000
119 0.000000
120 0.000000
121 0.000022
122 0.000060
123 0.000089
124 0.000113
125 0.000119
126 0.000237
127 0.000015
128 0.000001
129 0.000000
130 0.000000
131 0.000000
132 0.000000
133 0.000000
134 0.000000
135 0.000000
136 0.003844
137 0.003723
138 0.004109
139 0.003712
140 0.002696
141 0.002327
142 0.002138
143 0.002050
144 0.000000
145 0.000000
146 0.000000
147 0.000000
148 0.000000
149 0.000000
150 0.000000
151 0.000000
152 0.000001
153 0.000001
154 0.000001
155 0.000000
156 0.000000
157 0.000000
158 0.000000
159 0.000000
160 0.000000
161 0.000000
162 0.000000
163 0.000001
164 0.004110
165 0.003723
166 0.003362
167 0.002747
168 0.002327
169 0.002138
170 0.002050
171 0.001885
172 0.000000
173 0.000000
174 0.000000
175 0.000000
176 0.000000
177 0.000000
178 0.000000
179 0.000000
180 0.000000
181 0.000000
182 0.000000
183 0.000000
184 0.000000
185 0.000000
186 0.000001
187 0.000000
188 0.000000
189 0.000000
190 0.000000
191 0.000184
192 0.003723
193 0.003047
194 0.002397
195 0.002495
196 0.002241
197 0.002050
198 0.001745
199 0.001596
200 0.000096
201 0.000000
202 0.000000
203 0.000000
204 0.000000
205 0.000000
206 0.000000
207 0.000000
208 0.000000
209 0.000000
210 0.000000
211 0.000000
212 0.000001
213 0.000000
214 0.000000
215 0.000000
216 0.000000
217 0.000000
218 0.000001
219 0.001332
220 0.003042
221 0.002522
222 0.002162
223 0.001984
224 0.002251
225 0.001892
226 0.001644
227 0.001527
228 0.001224
229 0.000001
230 0.000000
231 0.000000
232 0.000000
233 0.000001
234 0.000001
235 0.000000
236 0.000000
237 0.000000
238 0.000001
239 0.000001
240 0.000001
241 0.000000
242 0.000000
243 0.000000
244 0.000000
245 0.000000
246 0.000001
247 0.000100
248 0.000165
249 0.000198
250 0.000300
251 0.000519
252 0.002159
253 0.001752
254 0.001676
255 0.000909
256 0.000174
257 0.000000
258 0.000000
259 0.000000
260 0.000000
261 0.000000
262 0.000001
263 0.000002
264 0.000002
265 0.000002
266 0.000001
267 0.000001
268 0.000000
269 0.000000
270 0.000000
271 0.000000
272 0.000000
273 0.000000
274 0.000002
275 0.000014
276 0.000016
277 0.000026
278 0.000052
279 0.000125
280 0.002023
281 0.000581
282 0.000288
283 0.000099
284 0.000056
285 0.000000
286 0.000000
287 0.000000
288 0.000000
289 0.000000
290 0.000000
291 0.000007
292 0.999987
293 0.000117
294 0.000001
295 0.000000
296 0.000000
297 0.000000
298 0.000000
299 0.000000
300 0.000000
301 0.000000
302 0.000001
303 0.000012
304 0.000015
305 0.000026
306 0.000049
307 0.000106
308 0.000637
309 0.000250
310 0.000089
311 0.000037
312 0.000004
313 0.000000
314 0.000000
315 0.000000
316 0.000000
317 0.000000
318 0.000000
319 0.000002
320 0.000075
321 0.000102
322 0.000006
323 0.000001
324 0.000001
325 0.000000
326 0.000000
327 0.000000
328 0.000000
329 0.000000
330 0.000000
331 0.000003
332 0.000028
333 0.000057
334 0.000120
335 0.000193
336 0.000657
337 0.000268
338 0.000122
339 0.000048
340 0.000001
341 0.000000
342 0.000000
343 0.000000
344 0.000000
345 0.000000
346 0.000000
347 0.000001
348 0.000001
349 0.000002
350 0.000009
351 0.000006
352 0.000001
353 0.000001
354 0.000001
355 0.000000
356 0.000001
357 0.000000
358 0.000000
359 0.000001
360 0.000076
361 0.000147
362 0.000161
363 0.000109
364 0.000839
365 0.000702
366 0.000250
367 0.000100
368 0.000001
369 0.000000
370 0.000000
371 0.000001
372 0.000001
373 0.000000
374 0.000000
375 0.000000
376 0.000000
377 0.000000
378 0.000002
379 0.000004
380 0.000001
381 0.000001
382 0.000001
383 0.000002
384 0.000002
385 0.000000
386 0.000000
387 0.000001
388 0.000038
389 0.000095
390 0.000062
391 0.000045
392 0.001648
393 0.000359
394 0.000464
395 0.000147
396 0.000001
397 0.000000
398 0.000000
399 0.000001
400 0.000001
401 0.000001
402 0.000000
403 0.000000
404 0.000000
405 0.000000
406 0.000001
407 0.000001
408 0.000001
409 0.000001
410 0.000001
411 0.000011
412 0.000074
413 0.000002
414 0.000000
415 0.000000
416 0.000003
417 0.000029
418 0.000023
419 0.000017
420 0.005953
421 0.012631
422 0.008686
423 0.000112
424 0.000002
425 0.000001
426 0.000001
427 0.000001
428 0.000001
429 0.000001
430 0.000000
431 0.000000
432 0.000000
433 0.000000
434 0.000000
435 0.000000
436 0.000000
437 0.000000
438 0.000002
439 0.000079
440 0.999985
441 0.000024
442 0.000000
443 0.000000
444 0.000000
445 0.000013
446 0.000013
447 0.000016
448 0.011290
449 0.020058
450 0.072405
451 0.000578
452 0.000004
453 0.000001
454 0.000001
455 0.000002
456 0.000003
457 0.000002
458 0.000001
459 0.000001
460 0.000001
461 0.000000
462 0.000000
463 0.000000
464 0.000000
465 0.000000
466 0.000003
467 0.000238
468 0.000770
469 0.000033
470 0.000001
471 0.000000
472 0.000000
473 0.000011
474 0.000024
475 0.000025
476 0.002721
477 0.012072
478 0.016049
479 0.000040
480 0.000002
481 0.000005
482 0.000012
483 0.000014
484 0.000006
485 0.000022
486 0.000046
487 0.000004
488 0.000001
489 0.000000
490 0.000000
491 0.000000
492 0.000000
493 0.000000
494 0.000001
495 0.000010
496 0.000014
497 0.000023
498 0.000002
499 0.000000
500 0.000000
501 0.000010
502 0.000232
503 0.000260
504 0.010009
505 0.006888
506 0.000171
507 0.000002
508 0.000001
509 0.000002
510 0.000005
511 0.000024
512 0.000352
513 0.004988
514 0.999986
515 0.000007
516 0.000000
517 0.000000
518 0.000000
519 0.000000
520 0.000000
521 0.000000
522 0.000000
523 0.000000
524 0.000001
525 0.000005
526 0.000030
527 0.000002
528 0.000001
529 0.000041
530 0.002643
531 0.003227
532 0.010011
533 0.010012
534 0.000136
535 0.000002
536 0.000000
537 0.000000
538 0.000001
539 0.000147
540 0.001048
541 0.012654
542 0.000301
543 0.000020
544 0.000001
545 0.000000
546 0.000000
547 0.000000
548 0.000000
549 0.000000
550 0.000000
551 0.000000
552 0.000000
553 0.000003
554 0.000070
555 0.000057
556 0.000020
557 0.000253
558 0.010000
559 0.008518
560 0.010009
561 0.012628
562 0.000119
563 0.000001
564 0.000001
565 0.000001
566 0.000021
567 0.000172
568 0.001802
569 0.000060
570 0.000005
571 0.000001
572 0.000001
573 0.000000
574 0.000000
575 0.000000
576 0.000000
577 0.000000
578 0.000000
579 0.000000
580 0.000000
581 0.000001
582 0.000040
583 0.000929
584 0.000382
585 0.010003
586 0.010002
587 0.010000
588 0.012005
589 0.008877
590 0.000393
591 0.000003
592 0.000001
593 0.000035
594 0.000415
595 0.002456
596 0.000075
597 0.000002
598 0.000001
599 0.000001
600 0.000000
601 0.000000
602 0.000000
603 0.000000
604 0.000000
605 0.000000
606 0.000000
607 0.000000
608 0.000000
609 0.000001
610 0.000004
611 0.000515
612 0.008254
613 0.010003
614 0.010003
615 0.010002
616 0.006888
617 0.004196
618 0.001831
619 0.000198
620 0.000197
621 0.000473
622 0.000611
623 0.000030
624 0.000003
625 0.000000
626 0.000000
627 0.000000
628 0.000000
629 0.000000
630 0.000000
631 0.000000
632 0.000001
633 0.000001
634 0.000001
635 0.000000
636 0.000000
637 0.000001
638 0.000023
639 0.001733
640 0.003777
641 0.008313
642 0.000000
643 0.000000
644 0.003434
645 0.001805
646 0.001797
647 0.005442
648 0.004990
649 0.001209
650 0.000011
651 0.000001
652 0.000001
653 0.000001
654 0.000001
655 0.000004
656 0.000035
657 0.000092
658 0.000017
659 0.000004
660 0.000003
661 0.000004
662 0.000001
663 0.000001
664 0.000001
665 0.000019
666 0.000413
667 0.000872
668 0.001838
669 0.000000
670 0.000000
671 0.000000
672 0.000000
673 0.001960
674 0.005720
675 0.010738
676 0.022728
677 0.010006
678 0.000111
679 0.000025
680 0.000019
681 0.000054
682 0.000240
683 0.000234
684 0.000250
685 0.000263
686 0.000061
687 0.000100
688 0.000204
689 0.000255
690 0.000057
691 0.000036
692 0.000076
693 0.000392
694 0.000434
695 0.000539
696 0.000000
697 0.000000
698 0.000000
699 0.000000
700 0.000000
701 0.000000
702 0.010912
703 0.019977
704 0.010006
705 0.008384
706 0.003490
707 0.001244
708 0.000697
709 0.000563
710 0.000275
711 0.000249
712 0.000243
713 0.000350
714 0.000386
715 0.000542
716 0.000650
717 0.000224
718 0.000298
719 0.000314
720 0.000331
721 0.000413
722 0.000514
723 0.000000
724 0.000001
725 0.000000
726 0.000000
727 0.000000
728 0.000000
729 0.000000
730 0.000000
731 0.000000
732 0.010002
733 0.004289
734 0.001850
735 0.000804
736 0.000767
737 0.000622
738 0.000563
739 0.000331
740 0.000316
741 0.000377
742 0.001272
743 0.002096
744 0.000995
745 0.000337
746 0.000314
747 0.000392
748 0.000413
749 0.000514
750 0.000000
751 0.000000
752 0.000000
753 0.000000
754 0.000000
755 0.000000
756 0.000000
757 0.000000
758 0.000001
759 0.000001
760 0.000000
761 0.002704
762 0.001200
763 0.000844
764 0.000804
765 0.000767
766 0.000731
767 0.000431
768 0.000330
769 0.000411
770 0.002474
771 0.006574
772 0.001856
773 0.000732
774 0.000314
775 0.000349
776 0.000434
777 0.000006
778 0.000048
779 0.000034
780 0.000029
781 0.000001
782 0.000000
783 0.000000
