0 0.005552
1 0.004422
2 0.003761
3 0.003951
4 0.003523
5 0.003127
6 0.002915
7 0.002815
8 0.000583
9 0.000107
10 0.000076
11 0.000071
12 0.000124
13 0.000250
14 0.000408
15 0.000445
16 0.000164
17 0.000069
18 0.000168
19 0.000488
20 0.000953
21 0.001000
22 0.001228
23 0.001285
24 0.001157
25 0.001600
26 0.002892
27 0.004504
28 0.006250
29 0.005369
30 0.004083
31 0.003523
32 0.003410
33 0.003195
34 0.002815
35 0.001864
36 0.000230
37 0.000055
38 0.000050
39 0.000054
40 0.000069
41 0.000166
42 0.000328
43 0.000402
44 0.000216
45 0.000105
46 0.000085
47 0.000336
48 0.000772
49 0.000953
50 0.000000
51 0.000000
52 0.001470
53 0.002755
54 0.004318
55 0.008037
56 0.007566
57 0.006146
58 0.005064
59 0.003865
60 0.003195
61 0.002815
62 0.002718
63 0.000768
64 0.000112
65 0.000035
66 0.000046
67 0.000040
68 0.000037
69 0.000075
70 0.000171
71 0.000358
72 0.000301
73 0.000112
74 0.000056
75 0.000158
76 0.000002
77 0.000000
78 0.000000
79 0.000000
80 0.000000
81 0.004174
82 0.008038
83 0.007895
84 0.008550
85 0.007389
86 0.005898
87 0.004386
88 0.003239
89 0.002719
90 0.002536
91 0.000299
92 0.000046
93 0.000029
94 0.000028
95 0.000029
96 0.000030
97 0.000045
98 0.000101
99 0.000247
100 0.000358
101 0.000080
102 0.000000
103 0.000000
104 0.000000
105 0.000000
106 0.000000
107 0.000000
108 0.000017
109 0.007894
110 0.007895
111 0.006682
112 0.012166
113 0.009001
114 0.007290
115 0.005751
116 0.000000
117 0.000000
118 0.000000
119 0.000000
120 0.000000
121 0.000007
122 0.000025
123 0.000025
124 0.000028
125 0.000027
126 0.000062
127 0.000017
128 0.000002
129 0.000000
130 0.000000
131 0.000000
132 0.000000
133 0.000000
134 0.000000
135 0.000006
136 0.000333
137 0.008219
138 0.005576
139 0.004812
140 0.014435
141 0.012457
142 0.009475
143 0.007637
144 0.000000
145 0.000000
146 0.000000
147 0.000000
148 0.000000
149 0.000000
150 0.000000
151 0.000000
152 0.000000
153 0.000000
154 0.000000
155 0.000000
156 0.000000
157 0.000000
158 0.000000
159 0.000000
160 0.000000
161 0.000000
162 0.000002
163 0.000032
164 0.008256
165 0.004753
166 0.004352
167 0.003923
168 0.009445
169 0.014459
170 0.013041
171 0.010232
172 0.000000
173 0.000000
174 0.000000
175 0.000000
176 0.000000
177 0.000000
178 0.000000
179 0.000000
180 0.000000
181 0.000000
182 0.000000
183 0.000000
184 0.000000
185 0.000000
186 0.000000
187 0.000000
188 0.000000
189 0.000002
190 0.000034
191 0.000064
192 0.004281
193 0.003859
194 0.003344
195 0.004086
196 0.005195
197 0.007905
198 0.012044
199 0.013404
200 0.000093
201 0.000000
202 0.000000
203 0.000000
204 0.000000
205 0.000000
206 0.000000
207 0.000000
208 0.000000
209 0.000000
210 0.000000
211 0.000000
212 0.000000
213 0.000000
214 0.000000
215 0.000000
216 0.000000
217 0.000001
218 0.000005
219 0.000116
220 0.003765
221 0.003264
222 0.004027
223 0.007922
224 0.002882
225 0.003980
226 0.005843
227 0.010409
228 0.013782
229 0.000000
230 0.000000
231 0.000000
232 0.000000
233 0.000000
234 0.000000
235 0.000000
236 0.000000
237 0.000000
238 0.000000
239 0.000000
240 0.000000
241 0.000000
242 0.000000
243 0.000001
244 0.000003
245 0.000000
246 0.000000
247 0.000150
248 0.000196
249 0.000657
250 0.002003
251 0.004290
252 0.002650
253 0.002326
254 0.002821
255 0.003257
256 0.001939
257 0.000000
258 0.000000
259 0.000000
260 0.000000
261 0.000000
262 0.000000
263 0.000000
264 0.000000
265 0.000000
266 0.000000
267 0.000000
268 0.000000
269 0.000000
270 0.000020
271 0.999994
272 0.000013
273 0.000000
274 0.000001
275 0.000194
276 0.000381
277 0.000692
278 0.000792
279 0.001744
280 0.002763
281 0.001090
282 0.000587
283 0.000251
284 0.000232
285 0.000000
286 0.000000
287 0.000000
288 0.000000
289 0.000000
290 0.000000
291 0.000000
292 0.000000
293 0.000000
294 0.000000
295 0.000000
296 0.000000
297 0.000000
298 0.000114
299 0.000702
300 0.000016
301 0.000001
302 0.000012
303 0.008409
304 0.005428
305 0.007090
306 0.006590
307 0.002509
308 0.001118
309 0.000491
310 0.000193
311 0.000084
312 0.000008
313 0.000000
314 0.000000
315 0.000000
316 0.000000
317 0.000000
318 0.000000
319 0.000000
320 0.000000
321 0.000000
322 0.000000
323 0.000000
324 0.000000
325 0.000000
326 0.000004
327 0.000011
328 0.000003
329 0.000002
330 0.000247
331 0.005582
332 0.057347
333 0.039304
334 0.015427
335 0.004848
336 0.000661
337 0.000382
338 0.000227
339 0.000111
340 0.000002
341 0.000000
342 0.000000
343 0.000000
344 0.000000
345 0.000000
346 0.000000
347 0.000000
348 0.000000
349 0.000000
350 0.000000
351 0.000000
352 0.000000
353 0.000000
354 0.000000
355 0.000000
356 0.000001
357 0.000003
358 0.000113
359 0.001071
360 0.015722
361 0.012518
362 0.004664
363 0.001025
364 0.000600
365 0.000576
366 0.000373
367 0.000193
368 0.000001
369 0.000000
370 0.000000
371 0.000000
372 0.000000
373 0.000000
374 0.000000
375 0.000000
376 0.000000
377 0.000000
378 0.000000
379 0.000000
380 0.000000
381 0.000000
382 0.000000
383 0.000000
384 0.000001
385 0.000019
386 0.000009
387 0.000015
388 0.000390
389 0.000385
390 0.000343
391 0.000626
392 0.000449
393 0.000337
394 0.000249
395 0.000033
396 0.000000
397 0.000000
398 0.000000
399 0.000000
400 0.000000
401 0.000000
402 0.000000
403 0.000000
404 0.000000
405 0.000004
406 0.000004
407 0.000003
408 0.000000
409 0.000000
410 0.000000
411 0.000000
412 0.000000
413 0.000008
414 0.000002
415 0.000000
416 0.000001
417 0.000035
418 0.000066
419 0.000123
420 0.000248
421 0.000234
422 0.000231
423 0.000005
424 0.000000
425 0.000000
426 0.000000
427 0.000000
428 0.000000
429 0.000000
430 0.000000
431 0.000000
432 0.000001
433 0.000066
434 0.001485
435 0.000104
436 0.000012
437 0.000003
438 0.000001
439 0.000000
440 0.000000
441 0.000000
442 0.000000
443 0.000000
444 0.000000
445 0.000009
446 0.000024
447 0.000097
448 0.000232
449 0.000165
450 0.000162
451 0.000001
452 0.000000
453 0.000000
454 0.000000
455 0.000000
456 0.000000
457 0.000000
458 0.000000
459 0.000000
460 0.000001
461 0.000085
462 0.002405
463 0.999989
464 0.002988
465 0.000036
466 0.000000
467 0.000000
468 0.000000
469 0.000000
470 0.000000
471 0.000000
472 0.000000
473 0.000009
474 0.000041
475 0.000094
476 0.000410
477 0.000304
478 0.000065
479 0.000000
480 0.000000
481 0.000000
482 0.000000
483 0.000000
484 0.000000
485 0.000000
486 0.000000
487 0.000000
488 0.000001
489 0.000101
490 0.004740
491 0.031916
492 0.020112
493 0.000109
494 0.000000
495 0.000000
496 0.000000
497 0.000000
498 0.000000
499 0.000000
500 0.000001
501 0.000007
502 0.000180
503 0.000233
504 0.001346
505 0.000809
506 0.000018
507 0.000000
508 0.000000
509 0.000000
510 0.000000
511 0.000000
512 0.000000
513 0.000000
514 0.000000
515 0.000000
516 0.000017
517 0.000168
518 0.000192
519 0.000075
520 0.000063
521 0.000053
522 0.000001
523 0.000000
524 0.000000
525 0.000000
526 0.000000
527 0.000001
528 0.000001
529 0.000008
530 0.000314
531 0.000426
532 0.001281
533 0.001183
534 0.000011
535 0.000000
536 0.000000
537 0.000000
538 0.000000
539 0.000000
540 0.000000
541 0.000000
542 0.000000
543 0.000005
544 0.000009
545 0.000012
546 0.000010
547 0.000002
548 0.000007
549 0.000014
550 0.000021
551 0.000006
552 0.000004
553 0.000000
554 0.000000
555 0.000001
556 0.000004
557 0.000020
558 0.000426
559 0.000448
560 0.001504
561 0.001449
562 0.000012
563 0.000000
564 0.000000
565 0.000000
566 0.000000
567 0.000000
568 0.000002
569 0.000002
570 0.000001
571 0.000001
572 0.000000
573 0.000001
574 0.000012
575 0.000233
576 0.000179
577 0.000322
578 0.000220
579 0.000540
580 0.000366
581 0.000016
582 0.000002
583 0.000002
584 0.000012
585 0.000426
586 0.000448
587 0.000552
588 0.001760
589 0.001504
590 0.000089
591 0.000001
592 0.000001
593 0.000000
594 0.000000
595 0.000005
596 0.000020
597 0.000011
598 0.000001
599 0.000001
600 0.000001
601 0.000002
602 0.000029
603 0.003139
604 0.999985
605 0.001598
606 0.000604
607 0.003268
608 0.004964
609 0.000907
610 0.000083
611 0.000055
612 0.000649
613 0.000426
614 0.000526
615 0.000552
616 0.001888
617 0.001760
618 0.001504
619 0.000146
620 0.000003
621 0.000001
622 0.000004
623 0.000011
624 0.000086
625 0.000183
626 0.000016
627 0.000014
628 0.000015
629 0.000061
630 0.000102
631 0.000562
632 0.001568
633 0.000645
634 0.003447
635 0.009420
636 0.013486
637 0.010835
638 0.000654
639 0.002738
640 0.001355
641 0.000843
642 0.000000
643 0.000000
644 0.001956
645 0.001888
646 0.001823
647 0.001562
648 0.000635
649 0.000013
650 0.000113
651 0.000581
652 0.001215
653 0.005386
654 0.001103
655 0.000106
656 0.000041
657 0.000098
658 0.000185
659 0.000270
660 0.000450
661 0.001043
662 0.001303
663 0.003182
664 0.010127
665 0.036391
666 0.010012
667 0.007477
668 0.003482
669 0.000000
670 0.000000
671 0.000000
672 0.000000
673 0.001956
674 0.001888
675 0.001621
676 0.001986
677 0.003158
678 0.007582
679 0.030641
680 0.014755
681 0.003741
682 0.002145
683 0.000298
684 0.000098
685 0.000131
686 0.000145
687 0.000564
688 0.000464
689 0.001976
690 0.003344
691 0.002569
692 0.004889
693 0.010005
694 0.010009
695 0.010011
696 0.000000
697 0.000000
698 0.000000
699 0.000000
700 0.000000
701 0.000000
702 0.001956
703 0.001888
704 0.003307
705 0.006016
706 0.009999
707 0.009999
708 0.010000
709 0.010000
710 0.004744
711 0.000738
712 0.000162
713 0.000115
714 0.000183
715 0.000161
716 0.000280
717 0.001020
718 0.014735
719 0.010006
720 0.010001
721 0.010001
722 0.010005
723 0.000000
724 0.000001
725 0.000001
726 0.000000
727 0.000000
728 0.000000
729 0.000000
730 0.000000
731 0.000000
732 0.005447
733 0.009999
734 0.009999
735 0.010000
736 0.010000
737 0.010000
738 0.010000
739 0.001469
740 0.000299
741 0.000153
742 0.000192
743 0.000090
744 0.000177
745 0.000959
746 0.006410
747 0.012757
748 0.010004
749 0.009999
750 0.000008
751 0.000091
752 0.000101
753 0.000003
754 0.000001
755 0.000000
756 0.000000
757 0.000000
758 0.000001
759 0.000003
760 0.000000
761 0.009999
762 0.010000
763 0.010000
764 0.010000
765 0.010000
766 0.010001
767 0.003055
768 0.000560
769 0.000198
770 0.000185
771 0.000073
772 0.000075
773 0.000947
774 0.003521
775 0.010070
776 0.010008
777 0.000571
778 0.001507
779 0.001432
780 0.000664
781 0.000336
782 0.000006
783 0.000000
