0 0.001653
1 0.001555
2 0.002023
3 0.003875
4 0.006688
5 0.010002
6 0.006438
7 0.002216
8 0.000124
9 0.000009
10 0.000006
11 0.000005
12 0.000005
13 0.000019
14 0.000066
15 0.000093
16 0.000052
17 0.000013
18 0.000030
19 0.000194
20 0.001126
21 0.002178
22 0.007304
23 0.015813
24 0.018158
25 0.008490
26 0.002950
27 0.001659
28 0.001334
29 0.001464
30 0.001171
31 0.001828
32 0.003649
33 0.008006
34 0.010003
35 0.002844
36 0.000076
37 0.000004
38 0.000003
39 0.000004
40 0.000007
41 0.000033
42 0.000120
43 0.000082
44 0.000019
45 0.000006
46 0.000007
47 0.000131
48 0.001687
49 0.006561
50 0.002510
51 0.000000
52 0.008490
53 0.002859
54 0.001280
55 0.001042
56 0.001466
57 0.001171
58 0.001098
59 0.001031
60 0.001572
61 0.003336
62 0.007903
63 0.001999
64 0.000074
65 0.000006
66 0.000003
67 0.000002
68 0.000009
69 0.000046
70 0.000090
71 0.000029
72 0.000007
73 0.000003
74 0.000005
75 0.000066
76 0.015620
77 0.000000
78 0.000000
79 0.000000
80 0.000000
81 0.001194
82 0.000943
83 0.000675
84 0.001429
85 0.001103
86 0.000871
87 0.000761
88 0.000712
89 0.001424
90 0.003052
91 0.000549
92 0.000059
93 0.000010
94 0.000003
95 0.000004
96 0.000015
97 0.000105
98 0.000060
99 0.000010
100 0.000003
101 0.000002
102 0.000009
103 0.000000
104 0.000000
105 0.000000
106 0.000000
107 0.000000
108 0.000000
109 0.000694
110 0.000595
111 0.000765
112 0.002689
113 0.001094
114 0.000770
115 0.000712
116 0.000000
117 0.000000
118 0.000001
119 0.000000
120 0.000000
121 0.000009
122 0.000007
123 0.000012
124 0.000045
125 0.000090
126 0.000015
127 0.000002
128 0.000004
129 0.000001
130 0.000000
131 0.000000
132 0.000000
133 0.000000
134 0.000000
135 0.000000
136 0.000003
137 0.000427
138 0.000554
139 0.000719
140 0.016565
141 0.003204
142 0.000780
143 0.000682
144 0.000000
145 0.000000
146 0.000000
147 0.000000
148 0.000000
149 0.000000
150 0.000000
151 0.000000
152 0.000003
153 0.000003
154 0.000010
155 0.000001
156 0.000000
157 0.000000
158 0.000000
159 0.000000
160 0.000000
161 0.000000
162 0.000000
163 0.000000
164 0.000435
165 0.000397
166 0.000518
167 0.000552
168 0.035565
169 0.016887
170 0.005513
171 0.000692
172 0.000000
173 0.000000
174 0.000000
175 0.000000
176 0.000000
177 0.000001
178 0.000001
179 0.000002
180 0.000002
181 0.000000
182 0.000000
183 0.000000
184 0.000000
185 0.000000
186 0.000000
187 0.000000
188 0.000000
189 0.000000
190 0.000000
191 0.000000
192 0.000325
193 0.000346
194 0.000370
195 0.000905
196 0.038264
197 0.050176
198 0.021949
199 0.009214
200 0.000021
201 0.000000
202 0.000000
203 0.000000
204 0.000000
205 0.000000
206 0.000069
207 0.999997
208 0.000010
209 0.000000
210 0.000000
211 0.000000
212 0.000000
213 0.000000
214 0.000000
215 0.000000
216 0.000000
217 0.000000
218 0.000000
219 0.000002
220 0.000324
221 0.000354
222 0.001037
223 0.005582
224 0.009347
225 0.031094
226 0.069504
227 0.029353
228 0.011288
229 0.000000
230 0.000000
231 0.000000
232 0.000000
233 0.000000
234 0.000001
235 0.000002
236 0.000001
237 0.000000
238 0.000000
239 0.000000
240 0.000000
241 0.000000
242 0.000000
243 0.000000
244 0.000000
245 0.000000
246 0.000000
247 0.000023
248 0.000044
249 0.000356
250 0.001583
251 0.002442
252 0.009235
253 0.009262
254 0.009336
255 0.077826
256 0.040725
257 0.000001
258 0.000000
259 0.000000
260 0.000000
261 0.000000
262 0.000000
263 0.000000
264 0.000000
265 0.000000
266 0.000000
267 0.000000
268 0.000000
269 0.000000
270 0.000000
271 0.000000
272 0.000000
273 0.000000
274 0.000000
275 0.000016
276 0.000076
277 0.000178
278 0.000279
279 0.000338
280 0.002810
281 0.005523
282 0.009217
283 0.009253
284 0.072599
285 0.000027
286 0.000000
287 0.000000
288 0.000000
289 0.000000
290 0.000000
291 0.000000
292 0.000000
293 0.000000
294 0.000000
295 0.000001
296 0.000000
297 0.000000
298 0.000000
299 0.000000
300 0.000000
301 0.000000
302 0.000000
303 0.000359
304 0.000351
305 0.000286
306 0.000097
307 0.000020
308 0.001126
309 0.001742
310 0.003111
311 0.006830
312 0.000595
313 0.000005
314 0.000000
315 0.000000
316 0.000000
317 0.000000
318 0.000000
319 0.000000
320 0.000000
321 0.000000
322 0.000004
323 0.000000
324 0.000000
325 0.000000
326 0.000000
327 0.000000
328 0.000000
329 0.000000
330 0.000001
331 0.000101
332 0.000984
333 0.000153
334 0.000058
335 0.000064
336 0.000409
337 0.000523
338 0.000863
339 0.000304
340 0.000002
341 0.000000
342 0.000000
343 0.000000
344 0.000000
345 0.000000
346 0.000000
347 0.000000
348 0.000000
349 0.000000
350 0.000000
351 0.000000
352 0.000000
353 0.000000
354 0.000000
355 0.000000
356 0.000000
357 0.000000
358 0.000000
359 0.000002
360 0.000128
361 0.000147
362 0.000198
363 0.000133
364 0.000332
365 0.000140
366 0.000030
367 0.000013
368 0.000000
369 0.000000
370 0.000000
371 0.000000
372 0.000000
373 0.000001
374 0.000000
375 0.000001
376 0.000000
377 0.000000
378 0.000000
379 0.000000
380 0.000000
381 0.000000
382 0.000000
383 0.000000
384 0.000000
385 0.000000
386 0.000000
387 0.000000
388 0.000024
389 0.000128
390 0.000147
391 0.000212
392 0.000042
393 0.000014
394 0.000004
395 0.000000
396 0.000000
397 0.000000
398 0.000000
399 0.000000
400 0.000000
401 0.000001
402 0.000790
403 0.002858
404 0.000014
405 0.000000
406 0.000000
407 0.000000
408 0.000000
409 0.000000
410 0.000000
411 0.000000
412 0.000000
413 0.000000
414 0.000000
415 0.000000
416 0.000001
417 0.000119
418 0.000137
419 0.000147
420 0.000009
421 0.000002
422 0.000001
423 0.000000
424 0.000000
425 0.000000
426 0.000000
427 0.000000
428 0.000000
429 0.000000
430 0.999996
431 0.016384
432 0.000003
433 0.000000
434 0.000000
435 0.000000
436 0.000000
437 0.000000
438 0.000000
439 0.000000
440 0.000000
441 0.000000
442 0.000000
443 0.000000
444 0.000000
445 0.000087
446 0.000119
447 0.000137
448 0.000007
449 0.000003
450 0.000001
451 0.000000
452 0.000000
453 0.000000
454 0.000000
455 0.000000
456 0.000000
457 0.000000
458 0.000005
459 0.000001
460 0.000000
461 0.000000
462 0.000000
463 0.000000
464 0.000000
465 0.000000
466 0.000000
467 0.000000
468 0.000000
469 0.000000
470 0.000000
471 0.000000
472 0.000000
473 0.000005
474 0.000067
475 0.000163
476 0.000039
477 0.000015
478 0.000001
479 0.000000
480 0.000000
481 0.000000
482 0.000000
483 0.000000
484 0.000000
485 0.000000
486 0.000000
487 0.000000
488 0.000000
489 0.000000
490 0.000000
491 0.000000
492 0.000000
493 0.000000
494 0.000000
495 0.000000
496 0.000000
497 0.000000
498 0.000000
499 0.000000
500 0.000000
501 0.000000
502 0.000137
503 0.000539
504 0.000356
505 0.000162
506 0.000001
507 0.000000
508 0.000000
509 0.000000
510 0.000000
511 0.000000
512 0.000000
513 0.000000
514 0.000000
515 0.000000
516 0.000000
517 0.000000
518 0.000000
519 0.000000
520 0.000000
521 0.000000
522 0.000000
523 0.000000
524 0.000000
525 0.000000
526 0.000000
527 0.000000
528 0.000000
529 0.000000
530 0.000534
531 0.002811
532 0.000330
533 0.000292
534 0.000001
535 0.000000
536 0.000000
537 0.000000
538 0.000000
539 0.000000
540 0.000000
541 0.000000
542 0.000000
543 0.000000
544 0.000000
545 0.000000
546 0.000000
547 0.000000
548 0.000000
549 0.000000
550 0.000000
551 0.000000
552 0.000000
553 0.000000
554 0.000000
555 0.000000
556 0.000000
557 0.000004
558 0.000976
559 0.001489
560 0.000424
561 0.000489
562 0.000002
563 0.000000
564 0.000000
565 0.000001
566 0.000005
567 0.000000
568 0.000000
569 0.000000
570 0.000000
571 0.000000
572 0.000000
573 0.000000
574 0.000000
575 0.000000
576 0.000000
577 0.000000
578 0.000000
579 0.000000
580 0.000000
581 0.000000
582 0.000000
583 0.000000
584 0.000002
585 0.000975
586 0.001014
587 0.001195
588 0.000661
589 0.001401
590 0.000085
591 0.000001
592 0.000001
593 0.000004
594 0.000000
595 0.000000
596 0.000000
597 0.000000
598 0.000000
599 0.000000
600 0.000000
601 0.000000
602 0.000000
603 0.000000
604 0.000000
605 0.000000
606 0.000000
607 0.000000
608 0.000001
609 0.000001
610 0.000000
611 0.000004
612 0.000938
613 0.000975
614 0.001152
615 0.001195
616 0.001910
617 0.004138
618 0.010001
619 0.000507
620 0.000005
621 0.000001
622 0.000000
623 0.000000
624 0.000000
625 0.000000
626 0.000000
627 0.000000
628 0.000000
629 0.000000
630 0.000000
631 0.000000
632 0.000000
633 0.000000
634 0.000000
635 0.000000
636 0.000000
637 0.000000
638 0.000005
639 0.000938
640 0.000975
641 0.001151
642 0.000000
643 0.000000
644 0.004368
645 0.010001
646 0.010002
647 0.010694
648 0.001993
649 0.000001
650 0.000000
651 0.000000
652 0.000000
653 0.000000
654 0.000000
655 0.000000
656 0.000000
657 0.000022
658 0.000068
659 0.000002
660 0.000000
661 0.000000
662 0.000000
663 0.000000
664 0.000000
665 0.000007
666 0.000938
667 0.001110
668 0.001151
669 0.000000
670 0.000000
671 0.000000
672 0.000000
673 0.010002
674 0.010003
675 0.006103
676 0.002665
677 0.000955
678 0.000001
679 0.000001
680 0.000002
681 0.000010
682 0.000061
683 0.000013
684 0.000006
685 0.000020
686 0.000047
687 0.000073
688 0.000045
689 0.000157
690 0.000148
691 0.000026
692 0.000067
693 0.000905
694 0.000975
695 0.001151
696 0.000000
697 0.000000
698 0.000000
699 0.000000
700 0.000000
701 0.000000
702 0.007616
703 0.003386
704 0.001234
705 0.000550
706 0.000424
707 0.000400
708 0.000356
709 0.000275
710 0.000123
711 0.000028
712 0.000008
713 0.000015
714 0.000043
715 0.000103
716 0.000146
717 0.000626
718 0.003069
719 0.001549
720 0.000816
721 0.000949
722 0.001110
723 0.000000
724 0.000000
725 0.000000
726 0.000000
727 0.000000
728 0.000000
729 0.000000
730 0.000000
731 0.000000
732 0.000616
733 0.000574
734 0.000449
735 0.000424
736 0.000400
737 0.000310
738 0.000275
739 0.000065
740 0.000018
741 0.000012
742 0.000029
743 0.000072
744 0.000324
745 0.002379
746 0.005566
747 0.002776
748 0.001439
749 0.001133
750 0.000000
751 0.000000
752 0.000000
753 0.000000
754 0.000000
755 0.000000
756 0.000000
757 0.000000
758 0.000000
759 0.000000
760 0.000000
761 0.000607
762 0.000574
763 0.000449
764 0.000424
765 0.000400
766 0.000377
767 0.000153
768 0.000031
769 0.000013
770 0.000026
771 0.000064
772 0.000728
773 0.005638
774 0.008654
775 0.004287
776 0.002536
777 0.000000
778 0.000026
779 0.000015
780 0.000000
781 0.000000
782 0.000000
783 0.000000
