0 0.005103
1 0.006157
2 0.005898
3 0.006159
4 0.005897
5 0.005202
6 0.003624
7 0.002271
8 0.000540
9 0.000269
10 0.000424
11 0.000702
12 0.000766
13 0.001136
14 0.000500
15 0.000176
16 0.000344
17 0.000360
18 0.000807
19 0.002432
20 0.003644
21 0.002761
22 0.002553
23 0.003996
24 0.005463
25 0.008229
26 0.008379
27 0.009717
28 0.003723
29 0.004985
30 0.005897
31 0.005898
32 0.005898
33 0.005897
34 0.004685
35 0.002342
36 0.000326
37 0.000101
38 0.000188
39 0.000425
40 0.000694
41 0.001930
42 0.001140
43 0.000971
44 0.000344
45 0.000253
46 0.000280
47 0.001016
48 0.002504
49 0.002300
50 0.000004
51 0.000001
52 0.008229
53 0.008379
54 0.011006
55 0.013082
56 0.003082
57 0.003530
58 0.004322
59 0.005897
60 0.005899
61 0.005650
62 0.005649
63 0.001906
64 0.000278
65 0.000068
66 0.000099
67 0.000201
68 0.000477
69 0.000822
70 0.003291
71 0.002054
72 0.000297
73 0.000171
74 0.000120
75 0.000337
76 0.000018
77 0.000001
78 0.000004
79 0.000001
80 0.000001
81 0.011224
82 0.013765
83 0.009158
84 0.002765
85 0.002549
86 0.002969
87 0.004049
88 0.005649
89 0.005650
90 0.005650
91 0.001248
92 0.000202
93 0.000083
94 0.000046
95 0.000084
96 0.000215
97 0.001365
98 0.009349
99 0.005068
100 0.000874
101 0.000063
102 0.000001
103 0.000000
104 0.000000
105 0.000002
106 0.000002
107 0.000012
108 0.000053
109 0.012968
110 0.009420
111 0.006900
112 0.004239
113 0.002548
114 0.002038
115 0.002841
116 0.000000
117 0.000000
118 0.000000
119 0.000001
120 0.000002
121 0.000047
122 0.000064
123 0.000041
124 0.000152
125 0.001373
126 0.006734
127 0.001252
128 0.000017
129 0.000000
130 0.000000
131 0.000000
132 0.000000
133 0.000069
134 0.000019
135 0.000055
136 0.000927
137 0.008346
138 0.006057
139 0.002904
140 0.006799
141 0.004018
142 0.002256
143 0.001785
144 0.000000
145 0.000000
146 0.000000
147 0.000000
148 0.000000
149 0.000000
150 0.000000
151 0.000000
152 0.000002
153 0.000015
154 0.000098
155 0.000017
156 0.000000
157 0.000000
158 0.000000
159 0.000001
160 0.000365
161 0.000452
162 0.000061
163 0.000053
164 0.008155
165 0.005350
166 0.002440
167 0.002416
168 0.010006
169 0.006561
170 0.004256
171 0.002298
172 0.000009
173 0.000000
174 0.000000
175 0.000000
176 0.000000
177 0.000000
178 0.000000
179 0.000000
180 0.000000
181 0.000000
182 0.000000
183 0.000000
184 0.000000
185 0.000000
186 0.000002
187 0.000007
188 0.000047
189 0.000087
190 0.000019
191 0.000092
192 0.003691
193 0.001921
194 0.002348
195 0.003810
196 0.010010
197 0.010008
198 0.007423
199 0.003973
200 0.000046
201 0.000002
202 0.000000
203 0.000000
204 0.000000
205 0.000000
206 0.000000
207 0.000000
208 0.000000
209 0.000000
210 0.000000
211 0.000000
212 0.000001
213 0.000004
214 0.000002
215 0.000002
216 0.000002
217 0.000001
218 0.000010
219 0.000192
220 0.001729
221 0.002558
222 0.003665
223 0.005688
224 0.006067
225 0.009026
226 0.010011
227 0.008508
228 0.004356
229 0.000004
230 0.000000
231 0.000000
232 0.000000
233 0.000000
234 0.000000
235 0.000000
236 0.000000
237 0.000000
238 0.000001
239 0.000005
240 0.000016
241 0.000116
242 0.000246
243 0.000003
244 0.000000
245 0.000000
246 0.000000
247 0.000121
248 0.000337
249 0.000741
250 0.001767
251 0.002805
252 0.002943
253 0.004281
254 0.006670
255 0.007654
256 0.003380
257 0.000000
258 0.000000
259 0.000000
260 0.000000
261 0.000000
262 0.000000
263 0.000001
264 0.000001
265 0.000000
266 0.000001
267 0.000002
268 0.000119
269 0.999988
270 0.003818
271 0.000056
272 0.000000
273 0.000000
274 0.000000
275 0.000091
276 0.000129
277 0.000308
278 0.000456
279 0.000685
280 0.001299
281 0.001016
282 0.001098
283 0.000914
284 0.001134
285 0.000004
286 0.000000
287 0.000000
288 0.000000
289 0.000000
290 0.000001
291 0.000035
292 0.000020
293 0.000002
294 0.000000
295 0.000001
296 0.000011
297 0.000528
298 0.003570
299 0.000210
300 0.000001
301 0.000000
302 0.000002
303 0.001042
304 0.000900
305 0.000690
306 0.000604
307 0.000517
308 0.000507
309 0.000282
310 0.000170
311 0.000176
312 0.000060
313 0.000004
314 0.000000
315 0.000000
316 0.000006
317 0.000001
318 0.000004
319 0.000033
320 0.000027
321 0.000019
322 0.000011
323 0.000003
324 0.000005
325 0.000002
326 0.000009
327 0.000008
328 0.000001
329 0.000000
330 0.000021
331 0.000850
332 0.005606
333 0.003473
334 0.002718
335 0.001627
336 0.000244
337 0.000163
338 0.000119
339 0.000071
340 0.000005
341 0.000000
342 0.000000
343 0.000001
344 0.000799
345 0.001255
346 0.000006
347 0.000001
348 0.000004
349 0.000160
350 0.000326
351 0.000149
352 0.000002
353 0.000000
354 0.000000
355 0.000006
356 0.000001
357 0.000001
358 0.000003
359 0.000129
360 0.010670
361 0.007745
362 0.005163
363 0.002120
364 0.000210
365 0.000194
366 0.000121
367 0.000069
368 0.000001
369 0.000000
370 0.000001
371 0.000001
372 0.000612
373 0.999982
374 0.000020
375 0.000001
376 0.000001
377 0.000020
378 0.000853
379 0.001310
380 0.000031
381 0.000001
382 0.000001
383 0.000001
384 0.000001
385 0.000001
386 0.000001
387 0.000008
388 0.000729
389 0.002767
390 0.001888
391 0.001272
392 0.000143
393 0.000102
394 0.000074
395 0.000037
396 0.000002
397 0.000000
398 0.000009
399 0.000002
400 0.000005
401 0.000049
402 0.000109
403 0.000003
404 0.000001
405 0.000004
406 0.000051
407 0.000348
408 0.000575
409 0.000027
410 0.000005
411 0.000000
412 0.000001
413 0.000005
414 0.000001
415 0.000000
416 0.000009
417 0.000286
418 0.000387
419 0.000657
420 0.000108
421 0.000098
422 0.000338
423 0.000037
424 0.000001
425 0.000001
426 0.000004
427 0.000002
428 0.000000
429 0.000001
430 0.000013
431 0.000039
432 0.000010
433 0.000001
434 0.000006
435 0.000011
436 0.000293
437 0.999976
438 0.000120
439 0.000001
440 0.000000
441 0.000004
442 0.000000
443 0.000000
444 0.000000
445 0.000072
446 0.000142
447 0.000255
448 0.000463
449 0.000956
450 0.001076
451 0.000014
452 0.000000
453 0.000001
454 0.000003
455 0.000003
456 0.000000
457 0.000000
458 0.000002
459 0.000013
460 0.000007
461 0.000012
462 0.000001
463 0.000009
464 0.000044
465 0.003885
466 0.003365
467 0.000006
468 0.000000
469 0.000000
470 0.000000
471 0.000000
472 0.000000
473 0.000010
474 0.000051
475 0.000143
476 0.007053
477 0.006195
478 0.001536
479 0.000002
480 0.000000
481 0.000001
482 0.000005
483 0.000001
484 0.000000
485 0.000000
486 0.000001
487 0.000003
488 0.000015
489 0.000007
490 0.000009
491 0.000002
492 0.000015
493 0.000020
494 0.000029
495 0.000020
496 0.000001
497 0.000000
498 0.000000
499 0.000000
500 0.000000
501 0.000002
502 0.000129
503 0.000235
504 0.034303
505 0.016542
506 0.000420
507 0.000002
508 0.000002
509 0.000009
510 0.000001
511 0.000000
512 0.000000
513 0.000000
514 0.000001
515 0.000003
516 0.000017
517 0.000013
518 0.000003
519 0.000001
520 0.000001
521 0.000000
522 0.000000
523 0.000001
524 0.000017
525 0.000001
526 0.000000
527 0.000001
528 0.000000
529 0.000003
530 0.000427
531 0.000847
532 0.017029
533 0.010006
534 0.000267
535 0.000011
536 0.000042
537 0.000037
538 0.000003
539 0.000001
540 0.000001
541 0.000001
542 0.000001
543 0.000012
544 0.000028
545 0.000006
546 0.000001
547 0.000000
548 0.000000
549 0.000000
550 0.000000
551 0.000000
552 0.000011
553 0.000052
554 0.000004
555 0.000005
556 0.000004
557 0.000040
558 0.001273
559 0.000882
560 0.010004
561 0.010001
562 0.000214
563 0.000059
564 0.000125
565 0.000019
566 0.000006
567 0.000015
568 0.000040
569 0.000015
570 0.000029
571 0.000008
572 0.000002
573 0.000001
574 0.000000
575 0.000000
576 0.000000
577 0.000000
578 0.000000
579 0.000000
580 0.000005
581 0.000109
582 0.000273
583 0.000015
584 0.000071
585 0.004642
586 0.002638
587 0.001786
588 0.010001
589 0.009098
590 0.001188
591 0.000070
592 0.000053
593 0.000006
594 0.000029
595 0.000419
596 0.008438
597 0.002547
598 0.000021
599 0.000001
600 0.000000
601 0.000000
602 0.000000
603 0.000000
604 0.000000
605 0.000000
606 0.000000
607 0.000000
608 0.000000
609 0.000003
610 0.000184
611 0.000843
612 0.010015
613 0.008558
614 0.005455
615 0.003578
616 0.009156
617 0.009117
618 0.009099
619 0.001904
620 0.000071
621 0.000100
622 0.000659
623 0.999950
624 0.001720
625 0.000146
626 0.000001
627 0.000000
628 0.000001
629 0.000010
630 0.000009
631 0.000004
632 0.000000
633 0.000000
634 0.000000
635 0.000000
636 0.000000
637 0.000002
638 0.000077
639 0.006986
640 0.011602
641 0.010014
642 0.000000
643 0.000001
644 0.009154
645 0.009157
646 0.010001
647 0.010002
648 0.006904
649 0.003373
650 0.002434
651 0.000241
652 0.000087
653 0.000032
654 0.000008
655 0.000005
656 0.000092
657 0.002769
658 0.010532
659 0.000746
660 0.000026
661 0.000004
662 0.000001
663 0.000001
664 0.000001
665 0.000030
666 0.001871
667 0.003936
668 0.007213
669 0.000000
670 0.000000
671 0.000001
672 0.000000
673 0.010000
674 0.010002
675 0.010002
676 0.010002
677 0.010001
678 0.001123
679 0.000407
680 0.000545
681 0.001093
682 0.001318
683 0.000382
684 0.000416
685 0.001696
686 0.004754
687 0.002795
688 0.000809
689 0.001510
690 0.000699
691 0.000120
692 0.000133
693 0.000781
694 0.000953
695 0.002309
696 0.000000
697 0.000000
698 0.000000
699 0.000001
700 0.000000
701 0.000000
702 0.010002
703 0.010002
704 0.010001
705 0.010001
706 0.010002
707 0.011799
708 0.007870
709 0.005297
710 0.002619
711 0.001157
712 0.000376
713 0.000893
714 0.001994
715 0.002044
716 0.001285
717 0.003386
718 0.005168
719 0.002404
720 0.001189
721 0.000813
722 0.000969
723 0.000000
724 0.000000
725 0.000000
726 0.000000
727 0.000000
728 0.000000
729 0.000000
730 0.000000
731 0.000000
732 0.010000
733 0.010001
734 0.012390
735 0.008790
736 0.005517
737 0.004122
738 0.007156
739 0.002266
740 0.000624
741 0.000595
742 0.000861
743 0.000897
744 0.001952
745 0.005163
746 0.010007
747 0.004518
748 0.002176
749 0.001273
750 0.000000
751 0.000000
752 0.000000
753 0.000000
754 0.000000
755 0.000000
756 0.000000
757 0.000000
758 0.000001
759 0.000001
760 0.000000
761 0.011278
762 0.009907
763 0.005806
764 0.004286
765 0.005926
766 0.009999
767 0.004016
768 0.001046
769 0.000329
770 0.000393
771 0.000526
772 0.002921
773 0.007731
774 0.010011
775 0.007284
776 0.003998
777 0.000000
778 0.000153
779 0.000090
780 0.000001
781 0.000000
782 0.000000
783 0.000000
