0 0.013404
1 0.013524
2 0.013969
3 0.013821
4 0.014379
5 0.015050
6 0.015528
7 0.015859
8 0.000126
9 0.000004
10 0.000002
11 0.000003
12 0.000003
13 0.000005
14 0.000006
15 0.000009
16 0.000007
17 0.000008
18 0.000009
19 0.000007
20 0.000011
21 0.000012
22 0.000019
23 0.000021
24 0.000017
25 0.000019
26 0.000029
27 0.000033
28 0.013829
29 0.013653
30 0.014097
31 0.014242
32 0.014439
33 0.014841
34 0.015561
35 0.003809
36 0.000022
37 0.000002
38 0.000002
39 0.000002
40 0.000003
41 0.000005
42 0.000005
43 0.000006
44 0.000007
45 0.000011
46 0.000010
47 0.000011
48 0.000007
49 0.000011
50 0.000008
51 0.000007
52 0.000015
53 0.000024
54 0.000019
55 0.000085
56 0.013649
57 0.014101
58 0.014247
59 0.014379
60 0.014669
61 0.015262
62 0.015557
63 0.000311
64 0.000006
65 0.000001
66 0.000002
67 0.000002
68 0.000002
69 0.000003
70 0.000004
71 0.000005
72 0.000006
73 0.000006
74 0.000010
75 0.000008
76 0.000006
77 0.000004
78 0.000004
79 0.000005
80 0.000007
81 0.000015
82 0.000071
83 0.000380
84 0.013753
85 0.014239
86 0.014731
87 0.015046
88 0.015194
89 0.015361
90 0.015742
91 0.000041
92 0.000002
93 0.000001
94 0.000001
95 0.000001
96 0.000002
97 0.000003
98 0.000003
99 0.000004
100 0.000005
101 0.000006
102 0.000007
103 0.000004
104 0.000004
105 0.000003
106 0.000004
107 0.000006
108 0.000008
109 0.000058
110 0.000328
111 0.005682
112 0.014170
113 0.014344
114 0.015024
115 0.015201
116 0.000000
117 0.000000
118 0.000001
119 0.000001
120 0.000001
121 0.000001
122 0.000001
123 0.000001
124 0.000002
125 0.000002
126 0.000003
127 0.000003
128 0.000004
129 0.000004
130 0.000004
131 0.000004
132 0.000004
133 0.000002
134 0.000003
135 0.000006
136 0.000049
137 0.000349
138 0.005187
139 0.020565
140 0.014239
141 0.014774
142 0.015132
143 0.015334
144 0.000000
145 0.000000
146 0.000000
147 0.000000
148 0.000001
149 0.000001
150 0.000001
151 0.000001
152 0.000001
153 0.000001
154 0.000002
155 0.000002
156 0.000002
157 0.000003
158 0.000003
159 0.000004
160 0.000004
161 0.000002
162 0.000005
163 0.000027
164 0.000493
165 0.004739
166 0.019877
167 0.005582
168 0.014695
169 0.014995
170 0.015190
171 0.015589
172 0.000000
173 0.000000
174 0.000000
175 0.000000
176 0.000000
177 0.000000
178 0.000001
179 0.000001
180 0.000001
181 0.000001
182 0.000001
183 0.000002
184 0.000002
185 0.000001
186 0.000002
187 0.000003
188 0.000004
189 0.000004
190 0.000021
191 0.000425
192 0.008844
193 0.018462
194 0.001266
195 0.000153
196 0.014980
197 0.015111
198 0.015657
199 0.016043
200 0.000001
201 0.000000
202 0.000000
203 0.000000
204 0.000000
205 0.000000
206 0.000000
207 0.000000
208 0.000000
209 0.000000
210 0.000001
211 0.000001
212 0.000001
213 0.000002
214 0.000002
215 0.000004
216 0.000006
217 0.000054
218 0.000190
219 0.006177
220 0.006299
221 0.000438
222 0.000074
223 0.000025
224 0.015211
225 0.015674
226 0.015948
227 0.016128
228 0.016936
229 0.000000
230 0.000000
231 0.000000
232 0.000000
233 0.000000
234 0.000000
235 0.000000
236 0.000000
237 0.000000
238 0.000000
239 0.000000
240 0.000000
241 0.000001
242 0.000001
243 0.000002
244 0.000007
245 0.000699
246 0.999965
247 0.002059
248 0.000197
249 0.000029
250 0.000011
251 0.000007
252 0.015433
253 0.016072
254 0.016174
255 0.016189
256 0.016028
257 0.000000
258 0.000000
259 0.000000
260 0.000000
261 0.000000
262 0.000000
263 0.000000
264 0.000000
265 0.000000
266 0.000000
267 0.000000
268 0.000000
269 0.000000
270 0.000000
271 0.000001
272 0.000003
273 0.000067
274 0.000025
275 0.000006
276 0.000004
277 0.000003
278 0.000005
279 0.000008
280 0.016181
281 0.016175
282 0.015562
283 0.015432
284 0.014945
285 0.000000
286 0.000000
287 0.000000
288 0.000000
289 0.000000
290 0.000000
291 0.000000
292 0.000000
293 0.000000
294 0.000000
295 0.000000
296 0.000000
297 0.000000
298 0.000001
299 0.000001
300 0.000002
301 0.000002
302 0.000001
303 0.000001
304 0.000001
305 0.000001
306 0.000001
307 0.000002
308 0.015355
309 0.015068
310 0.015159
311 0.015131
312 0.000069
313 0.000001
314 0.000000
315 0.000000
316 0.000000
317 0.000000
318 0.000000
319 0.000000
320 0.000000
321 0.000000
322 0.000000
323 0.000000
324 0.000000
325 0.000001
326 0.000001
327 0.000001
328 0.000001
329 0.000001
330 0.000000
331 0.000000
332 0.000000
333 0.000000
334 0.000000
335 0.000001
336 0.015190
337 0.014945
338 0.014876
339 0.015346
340 0.000002
341 0.000000
342 0.000000
343 0.000000
344 0.000000
345 0.000000
346 0.000000
347 0.000000
348 0.000000
349 0.000000
350 0.000000
351 0.000000
352 0.000001
353 0.000001
354 0.000001
355 0.000001
356 0.000001
357 0.000000
358 0.000000
359 0.000000
360 0.000000
361 0.000000
362 0.000000
363 0.000000
364 0.015269
365 0.015311
366 0.015375
367 0.015969
368 0.000001
369 0.000000
370 0.000000
371 0.000000
372 0.000000
373 0.000000
374 0.000000
375 0.000000
376 0.000000
377 0.000000
378 0.000000
379 0.000001
380 0.000001
381 0.000001
382 0.000001
383 0.000000
384 0.000000
385 0.000000
386 0.000000
387 0.000000
388 0.000000
389 0.000000
390 0.000000
391 0.000000
392 0.015988
393 0.016109
394 0.016211
395 0.000048
396 0.000000
397 0.000000
398 0.000000
399 0.000000
400 0.000000
401 0.000000
402 0.000000
403 0.000000
404 0.000000
405 0.000000
406 0.000001
407 0.000001
408 0.000001
409 0.000001
410 0.000000
411 0.000000
412 0.000000
413 0.000000
414 0.000000
415 0.000000
416 0.000000
417 0.000000
418 0.000000
419 0.000000
420 0.015882
421 0.017011
422 0.017118
423 0.000001
424 0.000000
425 0.000000
426 0.000000
427 0.000000
428 0.000000
429 0.000000
430 0.000000
431 0.000000
432 0.000000
433 0.000001
434 0.000001
435 0.000001
436 0.000000
437 0.000000
438 0.000000
439 0.000000
440 0.000000
441 0.000000
442 0.000000
443 0.000000
444 0.000000
445 0.000000
446 0.000000
447 0.000000
448 0.023789
449 0.019507
450 0.017425
451 0.000001
452 0.000000
453 0.000000
454 0.000000
455 0.000000
456 0.000000
457 0.000000
458 0.000000
459 0.000000
460 0.000001
461 0.000001
462 0.000001
463 0.000000
464 0.000000
465 0.000000
466 0.000000
467 0.000000
468 0.000000
469 0.000000
470 0.000000
471 0.000000
472 0.000000
473 0.000000
474 0.000000
475 0.000000
476 0.020511
477 0.022216
478 0.000347
479 0.000000
480 0.000000
481 0.000000
482 0.000000
483 0.000000
484 0.000000
485 0.000000
486 0.000000
487 0.000000
488 0.000000
489 0.000000
490 0.000000
491 0.000000
492 0.000000
493 0.000000
494 0.000000
495 0.000000
496 0.000000
497 0.000000
498 0.000000
499 0.000000
500 0.000000
501 0.000000
502 0.000000
503 0.000000
504 0.008930
505 0.017537
506 0.000003
507 0.000000
508 0.000000
509 0.000000
510 0.000000
511 0.000000
512 0.000000
513 0.000000
514 0.000000
515 0.000000
516 0.000000
517 0.000000
518 0.000000
519 0.000000
520 0.000000
521 0.000000
522 0.000000
523 0.000000
524 0.000000
525 0.000000
526 0.000000
527 0.000000
528 0.000001
529 0.000001
530 0.000001
531 0.000009
532 0.008871
533 0.008812
534 0.000001
535 0.000000
536 0.000000
537 0.000000
538 0.000000
539 0.000000
540 0.000000
541 0.000000
542 0.000000
543 0.000000
544 0.000000
545 0.000000
546 0.000000
547 0.000000
548 0.000000
549 0.000000
550 0.000000
551 0.000000
552 0.000000
553 0.000000
554 0.000000
555 0.000001
556 0.000005
557 0.000020
558 0.000009
559 0.000009
560 0.008919
561 0.008891
562 0.000001
563 0.000000
564 0.000000
565 0.000000
566 0.000000
567 0.000000
568 0.000000
569 0.000000
570 0.000000
571 0.000000
572 0.000000
573 0.000000
574 0.000000
575 0.000000
576 0.000000
577 0.000000
578 0.000000
579 0.000000
580 0.000001
581 0.000004
582 0.000023
583 0.000024
584 0.000037
585 0.000009
586 0.000009
587 0.000013
588 0.008987
589 0.008904
590 0.000004
591 0.000000
592 0.000000
593 0.000000
594 0.000000
595 0.000000
596 0.000000
597 0.000000
598 0.000000
599 0.000000
600 0.000000
601 0.000000
602 0.000000
603 0.000000
604 0.000000
605 0.000000
606 0.000001
607 0.000010
608 0.000012
609 0.000021
610 0.000033
611 0.000036
612 0.000008
613 0.000009
614 0.000012
615 0.000013
616 0.009018
617 0.008982
618 0.008904
619 0.000012
620 0.000000
621 0.000000
622 0.000000
623 0.000000
624 0.000000
625 0.000000
626 0.000000
627 0.000000
628 0.000000
629 0.000000
630 0.000000
631 0.000000
632 0.000006
633 0.000007
634 0.000010
635 0.000014
636 0.000014
637 0.000021
638 0.000018
639 0.000008
640 0.000009
641 0.000012
642 0.000071
643 0.000113
644 0.009036
645 0.009018
646 0.009000
647 0.008922
648 0.000332
649 0.000000
650 0.000000
651 0.000000
652 0.000000
653 0.000000
654 0.000000
655 0.000000
656 0.000000
657 0.000001
658 0.000001
659 0.000004
660 0.000005
661 0.000008
662 0.000010
663 0.000014
664 0.000014
665 0.000015
666 0.000008
667 0.000011
668 0.000012
669 0.000094
670 0.000102
671 0.000124
672 0.000000
673 0.009036
674 0.009018
675 0.008941
676 0.008982
677 0.008904
678 0.000001
679 0.000001
680 0.000001
681 0.000010
682 0.000146
683 0.000004
684 0.000001
685 0.000002
686 0.000002
687 0.000002
688 0.000002
689 0.000004
690 0.000006
691 0.000009
692 0.000008
693 0.000007
694 0.000009
695 0.000012
696 0.000094
697 0.000094
698 0.000100
699 0.000116
700 0.000000
701 0.000000
702 0.009036
703 0.009018
704 0.009000
705 0.008982
706 0.008904
707 0.008886
708 0.008850
709 0.008770
710 0.000966
711 0.000018
712 0.000002
713 0.000001
714 0.000002
715 0.000003
716 0.000003
717 0.000003
718 0.000005
719 0.000005
720 0.000006
721 0.000008
722 0.000011
723 0.000085
724 0.000078
725 0.000087
726 0.000147
727 0.000121
728 0.000000
729 0.000000
730 0.000000
731 0.000000
732 0.009018
733 0.009000
734 0.008922
735 0.008904
736 0.008886
737 0.008807
738 0.008770
739 0.000069
740 0.000004
741 0.000002
742 0.000003
743 0.000003
744 0.000004
745 0.000005
746 0.000005
747 0.000007
748 0.000008
749 0.000011
750 0.000051
751 0.000048
752 0.000073
753 0.000088
754 0.000096
755 0.000160
756 0.000000
757 0.000000
758 0.000000
759 0.000001
760 0.000000
761 0.009018
762 0.009000
763 0.008923
764 0.008904
765 0.008886
766 0.008868
767 0.000349
768 0.000012
769 0.000003
770 0.000003
771 0.000003
772 0.000005
773 0.000006
774 0.000005
775 0.000006
776 0.000009
777 0.000039
778 0.000037
779 0.000042
780 0.000056
781 0.000072
782 0.000126
783 0.000132
