0 0.005473
1 0.006481
2 0.006294
3 0.006545
4 0.006295
5 0.005598
6 0.004041
7 0.002645
8 0.000634
9 0.000161
10 0.000155
11 0.000290
12 0.000602
13 0.000821
14 0.000961
15 0.000625
16 0.000354
17 0.000489
18 0.001575
19 0.004152
20 0.003751
21 0.002654
22 0.002159
23 0.002237
24 0.002807
25 0.004350
26 0.006742
27 0.008281
28 0.004119
29 0.005360
30 0.006235
31 0.006295
32 0.006296
33 0.006295
34 0.005095
35 0.002684
36 0.000381
37 0.000088
38 0.000081
39 0.000140
40 0.000308
41 0.000787
42 0.001070
43 0.001312
44 0.001041
45 0.000493
46 0.000630
47 0.001311
48 0.002400
49 0.001910
50 0.000002
51 0.000000
52 0.004195
53 0.006659
54 0.008153
55 0.008282
56 0.003472
57 0.003926
58 0.004713
59 0.006235
60 0.006295
61 0.006057
62 0.006057
63 0.002091
64 0.000307
65 0.000077
66 0.000074
67 0.000070
68 0.000137
69 0.000429
70 0.001403
71 0.003524
72 0.002184
73 0.000505
74 0.000217
75 0.000408
76 0.000019
77 0.000000
78 0.000000
79 0.000000
80 0.000000
81 0.008153
82 0.008282
83 0.007270
84 0.003161
85 0.002922
86 0.003356
87 0.004353
88 0.006055
89 0.006057
90 0.006058
91 0.001310
92 0.000218
93 0.000094
94 0.000057
95 0.000046
96 0.000067
97 0.000312
98 0.001920
99 0.007470
100 0.004022
101 0.000377
102 0.000001
103 0.000000
104 0.000000
105 0.000000
106 0.000000
107 0.000000
108 0.000008
109 0.008702
110 0.007165
111 0.005333
112 0.004654
113 0.002935
114 0.002336
115 0.003094
116 0.000000
117 0.000000
118 0.000000
119 0.000001
120 0.000001
121 0.000050
122 0.000079
123 0.000046
124 0.000051
125 0.000214
126 0.002231
127 0.001461
128 0.000100
129 0.000001
130 0.000000
131 0.000000
132 0.000000
133 0.000001
134 0.000001
135 0.000008
136 0.000586
137 0.006226
138 0.004521
139 0.004216
140 0.007116
141 0.004434
142 0.002628
143 0.001987
144 0.000000
145 0.000000
146 0.000000
147 0.000000
148 0.000000
149 0.000000
150 0.000000
151 0.000000
152 0.000001
153 0.000003
154 0.000029
155 0.000007
156 0.000000
157 0.000000
158 0.000000
159 0.000000
160 0.000001
161 0.000015
162 0.000008
163 0.000009
164 0.006322
165 0.004001
166 0.004148
167 0.003708
168 0.010004
169 0.006892
170 0.004670
171 0.002672
172 0.000001
173 0.000000
174 0.000000
175 0.000000
176 0.000000
177 0.000000
178 0.000000
179 0.000000
180 0.000000
181 0.000000
182 0.000000
183 0.000000
184 0.000000
185 0.000000
186 0.000000
187 0.000000
188 0.000003
189 0.000022
190 0.000009
191 0.000015
192 0.003892
193 0.004133
194 0.003921
195 0.006121
196 0.010005
197 0.010005
198 0.007697
199 0.004389
200 0.000044
201 0.000001
202 0.000000
203 0.000000
204 0.000000
205 0.000000
206 0.000000
207 0.000000
208 0.000000
209 0.000000
210 0.000000
211 0.000000
212 0.000000
213 0.000000
214 0.000000
215 0.000001
216 0.000003
217 0.000000
218 0.000002
219 0.000249
220 0.004232
221 0.004481
222 0.006159
223 0.007422
224 0.006005
225 0.008750
226 0.010006
227 0.008697
228 0.004769
229 0.000001
230 0.000000
231 0.000000
232 0.000000
233 0.000000
234 0.000000
235 0.000000
236 0.000000
237 0.000000
238 0.000000
239 0.000000
240 0.000000
241 0.000002
242 0.000005
243 0.000011
244 0.000000
245 0.000000
246 0.000000
247 0.000248
248 0.000558
249 0.001165
250 0.001857
251 0.002636
252 0.003130
253 0.004389
254 0.006536
255 0.007528
256 0.003399
257 0.000000
258 0.000000
259 0.000000
260 0.000000
261 0.000000
262 0.000000
263 0.000000
264 0.000000
265 0.000000
266 0.000000
267 0.000000
268 0.000001
269 0.000023
270 0.999991
271 0.000340
272 0.000001
273 0.000000
274 0.000001
275 0.000281
276 0.000334
277 0.000316
278 0.000390
279 0.000499
280 0.001548
281 0.001125
282 0.001174
283 0.001038
284 0.001305
285 0.000003
286 0.000000
287 0.000000
288 0.000000
289 0.000000
290 0.000000
291 0.000003
292 0.000007
293 0.000001
294 0.000000
295 0.000000
296 0.000000
297 0.000033
298 0.000370
299 0.000333
300 0.000001
301 0.000000
302 0.000009
303 0.002979
304 0.001533
305 0.001120
306 0.000530
307 0.000300
308 0.000608
309 0.000379
310 0.000234
311 0.000234
312 0.000073
313 0.000004
314 0.000000
315 0.000000
316 0.000000
317 0.000001
318 0.000001
319 0.000002
320 0.000003
321 0.000001
322 0.000001
323 0.000001
324 0.000001
325 0.000001
326 0.000006
327 0.000013
328 0.000000
329 0.000000
330 0.000029
331 0.001108
332 0.005394
333 0.002469
334 0.001214
335 0.000670
336 0.000324
337 0.000226
338 0.000175
339 0.000105
340 0.000006
341 0.000000
342 0.000000
343 0.000000
344 0.000001
345 0.000170
346 0.000024
347 0.000000
348 0.000000
349 0.000001
350 0.000028
351 0.000265
352 0.000013
353 0.000001
354 0.000001
355 0.000000
356 0.000000
357 0.000000
358 0.000002
359 0.000039
360 0.001611
361 0.001578
362 0.001148
363 0.001064
364 0.000290
365 0.000263
366 0.000149
367 0.000083
368 0.000001
369 0.000000
370 0.000000
371 0.000000
372 0.000001
373 0.999990
374 0.000072
375 0.000000
376 0.000000
377 0.000000
378 0.000159
379 0.003211
380 0.000346
381 0.000014
382 0.000001
383 0.000000
384 0.000000
385 0.000001
386 0.000000
387 0.000001
388 0.000086
389 0.000370
390 0.000637
391 0.001064
392 0.000194
393 0.000125
394 0.000082
395 0.000015
396 0.000000
397 0.000000
398 0.000000
399 0.000000
400 0.000001
401 0.000013
402 0.000016
403 0.000001
404 0.000000
405 0.000001
406 0.000008
407 0.000198
408 0.005431
409 0.000430
410 0.000003
411 0.000000
412 0.000000
413 0.000001
414 0.000000
415 0.000000
416 0.000003
417 0.000115
418 0.000210
419 0.000368
420 0.000247
421 0.000125
422 0.000084
423 0.000006
424 0.000000
425 0.000000
426 0.000001
427 0.000000
428 0.000000
429 0.000000
430 0.000001
431 0.000012
432 0.000023
433 0.000003
434 0.000002
435 0.000008
436 0.000196
437 0.999973
438 0.000008
439 0.000000
440 0.000000
441 0.000001
442 0.000000
443 0.000000
444 0.000000
445 0.000041
446 0.000077
447 0.000144
448 0.000706
449 0.000552
450 0.000495
451 0.000005
452 0.000000
453 0.000000
454 0.000000
455 0.000001
456 0.000000
457 0.000000
458 0.000000
459 0.000035
460 0.000074
461 0.000024
462 0.000003
463 0.000003
464 0.000005
465 0.000008
466 0.000005
467 0.000000
468 0.000000
469 0.000000
470 0.000000
471 0.000000
472 0.000000
473 0.000010
474 0.000038
475 0.000088
476 0.003151
477 0.003910
478 0.001291
479 0.000006
480 0.000000
481 0.000000
482 0.000001
483 0.000000
484 0.000000
485 0.000000
486 0.000001
487 0.000037
488 0.000057
489 0.000016
490 0.000004
491 0.000001
492 0.000000
493 0.000000
494 0.000000
495 0.000001
496 0.000001
497 0.000000
498 0.000000
499 0.000000
500 0.000000
501 0.000003
502 0.000110
503 0.000205
504 0.006587
505 0.009213
506 0.000666
507 0.000006
508 0.000001
509 0.000002
510 0.000001
511 0.000000
512 0.000000
513 0.000000
514 0.000002
515 0.000012
516 0.000015
517 0.000002
518 0.000001
519 0.000000
520 0.000000
521 0.000000
522 0.000000
523 0.000000
524 0.000001
525 0.000001
526 0.000000
527 0.000001
528 0.000001
529 0.000005
530 0.000382
531 0.000750
532 0.010559
533 0.010003
534 0.000240
535 0.000002
536 0.000003
537 0.000004
538 0.000003
539 0.000007
540 0.000072
541 0.000024
542 0.000004
543 0.000002
544 0.000001
545 0.000000
546 0.000000
547 0.000000
548 0.000000
549 0.000000
550 0.000000
551 0.000000
552 0.000001
553 0.000003
554 0.000004
555 0.000006
556 0.000007
557 0.000067
558 0.001457
559 0.000989
560 0.010003
561 0.010002
562 0.000157
563 0.000004
564 0.000003
565 0.000005
566 0.000025
567 0.000606
568 0.999979
569 0.000123
570 0.000001
571 0.000000
572 0.000000
573 0.000000
574 0.000000
575 0.000000
576 0.000000
577 0.000000
578 0.000000
579 0.000000
580 0.000001
581 0.000004
582 0.000023
583 0.000021
584 0.000123
585 0.005694
586 0.003140
587 0.002082
588 0.010001
589 0.006769
590 0.000561
591 0.000009
592 0.000007
593 0.000038
594 0.000591
595 0.004477
596 0.000397
597 0.000008
598 0.000000
599 0.000000
600 0.000000
601 0.000000
602 0.000001
603 0.000000
604 0.000000
605 0.000000
606 0.000000
607 0.000000
608 0.000000
609 0.000001
610 0.000014
611 0.000162
612 0.010018
613 0.009887
614 0.006748
615 0.004329
616 0.006934
617 0.004652
618 0.002826
619 0.000529
620 0.000229
621 0.001182
622 0.001415
623 0.000105
624 0.000013
625 0.000001
626 0.000000
627 0.000000
628 0.000001
629 0.000029
630 0.000067
631 0.000018
632 0.000001
633 0.000000
634 0.000000
635 0.000000
636 0.000000
637 0.000001
638 0.000054
639 0.003765
640 0.007222
641 0.010017
642 0.000000
643 0.000000
644 0.004879
645 0.003338
646 0.003557
647 0.005090
648 0.006214
649 0.001775
650 0.000096
651 0.000007
652 0.000006
653 0.000014
654 0.000010
655 0.000008
656 0.000092
657 0.002463
658 0.007695
659 0.000773
660 0.000102
661 0.000020
662 0.000005
663 0.000002
664 0.000001
665 0.000032
666 0.000960
667 0.002077
668 0.003892
669 0.000000
670 0.000000
671 0.000001
672 0.000000
673 0.003715
674 0.005234
675 0.007520
676 0.010000
677 0.010000
678 0.000362
679 0.000227
680 0.000432
681 0.001666
682 0.002899
683 0.000543
684 0.000341
685 0.001472
686 0.002971
687 0.001925
688 0.000762
689 0.001853
690 0.001016
691 0.000165
692 0.000163
693 0.000689
694 0.000750
695 0.001194
696 0.000000
697 0.000000
698 0.000000
699 0.000000
700 0.000000
701 0.000000
702 0.007611
703 0.010000
704 0.010000
705 0.010001
706 0.010002
707 0.010003
708 0.010003
709 0.010003
710 0.005491
711 0.001195
712 0.000321
713 0.000750
714 0.001241
715 0.001415
716 0.001334
717 0.003491
718 0.006055
719 0.002708
720 0.001289
721 0.000729
722 0.000865
723 0.000000
724 0.000000
725 0.000000
726 0.000000
727 0.000000
728 0.000000
729 0.000000
730 0.000000
731 0.000000
732 0.010001
733 0.010001
734 0.010002
735 0.010003
736 0.010002
737 0.010003
738 0.010005
739 0.002139
740 0.000548
741 0.000348
742 0.000533
743 0.000692
744 0.002025
745 0.005270
746 0.010009
747 0.005258
748 0.002438
749 0.001386
750 0.000000
751 0.000000
752 0.000000
753 0.000000
754 0.000000
755 0.000000
756 0.000000
757 0.000000
758 0.000001
759 0.000001
760 0.000000
761 0.010002
762 0.010002
763 0.010002
764 0.010002
765 0.010003
766 0.010006
767 0.003883
768 0.000944
769 0.000196
770 0.000246
771 0.000495
772 0.003024
773 0.007789
774 0.010010
775 0.008624
776 0.004623
777 0.000001
778 0.000399
779 0.000253
780 0.000004
781 0.000000
782 0.000000
783 0.000000
