0 0.001294
1 0.001211
2 0.000954
3 0.001061
4 0.000830
5 0.000646
6 0.000560
7 0.000521
8 0.000003
9 0.000002
10 0.000002
11 0.000002
12 0.000002
13 0.000002
14 0.000002
15 0.000002
16 0.000005
17 0.000008
18 0.000005
19 0.000003
20 0.000005
21 0.000005
22 0.000007
23 0.000008
24 0.000006
25 0.000014
26 0.000101
27 0.000977
28 0.001024
29 0.001133
30 0.000889
31 0.000830
32 0.000774
33 0.000676
34 0.000522
35 0.000074
36 0.000002
37 0.000002
38 0.000002
39 0.000002
40 0.000002
41 0.000002
42 0.000002
43 0.000002
44 0.000003
45 0.000010
46 0.000008
47 0.000003
48 0.000004
49 0.000005
50 0.000001
51 0.000001
52 0.000011
53 0.000083
54 0.000925
55 0.013171
56 0.001133
57 0.000889
58 0.000830
59 0.000774
60 0.000676
61 0.000522
62 0.000486
63 0.000005
64 0.000002
65 0.000002
66 0.000002
67 0.000002
68 0.000002
69 0.000002
70 0.000002
71 0.000002
72 0.000002
73 0.000006
74 0.000008
75 0.000004
76 0.000001
77 0.000001
78 0.000001
79 0.000001
80 0.000001
81 0.000813
82 0.013178
83 0.012413
84 0.001061
85 0.000830
86 0.000646
87 0.000560
88 0.000521
89 0.000486
90 0.000423
91 0.000002
92 0.000002
93 0.000002
94 0.000002
95 0.000002
96 0.000002
97 0.000002
98 0.000002
99 0.000002
100 0.000002
101 0.000003
102 0.000002
103 0.000001
104 0.000001
105 0.000001
106 0.000001
107 0.000001
108 0.000004
109 0.012461
110 0.012420
111 0.000951
112 0.000829
113 0.000774
114 0.000560
115 0.000521
116 0.000001
117 0.000002
118 0.000004
119 0.000008
120 0.000002
121 0.000002
122 0.000002
123 0.000002
124 0.000002
125 0.000002
126 0.000002
127 0.000001
128 0.000001
129 0.000001
130 0.000001
131 0.000001
132 0.000001
133 0.000001
134 0.000002
135 0.000006
136 0.000364
137 0.005454
138 0.000433
139 0.000065
140 0.000774
141 0.000601
142 0.000521
143 0.000486
144 0.000001
145 0.000001
146 0.000002
147 0.000003
148 0.000004
149 0.000006
150 0.000007
151 0.000004
152 0.000002
153 0.000001
154 0.000001
155 0.000001
156 0.000001
157 0.000001
158 0.000001
159 0.000001
160 0.000001
161 0.000003
162 0.000005
163 0.000020
164 0.005299
165 0.000195
166 0.000032
167 0.000010
168 0.000601
169 0.000521
170 0.000486
171 0.000423
172 0.000001
173 0.000001
174 0.000001
175 0.000001
176 0.000001
177 0.000002
178 0.000003
179 0.000003
180 0.000003
181 0.000002
182 0.000001
183 0.000001
184 0.000001
185 0.000001
186 0.000001
187 0.000001
188 0.000004
189 0.000007
190 0.000026
191 0.000005
192 0.000070
193 0.000015
194 0.000004
195 0.000005
196 0.000521
197 0.000486
198 0.000373
199 0.000323
200 0.000002
201 0.000001
202 0.000001
203 0.000001
204 0.000001
205 0.000001
206 0.000001
207 0.000001
208 0.000001
209 0.000001
210 0.000001
211 0.000001
212 0.000001
213 0.000001
214 0.000002
215 0.000006
216 0.000041
217 0.000019
218 0.000003
219 0.000004
220 0.000009
221 0.000004
222 0.000004
223 0.000004
224 0.000486
225 0.000373
226 0.000323
227 0.000301
228 0.000214
229 0.000001
230 0.000001
231 0.000001
232 0.000001
233 0.000001
234 0.000001
235 0.000001
236 0.000001
237 0.000001
238 0.000001
239 0.000001
240 0.000001
241 0.000001
242 0.000005
243 0.000157
244 0.999966
245 0.000006
246 0.000002
247 0.000007
248 0.000004
249 0.000003
250 0.000004
251 0.000004
252 0.000453
253 0.000323
254 0.000301
255 0.000183
256 0.000046
257 0.000001
258 0.000001
259 0.000001
260 0.000001
261 0.000001
262 0.000001
263 0.000001
264 0.000001
265 0.000001
266 0.000001
267 0.000001
268 0.000001
269 0.000002
270 0.000007
271 0.000090
272 0.000024
273 0.000004
274 0.000002
275 0.000005
276 0.000005
277 0.000004
278 0.000004
279 0.000004
280 0.000323
281 0.000124
282 0.000074
283 0.000029
284 0.000017
285 0.000001
286 0.000001
287 0.000001
288 0.000001
289 0.000001
290 0.000001
291 0.000001
292 0.000001
293 0.000001
294 0.000001
295 0.000001
296 0.000001
297 0.000003
298 0.000007
299 0.000008
300 0.000003
301 0.000002
302 0.000002
303 0.000003
304 0.000003
305 0.000004
306 0.000004
307 0.000005
308 0.000084
309 0.000052
310 0.000024
311 0.000013
312 0.000002
313 0.000001
314 0.000001
315 0.000001
316 0.000001
317 0.000001
318 0.000001
319 0.000001
320 0.000001
321 0.000001
322 0.000001
323 0.000001
324 0.000002
325 0.000004
326 0.000005
327 0.000003
328 0.000002
329 0.000002
330 0.000003
331 0.000002
332 0.000002
333 0.000003
334 0.000003
335 0.000003
336 0.000037
337 0.000026
338 0.000019
339 0.000011
340 0.000001
341 0.000001
342 0.000001
343 0.000001
344 0.000001
345 0.000001
346 0.000001
347 0.000001
348 0.000001
349 0.000001
350 0.000001
351 0.000002
352 0.000003
353 0.000003
354 0.000003
355 0.000002
356 0.000001
357 0.000002
358 0.000003
359 0.000002
360 0.000002
361 0.000002
362 0.000002
363 0.000002
364 0.000035
365 0.000029
366 0.000014
367 0.000007
368 0.000001
369 0.000001
370 0.000001
371 0.000001
372 0.000001
373 0.000001
374 0.000001
375 0.000001
376 0.000001
377 0.000001
378 0.000002
379 0.000002
380 0.000003
381 0.000003
382 0.000002
383 0.000001
384 0.000001
385 0.000002
386 0.000003
387 0.000002
388 0.000002
389 0.000002
390 0.000002
391 0.000002
392 0.000021
393 0.000012
394 0.000007
395 0.000001
396 0.000001
397 0.000001
398 0.000001
399 0.000001
400 0.000001
401 0.000001
402 0.000001
403 0.000001
404 0.000001
405 0.000002
406 0.000002
407 0.000002
408 0.000002
409 0.000002
410 0.000002
411 0.000001
412 0.000001
413 0.000002
414 0.000003
415 0.000002
416 0.000002
417 0.000002
418 0.000002
419 0.000002
420 0.000013
421 0.000008
422 0.000006
423 0.000001
424 0.000001
425 0.000001
426 0.000001
427 0.000001
428 0.000001
429 0.000001
430 0.000001
431 0.000001
432 0.000001
433 0.000002
434 0.000002
435 0.000002
436 0.000002
437 0.000002
438 0.000002
439 0.000001
440 0.000001
441 0.000002
442 0.000002
443 0.000003
444 0.000002
445 0.000002
446 0.000002
447 0.000002
448 0.000021
449 0.000009
450 0.000006
451 0.000001
452 0.000001
453 0.000001
454 0.000001
455 0.000001
456 0.000001
457 0.000001
458 0.000001
459 0.000001
460 0.000002
461 0.000002
462 0.000002
463 0.000002
464 0.000002
465 0.000002
466 0.000001
467 0.000001
468 0.000001
469 0.000001
470 0.000002
471 0.000002
472 0.000002
473 0.000002
474 0.000002
475 0.000002
476 0.000116
477 0.000044
478 0.000002
479 0.000001
480 0.000001
481 0.000001
482 0.000001
483 0.000001
484 0.000001
485 0.000001
486 0.000001
487 0.000001
488 0.000002
489 0.000002
490 0.000002
491 0.000002
492 0.000002
493 0.000002
494 0.000001
495 0.000001
496 0.000001
497 0.000001
498 0.000002
499 0.000002
500 0.000002
501 0.000002
502 0.000002
503 0.000002
504 0.001261
505 0.000579
506 0.000002
507 0.000001
508 0.000001
509 0.000001
510 0.000001
511 0.000001
512 0.000001
513 0.000001
514 0.000001
515 0.000001
516 0.000001
517 0.000002
518 0.000002
519 0.000002
520 0.000002
521 0.000001
522 0.000001
523 0.000001
524 0.000001
525 0.000001
526 0.000001
527 0.000002
528 0.000002
529 0.000002
530 0.000002
531 0.000005
532 0.001198
533 0.001103
534 0.000002
535 0.000001
536 0.000001
537 0.000001
538 0.000001
539 0.000001
540 0.000002
541 0.000001
542 0.000001
543 0.000001
544 0.000001
545 0.000002
546 0.000002
547 0.000002
548 0.000002
549 0.000001
550 0.000001
551 0.000001
552 0.000001
553 0.000002
554 0.000002
555 0.000002
556 0.000002
557 0.000002
558 0.000005
559 0.000005
560 0.001416
561 0.001362
562 0.000002
563 0.000001
564 0.000001
565 0.000001
566 0.000002
567 0.000002
568 0.000002
569 0.000001
570 0.000001
571 0.000001
572 0.000001
573 0.000001
574 0.000002
575 0.000002
576 0.000001
577 0.000001
578 0.000001
579 0.000001
580 0.000002
581 0.000002
582 0.000002
583 0.000002
584 0.000002
585 0.000005
586 0.000005
587 0.000007
588 0.001667
589 0.001419
590 0.000002
591 0.000002
592 0.000001
593 0.000001
594 0.000002
595 0.000002
596 0.000002
597 0.000002
598 0.000002
599 0.000001
600 0.000001
601 0.000002
602 0.000002
603 0.000002
604 0.000001
605 0.000001
606 0.000001
607 0.000001
608 0.000002
609 0.000002
610 0.000002
611 0.000002
612 0.000004
613 0.000005
614 0.000007
615 0.000007
616 0.001797
617 0.001671
618 0.001420
619 0.000002
620 0.000002
621 0.000002
622 0.000002
623 0.000002
624 0.000002
625 0.000002
626 0.000002
627 0.000002
628 0.000002
629 0.000002
630 0.000002
631 0.000002
632 0.000001
633 0.000001
634 0.000001
635 0.000002
636 0.000002
637 0.000002
638 0.000002
639 0.000004
640 0.000005
641 0.000007
642 0.000002
643 0.000002
644 0.001864
645 0.001797
646 0.001729
647 0.001474
648 0.000025
649 0.000002
650 0.000002
651 0.000002
652 0.000002
653 0.000002
654 0.000002
655 0.000002
656 0.000002
657 0.000002
658 0.000002
659 0.000002
660 0.000001
661 0.000001
662 0.000002
663 0.000002
664 0.000002
665 0.000002
666 0.000004
667 0.000006
668 0.000007
669 0.000002
670 0.000002
671 0.000002
672 0.000001
673 0.001860
674 0.001795
675 0.001533
676 0.001695
677 0.002292
678 0.000002
679 0.000002
680 0.000002
681 0.000004
682 0.000143
683 0.000003
684 0.000002
685 0.000002
686 0.000002
687 0.000002
688 0.000001
689 0.000002
690 0.000002
691 0.000002
692 0.000002
693 0.000004
694 0.000005
695 0.000007
696 0.000002
697 0.000002
698 0.000002
699 0.000002
700 0.000001
701 0.000001
702 0.001862
703 0.001797
704 0.002346
705 0.004366
706 0.007306
707 0.010006
708 0.010010
709 0.010014
710 0.001177
711 0.000013
712 0.000002
713 0.000002
714 0.000002
715 0.000002
716 0.000002
717 0.000002
718 0.000003
719 0.000003
720 0.000004
721 0.000004
722 0.000006
723 0.000002
724 0.000001
725 0.000001
726 0.000002
727 0.000002
728 0.000001
729 0.000001
730 0.000001
731 0.000001
732 0.003877
733 0.007178
734 0.010004
735 0.010008
736 0.010012
737 0.010014
738 0.010013
739 0.000058
740 0.000003
741 0.000002
742 0.000002
743 0.000002
744 0.000002
745 0.000002
746 0.000003
747 0.000004
748 0.000004
749 0.000006
750 0.000001
751 0.000001
752 0.000001
753 0.000001
754 0.000001
755 0.000002
756 0.000001
757 0.000001
758 0.000001
759 0.000001
760 0.000001
761 0.009478
762 0.010006
763 0.010010
764 0.010012
765 0.010012
766 0.010010
767 0.000375
768 0.000008
769 0.000002
770 0.000002
771 0.000002
772 0.000002
773 0.000003
774 0.000003
775 0.000004
776 0.000005
777 0.000002
778 0.000002
779 0.000002
780 0.000002
781 0.000001
782 0.000001
783 0.000002
