0 0.003861
1 0.007151
2 0.010378
3 0.012421
4 0.009299
5 0.004946
6 0.002312
7 0.001183
8 0.000131
9 0.000019
10 0.000013
11 0.000011
12 0.000012
13 0.000011
14 0.000048
15 0.000075
16 0.000107
17 0.000032
18 0.000163
19 0.001163
20 0.001949
21 0.001276
22 0.000946
23 0.000995
24 0.000884
25 0.000934
26 0.001160
27 0.001222
28 0.002401
29 0.003734
30 0.006714
31 0.010379
32 0.011678
33 0.008314
34 0.003850
35 0.001196
36 0.000062
37 0.000009
38 0.000008
39 0.000008
40 0.000008
41 0.000011
42 0.000061
43 0.000106
44 0.000050
45 0.000029
46 0.000055
47 0.000326
48 0.001102
49 0.000793
50 0.000001
51 0.000001
52 0.000838
53 0.001047
54 0.000934
55 0.001160
56 0.001828
57 0.002225
58 0.003039
59 0.006715
60 0.010381
61 0.010973
62 0.007805
63 0.000938
64 0.000049
65 0.000007
66 0.000007
67 0.000005
68 0.000005
69 0.000027
70 0.000065
71 0.000092
72 0.000029
73 0.000023
74 0.000017
75 0.000066
76 0.000001
77 0.000001
78 0.000000
79 0.000001
80 0.000001
81 0.000838
82 0.001047
83 0.000934
84 0.001566
85 0.001394
86 0.001737
87 0.002859
88 0.007056
89 0.010615
90 0.010975
91 0.000746
92 0.000038
93 0.000010
94 0.000005
95 0.000004
96 0.000006
97 0.000045
98 0.000086
99 0.000029
100 0.000025
101 0.000006
102 0.000001
103 0.000000
104 0.000001
105 0.000000
106 0.000001
107 0.000001
108 0.000003
109 0.000794
110 0.000838
111 0.001047
112 0.002886
113 0.001394
114 0.000983
115 0.001528
116 0.000000
117 0.000000
118 0.000000
119 0.000000
120 0.000001
121 0.000005
122 0.000008
123 0.000004
124 0.000029
125 0.000063
126 0.000079
127 0.000002
128 0.000001
129 0.000000
130 0.000000
131 0.000000
132 0.000000
133 0.000000
134 0.000001
135 0.000001
136 0.000011
137 0.000631
138 0.000794
139 0.000995
140 0.005704
141 0.002672
142 0.001172
143 0.000765
144 0.000001
145 0.000000
146 0.000000
147 0.000000
148 0.000000
149 0.000000
150 0.000000
151 0.000000
152 0.000001
153 0.000001
154 0.000001
155 0.000001
156 0.000000
157 0.000000
158 0.000000
159 0.000000
160 0.000000
161 0.000001
162 0.000001
163 0.000005
164 0.000641
165 0.000596
166 0.000752
167 0.001030
168 0.010007
169 0.005418
170 0.002902
171 0.001203
172 0.000002
173 0.000001
174 0.000000
175 0.000000
176 0.000000
177 0.000000
178 0.000000
179 0.000000
180 0.000000
181 0.000000
182 0.000000
183 0.000000
184 0.000000
185 0.000000
186 0.000000
187 0.000000
188 0.000000
189 0.000001
190 0.000003
191 0.000013
192 0.000504
193 0.000533
194 0.000987
195 0.002261
196 0.010010
197 0.010009
198 0.006480
199 0.002629
200 0.000005
201 0.000001
202 0.000001
203 0.000000
204 0.000000
205 0.000000
206 0.000000
207 0.000000
208 0.000000
209 0.000000
210 0.000000
211 0.000000
212 0.000000
213 0.000000
214 0.000000
215 0.000000
216 0.000001
217 0.000001
218 0.000002
219 0.000006
220 0.000589
221 0.001121
222 0.002132
223 0.004331
224 0.004341
225 0.008043
226 0.010012
227 0.007902
228 0.003002
229 0.000001
230 0.000001
231 0.000001
232 0.000000
233 0.000000
234 0.000000
235 0.000000
236 0.000000
237 0.000000
238 0.000000
239 0.000000
240 0.000000
241 0.000000
242 0.000000
243 0.000000
244 0.000001
245 0.000001
246 0.000001
247 0.000014
248 0.000060
249 0.000208
250 0.000852
251 0.002327
252 0.001540
253 0.002629
254 0.004976
255 0.006252
256 0.001473
257 0.000001
258 0.000001
259 0.000001
260 0.000001
261 0.000000
262 0.000001
263 0.000001
264 0.000001
265 0.000001
266 0.000001
267 0.000000
268 0.000000
269 0.000000
270 0.000000
271 0.000001
272 0.000001
273 0.000001
274 0.000001
275 0.000005
276 0.000016
277 0.000088
278 0.000208
279 0.000316
280 0.000516
281 0.000279
282 0.000271
283 0.000175
284 0.000230
285 0.000001
286 0.000001
287 0.000001
288 0.000001
289 0.000001
290 0.000001
291 0.000002
292 0.000002
293 0.000001
294 0.000001
295 0.000000
296 0.000000
297 0.000000
298 0.000000
299 0.000001
300 0.000001
301 0.000001
302 0.000001
303 0.000018
304 0.000050
305 0.000097
306 0.000065
307 0.000045
308 0.000084
309 0.000036
310 0.000016
311 0.000015
312 0.000003
313 0.000001
314 0.000000
315 0.000001
316 0.000003
317 0.000002
318 0.000001
319 0.000002
320 0.000002
321 0.000001
322 0.000001
323 0.000000
324 0.000000
325 0.000000
326 0.000001
327 0.000001
328 0.000001
329 0.000001
330 0.000001
331 0.000005
332 0.000069
333 0.000037
334 0.000026
335 0.000017
336 0.000026
337 0.000013
338 0.000008
339 0.000004
340 0.000001
341 0.000001
342 0.000001
343 0.000001
344 0.000026
345 0.000085
346 0.000002
347 0.000001
348 0.000001
349 0.000001
350 0.000001
351 0.000001
352 0.000001
353 0.000001
354 0.000001
355 0.000001
356 0.000001
357 0.000001
358 0.000001
359 0.000001
360 0.000018
361 0.000012
362 0.000007
363 0.000007
364 0.000020
365 0.000017
366 0.000009
367 0.000004
368 0.000001
369 0.000001
370 0.000001
371 0.000001
372 0.000025
373 0.999974
374 0.000002
375 0.000001
376 0.000001
377 0.000001
378 0.000001
379 0.000001
380 0.000001
381 0.000001
382 0.000002
383 0.000001
384 0.000001
385 0.000001
386 0.000001
387 0.000001
388 0.000001
389 0.000004
390 0.000005
391 0.000007
392 0.000013
393 0.000008
394 0.000005
395 0.000001
396 0.000001
397 0.000001
398 0.000001
399 0.000002
400 0.000005
401 0.000007
402 0.000002
403 0.000001
404 0.000001
405 0.000001
406 0.000001
407 0.000003
408 0.000045
409 0.000037
410 0.000008
411 0.000002
412 0.000001
413 0.000001
414 0.000001
415 0.000001
416 0.000001
417 0.000003
418 0.000005
419 0.000006
420 0.000009
421 0.000005
422 0.000011
423 0.000001
424 0.000001
425 0.000001
426 0.000002
427 0.000002
428 0.000001
429 0.000001
430 0.000002
431 0.000001
432 0.000001
433 0.000001
434 0.000001
435 0.000002
436 0.000061
437 0.999975
438 0.000164
439 0.000002
440 0.000001
441 0.000001
442 0.000000
443 0.000000
444 0.000001
445 0.000003
446 0.000004
447 0.000006
448 0.000018
449 0.000029
450 0.000044
451 0.000001
452 0.000001
453 0.000001
454 0.000002
455 0.000001
456 0.000001
457 0.000001
458 0.000001
459 0.000001
460 0.000001
461 0.000001
462 0.000001
463 0.000002
464 0.000008
465 0.000651
466 0.000704
467 0.000003
468 0.000001
469 0.000001
470 0.000000
471 0.000000
472 0.000001
473 0.000001
474 0.000004
475 0.000008
476 0.000588
477 0.000486
478 0.000099
479 0.000001
480 0.000001
481 0.000001
482 0.000001
483 0.000001
484 0.000000
485 0.000000
486 0.000001
487 0.000002
488 0.000002
489 0.000002
490 0.000002
491 0.000002
492 0.000002
493 0.000004
494 0.000006
495 0.000003
496 0.000001
497 0.000001
498 0.000001
499 0.000000
500 0.000001
501 0.000001
502 0.000016
503 0.000037
504 0.014665
505 0.010536
506 0.000041
507 0.000001
508 0.000001
509 0.000001
510 0.000001
511 0.000001
512 0.000000
513 0.000000
514 0.000001
515 0.000002
516 0.000003
517 0.000002
518 0.000001
519 0.000001
520 0.000001
521 0.000001
522 0.000001
523 0.000002
524 0.000003
525 0.000001
526 0.000001
527 0.000001
528 0.000001
529 0.000001
530 0.000096
531 0.000277
532 0.017474
533 0.010022
534 0.000054
535 0.000001
536 0.000001
537 0.000001
538 0.000001
539 0.000001
540 0.000001
541 0.000001
542 0.000001
543 0.000002
544 0.000002
545 0.000001
546 0.000001
547 0.000001
548 0.000001
549 0.000001
550 0.000001
551 0.000001
552 0.000003
553 0.000006
554 0.000002
555 0.000001
556 0.000001
557 0.000004
558 0.000495
559 0.000294
560 0.010016
561 0.010007
562 0.000025
563 0.000001
564 0.000001
565 0.000001
566 0.000001
567 0.000001
568 0.000001
569 0.000001
570 0.000001
571 0.000001
572 0.000001
573 0.000001
574 0.000001
575 0.000001
576 0.000001
577 0.000001
578 0.000001
579 0.000001
580 0.000001
581 0.000011
582 0.000115
583 0.000011
584 0.000010
585 0.003222
586 0.001414
587 0.000805
588 0.010005
589 0.004686
590 0.000094
591 0.000002
592 0.000001
593 0.000001
594 0.000001
595 0.000001
596 0.000004
597 0.000001
598 0.000001
599 0.000001
600 0.000001
601 0.000001
602 0.000001
603 0.000001
604 0.000001
605 0.000001
606 0.000001
607 0.000001
608 0.000001
609 0.000001
610 0.000062
611 0.000409
612 0.010016
613 0.007931
614 0.004082
615 0.002202
616 0.004902
617 0.002357
618 0.000988
619 0.000053
620 0.000001
621 0.000001
622 0.000002
623 0.000004
624 0.000001
625 0.000001
626 0.000001
627 0.000001
628 0.000001
629 0.000001
630 0.000002
631 0.000002
632 0.000001
633 0.000001
634 0.000001
635 0.000001
636 0.000001
637 0.000001
638 0.000010
639 0.005540
640 0.012979
641 0.010017
642 0.000001
643 0.000001
644 0.002568
645 0.001315
646 0.000922
647 0.000753
648 0.000277
649 0.000003
650 0.000001
651 0.000001
652 0.000001
653 0.000001
654 0.000001
655 0.000001
656 0.000010
657 0.001447
658 0.029651
659 0.000520
660 0.000004
661 0.000001
662 0.000001
663 0.000001
664 0.000001
665 0.000003
666 0.000831
667 0.002419
668 0.005805
669 0.000001
670 0.000001
671 0.000001
672 0.000001
673 0.001012
674 0.000966
675 0.000790
676 0.000881
677 0.000717
678 0.000006
679 0.000003
680 0.000007
681 0.000030
682 0.000184
683 0.000074
684 0.000098
685 0.000713
686 0.027051
687 0.009978
688 0.000539
689 0.000405
690 0.000148
691 0.000018
692 0.000020
693 0.000249
694 0.000299
695 0.001123
696 0.000001
697 0.000001
698 0.000001
699 0.000001
700 0.000001
701 0.000001
702 0.001012
703 0.000966
704 0.000922
705 0.000881
706 0.000717
707 0.000684
708 0.000621
709 0.000833
710 0.001022
711 0.000415
712 0.000090
713 0.000286
714 0.007189
715 0.005792
716 0.000304
717 0.001448
718 0.003774
719 0.001237
720 0.000449
721 0.000262
722 0.000337
723 0.000001
724 0.000001
725 0.000001
726 0.000001
727 0.000001
728 0.000001
729 0.000001
730 0.000001
731 0.000001
732 0.000966
733 0.000922
734 0.000753
735 0.000718
736 0.000804
737 0.001811
738 0.005386
739 0.001143
740 0.000181
741 0.000719
742 0.001893
743 0.001008
744 0.000585
745 0.003013
746 0.010012
747 0.003100
748 0.001071
749 0.000496
750 0.000001
751 0.000001
752 0.000000
753 0.000001
754 0.000001
755 0.000001
756 0.000001
757 0.000001
758 0.000001
759 0.000001
760 0.000001
761 0.000966
762 0.000922
763 0.000753
764 0.001375
765 0.003831
766 0.009997
767 0.002614
768 0.000376
769 0.000654
770 0.000566
771 0.000111
772 0.001125
773 0.006256
774 0.010020
775 0.006255
776 0.002591
777 0.000001
778 0.000008
779 0.000004
780 0.000001
781 0.000000
782 0.000001
783 0.000001
