0 0.001103
1 0.001023
2 0.000781
3 0.001080
4 0.001930
5 0.004713
6 0.010012
7 0.008248
8 0.000383
9 0.000014
10 0.000005
11 0.000004
12 0.000004
13 0.000004
14 0.000006
15 0.000014
16 0.000033
17 0.000020
18 0.000095
19 0.001473
20 0.011512
21 0.028156
22 0.020230
23 0.006515
24 0.001985
25 0.000998
26 0.000909
27 0.000961
28 0.000846
29 0.000949
30 0.000721
31 0.000666
32 0.000943
33 0.002118
34 0.005756
35 0.005952
36 0.000322
37 0.000015
38 0.000005
39 0.000003
40 0.000003
41 0.000004
42 0.000009
43 0.000023
44 0.000022
45 0.000014
46 0.000029
47 0.000772
48 0.024987
49 0.022619
50 0.013851
51 0.000001
52 0.000915
53 0.000810
54 0.000710
55 0.000907
56 0.000949
57 0.000721
58 0.000666
59 0.000616
60 0.000527
61 0.000771
62 0.001943
63 0.001177
64 0.000227
65 0.000027
66 0.000010
67 0.000003
68 0.000002
69 0.000004
70 0.000012
71 0.000024
72 0.000016
73 0.000011
74 0.000018
75 0.000531
76 0.035496
77 0.000004
78 0.000001
79 0.000001
80 0.000001
81 0.000628
82 0.000808
83 0.000710
84 0.000881
85 0.000666
86 0.000500
87 0.000424
88 0.000390
89 0.000360
90 0.000632
91 0.000134
92 0.000050
93 0.000057
94 0.000014
95 0.000004
96 0.000003
97 0.000007
98 0.000020
99 0.000020
100 0.000011
101 0.000011
102 0.000022
103 0.000015
104 0.000003
105 0.000002
106 0.000001
107 0.000001
108 0.000001
109 0.000591
110 0.000628
111 0.000808
112 0.000666
113 0.000616
114 0.000424
115 0.000390
116 0.000001
117 0.000001
118 0.000005
119 0.000001
120 0.000001
121 0.000014
122 0.000044
123 0.000010
124 0.000009
125 0.000010
126 0.000024
127 0.000008
128 0.000014
129 0.000034
130 0.000004
131 0.000003
132 0.000002
133 0.000001
134 0.000001
135 0.000001
136 0.000007
137 0.000456
138 0.000591
139 0.000763
140 0.000616
141 0.000460
142 0.000390
143 0.000360
144 0.000001
145 0.000001
146 0.000001
147 0.000002
148 0.000003
149 0.000002
150 0.000001
151 0.000002
152 0.000002
153 0.000006
154 0.000020
155 0.000020
156 0.000005
157 0.000003
158 0.000003
159 0.000001
160 0.000001
161 0.000001
162 0.000001
163 0.000001
164 0.000464
165 0.000427
166 0.000556
167 0.000591
168 0.000992
169 0.000391
170 0.000360
171 0.000306
172 0.000003
173 0.000001
174 0.000001
175 0.000001
176 0.000002
177 0.000003
178 0.000005
179 0.000008
180 0.000010
181 0.000009
182 0.000004
183 0.000003
184 0.000002
185 0.000001
186 0.000001
187 0.000001
188 0.000001
189 0.000001
190 0.000001
191 0.000001
192 0.000353
193 0.000376
194 0.000401
195 0.000821
196 0.002214
197 0.001004
198 0.000347
199 0.000223
200 0.000010
201 0.000001
202 0.000001
203 0.000001
204 0.000001
205 0.000001
206 0.000004
207 0.000032
208 0.999963
209 0.000161
210 0.000007
211 0.000002
212 0.000001
213 0.000001
214 0.000001
215 0.000001
216 0.000001
217 0.000001
218 0.000001
219 0.000005
220 0.000353
221 0.000376
222 0.000902
223 0.001361
224 0.007841
225 0.002571
226 0.001093
227 0.000378
228 0.000136
229 0.000003
230 0.000001
231 0.000001
232 0.000001
233 0.000001
234 0.000001
235 0.000002
236 0.000005
237 0.000008
238 0.000007
239 0.000005
240 0.000003
241 0.000002
242 0.000001
243 0.000001
244 0.000001
245 0.000001
246 0.000001
247 0.000022
248 0.000039
249 0.000130
250 0.000275
251 0.000417
252 0.010037
253 0.010142
254 0.004214
255 0.001280
256 0.000400
257 0.000002
258 0.000002
259 0.000001
260 0.000001
261 0.000001
262 0.000001
263 0.000001
264 0.000001
265 0.000002
266 0.000004
267 0.000005
268 0.000003
269 0.000002
270 0.000001
271 0.000001
272 0.000001
273 0.000001
274 0.000001
275 0.000039
276 0.000050
277 0.000055
278 0.000064
279 0.000064
280 0.010016
281 0.010037
282 0.010054
283 0.005791
284 0.001640
285 0.000002
286 0.000003
287 0.000002
288 0.000001
289 0.000001
290 0.000001
291 0.000001
292 0.000001
293 0.000001
294 0.000002
295 0.000002
296 0.000001
297 0.000001
298 0.000001
299 0.000001
300 0.000001
301 0.000001
302 0.000002
303 0.000274
304 0.000221
305 0.000170
306 0.000061
307 0.000053
308 0.002395
309 0.005628
310 0.010054
311 0.010084
312 0.000814
313 0.000004
314 0.000002
315 0.000002
316 0.000001
317 0.000001
318 0.000001
319 0.000001
320 0.000001
321 0.000001
322 0.000001
323 0.000001
324 0.000001
325 0.000001
326 0.000001
327 0.000001
328 0.000001
329 0.000001
330 0.000002
331 0.000013
332 0.000401
333 0.000222
334 0.000201
335 0.000201
336 0.000437
337 0.000883
338 0.002007
339 0.005220
340 0.000073
341 0.000002
342 0.000001
343 0.000002
344 0.000003
345 0.000001
346 0.000001
347 0.000002
348 0.000002
349 0.000001
350 0.000001
351 0.000001
352 0.000001
353 0.000001
354 0.000001
355 0.000001
356 0.000001
357 0.000001
358 0.000002
359 0.000002
360 0.000146
361 0.000167
362 0.000221
363 0.000236
364 0.000124
365 0.000158
366 0.000310
367 0.000251
368 0.000002
369 0.000001
370 0.000001
371 0.000003
372 0.000007
373 0.000005
374 0.000003
375 0.000002
376 0.000001
377 0.000001
378 0.000001
379 0.000001
380 0.000001
381 0.000001
382 0.000001
383 0.000001
384 0.000001
385 0.000001
386 0.000001
387 0.000001
388 0.000019
389 0.000145
390 0.000166
391 0.000236
392 0.000083
393 0.000047
394 0.000014
395 0.000002
396 0.000001
397 0.000001
398 0.000001
399 0.000002
400 0.000022
401 0.000148
402 0.000014
403 0.000002
404 0.000001
405 0.000001
406 0.000001
407 0.000001
408 0.000001
409 0.000001
410 0.000001
411 0.000001
412 0.000001
413 0.000001
414 0.000001
415 0.000001
416 0.000001
417 0.000081
418 0.000155
419 0.000166
420 0.000032
421 0.000008
422 0.000004
423 0.000001
424 0.000001
425 0.000001
426 0.000001
427 0.000002
428 0.000083
429 0.999961
430 0.000021
431 0.000002
432 0.000001
433 0.000001
434 0.000001
435 0.000001
436 0.000001
437 0.000001
438 0.000001
439 0.000001
440 0.000001
441 0.000001
442 0.000001
443 0.000001
444 0.000001
445 0.000023
446 0.000051
447 0.000095
448 0.000014
449 0.000004
450 0.000002
451 0.000001
452 0.000001
453 0.000001
454 0.000001
455 0.000004
456 0.000015
457 0.000013
458 0.000005
459 0.000002
460 0.000001
461 0.000001
462 0.000001
463 0.000001
464 0.000001
465 0.000001
466 0.000001
467 0.000001
468 0.000001
469 0.000001
470 0.000001
471 0.000001
472 0.000001
473 0.000002
474 0.000017
475 0.000057
476 0.000043
477 0.000014
478 0.000002
479 0.000001
480 0.000001
481 0.000001
482 0.000003
483 0.000005
484 0.000003
485 0.000002
486 0.000002
487 0.000002
488 0.000001
489 0.000001
490 0.000001
491 0.000001
492 0.000001
493 0.000001
494 0.000001
495 0.000001
496 0.000001
497 0.000001
498 0.000001
499 0.000001
500 0.000001
501 0.000001
502 0.000034
503 0.000129
504 0.000627
505 0.000235
506 0.000002
507 0.000001
508 0.000001
509 0.000002
510 0.000005
511 0.000003
512 0.000001
513 0.000001
514 0.000002
515 0.000001
516 0.000001
517 0.000001
518 0.000001
519 0.000001
520 0.000001
521 0.000001
522 0.000001
523 0.000001
524 0.000001
525 0.000001
526 0.000001
527 0.000001
528 0.000001
529 0.000001
530 0.000246
531 0.000782
532 0.000591
533 0.000758
534 0.000005
535 0.000001
536 0.000001
537 0.000005
538 0.000004
539 0.000002
540 0.000001
541 0.000001
542 0.000001
543 0.000001
544 0.000001
545 0.000001
546 0.000001
547 0.000001
548 0.000001
549 0.000001
550 0.000001
551 0.000001
552 0.000001
553 0.000001
554 0.000001
555 0.000001
556 0.000001
557 0.000002
558 0.000782
559 0.000816
560 0.001209
561 0.002320
562 0.000012
563 0.000001
564 0.000007
565 0.000014
566 0.000002
567 0.000001
568 0.000001
569 0.000001
570 0.000001
571 0.000001
572 0.000001
573 0.000001
574 0.000001
575 0.000001
576 0.000001
577 0.000001
578 0.000001
579 0.000001
580 0.000001
581 0.000001
582 0.000001
583 0.000001
584 0.000001
585 0.000782
586 0.000816
587 0.000977
588 0.002914
589 0.005805
590 0.000293
591 0.000012
592 0.000010
593 0.000003
594 0.000001
595 0.000001
596 0.000001
597 0.000001
598 0.000001
599 0.000001
600 0.000001
601 0.000001
602 0.000001
603 0.000001
604 0.000001
605 0.000001
606 0.000001
607 0.000001
608 0.000001
609 0.000001
610 0.000001
611 0.000002
612 0.000749
613 0.000782
614 0.000938
615 0.000977
616 0.007144
617 0.010029
618 0.010027
619 0.000318
620 0.000013
621 0.000001
622 0.000001
623 0.000001
624 0.000001
625 0.000001
626 0.000001
627 0.000001
628 0.000002
629 0.000001
630 0.000001
631 0.000001
632 0.000001
633 0.000001
634 0.000001
635 0.000001
636 0.000001
637 0.000001
638 0.000002
639 0.000749
640 0.000782
641 0.000938
642 0.000001
643 0.000001
644 0.010027
645 0.010024
646 0.005838
647 0.002402
648 0.000416
649 0.000002
650 0.000001
651 0.000001
652 0.000001
653 0.000001
654 0.000001
655 0.000002
656 0.000011
657 0.000174
658 0.000087
659 0.000002
660 0.000001
661 0.000001
662 0.000001
663 0.000001
664 0.000001
665 0.000003
666 0.000749
667 0.000901
668 0.000938
669 0.000001
670 0.000001
671 0.000001
672 0.000001
673 0.005971
674 0.002998
675 0.001284
676 0.000893
677 0.000725
678 0.000004
679 0.000003
680 0.000005
681 0.000023
682 0.000106
683 0.000087
684 0.000098
685 0.000233
686 0.000173
687 0.000055
688 0.000016
689 0.000041
690 0.000024
691 0.000009
692 0.000031
693 0.000718
694 0.000782
695 0.000938
696 0.000001
697 0.000001
698 0.000001
699 0.000001
700 0.000001
701 0.000001
702 0.001627
703 0.000980
704 0.000935
705 0.000892
706 0.000725
707 0.000690
708 0.000626
709 0.000503
710 0.000221
711 0.000094
712 0.000093
713 0.000258
714 0.000246
715 0.000154
716 0.000074
717 0.000143
718 0.000569
719 0.000595
720 0.000622
721 0.000749
722 0.000901
723 0.000001
724 0.000001
725 0.000001
726 0.000001
727 0.000001
728 0.000001
729 0.000001
730 0.000001
731 0.000001
732 0.000980
733 0.000935
734 0.000761
735 0.000725
736 0.000690
737 0.000557
738 0.000503
739 0.000126
740 0.000125
741 0.000166
742 0.000260
743 0.000245
744 0.000290
745 0.000575
746 0.000927
747 0.000719
748 0.000750
749 0.000901
750 0.000001
751 0.000001
752 0.000001
753 0.000001
754 0.000001
755 0.000001
756 0.000001
757 0.000001
758 0.000001
759 0.000001
760 0.000001
761 0.000980
762 0.000935
763 0.000761
764 0.000725
765 0.000690
766 0.000657
767 0.000246
768 0.000134
769 0.000157
770 0.000346
771 0.000329
772 0.000962
773 0.002299
774 0.001460
775 0.000750
776 0.000783
777 0.000001
778 0.000009
779 0.000005
780 0.000001
781 0.000001
782 0.000001
783 0.000001
