0 0.002704
1 0.002582
2 0.002189
3 0.002357
4 0.001984
5 0.001660
6 0.001496
7 0.001421
8 0.000201
9 0.000033
10 0.000039
11 0.000073
12 0.000084
13 0.000110
14 0.000423
15 0.001256
16 0.000652
17 0.000089
18 0.000716
19 0.008876
20 0.020352
21 0.008169
22 0.003065
23 0.001746
24 0.001189
25 0.000957
26 0.001012
27 0.001071
28 0.002299
29 0.002467
30 0.002083
31 0.001984
32 0.001889
33 0.001714
34 0.001421
35 0.000811
36 0.000062
37 0.000011
38 0.000016
39 0.000033
40 0.000069
41 0.000100
42 0.000107
43 0.002689
44 0.002696
45 0.001040
46 0.000710
47 0.005641
48 0.009028
49 0.003428
50 0.000000
51 0.000000
52 0.000871
53 0.000904
54 0.000798
55 0.001012
56 0.002467
57 0.002083
58 0.001984
59 0.001889
60 0.001714
61 0.001421
62 0.001349
63 0.000276
64 0.000025
65 0.000006
66 0.000009
67 0.000016
68 0.000032
69 0.000065
70 0.000152
71 0.002723
72 0.025526
73 0.016567
74 0.000720
75 0.001288
76 0.000001
77 0.000000
78 0.000000
79 0.000000
80 0.000000
81 0.000707
82 0.000904
83 0.000798
84 0.002357
85 0.001984
86 0.001660
87 0.001496
88 0.001421
89 0.001349
90 0.001218
91 0.000085
92 0.000008
93 0.000005
94 0.000004
95 0.000007
96 0.000015
97 0.000056
98 0.000310
99 0.000924
100 0.107823
101 0.034635
102 0.000001
103 0.000000
104 0.000000
105 0.000000
106 0.000000
107 0.000000
108 0.000000
109 0.000666
110 0.000707
111 0.000904
112 0.001984
113 0.001889
114 0.001496
115 0.001421
116 0.000000
117 0.000000
118 0.000000
119 0.000000
120 0.000000
121 0.000001
122 0.000004
123 0.000004
124 0.000008
125 0.000084
126 0.000673
127 0.000137
128 0.000026
129 0.000002
130 0.000000
131 0.000000
132 0.000000
133 0.000000
134 0.000000
135 0.000000
136 0.000440
137 0.000516
138 0.000666
139 0.000855
140 0.001889
141 0.001576
142 0.001421
143 0.001349
144 0.000000
145 0.000000
146 0.000000
147 0.000000
148 0.000000
149 0.000000
150 0.000000
151 0.000000
152 0.000000
153 0.000000
154 0.000001
155 0.000000
156 0.000000
157 0.000000
158 0.000000
159 0.000000
160 0.000000
161 0.000000
162 0.000000
163 0.000000
164 0.000525
165 0.000484
166 0.000628
167 0.000787
168 0.001576
169 0.001421
170 0.001349
171 0.001218
172 0.000000
173 0.000000
174 0.000000
175 0.000000
176 0.000000
177 0.000000
178 0.000000
179 0.000000
180 0.000000
181 0.000000
182 0.000000
183 0.000000
184 0.000000
185 0.000000
186 0.000000
187 0.000000
188 0.000000
189 0.000000
190 0.000000
191 0.001947
192 0.000401
193 0.000427
194 0.000776
195 0.001917
196 0.001421
197 0.001349
198 0.001109
199 0.000995
200 0.000841
201 0.000000
202 0.000000
203 0.000000
204 0.000000
205 0.000000
206 0.000000
207 0.000000
208 0.000000
209 0.000000
210 0.000000
211 0.000000
212 0.000000
213 0.000000
214 0.000000
215 0.000000
216 0.000000
217 0.000000
218 0.000000
219 0.000073
220 0.000406
221 0.000916
222 0.001779
223 0.004107
224 0.001350
225 0.001109
226 0.000995
227 0.000943
228 0.000723
229 0.000000
230 0.000000
231 0.000000
232 0.000000
233 0.000000
234 0.000000
235 0.000000
236 0.000000
237 0.000000
238 0.000000
239 0.000000
240 0.000000
241 0.000000
242 0.000000
243 0.000000
244 0.000000
245 0.000000
246 0.000000
247 0.000007
248 0.000036
249 0.000138
250 0.000622
251 0.001624
252 0.001734
253 0.001003
254 0.000943
255 0.000479
256 0.000069
257 0.000000
258 0.000000
259 0.000000
260 0.000000
261 0.000000
262 0.000000
263 0.000000
264 0.000000
265 0.000000
266 0.000000
267 0.000000
268 0.000000
269 0.000000
270 0.000000
271 0.000000
272 0.000000
273 0.000000
274 0.000000
275 0.000003
276 0.000012
277 0.000055
278 0.000115
279 0.000117
280 0.003555
281 0.000588
282 0.000137
283 0.000021
284 0.000007
285 0.000000
286 0.000000
287 0.000000
288 0.000000
289 0.000000
290 0.000000
291 0.000000
292 0.000000
293 0.000000
294 0.000000
295 0.000000
296 0.000000
297 0.000000
298 0.000000
299 0.000000
300 0.000000
301 0.000000
302 0.000000
303 0.000013
304 0.000038
305 0.000040
306 0.000024
307 0.000015
308 0.001031
309 0.000225
310 0.000038
311 0.000007
312 0.000000
313 0.000000
314 0.000000
315 0.000000
316 0.000000
317 0.000000
318 0.000000
319 0.000000
320 0.000000
321 0.000000
322 0.000000
323 0.000000
324 0.000000
325 0.000000
326 0.000000
327 0.000000
328 0.000001
329 0.000017
330 0.000000
331 0.000005
332 0.000025
333 0.000013
334 0.000009
335 0.000007
336 0.000242
337 0.000115
338 0.000056
339 0.000019
340 0.000000
341 0.000000
342 0.000000
343 0.000000
344 0.000000
345 0.000000
346 0.000000
347 0.000000
348 0.000000
349 0.000000
350 0.000000
351 0.000000
352 0.000000
353 0.000000
354 0.000000
355 0.000000
356 0.001094
357 0.000687
358 0.000007
359 0.000000
360 0.000006
361 0.000004
362 0.000003
363 0.000004
364 0.000065
365 0.000102
366 0.000097
367 0.000079
368 0.000000
369 0.000000
370 0.000000
371 0.000000
372 0.000000
373 0.000000
374 0.000000
375 0.000000
376 0.000000
377 0.000000
378 0.000000
379 0.000000
380 0.000000
381 0.000000
382 0.000000
383 0.000000
384 0.999997
385 0.009548
386 0.000012
387 0.000000
388 0.000002
389 0.000003
390 0.000003
391 0.000004
392 0.000022
393 0.000024
394 0.000027
395 0.000004
396 0.000000
397 0.000000
398 0.000000
399 0.000000
400 0.000000
401 0.000001
402 0.000000
403 0.000000
404 0.000000
405 0.000000
406 0.000000
407 0.000000
408 0.000000
409 0.000000
410 0.000000
411 0.000000
412 0.000006
413 0.002470
414 0.000029
415 0.000001
416 0.000001
417 0.000011
418 0.000008
419 0.000005
420 0.000011
421 0.000008
422 0.000009
423 0.000000
424 0.000000
425 0.000000
426 0.000000
427 0.000029
428 0.001184
429 0.000008
430 0.000000
431 0.000000
432 0.000000
433 0.000000
434 0.000000
435 0.000000
436 0.000000
437 0.000000
438 0.000000
439 0.000000
440 0.000000
441 0.000000
442 0.000008
443 0.000001
444 0.000000
445 0.000049
446 0.000030
447 0.000018
448 0.000018
449 0.000007
450 0.000004
451 0.000000
452 0.000000
453 0.000000
454 0.000000
455 0.000130
456 0.999999
457 0.000001
458 0.000000
459 0.000000
460 0.000000
461 0.000000
462 0.000000
463 0.000000
464 0.000000
465 0.000000
466 0.000000
467 0.000000
468 0.000000
469 0.000000
470 0.000002
471 0.000000
472 0.000001
473 0.000025
474 0.000118
475 0.000098
476 0.000070
477 0.000032
478 0.000003
479 0.000000
480 0.000000
481 0.000000
482 0.000000
483 0.000058
484 0.000001
485 0.000000
486 0.000000
487 0.000000
488 0.000000
489 0.000000
490 0.000000
491 0.000000
492 0.000000
493 0.000000
494 0.000000
495 0.000000
496 0.000000
497 0.000000
498 0.000000
499 0.000000
500 0.000000
501 0.000001
502 0.000377
503 0.001198
504 0.000402
505 0.000203
506 0.000005
507 0.000000
508 0.000000
509 0.000000
510 0.000003
511 0.000000
512 0.000000
513 0.000000
514 0.000000
515 0.000000
516 0.000000
517 0.000000
518 0.000000
519 0.000000
520 0.000000
521 0.000000
522 0.000000
523 0.000000
524 0.000000
525 0.000000
526 0.000000
527 0.000000
528 0.000000
529 0.000001
530 0.000713
531 0.004535
532 0.000432
533 0.001525
534 0.000010
535 0.000000
536 0.000000
537 0.000005
538 0.000001
539 0.000000
540 0.000000
541 0.000000
542 0.000000
543 0.000000
544 0.000000
545 0.000000
546 0.000000
547 0.000000
548 0.000000
549 0.000000
550 0.000000
551 0.000000
552 0.000000
553 0.000000
554 0.000000
555 0.000000
556 0.000000
557 0.000005
558 0.000711
559 0.001414
560 0.002646
561 0.005681
562 0.000031
563 0.000000
564 0.000002
565 0.000014
566 0.000000
567 0.000000
568 0.000000
569 0.000000
570 0.000000
571 0.000000
572 0.000000
573 0.000000
574 0.000000
575 0.000000
576 0.000000
577 0.000000
578 0.000000
579 0.000000
580 0.000000
581 0.000000
582 0.000000
583 0.000000
584 0.000003
585 0.000216
586 0.000276
587 0.000630
588 0.007407
589 0.016597
590 0.000333
591 0.000007
592 0.000008
593 0.000001
594 0.000000
595 0.000000
596 0.000000
597 0.000000
598 0.000000
599 0.000000
600 0.000000
601 0.000000
602 0.000000
603 0.000000
604 0.000000
605 0.000000
606 0.000000
607 0.000000
608 0.000000
609 0.000000
610 0.000000
611 0.000002
612 0.000204
613 0.000216
614 0.000276
615 0.000291
616 0.018525
617 0.010001
618 0.010001
619 0.000321
620 0.000007
621 0.000000
622 0.000000
623 0.000000
624 0.000000
625 0.000000
626 0.000000
627 0.000000
628 0.000000
629 0.000000
630 0.000000
631 0.000000
632 0.000000
633 0.000000
634 0.000000
635 0.000000
636 0.000000
637 0.000000
638 0.000003
639 0.000204
640 0.000216
641 0.000276
642 0.000000
643 0.000000
644 0.010001
645 0.010001
646 0.005317
647 0.001893
648 0.000259
649 0.000000
650 0.000000
651 0.000000
652 0.000000
653 0.000000
654 0.000000
655 0.000001
656 0.000001
657 0.000001
658 0.000001
659 0.000001
660 0.000001
661 0.000000
662 0.000000
663 0.000000
664 0.000000
665 0.000005
666 0.000204
667 0.000261
668 0.000276
669 0.000000
670 0.000000
671 0.000000
672 0.000000
673 0.005459
674 0.002448
675 0.000918
676 0.000604
677 0.000475
678 0.000002
679 0.000001
680 0.000002
681 0.000013
682 0.000215
683 0.000202
684 0.000029
685 0.000004
686 0.000004
687 0.000029
688 0.000077
689 0.000121
690 0.000019
691 0.000010
692 0.000025
693 0.000193
694 0.000216
695 0.000276
696 0.000000
697 0.000000
698 0.000000
699 0.000000
700 0.000000
701 0.000000
702 0.001206
703 0.000672
704 0.000637
705 0.000604
706 0.000475
707 0.000449
708 0.000402
709 0.000313
710 0.000243
711 0.000215
712 0.000145
713 0.000024
714 0.000031
715 0.000094
716 0.000099
717 0.000105
718 0.000143
719 0.000151
720 0.000160
721 0.000204
722 0.000261
723 0.000000
724 0.000000
725 0.000000
726 0.000000
727 0.000000
728 0.000000
729 0.000000
730 0.000000
731 0.000000
732 0.000672
733 0.000637
734 0.000503
735 0.000475
736 0.000449
737 0.000352
738 0.000313
739 0.000295
740 0.000278
741 0.000160
742 0.000137
743 0.000121
744 0.000127
745 0.000135
746 0.000151
747 0.000193
748 0.000204
749 0.000261
750 0.000000
751 0.000000
752 0.000000
753 0.000000
754 0.000000
755 0.000000
756 0.000000
757 0.000000
758 0.000000
759 0.000000
760 0.000000
761 0.000672
762 0.000637
763 0.000503
764 0.000475
765 0.000449
766 0.000425
767 0.000402
768 0.000440
769 0.001018
770 0.000828
771 0.000233
772 0.000135
773 0.000173
774 0.000151
775 0.000170
776 0.000216
777 0.000000
778 0.000014
779 0.000009
780 0.000000
781 0.000000
782 0.000000
783 0.000000
