0 0.001029
1 0.000951
2 0.000719
3 0.000815
4 0.000610
5 0.001097
6 0.002610
7 0.010005
8 0.001252
9 0.000048
10 0.000008
11 0.000003
12 0.000003
13 0.000002
14 0.000002
15 0.000003
16 0.000006
17 0.000011
18 0.000128
19 0.003594
20 0.027051
21 0.029522
22 0.010475
23 0.003296
24 0.001285
25 0.000921
26 0.000845
27 0.000897
28 0.000782
29 0.000880
30 0.000662
31 0.000610
32 0.000562
33 0.000478
34 0.001162
35 0.001788
36 0.000481
37 0.000063
38 0.000013
39 0.000004
40 0.000002
41 0.000002
42 0.000002
43 0.000004
44 0.000007
45 0.000015
46 0.000056
47 0.001800
48 0.028545
49 0.012365
50 0.001304
51 0.000000
52 0.000843
53 0.000751
54 0.000659
55 0.000845
56 0.000880
57 0.000662
58 0.000610
59 0.000562
60 0.000477
61 0.000349
62 0.000407
63 0.000192
64 0.000059
65 0.000056
66 0.000041
67 0.000006
68 0.000001
69 0.000001
70 0.000002
71 0.000004
72 0.000016
73 0.000017
74 0.000035
75 0.000687
76 0.006921
77 0.000006
78 0.000000
79 0.000000
80 0.000000
81 0.000582
82 0.000751
83 0.000659
84 0.000815
85 0.000610
86 0.000452
87 0.000380
88 0.000349
89 0.000321
90 0.000271
91 0.000023
92 0.000007
93 0.000019
94 0.000056
95 0.000015
96 0.000003
97 0.000001
98 0.000003
99 0.000008
100 0.000014
101 0.000013
102 0.000011
103 0.000053
104 0.000001
105 0.000000
106 0.000000
107 0.000000
108 0.000000
109 0.000547
110 0.000582
111 0.000751
112 0.000610
113 0.000562
114 0.000380
115 0.000349
116 0.000000
117 0.000000
118 0.000005
119 0.000000
120 0.000000
121 0.000002
122 0.000025
123 0.000056
124 0.000009
125 0.000004
126 0.000005
127 0.000006
128 0.000009
129 0.000012
130 0.000001
131 0.000001
132 0.000001
133 0.000000
134 0.000000
135 0.000000
136 0.000010
137 0.000421
138 0.000547
139 0.000728
140 0.000562
141 0.000415
142 0.000349
143 0.000321
144 0.000000
145 0.000000
146 0.000000
147 0.000000
148 0.000001
149 0.000001
150 0.000000
151 0.000001
152 0.000002
153 0.000002
154 0.000008
155 0.000007
156 0.000020
157 0.000001
158 0.000001
159 0.000000
160 0.000000
161 0.000000
162 0.000000
163 0.000000
164 0.000429
165 0.000394
166 0.000528
167 0.000562
168 0.000518
169 0.000349
170 0.000321
171 0.000271
172 0.000009
173 0.000000
174 0.000000
175 0.000000
176 0.000000
177 0.000001
178 0.000001
179 0.000002
180 0.000003
181 0.000008
182 0.000005
183 0.000001
184 0.000001
185 0.000000
186 0.000000
187 0.000000
188 0.000000
189 0.000000
190 0.000000
191 0.000000
192 0.000334
193 0.000356
194 0.000379
195 0.000682
196 0.001161
197 0.000518
198 0.000232
199 0.000194
200 0.000106
201 0.000000
202 0.000000
203 0.000000
204 0.000000
205 0.000000
206 0.000001
207 0.000004
208 0.000142
209 0.999992
210 0.000019
211 0.000001
212 0.000000
213 0.000000
214 0.000000
215 0.000000
216 0.000000
217 0.000000
218 0.000000
219 0.000006
220 0.000334
221 0.000356
222 0.000526
223 0.000676
224 0.004203
225 0.001351
226 0.000539
227 0.000178
228 0.000116
229 0.000003
230 0.000000
231 0.000000
232 0.000000
233 0.000000
234 0.000000
235 0.000000
236 0.000001
237 0.000004
238 0.000024
239 0.000002
240 0.000001
241 0.000000
242 0.000000
243 0.000000
244 0.000000
245 0.000000
246 0.000000
247 0.000047
248 0.000050
249 0.000064
250 0.000133
251 0.000203
252 0.010011
253 0.005323
254 0.002085
255 0.000487
256 0.000139
257 0.000002
258 0.000001
259 0.000000
260 0.000000
261 0.000000
262 0.000000
263 0.000000
264 0.000000
265 0.000000
266 0.000001
267 0.000001
268 0.000001
269 0.000000
270 0.000000
271 0.000000
272 0.000000
273 0.000000
274 0.000000
275 0.000055
276 0.000058
277 0.000061
278 0.000069
279 0.000077
280 0.010008
281 0.008409
282 0.008376
283 0.002060
284 0.000552
285 0.000001
286 0.000001
287 0.000000
288 0.000000
289 0.000000
290 0.000000
291 0.000000
292 0.000000
293 0.000000
294 0.000000
295 0.000000
296 0.000000
297 0.000000
298 0.000000
299 0.000000
300 0.000000
301 0.000000
302 0.000000
303 0.000204
304 0.000282
305 0.000204
306 0.000109
307 0.000104
308 0.001811
309 0.004352
310 0.008413
311 0.008386
312 0.000300
313 0.000001
314 0.000001
315 0.000000
316 0.000000
317 0.000000
318 0.000000
319 0.000000
320 0.000000
321 0.000000
322 0.000000
323 0.000000
324 0.000000
325 0.000000
326 0.000000
327 0.000000
328 0.000000
329 0.000000
330 0.000000
331 0.000005
332 0.000199
333 0.000203
334 0.000216
335 0.000306
336 0.000299
337 0.000669
338 0.001737
339 0.004699
340 0.000090
341 0.000002
342 0.000000
343 0.000001
344 0.000000
345 0.000000
346 0.000000
347 0.000000
348 0.000000
349 0.000000
350 0.000000
351 0.000000
352 0.000000
353 0.000000
354 0.000000
355 0.000000
356 0.000000
357 0.000000
358 0.000000
359 0.000000
360 0.000149
361 0.000152
362 0.000203
363 0.000216
364 0.000099
365 0.000118
366 0.000239
367 0.000545
368 0.000002
369 0.000000
370 0.000000
371 0.000001
372 0.000001
373 0.000001
374 0.000001
375 0.000000
376 0.000000
377 0.000000
378 0.000000
379 0.000000
380 0.000000
381 0.000000
382 0.000000
383 0.000000
384 0.000000
385 0.000000
386 0.000000
387 0.000000
388 0.000017
389 0.000177
390 0.000172
391 0.000216
392 0.000068
393 0.000058
394 0.000048
395 0.000002
396 0.000000
397 0.000000
398 0.000000
399 0.000001
400 0.000029
401 0.000050
402 0.000003
403 0.000000
404 0.000000
405 0.000000
406 0.000000
407 0.000000
408 0.000000
409 0.000000
410 0.000000
411 0.000000
412 0.000000
413 0.000000
414 0.000000
415 0.000000
416 0.000000
417 0.000089
418 0.000157
419 0.000204
420 0.000074
421 0.000030
422 0.000012
423 0.000000
424 0.000000
425 0.000000
426 0.000000
427 0.000001
428 0.003610
429 0.999989
430 0.000002
431 0.000000
432 0.000000
433 0.000000
434 0.000000
435 0.000000
436 0.000000
437 0.000000
438 0.000000
439 0.000000
440 0.000000
441 0.000000
442 0.000000
443 0.000000
444 0.000000
445 0.000025
446 0.000052
447 0.000089
448 0.000054
449 0.000010
450 0.000003
451 0.000000
452 0.000000
453 0.000000
454 0.000000
455 0.000001
456 0.000113
457 0.000006
458 0.000001
459 0.000000
460 0.000000
461 0.000000
462 0.000000
463 0.000000
464 0.000000
465 0.000000
466 0.000000
467 0.000000
468 0.000000
469 0.000000
470 0.000000
471 0.000000
472 0.000000
473 0.000001
474 0.000013
475 0.000053
476 0.000162
477 0.000027
478 0.000001
479 0.000000
480 0.000000
481 0.000000
482 0.000001
483 0.000001
484 0.000001
485 0.000000
486 0.000000
487 0.000000
488 0.000000
489 0.000000
490 0.000000
491 0.000000
492 0.000000
493 0.000000
494 0.000000
495 0.000000
496 0.000000
497 0.000000
498 0.000000
499 0.000000
500 0.000000
501 0.000000
502 0.000031
503 0.000093
504 0.001081
505 0.000345
506 0.000002
507 0.000000
508 0.000000
509 0.000001
510 0.000001
511 0.000001
512 0.000000
513 0.000000
514 0.000000
515 0.000000
516 0.000000
517 0.000000
518 0.000000
519 0.000000
520 0.000000
521 0.000000
522 0.000000
523 0.000000
524 0.000000
525 0.000000
526 0.000000
527 0.000000
528 0.000000
529 0.000000
530 0.000237
531 0.000749
532 0.000934
533 0.001690
534 0.000008
535 0.000000
536 0.000001
537 0.000003
538 0.000001
539 0.000000
540 0.000000
541 0.000000
542 0.000000
543 0.000000
544 0.000000
545 0.000000
546 0.000000
547 0.000000
548 0.000000
549 0.000000
550 0.000000
551 0.000000
552 0.000000
553 0.000000
554 0.000000
555 0.000000
556 0.000000
557 0.000001
558 0.000749
559 0.000782
560 0.002527
561 0.004463
562 0.000017
563 0.000001
564 0.000010
565 0.000036
566 0.000001
567 0.000000
568 0.000000
569 0.000000
570 0.000000
571 0.000000
572 0.000000
573 0.000000
574 0.000000
575 0.000000
576 0.000000
577 0.000000
578 0.000000
579 0.000000
580 0.000000
581 0.000000
582 0.000000
583 0.000000
584 0.000000
585 0.000749
586 0.000782
587 0.000937
588 0.005387
589 0.009489
590 0.000269
591 0.000022
592 0.000017
593 0.000002
594 0.000000
595 0.000000
596 0.000000
597 0.000000
598 0.000000
599 0.000000
600 0.000000
601 0.000000
602 0.000000
603 0.000000
604 0.000000
605 0.000000
606 0.000000
607 0.000000
608 0.000000
609 0.000000
610 0.000000
611 0.000001
612 0.000718
613 0.000749
614 0.000899
615 0.000937
616 0.010893
617 0.010007
618 0.010005
619 0.000320
620 0.000019
621 0.000000
622 0.000000
623 0.000000
624 0.000000
625 0.000000
626 0.000000
627 0.000000
628 0.000000
629 0.000000
630 0.000000
631 0.000000
632 0.000000
633 0.000000
634 0.000000
635 0.000000
636 0.000000
637 0.000000
638 0.000001
639 0.000718
640 0.000749
641 0.000899
642 0.000000
643 0.000000
644 0.010007
645 0.010005
646 0.006330
647 0.002969
648 0.000458
649 0.000001
650 0.000000
651 0.000000
652 0.000000
653 0.000000
654 0.000001
655 0.000007
656 0.000051
657 0.000303
658 0.000151
659 0.000001
660 0.000000
661 0.000000
662 0.000000
663 0.000000
664 0.000000
665 0.000002
666 0.000718
667 0.000863
668 0.000899
669 0.000000
670 0.000000
671 0.000000
672 0.000000
673 0.006453
674 0.003589
675 0.001735
676 0.001269
677 0.001060
678 0.000004
679 0.000002
680 0.000005
681 0.000030
682 0.001261
683 0.001914
684 0.001852
685 0.000393
686 0.000303
687 0.000093
688 0.000027
689 0.000056
690 0.000021
691 0.000006
692 0.000027
693 0.000688
694 0.000749
695 0.000899
696 0.000000
697 0.000000
698 0.000000
699 0.000000
700 0.000000
701 0.000000
702 0.002127
703 0.001375
704 0.001321
705 0.001269
706 0.001060
707 0.001016
708 0.000934
709 0.000772
710 0.000555
711 0.002077
712 0.002057
713 0.000819
714 0.000412
715 0.000258
716 0.000116
717 0.000180
718 0.000545
719 0.000570
720 0.000596
721 0.000718
722 0.000863
723 0.000000
724 0.000000
725 0.000000
726 0.000000
727 0.000000
728 0.000000
729 0.000000
730 0.000000
731 0.000000
732 0.001375
733 0.001321
734 0.001106
735 0.001060
736 0.001016
737 0.000844
738 0.000772
739 0.002695
740 0.002675
741 0.002407
742 0.000432
743 0.000412
744 0.000426
745 0.000661
746 0.000888
747 0.000688
748 0.000718
749 0.000863
750 0.000000
751 0.000000
752 0.000000
753 0.000000
754 0.000000
755 0.000000
756 0.000000
757 0.000000
758 0.000000
759 0.000000
760 0.000000
761 0.001375
762 0.001321
763 0.001106
764 0.001060
765 0.001016
766 0.000974
767 0.001574
768 0.002841
769 0.003045
770 0.000555
771 0.000532
772 0.001312
773 0.002403
774 0.001402
775 0.000718
776 0.000750
777 0.000000
778 0.000006
779 0.000003
780 0.000000
781 0.000000
782 0.000000
783 0.000000
