0 0.010077
1 0.010080
2 0.010090
3 0.010087
4 0.010099
5 0.010115
6 0.010125
7 0.010132
8 0.000104
9 0.000004
10 0.000002
11 0.000003
12 0.000003
13 0.000004
14 0.000005
15 0.000007
16 0.000006
17 0.000007
18 0.000010
19 0.000011
20 0.000017
21 0.000018
22 0.000028
23 0.000031
24 0.000025
25 0.000028
26 0.000043
27 0.000048
28 0.010087
29 0.010082
30 0.010093
31 0.010096
32 0.010101
33 0.010110
34 0.010126
35 0.002605
36 0.000019
37 0.000002
38 0.000001
39 0.000002
40 0.000003
41 0.000004
42 0.000004
43 0.000005
44 0.000005
45 0.000008
46 0.000009
47 0.000014
48 0.000011
49 0.000017
50 0.000021
51 0.000025
52 0.000022
53 0.000035
54 0.000028
55 0.000043
56 0.010083
57 0.010093
58 0.010096
59 0.010099
60 0.010105
61 0.010119
62 0.010126
63 0.000250
64 0.000005
65 0.000001
66 0.000001
67 0.000001
68 0.000002
69 0.000003
70 0.000003
71 0.000004
72 0.000005
73 0.000005
74 0.000008
75 0.000009
76 0.000014
77 0.000013
78 0.000015
79 0.000016
80 0.000025
81 0.000022
82 0.000035
83 0.000072
84 0.010086
85 0.010096
86 0.010107
87 0.010114
88 0.010117
89 0.010121
90 0.010130
91 0.000036
92 0.000002
93 0.000001
94 0.000001
95 0.000001
96 0.000001
97 0.000002
98 0.000003
99 0.000003
100 0.000004
101 0.000005
102 0.000008
103 0.000007
104 0.000011
105 0.000011
106 0.000013
107 0.000020
108 0.000021
109 0.000020
110 0.000060
111 0.000317
112 0.010097
113 0.010099
114 0.010114
115 0.010117
116 0.005660
117 0.006102
118 0.001660
119 0.000007
120 0.000001
121 0.000001
122 0.000001
123 0.000001
124 0.000001
125 0.000001
126 0.000002
127 0.000003
128 0.000004
129 0.000005
130 0.000006
131 0.000007
132 0.000010
133 0.000008
134 0.000011
135 0.000016
136 0.000017
137 0.000049
138 0.000311
139 0.003381
140 0.010099
141 0.010111
142 0.010118
143 0.010121
144 0.005567
145 0.005440
146 0.000112
147 0.000001
148 0.000000
149 0.000000
150 0.000001
151 0.000001
152 0.000001
153 0.000001
154 0.000002
155 0.000003
156 0.000002
157 0.000003
158 0.000004
159 0.000006
160 0.000007
161 0.000006
162 0.000010
163 0.000013
164 0.000056
165 0.000343
166 0.003072
167 0.010098
168 0.010111
169 0.010117
170 0.010121
171 0.010128
172 0.006170
173 0.005653
174 0.000013
175 0.000000
176 0.000000
177 0.000000
178 0.000000
179 0.000001
180 0.000001
181 0.000001
182 0.000001
183 0.000003
184 0.000003
185 0.000003
186 0.000003
187 0.000004
188 0.000005
189 0.000006
190 0.000011
191 0.000055
192 0.000503
193 0.002720
194 0.009630
195 0.001726
196 0.010117
197 0.010120
198 0.010133
199 0.010141
200 0.007684
201 0.005946
202 0.000002
203 0.000000
204 0.000000
205 0.000000
206 0.000000
207 0.000000
208 0.000000
209 0.000001
210 0.000001
211 0.000002
212 0.000002
213 0.000003
214 0.000003
215 0.000005
216 0.000006
217 0.000012
218 0.000048
219 0.000419
220 0.005423
221 0.005499
222 0.000860
223 0.000138
224 0.010122
225 0.010133
226 0.010140
227 0.010144
228 0.010162
229 0.000076
230 0.000000
231 0.000000
232 0.000000
233 0.000000
234 0.000000
235 0.000000
236 0.000000
237 0.000000
238 0.000001
239 0.000001
240 0.000001
241 0.000002
242 0.000003
243 0.000004
244 0.000012
245 0.000074
246 0.000941
247 0.008536
248 0.002542
249 0.000232
250 0.000054
251 0.000018
252 0.010127
253 0.010142
254 0.010145
255 0.010898
256 0.011033
257 0.000006
258 0.000000
259 0.000000
260 0.000000
261 0.000000
262 0.000000
263 0.000000
264 0.000000
265 0.000000
266 0.000000
267 0.000001
268 0.000001
269 0.000001
270 0.000001
271 0.000005
272 0.000029
273 0.000753
274 0.999955
275 0.000545
276 0.000109
277 0.000019
278 0.000008
279 0.000009
280 0.010144
281 0.010942
282 0.010999
283 0.011115
284 0.011188
285 0.000001
286 0.000000
287 0.000000
288 0.000000
289 0.000000
290 0.000000
291 0.000000
292 0.000000
293 0.000000
294 0.000000
295 0.000000
296 0.000001
297 0.000001
298 0.000003
299 0.000022
300 0.000185
301 0.001747
302 0.000197
303 0.000033
304 0.000011
305 0.000005
306 0.000005
307 0.000008
308 0.010998
309 0.011075
310 0.011163
311 0.011242
312 0.000066
313 0.000000
314 0.000000
315 0.000000
316 0.000000
317 0.000000
318 0.000000
319 0.000000
320 0.000000
321 0.000000
322 0.000000
323 0.000000
324 0.000000
325 0.000002
326 0.000013
327 0.000158
328 0.000214
329 0.000037
330 0.000010
331 0.000004
332 0.000003
333 0.000004
334 0.000004
335 0.000008
336 0.011133
337 0.010746
338 0.010676
339 0.010729
340 0.000002
341 0.000000
342 0.000000
343 0.000000
344 0.000000
345 0.000000
346 0.000000
347 0.000000
348 0.000000
349 0.000000
350 0.000000
351 0.000000
352 0.000001
353 0.000007
354 0.000094
355 0.000040
356 0.000011
357 0.000003
358 0.000001
359 0.000002
360 0.000002
361 0.000002
362 0.000004
363 0.000004
364 0.010602
365 0.010619
366 0.010658
367 0.010692
368 0.000000
369 0.000000
370 0.000000
371 0.000000
372 0.000000
373 0.000000
374 0.000000
375 0.000000
376 0.000000
377 0.000000
378 0.000000
379 0.000001
380 0.000004
381 0.000015
382 0.000009
383 0.000004
384 0.000001
385 0.000001
386 0.000001
387 0.000002
388 0.000002
389 0.000002
390 0.000002
391 0.000004
392 0.010592
393 0.010632
394 0.010673
395 0.000043
396 0.000000
397 0.000000
398 0.000000
399 0.000000
400 0.000000
401 0.000000
402 0.000000
403 0.000000
404 0.000000
405 0.000000
406 0.000001
407 0.000002
408 0.000005
409 0.000003
410 0.000001
411 0.000001
412 0.000001
413 0.000001
414 0.000001
415 0.000001
416 0.000002
417 0.000002
418 0.000002
419 0.000002
420 0.010588
421 0.010628
422 0.010668
423 0.000001
424 0.000000
425 0.000000
426 0.000000
427 0.000000
428 0.000000
429 0.000000
430 0.000000
431 0.000000
432 0.000000
433 0.000000
434 0.000001
435 0.000002
436 0.000001
437 0.000000
438 0.000000
439 0.000000
440 0.000000
441 0.000001
442 0.000001
443 0.000001
444 0.000001
445 0.000001
446 0.000002
447 0.000002
448 0.010700
449 0.010632
450 0.010672
451 0.000000
452 0.000000
453 0.000000
454 0.000000
455 0.000000
456 0.000000
457 0.000000
458 0.000000
459 0.000000
460 0.000000
461 0.000000
462 0.000001
463 0.000000
464 0.000000
465 0.000000
466 0.000000
467 0.000000
468 0.000000
469 0.000001
470 0.000001
471 0.000001
472 0.000001
473 0.000001
474 0.000001
475 0.000004
476 0.010607
477 0.010668
478 0.000219
479 0.000000
480 0.000000
481 0.000000
482 0.000000
483 0.000000
484 0.000000
485 0.000000
486 0.000000
487 0.000000
488 0.000000
489 0.000000
490 0.000000
491 0.000000
492 0.000000
493 0.000000
494 0.000000
495 0.000000
496 0.000000
497 0.000001
498 0.000001
499 0.000001
500 0.000001
501 0.000004
502 0.000012
503 0.000056
504 0.010331
505 0.010544
506 0.000003
507 0.000000
508 0.000000
509 0.000000
510 0.000000
511 0.000000
512 0.000000
513 0.000000
514 0.000000
515 0.000000
516 0.000000
517 0.000000
518 0.000000
519 0.000000
520 0.000000
521 0.000000
522 0.000000
523 0.000000
524 0.000000
525 0.000000
526 0.000001
527 0.000005
528 0.000018
529 0.000074
530 0.000504
531 0.008177
532 0.010340
533 0.010352
534 0.000000
535 0.000000
536 0.000000
537 0.000000
538 0.000000
539 0.000000
540 0.000000
541 0.000000
542 0.000000
543 0.000000
544 0.000000
545 0.000000
546 0.000000
547 0.000000
548 0.000000
549 0.000000
550 0.000000
551 0.000000
552 0.000001
553 0.000006
554 0.000033
555 0.000256
556 0.002598
557 0.008814
558 0.008190
559 0.008201
560 0.010317
561 0.010323
562 0.000000
563 0.000000
564 0.000000
565 0.000000
566 0.000000
567 0.000000
568 0.000000
569 0.000000
570 0.000000
571 0.000000
572 0.000000
573 0.000000
574 0.000000
575 0.000000
576 0.000000
577 0.000000
578 0.000001
579 0.000007
580 0.000090
581 0.002210
582 0.010272
583 0.010560
584 0.011460
585 0.008249
586 0.008236
587 0.008304
588 0.010294
589 0.010317
590 0.000007
591 0.000000
592 0.000000
593 0.000000
594 0.000000
595 0.000000
596 0.000000
597 0.000000
598 0.000000
599 0.000000
600 0.000000
601 0.000000
602 0.000000
603 0.000000
604 0.000001
605 0.000024
606 0.000669
607 0.008612
608 0.008924
609 0.009450
610 0.010336
611 0.010283
612 0.008305
613 0.008289
614 0.008342
615 0.008334
616 0.010283
617 0.010293
618 0.010316
619 0.000020
620 0.000000
621 0.000000
622 0.000000
623 0.000000
624 0.000000
625 0.000000
626 0.000000
627 0.000000
628 0.000000
629 0.000000
630 0.000002
631 0.000165
632 0.008685
633 0.008559
634 0.008560
635 0.008638
636 0.008629
637 0.008914
638 0.008916
639 0.008337
640 0.008355
641 0.008419
642 0.011696
643 0.012165
644 0.010277
645 0.010282
646 0.010287
647 0.010310
648 0.000483
649 0.000000
650 0.000000
651 0.000000
652 0.000000
653 0.000000
654 0.000000
655 0.000001
656 0.000023
657 0.008013
658 0.008061
659 0.008350
660 0.008340
661 0.008261
662 0.008389
663 0.008529
664 0.008503
665 0.008430
666 0.008276
667 0.008407
668 0.008448
669 0.011874
670 0.011929
671 0.012116
672 0.000000
673 0.010277
674 0.010282
675 0.010305
676 0.010293
677 0.010316
678 0.000001
679 0.000001
680 0.000001
681 0.000023
682 0.009279
683 0.008337
684 0.007978
685 0.008090
686 0.008153
687 0.008040
688 0.007907
689 0.007973
690 0.008057
691 0.008193
692 0.008175
693 0.008181
694 0.008256
695 0.008392
696 0.011849
697 0.011877
698 0.011901
699 0.012125
700 0.000000
701 0.000000
702 0.010277
703 0.010282
704 0.010287
705 0.010292
706 0.010314
707 0.010318
708 0.010329
709 0.010355
710 0.009774
711 0.008734
712 0.008120
713 0.008023
714 0.008160
715 0.008056
716 0.007908
717 0.007927
718 0.008031
719 0.008054
720 0.008080
721 0.008181
722 0.008293
723 0.011712
724 0.011222
725 0.011839
726 0.012034
727 0.011969
728 0.000000
729 0.000000
730 0.000000
731 0.000000
732 0.010282
733 0.010286
734 0.010307
735 0.010312
736 0.010319
737 0.010346
738 0.010363
739 0.009061
740 0.008330
741 0.008114
742 0.008124
743 0.008005
744 0.007992
745 0.008011
746 0.008050
747 0.008138
748 0.008162
749 0.008258
750 0.010259
751 0.009497
752 0.009903
753 0.010742
754 0.011974
755 0.012063
756 0.000000
757 0.000000
758 0.000000
759 0.000000
760 0.000000
761 0.010279
762 0.010283
763 0.010307
764 0.010315
765 0.010325
766 0.010336
767 0.009462
768 0.008592
769 0.008159
770 0.008063
771 0.007952
772 0.008011
773 0.008097
774 0.008050
775 0.008090
776 0.008180
777 0.009036
778 0.008608
779 0.008676
780 0.009028
781 0.009480
782 0.010714
783 0.011970
