0 0.006249
1 0.006971
2 0.009875
3 0.013810
4 0.021246
5 0.014833
6 0.009217
7 0.004132
8 0.001246
9 0.000467
10 0.000560
11 0.000901
12 0.000975
13 0.001745
14 0.004688
15 0.004405
16 0.000964
17 0.000588
18 0.001319
19 0.002775
20 0.003339
21 0.002698
22 0.002622
23 0.002704
24 0.002517
25 0.003098
26 0.004558
27 0.005994
28 0.005935
29 0.006248
30 0.006702
31 0.009915
32 0.014610
33 0.022326
34 0.014148
35 0.006467
36 0.000855
37 0.000243
38 0.000326
39 0.000530
40 0.000891
41 0.001296
42 0.005621
43 0.008285
44 0.002469
45 0.000597
46 0.000734
47 0.001563
48 0.002431
49 0.002206
50 0.000002
51 0.000000
52 0.002927
53 0.004393
54 0.005789
55 0.008478
56 0.006142
57 0.005931
58 0.005990
59 0.006728
60 0.009967
61 0.016829
62 0.022641
63 0.007299
64 0.001241
65 0.000254
66 0.000243
67 0.000333
68 0.000549
69 0.001503
70 0.004663
71 0.012804
72 0.006374
73 0.000716
74 0.000382
75 0.000719
76 0.000016
77 0.000000
78 0.000000
79 0.000000
80 0.000000
81 0.005666
82 0.008478
83 0.008363
84 0.005621
85 0.005867
86 0.005679
87 0.005801
88 0.007131
89 0.010621
90 0.017233
91 0.006427
92 0.001379
93 0.000486
94 0.000229
95 0.000207
96 0.000449
97 0.001785
98 0.003495
99 0.012224
100 0.010067
101 0.000892
102 0.000002
103 0.000000
104 0.000000
105 0.000000
106 0.000000
107 0.000000
108 0.000353
109 0.008363
110 0.008363
111 0.009207
112 0.004590
113 0.005128
114 0.005408
115 0.005700
116 0.000000
117 0.000000
118 0.000000
119 0.000001
120 0.000009
121 0.000411
122 0.000491
123 0.000222
124 0.000466
125 0.001445
126 0.003969
127 0.001229
128 0.000159
129 0.000002
130 0.000000
131 0.000000
132 0.000000
133 0.000000
134 0.000000
135 0.000265
136 0.003787
137 0.008249
138 0.008507
139 0.007192
140 0.004210
141 0.004088
142 0.004580
143 0.005152
144 0.000000
145 0.000000
146 0.000000
147 0.000000
148 0.000000
149 0.000000
150 0.000000
151 0.000001
152 0.000008
153 0.000014
154 0.000036
155 0.000005
156 0.000001
157 0.000000
158 0.000000
159 0.000000
160 0.000000
161 0.000001
162 0.000098
163 0.000525
164 0.008363
165 0.007863
166 0.006654
167 0.005505
168 0.005950
169 0.004198
170 0.003857
171 0.004216
172 0.000281
173 0.000000
174 0.000000
175 0.000000
176 0.000000
177 0.000000
178 0.000000
179 0.000000
180 0.000000
181 0.000000
182 0.000000
183 0.000000
184 0.000000
185 0.000000
186 0.000000
187 0.000000
188 0.000000
189 0.000028
190 0.000546
191 0.002633
192 0.007469
193 0.006158
194 0.005024
195 0.005207
196 0.008341
197 0.006537
198 0.004780
199 0.003628
200 0.001477
201 0.000004
202 0.000000
203 0.000000
204 0.000000
205 0.000000
206 0.000000
207 0.000000
208 0.000000
209 0.000000
210 0.000000
211 0.000000
212 0.000000
213 0.000000
214 0.000000
215 0.000000
216 0.000000
217 0.000013
218 0.000157
219 0.001944
220 0.006002
221 0.005178
222 0.005713
223 0.008561
224 0.010192
225 0.009380
226 0.007381
227 0.004984
228 0.003480
229 0.000157
230 0.000000
231 0.000000
232 0.000000
233 0.000000
234 0.000000
235 0.000000
236 0.000000
237 0.000000
238 0.000000
239 0.000000
240 0.000000
241 0.000000
242 0.000000
243 0.000000
244 0.000000
245 0.000001
246 0.000020
247 0.000341
248 0.000581
249 0.001152
250 0.002563
251 0.004744
252 0.010000
253 0.010000
254 0.010181
255 0.005810
256 0.001584
257 0.000029
258 0.000000
259 0.000000
260 0.000000
261 0.000000
262 0.000000
263 0.000000
264 0.000000
265 0.000000
266 0.000000
267 0.000000
268 0.000000
269 0.000000
270 0.000029
271 0.000112
272 0.000002
273 0.000000
274 0.000006
275 0.000093
276 0.000159
277 0.000403
278 0.000642
279 0.000725
280 0.011199
281 0.006165
282 0.003602
283 0.001888
284 0.001013
285 0.000012
286 0.000000
287 0.000000
288 0.000000
289 0.000000
290 0.000000
291 0.000000
292 0.000000
293 0.000000
294 0.000000
295 0.000000
296 0.000000
297 0.000015
298 1.000000
299 0.001365
300 0.000035
301 0.000001
302 0.000015
303 0.000409
304 0.000350
305 0.000273
306 0.000269
307 0.000233
308 0.002811
309 0.002285
310 0.001751
311 0.001033
312 0.000225
313 0.000009
314 0.000000
315 0.000000
316 0.000000
317 0.000000
318 0.000000
319 0.000001
320 0.000002
321 0.000000
322 0.000000
323 0.000000
324 0.000004
325 0.000130
326 0.000327
327 0.002328
328 0.000626
329 0.000115
330 0.000109
331 0.000802
332 0.001389
333 0.000629
334 0.000393
335 0.000305
336 0.001281
337 0.000915
338 0.000889
339 0.000933
340 0.000074
341 0.000003
342 0.000000
343 0.000000
344 0.000001
345 0.000001
346 0.000000
347 0.000000
348 0.000000
349 0.000000
350 0.000001
351 0.000043
352 0.000381
353 0.000069
354 0.000006
355 0.000110
356 0.000489
357 0.000368
358 0.000103
359 0.000538
360 0.003918
361 0.002037
362 0.001869
363 0.001496
364 0.001168
365 0.000932
366 0.000720
367 0.000471
368 0.000009
369 0.000001
370 0.000001
371 0.000016
372 0.000490
373 0.000128
374 0.000001
375 0.000000
376 0.000000
377 0.000000
378 0.000032
379 0.002438
380 0.006552
381 0.000373
382 0.000009
383 0.000004
384 0.000649
385 0.000329
386 0.000040
387 0.000078
388 0.003202
389 0.008727
390 0.009398
391 0.004887
392 0.001756
393 0.000984
394 0.000485
395 0.000104
396 0.000002
397 0.000001
398 0.000005
399 0.000242
400 1.000000
401 0.000766
402 0.000001
403 0.000000
404 0.000000
405 0.000000
406 0.000138
407 0.003242
408 0.020266
409 0.005284
410 0.000335
411 0.000012
412 0.000020
413 0.000164
414 0.000027
415 0.000010
416 0.000448
417 0.005817
418 0.006404
419 0.004215
420 0.001114
421 0.001042
422 0.000946
423 0.000067
424 0.000002
425 0.000001
426 0.000018
427 0.000432
428 0.000759
429 0.000107
430 0.000001
431 0.000000
432 0.000000
433 0.000001
434 0.000028
435 0.000572
436 0.011434
437 0.016020
438 0.013527
439 0.001240
440 0.000023
441 0.000082
442 0.000039
443 0.000004
444 0.000018
445 0.000897
446 0.000914
447 0.001112
448 0.003159
449 0.002820
450 0.001782
451 0.000050
452 0.000002
453 0.000006
454 0.000038
455 0.000190
456 0.000017
457 0.000002
458 0.000002
459 0.000002
460 0.000002
461 0.000003
462 0.000014
463 0.000073
464 0.000289
465 0.007530
466 0.036491
467 0.019017
468 0.000706
469 0.000029
470 0.000029
471 0.000002
472 0.000001
473 0.000050
474 0.000170
475 0.000458
476 0.005081
477 0.007568
478 0.005392
479 0.000098
480 0.000006
481 0.000023
482 0.000128
483 0.000016
484 0.000003
485 0.000003
486 0.000034
487 0.000043
488 0.000061
489 0.000025
490 0.000005
491 0.000012
492 0.000020
493 0.000190
494 0.989005
495 0.313510
496 0.002164
497 0.000117
498 0.000004
499 0.000002
500 0.000000
501 0.000009
502 0.000175
503 0.000452
504 0.004303
505 0.012321
506 0.002842
507 0.000046
508 0.000022
509 0.000115
510 0.000116
511 0.000014
512 0.000018
513 0.000126
514 0.000606
515 0.001244
516 0.000141
517 0.000008
518 0.000009
519 0.000002
520 0.000003
521 0.000025
522 0.000805
523 0.009514
524 0.010350
525 0.000223
526 0.000019
527 0.000004
528 0.000002
529 0.000013
530 0.000429
531 0.000715
532 0.007570
533 0.010000
534 0.000402
535 0.000008
536 0.000046
537 0.000180
538 0.000048
539 0.000073
540 0.001012
541 0.014437
542 1.000000
543 0.002621
544 0.000169
545 0.000013
546 0.000002
547 0.000001
548 0.000000
549 0.000000
550 0.000003
551 0.000019
552 0.002224
553 0.010710
554 0.000383
555 0.000061
556 0.000039
557 0.000076
558 0.000795
559 0.000779
560 0.010000
561 0.010000
562 0.000282
563 0.000015
564 0.000044
565 0.000028
566 0.000074
567 0.001170
568 0.016438
569 0.015211
570 0.006396
571 0.001738
572 0.000755
573 0.000017
574 0.000001
575 0.000000
576 0.000000
577 0.000000
578 0.000000
579 0.000003
580 0.000110
581 0.013297
582 0.008326
583 0.000319
584 0.000154
585 0.002065
586 0.001169
587 0.001062
588 0.010000
589 0.007251
590 0.000753
591 0.000036
592 0.000062
593 0.000120
594 0.000666
595 0.005261
596 0.002824
597 0.001588
598 0.000484
599 0.000158
600 0.000167
601 0.000027
602 0.000002
603 0.000000
604 0.000000
605 0.000000
606 0.000001
607 0.000002
608 0.000012
609 0.000277
610 0.009586
611 0.004441
612 0.006815
613 0.003813
614 0.002458
615 0.001613
616 0.007394
617 0.004832
618 0.002846
619 0.000458
620 0.000611
621 0.002396
622 0.002496
623 0.001358
624 0.000374
625 0.000059
626 0.000039
627 0.000067
628 0.000136
629 0.000091
630 0.000035
631 0.000022
632 0.000021
633 0.000006
634 0.000003
635 0.000002
636 0.000004
637 0.000029
638 0.001618
639 0.011435
640 0.010074
641 0.007565
642 0.000000
643 0.000012
644 0.005053
645 0.003376
646 0.002463
647 0.002202
648 0.003137
649 0.002476
650 0.000333
651 0.000071
652 0.000060
653 0.000113
654 0.000168
655 0.000500
656 0.002293
657 0.004235
658 0.001242
659 0.000402
660 0.000123
661 0.000084
662 0.000027
663 0.000010
664 0.000011
665 0.000184
666 0.003172
667 0.007436
668 0.011331
669 0.000002
670 0.000001
671 0.000043
672 0.000000
673 0.002609
674 0.002565
675 0.002776
676 0.004489
677 0.006693
678 0.000566
679 0.000370
680 0.000655
681 0.002131
682 0.010000
683 0.010096
684 0.006094
685 0.004292
686 0.002612
687 0.001773
688 0.000696
689 0.000489
690 0.000173
691 0.000123
692 0.000199
693 0.000839
694 0.001706
695 0.003846
696 0.000001
697 0.000002
698 0.000001
699 0.000006
700 0.000000
701 0.000000
702 0.002927
703 0.004190
704 0.006730
705 0.010000
706 0.010000
707 0.010000
708 0.010000
709 0.010000
710 0.010000
711 0.009030
712 0.004354
713 0.004206
714 0.006889
715 0.003600
716 0.001302
717 0.000511
718 0.000514
719 0.000538
720 0.000563
721 0.000681
722 0.001055
723 0.000000
724 0.000003
725 0.000009
726 0.000002
727 0.000002
728 0.000000
729 0.000000
730 0.000000
731 0.000000
732 0.010000
733 0.010000
734 0.010000
735 0.010000
736 0.010000
737 0.010000
738 0.009815
739 0.006327
740 0.004229
741 0.004563
742 0.010355
743 0.007309
744 0.002477
745 0.000905
746 0.000556
747 0.000652
748 0.000681
749 0.000821
750 0.000000
751 0.000000
752 0.000000
753 0.000008
754 0.000006
755 0.000002
756 0.000000
757 0.000000
758 0.000002
759 0.000007
760 0.000000
761 0.010000
762 0.010000
763 0.010000
764 0.010000
765 0.010000
766 0.008542
767 0.004688
768 0.004210
769 0.007266
770 0.010720
771 0.010310
772 0.004114
773 0.001726
774 0.000695
775 0.000593
776 0.000711
777 0.000032
778 0.001008
779 0.000931
780 0.000353
781 0.000010
782 0.000002
783 0.000001
