0 0.003144
1 0.003018
2 0.002601
3 0.002780
4 0.002381
5 0.002027
6 0.001845
7 0.001761
8 0.000328
9 0.000056
10 0.000041
11 0.000036
12 0.000039
13 0.000039
14 0.000037
15 0.000042
16 0.000074
17 0.000157
18 0.001125
19 0.005305
20 0.006605
21 0.003573
22 0.001863
23 0.001357
24 0.001133
25 0.001192
26 0.001458
27 0.001529
28 0.002719
29 0.002896
30 0.002488
31 0.002381
32 0.002278
33 0.002087
34 0.001761
35 0.001054
36 0.000119
37 0.000027
38 0.000025
39 0.000027
40 0.000027
41 0.000033
42 0.000035
43 0.000045
44 0.000096
45 0.000286
46 0.000665
47 0.002211
48 0.003420
49 0.001807
50 0.000000
51 0.000000
52 0.001077
53 0.001326
54 0.001192
55 0.001458
56 0.002897
57 0.002488
58 0.002381
59 0.002278
60 0.002087
61 0.001761
62 0.001680
63 0.000424
64 0.000055
65 0.000017
66 0.000023
67 0.000019
68 0.000016
69 0.000020
70 0.000027
71 0.000071
72 0.000226
73 0.000366
74 0.000296
75 0.000555
76 0.000000
77 0.000000
78 0.000000
79 0.000000
80 0.000000
81 0.001077
82 0.001326
83 0.001192
84 0.002781
85 0.002381
86 0.002028
87 0.001845
88 0.001761
89 0.001680
90 0.001531
91 0.000155
92 0.000021
93 0.000013
94 0.000013
95 0.000013
96 0.000013
97 0.000023
98 0.000041
99 0.000135
100 0.000288
101 0.000026
102 0.000000
103 0.000000
104 0.000000
105 0.000000
106 0.000000
107 0.000000
108 0.000000
109 0.001024
110 0.001077
111 0.001326
112 0.002443
113 0.002329
114 0.001973
115 0.001761
116 0.000000
117 0.000000
118 0.000000
119 0.000000
120 0.000000
121 0.000001
122 0.000011
123 0.000011
124 0.000018
125 0.000024
126 0.000085
127 0.000001
128 0.000000
129 0.000000
130 0.000000
131 0.000000
132 0.000000
133 0.000000
134 0.000000
135 0.000000
136 0.000153
137 0.000826
138 0.001024
139 0.001265
140 0.002470
141 0.002111
142 0.002163
143 0.002144
144 0.000000
145 0.000000
146 0.000000
147 0.000000
148 0.000000
149 0.000000
150 0.000000
151 0.000000
152 0.000000
153 0.000000
154 0.000000
155 0.000000
156 0.000000
157 0.000000
158 0.000000
159 0.000000
160 0.000000
161 0.000000
162 0.000000
163 0.000000
164 0.000839
165 0.000783
166 0.000974
167 0.001024
168 0.002229
169 0.002289
170 0.002552
171 0.002633
172 0.000000
173 0.000000
174 0.000000
175 0.000000
176 0.000000
177 0.000000
178 0.000000
179 0.000000
180 0.000000
181 0.000000
182 0.000000
183 0.000000
184 0.000000
185 0.000000
186 0.000000
187 0.000000
188 0.000000
189 0.000000
190 0.000000
191 0.000001
192 0.000668
193 0.000704
194 0.000743
195 0.001069
196 0.002229
197 0.002229
198 0.001999
199 0.002792
200 0.000001
201 0.000000
202 0.000000
203 0.000000
204 0.000000
205 0.000000
206 0.000000
207 0.000000
208 0.000000
209 0.000000
210 0.000000
211 0.000000
212 0.000000
213 0.000000
214 0.000000
215 0.000000
216 0.000000
217 0.000000
218 0.000000
219 0.000010
220 0.000668
221 0.000704
222 0.000819
223 0.001025
224 0.002229
225 0.001998
226 0.001999
227 0.001999
228 0.002857
229 0.000000
230 0.000000
231 0.000000
232 0.000000
233 0.000000
234 0.000000
235 0.000000
236 0.000000
237 0.000000
238 0.000000
239 0.000000
240 0.000000
241 0.000000
242 0.000000
243 0.000000
244 0.000000
245 0.000000
246 0.000000
247 0.000001
248 0.000003
249 0.000006
250 0.000018
251 0.000049
252 0.002229
253 0.001998
254 0.001998
255 0.000588
256 0.000025
257 0.000000
258 0.000000
259 0.000000
260 0.000000
261 0.000000
262 0.000000
263 0.000000
264 0.000000
265 0.000000
266 0.000000
267 0.000000
268 0.000000
269 0.000000
270 0.000000
271 0.000000
272 0.000000
273 0.000000
274 0.000000
275 0.000000
276 0.000000
277 0.000001
278 0.000001
279 0.000002
280 0.001872
281 0.000192
282 0.000041
283 0.000004
284 0.000001
285 0.000000
286 0.000000
287 0.000000
288 0.000000
289 0.000000
290 0.000000
291 0.000000
292 0.000000
293 0.000000
294 0.000000
295 0.000000
296 0.000000
297 0.000000
298 0.000000
299 0.000000
300 0.000000
301 0.000000
302 0.000000
303 0.000000
304 0.000000
305 0.000001
306 0.000001
307 0.000001
308 0.000029
309 0.000006
310 0.000001
311 0.000001
312 0.000000
313 0.000000
314 0.000000
315 0.000000
316 0.000000
317 0.000000
318 0.000001
319 0.000000
320 0.000000
321 0.000000
322 0.000000
323 0.000000
324 0.000000
325 0.000000
326 0.000000
327 0.000000
328 0.000000
329 0.000000
330 0.000000
331 0.000000
332 0.000000
333 0.000001
334 0.000001
335 0.000001
336 0.000002
337 0.000001
338 0.000001
339 0.000000
340 0.000000
341 0.000000
342 0.000000
343 0.000000
344 0.000000
345 0.000001
346 0.000001
347 0.000001
348 0.000000
349 0.000000
350 0.000000
351 0.000000
352 0.000000
353 0.000000
354 0.000000
355 0.000000
356 0.000000
357 0.000000
358 0.000000
359 0.000000
360 0.000000
361 0.000001
362 0.000001
363 0.000001
364 0.000001
365 0.000001
366 0.000001
367 0.000000
368 0.000000
369 0.000000
370 0.000000
371 0.000000
372 0.000000
373 0.000001
374 0.000001
375 0.000001
376 0.000000
377 0.000000
378 0.000000
379 0.000000
380 0.000000
381 0.000000
382 0.000000
383 0.000000
384 0.000000
385 0.000000
386 0.000000
387 0.000000
388 0.000000
389 0.000001
390 0.000001
391 0.000001
392 0.000003
393 0.000001
394 0.000001
395 0.000000
396 0.000000
397 0.000000
398 0.000000
399 0.000000
400 0.000001
401 0.000001
402 0.000001
403 0.000000
404 0.000000
405 0.000000
406 0.000000
407 0.000000
408 0.000000
409 0.000000
410 0.000000
411 0.000000
412 0.000000
413 0.000000
414 0.000000
415 0.000000
416 0.000000
417 0.000001
418 0.000001
419 0.000001
420 0.000008
421 0.000004
422 0.000001
423 0.000000
424 0.000000
425 0.000000
426 0.000000
427 0.000001
428 0.000002
429 0.000001
430 0.000000
431 0.000000
432 0.000000
433 0.000000
434 0.000000
435 0.000000
436 0.000000
437 0.000000
438 0.000000
439 0.000000
440 0.000000
441 0.000000
442 0.000000
443 0.000000
444 0.000000
445 0.000001
446 0.000001
447 0.000002
448 0.000016
449 0.000011
450 0.000005
451 0.000000
452 0.000000
453 0.000000
454 0.000001
455 0.000010
456 0.000002
457 0.000000
458 0.000000
459 0.000000
460 0.000000
461 0.000000
462 0.000000
463 0.000000
464 0.000000
465 0.000000
466 0.000000
467 0.000000
468 0.000000
469 0.000000
470 0.000000
471 0.000000
472 0.000000
473 0.000001
474 0.000003
475 0.000008
476 0.000019
477 0.000016
478 0.000003
479 0.000000
480 0.000000
481 0.000001
482 0.000099
483 0.003380
484 0.000001
485 0.000000
486 0.000000
487 0.000000
488 0.000000
489 0.000000
490 0.000000
491 0.000000
492 0.000000
493 0.000000
494 0.000001
495 0.000001
496 0.000000
497 0.000000
498 0.000000
499 0.000000
500 0.000000
501 0.000001
502 0.000010
503 0.000012
504 0.000029
505 0.000019
506 0.000001
507 0.000000
508 0.000000
509 0.000025
510 0.999987
511 0.000008
512 0.000000
513 0.000000
514 0.000000
515 0.000000
516 0.000000
517 0.000000
518 0.000000
519 0.000000
520 0.000001
521 0.000001
522 0.000003
523 0.000003
524 0.000000
525 0.000000
526 0.000000
527 0.000000
528 0.000000
529 0.000000
530 0.000015
531 0.000019
532 0.000026
533 0.000027
534 0.000001
535 0.000000
536 0.000006
537 0.002687
538 0.000013
539 0.000000
540 0.000000
541 0.000000
542 0.000000
543 0.000000
544 0.000000
545 0.000000
546 0.000000
547 0.000000
548 0.000001
549 0.000012
550 0.000834
551 0.000116
552 0.000001
553 0.000000
554 0.000000
555 0.000000
556 0.000000
557 0.000001
558 0.000019
559 0.000020
560 0.000072
561 0.000248
562 0.000007
563 0.000002
564 0.000182
565 0.000031
566 0.000000
567 0.000000
568 0.000000
569 0.000000
570 0.000000
571 0.000000
572 0.000000
573 0.000000
574 0.000000
575 0.000000
576 0.000001
577 0.000008
578 0.999985
579 0.004102
580 0.000103
581 0.000002
582 0.000000
583 0.000000
584 0.000000
585 0.000019
586 0.000020
587 0.000028
588 0.000408
589 0.001667
590 0.000461
591 0.000120
592 0.000072
593 0.000001
594 0.000000
595 0.000000
596 0.000000
597 0.000000
598 0.000000
599 0.000000
600 0.000001
601 0.000001
602 0.000001
603 0.000000
604 0.000001
605 0.000002
606 0.000008
607 0.001065
608 0.003152
609 0.000579
610 0.000038
611 0.000001
612 0.000018
613 0.000019
614 0.000026
615 0.000028
616 0.002784
617 0.010084
618 0.010019
619 0.000841
620 0.000005
621 0.000000
622 0.000000
623 0.000000
624 0.000000
625 0.000000
626 0.000001
627 0.000001
628 0.000001
629 0.000001
630 0.000000
631 0.000000
632 0.000001
633 0.000001
634 0.000001
635 0.000010
636 0.000283
637 0.002240
638 0.003810
639 0.000050
640 0.000019
641 0.000026
642 0.000000
643 0.000000
644 0.010353
645 0.010018
646 0.001979
647 0.000299
648 0.000029
649 0.000000
650 0.000000
651 0.000001
652 0.000004
653 0.000011
654 0.000001
655 0.000000
656 0.000000
657 0.000000
658 0.000000
659 0.000000
660 0.000001
661 0.000001
662 0.000001
663 0.000001
664 0.000012
665 0.001401
666 0.001298
667 0.000267
668 0.000076
669 0.000000
670 0.000000
671 0.000000
672 0.000000
673 0.002113
674 0.000480
675 0.000085
676 0.000057
677 0.000038
678 0.000013
679 0.000009
680 0.000009
681 0.000004
682 0.000001
683 0.000000
684 0.000000
685 0.000000
686 0.000000
687 0.000000
688 0.000001
689 0.000010
690 0.000004
691 0.000009
692 0.000121
693 0.006567
694 0.010021
695 0.001383
696 0.000000
697 0.000000
698 0.000000
699 0.000000
700 0.000000
701 0.000000
702 0.000139
703 0.000069
704 0.000063
705 0.000057
706 0.000038
707 0.000035
708 0.000029
709 0.000019
710 0.000002
711 0.000000
712 0.000000
713 0.000000
714 0.000000
715 0.000001
716 0.000005
717 0.000008
718 0.000011
719 0.000029
720 0.000134
721 0.000912
722 0.010027
723 0.000000
724 0.000001
725 0.000000
726 0.000000
727 0.000000
728 0.000000
729 0.000000
730 0.000000
731 0.000000
732 0.000069
733 0.000063
734 0.000042
735 0.000038
736 0.000035
737 0.000023
738 0.000019
739 0.000001
740 0.000000
741 0.000000
742 0.000000
743 0.000001
744 0.000010
745 0.000011
746 0.000012
747 0.000016
748 0.000054
749 0.000279
750 0.000002
751 0.000002
752 0.000002
753 0.000001
754 0.000000
755 0.000000
756 0.000000
757 0.000000
758 0.000000
759 0.000000
760 0.000000
761 0.000069
762 0.000063
763 0.000042
764 0.000038
765 0.000035
766 0.000032
767 0.000002
768 0.000000
769 0.000000
770 0.000000
771 0.000002
772 0.000011
773 0.000014
774 0.000012
775 0.000014
776 0.000020
777 0.000001
778 0.000094
779 0.000402
780 0.000077
781 0.000001
782 0.000001
783 0.000000
