0 0.004319
1 0.004190
2 0.003754
3 0.003944
4 0.003516
5 0.003120
6 0.002981
7 0.003891
8 0.001546
9 0.000885
10 0.001543
11 0.002004
12 0.002146
13 0.001940
14 0.000678
15 0.000251
16 0.000249
17 0.000452
18 0.000819
19 0.000988
20 0.001274
21 0.001331
22 0.001605
23 0.001673
24 0.001520
25 0.001589
26 0.002139
27 0.003188
28 0.003880
29 0.004065
30 0.003633
31 0.003516
32 0.003403
33 0.003188
34 0.002808
35 0.001909
36 0.000517
37 0.000551
38 0.001624
39 0.001929
40 0.001970
41 0.001868
42 0.000679
43 0.000196
44 0.000141
45 0.000379
46 0.000722
47 0.001034
48 0.001049
49 0.001274
50 0.000003
51 0.000000
52 0.001454
53 0.001981
54 0.002980
55 0.005159
56 0.004065
57 0.003633
58 0.003516
59 0.003403
60 0.003188
61 0.002808
62 0.002711
63 0.000835
64 0.000250
65 0.000369
66 0.001316
67 0.001996
68 0.001864
69 0.001270
70 0.000640
71 0.000214
72 0.000121
73 0.000192
74 0.000523
75 0.000798
76 0.000019
77 0.000000
78 0.000000
79 0.000000
80 0.000000
81 0.002815
82 0.005009
83 0.007555
84 0.003944
85 0.003516
86 0.003120
87 0.002908
88 0.002807
89 0.002711
90 0.002528
91 0.000355
92 0.000145
93 0.000298
94 0.000786
95 0.001332
96 0.001701
97 0.000873
98 0.000544
99 0.000281
100 0.000141
101 0.000065
102 0.000007
103 0.000000
104 0.000000
105 0.000000
106 0.000000
107 0.000000
108 0.003910
109 0.004815
110 0.007498
111 0.009589
112 0.003516
113 0.003403
114 0.002908
115 0.002807
116 0.000000
117 0.000000
118 0.000000
119 0.000000
120 0.000006
121 0.000203
122 0.000476
123 0.000891
124 0.000861
125 0.000592
126 0.000458
127 0.000081
128 0.000005
129 0.000000
130 0.000000
131 0.000000
132 0.000000
133 0.000000
134 0.000000
135 0.000176
136 0.004677
137 0.007466
138 0.009843
139 0.010693
140 0.003403
141 0.003012
142 0.002807
143 0.002711
144 0.000000
145 0.000000
146 0.000000
147 0.000000
148 0.000000
149 0.000000
150 0.000000
151 0.000009
152 0.000025
153 0.000011
154 0.000010
155 0.000002
156 0.000000
157 0.000000
158 0.000000
159 0.000000
160 0.000000
161 0.000000
162 0.000057
163 0.004431
164 0.008792
165 0.010135
166 0.013187
167 0.014679
168 0.003012
169 0.002807
170 0.002711
171 0.002528
172 0.000000
173 0.000000
174 0.000000
175 0.000000
176 0.000000
177 0.000000
178 0.000000
179 0.000000
180 0.000000
181 0.000000
182 0.000000
183 0.000000
184 0.000000
185 0.000000
186 0.000000
187 0.000000
188 0.000000
189 0.000024
190 0.006065
191 0.009458
192 0.010509
193 0.014790
194 0.010800
195 0.009258
196 0.002807
197 0.002711
198 0.002371
199 0.002201
200 0.000010
201 0.000000
202 0.000000
203 0.000000
204 0.000000
205 0.000000
206 0.000000
207 0.000000
208 0.000000
209 0.000000
210 0.000000
211 0.000000
212 0.000000
213 0.000000
214 0.000000
215 0.000000
216 0.000008
217 0.007076
218 0.009967
219 0.010868
220 0.016198
221 0.009707
222 0.007708
223 0.004670
224 0.002711
225 0.002371
226 0.002201
227 0.002120
228 0.001763
229 0.000000
230 0.000000
231 0.000000
232 0.000000
233 0.000000
234 0.000000
235 0.000000
236 0.000000
237 0.000000
238 0.000000
239 0.000000
240 0.000000
241 0.000000
242 0.000000
243 0.000001
244 0.000252
245 0.999986
246 0.012407
247 0.013416
248 0.008318
249 0.005051
250 0.002652
251 0.001577
252 0.002618
253 0.002201
254 0.002120
255 0.001499
256 0.000579
257 0.000000
258 0.000000
259 0.000000
260 0.000000
261 0.000000
262 0.000000
263 0.000000
264 0.000000
265 0.000000
266 0.000000
267 0.000000
268 0.000000
269 0.000000
270 0.000000
271 0.000001
272 0.000026
273 0.000477
274 0.001028
275 0.002118
276 0.003099
277 0.001485
278 0.001185
279 0.001066
280 0.003012
281 0.001143
282 0.000777
283 0.000452
284 0.000303
285 0.000000
286 0.000000
287 0.000000
288 0.000000
289 0.000000
290 0.000000
291 0.000000
292 0.000000
293 0.000000
294 0.000000
295 0.000000
296 0.000001
297 0.000002
298 0.000015
299 0.000023
300 0.000007
301 0.000013
302 0.000052
303 0.000079
304 0.000078
305 0.000157
306 0.000270
307 0.000568
308 0.001942
309 0.001143
310 0.000484
311 0.000226
312 0.000030
313 0.000004
314 0.000000
315 0.000000
316 0.000000
317 0.000000
318 0.000000
319 0.000000
320 0.000000
321 0.000000
322 0.000000
323 0.000000
324 0.000004
325 0.001745
326 0.999995
327 0.000867
328 0.000021
329 0.000007
330 0.000009
331 0.000009
332 0.000009
333 0.000019
334 0.000039
335 0.000106
336 0.002536
337 0.001387
338 0.000796
339 0.000383
340 0.000007
341 0.000003
342 0.000000
343 0.000000
344 0.000000
345 0.000000
346 0.000000
347 0.000000
348 0.000000
349 0.000000
350 0.000000
351 0.000000
352 0.000004
353 0.003006
354 0.063741
355 0.021580
356 0.000071
357 0.000005
358 0.000008
359 0.000018
360 0.000024
361 0.000015
362 0.000013
363 0.000020
364 0.002290
365 0.002547
366 0.001326
367 0.000573
368 0.000011
369 0.000007
370 0.000007
371 0.000000
372 0.000000
373 0.000000
374 0.000000
375 0.000000
376 0.000000
377 0.000000
378 0.000000
379 0.000000
380 0.000010
381 0.000558
382 0.001857
383 0.004650
384 0.000091
385 0.000013
386 0.000004
387 0.000053
388 0.000090
389 0.000084
390 0.000048
391 0.000036
392 0.000732
393 0.000745
394 0.000766
395 0.000241
396 0.000061
397 0.000177
398 0.003159
399 0.000000
400 0.000000
401 0.000000
402 0.000000
403 0.000000
404 0.000000
405 0.000000
406 0.000000
407 0.000008
408 0.000039
409 0.000007
410 0.000023
411 0.000053
412 0.000044
413 0.000003
414 0.000003
415 0.000014
416 0.000135
417 0.000359
418 0.000241
419 0.000129
420 0.000243
421 0.000306
422 0.000572
423 0.000068
424 0.000145
425 0.999991
426 0.001694
427 0.000000
428 0.000000
429 0.000000
430 0.000000
431 0.000000
432 0.000000
433 0.000000
434 0.000000
435 0.000001
436 0.000006
437 0.000004
438 0.000001
439 0.000003
440 0.000009
441 0.000002
442 0.000000
443 0.000001
444 0.000090
445 0.000375
446 0.000745
447 0.001282
448 0.000388
449 0.000345
450 0.000486
451 0.000056
452 0.000091
453 0.009112
454 0.000097
455 0.000000
456 0.000000
457 0.000000
458 0.000000
459 0.000000
460 0.000000
461 0.000000
462 0.000000
463 0.000000
464 0.000000
465 0.000000
466 0.000002
467 0.000002
468 0.000003
469 0.000001
470 0.000000
471 0.000000
472 0.000010
473 0.000837
474 0.004524
475 0.003341
476 0.001751
477 0.001636
478 0.000445
479 0.000043
480 0.000143
481 0.000080
482 0.000001
483 0.000000
484 0.000000
485 0.000000
486 0.000000
487 0.000000
488 0.000000
489 0.000000
490 0.000000
491 0.000000
492 0.000000
493 0.000000
494 0.000000
495 0.000007
496 0.000008
497 0.000005
498 0.000001
499 0.000000
500 0.000003
501 0.000292
502 0.006073
503 0.011761
504 0.009025
505 0.007083
506 0.000325
507 0.000090
508 0.000888
509 0.000003
510 0.000000
511 0.000000
512 0.000000
513 0.000000
514 0.000000
515 0.000000
516 0.000000
517 0.000000
518 0.000000
519 0.000000
520 0.000000
521 0.000000
522 0.000000
523 0.000001
524 0.000081
525 0.000256
526 0.000075
527 0.000003
528 0.000001
529 0.000089
530 0.002385
531 0.004808
532 0.010003
533 0.007113
534 0.000663
535 0.000716
536 0.000190
537 0.000002
538 0.000000
539 0.000000
540 0.000000
541 0.000000
542 0.000000
543 0.000000
544 0.000000
545 0.000000
546 0.000000
547 0.000000
548 0.000000
549 0.000000
550 0.000000
551 0.000000
552 0.000023
553 0.999972
554 0.004004
555 0.000136
556 0.000006
557 0.000020
558 0.000604
559 0.001721
560 0.006459
561 0.004385
562 0.000680
563 0.001679
564 0.000043
565 0.000000
566 0.000000
567 0.000000
568 0.000000
569 0.000000
570 0.000000
571 0.000000
572 0.000000
573 0.000000
574 0.000000
575 0.000000
576 0.000000
577 0.000000
578 0.000000
579 0.000000
580 0.000002
581 0.000131
582 0.011373
583 0.003738
584 0.000065
585 0.001103
586 0.000546
587 0.000426
588 0.004525
589 0.002824
590 0.001687
591 0.000081
592 0.000004
593 0.000000
594 0.000001
595 0.000001
596 0.000001
597 0.000000
598 0.000000
599 0.000000
600 0.000000
601 0.000000
602 0.000000
603 0.000000
604 0.000000
605 0.000000
606 0.000000
607 0.000000
608 0.000000
609 0.000005
610 0.000344
611 0.007482
612 0.006193
613 0.002553
614 0.001399
615 0.000815
616 0.003050
617 0.002784
618 0.002481
619 0.000844
620 0.000008
621 0.000001
622 0.000000
623 0.000001
624 0.000000
625 0.000000
626 0.000000
627 0.000000
628 0.000000
629 0.000000
630 0.000000
631 0.000000
632 0.000000
633 0.000000
634 0.000000
635 0.000000
636 0.000000
637 0.000002
638 0.000110
639 0.003899
640 0.009998
641 0.007918
642 0.000000
643 0.000001
644 0.003007
645 0.002930
646 0.002855
647 0.002549
648 0.001152
649 0.000013
650 0.000002
651 0.000001
652 0.000002
653 0.000011
654 0.000006
655 0.000005
656 0.000013
657 0.000056
658 0.000063
659 0.000015
660 0.000004
661 0.000002
662 0.000001
663 0.000000
664 0.000001
665 0.000021
666 0.000581
667 0.001666
668 0.004025
669 0.000000
670 0.000000
671 0.000002
672 0.000000
673 0.003006
674 0.002930
675 0.002620
676 0.002783
677 0.002481
678 0.000062
679 0.000056
680 0.000222
681 0.001713
682 0.001840
683 0.000200
684 0.000056
685 0.000077
686 0.000086
687 0.000091
688 0.000103
689 0.000160
690 0.000045
691 0.000033
692 0.000063
693 0.000256
694 0.000286
695 0.000771
696 0.000000
697 0.000000
698 0.000000
699 0.000001
700 0.000000
701 0.000000
702 0.003006
703 0.002930
704 0.002855
705 0.003039
706 0.004271
707 0.007448
708 0.010000
709 0.010000
710 0.004509
711 0.000558
712 0.000103
713 0.000067
714 0.000111
715 0.000125
716 0.000132
717 0.000140
718 0.000190
719 0.000201
720 0.000213
721 0.000271
722 0.000344
723 0.000000
724 0.000000
725 0.000000
726 0.000000
727 0.000000
728 0.000000
729 0.000000
730 0.000000
731 0.000000
732 0.002930
733 0.004418
734 0.006258
735 0.009999
736 0.010000
737 0.010000
738 0.010000
739 0.001218
740 0.000202
741 0.000091
742 0.000118
743 0.000132
744 0.000170
745 0.000180
746 0.000201
747 0.000256
748 0.000271
749 0.000344
750 0.000000
751 0.000000
752 0.000000
753 0.000000
754 0.000000
755 0.000000
756 0.000000
757 0.000000
758 0.000000
759 0.000000
760 0.000000
761 0.005841
762 0.009112
763 0.010000
764 0.010000
765 0.010000
766 0.010000
767 0.002764
768 0.000409
769 0.000123
770 0.000125
771 0.000140
772 0.000180
773 0.000230
774 0.000201
775 0.000225
776 0.000286
777 0.000000
778 0.000044
779 0.000033
780 0.000001
781 0.000000
782 0.000000
783 0.000000
