0 0.002922
1 0.002835
2 0.003103
3 0.004361
4 0.006157
5 0.008521
6 0.010000
7 0.010000
8 0.002939
9 0.000479
10 0.000194
11 0.000113
12 0.000085
13 0.000068
14 0.000061
15 0.000057
16 0.000077
17 0.000119
18 0.000868
19 0.004489
20 0.007922
21 0.005033
22 0.003081
23 0.002263
24 0.001792
25 0.001867
26 0.002193
27 0.002279
28 0.002509
29 0.002681
30 0.002326
31 0.002888
32 0.004158
33 0.006769
34 0.008785
35 0.007047
36 0.001779
37 0.000399
38 0.000256
39 0.000120
40 0.000083
41 0.000061
42 0.000051
43 0.000055
44 0.000084
45 0.000201
46 0.000476
47 0.002124
48 0.005017
49 0.002869
50 0.000019
51 0.000000
52 0.001721
53 0.002033
54 0.001867
55 0.002193
56 0.002681
57 0.002287
58 0.002184
59 0.002130
60 0.002596
61 0.003873
62 0.006637
63 0.003225
64 0.000833
65 0.000420
66 0.000350
67 0.000214
68 0.000076
69 0.000052
70 0.000035
71 0.000060
72 0.000146
73 0.000262
74 0.000242
75 0.000723
76 0.000038
77 0.000028
78 0.000000
79 0.000000
80 0.000000
81 0.001721
82 0.002033
83 0.001867
84 0.002568
85 0.002184
86 0.001847
87 0.001681
88 0.001650
89 0.002326
90 0.003618
91 0.001241
92 0.000384
93 0.000322
94 0.000353
95 0.000249
96 0.000154
97 0.000071
98 0.000057
99 0.000090
100 0.000229
101 0.000111
102 0.000001
103 0.000001
104 0.000033
105 0.000001
106 0.000000
107 0.000000
108 0.000000
109 0.001652
110 0.001721
111 0.002033
112 0.002184
113 0.002086
114 0.001675
115 0.001595
116 0.000000
117 0.000000
118 0.000000
119 0.000000
120 0.000001
121 0.000094
122 0.000322
123 0.000326
124 0.000252
125 0.000108
126 0.000127
127 0.000022
128 0.000003
129 0.000001
130 0.000000
131 0.000002
132 0.000000
133 0.000000
134 0.000000
135 0.000000
136 0.000814
137 0.001389
138 0.001652
139 0.001957
140 0.002086
141 0.001759
142 0.001595
143 0.001520
144 0.000000
145 0.000000
146 0.000000
147 0.000000
148 0.000000
149 0.000000
150 0.000000
151 0.000000
152 0.000003
153 0.000003
154 0.000005
155 0.000004
156 0.000001
157 0.000000
158 0.000003
159 0.000000
160 0.000000
161 0.000000
162 0.000000
163 0.000001
164 0.001406
165 0.001330
166 0.001590
167 0.001665
168 0.001759
169 0.001595
170 0.001520
171 0.001380
172 0.000000
173 0.000000
174 0.000000
175 0.000000
176 0.000001
177 0.000001
178 0.000000
179 0.000000
180 0.000000
181 0.000000
182 0.000000
183 0.000000
184 0.000000
185 0.000003
186 0.000000
187 0.000000
188 0.000000
189 0.000000
190 0.000000
191 0.000060
192 0.001169
193 0.001231
194 0.001488
195 0.004101
196 0.001595
197 0.001520
198 0.001264
199 0.001141
200 0.000118
201 0.000000
202 0.000000
203 0.000000
204 0.000000
205 0.000000
206 0.000002
207 0.000001
208 0.000000
209 0.000000
210 0.000001
211 0.000001
212 0.000000
213 0.000000
214 0.000000
215 0.000000
216 0.000000
217 0.000000
218 0.000000
219 0.000271
220 0.001243
221 0.001968
222 0.005132
223 0.012775
224 0.001520
225 0.001264
226 0.001141
227 0.001085
228 0.000845
229 0.000000
230 0.000000
231 0.000000
232 0.000000
233 0.000000
234 0.000000
235 0.000023
236 0.003386
237 1.000000
238 0.008325
239 0.000134
240 0.000000
241 0.000000
242 0.000000
243 0.000000
244 0.000000
245 0.000000
246 0.000000
247 0.000062
248 0.000264
249 0.001471
250 0.003896
251 0.006093
252 0.001448
253 0.001141
254 0.001085
255 0.000713
256 0.000210
257 0.000000
258 0.000000
259 0.000000
260 0.000000
261 0.000000
262 0.000000
263 0.000016
264 0.003100
265 0.668091
266 0.009713
267 0.000217
268 0.000002
269 0.000000
270 0.000000
271 0.000000
272 0.000000
273 0.000000
274 0.000000
275 0.000052
276 0.000195
277 0.000581
278 0.000865
279 0.000469
280 0.001141
281 0.000500
282 0.000308
283 0.000138
284 0.000093
285 0.000001
286 0.000000
287 0.000000
288 0.000000
289 0.000000
290 0.000000
291 0.000000
292 0.000049
293 0.000161
294 0.000067
295 0.000009
296 0.000002
297 0.000000
298 0.000000
299 0.000000
300 0.000000
301 0.000000
302 0.000004
303 0.000735
304 0.000634
305 0.000329
306 0.000165
307 0.000101
308 0.000343
309 0.000228
310 0.000123
311 0.000088
312 0.000025
313 0.000001
314 0.000000
315 0.000000
316 0.000000
317 0.000000
318 0.000000
319 0.000000
320 0.000000
321 0.000000
322 0.000001
323 0.000007
324 0.000004
325 0.000003
326 0.000000
327 0.000000
328 0.000000
329 0.000001
330 0.000034
331 0.000751
332 0.001768
333 0.000453
334 0.000277
335 0.000292
336 0.000189
337 0.000165
338 0.000217
339 0.000292
340 0.000015
341 0.000001
342 0.000000
343 0.000000
344 0.000000
345 0.000000
346 0.000000
347 0.000000
348 0.000000
349 0.000000
350 0.000000
351 0.000004
352 0.000038
353 0.000003
354 0.000003
355 0.000002
356 0.000001
357 0.000003
358 0.000011
359 0.000092
360 0.003599
361 0.002146
362 0.002312
363 0.001790
364 0.000309
365 0.000502
366 0.000540
367 0.000532
368 0.000004
369 0.000000
370 0.000000
371 0.000000
372 0.000000
373 0.000000
374 0.000000
375 0.000000
376 0.000000
377 0.000000
378 0.000000
379 0.000000
380 0.000013
381 0.000168
382 0.000059
383 0.000348
384 0.000107
385 0.000011
386 0.000001
387 0.000013
388 0.002065
389 0.008740
390 0.008769
391 0.005628
392 0.000508
393 0.000536
394 0.000514
395 0.000076
396 0.000001
397 0.000000
398 0.000000
399 0.000000
400 0.000000
401 0.000000
402 0.000000
403 0.000000
404 0.000000
405 0.000000
406 0.000000
407 0.000000
408 0.000001
409 0.000270
410 0.004383
411 0.006303
412 0.002161
413 0.000061
414 0.000002
415 0.000006
416 0.000303
417 0.007008
418 0.004682
419 0.002946
420 0.000731
421 0.000496
422 0.000390
423 0.000011
424 0.000000
425 0.000000
426 0.000000
427 0.000000
428 0.000000
429 0.000000
430 0.000000
431 0.000000
432 0.000000
433 0.000000
434 0.000000
435 0.000000
436 0.000000
437 0.000004
438 0.002546
439 0.036349
440 0.048924
441 0.001138
442 0.000021
443 0.000003
444 0.000043
445 0.003098
446 0.001526
447 0.001135
448 0.001140
449 0.000610
450 0.000474
451 0.000003
452 0.000000
453 0.000000
454 0.000000
455 0.000000
456 0.000000
457 0.000000
458 0.000000
459 0.000000
460 0.000000
461 0.000000
462 0.000000
463 0.000000
464 0.000000
465 0.000000
466 0.000010
467 0.045185
468 0.957954
469 0.008803
470 0.000039
471 0.000001
472 0.000004
473 0.000740
474 0.001650
475 0.001091
476 0.003300
477 0.002191
478 0.000365
479 0.000001
480 0.000000
481 0.000000
482 0.000000
483 0.000000
484 0.000000
485 0.000000
486 0.000000
487 0.000000
488 0.000000
489 0.000000
490 0.000000
491 0.000000
492 0.000000
493 0.000000
494 0.000000
495 0.000390
496 0.073539
497 0.051208
498 0.000049
499 0.000001
500 0.000001
501 0.000116
502 0.005697
503 0.007986
504 0.010000
505 0.006672
506 0.000180
507 0.000001
508 0.000000
509 0.000000
510 0.000000
511 0.000000
512 0.000000
513 0.000000
514 0.000000
515 0.000000
516 0.000000
517 0.000000
518 0.000000
519 0.000000
520 0.000000
521 0.000000
522 0.000000
523 0.000000
524 0.000184
525 0.033857
526 0.015966
527 0.000016
528 0.000001
529 0.000125
530 0.017216
531 0.032234
532 0.007898
533 0.006664
534 0.000086
535 0.000001
536 0.000000
537 0.000000
538 0.000000
539 0.000000
540 0.000000
541 0.000001
542 0.000001
543 0.000000
544 0.000000
545 0.000000
546 0.000000
547 0.000000
548 0.000000
549 0.000000
550 0.000000
551 0.000000
552 0.000000
553 0.001242
554 0.068447
555 0.004664
556 0.000044
557 0.000232
558 0.022559
559 0.031339
560 0.006568
561 0.004331
562 0.000048
563 0.000001
564 0.000000
565 0.000001
566 0.000001
567 0.000001
568 0.000079
569 0.001428
570 0.000036
571 0.000000
572 0.000000
573 0.000000
574 0.000000
575 0.000000
576 0.000000
577 0.000000
578 0.000000
579 0.000000
580 0.000000
581 0.000007
582 0.020399
583 0.016630
584 0.000329
585 0.011222
586 0.011878
587 0.016209
588 0.004636
589 0.002929
590 0.000212
591 0.000003
592 0.000001
593 0.000001
594 0.000007
595 0.000216
596 1.000000
597 0.001482
598 0.000011
599 0.000000
600 0.000000
601 0.000000
602 0.000000
603 0.000000
604 0.000000
605 0.000000
606 0.000000
607 0.000000
608 0.000000
609 0.000000
610 0.000006
611 0.001744
612 0.004772
613 0.008404
614 0.011212
615 0.010908
616 0.003253
617 0.002274
618 0.001692
619 0.000260
620 0.000011
621 0.000031
622 0.000484
623 0.002079
624 0.000232
625 0.000010
626 0.000001
627 0.000000
628 0.000000
629 0.000000
630 0.000000
631 0.000000
632 0.000000
633 0.000000
634 0.000000
635 0.000000
636 0.000000
637 0.000000
638 0.000013
639 0.001131
640 0.002361
641 0.004847
642 0.000000
643 0.000003
644 0.002482
645 0.002081
646 0.002015
647 0.001809
648 0.002040
649 0.001330
650 0.000456
651 0.000033
652 0.000006
653 0.000004
654 0.000006
655 0.000007
656 0.000006
657 0.000009
658 0.000010
659 0.000003
660 0.000004
661 0.000003
662 0.000002
663 0.000001
664 0.000001
665 0.000016
666 0.000553
667 0.000789
668 0.001225
669 0.000000
670 0.000000
671 0.000004
672 0.000000
673 0.002148
674 0.002089
675 0.002887
676 0.005000
677 0.007973
678 0.000390
679 0.000081
680 0.000074
681 0.000170
682 0.001099
683 0.000488
684 0.000089
685 0.000015
686 0.000015
687 0.000018
688 0.000045
689 0.000214
690 0.000084
691 0.000034
692 0.000078
693 0.000518
694 0.000568
695 0.000705
696 0.000000
697 0.000000
698 0.000000
699 0.000000
700 0.000000
701 0.000000
702 0.002990
703 0.004563
704 0.008055
705 0.010000
706 0.006069
707 0.002906
708 0.001530
709 0.001316
710 0.000974
711 0.000926
712 0.000165
713 0.000029
714 0.000024
715 0.000036
716 0.000097
717 0.000297
718 0.000403
719 0.000423
720 0.000444
721 0.000543
722 0.000662
723 0.000000
724 0.000000
725 0.000000
726 0.000000
727 0.000000
728 0.000000
729 0.000000
730 0.000000
731 0.000000
732 0.010000
733 0.006967
734 0.003829
735 0.002114
736 0.001636
737 0.001413
738 0.001320
739 0.001529
740 0.000318
741 0.000073
742 0.000028
743 0.000057
744 0.000183
745 0.000376
746 0.000423
747 0.000518
748 0.000543
749 0.000662
750 0.000000
751 0.000000
752 0.000000
753 0.000000
754 0.000000
755 0.000000
756 0.000000
757 0.000000
758 0.000000
759 0.000000
760 0.000000
761 0.004978
762 0.002792
763 0.001750
764 0.001692
765 0.001639
766 0.001589
767 0.001667
768 0.000534
769 0.000141
770 0.000038
771 0.000088
772 0.000283
773 0.000468
774 0.000423
775 0.000465
776 0.000568
777 0.000000
778 0.000089
779 0.000072
780 0.000002
781 0.000000
782 0.000000
783 0.000000
