0 0.002267
1 0.002151
2 0.001781
3 0.001938
4 0.001591
5 0.001298
6 0.001152
7 0.001086
8 0.000255
9 0.000050
10 0.000037
11 0.000030
12 0.000031
13 0.000029
14 0.000027
15 0.000033
16 0.000047
17 0.000104
18 0.000918
19 0.004934
20 0.005368
21 0.002787
22 0.002504
23 0.002230
24 0.001785
25 0.001652
26 0.001871
27 0.001952
28 0.001884
29 0.002042
30 0.001683
31 0.001591
32 0.001505
33 0.001347
34 0.001086
35 0.000709
36 0.000096
37 0.000024
38 0.000022
39 0.000023
40 0.000021
41 0.000024
42 0.000027
43 0.000035
44 0.000067
45 0.000167
46 0.000353
47 0.001236
48 0.002880
49 0.002264
50 0.000000
51 0.000000
52 0.001531
53 0.001721
54 0.001566
55 0.001871
56 0.002042
57 0.001683
58 0.001591
59 0.001505
60 0.001347
61 0.001086
62 0.001024
63 0.000309
64 0.000047
65 0.000015
66 0.000019
67 0.000015
68 0.000012
69 0.000014
70 0.000028
71 0.000049
72 0.000149
73 0.000180
74 0.000108
75 0.000278
76 0.000000
77 0.000000
78 0.000000
79 0.000000
80 0.000000
81 0.001432
82 0.001721
83 0.001566
84 0.001938
85 0.001591
86 0.001298
87 0.001152
88 0.001086
89 0.001024
90 0.000910
91 0.000118
92 0.000018
93 0.000011
94 0.000011
95 0.000010
96 0.000009
97 0.000023
98 0.000039
99 0.000110
100 0.000175
101 0.000019
102 0.000000
103 0.000000
104 0.000000
105 0.000000
106 0.000000
107 0.000000
108 0.000000
109 0.001369
110 0.001432
111 0.001721
112 0.001591
113 0.001505
114 0.001152
115 0.001086
116 0.000000
117 0.000000
118 0.000000
119 0.000000
120 0.000000
121 0.000002
122 0.000009
123 0.000009
124 0.000012
125 0.000029
126 0.000083
127 0.000001
128 0.000000
129 0.000000
130 0.000000
131 0.000000
132 0.000000
133 0.000000
134 0.000000
135 0.000000
136 0.000002
137 0.001130
138 0.001369
139 0.001650
140 0.001505
141 0.001223
142 0.001086
143 0.001024
144 0.000000
145 0.000000
146 0.000000
147 0.000000
148 0.000000
149 0.000000
150 0.000000
151 0.000000
152 0.000000
153 0.000000
154 0.000000
155 0.000000
156 0.000000
157 0.000000
158 0.000000
159 0.000000
160 0.000000
161 0.000000
162 0.000000
163 0.000000
164 0.001146
165 0.001078
166 0.001309
167 0.001369
168 0.001443
169 0.001086
170 0.001024
171 0.000910
172 0.000013
173 0.000000
174 0.000000
175 0.000000
176 0.000000
177 0.000000
178 0.000000
179 0.000000
180 0.000000
181 0.000000
182 0.000000
183 0.000000
184 0.000000
185 0.000000
186 0.000000
187 0.000000
188 0.000000
189 0.000000
190 0.000000
191 0.000000
192 0.000935
193 0.000980
194 0.001028
195 0.001445
196 0.001893
197 0.001365
198 0.000817
199 0.000722
200 0.001970
201 0.000006
202 0.000000
203 0.000000
204 0.000000
205 0.000000
206 0.000000
207 0.000000
208 0.000000
209 0.000000
210 0.000000
211 0.000000
212 0.000000
213 0.000000
214 0.000000
215 0.000000
216 0.000000
217 0.000000
218 0.000000
219 0.000001
220 0.000935
221 0.000998
222 0.001121
223 0.001370
224 0.003229
225 0.001878
226 0.001240
227 0.000758
228 0.000500
229 0.000006
230 0.000000
231 0.000000
232 0.000000
233 0.000000
234 0.000000
235 0.000000
236 0.000000
237 0.000000
238 0.000000
239 0.000000
240 0.000000
241 0.000000
242 0.000000
243 0.000000
244 0.000000
245 0.000000
246 0.000000
247 0.000017
248 0.000035
249 0.000060
250 0.000134
251 0.000242
252 0.004264
253 0.003363
254 0.002242
255 0.000517
256 0.000028
257 0.000001
258 0.000000
259 0.000000
260 0.000000
261 0.000000
262 0.000000
263 0.000000
264 0.000000
265 0.000000
266 0.000000
267 0.000000
268 0.000000
269 0.000000
270 0.000000
271 0.000000
272 0.000000
273 0.000000
274 0.000000
275 0.000003
276 0.000006
277 0.000010
278 0.000016
279 0.000029
280 0.004250
281 0.000770
282 0.000228
283 0.000020
284 0.000003
285 0.000000
286 0.000000
287 0.000000
288 0.000000
289 0.000000
290 0.000000
291 0.000000
292 0.000000
293 0.000000
294 0.000000
295 0.000000
296 0.000000
297 0.000000
298 0.000000
299 0.000000
300 0.000000
301 0.000000
302 0.000000
303 0.000004
304 0.000005
305 0.000007
306 0.000010
307 0.000017
308 0.000275
309 0.000060
310 0.000016
311 0.000004
312 0.000000
313 0.000000
314 0.000000
315 0.000000
316 0.000000
317 0.000000
318 0.000000
319 0.000000
320 0.000000
321 0.000000
322 0.000000
323 0.000000
324 0.000000
325 0.000000
326 0.000000
327 0.000000
328 0.000000
329 0.000000
330 0.000000
331 0.000001
332 0.000005
333 0.000009
334 0.000017
335 0.000037
336 0.000044
337 0.000015
338 0.000008
339 0.000004
340 0.000000
341 0.000000
342 0.000000
343 0.000000
344 0.000000
345 0.000000
346 0.000000
347 0.000000
348 0.000000
349 0.000000
350 0.000000
351 0.000000
352 0.000000
353 0.000000
354 0.000000
355 0.000000
356 0.000000
357 0.000000
358 0.000000
359 0.000000
360 0.000010
361 0.000019
362 0.000041
363 0.000064
364 0.000044
365 0.000032
366 0.000017
367 0.000010
368 0.000000
369 0.000000
370 0.000000
371 0.000000
372 0.000000
373 0.000000
374 0.000000
375 0.000000
376 0.000000
377 0.000000
378 0.000000
379 0.000000
380 0.000000
381 0.000000
382 0.000000
383 0.000000
384 0.000000
385 0.000000
386 0.000000
387 0.000000
388 0.000006
389 0.000051
390 0.000061
391 0.000071
392 0.000065
393 0.000038
394 0.000022
395 0.000003
396 0.000000
397 0.000000
398 0.000000
399 0.000005
400 0.000100
401 0.000004
402 0.000001
403 0.000000
404 0.000000
405 0.000000
406 0.000000
407 0.000000
408 0.000000
409 0.000000
410 0.000000
411 0.000000
412 0.000000
413 0.000000
414 0.000000
415 0.000000
416 0.000001
417 0.000055
418 0.000068
419 0.000089
420 0.000013
421 0.000019
422 0.000026
423 0.000001
424 0.000000
425 0.000000
426 0.000000
427 0.000524
428 0.176715
429 0.000100
430 0.000000
431 0.000000
432 0.000000
433 0.000000
434 0.000000
435 0.000000
436 0.000000
437 0.000000
438 0.000000
439 0.000000
440 0.000000
441 0.000000
442 0.000000
443 0.000000
444 0.000000
445 0.000085
446 0.000067
447 0.000052
448 0.000006
449 0.000004
450 0.000005
451 0.000000
452 0.000000
453 0.000000
454 0.000008
455 0.004112
456 0.049789
457 0.000000
458 0.000000
459 0.000000
460 0.000000
461 0.000000
462 0.000000
463 0.000000
464 0.000000
465 0.000000
466 0.000000
467 0.000000
468 0.000000
469 0.000000
470 0.000000
471 0.000000
472 0.000000
473 0.000007
474 0.000026
475 0.000036
476 0.000016
477 0.000006
478 0.000001
479 0.000000
480 0.000000
481 0.000001
482 0.000263
483 1.000000
484 0.000018
485 0.000000
486 0.000000
487 0.000000
488 0.000000
489 0.000000
490 0.000000
491 0.000000
492 0.000000
493 0.000000
494 0.000000
495 0.000000
496 0.000000
497 0.000000
498 0.000000
499 0.000000
500 0.000000
501 0.000000
502 0.000030
503 0.000052
504 0.000131
505 0.000063
506 0.000004
507 0.000000
508 0.000000
509 0.000008
510 0.000612
511 0.000002
512 0.000000
513 0.000000
514 0.000000
515 0.000000
516 0.000000
517 0.000000
518 0.000001
519 0.000000
520 0.000000
521 0.000000
522 0.000000
523 0.000000
524 0.000000
525 0.000000
526 0.000000
527 0.000000
528 0.000000
529 0.000000
530 0.000112
531 0.000250
532 0.000147
533 0.000771
534 0.000027
535 0.000001
536 0.000015
537 0.000185
538 0.000002
539 0.000000
540 0.000000
541 0.000000
542 0.000000
543 0.000000
544 0.000000
545 0.000000
546 0.000039
547 1.000000
548 0.000038
549 0.000000
550 0.000000
551 0.000000
552 0.000000
553 0.000000
554 0.000000
555 0.000000
556 0.000000
557 0.000002
558 0.000250
559 0.000263
560 0.001600
561 0.004475
562 0.000131
563 0.000009
564 0.000148
565 0.000168
566 0.000000
567 0.000000
568 0.000000
569 0.000000
570 0.000000
571 0.000000
572 0.000000
573 0.000000
574 0.000003
575 0.000970
576 0.000039
577 0.000000
578 0.000000
579 0.000000
580 0.000000
581 0.000000
582 0.000000
583 0.000000
584 0.000001
585 0.000250
586 0.000263
587 0.000324
588 0.006507
589 0.016775
590 0.001329
591 0.000108
592 0.000110
593 0.000002
594 0.000000
595 0.000000
596 0.000000
597 0.000000
598 0.000000
599 0.000000
600 0.000000
601 0.000000
602 0.000000
603 0.000000
604 0.000000
605 0.000000
606 0.000000
607 0.000003
608 0.000000
609 0.000000
610 0.000000
611 0.000001
612 0.000239
613 0.000250
614 0.000309
615 0.000324
616 0.021867
617 0.010000
618 0.010000
619 0.001311
620 0.000026
621 0.000000
622 0.000000
623 0.000000
624 0.000000
625 0.000000
626 0.000000
627 0.000000
628 0.000000
629 0.000000
630 0.000000
631 0.000000
632 0.000000
633 0.000000
634 0.000000
635 0.000019
636 0.000012
637 0.000003
638 0.000002
639 0.000239
640 0.000250
641 0.000309
642 0.000000
643 0.000000
644 0.010000
645 0.010000
646 0.003133
647 0.000777
648 0.000122
649 0.000001
650 0.000000
651 0.000000
652 0.000000
653 0.000000
654 0.000000
655 0.000000
656 0.000003
657 0.000096
658 0.000265
659 0.000007
660 0.000000
661 0.000000
662 0.000001
663 0.000001
664 0.000002
665 0.000050
666 0.000239
667 0.000294
668 0.000309
669 0.000000
670 0.000000
671 0.000000
672 0.000000
673 0.003285
674 0.001105
675 0.000303
676 0.000221
677 0.000162
678 0.000003
679 0.000002
680 0.000003
681 0.000009
682 0.000026
683 0.000031
684 0.000093
685 0.000470
686 0.000134
687 0.000017
688 0.000002
689 0.000147
690 0.005836
691 0.000484
692 0.000323
693 0.001005
694 0.000494
695 0.000309
696 0.000000
697 0.000000
698 0.000000
699 0.000000
700 0.000000
701 0.000000
702 0.000436
703 0.000254
704 0.000237
705 0.000221
706 0.000162
707 0.000151
708 0.000131
709 0.000095
710 0.000192
711 0.000182
712 0.000203
713 0.000588
714 0.000072
715 0.000002
716 0.000004
717 0.000171
718 0.019216
719 0.033661
720 0.007409
721 0.002575
722 0.001074
723 0.000000
724 0.000000
725 0.000000
726 0.000000
727 0.000000
728 0.000000
729 0.000000
730 0.000000
731 0.000000
732 0.000254
733 0.000237
734 0.000174
735 0.000162
736 0.000151
737 0.000298
738 0.001446
739 0.001381
740 0.000337
741 0.000476
742 0.000035
743 0.000001
744 0.000002
745 0.000287
746 0.006829
747 0.036728
748 0.010000
749 0.007484
750 0.000000
751 0.000000
752 0.000000
753 0.000000
754 0.000000
755 0.000000
756 0.000000
757 0.000000
758 0.000000
759 0.000000
760 0.000000
761 0.000254
762 0.000237
763 0.000174
764 0.000206
765 0.000913
766 0.005225
767 0.002798
768 0.002246
769 0.000233
770 0.000007
771 0.000001
772 0.000006
773 0.000209
774 0.003391
775 0.012238
776 0.051902
777 0.000001
778 0.000162
779 0.000035
780 0.000000
781 0.000000
782 0.000000
783 0.000000
