0 0.003041
1 0.003041
2 0.002739
3 0.003041
4 0.002973
5 0.002519
6 0.002292
7 0.001452
8 0.000268
9 0.000043
10 0.000031
11 0.000027
12 0.000029
13 0.000028
14 0.000026
15 0.000030
16 0.000056
17 0.000191
18 0.002408
19 0.018901
20 0.013066
21 0.004318
22 0.001431
23 0.001260
24 0.001124
25 0.001181
26 0.001449
27 0.001521
28 0.002739
29 0.003041
30 0.002739
31 0.002739
32 0.002739
33 0.003417
34 0.002578
35 0.001352
36 0.000093
37 0.000020
38 0.000018
39 0.000020
40 0.000019
41 0.000024
42 0.000025
43 0.000035
44 0.000105
45 0.000436
46 0.001717
47 0.004234
48 0.004858
49 0.001455
50 0.000000
51 0.000000
52 0.001065
53 0.001316
54 0.001180
55 0.001449
56 0.003041
57 0.002739
58 0.002739
59 0.002739
60 0.002739
61 0.002469
62 0.003080
63 0.000712
64 0.000072
65 0.000012
66 0.000016
67 0.000013
68 0.000011
69 0.000015
70 0.000019
71 0.000055
72 0.000302
73 0.000812
74 0.000534
75 0.000751
76 0.000000
77 0.000000
78 0.000000
79 0.000000
80 0.000000
81 0.001064
82 0.001316
83 0.001180
84 0.002916
85 0.002739
86 0.002469
87 0.002469
88 0.002469
89 0.002469
90 0.002469
91 0.000328
92 0.000033
93 0.000016
94 0.000009
95 0.000009
96 0.000010
97 0.000018
98 0.000033
99 0.000160
100 0.000595
101 0.000076
102 0.000000
103 0.000000
104 0.000000
105 0.000000
106 0.000000
107 0.000000
108 0.000000
109 0.001010
110 0.001064
111 0.001316
112 0.002301
113 0.002510
114 0.002469
115 0.002469
116 0.000000
117 0.000000
118 0.000000
119 0.000000
120 0.000000
121 0.000001
122 0.000010
123 0.000008
124 0.000014
125 0.000021
126 0.000100
127 0.000001
128 0.000000
129 0.000000
130 0.000000
131 0.000000
132 0.000000
133 0.000000
134 0.000000
135 0.000000
136 0.000056
137 0.000810
138 0.001010
139 0.001254
140 0.001993
141 0.001897
142 0.002093
143 0.002359
144 0.000000
145 0.000000
146 0.000000
147 0.000000
148 0.000000
149 0.000000
150 0.000000
151 0.000000
152 0.000000
153 0.000000
154 0.000000
155 0.000000
156 0.000000
157 0.000000
158 0.000000
159 0.000000
160 0.000000
161 0.000000
162 0.000000
163 0.000000
164 0.000823
165 0.000767
166 0.000960
167 0.001010
168 0.001612
169 0.001511
170 0.001645
171 0.001889
172 0.000000
173 0.000000
174 0.000000
175 0.000000
176 0.000000
177 0.000000
178 0.000000
179 0.000000
180 0.000000
181 0.000000
182 0.000000
183 0.000000
184 0.000000
185 0.000000
186 0.000000
187 0.000000
188 0.000000
189 0.000000
190 0.000000
191 0.000000
192 0.000651
193 0.000687
194 0.000726
195 0.001091
196 0.001452
197 0.001378
198 0.001128
199 0.001261
200 0.000000
201 0.000000
202 0.000000
203 0.000000
204 0.000000
205 0.000000
206 0.000000
207 0.000000
208 0.000000
209 0.000000
210 0.000000
211 0.000000
212 0.000000
213 0.000000
214 0.000000
215 0.000000
216 0.000000
217 0.000000
218 0.000000
219 0.000005
220 0.000651
221 0.000687
222 0.000817
223 0.001030
224 0.001378
225 0.001128
226 0.001010
227 0.000956
228 0.000887
229 0.000000
230 0.000000
231 0.000000
232 0.000000
233 0.000000
234 0.000000
235 0.000000
236 0.000000
237 0.000000
238 0.000000
239 0.000000
240 0.000000
241 0.000000
242 0.000000
243 0.000000
244 0.000000
245 0.000000
246 0.000000
247 0.000001
248 0.000001
249 0.000003
250 0.000011
251 0.000033
252 0.001308
253 0.001010
254 0.000956
255 0.000297
256 0.000013
257 0.000000
258 0.000000
259 0.000000
260 0.000000
261 0.000000
262 0.000000
263 0.000000
264 0.000000
265 0.000000
266 0.000000
267 0.000000
268 0.000000
269 0.000000
270 0.000000
271 0.000000
272 0.000000
273 0.000000
274 0.000000
275 0.000000
276 0.000000
277 0.000000
278 0.000001
279 0.000001
280 0.001010
281 0.000108
282 0.000024
283 0.000002
284 0.000001
285 0.000000
286 0.000000
287 0.000000
288 0.000000
289 0.000000
290 0.000000
291 0.000001
292 0.000000
293 0.000000
294 0.000000
295 0.000000
296 0.000000
297 0.000000
298 0.000000
299 0.000000
300 0.000000
301 0.000000
302 0.000000
303 0.000000
304 0.000000
305 0.000000
306 0.000000
307 0.000000
308 0.000026
309 0.000005
310 0.000001
311 0.000000
312 0.000000
313 0.000000
314 0.000000
315 0.000000
316 0.000000
317 0.000000
318 0.000001
319 0.000001
320 0.000001
321 0.000000
322 0.000000
323 0.000000
324 0.000000
325 0.000000
326 0.000000
327 0.000000
328 0.000000
329 0.000000
330 0.000000
331 0.000000
332 0.000000
333 0.000000
334 0.000000
335 0.000000
336 0.000002
337 0.000001
338 0.000001
339 0.000000
340 0.000000
341 0.000000
342 0.000000
343 0.000000
344 0.000000
345 0.000000
346 0.000001
347 0.000001
348 0.000001
349 0.000000
350 0.000000
351 0.000000
352 0.000000
353 0.000000
354 0.000000
355 0.000000
356 0.000000
357 0.000000
358 0.000000
359 0.000000
360 0.000000
361 0.000000
362 0.000000
363 0.000001
364 0.000002
365 0.000001
366 0.000001
367 0.000000
368 0.000000
369 0.000000
370 0.000000
371 0.000000
372 0.000000
373 0.000001
374 0.000001
375 0.000000
376 0.000000
377 0.000000
378 0.000000
379 0.000000
380 0.000000
381 0.000000
382 0.000000
383 0.000000
384 0.000000
385 0.000000
386 0.000000
387 0.000000
388 0.000000
389 0.000000
390 0.000001
391 0.000001
392 0.000007
393 0.000002
394 0.000001
395 0.000000
396 0.000000
397 0.000000
398 0.000000
399 0.000000
400 0.000001
401 0.000001
402 0.000000
403 0.000000
404 0.000000
405 0.000000
406 0.000000
407 0.000000
408 0.000000
409 0.000000
410 0.000000
411 0.000000
412 0.000000
413 0.000000
414 0.000000
415 0.000000
416 0.000000
417 0.000001
418 0.000002
419 0.000003
420 0.000019
421 0.000008
422 0.000003
423 0.000000
424 0.000000
425 0.000000
426 0.000000
427 0.000001
428 0.000002
429 0.000001
430 0.000000
431 0.000000
432 0.000000
433 0.000000
434 0.000000
435 0.000000
436 0.000000
437 0.000000
438 0.000000
439 0.000000
440 0.000000
441 0.000000
442 0.000000
443 0.000000
444 0.000000
445 0.000003
446 0.000003
447 0.000003
448 0.000023
449 0.000016
450 0.000014
451 0.000000
452 0.000000
453 0.000000
454 0.000001
455 0.000013
456 0.000002
457 0.000000
458 0.000000
459 0.000000
460 0.000000
461 0.000000
462 0.000000
463 0.000000
464 0.000000
465 0.000000
466 0.000001
467 0.000001
468 0.000000
469 0.000000
470 0.000000
471 0.000000
472 0.000000
473 0.000001
474 0.000001
475 0.000002
476 0.000028
477 0.000023
478 0.000004
479 0.000000
480 0.000000
481 0.000001
482 0.000326
483 0.015259
484 0.000001
485 0.000000
486 0.000000
487 0.000000
488 0.000000
489 0.000000
490 0.000000
491 0.000000
492 0.000000
493 0.000000
494 0.000002
495 0.000006
496 0.000001
497 0.000001
498 0.000000
499 0.000000
500 0.000000
501 0.000000
502 0.000002
503 0.000002
504 0.000040
505 0.000027
506 0.000001
507 0.000000
508 0.000000
509 0.000035
510 0.999991
511 0.000014
512 0.000000
513 0.000000
514 0.000000
515 0.000000
516 0.000000
517 0.000000
518 0.000000
519 0.000000
520 0.000000
521 0.000001
522 0.000003
523 0.999992
524 0.000037
525 0.000001
526 0.000000
527 0.000000
528 0.000000
529 0.000000
530 0.000003
531 0.000007
532 0.000036
533 0.000069
534 0.000003
535 0.000000
536 0.000007
537 0.001567
538 0.000012
539 0.000000
540 0.000000
541 0.000000
542 0.000000
543 0.000000
544 0.000000
545 0.000000
546 0.000000
547 0.000000
548 0.000000
549 0.000000
550 0.000001
551 0.000003
552 0.000602
553 0.000013
554 0.000001
555 0.000000
556 0.000000
557 0.000000
558 0.000007
559 0.000008
560 0.000275
561 0.000908
562 0.000019
563 0.000005
564 0.000111
565 0.000031
566 0.000000
567 0.000000
568 0.000000
569 0.000000
570 0.000000
571 0.000000
572 0.000000
573 0.000000
574 0.000000
575 0.000000
576 0.000000
577 0.000000
578 0.000000
579 0.000000
580 0.000001
581 0.001701
582 0.000209
583 0.000003
584 0.000001
585 0.000018
586 0.000008
587 0.000012
588 0.001470
589 0.005790
590 0.001066
591 0.000107
592 0.000073
593 0.000001
594 0.000000
595 0.000000
596 0.000000
597 0.000000
598 0.000000
599 0.000000
600 0.000000
601 0.000001
602 0.000000
603 0.000000
604 0.000000
605 0.000000
606 0.000000
607 0.000000
608 0.000000
609 0.000006
610 0.004573
611 0.001818
612 0.000363
613 0.000071
614 0.000027
615 0.000012
616 0.009585
617 0.017277
618 0.010015
619 0.000876
620 0.000006
621 0.000000
622 0.000000
623 0.000000
624 0.000000
625 0.000000
626 0.000000
627 0.000000
628 0.000000
629 0.000000
630 0.000000
631 0.000000
632 0.000000
633 0.000000
634 0.000000
635 0.000000
636 0.000000
637 0.000000
638 0.000105
639 0.010020
640 0.002983
641 0.000639
642 0.000000
643 0.000000
644 0.017723
645 0.010014
646 0.002107
647 0.000352
648 0.000035
649 0.000000
650 0.000000
651 0.000000
652 0.000000
653 0.000000
654 0.000000
655 0.000000
656 0.000000
657 0.000000
658 0.000000
659 0.000000
660 0.000000
661 0.000000
662 0.000000
663 0.000000
664 0.000000
665 0.000002
666 0.000271
667 0.003263
668 0.010020
669 0.000000
670 0.000000
671 0.000000
672 0.000000
673 0.002244
674 0.000550
675 0.000109
676 0.000075
677 0.000052
678 0.000001
679 0.000000
680 0.000001
681 0.000002
682 0.000001
683 0.000000
684 0.000000
685 0.000000
686 0.000000
687 0.000000
688 0.000000
689 0.000004
690 0.000001
691 0.000001
692 0.000001
693 0.000014
694 0.000059
695 0.000456
696 0.000000
697 0.000000
698 0.000000
699 0.000000
700 0.000000
701 0.000000
702 0.000172
703 0.000089
704 0.000082
705 0.000075
706 0.000052
707 0.000048
708 0.000040
709 0.000027
710 0.000002
711 0.000000
712 0.000000
713 0.000000
714 0.000000
715 0.000000
716 0.000001
717 0.000003
718 0.000004
719 0.000004
720 0.000005
721 0.000007
722 0.000022
723 0.000000
724 0.000001
725 0.000001
726 0.000000
727 0.000000
728 0.000000
729 0.000000
730 0.000000
731 0.000000
732 0.000089
733 0.000082
734 0.000057
735 0.000052
736 0.000048
737 0.000033
738 0.000027
739 0.000000
740 0.000000
741 0.000000
742 0.000000
743 0.000000
744 0.000002
745 0.000004
746 0.000004
747 0.000006
748 0.000007
749 0.000010
750 0.000001
751 0.000000
752 0.000000
753 0.000001
754 0.000000
755 0.000000
756 0.000000
757 0.000000
758 0.000000
759 0.000000
760 0.000000
761 0.000089
762 0.000082
763 0.000057
764 0.000052
765 0.000048
766 0.000044
767 0.000002
768 0.000000
769 0.000000
770 0.000000
771 0.000001
772 0.000004
773 0.000005
774 0.000004
775 0.000005
776 0.000007
777 0.000000
778 0.000002
779 0.000002
780 0.000001
781 0.000000
782 0.000001
783 0.000000
