0 0.011109
1 0.012027
2 0.011614
3 0.010177
4 0.008978
5 0.005848
6 0.004192
7 0.003276
8 0.000860
9 0.000197
10 0.000328
11 0.000971
12 0.001867
13 0.001121
14 0.000323
15 0.000110
16 0.000070
17 0.000059
18 0.000196
19 0.000618
20 0.001213
21 0.001269
22 0.002163
23 0.003509
24 0.005056
25 0.008162
26 0.009386
27 0.009386
28 0.010190
29 0.011109
30 0.012027
31 0.011614
32 0.010083
33 0.008200
34 0.005123
35 0.002557
36 0.000343
37 0.000127
38 0.000405
39 0.001360
40 0.001734
41 0.000860
42 0.000228
43 0.000069
44 0.000053
45 0.000060
46 0.000094
47 0.000405
48 0.000994
49 0.001734
50 0.000146
51 0.000000
52 0.008162
53 0.009386
54 0.008239
55 0.005337
56 0.010000
57 0.010190
58 0.011109
59 0.012027
60 0.011614
61 0.009990
62 0.007352
63 0.001599
64 0.000206
65 0.000128
66 0.000689
67 0.001794
68 0.001173
69 0.000446
70 0.000140
71 0.000067
72 0.000046
73 0.000042
74 0.000052
75 0.000184
76 0.000370
77 0.000000
78 0.000000
79 0.000000
80 0.000000
81 0.008176
82 0.005180
83 0.002756
84 0.009107
85 0.010000
86 0.010190
87 0.011436
88 0.011923
89 0.011509
90 0.009990
91 0.001016
92 0.000119
93 0.000202
94 0.000866
95 0.001872
96 0.000685
97 0.000277
98 0.000127
99 0.000073
100 0.000045
101 0.000026
102 0.000009
103 0.000000
104 0.000000
105 0.000000
106 0.000000
107 0.000000
108 0.000075
109 0.004302
110 0.002601
111 0.001916
112 0.005644
113 0.008197
114 0.010000
115 0.010190
116 0.000000
117 0.000000
118 0.000000
119 0.000000
120 0.000002
121 0.000207
122 0.001484
123 0.001073
124 0.000349
125 0.000132
126 0.000120
127 0.000037
128 0.000017
129 0.000001
130 0.000000
131 0.000000
132 0.000000
133 0.000000
134 0.000000
135 0.000008
136 0.000227
137 0.002104
138 0.001528
139 0.001612
140 0.003779
141 0.004928
142 0.007225
143 0.010000
144 0.000000
145 0.000000
146 0.000000
147 0.000000
148 0.000000
149 0.000000
150 0.000000
151 0.000001
152 0.000003
153 0.000005
154 0.000031
155 0.000010
156 0.000000
157 0.000000
158 0.000000
159 0.000000
160 0.000000
161 0.000000
162 0.000006
163 0.001899
164 0.001916
165 0.001206
166 0.001277
167 0.001342
168 0.002743
169 0.003120
170 0.004155
171 0.006258
172 0.000000
173 0.000000
174 0.000001
175 0.000000
176 0.000000
177 0.000000
178 0.000000
179 0.000000
180 0.000000
181 0.000000
182 0.000000
183 0.000000
184 0.000000
185 0.000000
186 0.000000
187 0.000000
188 0.000000
189 0.000006
190 0.000056
191 0.000439
192 0.000933
193 0.000955
194 0.001007
195 0.001381
196 0.002606
197 0.002449
198 0.002359
199 0.003448
200 0.000109
201 0.000000
202 0.000000
203 0.000010
204 0.000001
205 0.000000
206 0.000000
207 0.000000
208 0.000000
209 0.000000
210 0.000000
211 0.000000
212 0.000000
213 0.000000
214 0.000000
215 0.000000
216 0.000000
217 0.000000
218 0.000347
219 0.000034
220 0.000912
221 0.000962
222 0.001233
223 0.002129
224 0.002510
225 0.002172
226 0.001977
227 0.001880
228 0.002492
229 0.000000
230 0.000000
231 0.000010
232 0.000605
233 0.000073
234 0.000000
235 0.000000
236 0.000000
237 0.000000
238 0.000000
239 0.000000
240 0.000000
241 0.000000
242 0.000000
243 0.000000
244 0.000000
245 0.000000
246 0.000004
247 0.000065
248 0.000117
249 0.000252
250 0.000678
251 0.001397
252 0.002417
253 0.002005
254 0.001926
255 0.001778
256 0.001416
257 0.000000
258 0.000000
259 0.000000
260 0.999999
261 0.000058
262 0.000001
263 0.000000
264 0.000000
265 0.000000
266 0.000000
267 0.000000
268 0.000000
269 0.000000
270 0.000000
271 0.000000
272 0.000000
273 0.000000
274 0.000000
275 0.000014
276 0.000038
277 0.000114
278 0.000258
279 0.000618
280 0.001956
281 0.001713
282 0.001778
283 0.001451
284 0.001391
285 0.000003
286 0.000000
287 0.000000
288 0.000001
289 0.000005
290 0.000000
291 0.000000
292 0.000000
293 0.000000
294 0.000000
295 0.000000
296 0.000000
297 0.000000
298 0.000000
299 0.000000
300 0.000000
301 0.000000
302 0.000000
303 0.000036
304 0.000076
305 0.000177
306 0.000290
307 0.000401
308 0.001973
309 0.001797
310 0.001416
311 0.001226
312 0.000208
313 0.000003
314 0.000000
315 0.000000
316 0.000000
317 0.000000
318 0.000000
319 0.000000
320 0.000001
321 0.000008
322 0.000020
323 0.000030
324 0.000000
325 0.000000
326 0.000000
327 0.000000
328 0.000000
329 0.000000
330 0.000000
331 0.000023
332 0.000216
333 0.000301
334 0.000402
335 0.000550
336 0.001686
337 0.001507
338 0.001425
339 0.000792
340 0.000011
341 0.000000
342 0.000000
343 0.000000
344 0.000000
345 0.000000
346 0.000000
347 0.000000
348 0.000012
349 0.000547
350 0.999998
351 0.000018
352 0.000000
353 0.000000
354 0.000000
355 0.000008
356 0.000000
357 0.000000
358 0.000000
359 0.000009
360 0.000324
361 0.000430
362 0.000531
363 0.000572
364 0.001512
365 0.001500
366 0.000594
367 0.000234
368 0.000001
369 0.000000
370 0.000000
371 0.000000
372 0.000000
373 0.000000
374 0.000000
375 0.000001
376 0.000116
377 0.009840
378 0.000355
379 0.000005
380 0.000000
381 0.000000
382 0.000023
383 0.000225
384 0.000002
385 0.000000
386 0.000000
387 0.000003
388 0.000161
389 0.000561
390 0.000518
391 0.000519
392 0.000787
393 0.000390
394 0.000163
395 0.000011
396 0.000000
397 0.000000
398 0.000000
399 0.000000
400 0.000000
401 0.000000
402 0.000000
403 0.000003
404 0.000199
405 0.000090
406 0.000008
407 0.000001
408 0.000000
409 0.000016
410 0.011736
411 0.000789
412 0.000126
413 0.000007
414 0.000001
415 0.000001
416 0.000034
417 0.000431
418 0.000509
419 0.000314
420 0.000291
421 0.000115
422 0.000058
423 0.000001
424 0.000000
425 0.000000
426 0.000000
427 0.000000
428 0.000000
429 0.000000
430 0.000000
431 0.000002
432 0.000004
433 0.000001
434 0.000000
435 0.000000
436 0.000011
437 0.000786
438 0.028829
439 0.008652
440 0.000352
441 0.000389
442 0.000005
443 0.000000
444 0.000004
445 0.000237
446 0.000145
447 0.000101
448 0.000144
449 0.000078
450 0.000055
451 0.000000
452 0.000000
453 0.000000
454 0.000000
455 0.000000
456 0.000000
457 0.000000
458 0.000000
459 0.000000
460 0.000000
461 0.000000
462 0.000000
463 0.000001
464 0.000085
465 0.999990
466 0.029580
467 0.027793
468 0.004056
469 0.999997
470 0.000042
471 0.000000
472 0.000001
473 0.000035
474 0.000043
475 0.000052
476 0.000397
477 0.000223
478 0.000034
479 0.000000
480 0.000000
481 0.000000
482 0.000000
483 0.000000
484 0.000000
485 0.000000
486 0.000000
487 0.000000
488 0.000000
489 0.000000
490 0.000000
491 0.000001
492 0.000116
493 0.004147
494 0.006461
495 0.011455
496 0.012323
497 0.003435
498 0.000140
499 0.000001
500 0.000000
501 0.000009
502 0.000186
503 0.000242
504 0.001405
505 0.000829
506 0.000020
507 0.000000
508 0.000000
509 0.000000
510 0.000000
511 0.000000
512 0.000000
513 0.000000
514 0.000000
515 0.000000
516 0.000000
517 0.000000
518 0.000000
519 0.000002
520 0.000006
521 0.000033
522 0.000019
523 0.000067
524 0.001070
525 0.000999
526 0.000380
527 0.000017
528 0.000002
529 0.000033
530 0.001601
531 0.002425
532 0.001340
533 0.001242
534 0.000015
535 0.000001
536 0.000000
537 0.000000
538 0.000000
539 0.000000
540 0.000000
541 0.000000
542 0.000000
543 0.000000
544 0.000000
545 0.000000
546 0.000000
547 0.000001
548 0.000000
549 0.000000
550 0.000000
551 0.000000
552 0.000100
553 0.002164
554 0.006261
555 0.001866
556 0.000138
557 0.000384
558 0.007494
559 0.004942
560 0.001564
561 0.001533
562 0.000019
563 0.000001
564 0.000001
565 0.000002
566 0.000003
567 0.000001
568 0.000000
569 0.000000
570 0.000000
571 0.000000
572 0.000000
573 0.000000
574 0.000000
575 0.000000
576 0.000000
577 0.000000
578 0.000000
579 0.000000
580 0.000013
581 0.001839
582 0.046322
583 0.064997
584 0.003449
585 0.010000
586 0.010000
587 0.010000
588 0.001849
589 0.002188
590 0.000272
591 0.000007
592 0.000003
593 0.000003
594 0.000003
595 0.000003
596 0.000002
597 0.000001
598 0.000000
599 0.000000
600 0.000000
601 0.000000
602 0.000000
603 0.000000
604 0.000000
605 0.000000
606 0.000000
607 0.000002
608 0.000005
609 0.000062
610 0.004529
611 0.027414
612 0.010000
613 0.010000
614 0.010000
615 0.010000
616 0.002626
617 0.004024
618 0.006575
619 0.001266
620 0.000026
621 0.000004
622 0.000005
623 0.000004
624 0.000004
625 0.000001
626 0.000000
627 0.000000
628 0.000000
629 0.000000
630 0.000000
631 0.000002
632 0.000002
633 0.000001
634 0.000000
635 0.000003
636 0.000006
637 0.000029
638 0.000481
639 0.010000
640 0.010000
641 0.010000
642 0.000000
643 0.000001
644 0.004171
645 0.006618
646 0.010001
647 0.010001
648 0.004456
649 0.000042
650 0.000004
651 0.000002
652 0.000001
653 0.000001
654 0.000001
655 0.000001
656 0.000009
657 0.000230
658 0.000298
659 0.000398
660 0.000049
661 0.000014
662 0.000010
663 0.000014
664 0.000035
665 0.000662
666 0.010000
667 0.010000
668 0.010000
669 0.000000
670 0.000000
671 0.000001
672 0.000000
673 0.010001
674 0.010001
675 0.010001
676 0.010001
677 0.008808
678 0.000077
679 0.000023
680 0.000029
681 0.000122
682 0.000304
683 0.000160
684 0.000146
685 0.000348
686 0.000382
687 0.001125
688 0.000754
689 0.000895
690 0.002767
691 0.001521
692 0.002862
693 0.010000
694 0.010000
695 0.010000
696 0.000000
697 0.000000
698 0.000000
699 0.000000
700 0.000000
701 0.000000
702 0.010001
703 0.010001
704 0.010001
705 0.005353
706 0.002849
707 0.001509
708 0.001405
709 0.001196
710 0.000984
711 0.000523
712 0.000415
713 0.000312
714 0.000891
715 0.000606
716 0.000418
717 0.000802
718 0.007329
719 0.010000
720 0.010000
721 0.010000
722 0.010000
723 0.000000
724 0.000000
725 0.000000
726 0.000000
727 0.000000
728 0.000000
729 0.000000
730 0.000000
731 0.000000
732 0.006185
733 0.003366
734 0.001826
735 0.001564
736 0.001509
737 0.001458
738 0.002938
739 0.001616
740 0.000696
741 0.000399
742 0.001226
743 0.000436
744 0.000172
745 0.000846
746 0.004042
747 0.010000
748 0.010000
749 0.010000
750 0.000000
751 0.000000
752 0.000000
753 0.000000
754 0.000000
755 0.000000
756 0.000000
757 0.000000
758 0.000000
759 0.000000
760 0.000000
761 0.002445
762 0.001883
763 0.001622
764 0.001564
765 0.002453
766 0.005142
767 0.004272
768 0.001159
769 0.000632
770 0.000891
771 0.000371
772 0.000159
773 0.000905
774 0.002601
775 0.005559
776 0.010000
777 0.000001
778 0.000992
779 0.000672
780 0.000006
781 0.000000
782 0.000000
783 0.000000
