0 0.003745
1 0.008111
2 0.010010
3 0.010009
4 0.004047
5 0.001333
6 0.000510
7 0.000471
8 0.000051
9 0.000006
10 0.000005
11 0.000004
12 0.000008
13 0.000023
14 0.000063
15 0.000041
16 0.000012
17 0.000004
18 0.000011
19 0.000106
20 0.000428
21 0.000457
22 0.000603
23 0.000830
24 0.001179
25 0.002061
26 0.005212
27 0.009195
28 0.001690
29 0.003492
30 0.006408
31 0.010011
32 0.007877
33 0.002936
34 0.000897
35 0.000238
36 0.000014
37 0.000003
38 0.000003
39 0.000004
40 0.000009
41 0.000041
42 0.000054
43 0.000018
44 0.000005
45 0.000003
46 0.000004
47 0.000039
48 0.000322
49 0.000428
50 0.000035
51 0.000001
52 0.001994
53 0.005213
54 0.010089
55 0.016029
56 0.002487
57 0.001569
58 0.002631
59 0.006224
60 0.010013
61 0.005961
62 0.002147
63 0.000137
64 0.000006
65 0.000002
66 0.000003
67 0.000004
68 0.000012
69 0.000044
70 0.000027
71 0.000007
72 0.000003
73 0.000002
74 0.000002
75 0.000010
76 0.000066
77 0.000002
78 0.000001
79 0.000001
80 0.000001
81 0.010090
82 0.016032
83 0.013909
84 0.008374
85 0.003922
86 0.001272
87 0.002329
88 0.005960
89 0.010015
90 0.005708
91 0.000093
92 0.000004
93 0.000002
94 0.000002
95 0.000006
96 0.000021
97 0.000045
98 0.000012
99 0.000003
100 0.000002
101 0.000002
102 0.000002
103 0.000002
104 0.000001
105 0.000002
106 0.000001
107 0.000001
108 0.000001
109 0.015643
110 0.013911
111 0.005751
112 0.022507
113 0.007991
114 0.003070
115 0.001051
116 0.000001
117 0.000001
118 0.000001
119 0.000001
120 0.000001
121 0.000002
122 0.000003
123 0.000010
124 0.000048
125 0.000020
126 0.000004
127 0.000002
128 0.000002
129 0.000003
130 0.000002
131 0.000001
132 0.000001
133 0.000001
134 0.000001
135 0.000001
136 0.000101
137 0.012697
138 0.004437
139 0.001682
140 0.011430
141 0.020903
142 0.006699
143 0.003271
144 0.000001
145 0.000002
146 0.000001
147 0.000001
148 0.000001
149 0.000001
150 0.000001
151 0.000001
152 0.000002
153 0.000002
154 0.000002
155 0.000003
156 0.000002
157 0.000002
158 0.000001
159 0.000001
160 0.000001
161 0.000001
162 0.000001
163 0.000001
164 0.011898
165 0.003362
166 0.001252
167 0.000733
168 0.011468
169 0.011445
170 0.022357
171 0.007688
172 0.000001
173 0.000001
174 0.000007
175 0.000003
176 0.000002
177 0.000001
178 0.000001
179 0.000001
180 0.000001
181 0.000001
182 0.000001
183 0.000001
184 0.000001
185 0.000001
186 0.000001
187 0.000001
188 0.000001
189 0.000001
190 0.000001
191 0.000001
192 0.002200
193 0.000881
194 0.000431
195 0.000740
196 0.009093
197 0.011433
198 0.011319
199 0.022788
200 0.000186
201 0.000001
202 0.000001
203 0.000004
204 0.000005
205 0.000008
206 0.000005
207 0.000002
208 0.000001
209 0.000001
210 0.000001
211 0.000001
212 0.000001
213 0.000001
214 0.000001
215 0.000001
216 0.000001
217 0.000001
218 0.000001
219 0.000017
220 0.000675
221 0.000353
222 0.000796
223 0.004631
224 0.002964
225 0.006896
226 0.010724
227 0.011301
228 0.027264
229 0.000001
230 0.000001
231 0.000001
232 0.000003
233 0.000025
234 0.999978
235 0.000017
236 0.000002
237 0.000001
238 0.000001
239 0.000001
240 0.000001
241 0.000001
242 0.000001
243 0.000001
244 0.000001
245 0.000001
246 0.000001
247 0.000036
248 0.000035
249 0.000271
250 0.001256
251 0.001911
252 0.000926
253 0.001629
254 0.003732
255 0.009542
256 0.011037
257 0.000002
258 0.000001
259 0.000002
260 0.000003
261 0.000005
262 0.000014
263 0.000008
264 0.000002
265 0.000001
266 0.000001
267 0.000001
268 0.000001
269 0.000001
270 0.000001
271 0.000001
272 0.000001
273 0.000001
274 0.000001
275 0.000008
276 0.000055
277 0.000129
278 0.000206
279 0.000275
280 0.000277
281 0.000386
282 0.000877
283 0.001781
284 0.006411
285 0.000006
286 0.000001
287 0.000001
288 0.000004
289 0.000004
290 0.000002
291 0.000002
292 0.000002
293 0.000002
294 0.000001
295 0.000002
296 0.000002
297 0.000001
298 0.000001
299 0.000001
300 0.000001
301 0.000001
302 0.000001
303 0.000039
304 0.000064
305 0.000087
306 0.000051
307 0.000014
308 0.000259
309 0.000222
310 0.000186
311 0.000344
312 0.000072
313 0.000003
314 0.000001
315 0.000001
316 0.000003
317 0.000004
318 0.000002
319 0.000001
320 0.000001
321 0.000002
322 0.000003
323 0.000005
324 0.000004
325 0.000002
326 0.000001
327 0.000001
328 0.000001
329 0.000001
330 0.000001
331 0.000003
332 0.000051
333 0.000015
334 0.000009
335 0.000016
336 0.000184
337 0.000150
338 0.000139
339 0.000093
340 0.000002
341 0.000001
342 0.000001
343 0.000001
344 0.000001
345 0.000004
346 0.000003
347 0.000002
348 0.000001
349 0.000002
350 0.000009
351 0.000013
352 0.000004
353 0.000001
354 0.000001
355 0.000001
356 0.000001
357 0.000001
358 0.000001
359 0.000001
360 0.000005
361 0.000007
362 0.000011
363 0.000012
364 0.000155
365 0.000144
366 0.000064
367 0.000015
368 0.000001
369 0.000001
370 0.000001
371 0.000001
372 0.000001
373 0.000001
374 0.000003
375 0.000004
376 0.000004
377 0.000008
378 0.000014
379 0.000005
380 0.000002
381 0.000001
382 0.000001
383 0.000001
384 0.000001
385 0.000001
386 0.000001
387 0.000001
388 0.000002
389 0.000007
390 0.000008
391 0.000013
392 0.000099
393 0.000032
394 0.000009
395 0.000001
396 0.000001
397 0.000001
398 0.000001
399 0.000001
400 0.000001
401 0.000001
402 0.000002
403 0.000019
404 0.000333
405 0.000281
406 0.000007
407 0.000002
408 0.000001
409 0.000001
410 0.000001
411 0.000001
412 0.000001
413 0.000001
414 0.000001
415 0.000001
416 0.000001
417 0.000013
418 0.000012
419 0.000009
420 0.000021
421 0.000005
422 0.000003
423 0.000001
424 0.000001
425 0.000001
426 0.000001
427 0.000001
428 0.000001
429 0.000001
430 0.000002
431 0.000018
432 0.999953
433 0.000206
434 0.000003
435 0.000001
436 0.000001
437 0.000001
438 0.000001
439 0.000001
440 0.000001
441 0.000001
442 0.000001
443 0.000001
444 0.000001
445 0.000028
446 0.000025
447 0.000020
448 0.000008
449 0.000003
450 0.000002
451 0.000001
452 0.000001
453 0.000001
454 0.000001
455 0.000001
456 0.000001
457 0.000001
458 0.000002
459 0.000007
460 0.000013
461 0.000006
462 0.000003
463 0.000002
464 0.000001
465 0.000001
466 0.000001
467 0.000001
468 0.000001
469 0.000001
470 0.000001
471 0.000001
472 0.000001
473 0.000008
474 0.000049
475 0.000058
476 0.000031
477 0.000011
478 0.000002
479 0.000001
480 0.000001
481 0.000001
482 0.000001
483 0.000001
484 0.000001
485 0.000002
486 0.000002
487 0.000002
488 0.000002
489 0.000002
490 0.000002
491 0.000002
492 0.000002
493 0.000001
494 0.000001
495 0.000001
496 0.000001
497 0.000001
498 0.000001
499 0.000001
500 0.000001
501 0.000002
502 0.000349
503 0.000907
504 0.000427
505 0.000154
506 0.000002
507 0.000001
508 0.000001
509 0.000001
510 0.000001
511 0.000001
512 0.000002
513 0.000002
514 0.000002
515 0.000001
516 0.000001
517 0.000001
518 0.000001
519 0.000001
520 0.000002
521 0.000001
522 0.000001
523 0.000001
524 0.000001
525 0.000001
526 0.000001
527 0.000001
528 0.000001
529 0.000002
530 0.002856
531 0.010008
532 0.000396
533 0.000352
534 0.000002
535 0.000001
536 0.000001
537 0.000001
538 0.000001
539 0.000002
540 0.000003
541 0.000002
542 0.000001
543 0.000001
544 0.000001
545 0.000001
546 0.000001
547 0.000001
548 0.000001
549 0.000001
550 0.000001
551 0.000001
552 0.000001
553 0.000001
554 0.000001
555 0.000001
556 0.000001
557 0.000016
558 0.010014
559 0.010013
560 0.000504
561 0.000477
562 0.000002
563 0.000001
564 0.000001
565 0.000001
566 0.000002
567 0.000003
568 0.000002
569 0.000001
570 0.000001
571 0.000001
572 0.000001
573 0.000001
574 0.000001
575 0.000001
576 0.000001
577 0.000001
578 0.000001
579 0.000002
580 0.000002
581 0.000001
582 0.000001
583 0.000001
584 0.000007
585 0.010009
586 0.010012
587 0.010013
588 0.000639
589 0.000504
590 0.000012
591 0.000001
592 0.000001
593 0.000002
594 0.000003
595 0.000002
596 0.000001
597 0.000001
598 0.000001
599 0.000001
600 0.000001
601 0.000001
602 0.000001
603 0.000001
604 0.000001
605 0.000001
606 0.000001
607 0.000001
608 0.000002
609 0.000001
610 0.000001
611 0.000005
612 0.004648
613 0.008582
614 0.010008
615 0.010011
616 0.000710
617 0.000639
618 0.000607
619 0.000057
620 0.000002
621 0.000002
622 0.000002
623 0.000001
624 0.000001
625 0.000001
626 0.000001
627 0.000001
628 0.000001
629 0.000001
630 0.000001
631 0.000001
632 0.000001
633 0.000001
634 0.000001
635 0.000001
636 0.000001
637 0.000001
638 0.000003
639 0.001455
640 0.002636
641 0.004772
642 0.000001
643 0.000001
644 0.000750
645 0.000711
646 0.001686
647 0.003566
648 0.002276
649 0.000006
650 0.000002
651 0.000001
652 0.000001
653 0.000001
654 0.000001
655 0.000001
656 0.000001
657 0.000004
658 0.000003
659 0.000001
660 0.000001
661 0.000001
662 0.000002
663 0.000002
664 0.000001
665 0.000009
666 0.001266
667 0.000997
668 0.001551
669 0.000001
670 0.000001
671 0.000001
672 0.000001
673 0.001812
674 0.003717
675 0.008143
676 0.010031
677 0.010038
678 0.000021
679 0.000005
680 0.000004
681 0.000012
682 0.000072
683 0.000015
684 0.000005
685 0.000005
686 0.000005
687 0.000006
688 0.000010
689 0.000202
690 0.000626
691 0.000177
692 0.000448
693 0.003946
694 0.002289
695 0.001356
696 0.000001
697 0.000001
698 0.000001
699 0.000001
700 0.000001
701 0.000001
702 0.008212
703 0.010026
704 0.010035
705 0.008844
706 0.003182
707 0.000943
708 0.000427
709 0.000333
710 0.000147
711 0.000032
712 0.000009
713 0.000007
714 0.000007
715 0.000007
716 0.000017
717 0.000258
718 0.006155
719 0.010031
720 0.010022
721 0.007341
722 0.004071
723 0.000001
724 0.000001
725 0.000001
726 0.000001
727 0.000001
728 0.000001
729 0.000001
730 0.000001
731 0.000001
732 0.009720
733 0.004092
734 0.001513
735 0.000580
736 0.000477
737 0.000374
738 0.000333
739 0.000074
740 0.000020
741 0.000009
742 0.000008
743 0.000008
744 0.000024
745 0.000383
746 0.003334
747 0.008555
748 0.010028
749 0.010017
750 0.000001
751 0.000001
752 0.000001
753 0.000001
754 0.000001
755 0.000001
756 0.000001
757 0.000001
758 0.000001
759 0.000001
760 0.000001
761 0.002382
762 0.000914
763 0.000533
764 0.000504
765 0.000477
766 0.000451
767 0.000176
768 0.000035
769 0.000014
770 0.000011
771 0.000011
772 0.000053
773 0.000574
774 0.002121
775 0.004657
776 0.010026
777 0.000001
778 0.000101
779 0.000034
780 0.000001
781 0.000001
782 0.000001
783 0.000001
