0 0.005469
1 0.004639
2 0.003100
3 0.002436
4 0.001696
5 0.001395
6 0.001245
7 0.001176
8 0.000164
9 0.000020
10 0.000013
11 0.000012
12 0.000012
13 0.000012
14 0.000012
15 0.000011
16 0.000009
17 0.000007
18 0.000037
19 0.000294
20 0.001253
21 0.002365
22 0.006464
23 0.011673
24 0.011882
25 0.006510
26 0.002944
27 0.001770
28 0.005185
29 0.005469
30 0.004316
31 0.002931
32 0.001940
33 0.001445
34 0.001176
35 0.000674
36 0.000049
37 0.000008
38 0.000008
39 0.000008
40 0.000008
41 0.000010
42 0.000009
43 0.000008
44 0.000006
45 0.000007
46 0.000017
47 0.000224
48 0.001856
49 0.005832
50 0.000000
51 0.000000
52 0.006510
53 0.003105
54 0.001419
55 0.001193
56 0.005472
57 0.005186
58 0.005185
59 0.004234
60 0.002696
61 0.001452
62 0.001112
63 0.000224
64 0.000020
65 0.000005
66 0.000007
67 0.000005
68 0.000005
69 0.000005
70 0.000005
71 0.000005
72 0.000005
73 0.000005
74 0.000011
75 0.000133
76 0.000000
77 0.000000
78 0.000000
79 0.000000
80 0.000000
81 0.001401
82 0.001177
83 0.000779
84 0.005472
85 0.005187
86 0.004917
87 0.004916
88 0.003485
89 0.002163
90 0.001256
91 0.000067
92 0.000006
93 0.000004
94 0.000004
95 0.000004
96 0.000004
97 0.000005
98 0.000004
99 0.000004
100 0.000004
101 0.000002
102 0.000000
103 0.000000
104 0.000000
105 0.000000
106 0.000000
107 0.000000
108 0.000000
109 0.000896
110 0.000710
111 0.000872
112 0.004276
113 0.005187
114 0.004919
115 0.004918
116 0.000000
117 0.000000
118 0.000000
119 0.000000
120 0.000000
121 0.000001
122 0.000003
123 0.000003
124 0.000003
125 0.000003
126 0.000003
127 0.000000
128 0.000000
129 0.000000
130 0.000000
131 0.000000
132 0.000000
133 0.000000
134 0.000000
135 0.000000
136 0.000002
137 0.000546
138 0.000642
139 0.000927
140 0.003294
141 0.003586
142 0.004918
143 0.004919
144 0.000000
145 0.000000
146 0.000000
147 0.000000
148 0.000000
149 0.000000
150 0.000000
151 0.000000
152 0.000000
153 0.000000
154 0.000000
155 0.000000
156 0.000000
157 0.000000
158 0.000000
159 0.000000
160 0.000000
161 0.000001
162 0.000000
163 0.000000
164 0.000571
165 0.000466
166 0.000678
167 0.000721
168 0.003867
169 0.003056
170 0.003057
171 0.004918
172 0.000002
173 0.000001
174 0.000000
175 0.000000
176 0.000000
177 0.000000
178 0.000000
179 0.000000
180 0.000000
181 0.000000
182 0.000000
183 0.000000
184 0.000000
185 0.000000
186 0.000000
187 0.000000
188 0.000000
189 0.000000
190 0.000000
191 0.000000
192 0.000416
193 0.000461
194 0.000666
195 0.001454
196 0.005631
197 0.003777
198 0.003042
199 0.002414
200 0.000012
201 0.000001
202 0.000001
203 0.000000
204 0.000000
205 0.000000
206 0.000000
207 0.000000
208 0.000000
209 0.000000
210 0.000000
211 0.000000
212 0.000000
213 0.000000
214 0.000000
215 0.000000
216 0.000000
217 0.000000
218 0.000000
219 0.000001
220 0.000436
221 0.000770
222 0.001295
223 0.002318
224 0.009377
225 0.006494
226 0.003671
227 0.002972
228 0.002349
229 0.000001
230 0.000000
231 0.000000
232 0.000000
233 0.000000
234 0.000000
235 0.000000
236 0.000000
237 0.000000
238 0.000000
239 0.000000
240 0.000000
241 0.000000
242 0.000000
243 0.000000
244 0.000000
245 0.000000
246 0.000000
247 0.000008
248 0.000036
249 0.000111
250 0.000375
251 0.000998
252 0.009474
253 0.009342
254 0.009324
255 0.002113
256 0.000203
257 0.000000
258 0.000001
259 0.000000
260 0.000000
261 0.000000
262 0.000000
263 0.000000
264 0.000000
265 0.000000
266 0.000000
267 0.000000
268 0.000000
269 0.000000
270 0.000000
271 0.000000
272 0.000000
273 0.000000
274 0.000000
275 0.000003
276 0.000008
277 0.000032
278 0.000068
279 0.000112
280 0.111907
281 0.009933
282 0.000876
283 0.000226
284 0.000037
285 0.000000
286 0.000000
287 0.000000
288 0.000000
289 0.000000
290 0.000000
291 0.000000
292 0.000000
293 0.000000
294 0.000000
295 0.000000
296 0.000000
297 0.000000
298 0.000000
299 0.000000
300 0.000000
301 0.000000
302 0.000000
303 0.000009
304 0.000020
305 0.000029
306 0.000035
307 0.000024
308 0.004213
309 0.003325
310 0.001324
311 0.000098
312 0.000002
313 0.000000
314 0.000000
315 0.000000
316 0.000000
317 0.000000
318 0.000000
319 0.000000
320 0.000001
321 0.000001
322 0.000001
323 0.000000
324 0.000000
325 0.000000
326 0.000000
327 0.000000
328 0.000000
329 0.000000
330 0.000000
331 0.000003
332 0.000030
333 0.000021
334 0.000015
335 0.000014
336 0.000167
337 0.000273
338 0.000286
339 0.000341
340 0.000002
341 0.000000
342 0.000000
343 0.000000
344 0.000001
345 0.000000
346 0.000000
347 0.000001
348 0.000003
349 0.000009
350 0.000001
351 0.000000
352 0.000000
353 0.000000
354 0.000000
355 0.000000
356 0.000000
357 0.000000
358 0.000000
359 0.000001
360 0.000010
361 0.000008
362 0.000006
363 0.000005
364 0.000009
365 0.000011
366 0.000036
367 0.000082
368 0.000000
369 0.000000
370 0.000000
371 0.000000
372 0.000001
373 0.000001
374 0.000001
375 0.000001
376 0.000017
377 0.000016
378 0.000001
379 0.000000
380 0.000000
381 0.000001
382 0.000001
383 0.000000
384 0.000000
385 0.000000
386 0.000000
387 0.000000
388 0.000001
389 0.000003
390 0.000003
391 0.000004
392 0.000006
393 0.000003
394 0.000002
395 0.000001
396 0.000000
397 0.000000
398 0.000000
399 0.000000
400 0.000001
401 0.000003
402 0.000004
403 0.000009
404 0.000002
405 0.000001
406 0.000001
407 0.000001
408 0.000001
409 0.000001
410 0.000001
411 0.000000
412 0.000000
413 0.000000
414 0.000000
415 0.000000
416 0.000000
417 0.000002
418 0.000003
419 0.000003
420 0.000004
421 0.000003
422 0.000002
423 0.000000
424 0.000000
425 0.000000
426 0.000000
427 0.000000
428 0.000001
429 0.000140
430 0.999989
431 0.000012
432 0.000001
433 0.000000
434 0.000001
435 0.000004
436 0.000057
437 0.000003
438 0.000000
439 0.000000
440 0.000000
441 0.000000
442 0.000000
443 0.000000
444 0.000000
445 0.000002
446 0.000003
447 0.000003
448 0.000007
449 0.000003
450 0.000002
451 0.000000
452 0.000000
453 0.000000
454 0.000000
455 0.000000
456 0.000001
457 0.000038
458 0.000230
459 0.000015
460 0.000001
461 0.000000
462 0.000001
463 0.000014
464 0.999987
465 0.000004
466 0.000000
467 0.000000
468 0.000000
469 0.000000
470 0.000000
471 0.000000
472 0.000000
473 0.000001
474 0.000002
475 0.000005
476 0.000029
477 0.000012
478 0.000001
479 0.000000
480 0.000000
481 0.000000
482 0.000000
483 0.000001
484 0.000001
485 0.000001
486 0.000002
487 0.000002
488 0.000001
489 0.000001
490 0.000002
491 0.000006
492 0.000007
493 0.000001
494 0.000001
495 0.000000
496 0.000000
497 0.000000
498 0.000000
499 0.000000
500 0.000000
501 0.000000
502 0.000011
503 0.000027
504 0.000215
505 0.000089
506 0.000001
507 0.000000
508 0.000000
509 0.000000
510 0.000001
511 0.000002
512 0.000001
513 0.000000
514 0.000001
515 0.000001
516 0.000002
517 0.000002
518 0.000002
519 0.000001
520 0.000001
521 0.000001
522 0.000001
523 0.000001
524 0.000000
525 0.000000
526 0.000000
527 0.000000
528 0.000000
529 0.000000
530 0.000079
531 0.000233
532 0.000196
533 0.000180
534 0.000001
535 0.000000
536 0.000000
537 0.000001
538 0.000004
539 0.000002
540 0.000001
541 0.000000
542 0.000000
543 0.000001
544 0.000001
545 0.000001
546 0.000001
547 0.000001
548 0.000000
549 0.000000
550 0.000000
551 0.000001
552 0.000001
553 0.000000
554 0.000000
555 0.000000
556 0.000000
557 0.000002
558 0.000233
559 0.000247
560 0.000287
561 0.000633
562 0.000004
563 0.000000
564 0.000004
565 0.000025
566 0.000023
567 0.000001
568 0.000001
569 0.000000
570 0.000000
571 0.000000
572 0.000001
573 0.000000
574 0.000000
575 0.000000
576 0.000000
577 0.000000
578 0.000000
579 0.000001
580 0.000005
581 0.000004
582 0.000001
583 0.000001
584 0.000002
585 0.000233
586 0.000247
587 0.000317
588 0.000890
589 0.002148
590 0.000179
591 0.000023
592 0.000032
593 0.000025
594 0.000002
595 0.000001
596 0.000001
597 0.000000
598 0.000000
599 0.000000
600 0.000000
601 0.000001
602 0.000000
603 0.000000
604 0.000000
605 0.000000
606 0.000000
607 0.000001
608 0.000008
609 0.000040
610 0.000021
611 0.000023
612 0.001165
613 0.000517
614 0.000300
615 0.000317
616 0.003027
617 0.007074
618 0.010009
619 0.000608
620 0.000109
621 0.000002
622 0.000001
623 0.000001
624 0.000000
625 0.000000
626 0.000000
627 0.000000
628 0.000000
629 0.000001
630 0.000001
631 0.000000
632 0.000000
633 0.000000
634 0.000000
635 0.000000
636 0.000001
637 0.000004
638 0.000113
639 0.007751
640 0.002973
641 0.001552
642 0.000000
643 0.000000
644 0.007446
645 0.010008
646 0.010008
647 0.007949
648 0.000898
649 0.000003
650 0.000000
651 0.000000
652 0.000000
653 0.000000
654 0.000000
655 0.000001
656 0.000013
657 0.001366
658 0.000629
659 0.000003
660 0.000000
661 0.000000
662 0.000000
663 0.000000
664 0.000001
665 0.000038
666 0.006027
667 0.010009
668 0.010009
669 0.000000
670 0.000000
671 0.000000
672 0.000000
673 0.010008
674 0.010005
675 0.002942
676 0.001120
677 0.000338
678 0.000001
679 0.000001
680 0.000002
681 0.000020
682 0.000235
683 0.000152
684 0.000101
685 0.000254
686 0.000153
687 0.000034
688 0.000017
689 0.000048
690 0.000071
691 0.000011
692 0.000042
693 0.000899
694 0.002359
695 0.007816
696 0.000000
697 0.000000
698 0.000000
699 0.000000
700 0.000000
701 0.000000
702 0.003903
703 0.001508
704 0.000470
705 0.000350
706 0.000263
707 0.000246
708 0.000300
709 0.000980
710 0.001930
711 0.000452
712 0.000083
713 0.000043
714 0.000036
715 0.000051
716 0.000075
717 0.000306
718 0.001324
719 0.000449
720 0.000171
721 0.000401
722 0.001206
723 0.000000
724 0.000000
725 0.000000
726 0.000000
727 0.000000
728 0.000000
729 0.000000
730 0.000000
731 0.000000
732 0.000398
733 0.000373
734 0.000281
735 0.000266
736 0.000849
737 0.002876
738 0.010011
739 0.001029
740 0.000078
741 0.000012
742 0.000009
743 0.000034
744 0.000192
745 0.001904
746 0.003571
747 0.001124
748 0.000401
749 0.000284
750 0.000001
751 0.000000
752 0.000000
753 0.000001
754 0.000000
755 0.000000
756 0.000000
757 0.000000
758 0.000000
759 0.000000
760 0.000000
761 0.000398
762 0.000374
763 0.000575
764 0.001796
765 0.008183
766 0.010012
767 0.002444
768 0.000072
769 0.000004
770 0.000006
771 0.000023
772 0.000490
773 0.005170
774 0.007677
775 0.002301
776 0.000971
777 0.000000
778 0.000011
779 0.000015
780 0.000000
781 0.000000
782 0.000001
783 0.000000
