0 0.010132
1 0.010135
2 0.010144
3 0.010140
4 0.010149
5 0.010156
6 0.010160
7 0.010161
8 0.010272
9 0.010249
10 0.010190
11 0.010193
12 0.010194
13 0.010197
14 0.010198
15 0.010201
16 0.010204
17 0.010282
18 0.010266
19 0.010225
20 0.010014
21 0.010014
22 0.010012
23 0.010012
24 0.010012
25 0.010012
26 0.010011
27 0.010011
28 0.010141
29 0.010137
30 0.010146
31 0.010148
32 0.010151
33 0.010155
34 0.010161
35 0.010267
36 0.010277
37 0.010252
38 0.010194
39 0.010195
40 0.010197
41 0.010198
42 0.010199
43 0.010203
44 0.010207
45 0.010209
46 0.010277
47 0.010254
48 0.010015
49 0.010014
50 0.010074
51 0.010139
52 0.010012
53 0.010011
54 0.010012
55 0.010011
56 0.010137
57 0.010146
58 0.010148
59 0.010150
60 0.010154
61 0.010160
62 0.010162
63 0.010271
64 0.010279
65 0.010195
66 0.010195
67 0.010198
68 0.010201
69 0.010202
70 0.010203
71 0.010207
72 0.010208
73 0.010211
74 0.010285
75 0.010319
76 0.010074
77 0.010129
78 0.010209
79 0.010140
80 0.010139
81 0.010012
82 0.010011
83 0.010012
84 0.010140
85 0.010148
86 0.010155
87 0.010158
88 0.010159
89 0.010161
90 0.010164
91 0.010276
92 0.010284
93 0.010197
94 0.010199
95 0.010200
96 0.010202
97 0.010202
98 0.010204
99 0.010208
100 0.010210
101 0.010265
102 0.010272
103 0.010387
104 0.010409
105 0.010137
106 0.010302
107 0.010252
108 0.010047
109 0.010013
110 0.010012
111 0.010012
112 0.010149
113 0.010150
114 0.010158
115 0.010159
116 0.011158
117 0.010810
118 0.010529
119 0.010455
120 0.010397
121 0.010250
122 0.010200
123 0.010200
124 0.010203
125 0.010204
126 0.010208
127 0.010263
128 0.010266
129 0.010270
130 0.010303
131 0.010443
132 0.010389
133 0.010172
134 0.010169
135 0.010119
136 0.010023
137 0.010014
138 0.010013
139 0.010012
140 0.010151
141 0.010157
142 0.010160
143 0.010161
144 0.011253
145 0.011161
146 0.010803
147 0.010579
148 0.010451
149 0.010409
150 0.010374
151 0.010339
152 0.010309
153 0.010330
154 0.010263
155 0.010267
156 0.010298
157 0.010302
158 0.010292
159 0.010421
160 0.010467
161 0.010387
162 0.010122
163 0.010043
164 0.010014
165 0.010014
166 0.010013
167 0.010013
168 0.010158
169 0.010160
170 0.010161
171 0.010163
172 0.010414
173 0.011262
174 0.011382
175 0.010790
176 0.010471
177 0.010426
178 0.010467
179 0.010476
180 0.010452
181 0.010421
182 0.010397
183 0.010401
184 0.010377
185 0.010361
186 0.010350
187 0.010347
188 0.010438
189 0.010407
190 0.010049
191 0.010033
192 0.010015
193 0.010015
194 0.010015
195 0.010013
196 0.010161
197 0.010162
198 0.010166
199 0.010168
200 0.010304
201 0.010930
202 0.011335
203 0.011464
204 0.010745
205 0.010555
206 0.010455
207 0.010449
208 0.010429
209 0.010374
210 0.010367
211 0.010440
212 0.010423
213 0.010409
214 0.010374
215 0.010418
216 0.010529
217 0.010489
218 0.010167
219 0.010071
220 0.010015
221 0.010015
222 0.010015
223 0.010014
224 0.010162
225 0.010167
226 0.010169
227 0.010170
228 0.010174
229 0.010499
230 0.011114
231 0.011289
232 0.011136
233 0.010738
234 0.010607
235 0.010383
236 0.010372
237 0.010362
238 0.010351
239 0.010346
240 0.010368
241 0.010366
242 0.010412
243 0.010418
244 0.010542
245 0.010462
246 0.010374
247 0.010118
248 0.010102
249 0.010091
250 0.010075
251 0.010060
252 0.010164
253 0.010169
254 0.010170
255 0.010225
256 0.010229
257 0.010499
258 0.010599
259 0.011173
260 0.011324
261 0.010863
262 0.010380
263 0.010366
264 0.010352
265 0.010348
266 0.010341
267 0.010336
268 0.010336
269 0.010414
270 0.010414
271 0.010414
272 0.010340
273 0.010443
274 0.010396
275 0.010152
276 0.010143
277 0.010130
278 0.010121
279 0.010108
280 0.010170
281 0.010227
282 0.010227
283 0.010230
284 0.010231
285 0.010448
286 0.010516
287 0.010740
288 0.011146
289 0.010386
290 0.010364
291 0.010352
292 0.010343
293 0.010335
294 0.010333
295 0.010332
296 0.010327
297 0.010330
298 0.010413
299 0.010335
300 0.010341
301 0.010454
302 0.010408
303 0.010146
304 0.010142
305 0.010136
306 0.010131
307 0.010126
308 0.010226
309 0.010227
310 0.010231
311 0.010234
312 0.010291
313 0.010305
314 0.010401
315 0.010464
316 0.010397
317 0.010375
318 0.010356
319 0.010340
320 0.010330
321 0.010327
322 0.010324
323 0.010325
324 0.010327
325 0.010327
326 0.010330
327 0.010334
328 0.010337
329 0.010342
330 0.010422
331 0.010372
332 0.010138
333 0.010134
334 0.010129
335 0.010121
336 0.010230
337 0.010184
338 0.010185
339 0.010189
340 0.010297
341 0.010310
342 0.010368
343 0.010435
344 0.010385
345 0.010366
346 0.010352
347 0.010334
348 0.010331
349 0.010323
350 0.010320
351 0.010319
352 0.010320
353 0.010328
354 0.010329
355 0.010337
356 0.010342
357 0.010344
358 0.010442
359 0.010398
360 0.010137
361 0.010131
362 0.010125
363 0.010123
364 0.010184
365 0.010185
366 0.010186
367 0.010190
368 0.010306
369 0.010318
370 0.010335
371 0.010409
372 0.010377
373 0.010357
374 0.010348
375 0.010336
376 0.010326
377 0.010319
378 0.010320
379 0.010315
380 0.010320
381 0.010324
382 0.010332
383 0.010339
384 0.010344
385 0.010342
386 0.010466
387 0.010417
388 0.010359
389 0.010127
390 0.010126
391 0.010121
392 0.010187
393 0.010188
394 0.010190
395 0.010296
396 0.010316
397 0.010247
398 0.010245
399 0.010381
400 0.010424
401 0.010357
402 0.010345
403 0.010335
404 0.010326
405 0.010320
406 0.010314
407 0.010318
408 0.010321
409 0.010327
410 0.010336
411 0.010344
412 0.010349
413 0.010351
414 0.010358
415 0.010449
416 0.010383
417 0.010129
418 0.010124
419 0.010122
420 0.010186
421 0.010192
422 0.010194
423 0.010303
424 0.010322
425 0.010254
426 0.010252
427 0.010362
428 0.010407
429 0.010358
430 0.010345
431 0.010334
432 0.010329
433 0.010322
434 0.010318
435 0.010321
436 0.010322
437 0.010329
438 0.010335
439 0.010344
440 0.010355
441 0.010353
442 0.010369
443 0.010762
444 0.010414
445 0.010127
446 0.010124
447 0.010121
448 0.010391
449 0.010260
450 0.010195
451 0.010310
452 0.010330
453 0.010258
454 0.010261
455 0.010347
456 0.010390
457 0.010353
458 0.010343
459 0.010342
460 0.010335
461 0.010328
462 0.010327
463 0.010325
464 0.010328
465 0.010333
466 0.010344
467 0.010353
468 0.010356
469 0.010365
470 0.011288
471 0.010855
472 0.010436
473 0.010279
474 0.010215
475 0.010207
476 0.010377
477 0.010385
478 0.010463
479 0.010521
480 0.010260
481 0.010261
482 0.010265
483 0.010331
484 0.010383
485 0.010411
486 0.010345
487 0.010344
488 0.010336
489 0.010334
490 0.010335
491 0.010335
492 0.010336
493 0.010343
494 0.010352
495 0.010355
496 0.010366
497 0.011667
498 0.011432
499 0.011052
500 0.010766
501 0.010340
502 0.010201
503 0.010193
504 0.010003
505 0.010341
506 0.010395
507 0.010458
508 0.010451
509 0.010457
510 0.010532
511 0.010336
512 0.010439
513 0.010405
514 0.010356
515 0.010349
516 0.010343
517 0.010343
518 0.010343
519 0.010344
520 0.010347
521 0.010351
522 0.010356
523 0.010367
524 0.011237
525 0.011517
526 0.011705
527 0.011556
528 0.010929
529 0.010352
530 0.010180
531 0.010049
532 0.010003
533 0.010003
534 0.010040
535 0.010073
536 0.010430
537 0.010440
538 0.010513
539 0.010523
540 0.010583
541 0.010630
542 0.010421
543 0.010352
544 0.010352
545 0.010351
546 0.010350
547 0.010353
548 0.010361
549 0.010362
550 0.010455
551 0.011127
552 0.011286
553 0.011410
554 0.011693
555 0.011736
556 0.011245
557 0.010563
558 0.010048
559 0.010048
560 0.010003
561 0.010003
562 0.010041
563 0.010067
564 0.010074
565 0.010141
566 0.010487
567 0.010535
568 0.010480
569 0.010596
570 0.010631
571 0.010543
572 0.010422
573 0.010360
574 0.010361
575 0.010364
576 0.010484
577 0.010490
578 0.010491
579 0.010809
580 0.011111
581 0.011331
582 0.011364
583 0.011702
584 0.011610
585 0.010046
586 0.010046
587 0.010044
588 0.010003
589 0.010003
590 0.010026
591 0.010056
592 0.010133
593 0.010138
594 0.010173
595 0.010108
596 0.010110
597 0.010759
598 0.010797
599 0.010786
600 0.010554
601 0.010706
602 0.010749
603 0.010521
604 0.010527
605 0.010489
606 0.010486
607 0.010345
608 0.010552
609 0.010850
610 0.011233
611 0.011519
612 0.010046
613 0.010046
614 0.010043
615 0.010043
616 0.010003
617 0.010003
618 0.010003
619 0.010101
620 0.010122
621 0.010166
622 0.010103
623 0.010306
624 0.010307
625 0.010555
626 0.010725
627 0.010611
628 0.010797
629 0.010689
630 0.010705
631 0.010722
632 0.010569
633 0.010521
634 0.010348
635 0.010336
636 0.010319
637 0.010293
638 0.010666
639 0.010045
640 0.010044
641 0.010042
642 0.012270
643 0.012424
644 0.010003
645 0.010003
646 0.010003
647 0.010003
648 0.010135
649 0.010194
650 0.010305
651 0.010445
652 0.010510
653 0.010372
654 0.010428
655 0.010493
656 0.010375
657 0.010093
658 0.010090
659 0.010496
660 0.010424
661 0.010354
662 0.010350
663 0.010358
664 0.010289
665 0.010233
666 0.010045
667 0.010042
668 0.010041
669 0.012267
670 0.012196
671 0.012455
672 0.010626
673 0.010003
674 0.010003
675 0.010003
676 0.010003
677 0.010003
678 0.010462
679 0.010341
680 0.010260
681 0.010136
682 0.010039
683 0.010075
684 0.010094
685 0.010088
686 0.010086
687 0.010084
688 0.010082
689 0.010071
690 0.010271
691 0.010278
692 0.010208
693 0.010047
694 0.010045
695 0.010041
696 0.012266
697 0.012266
698 0.012153
699 0.012309
700 0.010626
701 0.010626
702 0.010003
703 0.010003
704 0.010003
705 0.010003
706 0.010003
707 0.010003
708 0.010003
709 0.010003
710 0.010021
711 0.010059
712 0.010085
713 0.010090
714 0.010082
715 0.010079
716 0.010077
717 0.010071
718 0.010053
719 0.010052
720 0.010051
721 0.010047
722 0.010043
723 0.012220
724 0.012005
725 0.012198
726 0.012263
727 0.012265
728 0.010626
729 0.010626
730 0.010626
731 0.010626
732 0.010003
733 0.010003
734 0.010003
735 0.010003
736 0.010003
737 0.010003
738 0.010004
739 0.010045
740 0.010074
741 0.010085
742 0.010081
743 0.010079
744 0.010072
745 0.010065
746 0.010053
747 0.010049
748 0.010048
749 0.010045
750 0.011225
751 0.010678
752 0.010863
753 0.011353
754 0.012271
755 0.012263
756 0.010626
757 0.010626
758 0.010567
759 0.010560
760 0.010626
761 0.010003
762 0.010003
763 0.010003
764 0.010003
765 0.010003
766 0.010003
767 0.010030
768 0.010063
769 0.010081
770 0.010080
771 0.010078
772 0.010070
773 0.010057
774 0.010054
775 0.010051
776 0.010048
777 0.010583
778 0.010480
779 0.010484
780 0.010540
781 0.010624
782 0.011217
783 0.012264
