0 0.003630
1 0.004768
2 0.007844
3 0.014191
4 0.023075
5 0.013331
6 0.005291
7 0.001630
8 0.000162
9 0.000020
10 0.000014
11 0.000012
12 0.000012
13 0.000012
14 0.000020
15 0.000033
16 0.000045
17 0.000031
18 0.000157
19 0.000810
20 0.001380
21 0.000959
22 0.000914
23 0.000963
24 0.000852
25 0.000902
26 0.001128
27 0.001190
28 0.002542
29 0.003555
30 0.004407
31 0.007844
32 0.015488
33 0.021695
34 0.010701
35 0.002291
36 0.000081
37 0.000010
38 0.000008
39 0.000008
40 0.000008
41 0.000012
42 0.000024
43 0.000042
44 0.000031
45 0.000030
46 0.000049
47 0.000252
48 0.000802
49 0.000681
50 0.000000
51 0.000000
52 0.000805
53 0.001015
54 0.000902
55 0.001128
56 0.002149
57 0.002391
58 0.002965
59 0.004407
60 0.007844
61 0.016916
62 0.020067
63 0.002548
64 0.000100
65 0.000012
66 0.000009
67 0.000006
68 0.000005
69 0.000012
70 0.000026
71 0.000033
72 0.000029
73 0.000023
74 0.000014
75 0.000055
76 0.000000
77 0.000000
78 0.000000
79 0.000000
80 0.000000
81 0.000805
82 0.001015
83 0.000902
84 0.001765
85 0.001678
86 0.001912
87 0.002634
88 0.004710
89 0.008569
90 0.016918
91 0.001721
92 0.000123
93 0.000022
94 0.000011
95 0.000005
96 0.000005
97 0.000017
98 0.000035
99 0.000029
100 0.000025
101 0.000004
102 0.000000
103 0.000000
104 0.000000
105 0.000000
106 0.000000
107 0.000000
108 0.000001
109 0.000761
110 0.000805
111 0.001015
112 0.001431
113 0.001348
114 0.001222
115 0.001721
116 0.000000
117 0.000000
118 0.000000
119 0.000000
120 0.000001
121 0.000018
122 0.000023
123 0.000011
124 0.000012
125 0.000022
126 0.000031
127 0.000001
128 0.000000
129 0.000000
130 0.000000
131 0.000000
132 0.000000
133 0.000000
134 0.000001
135 0.000001
136 0.000122
137 0.000599
138 0.000761
139 0.000963
140 0.001349
141 0.001081
142 0.000952
143 0.000990
144 0.000001
145 0.000000
146 0.000000
147 0.000000
148 0.000000
149 0.000000
150 0.000000
151 0.000000
152 0.000001
153 0.000000
154 0.000001
155 0.000000
156 0.000000
157 0.000000
158 0.000000
159 0.000000
160 0.000000
161 0.000000
162 0.000001
163 0.000001
164 0.000610
165 0.000565
166 0.000720
167 0.000761
168 0.001765
169 0.000952
170 0.000894
171 0.000789
172 0.000004
173 0.000001
174 0.000000
175 0.000000
176 0.000000
177 0.000000
178 0.000000
179 0.000000
180 0.000000
181 0.000000
182 0.000000
183 0.000000
184 0.000000
185 0.000000
186 0.000000
187 0.000000
188 0.000000
189 0.000000
190 0.000001
191 0.000079
192 0.000474
193 0.000502
194 0.000533
195 0.000788
196 0.003255
197 0.001819
198 0.000840
199 0.000616
200 0.000138
201 0.000001
202 0.000000
203 0.000000
204 0.000000
205 0.000000
206 0.000000
207 0.000000
208 0.000000
209 0.000000
210 0.000000
211 0.000000
212 0.000000
213 0.000000
214 0.000000
215 0.000000
216 0.000000
217 0.000001
218 0.000001
219 0.000033
220 0.000474
221 0.000502
222 0.000573
223 0.000735
224 0.008210
225 0.003708
226 0.001932
227 0.000844
228 0.000416
229 0.000002
230 0.000001
231 0.000000
232 0.000000
233 0.000000
234 0.000000
235 0.000000
236 0.000000
237 0.000000
238 0.000000
239 0.000000
240 0.000000
241 0.000000
242 0.000000
243 0.000000
244 0.000000
245 0.000001
246 0.000001
247 0.000009
248 0.000019
249 0.000033
250 0.000095
251 0.000270
252 0.010006
253 0.010003
254 0.005223
255 0.001171
256 0.000086
257 0.000001
258 0.000001
259 0.000000
260 0.000000
261 0.000000
262 0.000000
263 0.000001
264 0.000000
265 0.000000
266 0.000000
267 0.000000
268 0.000000
269 0.000000
270 0.000000
271 0.000000
272 0.000000
273 0.000001
274 0.000001
275 0.000001
276 0.000002
277 0.000007
278 0.000020
279 0.000064
280 0.007162
281 0.003196
282 0.001299
283 0.000227
284 0.000033
285 0.000000
286 0.000001
287 0.000001
288 0.000000
289 0.000000
290 0.000001
291 0.000001
292 0.000001
293 0.000001
294 0.000001
295 0.000000
296 0.000000
297 0.000000
298 0.000000
299 0.000000
300 0.000001
301 0.000001
302 0.000000
303 0.000002
304 0.000004
305 0.000010
306 0.000022
307 0.000074
308 0.000385
309 0.000232
310 0.000157
311 0.000076
312 0.000004
313 0.000000
314 0.000001
315 0.000001
316 0.000001
317 0.000001
318 0.000001
319 0.000001
320 0.000001
321 0.000001
322 0.000001
323 0.000000
324 0.000000
325 0.000000
326 0.000000
327 0.000000
328 0.000001
329 0.000001
330 0.000000
331 0.000001
332 0.000012
333 0.000032
334 0.000090
335 0.000176
336 0.000031
337 0.000023
338 0.000025
339 0.000027
340 0.000001
341 0.000001
342 0.000001
343 0.000001
344 0.000003
345 0.000001
346 0.000001
347 0.000001
348 0.000001
349 0.000001
350 0.000001
351 0.000001
352 0.000000
353 0.000000
354 0.000000
355 0.000001
356 0.000001
357 0.000000
358 0.000000
359 0.000001
360 0.000067
361 0.000125
362 0.000137
363 0.000085
364 0.000012
365 0.000011
366 0.000009
367 0.000010
368 0.000001
369 0.000000
370 0.000001
371 0.000002
372 0.000022
373 0.000004
374 0.000001
375 0.000000
376 0.000000
377 0.000000
378 0.000001
379 0.000001
380 0.000001
381 0.000001
382 0.000001
383 0.000001
384 0.000001
385 0.000000
386 0.000000
387 0.000001
388 0.000018
389 0.000071
390 0.000040
391 0.000019
392 0.000008
393 0.000005
394 0.000004
395 0.000001
396 0.000000
397 0.000000
398 0.000001
399 0.000007
400 0.999985
401 0.000008
402 0.000001
403 0.000000
404 0.000000
405 0.000000
406 0.000000
407 0.000001
408 0.000001
409 0.000001
410 0.000002
411 0.000002
412 0.000001
413 0.000001
414 0.000000
415 0.000000
416 0.000001
417 0.000012
418 0.000007
419 0.000005
420 0.000006
421 0.000004
422 0.000003
423 0.000001
424 0.000000
425 0.000000
426 0.000001
427 0.000036
428 0.000031
429 0.000004
430 0.000001
431 0.000000
432 0.000000
433 0.000000
434 0.000000
435 0.000001
436 0.000001
437 0.000006
438 0.000102
439 0.000017
440 0.000001
441 0.000000
442 0.000000
443 0.000000
444 0.000000
445 0.000003
446 0.000004
447 0.000005
448 0.000009
449 0.000004
450 0.000005
451 0.000000
452 0.000000
453 0.000001
454 0.000001
455 0.000002
456 0.000002
457 0.000001
458 0.000001
459 0.000001
460 0.000000
461 0.000000
462 0.000000
463 0.000000
464 0.000001
465 0.000005
466 0.999983
467 0.000351
468 0.000001
469 0.000000
470 0.000000
471 0.000000
472 0.000000
473 0.000001
474 0.000003
475 0.000007
476 0.000054
477 0.000048
478 0.000011
479 0.000001
480 0.000000
481 0.000001
482 0.000001
483 0.000001
484 0.000001
485 0.000001
486 0.000001
487 0.000001
488 0.000000
489 0.000001
490 0.000001
491 0.000001
492 0.000001
493 0.000001
494 0.000007
495 0.000184
496 0.000002
497 0.000001
498 0.000000
499 0.000000
500 0.000000
501 0.000000
502 0.000014
503 0.000034
504 0.001335
505 0.001518
506 0.000030
507 0.000001
508 0.000001
509 0.000001
510 0.000001
511 0.000000
512 0.000000
513 0.000001
514 0.000001
515 0.000001
516 0.000001
517 0.000001
518 0.000001
519 0.000001
520 0.000001
521 0.000001
522 0.000001
523 0.000001
524 0.000004
525 0.000002
526 0.000001
527 0.000000
528 0.000000
529 0.000001
530 0.000089
531 0.000254
532 0.004096
533 0.010008
534 0.000043
535 0.000001
536 0.000001
537 0.000001
538 0.000001
539 0.000000
540 0.000000
541 0.000000
542 0.000001
543 0.000001
544 0.000001
545 0.000001
546 0.000001
547 0.000000
548 0.000000
549 0.000001
550 0.000001
551 0.000001
552 0.000001
553 0.000010
554 0.000002
555 0.000001
556 0.000001
557 0.000004
558 0.000390
559 0.000270
560 0.010008
561 0.010009
562 0.000024
563 0.000001
564 0.000001
565 0.000001
566 0.000000
567 0.000000
568 0.000000
569 0.000001
570 0.000001
571 0.000001
572 0.000001
573 0.000000
574 0.000000
575 0.000000
576 0.000000
577 0.000001
578 0.000001
579 0.000000
580 0.000001
581 0.000003
582 0.000077
583 0.000015
584 0.000010
585 0.002590
586 0.001129
587 0.000641
588 0.010007
589 0.005163
590 0.000087
591 0.000002
592 0.000001
593 0.000000
594 0.000000
595 0.000001
596 0.000001
597 0.000001
598 0.000001
599 0.000001
600 0.000001
601 0.000000
602 0.000000
603 0.000000
604 0.000000
605 0.000001
606 0.000001
607 0.000000
608 0.000000
609 0.000001
610 0.000011
611 0.000282
612 0.010016
613 0.006455
614 0.003306
615 0.001775
616 0.005371
617 0.002295
618 0.000829
619 0.000034
620 0.000001
621 0.000000
622 0.000001
623 0.000001
624 0.000001
625 0.000001
626 0.000001
627 0.000001
628 0.000001
629 0.000001
630 0.000001
631 0.000000
632 0.000001
633 0.000001
634 0.000000
635 0.000000
636 0.000000
637 0.000000
638 0.000007
639 0.003062
640 0.007882
641 0.010016
642 0.000000
643 0.000001
644 0.002506
645 0.001146
646 0.000632
647 0.000499
648 0.000178
649 0.000001
650 0.000000
651 0.000000
652 0.000000
653 0.000001
654 0.000001
655 0.000002
656 0.000011
657 0.000243
658 0.000253
659 0.000010
660 0.000001
661 0.000001
662 0.000000
663 0.000000
664 0.000000
665 0.000003
666 0.000437
667 0.001297
668 0.003187
669 0.000000
670 0.000001
671 0.000001
672 0.000000
673 0.000704
674 0.000667
675 0.000529
676 0.000599
677 0.000472
678 0.000003
679 0.000002
680 0.000004
681 0.000016
682 0.000214
683 0.000202
684 0.000221
685 0.000969
686 0.001799
687 0.000563
688 0.000187
689 0.000151
690 0.000015
691 0.000007
692 0.000021
693 0.000226
694 0.000254
695 0.000590
696 0.000000
697 0.000000
698 0.000000
699 0.000001
700 0.000000
701 0.000000
702 0.000704
703 0.000667
704 0.000632
705 0.000599
706 0.000472
707 0.000446
708 0.000399
709 0.000311
710 0.000241
711 0.000214
712 0.000574
713 0.002732
714 0.009212
715 0.001585
716 0.000481
717 0.000143
718 0.000165
719 0.000175
720 0.000186
721 0.000240
722 0.000309
723 0.000000
724 0.000001
725 0.000001
726 0.000000
727 0.000000
728 0.000000
729 0.000000
730 0.000000
731 0.000000
732 0.000667
733 0.000632
734 0.000499
735 0.000472
736 0.000446
737 0.000349
738 0.000311
739 0.000357
740 0.001496
741 0.005982
742 0.010033
743 0.005492
744 0.001266
745 0.000346
746 0.000175
747 0.000226
748 0.000240
749 0.000309
750 0.000000
751 0.000000
752 0.000000
753 0.000001
754 0.000000
755 0.000000
756 0.000000
757 0.000000
758 0.000000
759 0.000000
760 0.000000
761 0.000667
762 0.000632
763 0.000499
764 0.000472
765 0.000446
766 0.000422
767 0.000882
768 0.003032
769 0.010016
770 0.010040
771 0.013646
772 0.002707
773 0.000630
774 0.000218
775 0.000198
776 0.000254
777 0.000000
778 0.000007
779 0.000004
780 0.000000
781 0.000000
782 0.000000
783 0.000000
