0 0.001663
1 0.001562
2 0.001244
3 0.001378
4 0.001087
5 0.000851
6 0.000737
7 0.000687
8 0.000100
9 0.000013
10 0.000009
11 0.000009
12 0.000021
13 0.000061
14 0.000118
15 0.000204
16 0.000326
17 0.000438
18 0.000873
19 0.016286
20 0.015890
21 0.003737
22 0.001284
23 0.000964
24 0.000789
25 0.000836
26 0.001051
27 0.001110
28 0.001331
29 0.001467
30 0.001163
31 0.001087
32 0.001016
33 0.000889
34 0.000687
35 0.000392
36 0.000029
37 0.000006
38 0.000005
39 0.000005
40 0.000008
41 0.000030
42 0.000118
43 0.000257
44 0.001893
45 0.002867
46 0.002770
47 0.002665
48 0.004110
49 0.001162
50 0.000000
51 0.000000
52 0.000745
53 0.000943
54 0.000836
55 0.001051
56 0.001467
57 0.001163
58 0.001087
59 0.001016
60 0.000889
61 0.000687
62 0.000640
63 0.000131
64 0.000013
65 0.000004
66 0.000004
67 0.000003
68 0.000003
69 0.000009
70 0.000059
71 0.000369
72 0.005225
73 0.012260
74 0.002131
75 0.000284
76 0.000001
77 0.000000
78 0.000000
79 0.000000
80 0.000000
81 0.000745
82 0.000943
83 0.000973
84 0.001378
85 0.001087
86 0.000851
87 0.000737
88 0.000687
89 0.000640
90 0.000556
91 0.000039
92 0.000004
93 0.000003
94 0.000002
95 0.000002
96 0.000002
97 0.000005
98 0.000031
99 0.000934
100 0.008928
101 0.015638
102 0.000001
103 0.000000
104 0.000000
105 0.000000
106 0.000000
107 0.000001
108 0.000001
109 0.000703
110 0.000874
111 0.001798
112 0.001087
113 0.001016
114 0.000737
115 0.000687
116 0.000000
117 0.000000
118 0.000000
119 0.000000
120 0.000000
121 0.000001
122 0.000002
123 0.000002
124 0.000002
125 0.000004
126 0.000039
127 0.000111
128 0.000031
129 0.000001
130 0.000000
131 0.000000
132 0.000000
133 0.000000
134 0.000001
135 0.000001
136 0.000628
137 0.000768
138 0.001628
139 0.003476
140 0.001016
141 0.000792
142 0.000687
143 0.000640
144 0.000000
145 0.000000
146 0.000000
147 0.000000
148 0.000000
149 0.000000
150 0.000000
151 0.000000
152 0.000000
153 0.000000
154 0.000001
155 0.000000
156 0.000000
157 0.000000
158 0.000000
159 0.000000
160 0.000000
161 0.000000
162 0.000001
163 0.000036
164 0.000803
165 0.001476
166 0.003259
167 0.005834
168 0.000792
169 0.000687
170 0.000640
171 0.000556
172 0.000001
173 0.000000
174 0.000000
175 0.000000
176 0.000000
177 0.000000
178 0.000000
179 0.000000
180 0.000000
181 0.000000
182 0.000000
183 0.000000
184 0.000000
185 0.000000
186 0.000000
187 0.000000
188 0.000000
189 0.000001
190 0.000001
191 0.000761
192 0.001606
193 0.002998
194 0.006893
195 0.007574
196 0.000687
197 0.000640
198 0.000489
199 0.000421
200 0.000066
201 0.000001
202 0.000000
203 0.000000
204 0.000000
205 0.000000
206 0.000000
207 0.000000
208 0.000000
209 0.000000
210 0.000000
211 0.000000
212 0.000000
213 0.000000
214 0.000000
215 0.000000
216 0.000000
217 0.000001
218 0.000036
219 0.000555
220 0.003823
221 0.007420
222 0.006592
223 0.003701
224 0.001752
225 0.000729
226 0.000421
227 0.000391
228 0.000271
229 0.000001
230 0.000001
231 0.000000
232 0.000000
233 0.000000
234 0.000000
235 0.000000
236 0.000000
237 0.000000
238 0.000000
239 0.000000
240 0.000000
241 0.000000
242 0.000000
243 0.000000
244 0.000001
245 0.000001
246 0.000003
247 0.000074
248 0.000269
249 0.000291
250 0.000306
251 0.000311
252 0.005010
253 0.001911
254 0.000930
255 0.000225
256 0.000047
257 0.000001
258 0.000001
259 0.000000
260 0.000000
261 0.000000
262 0.000000
263 0.000000
264 0.000000
265 0.000001
266 0.000001
267 0.000001
268 0.000000
269 0.000000
270 0.000000
271 0.000000
272 0.000001
273 0.000002
274 0.000001
275 0.000016
276 0.000013
277 0.000012
278 0.000012
279 0.000012
280 0.010010
281 0.002810
282 0.000657
283 0.000087
284 0.000014
285 0.000000
286 0.000001
287 0.000000
288 0.000000
289 0.000000
290 0.000000
291 0.000000
292 0.000000
293 0.000000
294 0.000000
295 0.000000
296 0.000000
297 0.000000
298 0.000000
299 0.000001
300 0.000008
301 0.000003
302 0.000001
303 0.000013
304 0.000004
305 0.000003
306 0.000003
307 0.000004
308 0.002751
309 0.001201
310 0.000553
311 0.000082
312 0.000002
313 0.000000
314 0.000001
315 0.000001
316 0.000000
317 0.000000
318 0.000000
319 0.000001
320 0.000001
321 0.000000
322 0.000000
323 0.000000
324 0.000000
325 0.000000
326 0.000001
327 0.000004
328 0.999986
329 0.000044
330 0.000002
331 0.000002
332 0.000010
333 0.000005
334 0.000004
335 0.000005
336 0.000257
337 0.000270
338 0.000353
339 0.000224
340 0.000002
341 0.000000
342 0.000001
343 0.000001
344 0.000000
345 0.000000
346 0.000001
347 0.000001
348 0.000000
349 0.000000
350 0.000000
351 0.000000
352 0.000000
353 0.000000
354 0.000001
355 0.000005
356 0.000923
357 0.000688
358 0.000002
359 0.000001
360 0.000057
361 0.000030
362 0.000024
363 0.000013
364 0.000043
365 0.000072
366 0.000090
367 0.000151
368 0.000001
369 0.000000
370 0.000001
371 0.000001
372 0.000001
373 0.000001
374 0.000001
375 0.000001
376 0.000000
377 0.000000
378 0.000000
379 0.000000
380 0.000000
381 0.000000
382 0.000001
383 0.000002
384 0.000004
385 0.000032
386 0.000002
387 0.000002
388 0.000030
389 0.000188
390 0.000120
391 0.000076
392 0.000012
393 0.000009
394 0.000013
395 0.000003
396 0.000000
397 0.000000
398 0.000001
399 0.000002
400 0.000008
401 0.000003
402 0.000001
403 0.000000
404 0.000000
405 0.000000
406 0.000000
407 0.000000
408 0.000000
409 0.000000
410 0.000001
411 0.000001
412 0.000001
413 0.000001
414 0.000001
415 0.000001
416 0.000003
417 0.000653
418 0.000201
419 0.000214
420 0.000011
421 0.000006
422 0.000004
423 0.000000
424 0.000000
425 0.000000
426 0.000001
427 0.000009
428 0.999988
429 0.000005
430 0.000001
431 0.000000
432 0.000000
433 0.000000
434 0.000000
435 0.000000
436 0.000000
437 0.000000
438 0.000001
439 0.000001
440 0.000000
441 0.000001
442 0.000001
443 0.000001
444 0.000001
445 0.000112
446 0.000305
447 0.000584
448 0.000014
449 0.000006
450 0.000004
451 0.000000
452 0.000000
453 0.000000
454 0.000001
455 0.000021
456 0.000057
457 0.000003
458 0.000001
459 0.000000
460 0.000000
461 0.000000
462 0.000000
463 0.000000
464 0.000000
465 0.000000
466 0.000001
467 0.000001
468 0.000000
469 0.000000
470 0.000001
471 0.000001
472 0.000001
473 0.000003
474 0.000051
475 0.000228
476 0.000084
477 0.000030
478 0.000003
479 0.000000
480 0.000000
481 0.000001
482 0.000001
483 0.000002
484 0.000002
485 0.000001
486 0.000001
487 0.000001
488 0.000001
489 0.000001
490 0.000000
491 0.000000
492 0.000000
493 0.000000
494 0.000001
495 0.000000
496 0.000000
497 0.000000
498 0.000001
499 0.000001
500 0.000001
501 0.000000
502 0.000063
503 0.000279
504 0.000950
505 0.000557
506 0.000007
507 0.000000
508 0.000000
509 0.000001
510 0.000002
511 0.000001
512 0.000001
513 0.000001
514 0.000001
515 0.000001
516 0.000001
517 0.000001
518 0.000000
519 0.000000
520 0.000000
521 0.000000
522 0.000001
523 0.000000
524 0.000000
525 0.000000
526 0.000000
527 0.000001
528 0.000001
529 0.000001
530 0.000069
531 0.000313
532 0.001640
533 0.002836
534 0.000022
535 0.000001
536 0.000001
537 0.000003
538 0.000001
539 0.000001
540 0.000000
541 0.000001
542 0.000001
543 0.000000
544 0.000000
545 0.000000
546 0.000000
547 0.000001
548 0.000001
549 0.000001
550 0.000000
551 0.000000
552 0.000000
553 0.000000
554 0.000000
555 0.000001
556 0.000001
557 0.000001
558 0.000195
559 0.000208
560 0.004104
561 0.007461
562 0.000034
563 0.000001
564 0.000011
565 0.000008
566 0.000001
567 0.000000
568 0.000000
569 0.000001
570 0.000001
571 0.000000
572 0.000000
573 0.000000
574 0.000000
575 0.000000
576 0.000001
577 0.000001
578 0.000001
579 0.000000
580 0.000000
581 0.000000
582 0.000000
583 0.000000
584 0.000001
585 0.000195
586 0.000207
587 0.000269
588 0.008727
589 0.010005
590 0.000311
591 0.000010
592 0.000013
593 0.000001
594 0.000000
595 0.000000
596 0.000000
597 0.000000
598 0.000001
599 0.000001
600 0.000000
601 0.000000
602 0.000000
603 0.000000
604 0.000001
605 0.000001
606 0.000001
607 0.000000
608 0.000000
609 0.000000
610 0.000000
611 0.000001
612 0.000184
613 0.000195
614 0.000254
615 0.000269
616 0.010004
617 0.008601
618 0.004021
619 0.000146
620 0.000012
621 0.000000
622 0.000000
623 0.000000
624 0.000000
625 0.000000
626 0.000001
627 0.000001
628 0.000001
629 0.000000
630 0.000000
631 0.000000
632 0.000001
633 0.000000
634 0.000000
635 0.000000
636 0.000000
637 0.000000
638 0.000001
639 0.000184
640 0.000195
641 0.000254
642 0.000000
643 0.000000
644 0.008682
645 0.004891
646 0.002364
647 0.001131
648 0.000383
649 0.000002
650 0.000001
651 0.000000
652 0.000000
653 0.000000
654 0.000001
655 0.000004
656 0.000047
657 0.000198
658 0.000114
659 0.000002
660 0.000001
661 0.000001
662 0.000000
663 0.000000
664 0.000000
665 0.000002
666 0.000184
667 0.000239
668 0.000254
669 0.000000
670 0.000000
671 0.000000
672 0.000000
673 0.002509
674 0.001412
675 0.001181
676 0.001300
677 0.001082
678 0.000007
679 0.000004
680 0.000008
681 0.000040
682 0.000581
683 0.000767
684 0.001974
685 0.001447
686 0.000337
687 0.000069
688 0.000063
689 0.000103
690 0.000008
691 0.000004
692 0.000012
693 0.000173
694 0.000195
695 0.000254
696 0.000000
697 0.000000
698 0.000000
699 0.000000
700 0.000000
701 0.000000
702 0.001471
703 0.001411
704 0.001355
705 0.001300
706 0.001082
707 0.001036
708 0.000950
709 0.000781
710 0.000640
711 0.001302
712 0.004138
713 0.005323
714 0.000989
715 0.000190
716 0.000083
717 0.000089
718 0.000124
719 0.000132
720 0.000141
721 0.000184
722 0.000239
723 0.000000
724 0.000000
725 0.000000
726 0.000000
727 0.000000
728 0.000000
729 0.000000
730 0.000000
731 0.000000
732 0.001411
733 0.001355
734 0.001131
735 0.001082
736 0.001036
737 0.000857
738 0.001061
739 0.002650
740 0.008422
741 0.010014
742 0.002310
743 0.000514
744 0.000136
745 0.000117
746 0.000132
747 0.000173
748 0.000184
749 0.000239
750 0.000000
751 0.000000
752 0.000000
753 0.000000
754 0.000000
755 0.000000
756 0.000000
757 0.000000
758 0.000000
759 0.000000
760 0.000000
761 0.001411
762 0.001355
763 0.001131
764 0.001082
765 0.001036
766 0.002097
767 0.005232
768 0.010010
769 0.010019
770 0.005524
771 0.001127
772 0.000279
773 0.000153
774 0.000132
775 0.000150
776 0.000195
777 0.000000
778 0.000004
779 0.000002
780 0.000000
781 0.000000
782 0.000000
783 0.000000
