0 0.003083
1 0.002956
2 0.002538
3 0.002718
4 0.002345
5 0.003794
6 0.008589
7 0.031988
8 0.007423
9 0.000465
10 0.000095
11 0.000048
12 0.000043
13 0.000035
14 0.000031
15 0.000030
16 0.000024
17 0.000019
18 0.000079
19 0.000342
20 0.000943
21 0.001159
22 0.001649
23 0.001713
24 0.001612
25 0.001856
26 0.002407
27 0.002406
28 0.002656
29 0.002834
30 0.002425
31 0.002318
32 0.002216
33 0.002150
34 0.004321
35 0.007235
36 0.002911
37 0.000543
38 0.000184
39 0.000056
40 0.000038
41 0.000036
42 0.000025
43 0.000021
44 0.000017
45 0.000019
46 0.000032
47 0.000218
48 0.000916
49 0.001358
50 0.000001
51 0.000001
52 0.001856
53 0.002407
54 0.002092
55 0.002146
56 0.002834
57 0.002425
58 0.002318
59 0.002215
60 0.002024
61 0.001731
62 0.001935
63 0.001114
64 0.000491
65 0.000505
66 0.000445
67 0.000125
68 0.000035
69 0.000027
70 0.000019
71 0.000015
72 0.000015
73 0.000013
74 0.000017
75 0.000106
76 0.000002
77 0.000001
78 0.000001
79 0.000001
80 0.000001
81 0.002092
82 0.002146
83 0.001504
84 0.002718
85 0.002318
86 0.001964
87 0.001783
88 0.001699
89 0.001619
90 0.001516
91 0.000211
92 0.000077
93 0.000211
94 0.000518
95 0.000266
96 0.000088
97 0.000033
98 0.000021
99 0.000012
100 0.000012
101 0.000002
102 0.000001
103 0.000001
104 0.000001
105 0.000001
106 0.000001
107 0.000001
108 0.000001
109 0.001796
110 0.001454
111 0.001393
112 0.002318
113 0.002215
114 0.001783
115 0.001699
116 0.000001
117 0.000001
118 0.000001
119 0.000001
120 0.000001
121 0.000009
122 0.000272
123 0.000446
124 0.000228
125 0.000052
126 0.000022
127 0.000001
128 0.000001
129 0.000001
130 0.000001
131 0.000001
132 0.000001
133 0.000001
134 0.000001
135 0.000001
136 0.000002
137 0.001176
138 0.001103
139 0.001184
140 0.002215
141 0.001871
142 0.001699
143 0.001619
144 0.000001
145 0.000001
146 0.000001
147 0.000001
148 0.000001
149 0.000001
150 0.000001
151 0.000001
152 0.000002
153 0.000002
154 0.000001
155 0.000001
156 0.000001
157 0.000001
158 0.000001
159 0.000001
160 0.000001
161 0.000001
162 0.000001
163 0.000001
164 0.001209
165 0.000862
166 0.000905
167 0.000916
168 0.001871
169 0.001699
170 0.001619
171 0.001471
172 0.000001
173 0.000001
174 0.000001
175 0.000001
176 0.000001
177 0.000001
178 0.000001
179 0.000001
180 0.000001
181 0.000001
182 0.000001
183 0.000001
184 0.000001
185 0.000001
186 0.000001
187 0.000001
188 0.000001
189 0.000001
190 0.000001
191 0.000002
192 0.000730
193 0.000649
194 0.000734
195 0.001532
196 0.001699
197 0.001619
198 0.001347
199 0.001216
200 0.000095
201 0.000001
202 0.000001
203 0.000001
204 0.000001
205 0.000001
206 0.000001
207 0.000001
208 0.000001
209 0.000001
210 0.000001
211 0.000001
212 0.000001
213 0.000001
214 0.000001
215 0.000001
216 0.000001
217 0.000001
218 0.000001
219 0.000002
220 0.000583
221 0.000769
222 0.001354
223 0.002174
224 0.001619
225 0.001347
226 0.001216
227 0.001156
228 0.000898
229 0.000001
230 0.000001
231 0.000001
232 0.000001
233 0.000001
234 0.000001
235 0.000001
236 0.000001
237 0.000001
238 0.000001
239 0.000001
240 0.000001
241 0.000001
242 0.000001
243 0.000001
244 0.000001
245 0.000001
246 0.000001
247 0.000003
248 0.000009
249 0.000025
250 0.000099
251 0.000229
252 0.001543
253 0.001216
254 0.001156
255 0.000227
256 0.000006
257 0.000002
258 0.000001
259 0.000001
260 0.000001
261 0.000001
262 0.000001
263 0.000001
264 0.000001
265 0.000001
266 0.000002
267 0.000002
268 0.000003
269 0.000002
270 0.000001
271 0.000001
272 0.000001
273 0.000001
274 0.000001
275 0.000002
276 0.000003
277 0.000004
278 0.000007
279 0.000008
280 0.001216
281 0.000061
282 0.000011
283 0.000003
284 0.000002
285 0.000001
286 0.000001
287 0.000001
288 0.000001
289 0.000001
290 0.000001
291 0.000001
292 0.000002
293 0.000002
294 0.000002
295 0.000003
296 0.000004
297 0.000002
298 0.000001
299 0.000001
300 0.000001
301 0.000001
302 0.000001
303 0.000002
304 0.000003
305 0.000003
306 0.000003
307 0.000003
308 0.000012
309 0.000003
310 0.000002
311 0.000002
312 0.000002
313 0.000001
314 0.000001
315 0.000001
316 0.000001
317 0.000001
318 0.000001
319 0.000001
320 0.000002
321 0.000003
322 0.000005
323 0.000005
324 0.000004
325 0.000003
326 0.000002
327 0.000001
328 0.000001
329 0.000001
330 0.000001
331 0.000002
332 0.000003
333 0.000002
334 0.000002
335 0.000003
336 0.000003
337 0.000002
338 0.000002
339 0.000002
340 0.000001
341 0.000001
342 0.000001
343 0.000001
344 0.000001
345 0.000001
346 0.000001
347 0.000001
348 0.000002
349 0.000004
350 0.000005
351 0.000005
352 0.000003
353 0.000003
354 0.000002
355 0.000001
356 0.000001
357 0.000001
358 0.000001
359 0.000001
360 0.000002
361 0.000002
362 0.000004
363 0.000005
364 0.000003
365 0.000003
366 0.000002
367 0.000002
368 0.000001
369 0.000001
370 0.000001
371 0.000001
372 0.000001
373 0.000001
374 0.000001
375 0.000002
376 0.000003
377 0.000003
378 0.000003
379 0.000003
380 0.000003
381 0.000004
382 0.000004
383 0.000002
384 0.000001
385 0.000001
386 0.000001
387 0.000001
388 0.000002
389 0.000005
390 0.000007
391 0.000015
392 0.000006
393 0.000004
394 0.000003
395 0.000002
396 0.000001
397 0.000001
398 0.000001
399 0.000001
400 0.000001
401 0.000001
402 0.000002
403 0.000003
404 0.000003
405 0.000002
406 0.000002
407 0.000001
408 0.000002
409 0.000003
410 0.000006
411 0.000006
412 0.000002
413 0.000001
414 0.000001
415 0.000001
416 0.000002
417 0.000012
418 0.000026
419 0.000027
420 0.000006
421 0.000006
422 0.000005
423 0.000002
424 0.000001
425 0.000001
426 0.000001
427 0.000001
428 0.000001
429 0.000002
430 0.000003
431 0.000004
432 0.000002
433 0.000001
434 0.000001
435 0.000001
436 0.000001
437 0.000002
438 0.000004
439 0.000012
440 0.000010
441 0.000003
442 0.000001
443 0.000001
444 0.000002
445 0.000029
446 0.000026
447 0.000017
448 0.000004
449 0.000004
450 0.000004
451 0.000002
452 0.000001
453 0.000001
454 0.000001
455 0.000001
456 0.000003
457 0.000006
458 0.000005
459 0.000003
460 0.000001
461 0.000001
462 0.000001
463 0.000001
464 0.000001
465 0.000001
466 0.000003
467 0.000014
468 0.000158
469 0.000086
470 0.000003
471 0.000002
472 0.000002
473 0.000005
474 0.000008
475 0.000009
476 0.000004
477 0.000004
478 0.000002
479 0.000001
480 0.000001
481 0.000001
482 0.000001
483 0.000004
484 0.000024
485 0.000033
486 0.000004
487 0.000002
488 0.000001
489 0.000001
490 0.000001
491 0.000001
492 0.000001
493 0.000001
494 0.000002
495 0.000006
496 0.000139
497 0.999929
498 0.000015
499 0.000002
500 0.000001
501 0.000002
502 0.000007
503 0.000009
504 0.000012
505 0.000006
506 0.000002
507 0.000001
508 0.000001
509 0.000001
510 0.000002
511 0.000015
512 0.999950
513 0.000040
514 0.000004
515 0.000001
516 0.000001
517 0.000001
518 0.000001
519 0.000001
520 0.000002
521 0.000002
522 0.000002
523 0.000002
524 0.000006
525 0.000040
526 0.000157
527 0.000004
528 0.000001
529 0.000002
530 0.000048
531 0.000061
532 0.000011
533 0.000009
534 0.000001
535 0.000001
536 0.000001
537 0.000001
538 0.000007
539 0.000776
540 0.000039
541 0.000008
542 0.000003
543 0.000002
544 0.000002
545 0.000002
546 0.000002
547 0.000002
548 0.000002
549 0.000002
550 0.000001
551 0.000001
552 0.000001
553 0.000004
554 0.000026
555 0.000069
556 0.000008
557 0.000033
558 0.000531
559 0.000230
560 0.000015
561 0.000014
562 0.000001
563 0.000001
564 0.000001
565 0.000005
566 0.000666
567 0.000022
568 0.000003
569 0.000002
570 0.000002
571 0.000003
572 0.000003
573 0.000004
574 0.000003
575 0.000002
576 0.000001
577 0.000001
578 0.000001
579 0.000001
580 0.000001
581 0.000001
582 0.000005
583 0.000280
584 0.000671
585 0.010130
586 0.003064
587 0.001096
588 0.000021
589 0.000015
590 0.000003
591 0.000001
592 0.000004
593 0.000320
594 0.000033
595 0.000002
596 0.000001
597 0.000002
598 0.000002
599 0.000003
600 0.000003
601 0.000003
602 0.000002
603 0.000002
604 0.000002
605 0.000001
606 0.000001
607 0.000001
608 0.000001
609 0.000001
610 0.000001
611 0.000036
612 0.001194
613 0.005251
614 0.010131
615 0.006722
616 0.000025
617 0.000039
618 0.000161
619 0.000158
620 0.000745
621 0.000050
622 0.000002
623 0.000001
624 0.000002
625 0.000002
626 0.000003
627 0.000002
628 0.000001
629 0.000001
630 0.000002
631 0.000002
632 0.000002
633 0.000002
634 0.000001
635 0.000001
636 0.000001
637 0.000001
638 0.000002
639 0.000113
640 0.000358
641 0.001295
642 0.000002
643 0.000003
644 0.000050
645 0.000198
646 0.001860
647 0.010101
648 0.004733
649 0.000004
650 0.000001
651 0.000001
652 0.000001
653 0.000002
654 0.000002
655 0.000002
656 0.000002
657 0.000002
658 0.000002
659 0.000002
660 0.000002
661 0.000002
662 0.000002
663 0.000001
664 0.000001
665 0.000003
666 0.000045
667 0.000061
668 0.000129
669 0.000002
670 0.000002
671 0.000003
672 0.000002
673 0.001988
674 0.010083
675 0.006018
676 0.000707
677 0.000080
678 0.000002
679 0.000002
680 0.000002
681 0.000002
682 0.000006
683 0.000005
684 0.000003
685 0.000002
686 0.000002
687 0.000002
688 0.000002
689 0.000002
690 0.000006
691 0.000004
692 0.000008
693 0.000042
694 0.000048
695 0.000065
696 0.000002
697 0.000002
698 0.000002
699 0.000002
700 0.000002
701 0.000002
702 0.010101
703 0.001203
704 0.000133
705 0.000022
706 0.000015
707 0.000014
708 0.000012
709 0.000009
710 0.000007
711 0.000014
712 0.000004
713 0.000002
714 0.000002
715 0.000002
716 0.000002
717 0.000002
718 0.000030
719 0.000032
720 0.000034
721 0.000045
722 0.000061
723 0.000002
724 0.000003
725 0.000002
726 0.000002
727 0.000002
728 0.000002
729 0.000002
730 0.000002
731 0.000002
732 0.000035
733 0.000023
734 0.000016
735 0.000015
736 0.000014
737 0.000010
738 0.000009
739 0.000009
740 0.000005
741 0.000003
742 0.000002
743 0.000002
744 0.000002
745 0.000003
746 0.000032
747 0.000042
748 0.000045
749 0.000061
750 0.000001
751 0.000001
752 0.000001
753 0.000001
754 0.000002
755 0.000002
756 0.000002
757 0.000002
758 0.000004
759 0.000002
760 0.000002
761 0.000025
762 0.000023
763 0.000016
764 0.000015
765 0.000014
766 0.000013
767 0.000012
768 0.000012
769 0.000004
770 0.000002
771 0.000002
772 0.000002
773 0.000010
774 0.000032
775 0.000036
776 0.000048
777 0.000002
778 0.000005
779 0.000005
780 0.000003
781 0.000002
782 0.000001
783 0.000002
