0 0.004555
1 0.004354
2 0.003918
3 0.004109
4 0.003679
5 0.003279
6 0.003064
7 0.002962
8 0.000859
9 0.000209
10 0.000158
11 0.000177
12 0.000266
13 0.000435
14 0.000490
15 0.000568
16 0.000406
17 0.000243
18 0.000452
19 0.001824
20 0.004549
21 0.005246
22 0.005509
23 0.005509
24 0.007847
25 0.007615
26 0.006491
27 0.004086
28 0.005577
29 0.004366
30 0.003797
31 0.003679
32 0.003565
33 0.003348
34 0.002962
35 0.002135
36 0.000398
37 0.000115
38 0.000108
39 0.000115
40 0.000168
41 0.000326
42 0.000448
43 0.000470
44 0.000479
45 0.000441
46 0.000586
47 0.001706
48 0.004997
49 0.005246
50 0.000000
51 0.000000
52 0.007568
53 0.006353
54 0.003482
55 0.002400
56 0.007523
57 0.005430
58 0.004185
59 0.003565
60 0.003348
61 0.002962
62 0.002864
63 0.001072
64 0.000216
65 0.000079
66 0.000099
67 0.000087
68 0.000092
69 0.000172
70 0.000309
71 0.000412
72 0.000538
73 0.000767
74 0.000710
75 0.001408
76 0.000001
77 0.000000
78 0.000000
79 0.000000
80 0.000000
81 0.003315
82 0.002251
83 0.002008
84 0.010000
85 0.007482
86 0.005287
87 0.003593
88 0.002962
89 0.002864
90 0.002678
91 0.000493
92 0.000097
93 0.000065
94 0.000063
95 0.000065
96 0.000066
97 0.000115
98 0.000191
99 0.000393
100 0.000717
101 0.000418
102 0.000000
103 0.000000
104 0.000000
105 0.000000
106 0.000000
107 0.000000
108 0.000000
109 0.001852
110 0.001855
111 0.002156
112 0.010001
113 0.010000
114 0.007422
115 0.005079
116 0.000000
117 0.000000
118 0.000000
119 0.000000
120 0.000000
121 0.000015
122 0.000056
123 0.000057
124 0.000061
125 0.000059
126 0.000115
127 0.000010
128 0.000001
129 0.000000
130 0.000000
131 0.000000
132 0.000000
133 0.000000
134 0.000000
135 0.000000
136 0.004897
137 0.001506
138 0.001761
139 0.002099
140 0.010001
141 0.010001
142 0.010000
143 0.008141
144 0.000000
145 0.000000
146 0.000000
147 0.000000
148 0.000000
149 0.000000
150 0.000000
151 0.000000
152 0.000000
153 0.000000
154 0.000000
155 0.000000
156 0.000000
157 0.000000
158 0.000000
159 0.000000
160 0.000000
161 0.000000
162 0.000000
163 0.000002
164 0.001521
165 0.001424
166 0.001709
167 0.001772
168 0.011962
169 0.010161
170 0.010001
171 0.010000
172 0.000000
173 0.000000
174 0.000000
175 0.000000
176 0.000000
177 0.000000
178 0.000000
179 0.000000
180 0.000000
181 0.000000
182 0.000000
183 0.000000
184 0.000000
185 0.000000
186 0.000000
187 0.000000
188 0.000000
189 0.000000
190 0.000000
191 0.011323
192 0.001273
193 0.001321
194 0.001377
195 0.002111
196 0.012373
197 0.012814
198 0.010769
199 0.010001
200 0.000080
201 0.000000
202 0.000000
203 0.000000
204 0.000000
205 0.000000
206 0.000000
207 0.000000
208 0.000000
209 0.000000
210 0.000000
211 0.000000
212 0.000000
213 0.000000
214 0.000000
215 0.000000
216 0.000000
217 0.000000
218 0.000001
219 0.000374
220 0.001266
221 0.001359
222 0.001980
223 0.003346
224 0.007986
225 0.010787
226 0.012681
227 0.011319
228 0.010162
229 0.000000
230 0.000000
231 0.000000
232 0.000000
233 0.000000
234 0.000000
235 0.000000
236 0.000000
237 0.000000
238 0.000000
239 0.000000
240 0.000000
241 0.000000
242 0.000000
243 0.000000
244 0.000000
245 0.000000
246 0.000006
247 0.000026
248 0.000066
249 0.000185
250 0.000563
251 0.001422
252 0.003832
253 0.006090
254 0.008647
255 0.006664
256 0.001217
257 0.000000
258 0.000000
259 0.000000
260 0.000000
261 0.000000
262 0.000000
263 0.000000
264 0.000000
265 0.000000
266 0.000000
267 0.000000
268 0.000000
269 0.000000
270 0.000000
271 0.000000
272 0.000000
273 0.000000
274 0.000023
275 0.000006
276 0.000015
277 0.000050
278 0.000128
279 0.000280
280 0.002342
281 0.000801
282 0.000520
283 0.000234
284 0.000143
285 0.000000
286 0.000000
287 0.000000
288 0.000000
289 0.000000
290 0.000000
291 0.000000
292 0.000000
293 0.000000
294 0.000000
295 0.000001
296 0.000000
297 0.000000
298 0.000000
299 0.000000
300 0.000000
301 0.000001
302 0.000001
303 0.000017
304 0.000032
305 0.000072
306 0.000093
307 0.000069
308 0.000287
309 0.000108
310 0.000038
311 0.000022
312 0.000005
313 0.000000
314 0.000000
315 0.000000
316 0.000000
317 0.000000
318 0.000000
319 0.000000
320 0.000000
321 0.000000
322 0.000000
323 0.000000
324 0.000000
325 0.000000
326 0.000000
327 0.000000
328 0.000002
329 0.000145
330 0.000003
331 0.000013
332 0.000077
333 0.000059
334 0.000049
335 0.000046
336 0.000171
337 0.000037
338 0.000020
339 0.000011
340 0.000001
341 0.000000
342 0.000000
343 0.000000
344 0.000000
345 0.000000
346 0.000004
347 0.000014
348 0.000004
349 0.000000
350 0.000000
351 0.000000
352 0.000000
353 0.000000
354 0.000000
355 0.000001
356 0.000168
357 0.009817
358 0.000032
359 0.000012
360 0.000051
361 0.000031
362 0.000026
363 0.000020
364 0.000326
365 0.000202
366 0.000056
367 0.000013
368 0.000000
369 0.000000
370 0.000000
371 0.000000
372 0.000000
373 0.000000
374 0.000085
375 0.999993
376 0.001570
377 0.000001
378 0.000000
379 0.000000
380 0.000000
381 0.000000
382 0.000000
383 0.000001
384 0.000989
385 0.999972
386 0.000082
387 0.000023
388 0.000041
389 0.000042
390 0.000027
391 0.000036
392 0.000519
393 0.000255
394 0.000114
395 0.000013
396 0.000000
397 0.000000
398 0.000000
399 0.000000
400 0.000000
401 0.000000
402 0.000316
403 0.029417
404 0.000249
405 0.000001
406 0.000000
407 0.000000
408 0.000000
409 0.000000
410 0.000000
411 0.000000
412 0.000059
413 0.000077
414 0.000113
415 0.000023
416 0.000039
417 0.000254
418 0.000260
419 0.000214
420 0.000183
421 0.000228
422 0.000287
423 0.000008
424 0.000000
425 0.000000
426 0.000000
427 0.000000
428 0.000000
429 0.000000
430 0.000023
431 0.000013
432 0.000010
433 0.000000
434 0.000000
435 0.000000
436 0.000000
437 0.000000
438 0.000000
439 0.000000
440 0.000000
441 0.000001
442 0.000009
443 0.000005
444 0.000068
445 0.003201
446 0.003151
447 0.002042
448 0.000192
449 0.000154
450 0.000139
451 0.000001
452 0.000000
453 0.000000
454 0.000001
455 0.000007
456 0.000002
457 0.000001
458 0.000000
459 0.000000
460 0.000000
461 0.000000
462 0.000001
463 0.000001
464 0.000000
465 0.000000
466 0.000000
467 0.000000
468 0.000000
469 0.000000
470 0.000001
471 0.000008
472 0.000050
473 0.001550
474 0.008958
475 0.011134
476 0.000200
477 0.000180
478 0.000063
479 0.000001
480 0.000000
481 0.000001
482 0.000035
483 0.000846
484 0.000408
485 0.000001
486 0.000000
487 0.000000
488 0.000000
489 0.000000
490 0.000001
491 0.000001
492 0.000001
493 0.000000
494 0.000000
495 0.000000
496 0.000000
497 0.000000
498 0.000001
499 0.000013
500 0.000019
501 0.000123
502 0.003819
503 0.007335
504 0.000353
505 0.000302
506 0.000041
507 0.000001
508 0.000000
509 0.000003
510 0.000097
511 0.999987
512 0.000130
513 0.000000
514 0.000000
515 0.000000
516 0.000000
517 0.000000
518 0.000000
519 0.000000
520 0.000000
521 0.000005
522 0.000016
523 0.000006
524 0.000001
525 0.000000
526 0.000000
527 0.000003
528 0.000006
529 0.000039
530 0.001130
531 0.002011
532 0.000587
533 0.001241
534 0.000058
535 0.000002
536 0.000001
537 0.000028
538 0.001883
539 0.000184
540 0.000001
541 0.000000
542 0.000000
543 0.000000
544 0.000000
545 0.000000
546 0.000000
547 0.000000
548 0.000001
549 0.000027
550 0.999989
551 0.000427
552 0.000012
553 0.000001
554 0.000000
555 0.000001
556 0.000008
557 0.000023
558 0.000412
559 0.000766
560 0.002035
561 0.004761
562 0.000180
563 0.000005
564 0.000022
565 0.000773
566 0.000389
567 0.000005
568 0.000000
569 0.000000
570 0.000000
571 0.000000
572 0.000000
573 0.000000
574 0.000000
575 0.000001
576 0.000002
577 0.000010
578 0.000512
579 0.005014
580 0.000724
581 0.000023
582 0.000002
583 0.000001
584 0.000018
585 0.000293
586 0.000310
587 0.000392
588 0.005823
589 0.010005
590 0.001089
591 0.000067
592 0.000479
593 0.000677
594 0.000010
595 0.000001
596 0.000000
597 0.000000
598 0.000000
599 0.000000
600 0.000000
601 0.000000
602 0.000000
603 0.000001
604 0.000002
605 0.000021
606 0.000098
607 0.000222
608 0.002506
609 0.001600
610 0.000102
611 0.000039
612 0.000334
613 0.000293
614 0.000372
615 0.000392
616 0.010005
617 0.010003
618 0.010001
619 0.003914
620 0.002688
621 0.000037
622 0.000001
623 0.000001
624 0.000003
625 0.000003
626 0.000001
627 0.000000
628 0.000000
629 0.000000
630 0.000000
631 0.000001
632 0.000015
633 0.000065
634 0.000028
635 0.000066
636 0.000252
637 0.002230
638 0.002562
639 0.001658
640 0.000759
641 0.000448
642 0.000000
643 0.000000
644 0.010003
645 0.010001
646 0.010002
647 0.012794
648 0.004052
649 0.000063
650 0.000015
651 0.000011
652 0.000023
653 0.000026
654 0.000002
655 0.000000
656 0.000000
657 0.000001
658 0.000001
659 0.000005
660 0.000065
661 0.000351
662 0.000205
663 0.000060
664 0.000060
665 0.002479
666 0.009999
667 0.005028
668 0.002163
669 0.000000
670 0.000000
671 0.000000
672 0.000000
673 0.010002
674 0.011782
675 0.005936
676 0.002737
677 0.000874
678 0.000578
679 0.000060
680 0.000041
681 0.000059
682 0.000032
683 0.000003
684 0.000001
685 0.000001
686 0.000001
687 0.000018
688 0.000760
689 0.005261
690 0.004040
691 0.001869
692 0.003291
693 0.010000
694 0.010000
695 0.009999
696 0.000000
697 0.000000
698 0.000000
699 0.000000
700 0.000000
701 0.000000
702 0.006548
703 0.003140
704 0.001088
705 0.000548
706 0.000421
707 0.000397
708 0.000353
709 0.000272
710 0.000088
711 0.000010
712 0.000002
713 0.000001
714 0.000004
715 0.000035
716 0.000575
717 0.002174
718 0.008985
719 0.011907
720 0.010004
721 0.010001
722 0.010000
723 0.000001
724 0.000000
725 0.000000
726 0.000000
727 0.000000
728 0.000000
729 0.000000
730 0.000000
731 0.000000
732 0.000613
733 0.000570
734 0.000446
735 0.000421
736 0.000397
737 0.000308
738 0.000272
739 0.000030
740 0.000005
741 0.000002
742 0.000009
743 0.000077
744 0.000254
745 0.001194
746 0.003798
747 0.011967
748 0.010004
749 0.010003
750 0.000002
751 0.000005
752 0.000006
753 0.000001
754 0.000001
755 0.000000
756 0.000000
757 0.000000
758 0.000000
759 0.000000
760 0.000000
761 0.000602
762 0.000570
763 0.000446
764 0.000421
765 0.000397
766 0.000374
767 0.000093
768 0.000010
769 0.000006
770 0.000027
771 0.000142
772 0.000186
773 0.000573
774 0.001998
775 0.006250
776 0.012740
777 0.000152
778 0.002208
779 0.001836
780 0.000220
781 0.000005
782 0.000001
783 0.000000
