0 0.005728
1 0.004617
2 0.003961
3 0.004150
4 0.003723
5 0.003325
6 0.003112
7 0.003010
8 0.000563
9 0.000095
10 0.000068
11 0.000066
12 0.000117
13 0.000243
14 0.000355
15 0.000395
16 0.000152
17 0.000068
18 0.000161
19 0.000444
20 0.000848
21 0.000892
22 0.001107
23 0.001161
24 0.001039
25 0.001448
26 0.002721
27 0.004333
28 0.006403
29 0.005549
30 0.004281
31 0.003723
32 0.003610
33 0.003394
34 0.003010
35 0.001922
36 0.000218
37 0.000049
38 0.000045
39 0.000050
40 0.000073
41 0.000196
42 0.000305
43 0.000350
44 0.000196
45 0.000101
46 0.000083
47 0.000312
48 0.000679
49 0.000848
50 0.000000
51 0.000000
52 0.001325
53 0.002563
54 0.004107
55 0.007952
56 0.007647
57 0.006302
58 0.005250
59 0.004065
60 0.003394
61 0.003010
62 0.002913
63 0.000764
64 0.000103
65 0.000031
66 0.000041
67 0.000038
68 0.000044
69 0.000119
70 0.000203
71 0.000310
72 0.000266
73 0.000104
74 0.000055
75 0.000149
76 0.000001
77 0.000000
78 0.000000
79 0.000000
80 0.000000
81 0.003963
82 0.007952
83 0.007803
84 0.007682
85 0.007468
86 0.006055
87 0.004581
88 0.003438
89 0.002913
90 0.002727
91 0.000288
92 0.000041
93 0.000026
94 0.000025
95 0.000026
96 0.000035
97 0.000077
98 0.000151
99 0.000230
100 0.000310
101 0.000074
102 0.000000
103 0.000000
104 0.000000
105 0.000000
106 0.000000
107 0.000000
108 0.000018
109 0.007803
110 0.007804
111 0.005893
112 0.009448
113 0.007758
114 0.007298
115 0.005913
116 0.000000
117 0.000000
118 0.000000
119 0.000000
120 0.000000
121 0.000006
122 0.000022
123 0.000023
124 0.000027
125 0.000042
126 0.000094
127 0.000019
128 0.000001
129 0.000000
130 0.000000
131 0.000000
132 0.000000
133 0.000000
134 0.000000
135 0.000007
136 0.000367
137 0.007153
138 0.004746
139 0.003821
140 0.011380
141 0.009448
142 0.008013
143 0.007307
144 0.000000
145 0.000000
146 0.000000
147 0.000000
148 0.000000
149 0.000000
150 0.000000
151 0.000000
152 0.000000
153 0.000000
154 0.000000
155 0.000000
156 0.000000
157 0.000000
158 0.000000
159 0.000000
160 0.000000
161 0.000000
162 0.000002
163 0.000036
164 0.007186
165 0.003771
166 0.003441
167 0.003088
168 0.010098
169 0.011794
170 0.009774
171 0.008562
172 0.000000
173 0.000000
174 0.000000
175 0.000000
176 0.000000
177 0.000000
178 0.000000
179 0.000000
180 0.000000
181 0.000000
182 0.000000
183 0.000000
184 0.000000
185 0.000000
186 0.000000
187 0.000000
188 0.000000
189 0.000003
190 0.000038
191 0.000065
192 0.003382
193 0.003036
194 0.002615
195 0.003769
196 0.006330
197 0.008682
198 0.010962
199 0.010156
200 0.000062
201 0.000000
202 0.000000
203 0.000000
204 0.000000
205 0.000000
206 0.000000
207 0.000000
208 0.000000
209 0.000000
210 0.000000
211 0.000000
212 0.000000
213 0.000000
214 0.000000
215 0.000000
216 0.000000
217 0.000001
218 0.000005
219 0.000096
220 0.002959
221 0.002549
222 0.003760
223 0.007945
224 0.003581
225 0.005219
226 0.006624
227 0.010012
228 0.011244
229 0.000000
230 0.000000
231 0.000000
232 0.000000
233 0.000000
234 0.000000
235 0.000000
236 0.000000
237 0.000000
238 0.000000
239 0.000000
240 0.000000
241 0.000000
242 0.000000
243 0.000001
244 0.000003
245 0.000000
246 0.000000
247 0.000107
248 0.000160
249 0.000580
250 0.001877
251 0.003493
252 0.003007
253 0.002798
254 0.003785
255 0.003912
256 0.002062
257 0.000000
258 0.000000
259 0.000000
260 0.000000
261 0.000000
262 0.000000
263 0.000000
264 0.000000
265 0.000000
266 0.000000
267 0.000000
268 0.000000
269 0.000000
270 0.000151
271 0.999998
272 0.000009
273 0.000000
274 0.000001
275 0.000165
276 0.000345
277 0.000532
278 0.000602
279 0.001170
280 0.002988
281 0.001266
282 0.000696
283 0.000332
284 0.000280
285 0.000000
286 0.000000
287 0.000000
288 0.000000
289 0.000000
290 0.000000
291 0.000000
292 0.000000
293 0.000000
294 0.000000
295 0.000000
296 0.000000
297 0.000000
298 0.000926
299 0.002325
300 0.000020
301 0.000001
302 0.000013
303 0.008003
304 0.004331
305 0.005334
306 0.003754
307 0.001374
308 0.001107
309 0.000537
310 0.000202
311 0.000077
312 0.000008
313 0.000000
314 0.000000
315 0.000000
316 0.000000
317 0.000000
318 0.000000
319 0.000000
320 0.000000
321 0.000000
322 0.000000
323 0.000000
324 0.000000
325 0.000000
326 0.000018
327 0.000033
328 0.000004
329 0.000003
330 0.000604
331 0.009858
332 0.033089
333 0.022092
334 0.008973
335 0.003096
336 0.000630
337 0.000297
338 0.000171
339 0.000095
340 0.000001
341 0.000000
342 0.000000
343 0.000000
344 0.000000
345 0.000000
346 0.000000
347 0.000000
348 0.000000
349 0.000000
350 0.000000
351 0.000000
352 0.000000
353 0.000000
354 0.000000
355 0.000000
356 0.000001
357 0.000004
358 0.000185
359 0.001663
360 0.017470
361 0.016214
362 0.003150
363 0.000785
364 0.000462
365 0.000453
366 0.000295
367 0.000174
368 0.000000
369 0.000000
370 0.000000
371 0.000000
372 0.000000
373 0.000000
374 0.000000
375 0.000000
376 0.000000
377 0.000000
378 0.000000
379 0.000000
380 0.000000
381 0.000000
382 0.000000
383 0.000000
384 0.000001
385 0.000010
386 0.000006
387 0.000024
388 0.000550
389 0.000664
390 0.000592
391 0.001081
392 0.000372
393 0.000317
394 0.000252
395 0.000032
396 0.000000
397 0.000000
398 0.000000
399 0.000000
400 0.000000
401 0.000000
402 0.000000
403 0.000000
404 0.000000
405 0.000003
406 0.000003
407 0.000002
408 0.000000
409 0.000000
410 0.000000
411 0.000000
412 0.000000
413 0.000004
414 0.000001
415 0.000000
416 0.000001
417 0.000065
418 0.000127
419 0.000241
420 0.000263
421 0.000249
422 0.000252
423 0.000004
424 0.000000
425 0.000000
426 0.000000
427 0.000000
428 0.000000
429 0.000000
430 0.000000
431 0.000000
432 0.000001
433 0.000070
434 0.001335
435 0.000055
436 0.000007
437 0.000001
438 0.000000
439 0.000000
440 0.000000
441 0.000000
442 0.000000
443 0.000000
444 0.000000
445 0.000008
446 0.000026
447 0.000179
448 0.000246
449 0.000177
450 0.000160
451 0.000001
452 0.000000
453 0.000000
454 0.000000
455 0.000000
456 0.000000
457 0.000000
458 0.000000
459 0.000000
460 0.000000
461 0.000134
462 0.005121
463 0.999997
464 0.001270
465 0.000012
466 0.000000
467 0.000000
468 0.000000
469 0.000000
470 0.000000
471 0.000000
472 0.000000
473 0.000007
474 0.000034
475 0.000092
476 0.000423
477 0.000291
478 0.000057
479 0.000000
480 0.000000
481 0.000000
482 0.000000
483 0.000000
484 0.000000
485 0.000000
486 0.000000
487 0.000000
488 0.000001
489 0.000179
490 0.022375
491 0.062723
492 0.007687
493 0.000035
494 0.000000
495 0.000000
496 0.000000
497 0.000000
498 0.000000
499 0.000000
500 0.000000
501 0.000007
502 0.000156
503 0.000204
504 0.001340
505 0.000808
506 0.000015
507 0.000000
508 0.000000
509 0.000000
510 0.000000
511 0.000000
512 0.000000
513 0.000000
514 0.000000
515 0.000000
516 0.000009
517 0.000121
518 0.000838
519 0.000245
520 0.000130
521 0.000060
522 0.000000
523 0.000000
524 0.000000
525 0.000000
526 0.000000
527 0.000001
528 0.000001
529 0.000008
530 0.000278
531 0.000386
532 0.001275
533 0.001179
534 0.000009
535 0.000000
536 0.000000
537 0.000000
538 0.000000
539 0.000000
540 0.000000
541 0.000000
542 0.000000
543 0.000003
544 0.000003
545 0.000004
546 0.000004
547 0.000004
548 0.000031
549 0.000052
550 0.000044
551 0.000003
552 0.000002
553 0.000000
554 0.000000
555 0.000001
556 0.000003
557 0.000020
558 0.000386
559 0.000406
560 0.001498
561 0.001444
562 0.000009
563 0.000000
564 0.000000
565 0.000000
566 0.000000
567 0.000000
568 0.000001
569 0.000001
570 0.000000
571 0.000000
572 0.000000
573 0.000000
574 0.000002
575 0.000085
576 0.000385
577 0.001768
578 0.001232
579 0.002244
580 0.000337
581 0.000013
582 0.000002
583 0.000002
584 0.000012
585 0.000386
586 0.000406
587 0.000504
588 0.001753
589 0.001498
590 0.000075
591 0.000001
592 0.000000
593 0.000000
594 0.000000
595 0.000006
596 0.000018
597 0.000008
598 0.000000
599 0.000000
600 0.000000
601 0.000000
602 0.000002
603 0.000235
604 0.999997
605 0.003220
606 0.004220
607 0.020815
608 0.027735
609 0.001649
610 0.000062
611 0.000045
612 0.000440
613 0.000386
614 0.000480
615 0.000504
616 0.001881
617 0.001753
618 0.001498
619 0.000130
620 0.000003
621 0.000001
622 0.000004
623 0.000011
624 0.000072
625 0.000069
626 0.000006
627 0.000006
628 0.000007
629 0.000010
630 0.000014
631 0.000089
632 0.000261
633 0.000260
634 0.002317
635 0.021170
636 0.088124
637 0.039902
638 0.000621
639 0.001920
640 0.000935
641 0.000575
642 0.000000
643 0.000000
644 0.001948
645 0.001881
646 0.001816
647 0.001555
648 0.000642
649 0.000011
650 0.000128
651 0.000397
652 0.000594
653 0.002755
654 0.000579
655 0.000076
656 0.000036
657 0.000084
658 0.000095
659 0.000095
660 0.000079
661 0.000227
662 0.000535
663 0.001769
664 0.010402
665 0.029824
666 0.010003
667 0.005352
668 0.002454
669 0.000000
670 0.000000
671 0.000000
672 0.000000
673 0.001948
674 0.001881
675 0.001615
676 0.001978
677 0.003147
678 0.006161
679 0.021814
680 0.011432
681 0.003755
682 0.002018
683 0.000263
684 0.000084
685 0.000113
686 0.000127
687 0.000228
688 0.000214
689 0.000923
690 0.003316
691 0.002765
692 0.005104
693 0.010002
694 0.010003
695 0.010003
696 0.000000
697 0.000000
698 0.000000
699 0.000000
700 0.000000
701 0.000000
702 0.001948
703 0.001881
704 0.003296
705 0.006005
706 0.010000
707 0.010000
708 0.010000
709 0.010000
710 0.004572
711 0.000679
712 0.000142
713 0.000100
714 0.000161
715 0.000136
716 0.000129
717 0.000452
718 0.006063
719 0.010002
720 0.010001
721 0.010001
722 0.010002
723 0.000000
724 0.000000
725 0.000000
726 0.000000
727 0.000000
728 0.000000
729 0.000000
730 0.000000
731 0.000000
732 0.005435
733 0.010000
734 0.010000
735 0.010000
736 0.010000
737 0.010000
738 0.010000
739 0.001391
740 0.000268
741 0.000134
742 0.000169
743 0.000091
744 0.000081
745 0.000389
746 0.002626
747 0.009610
748 0.010001
749 0.010000
750 0.000013
751 0.000221
752 0.000201
753 0.000003
754 0.000000
755 0.000000
756 0.000000
757 0.000000
758 0.000000
759 0.000001
760 0.000000
761 0.010000
762 0.010000
763 0.010000
764 0.010000
765 0.010000
766 0.010000
767 0.002960
768 0.000513
769 0.000175
770 0.000170
771 0.000073
772 0.000076
773 0.000384
774 0.001439
775 0.004131
776 0.010002
777 0.000238
778 0.001312
779 0.000937
780 0.000280
781 0.000231
782 0.000008
783 0.000000
