0 0.013372
1 0.013491
2 0.013933
3 0.013786
4 0.014340
5 0.015007
6 0.015483
7 0.015812
8 0.000243
9 0.000012
10 0.000007
11 0.000008
12 0.000010
13 0.000015
14 0.000017
15 0.000025
16 0.000021
17 0.000022
18 0.000025
19 0.000019
20 0.000027
21 0.000030
22 0.000045
23 0.000049
24 0.000040
25 0.000044
26 0.000065
27 0.000072
28 0.013795
29 0.013619
30 0.014060
31 0.014205
32 0.014399
33 0.014800
34 0.015516
35 0.004880
36 0.000056
37 0.000005
38 0.000005
39 0.000006
40 0.000009
41 0.000014
42 0.000014
43 0.000018
44 0.000020
45 0.000030
46 0.000027
47 0.000028
48 0.000019
49 0.000027
50 0.000032
51 0.000037
52 0.000036
53 0.000054
54 0.000044
55 0.000164
56 0.013615
57 0.014064
58 0.014209
59 0.014341
60 0.014628
61 0.015218
62 0.015511
63 0.000561
64 0.000017
65 0.000003
66 0.000005
67 0.000005
68 0.000007
69 0.000009
70 0.000011
71 0.000016
72 0.000019
73 0.000019
74 0.000028
75 0.000023
76 0.000022
77 0.000020
78 0.000023
79 0.000025
80 0.000037
81 0.000036
82 0.000139
83 0.000465
84 0.013718
85 0.014201
86 0.014690
87 0.015003
88 0.015151
89 0.015317
90 0.015696
91 0.000098
92 0.000006
93 0.000003
94 0.000003
95 0.000004
96 0.000006
97 0.000009
98 0.000010
99 0.000012
100 0.000016
101 0.000020
102 0.000027
103 0.000020
104 0.000017
105 0.000018
106 0.000021
107 0.000031
108 0.000031
109 0.000117
110 0.000410
111 0.004733
112 0.014131
113 0.014306
114 0.014982
115 0.015157
116 0.000002
117 0.000003
118 0.000003
119 0.000000
120 0.000000
121 0.000001
122 0.000003
123 0.000003
124 0.000005
125 0.000006
126 0.000009
127 0.000011
128 0.000016
129 0.000018
130 0.000023
131 0.000021
132 0.000022
133 0.000013
134 0.000017
135 0.000025
136 0.000100
137 0.000431
138 0.004948
139 0.017363
140 0.014195
141 0.014729
142 0.015088
143 0.015290
144 0.000002
145 0.000002
146 0.000000
147 0.000000
148 0.000000
149 0.000000
150 0.000000
151 0.000000
152 0.000001
153 0.000001
154 0.000006
155 0.000010
156 0.000009
157 0.000013
158 0.000015
159 0.000022
160 0.000019
161 0.000011
162 0.000023
163 0.000081
164 0.000578
165 0.004860
166 0.016903
167 0.036443
168 0.014637
169 0.014944
170 0.015142
171 0.015542
172 0.000007
173 0.000003
174 0.000000
175 0.000000
176 0.000000
177 0.000000
178 0.000000
179 0.000000
180 0.000000
181 0.000000
182 0.000000
183 0.000002
184 0.000003
185 0.000004
186 0.000010
187 0.000016
188 0.000019
189 0.000018
190 0.000073
191 0.000601
192 0.008349
193 0.055354
194 0.009667
195 0.001590
196 0.014908
197 0.015046
198 0.015597
199 0.015989
200 0.000141
201 0.000005
202 0.000000
203 0.000000
204 0.000000
205 0.000000
206 0.000000
207 0.000000
208 0.000000
209 0.000000
210 0.000000
211 0.000000
212 0.000001
213 0.000001
214 0.000005
215 0.000018
216 0.000026
217 0.000091
218 0.000430
219 0.006113
220 0.042327
221 0.003789
222 0.000791
223 0.000237
224 0.015122
225 0.015590
226 0.015872
227 0.016063
228 0.016874
229 0.000000
230 0.000000
231 0.000000
232 0.000000
233 0.000000
234 0.000000
235 0.000000
236 0.000000
237 0.000000
238 0.000000
239 0.000000
240 0.000000
241 0.000000
242 0.000000
243 0.000002
244 0.000034
245 0.000716
246 0.999983
247 0.015935
248 0.001711
249 0.000272
250 0.000107
251 0.000018
252 0.015323
253 0.015967
254 0.016078
255 0.016375
256 0.017252
257 0.000000
258 0.000000
259 0.000000
260 0.000000
261 0.000000
262 0.000000
263 0.000000
264 0.000000
265 0.000000
266 0.000000
267 0.000000
268 0.000000
269 0.000000
270 0.000000
271 0.000001
272 0.000021
273 0.001692
274 0.000364
275 0.000051
276 0.000041
277 0.000012
278 0.000011
279 0.000017
280 0.016033
281 0.016625
282 0.016549
283 0.017345
284 0.017523
285 0.000000
286 0.000000
287 0.000000
288 0.000000
289 0.000000
290 0.000000
291 0.000000
292 0.000000
293 0.000000
294 0.000000
295 0.000000
296 0.000000
297 0.000000
298 0.000001
299 0.000005
300 0.000203
301 0.000035
302 0.000006
303 0.000001
304 0.000000
305 0.000001
306 0.000001
307 0.000003
308 0.016308
309 0.016645
310 0.017446
311 0.018105
312 0.000209
313 0.000001
314 0.000000
315 0.000000
316 0.000000
317 0.000000
318 0.000000
319 0.000000
320 0.000000
321 0.000000
322 0.000000
323 0.000000
324 0.000000
325 0.000000
326 0.000003
327 0.000055
328 0.000007
329 0.000002
330 0.000001
331 0.000000
332 0.000000
333 0.000000
334 0.000000
335 0.000001
336 0.017196
337 0.017518
338 0.017672
339 0.018502
340 0.000008
341 0.000000
342 0.000000
343 0.000000
344 0.000000
345 0.000000
346 0.000000
347 0.000000
348 0.000000
349 0.000000
350 0.000000
351 0.000000
352 0.000000
353 0.000001
354 0.000009
355 0.000002
356 0.000001
357 0.000000
358 0.000000
359 0.000000
360 0.000000
361 0.000000
362 0.000000
363 0.000000
364 0.017623
365 0.017763
366 0.018059
367 0.018870
368 0.000001
369 0.000000
370 0.000000
371 0.000000
372 0.000000
373 0.000000
374 0.000000
375 0.000000
376 0.000000
377 0.000000
378 0.000000
379 0.000000
380 0.000002
381 0.000002
382 0.000001
383 0.000000
384 0.000000
385 0.000000
386 0.000000
387 0.000000
388 0.000000
389 0.000000
390 0.000000
391 0.000000
392 0.018278
393 0.018629
394 0.018978
395 0.000152
396 0.000000
397 0.000000
398 0.000000
399 0.000000
400 0.000000
401 0.000000
402 0.000000
403 0.000000
404 0.000000
405 0.000000
406 0.000000
407 0.000001
408 0.000001
409 0.000000
410 0.000000
411 0.000000
412 0.000000
413 0.000000
414 0.000000
415 0.000000
416 0.000000
417 0.000000
418 0.000000
419 0.000000
420 0.018185
421 0.019507
422 0.019864
423 0.000005
424 0.000000
425 0.000000
426 0.000000
427 0.000000
428 0.000000
429 0.000000
430 0.000000
431 0.000000
432 0.000000
433 0.000000
434 0.000000
435 0.000000
436 0.000000
437 0.000000
438 0.000000
439 0.000000
440 0.000000
441 0.000000
442 0.000000
443 0.000000
444 0.000000
445 0.000000
446 0.000000
447 0.000000
448 0.019137
449 0.019997
450 0.020303
451 0.000001
452 0.000000
453 0.000000
454 0.000000
455 0.000000
456 0.000000
457 0.000000
458 0.000000
459 0.000000
460 0.000000
461 0.000000
462 0.000000
463 0.000000
464 0.000000
465 0.000000
466 0.000000
467 0.000000
468 0.000000
469 0.000000
470 0.000000
471 0.000000
472 0.000000
473 0.000000
474 0.000000
475 0.000000
476 0.015583
477 0.017581
478 0.000676
479 0.000000
480 0.000000
481 0.000000
482 0.000000
483 0.000000
484 0.000000
485 0.000000
486 0.000000
487 0.000000
488 0.000000
489 0.000000
490 0.000000
491 0.000000
492 0.000000
493 0.000000
494 0.000000
495 0.000000
496 0.000000
497 0.000000
498 0.000000
499 0.000000
500 0.000000
501 0.000000
502 0.000001
503 0.000002
504 0.010092
505 0.012645
506 0.000009
507 0.000000
508 0.000000
509 0.000000
510 0.000000
511 0.000000
512 0.000000
513 0.000000
514 0.000000
515 0.000000
516 0.000000
517 0.000000
518 0.000000
519 0.000000
520 0.000000
521 0.000000
522 0.000000
523 0.000000
524 0.000000
525 0.000000
526 0.000000
527 0.000001
528 0.000003
529 0.000006
530 0.000017
531 0.000285
532 0.010096
533 0.010100
534 0.000001
535 0.000000
536 0.000000
537 0.000000
538 0.000000
539 0.000000
540 0.000000
541 0.000000
542 0.000000
543 0.000000
544 0.000000
545 0.000000
546 0.000000
547 0.000000
548 0.000000
549 0.000000
550 0.000000
551 0.000000
552 0.000000
553 0.000001
554 0.000005
555 0.000028
556 0.000247
557 0.000853
558 0.000285
559 0.000297
560 0.010090
561 0.010092
562 0.000001
563 0.000000
564 0.000000
565 0.000000
566 0.000000
567 0.000000
568 0.000000
569 0.000000
570 0.000000
571 0.000000
572 0.000000
573 0.000000
574 0.000000
575 0.000000
576 0.000000
577 0.000000
578 0.000000
579 0.000001
580 0.000010
581 0.000202
582 0.001313
583 0.001307
584 0.001380
585 0.000285
586 0.000297
587 0.000354
588 0.010083
589 0.010090
590 0.000013
591 0.000000
592 0.000000
593 0.000000
594 0.000000
595 0.000000
596 0.000000
597 0.000000
598 0.000000
599 0.000000
600 0.000000
601 0.000000
602 0.000000
603 0.000000
604 0.000000
605 0.000002
606 0.000045
607 0.000620
608 0.000656
609 0.000877
610 0.001204
611 0.001624
612 0.000274
613 0.000285
614 0.000340
615 0.000354
616 0.010080
617 0.010083
618 0.010090
619 0.000029
620 0.000000
621 0.000000
622 0.000000
623 0.000000
624 0.000000
625 0.000000
626 0.000000
627 0.000000
628 0.000000
629 0.000000
630 0.000000
631 0.000008
632 0.000451
633 0.000515
634 0.000619
635 0.000712
636 0.000700
637 0.000809
638 0.000675
639 0.000274
640 0.000285
641 0.000340
642 0.002101
643 0.002576
644 0.010078
645 0.010080
646 0.010081
647 0.010088
648 0.000459
649 0.000000
650 0.000000
651 0.000000
652 0.000000
653 0.000000
654 0.000000
655 0.000000
656 0.000000
657 0.000100
658 0.000107
659 0.000242
660 0.000338
661 0.000451
662 0.000542
663 0.000668
664 0.000642
665 0.000556
666 0.000274
667 0.000327
668 0.000340
669 0.002435
670 0.002540
671 0.002666
672 0.000000
673 0.010078
674 0.010080
675 0.010086
676 0.010083
677 0.010090
678 0.000002
679 0.000001
680 0.000003
681 0.000037
682 0.001263
683 0.000209
684 0.000100
685 0.000120
686 0.000129
687 0.000133
688 0.000143
689 0.000190
690 0.000286
691 0.000387
692 0.000344
693 0.000264
694 0.000285
695 0.000340
696 0.002435
697 0.002435
698 0.002541
699 0.002667
700 0.000000
701 0.000000
702 0.010078
703 0.010080
704 0.010081
705 0.010083
706 0.010089
707 0.010090
708 0.010094
709 0.010102
710 0.003244
711 0.000446
712 0.000136
713 0.000111
714 0.000150
715 0.000161
716 0.000168
717 0.000174
718 0.000214
719 0.000222
720 0.000231
721 0.000274
722 0.000327
723 0.002328
724 0.002289
725 0.002484
726 0.003123
727 0.002798
728 0.000000
729 0.000000
730 0.000000
731 0.000000
732 0.010080
733 0.010081
734 0.010087
735 0.010089
736 0.010091
737 0.010099
738 0.010104
739 0.000863
740 0.000212
741 0.000133
742 0.000156
743 0.000168
744 0.000198
745 0.000206
746 0.000222
747 0.000264
748 0.000274
749 0.000327
750 0.001626
751 0.001481
752 0.001854
753 0.002248
754 0.002665
755 0.003275
756 0.000000
757 0.000000
758 0.000000
759 0.000000
760 0.000000
761 0.010079
762 0.010080
763 0.010087
764 0.010089
765 0.010093
766 0.010096
767 0.001924
768 0.000351
769 0.000156
770 0.000161
771 0.000174
772 0.000206
773 0.000244
774 0.000222
775 0.000241
776 0.000285
777 0.001176
778 0.000731
779 0.000811
780 0.001270
781 0.001703
782 0.002608
783 0.002936
