0 0.000872
1 0.000806
2 0.000606
3 0.000688
4 0.000513
5 0.000382
6 0.000322
7 0.000296
8 0.000009
9 0.000008
10 0.000007
11 0.000007
12 0.000007
13 0.000008
14 0.000008
15 0.000008
16 0.000010
17 0.000012
18 0.000011
19 0.000009
20 0.000011
21 0.000012
22 0.000015
23 0.000015
24 0.000014
25 0.000022
26 0.000106
27 0.000785
28 0.000660
29 0.000744
30 0.000558
31 0.000513
32 0.000473
33 0.000403
34 0.000296
35 0.000057
36 0.000008
37 0.000007
38 0.000007
39 0.000007
40 0.000007
41 0.000007
42 0.000007
43 0.000008
44 0.000008
45 0.000012
46 0.000012
47 0.000010
48 0.000010
49 0.000011
50 0.000004
51 0.000005
52 0.000019
53 0.000089
54 0.000790
55 0.011757
56 0.000744
57 0.000558
58 0.000513
59 0.000473
60 0.000403
61 0.000296
62 0.000273
63 0.000011
64 0.000008
65 0.000007
66 0.000007
67 0.000007
68 0.000007
69 0.000007
70 0.000007
71 0.000007
72 0.000008
73 0.000010
74 0.000012
75 0.000010
76 0.000004
77 0.000003
78 0.000003
79 0.000005
80 0.000005
81 0.000698
82 0.011771
83 0.011172
84 0.000688
85 0.000513
86 0.000382
87 0.000322
88 0.000296
89 0.000273
90 0.000232
91 0.000008
92 0.000007
93 0.000007
94 0.000007
95 0.000007
96 0.000007
97 0.000007
98 0.000007
99 0.000007
100 0.000008
101 0.000008
102 0.000005
103 0.000004
104 0.000003
105 0.000003
106 0.000005
107 0.000006
108 0.000018
109 0.011165
110 0.011188
111 0.001973
112 0.000513
113 0.000473
114 0.000322
115 0.000296
116 0.000004
117 0.000005
118 0.000008
119 0.000014
120 0.000009
121 0.000007
122 0.000007
123 0.000007
124 0.000007
125 0.000007
126 0.000007
127 0.000005
128 0.000004
129 0.000004
130 0.000003
131 0.000003
132 0.000003
133 0.000004
134 0.000007
135 0.000019
136 0.000394
137 0.008060
138 0.000913
139 0.000123
140 0.000473
141 0.000350
142 0.000296
143 0.000273
144 0.000003
145 0.000003
146 0.000005
147 0.000006
148 0.000008
149 0.000010
150 0.000013
151 0.000012
152 0.000008
153 0.000005
154 0.000004
155 0.000004
156 0.000003
157 0.000003
158 0.000003
159 0.000003
160 0.000004
161 0.000010
162 0.000017
163 0.000040
164 0.008259
165 0.000420
166 0.000064
167 0.000024
168 0.000350
169 0.000296
170 0.000273
171 0.000232
172 0.000004
173 0.000003
174 0.000004
175 0.000004
176 0.000004
177 0.000006
178 0.000007
179 0.000007
180 0.000007
181 0.000006
182 0.000005
183 0.000004
184 0.000004
185 0.000003
186 0.000003
187 0.000004
188 0.000010
189 0.000023
190 0.000055
191 0.000022
192 0.000184
193 0.000033
194 0.000013
195 0.000012
196 0.000296
197 0.000273
198 0.000200
199 0.000169
200 0.000006
201 0.000004
202 0.000004
203 0.000004
204 0.000004
205 0.000004
206 0.000004
207 0.000004
208 0.000004
209 0.000004
210 0.000005
211 0.000004
212 0.000005
213 0.000004
214 0.000005
215 0.000013
216 0.000065
217 0.000074
218 0.000019
219 0.000016
220 0.000028
221 0.000012
222 0.000010
223 0.000011
224 0.000273
225 0.000200
226 0.000169
227 0.000156
228 0.000106
229 0.000004
230 0.000004
231 0.000004
232 0.000004
233 0.000004
234 0.000003
235 0.000003
236 0.000003
237 0.000003
238 0.000003
239 0.000004
240 0.000004
241 0.000005
242 0.000011
243 0.000083
244 0.999912
245 0.000085
246 0.000011
247 0.000031
248 0.000014
249 0.000011
250 0.000011
251 0.000011
252 0.000251
253 0.000169
254 0.000156
255 0.000097
256 0.000028
257 0.000005
258 0.000004
259 0.000004
260 0.000004
261 0.000004
262 0.000004
263 0.000004
264 0.000004
265 0.000003
266 0.000003
267 0.000003
268 0.000003
269 0.000005
270 0.000013
271 0.000087
272 0.000151
273 0.000025
274 0.000010
275 0.000019
276 0.000019
277 0.000017
278 0.000015
279 0.000015
280 0.000169
281 0.000068
282 0.000045
283 0.000019
284 0.000013
285 0.000005
286 0.000004
287 0.000004
288 0.000004
289 0.000004
290 0.000004
291 0.000004
292 0.000004
293 0.000004
294 0.000004
295 0.000004
296 0.000004
297 0.000007
298 0.000018
299 0.000030
300 0.000013
301 0.000009
302 0.000009
303 0.000010
304 0.000012
305 0.000014
306 0.000015
307 0.000018
308 0.000050
309 0.000031
310 0.000016
311 0.000010
312 0.000006
313 0.000005
314 0.000004
315 0.000004
316 0.000004
317 0.000004
318 0.000004
319 0.000004
320 0.000004
321 0.000004
322 0.000004
323 0.000004
324 0.000006
325 0.000011
326 0.000018
327 0.000015
328 0.000007
329 0.000007
330 0.000010
331 0.000007
332 0.000007
333 0.000008
334 0.000009
335 0.000011
336 0.000023
337 0.000016
338 0.000013
339 0.000009
340 0.000005
341 0.000005
342 0.000004
343 0.000004
344 0.000004
345 0.000004
346 0.000004
347 0.000004
348 0.000004
349 0.000004
350 0.000004
351 0.000006
352 0.000008
353 0.000012
354 0.000013
355 0.000008
356 0.000005
357 0.000006
358 0.000010
359 0.000008
360 0.000007
361 0.000007
362 0.000007
363 0.000008
364 0.000020
365 0.000017
366 0.000011
367 0.000008
368 0.000005
369 0.000005
370 0.000004
371 0.000004
372 0.000004
373 0.000004
374 0.000004
375 0.000004
376 0.000004
377 0.000004
378 0.000005
379 0.000007
380 0.000009
381 0.000010
382 0.000010
383 0.000006
384 0.000005
385 0.000006
386 0.000010
387 0.000009
388 0.000007
389 0.000007
390 0.000007
391 0.000007
392 0.000014
393 0.000010
394 0.000008
395 0.000005
396 0.000005
397 0.000005
398 0.000005
399 0.000004
400 0.000004
401 0.000004
402 0.000004
403 0.000004
404 0.000005
405 0.000005
406 0.000006
407 0.000007
408 0.000008
409 0.000009
410 0.000008
411 0.000005
412 0.000004
413 0.000006
414 0.000009
415 0.000009
416 0.000007
417 0.000006
418 0.000007
419 0.000007
420 0.000012
421 0.000009
422 0.000008
423 0.000005
424 0.000005
425 0.000005
426 0.000005
427 0.000004
428 0.000004
429 0.000004
430 0.000004
431 0.000005
432 0.000005
433 0.000006
434 0.000006
435 0.000007
436 0.000008
437 0.000008
438 0.000007
439 0.000005
440 0.000005
441 0.000006
442 0.000007
443 0.000009
444 0.000008
445 0.000006
446 0.000006
447 0.000007
448 0.000016
449 0.000009
450 0.000007
451 0.000005
452 0.000005
453 0.000005
454 0.000005
455 0.000005
456 0.000004
457 0.000004
458 0.000005
459 0.000005
460 0.000005
461 0.000006
462 0.000006
463 0.000007
464 0.000007
465 0.000007
466 0.000006
467 0.000005
468 0.000005
469 0.000005
470 0.000006
471 0.000008
472 0.000008
473 0.000006
474 0.000006
475 0.000007
476 0.000093
477 0.000032
478 0.000006
479 0.000005
480 0.000005
481 0.000005
482 0.000005
483 0.000005
484 0.000004
485 0.000005
486 0.000005
487 0.000005
488 0.000005
489 0.000006
490 0.000006
491 0.000006
492 0.000007
493 0.000006
494 0.000005
495 0.000005
496 0.000005
497 0.000005
498 0.000006
499 0.000007
500 0.000009
501 0.000007
502 0.000007
503 0.000007
504 0.001488
505 0.000575
506 0.000006
507 0.000005
508 0.000005
509 0.000005
510 0.000005
511 0.000005
512 0.000005
513 0.000005
514 0.000005
515 0.000005
516 0.000005
517 0.000006
518 0.000006
519 0.000006
520 0.000007
521 0.000006
522 0.000005
523 0.000005
524 0.000005
525 0.000005
526 0.000006
527 0.000007
528 0.000008
529 0.000007
530 0.000007
531 0.000010
532 0.001418
533 0.001312
534 0.000006
535 0.000005
536 0.000005
537 0.000005
538 0.000005
539 0.000005
540 0.000006
541 0.000005
542 0.000005
543 0.000005
544 0.000005
545 0.000006
546 0.000006
547 0.000006
548 0.000006
549 0.000005
550 0.000005
551 0.000005
552 0.000006
553 0.000006
554 0.000006
555 0.000006
556 0.000007
557 0.000007
558 0.000010
559 0.000010
560 0.001660
561 0.001601
562 0.000006
563 0.000005
564 0.000005
565 0.000005
566 0.000006
567 0.000006
568 0.000006
569 0.000005
570 0.000005
571 0.000005
572 0.000005
573 0.000005
574 0.000006
575 0.000006
576 0.000006
577 0.000005
578 0.000005
579 0.000005
580 0.000006
581 0.000006
582 0.000006
583 0.000006
584 0.000007
585 0.000010
586 0.000010
587 0.000012
588 0.001934
589 0.001660
590 0.000006
591 0.000006
592 0.000005
593 0.000005
594 0.000005
595 0.000006
596 0.000006
597 0.000006
598 0.000005
599 0.000005
600 0.000005
601 0.000006
602 0.000006
603 0.000006
604 0.000006
605 0.000005
606 0.000005
607 0.000006
608 0.000006
609 0.000006
610 0.000006
611 0.000007
612 0.000009
613 0.000010
614 0.000011
615 0.000012
616 0.002071
617 0.001934
618 0.001660
619 0.000007
620 0.000006
621 0.000006
622 0.000006
623 0.000006
624 0.000006
625 0.000006
626 0.000006
627 0.000006
628 0.000006
629 0.000006
630 0.000007
631 0.000007
632 0.000006
633 0.000005
634 0.000005
635 0.000006
636 0.000006
637 0.000006
638 0.000007
639 0.000009
640 0.000010
641 0.000011
642 0.000006
643 0.000007
644 0.002142
645 0.002071
646 0.002002
647 0.001723
648 0.000029
649 0.000006
650 0.000006
651 0.000006
652 0.000006
653 0.000007
654 0.000007
655 0.000007
656 0.000007
657 0.000007
658 0.000007
659 0.000007
660 0.000006
661 0.000005
662 0.000006
663 0.000006
664 0.000006
665 0.000007
666 0.000009
667 0.000011
668 0.000011
669 0.000006
670 0.000006
671 0.000007
672 0.000004
673 0.002143
674 0.002072
675 0.001787
676 0.001937
677 0.002109
678 0.000007
679 0.000007
680 0.000008
681 0.000012
682 0.000138
683 0.000008
684 0.000007
685 0.000007
686 0.000008
687 0.000007
688 0.000006
689 0.000006
690 0.000007
691 0.000007
692 0.000007
693 0.000009
694 0.000009
695 0.000011
696 0.000006
697 0.000006
698 0.000006
699 0.000006
700 0.000004
701 0.000004
702 0.002144
703 0.002073
704 0.002246
705 0.003906
706 0.006185
707 0.010000
708 0.010008
709 0.010018
710 0.001143
711 0.000017
712 0.000008
713 0.000007
714 0.000007
715 0.000006
716 0.000006
717 0.000006
718 0.000008
719 0.000008
720 0.000008
721 0.000009
722 0.000011
723 0.000005
724 0.000004
725 0.000004
726 0.000006
727 0.000006
728 0.000004
729 0.000004
730 0.000004
731 0.000004
732 0.003630
733 0.006308
734 0.009997
735 0.010003
736 0.010013
737 0.010022
738 0.010029
739 0.000058
740 0.000008
741 0.000007
742 0.000007
743 0.000006
744 0.000006
745 0.000007
746 0.000008
747 0.000009
748 0.000009
749 0.000011
750 0.000005
751 0.000005
752 0.000005
753 0.000005
754 0.000005
755 0.000006
756 0.000004
757 0.000004
758 0.000005
759 0.000005
760 0.000004
761 0.008931
762 0.010001
763 0.010009
764 0.010017
765 0.010024
766 0.010025
767 0.000347
768 0.000012
769 0.000007
770 0.000006
771 0.000006
772 0.000006
773 0.000008
774 0.000008
775 0.000008
776 0.000009
777 0.000006
778 0.000007
779 0.000007
780 0.000006
781 0.000005
782 0.000005
783 0.000006
