0 0.001660
1 0.001558
2 0.001241
3 0.001374
4 0.001084
5 0.000848
6 0.000735
7 0.000684
8 0.000094
9 0.000012
10 0.000009
11 0.000008
12 0.000019
13 0.000055
14 0.000107
15 0.000189
16 0.000339
17 0.000501
18 0.001025
19 0.016116
20 0.013958
21 0.002981
22 0.001204
23 0.000897
24 0.000729
25 0.000774
26 0.000980
27 0.001037
28 0.001328
29 0.001463
30 0.001159
31 0.001084
32 0.001013
33 0.000887
34 0.000684
35 0.000379
36 0.000027
37 0.000006
38 0.000005
39 0.000006
40 0.000008
41 0.000027
42 0.000107
43 0.000240
44 0.002024
45 0.003294
46 0.002995
47 0.002422
48 0.003390
49 0.001026
50 0.000001
51 0.000001
52 0.000687
53 0.000876
54 0.000774
55 0.000980
56 0.001463
57 0.001159
58 0.001084
59 0.001013
60 0.000887
61 0.000684
62 0.000638
63 0.000123
64 0.000012
65 0.000004
66 0.000005
67 0.000004
68 0.000003
69 0.000009
70 0.000054
71 0.000377
72 0.005671
73 0.013065
74 0.001834
75 0.000236
76 0.000002
77 0.000001
78 0.000001
79 0.000001
80 0.000001
81 0.000687
82 0.000876
83 0.000905
84 0.001374
85 0.001084
86 0.000848
87 0.000735
88 0.000684
89 0.000638
90 0.000554
91 0.000036
92 0.000004
93 0.000003
94 0.000003
95 0.000003
96 0.000003
97 0.000005
98 0.000029
99 0.001007
100 0.010042
101 0.014386
102 0.000002
103 0.000001
104 0.000001
105 0.000001
106 0.000001
107 0.000001
108 0.000004
109 0.000648
110 0.000810
111 0.001706
112 0.001084
113 0.001013
114 0.000735
115 0.000684
116 0.000001
117 0.000001
118 0.000001
119 0.000001
120 0.000001
121 0.000002
122 0.000003
123 0.000003
124 0.000003
125 0.000004
126 0.000040
127 0.000131
128 0.000033
129 0.000001
130 0.000001
131 0.000001
132 0.000001
133 0.000001
134 0.000002
135 0.000002
136 0.000577
137 0.000709
138 0.001540
139 0.003369
140 0.001013
141 0.000789
142 0.000684
143 0.000638
144 0.000001
145 0.000001
146 0.000001
147 0.000001
148 0.000001
149 0.000001
150 0.000001
151 0.000001
152 0.000001
153 0.000001
154 0.000001
155 0.000001
156 0.000001
157 0.000001
158 0.000001
159 0.000001
160 0.000001
161 0.000001
162 0.000002
163 0.000080
164 0.000742
165 0.001392
166 0.003153
167 0.005746
168 0.000790
169 0.000685
170 0.000638
171 0.000554
172 0.000002
173 0.000001
174 0.000001
175 0.000001
176 0.000001
177 0.000001
178 0.000001
179 0.000001
180 0.000001
181 0.000001
182 0.000001
183 0.000001
184 0.000001
185 0.000001
186 0.000001
187 0.000001
188 0.000001
189 0.000002
190 0.000004
191 0.000706
192 0.001518
193 0.002893
194 0.006823
195 0.007246
196 0.000685
197 0.000638
198 0.000487
199 0.000420
200 0.000060
201 0.000001
202 0.000001
203 0.000001
204 0.000001
205 0.000001
206 0.000001
207 0.000001
208 0.000001
209 0.000001
210 0.000001
211 0.000001
212 0.000001
213 0.000001
214 0.000001
215 0.000001
216 0.000001
217 0.000003
218 0.000054
219 0.000498
220 0.003718
221 0.007361
222 0.005948
223 0.003285
224 0.001749
225 0.000727
226 0.000420
227 0.000390
228 0.000271
229 0.000002
230 0.000001
231 0.000001
232 0.000001
233 0.000001
234 0.000001
235 0.000001
236 0.000001
237 0.000001
238 0.000001
239 0.000001
240 0.000001
241 0.000001
242 0.000001
243 0.000001
244 0.000002
245 0.000004
246 0.000004
247 0.000058
248 0.000224
249 0.000226
250 0.000242
251 0.000249
252 0.005009
253 0.001908
254 0.000928
255 0.000224
256 0.000048
257 0.000002
258 0.000001
259 0.000001
260 0.000001
261 0.000001
262 0.000001
263 0.000001
264 0.000001
265 0.000001
266 0.000001
267 0.000001
268 0.000001
269 0.000001
270 0.000001
271 0.000001
272 0.000004
273 0.000005
274 0.000002
275 0.000011
276 0.000009
277 0.000008
278 0.000009
279 0.000009
280 0.010022
281 0.002837
282 0.000668
283 0.000089
284 0.000016
285 0.000001
286 0.000002
287 0.000001
288 0.000001
289 0.000001
290 0.000001
291 0.000001
292 0.000001
293 0.000001
294 0.000001
295 0.000001
296 0.000001
297 0.000001
298 0.000001
299 0.000004
300 0.000028
301 0.000006
302 0.000002
303 0.000010
304 0.000004
305 0.000003
306 0.000003
307 0.000004
308 0.002547
309 0.001217
310 0.000585
311 0.000093
312 0.000003
313 0.000001
314 0.000002
315 0.000001
316 0.000001
317 0.000001
318 0.000001
319 0.000001
320 0.000001
321 0.000001
322 0.000001
323 0.000001
324 0.000001
325 0.000001
326 0.000002
327 0.000014
328 0.999970
329 0.000036
330 0.000003
331 0.000003
332 0.000008
333 0.000005
334 0.000004
335 0.000004
336 0.000240
337 0.000269
338 0.000357
339 0.000249
340 0.000002
341 0.000001
342 0.000001
343 0.000002
344 0.000001
345 0.000001
346 0.000002
347 0.000002
348 0.000001
349 0.000001
350 0.000001
351 0.000001
352 0.000001
353 0.000001
354 0.000002
355 0.000013
356 0.000273
357 0.000178
358 0.000003
359 0.000002
360 0.000048
361 0.000025
362 0.000020
363 0.000011
364 0.000042
365 0.000072
366 0.000086
367 0.000140
368 0.000002
369 0.000001
370 0.000001
371 0.000003
372 0.000003
373 0.000002
374 0.000002
375 0.000001
376 0.000001
377 0.000001
378 0.000001
379 0.000001
380 0.000001
381 0.000001
382 0.000002
383 0.000004
384 0.000006
385 0.000009
386 0.000004
387 0.000003
388 0.000030
389 0.000167
390 0.000104
391 0.000065
392 0.000013
393 0.000009
394 0.000012
395 0.000003
396 0.000001
397 0.000001
398 0.000001
399 0.000004
400 0.000023
401 0.000007
402 0.000002
403 0.000001
404 0.000001
405 0.000001
406 0.000001
407 0.000001
408 0.000001
409 0.000001
410 0.000002
411 0.000002
412 0.000002
413 0.000002
414 0.000003
415 0.000002
416 0.000003
417 0.000310
418 0.000178
419 0.000190
420 0.000011
421 0.000006
422 0.000005
423 0.000001
424 0.000001
425 0.000001
426 0.000001
427 0.000014
428 0.999973
429 0.000012
430 0.000001
431 0.000001
432 0.000001
433 0.000001
434 0.000001
435 0.000001
436 0.000001
437 0.000001
438 0.000002
439 0.000001
440 0.000001
441 0.000001
442 0.000002
443 0.000002
444 0.000001
445 0.000045
446 0.000127
447 0.000299
448 0.000016
449 0.000006
450 0.000004
451 0.000001
452 0.000001
453 0.000001
454 0.000002
455 0.000020
456 0.000071
457 0.000007
458 0.000001
459 0.000001
460 0.000001
461 0.000001
462 0.000001
463 0.000001
464 0.000001
465 0.000001
466 0.000001
467 0.000001
468 0.000001
469 0.000001
470 0.000002
471 0.000002
472 0.000001
473 0.000003
474 0.000022
475 0.000104
476 0.000092
477 0.000034
478 0.000004
479 0.000001
480 0.000001
481 0.000001
482 0.000003
483 0.000004
484 0.000004
485 0.000002
486 0.000002
487 0.000001
488 0.000001
489 0.000001
490 0.000001
491 0.000001
492 0.000001
493 0.000001
494 0.000001
495 0.000001
496 0.000001
497 0.000001
498 0.000001
499 0.000002
500 0.000001
501 0.000001
502 0.000027
503 0.000126
504 0.000953
505 0.000638
506 0.000008
507 0.000001
508 0.000001
509 0.000002
510 0.000004
511 0.000002
512 0.000001
513 0.000002
514 0.000002
515 0.000001
516 0.000001
517 0.000001
518 0.000001
519 0.000001
520 0.000001
521 0.000001
522 0.000001
523 0.000001
524 0.000001
525 0.000001
526 0.000001
527 0.000001
528 0.000001
529 0.000001
530 0.000052
531 0.000191
532 0.001696
533 0.002933
534 0.000020
535 0.000001
536 0.000002
537 0.000005
538 0.000003
539 0.000001
540 0.000001
541 0.000001
542 0.000002
543 0.000001
544 0.000001
545 0.000001
546 0.000001
547 0.000001
548 0.000001
549 0.000001
550 0.000001
551 0.000001
552 0.000001
553 0.000001
554 0.000001
555 0.000001
556 0.000001
557 0.000001
558 0.000158
559 0.000168
560 0.004241
561 0.007705
562 0.000029
563 0.000002
564 0.000009
565 0.000007
566 0.000002
567 0.000001
568 0.000001
569 0.000001
570 0.000001
571 0.000001
572 0.000001
573 0.000001
574 0.000001
575 0.000001
576 0.000001
577 0.000001
578 0.000001
579 0.000001
580 0.000001
581 0.000001
582 0.000001
583 0.000001
584 0.000001
585 0.000158
586 0.000168
587 0.000222
588 0.008959
589 0.010009
590 0.000285
591 0.000009
592 0.000009
593 0.000002
594 0.000001
595 0.000001
596 0.000001
597 0.000001
598 0.000001
599 0.000001
600 0.000001
601 0.000001
602 0.000001
603 0.000001
604 0.000001
605 0.000001
606 0.000001
607 0.000001
608 0.000001
609 0.000001
610 0.000001
611 0.000001
612 0.000148
613 0.000158
614 0.000208
615 0.000222
616 0.010008
617 0.008606
618 0.004028
619 0.000133
620 0.000009
621 0.000001
622 0.000001
623 0.000001
624 0.000001
625 0.000001
626 0.000001
627 0.000002
628 0.000001
629 0.000001
630 0.000001
631 0.000001
632 0.000001
633 0.000001
634 0.000001
635 0.000001
636 0.000001
637 0.000001
638 0.000001
639 0.000148
640 0.000158
641 0.000208
642 0.000001
643 0.000001
644 0.008687
645 0.004897
646 0.002369
647 0.001134
648 0.000387
649 0.000002
650 0.000001
651 0.000001
652 0.000001
653 0.000001
654 0.000002
655 0.000004
656 0.000043
657 0.000173
658 0.000090
659 0.000003
660 0.000001
661 0.000001
662 0.000001
663 0.000001
664 0.000001
665 0.000002
666 0.000148
667 0.000196
668 0.000208
669 0.000001
670 0.000001
671 0.000001
672 0.000001
673 0.002515
674 0.001416
675 0.001184
676 0.001304
677 0.001085
678 0.000006
679 0.000004
680 0.000007
681 0.000037
682 0.000584
683 0.000772
684 0.001983
685 0.001344
686 0.000282
687 0.000053
688 0.000048
689 0.000080
690 0.000007
691 0.000004
692 0.000010
693 0.000139
694 0.000158
695 0.000208
696 0.000001
697 0.000001
698 0.000001
699 0.000001
700 0.000001
701 0.000001
702 0.001475
703 0.001415
704 0.001358
705 0.001304
706 0.001085
707 0.001039
708 0.000953
709 0.000784
710 0.000642
711 0.001308
712 0.004152
713 0.005177
714 0.000881
715 0.000154
716 0.000064
717 0.000069
718 0.000098
719 0.000104
720 0.000112
721 0.000148
722 0.000196
723 0.000001
724 0.000001
725 0.000001
726 0.000001
727 0.000001
728 0.000001
729 0.000001
730 0.000001
731 0.000001
732 0.001415
733 0.001358
734 0.001134
735 0.001085
736 0.001039
737 0.000859
738 0.001064
739 0.002657
740 0.008439
741 0.010037
742 0.002155
743 0.000441
744 0.000108
745 0.000092
746 0.000104
747 0.000139
748 0.000148
749 0.000196
750 0.000001
751 0.000001
752 0.000001
753 0.000001
754 0.000001
755 0.000001
756 0.000001
757 0.000001
758 0.000001
759 0.000001
760 0.000001
761 0.001415
762 0.001358
763 0.001134
764 0.001086
765 0.001040
766 0.002102
767 0.005239
768 0.010025
769 0.010047
770 0.005385
771 0.001010
772 0.000231
773 0.000122
774 0.000104
775 0.000119
776 0.000158
777 0.000001
778 0.000004
779 0.000003
780 0.000001
781 0.000001
782 0.000001
783 0.000001
