0 0.002372
1 0.002717
2 0.002823
3 0.004136
4 0.005954
5 0.010648
6 0.011332
7 0.006336
8 0.000436
9 0.000031
10 0.000014
11 0.000011
12 0.000012
13 0.000011
14 0.000011
15 0.000015
16 0.000021
17 0.000028
18 0.000141
19 0.000786
20 0.001946
21 0.001467
22 0.001178
23 0.000879
24 0.000710
25 0.000755
26 0.000962
27 0.001019
28 0.001979
29 0.002141
30 0.002212
31 0.002719
32 0.004126
33 0.006855
34 0.011537
35 0.005979
36 0.000314
37 0.000021
38 0.000012
39 0.000008
40 0.000008
41 0.000010
42 0.000010
43 0.000016
44 0.000021
45 0.000030
46 0.000054
47 0.000385
48 0.001267
49 0.000981
50 0.000000
51 0.000000
52 0.000668
53 0.000858
54 0.000755
55 0.000962
56 0.002141
57 0.001772
58 0.001677
59 0.002053
60 0.002570
61 0.004228
62 0.007235
63 0.002442
64 0.000218
65 0.000032
66 0.000017
67 0.000009
68 0.000005
69 0.000005
70 0.000010
71 0.000017
72 0.000029
73 0.000024
74 0.000024
75 0.000119
76 0.000001
77 0.000000
78 0.000000
79 0.000000
80 0.000000
81 0.000668
82 0.000858
83 0.000755
84 0.002034
85 0.001677
86 0.001372
87 0.001311
88 0.001692
89 0.002280
90 0.004228
91 0.000598
92 0.000096
93 0.000046
94 0.000023
95 0.000011
96 0.000007
97 0.000006
98 0.000012
99 0.000022
100 0.000026
101 0.000007
102 0.000000
103 0.000000
104 0.000000
105 0.000000
106 0.000000
107 0.000001
108 0.000001
109 0.000629
110 0.000668
111 0.000858
112 0.001677
113 0.001587
114 0.001220
115 0.001151
116 0.000000
117 0.000000
118 0.000000
119 0.000000
120 0.000000
121 0.000011
122 0.000041
123 0.000020
124 0.000011
125 0.000014
126 0.000017
127 0.000001
128 0.000001
129 0.000000
130 0.000000
131 0.000000
132 0.000000
133 0.000000
134 0.000001
135 0.000001
136 0.000147
137 0.000485
138 0.000629
139 0.000810
140 0.001587
141 0.001294
142 0.001151
143 0.001086
144 0.000000
145 0.000000
146 0.000000
147 0.000000
148 0.000000
149 0.000000
150 0.000000
151 0.000000
152 0.000001
153 0.000001
154 0.000001
155 0.000001
156 0.000000
157 0.000000
158 0.000000
159 0.000000
160 0.000000
161 0.000000
162 0.000001
163 0.000001
164 0.000494
165 0.000455
166 0.000592
167 0.000629
168 0.001294
169 0.001151
170 0.001086
171 0.000967
172 0.000001
173 0.000000
174 0.000000
175 0.000000
176 0.000000
177 0.000000
178 0.000000
179 0.000000
180 0.000000
181 0.000000
182 0.000000
183 0.000000
184 0.000000
185 0.000000
186 0.000000
187 0.000000
188 0.000000
189 0.000000
190 0.000001
191 0.000016
192 0.000376
193 0.000401
194 0.000427
195 0.000648
196 0.001151
197 0.001086
198 0.000869
199 0.000768
200 0.000129
201 0.000001
202 0.000000
203 0.000000
204 0.000000
205 0.000000
206 0.000000
207 0.000000
208 0.000000
209 0.000000
210 0.000000
211 0.000000
212 0.000000
213 0.000000
214 0.000000
215 0.000000
216 0.000000
217 0.000001
218 0.000001
219 0.000032
220 0.000376
221 0.000401
222 0.000453
223 0.000594
224 0.002473
225 0.001209
226 0.000768
227 0.000723
228 0.000533
229 0.000001
230 0.000001
231 0.000000
232 0.000000
233 0.000000
234 0.000000
235 0.000000
236 0.000000
237 0.000000
238 0.000000
239 0.000000
240 0.000000
241 0.000000
242 0.000000
243 0.000000
244 0.000000
245 0.000001
246 0.000001
247 0.000004
248 0.000010
249 0.000018
250 0.000048
251 0.000093
252 0.005763
253 0.002653
254 0.001475
255 0.000387
256 0.000057
257 0.000001
258 0.000001
259 0.000000
260 0.000000
261 0.000000
262 0.000000
263 0.000001
264 0.000001
265 0.000001
266 0.000001
267 0.000001
268 0.000000
269 0.000000
270 0.000000
271 0.000000
272 0.000000
273 0.000001
274 0.000001
275 0.000001
276 0.000001
277 0.000002
278 0.000004
279 0.000015
280 0.010000
281 0.002401
282 0.000532
283 0.000059
284 0.000010
285 0.000001
286 0.000001
287 0.000000
288 0.000000
289 0.000000
290 0.000001
291 0.000001
292 0.000001
293 0.000001
294 0.000001
295 0.000001
296 0.000000
297 0.000000
298 0.000000
299 0.000000
300 0.000000
301 0.000001
302 0.000000
303 0.000001
304 0.000001
305 0.000002
306 0.000005
307 0.000012
308 0.001928
309 0.000537
310 0.000200
311 0.000037
312 0.000001
313 0.000000
314 0.000001
315 0.000001
316 0.000000
317 0.000000
318 0.000001
319 0.000001
320 0.000001
321 0.000001
322 0.000001
323 0.000001
324 0.000001
325 0.000000
326 0.000000
327 0.000000
328 0.000001
329 0.000001
330 0.000000
331 0.000001
332 0.000002
333 0.000005
334 0.000013
335 0.000045
336 0.000497
337 0.000318
338 0.000137
339 0.000075
340 0.000001
341 0.000000
342 0.000001
343 0.000001
344 0.000001
345 0.000001
346 0.000001
347 0.000001
348 0.000001
349 0.000001
350 0.000001
351 0.000001
352 0.000001
353 0.000001
354 0.000000
355 0.000000
356 0.000001
357 0.000000
358 0.000000
359 0.000000
360 0.000007
361 0.000020
362 0.000046
363 0.000066
364 0.000104
365 0.000160
366 0.000197
367 0.000223
368 0.000001
369 0.000000
370 0.000000
371 0.000001
372 0.000002
373 0.000001
374 0.000001
375 0.000001
376 0.000000
377 0.000000
378 0.000001
379 0.000001
380 0.000001
381 0.000001
382 0.000001
383 0.000001
384 0.000001
385 0.000000
386 0.000000
387 0.000000
388 0.000007
389 0.000061
390 0.000107
391 0.000077
392 0.000015
393 0.000027
394 0.000039
395 0.000006
396 0.000001
397 0.000001
398 0.000001
399 0.000002
400 0.000006
401 0.000002
402 0.000001
403 0.000000
404 0.000000
405 0.000000
406 0.000000
407 0.000001
408 0.000001
409 0.000001
410 0.000002
411 0.000001
412 0.000001
413 0.000000
414 0.000000
415 0.000001
416 0.000002
417 0.000047
418 0.000034
419 0.000019
420 0.000010
421 0.000006
422 0.000006
423 0.000001
424 0.000000
425 0.000000
426 0.000001
427 0.000019
428 0.999983
429 0.000003
430 0.000001
431 0.000000
432 0.000000
433 0.000000
434 0.000000
435 0.000000
436 0.000001
437 0.000001
438 0.000008
439 0.000014
440 0.000002
441 0.000001
442 0.000001
443 0.000001
444 0.000001
445 0.000011
446 0.000005
447 0.000003
448 0.000014
449 0.000006
450 0.000004
451 0.000000
452 0.000000
453 0.000000
454 0.000001
455 0.000155
456 0.000606
457 0.000003
458 0.000001
459 0.000000
460 0.000000
461 0.000000
462 0.000000
463 0.000000
464 0.000000
465 0.000001
466 0.000010
467 0.999985
468 0.000264
469 0.000002
470 0.000001
471 0.000000
472 0.000000
473 0.000001
474 0.000002
475 0.000003
476 0.000063
477 0.000027
478 0.000003
479 0.000000
480 0.000000
481 0.000001
482 0.000002
483 0.000011
484 0.000004
485 0.000002
486 0.000001
487 0.000000
488 0.000000
489 0.000000
490 0.000000
491 0.000000
492 0.000001
493 0.000001
494 0.000004
495 0.000029
496 0.005358
497 0.000013
498 0.000001
499 0.000000
500 0.000000
501 0.000001
502 0.000007
503 0.000017
504 0.000456
505 0.000343
506 0.000005
507 0.000000
508 0.000001
509 0.000001
510 0.000004
511 0.000001
512 0.000001
513 0.000001
514 0.000001
515 0.000001
516 0.000000
517 0.000001
518 0.000001
519 0.000001
520 0.000001
521 0.000001
522 0.000001
523 0.000001
524 0.000003
525 0.000037
526 0.000003
527 0.000000
528 0.000000
529 0.000001
530 0.000072
531 0.000152
532 0.000860
533 0.001721
534 0.000012
535 0.000001
536 0.000001
537 0.000005
538 0.000002
539 0.000001
540 0.000000
541 0.000001
542 0.000001
543 0.000001
544 0.000001
545 0.000001
546 0.000001
547 0.000001
548 0.000001
549 0.000000
550 0.000000
551 0.000000
552 0.000001
553 0.000007
554 0.000226
555 0.000009
556 0.000001
557 0.000013
558 0.000738
559 0.000387
560 0.002801
561 0.006380
562 0.000023
563 0.000001
564 0.000005
565 0.000010
566 0.000001
567 0.000000
568 0.000000
569 0.000001
570 0.000001
571 0.000001
572 0.000001
573 0.000001
574 0.000001
575 0.000000
576 0.000000
577 0.000001
578 0.000000
579 0.000000
580 0.000000
581 0.000001
582 0.000575
583 0.002669
584 0.000213
585 0.007549
586 0.002629
587 0.001288
588 0.008043
589 0.010017
590 0.000292
591 0.000003
592 0.000015
593 0.000001
594 0.000000
595 0.000000
596 0.000000
597 0.000001
598 0.000001
599 0.000001
600 0.000001
601 0.000000
602 0.000000
603 0.000000
604 0.000000
605 0.000001
606 0.000001
607 0.000000
608 0.000000
609 0.000000
610 0.000002
611 0.007146
612 0.011720
613 0.010016
614 0.010008
615 0.004489
616 0.010016
617 0.008799
618 0.003162
619 0.000088
620 0.000013
621 0.000001
622 0.000000
623 0.000001
624 0.000001
625 0.000001
626 0.000001
627 0.000001
628 0.000001
629 0.000000
630 0.000000
631 0.000000
632 0.000000
633 0.000000
634 0.000000
635 0.000000
636 0.000000
637 0.000000
638 0.000004
639 0.001448
640 0.004102
641 0.012067
642 0.000001
643 0.000001
644 0.008309
645 0.003785
646 0.001471
647 0.000608
648 0.000180
649 0.000001
650 0.000000
651 0.000000
652 0.000001
653 0.000001
654 0.000001
655 0.000002
656 0.000007
657 0.000007
658 0.000002
659 0.000001
660 0.000001
661 0.000001
662 0.000000
663 0.000000
664 0.000000
665 0.000003
666 0.000143
667 0.000598
668 0.001591
669 0.000001
670 0.000001
671 0.000001
672 0.000001
673 0.001537
674 0.000759
675 0.000591
676 0.000664
677 0.000532
678 0.000003
679 0.000001
680 0.000003
681 0.000016
682 0.000258
683 0.000245
684 0.000183
685 0.000032
686 0.000009
687 0.000010
688 0.000047
689 0.000078
690 0.000010
691 0.000005
692 0.000015
693 0.000134
694 0.000152
695 0.000201
696 0.000001
697 0.000001
698 0.000001
699 0.000001
700 0.000001
701 0.000001
702 0.000772
703 0.000734
704 0.000698
705 0.000664
706 0.000532
707 0.000505
708 0.000456
709 0.000362
710 0.000288
711 0.000258
712 0.000245
713 0.000112
714 0.000073
715 0.000085
716 0.000062
717 0.000067
718 0.000094
719 0.000101
720 0.000108
721 0.000143
722 0.000189
723 0.000001
724 0.000001
725 0.000001
726 0.000001
727 0.000001
728 0.000001
729 0.000001
730 0.000001
731 0.000001
732 0.000734
733 0.000698
734 0.000561
735 0.000532
736 0.000505
737 0.000403
738 0.000362
739 0.000344
740 0.000327
741 0.000430
742 0.000364
743 0.000423
744 0.000104
745 0.000089
746 0.000101
747 0.000134
748 0.000143
749 0.000189
750 0.000000
751 0.000000
752 0.000000
753 0.000000
754 0.000001
755 0.000001
756 0.000001
757 0.000001
758 0.000000
759 0.000000
760 0.000001
761 0.000734
762 0.000698
763 0.000561
764 0.000532
765 0.000505
766 0.000480
767 0.000456
768 0.000344
769 0.001036
770 0.002483
771 0.000973
772 0.000222
773 0.000118
774 0.000101
775 0.000115
776 0.000152
777 0.000000
778 0.000007
779 0.000004
780 0.000000
781 0.000000
782 0.000000
783 0.000001
