0 0.002458
1 0.002909
2 0.005584
3 0.014169
4 0.031719
5 0.036031
6 0.015616
7 0.005100
8 0.000468
9 0.000046
10 0.000021
11 0.000017
12 0.000018
13 0.000017
14 0.000016
15 0.000016
16 0.000012
17 0.000010
18 0.000048
19 0.000263
20 0.000723
21 0.000764
22 0.000966
23 0.001017
24 0.000902
25 0.000953
26 0.001189
27 0.001254
28 0.002067
29 0.002228
30 0.002386
31 0.005381
32 0.016186
33 0.038862
34 0.029487
35 0.007544
36 0.000329
37 0.000030
38 0.000018
39 0.000012
40 0.000012
41 0.000015
42 0.000013
43 0.000011
44 0.000008
45 0.000010
46 0.000017
47 0.000134
48 0.000567
49 0.000723
50 0.000000
51 0.000000
52 0.000853
53 0.001072
54 0.000954
55 0.001198
56 0.002228
57 0.001859
58 0.001764
59 0.002222
60 0.005091
61 0.018629
62 0.043745
63 0.007060
64 0.000366
65 0.000037
66 0.000025
67 0.000012
68 0.000007
69 0.000008
70 0.000008
71 0.000007
72 0.000007
73 0.000006
74 0.000008
75 0.000044
76 0.000000
77 0.000000
78 0.000000
79 0.000000
80 0.000000
81 0.000853
82 0.001079
83 0.001032
84 0.002122
85 0.001764
86 0.001458
87 0.001404
88 0.002122
89 0.005552
90 0.018629
91 0.004393
92 0.000339
93 0.000077
94 0.000023
95 0.000013
96 0.000007
97 0.000007
98 0.000006
99 0.000005
100 0.000005
101 0.000001
102 0.000000
103 0.000000
104 0.000000
105 0.000000
106 0.000000
107 0.000000
108 0.000000
109 0.000822
110 0.000926
111 0.002156
112 0.001764
113 0.001674
114 0.001304
115 0.001234
116 0.000000
117 0.000000
118 0.000000
119 0.000000
120 0.000001
121 0.000028
122 0.000062
123 0.000019
124 0.000011
125 0.000005
126 0.000004
127 0.000000
128 0.000000
129 0.000000
130 0.000000
131 0.000000
132 0.000000
133 0.000000
134 0.000000
135 0.000000
136 0.000200
137 0.000808
138 0.002379
139 0.011358
140 0.001674
141 0.001379
142 0.001234
143 0.001168
144 0.000000
145 0.000000
146 0.000000
147 0.000000
148 0.000000
149 0.000000
150 0.000000
151 0.000000
152 0.000000
153 0.000000
154 0.000000
155 0.000000
156 0.000000
157 0.000000
158 0.000000
159 0.000000
160 0.000000
161 0.000000
162 0.000000
163 0.000000
164 0.000835
165 0.003144
166 0.014109
167 0.038698
168 0.001379
169 0.001234
170 0.001168
171 0.001047
172 0.000000
173 0.000000
174 0.000000
175 0.000000
176 0.000000
177 0.000000
178 0.000000
179 0.000000
180 0.000000
181 0.000000
182 0.000000
183 0.000000
184 0.000000
185 0.000000
186 0.000000
187 0.000000
188 0.000000
189 0.000000
190 0.000000
191 0.000042
192 0.004726
193 0.015787
194 0.038955
195 0.043460
196 0.001234
197 0.001168
198 0.000947
199 0.000844
200 0.000017
201 0.000000
202 0.000000
203 0.000000
204 0.000000
205 0.000000
206 0.000000
207 0.000000
208 0.000000
209 0.000000
210 0.000000
211 0.000000
212 0.000000
213 0.000000
214 0.000000
215 0.000000
216 0.000000
217 0.000000
218 0.000000
219 0.001113
220 0.024861
221 0.049797
222 0.035423
223 0.007422
224 0.001168
225 0.000947
226 0.000844
227 0.000796
228 0.000600
229 0.000000
230 0.000000
231 0.000000
232 0.000000
233 0.000000
234 0.000000
235 0.000000
236 0.000000
237 0.000000
238 0.000000
239 0.000000
240 0.000000
241 0.000000
242 0.000000
243 0.000000
244 0.000000
245 0.000000
246 0.000003
247 0.004678
248 0.010841
249 0.005184
250 0.002059
251 0.000973
252 0.001106
253 0.000844
254 0.000796
255 0.000398
256 0.000049
257 0.000000
258 0.000000
259 0.000000
260 0.000000
261 0.000000
262 0.000000
263 0.000000
264 0.000000
265 0.000000
266 0.000000
267 0.000000
268 0.000000
269 0.000000
270 0.000000
271 0.000000
272 0.000000
273 0.000000
274 0.000001
275 0.000414
276 0.000125
277 0.000062
278 0.000066
279 0.000134
280 0.000844
281 0.000207
282 0.000081
283 0.000014
284 0.000006
285 0.000000
286 0.000000
287 0.000000
288 0.000000
289 0.000000
290 0.000000
291 0.000000
292 0.000000
293 0.000000
294 0.000000
295 0.000000
296 0.000000
297 0.000000
298 0.000000
299 0.000000
300 0.000000
301 0.000000
302 0.000000
303 0.000006
304 0.000003
305 0.000004
306 0.000010
307 0.000040
308 0.000100
309 0.000028
310 0.000009
311 0.000003
312 0.000000
313 0.000000
314 0.000000
315 0.000000
316 0.000000
317 0.000000
318 0.000000
319 0.000000
320 0.000000
321 0.000000
322 0.000000
323 0.000000
324 0.000000
325 0.000000
326 0.000000
327 0.000000
328 0.000000
329 0.000000
330 0.000000
331 0.000000
332 0.000002
333 0.000005
334 0.000010
335 0.000029
336 0.000018
337 0.000008
338 0.000005
339 0.000002
340 0.000000
341 0.000000
342 0.000000
343 0.000000
344 0.000000
345 0.000000
346 0.000000
347 0.000000
348 0.000000
349 0.000000
350 0.000000
351 0.000000
352 0.000000
353 0.000000
354 0.000000
355 0.000000
356 0.000000
357 0.000000
358 0.000000
359 0.000000
360 0.000006
361 0.000014
362 0.000028
363 0.000033
364 0.000013
365 0.000011
366 0.000006
367 0.000003
368 0.000000
369 0.000000
370 0.000000
371 0.000000
372 0.000000
373 0.000000
374 0.000000
375 0.000000
376 0.000000
377 0.000000
378 0.000000
379 0.000000
380 0.000019
381 0.000001
382 0.000000
383 0.000000
384 0.000000
385 0.000000
386 0.000000
387 0.000000
388 0.000005
389 0.000030
390 0.000051
391 0.000042
392 0.000010
393 0.000005
394 0.000003
395 0.000000
396 0.000000
397 0.000000
398 0.000000
399 0.000000
400 0.000000
401 0.000000
402 0.000000
403 0.000000
404 0.000000
405 0.000000
406 0.000000
407 0.000000
408 0.000021
409 0.000046
410 0.000001
411 0.000001
412 0.000000
413 0.000000
414 0.000000
415 0.000000
416 0.000001
417 0.000030
418 0.000023
419 0.000012
420 0.000020
421 0.000010
422 0.000003
423 0.000000
424 0.000000
425 0.000000
426 0.000000
427 0.000000
428 0.000000
429 0.000000
430 0.000000
431 0.000000
432 0.000000
433 0.000000
434 0.000000
435 0.000000
436 0.000000
437 0.000002
438 0.000074
439 0.000022
440 0.000001
441 0.000000
442 0.000000
443 0.000000
444 0.000000
445 0.000009
446 0.000005
447 0.000002
448 0.000084
449 0.000038
450 0.000018
451 0.000000
452 0.000000
453 0.000000
454 0.000000
455 0.000000
456 0.000000
457 0.000000
458 0.000000
459 0.000000
460 0.000000
461 0.000000
462 0.000000
463 0.000000
464 0.000000
465 0.000000
466 0.000091
467 0.999996
468 0.000974
469 0.000002
470 0.000000
471 0.000000
472 0.000000
473 0.000000
474 0.000001
475 0.000002
476 0.000178
477 0.000215
478 0.000024
479 0.000000
480 0.000000
481 0.000000
482 0.000000
483 0.000000
484 0.000000
485 0.000000
486 0.000000
487 0.000000
488 0.000000
489 0.000000
490 0.000000
491 0.000000
492 0.000000
493 0.000000
494 0.000002
495 0.000158
496 0.010581
497 0.000032
498 0.000000
499 0.000000
500 0.000000
501 0.000000
502 0.000005
503 0.000011
504 0.000306
505 0.000210
506 0.000004
507 0.000000
508 0.000000
509 0.000000
510 0.000000
511 0.000000
512 0.000000
513 0.000000
514 0.000000
515 0.000000
516 0.000000
517 0.000000
518 0.000000
519 0.000000
520 0.000000
521 0.000000
522 0.000000
523 0.000000
524 0.000002
525 0.000060
526 0.000003
527 0.000000
528 0.000000
529 0.000000
530 0.000045
531 0.000081
532 0.000283
533 0.000251
534 0.000001
535 0.000000
536 0.000000
537 0.000000
538 0.000000
539 0.000000
540 0.000000
541 0.000000
542 0.000001
543 0.000001
544 0.000001
545 0.000001
546 0.000000
547 0.000000
548 0.000000
549 0.000000
550 0.000000
551 0.000000
552 0.000000
553 0.000009
554 0.000238
555 0.000052
556 0.000001
557 0.000013
558 0.000458
559 0.000222
560 0.000364
561 0.000344
562 0.000001
563 0.000000
564 0.000000
565 0.000000
566 0.000000
567 0.000000
568 0.000000
569 0.000039
570 0.003829
571 0.016923
572 0.012069
573 0.000010
574 0.000000
575 0.000000
576 0.000000
577 0.000000
578 0.000000
579 0.000000
580 0.000000
581 0.000000
582 0.000553
583 0.002873
584 0.001523
585 0.007068
586 0.001987
587 0.000865
588 0.000468
589 0.000364
590 0.000015
591 0.000000
592 0.000000
593 0.000000
594 0.000000
595 0.000000
596 0.000006
597 0.000432
598 0.999980
599 0.065810
600 0.000945
601 0.000002
602 0.000000
603 0.000000
604 0.000000
605 0.000000
606 0.000000
607 0.000000
608 0.000000
609 0.000000
610 0.000003
611 0.002966
612 0.003582
613 0.010008
614 0.010007
615 0.003760
616 0.000523
617 0.000468
618 0.000364
619 0.000027
620 0.000000
621 0.000000
622 0.000001
623 0.000030
624 0.000922
625 0.000239
626 0.000120
627 0.000193
628 0.000012
629 0.000000
630 0.000000
631 0.000001
632 0.000005
633 0.000003
634 0.000001
635 0.000000
636 0.000000
637 0.000000
638 0.000001
639 0.000334
640 0.001067
641 0.003708
642 0.000000
643 0.000000
644 0.000554
645 0.000523
646 0.000495
647 0.000387
648 0.000506
649 0.000105
650 0.000444
651 0.000043
652 0.000032
653 0.000074
654 0.000283
655 0.000238
656 0.000214
657 0.000018
658 0.000003
659 0.000001
660 0.000030
661 0.000109
662 0.000080
663 0.000008
664 0.000002
665 0.000001
666 0.000075
667 0.000129
668 0.000371
669 0.000000
670 0.000000
671 0.000000
672 0.000000
673 0.000554
674 0.000523
675 0.000410
676 0.000468
677 0.000442
678 0.000122
679 0.000100
680 0.000117
681 0.004804
682 0.055387
683 0.005095
684 0.000372
685 0.000070
686 0.000023
687 0.000010
688 0.000024
689 0.000040
690 0.000011
691 0.000004
692 0.000008
693 0.000070
694 0.000081
695 0.000109
696 0.000000
697 0.000000
698 0.000000
699 0.000000
700 0.000000
701 0.000000
702 0.000554
703 0.000523
704 0.000495
705 0.001277
706 0.002981
707 0.010005
708 0.030912
709 0.075319
710 0.015864
711 0.000953
712 0.000214
713 0.000283
714 0.000192
715 0.000073
716 0.000033
717 0.000034
718 0.000049
719 0.000052
720 0.000056
721 0.000075
722 0.000102
723 0.000000
724 0.000000
725 0.000000
726 0.000000
727 0.000000
728 0.000000
729 0.000000
730 0.000000
731 0.000000
732 0.001130
733 0.003124
734 0.007812
735 0.016993
736 0.057232
737 0.021844
738 0.002669
739 0.000272
740 0.000217
741 0.000995
742 0.000896
743 0.000429
744 0.000051
745 0.000046
746 0.000053
747 0.000070
748 0.000075
749 0.000102
750 0.000000
751 0.000000
752 0.000000
753 0.000000
754 0.000000
755 0.000000
756 0.000000
757 0.000000
758 0.000000
759 0.000000
760 0.000000
761 0.006256
762 0.010006
763 0.040532
764 0.031829
765 0.005985
766 0.000516
767 0.000309
768 0.000340
769 0.002227
770 0.005026
771 0.000794
772 0.000094
773 0.000064
774 0.000053
775 0.000060
776 0.000081
777 0.000003
778 0.000027
779 0.000023
780 0.000101
781 0.000000
782 0.000000
783 0.000000
