0 0.005162
1 0.006543
2 0.007233
3 0.008559
4 0.008665
5 0.011049
6 0.017536
7 0.015355
8 0.002656
9 0.000570
10 0.000746
11 0.000814
12 0.000728
13 0.000285
14 0.000139
15 0.000095
16 0.000078
17 0.000063
18 0.000228
19 0.000840
20 0.001747
21 0.001813
22 0.002124
23 0.002255
24 0.002935
25 0.004351
26 0.007140
27 0.009806
28 0.004963
29 0.005091
30 0.006208
31 0.007233
32 0.008443
33 0.009061
34 0.011662
35 0.013738
36 0.002469
37 0.001256
38 0.001071
39 0.000894
40 0.000415
41 0.000184
42 0.000085
43 0.000072
44 0.000057
45 0.000062
46 0.000100
47 0.000499
48 0.001482
49 0.001747
50 0.000077
51 0.000000
52 0.004306
53 0.007095
54 0.010173
55 0.011240
56 0.006205
57 0.005002
58 0.004543
59 0.006208
60 0.007233
61 0.008331
62 0.009399
63 0.004667
64 0.003342
65 0.002696
66 0.003276
67 0.000896
68 0.000230
69 0.000082
70 0.000057
71 0.000051
72 0.000050
73 0.000045
74 0.000051
75 0.000217
76 0.000209
77 0.000000
78 0.000000
79 0.000000
80 0.000000
81 0.010173
82 0.011240
83 0.017009
84 0.008415
85 0.006208
86 0.005112
87 0.004534
88 0.006122
89 0.007134
90 0.008331
91 0.002134
92 0.002339
93 0.006231
94 0.005189
95 0.001162
96 0.000177
97 0.000064
98 0.000048
99 0.000040
100 0.000041
101 0.000026
102 0.000005
103 0.000000
104 0.000000
105 0.000000
106 0.000000
107 0.000000
108 0.000015
109 0.010982
110 0.017169
111 0.021926
112 0.010000
113 0.008716
114 0.006619
115 0.005608
116 0.000000
117 0.000000
118 0.000000
119 0.000001
120 0.000029
121 0.005319
122 0.009479
123 0.001600
124 0.000192
125 0.000059
126 0.000039
127 0.000012
128 0.000006
129 0.000001
130 0.000000
131 0.000000
132 0.000000
133 0.000000
134 0.000000
135 0.000023
136 0.004760
137 0.022431
138 0.020812
139 0.013270
140 0.010000
141 0.010000
142 0.009484
143 0.007535
144 0.000001
145 0.000000
146 0.000000
147 0.000000
148 0.000000
149 0.000001
150 0.000004
151 0.000007
152 0.000008
153 0.000006
154 0.000007
155 0.000001
156 0.000000
157 0.000000
158 0.000000
159 0.000000
160 0.000000
161 0.000000
162 0.000020
163 0.000145
164 0.022656
165 0.019073
166 0.012015
167 0.008728
168 0.005588
169 0.008827
170 0.010000
171 0.010876
172 0.000743
173 0.000001
174 0.000005
175 0.000001
176 0.000006
177 0.000003
178 0.000000
179 0.000000
180 0.000000
181 0.000000
182 0.000000
183 0.000000
184 0.000000
185 0.000000
186 0.000000
187 0.000000
188 0.000000
189 0.000006
190 0.000012
191 0.012475
192 0.015718
193 0.010183
194 0.005606
195 0.002117
196 0.003335
197 0.004683
198 0.006749
199 0.010000
200 0.000974
201 0.000355
202 0.000001
203 0.000001
204 0.000180
205 0.000107
206 0.000009
207 0.000000
208 0.000000
209 0.000000
210 0.000000
211 0.000000
212 0.000000
213 0.000000
214 0.000000
215 0.000000
216 0.000000
217 0.000001
218 0.000373
219 0.004182
220 0.008770
221 0.003715
222 0.001798
223 0.002281
224 0.001993
225 0.002444
226 0.003369
227 0.005686
228 0.008610
229 0.000295
230 0.000010
231 0.000001
232 0.000001
233 0.000058
234 0.000053
235 0.000005
236 0.000000
237 0.000000
238 0.000000
239 0.000000
240 0.000000
241 0.000000
242 0.000000
243 0.000000
244 0.000000
245 0.000000
246 0.000084
247 0.000767
248 0.000393
249 0.000373
250 0.000895
251 0.001687
252 0.001909
253 0.001540
254 0.001678
255 0.002683
256 0.004680
257 0.000081
258 0.000101
259 0.000117
260 0.000002
261 0.000000
262 0.000000
263 0.000003
264 0.000000
265 0.000000
266 0.000000
267 0.000000
268 0.000000
269 0.000000
270 0.000000
271 0.000000
272 0.000000
273 0.000000
274 0.000005
275 0.000058
276 0.000066
277 0.000181
278 0.000368
279 0.000805
280 0.001540
281 0.001399
282 0.001649
283 0.001265
284 0.002135
285 0.000038
286 0.000045
287 0.999999
288 0.000003
289 0.000000
290 0.000000
291 0.000000
292 0.000000
293 0.000000
294 0.000000
295 0.000001
296 0.000009
297 0.000002
298 0.000000
299 0.000000
300 0.000000
301 0.000000
302 0.000001
303 0.000064
304 0.000120
305 0.000249
306 0.000470
307 0.000767
308 0.001909
309 0.001732
310 0.001338
311 0.001076
312 0.000242
313 0.000056
314 0.000010
315 0.000012
316 0.000003
317 0.000000
318 0.000000
319 0.000000
320 0.000000
321 0.000000
322 0.000028
323 0.001581
324 0.030125
325 0.000243
326 0.000000
327 0.000000
328 0.000000
329 0.000000
330 0.000000
331 0.000024
332 0.000298
333 0.000607
334 0.000817
335 0.001029
336 0.001610
337 0.001416
338 0.001195
339 0.000793
340 0.000036
341 0.000006
342 0.000001
343 0.000000
344 0.000000
345 0.000000
346 0.000000
347 0.000000
348 0.000000
349 0.000001
350 0.000123
351 0.999995
352 0.067143
353 0.000211
354 0.000001
355 0.000000
356 0.000000
357 0.000000
358 0.000000
359 0.000008
360 0.000680
361 0.000836
362 0.000852
363 0.000590
364 0.001298
365 0.001090
366 0.000989
367 0.000365
368 0.000004
369 0.000001
370 0.000000
371 0.000000
372 0.000000
373 0.000000
374 0.000000
375 0.000000
376 0.000000
377 0.000004
378 0.001456
379 0.016446
380 0.000394
381 0.000066
382 0.000019
383 0.000013
384 0.000002
385 0.000001
386 0.000000
387 0.000003
388 0.000230
389 0.000587
390 0.000456
391 0.000379
392 0.000923
393 0.000611
394 0.000248
395 0.000022
396 0.000001
397 0.000000
398 0.000000
399 0.000000
400 0.000000
401 0.000000
402 0.000000
403 0.000000
404 0.000001
405 0.000025
406 0.000360
407 0.000142
408 0.000019
409 0.000007
410 0.000231
411 0.003239
412 0.000091
413 0.000005
414 0.000002
415 0.000002
416 0.000044
417 0.000413
418 0.000443
419 0.000418
420 0.000435
421 0.000159
422 0.000080
423 0.000002
424 0.000000
425 0.000000
426 0.000000
427 0.000000
428 0.000000
429 0.000000
430 0.000000
431 0.000001
432 0.000008
433 0.000007
434 0.000005
435 0.000001
436 0.000001
437 0.000052
438 0.006103
439 0.017554
440 0.000442
441 0.000028
442 0.000001
443 0.000001
444 0.000039
445 0.003095
446 0.001684
447 0.000861
448 0.000202
449 0.000070
450 0.000036
451 0.000001
452 0.000000
453 0.000000
454 0.000000
455 0.000000
456 0.000000
457 0.000000
458 0.000001
459 0.000010
460 0.000003
461 0.000001
462 0.000000
463 0.000000
464 0.000001
465 0.000157
466 0.999995
467 0.014690
468 0.003341
469 0.000039
470 0.000002
471 0.000001
472 0.000033
473 0.005973
474 0.013785
475 0.004028
476 0.000326
477 0.000170
478 0.000031
479 0.000001
480 0.000000
481 0.000000
482 0.000000
483 0.000000
484 0.000000
485 0.000000
486 0.000004
487 0.000002
488 0.000002
489 0.000000
490 0.000000
491 0.000000
492 0.000000
493 0.000044
494 0.001777
495 0.015859
496 0.013012
497 0.000520
498 0.000010
499 0.000001
500 0.000009
501 0.001789
502 0.032628
503 0.023934
504 0.001381
505 0.000758
506 0.000033
507 0.000001
508 0.000000
509 0.000000
510 0.000000
511 0.000000
512 0.000000
513 0.000000
514 0.000000
515 0.000001
516 0.000001
517 0.000000
518 0.000000
519 0.000000
520 0.000000
521 0.000005
522 0.000144
523 0.002110
524 0.018230
525 0.999959
526 0.000161
527 0.000004
528 0.000001
529 0.000366
530 0.045197
531 0.049960
532 0.001316
533 0.001218
534 0.000048
535 0.000003
536 0.000000
537 0.000000
538 0.000000
539 0.000000
540 0.000000
541 0.000000
542 0.000000
543 0.000000
544 0.000000
545 0.000000
546 0.000000
547 0.000000
548 0.000000
549 0.000000
550 0.000001
551 0.000023
552 0.000389
553 0.007318
554 0.004499
555 0.000080
556 0.000009
557 0.000229
558 0.013696
559 0.032327
560 0.001540
561 0.001485
562 0.000036
563 0.000003
564 0.000001
565 0.000001
566 0.000004
567 0.000004
568 0.000002
569 0.000000
570 0.000000
571 0.000001
572 0.000000
573 0.000000
574 0.000000
575 0.000000
576 0.000000
577 0.000000
578 0.000000
579 0.000000
580 0.000004
581 0.000117
582 0.007776
583 0.002957
584 0.000502
585 0.010000
586 0.010001
587 0.010001
588 0.001796
589 0.001540
590 0.000183
591 0.000006
592 0.000003
593 0.000005
594 0.000011
595 0.000024
596 0.000016
597 0.000010
598 0.000029
599 0.000006
600 0.000001
601 0.000000
602 0.000000
603 0.000000
604 0.000000
605 0.000000
606 0.000000
607 0.000000
608 0.000000
609 0.000004
610 0.000395
611 0.009782
612 0.010000
613 0.010000
614 0.010000
615 0.010000
616 0.001924
617 0.001796
618 0.001803
619 0.000522
620 0.000039
621 0.000013
622 0.000030
623 0.000030
624 0.000148
625 0.000502
626 0.000098
627 0.000079
628 0.000014
629 0.000005
630 0.000003
631 0.000005
632 0.000001
633 0.000000
634 0.000000
635 0.000000
636 0.000000
637 0.000002
638 0.000094
639 0.005213
640 0.008781
641 0.010000
642 0.000000
643 0.000000
644 0.001991
645 0.002088
646 0.003434
647 0.005486
648 0.004454
649 0.000117
650 0.000022
651 0.000065
652 0.000339
653 0.001074
654 0.000148
655 0.000033
656 0.000127
657 0.001286
658 0.004380
659 0.001181
660 0.000259
661 0.000029
662 0.000003
663 0.000001
664 0.000002
665 0.000051
666 0.001711
667 0.003212
668 0.005331
669 0.000000
670 0.000000
671 0.000000
672 0.000000
673 0.003591
674 0.005626
675 0.008590
676 0.010002
677 0.010002
678 0.000392
679 0.000306
680 0.001823
681 0.002374
682 0.001103
683 0.000252
684 0.000367
685 0.002490
686 0.007229
687 0.010005
688 0.013802
689 0.013475
690 0.000988
691 0.000259
692 0.000299
693 0.001157
694 0.001241
695 0.002039
696 0.000000
697 0.000000
698 0.000000
699 0.000000
700 0.000000
701 0.000000
702 0.008631
703 0.010002
704 0.010002
705 0.010002
706 0.010002
707 0.024386
708 0.016182
709 0.007491
710 0.000685
711 0.000265
712 0.000529
713 0.003496
714 0.010004
715 0.010004
716 0.014027
717 0.013798
718 0.007577
719 0.003921
720 0.002123
721 0.001348
722 0.001393
723 0.000000
724 0.000000
725 0.000000
726 0.000000
727 0.000000
728 0.000000
729 0.000000
730 0.000000
731 0.000000
732 0.010002
733 0.010002
734 0.017354
735 0.019170
736 0.009688
737 0.002093
738 0.001196
739 0.000383
740 0.000987
741 0.003558
742 0.010004
743 0.012427
744 0.014251
745 0.014024
746 0.010000
747 0.006698
748 0.003567
749 0.002234
750 0.000000
751 0.000000
752 0.000000
753 0.000000
754 0.000000
755 0.000000
756 0.000000
757 0.000000
758 0.000001
759 0.000002
760 0.000000
761 0.012022
762 0.021960
763 0.011971
764 0.004547
765 0.001576
766 0.001432
767 0.001078
768 0.001550
769 0.003646
770 0.010004
771 0.016107
772 0.014475
773 0.009538
774 0.010000
775 0.010000
776 0.005980
777 0.000000
778 0.000144
779 0.000068
780 0.000000
781 0.000000
782 0.000000
783 0.000000
