0 0.000415
1 0.000376
2 0.000264
3 0.000309
4 0.000215
5 0.000149
6 0.000122
7 0.000487
8 0.000023
9 0.000006
10 0.000005
11 0.000003
12 0.000003
13 0.000003
14 0.000003
15 0.000003
16 0.000003
17 0.000003
18 0.000003
19 0.000013
20 0.000731
21 0.014776
22 0.017766
23 0.146667
24 0.008199
25 0.001406
26 0.000069
27 0.000055
28 0.000293
29 0.000340
30 0.000238
31 0.000215
32 0.000194
33 0.000159
34 0.000110
35 0.000034
36 0.000004
37 0.000003
38 0.000004
39 0.000004
40 0.000003
41 0.000003
42 0.000003
43 0.000003
44 0.000003
45 0.000003
46 0.000003
47 0.000014
48 0.007847
49 0.016320
50 0.000003
51 0.000002
52 0.001247
53 0.000057
54 0.000032
55 0.000049
56 0.000340
57 0.000238
58 0.000215
59 0.000194
60 0.000159
61 0.000110
62 0.000099
63 0.000005
64 0.000003
65 0.000003
66 0.000004
67 0.000005
68 0.000004
69 0.000003
70 0.000003
71 0.000003
72 0.000003
73 0.000003
74 0.000003
75 0.000031
76 0.000005
77 0.000004
78 0.000003
79 0.000002
80 0.000002
81 0.000027
82 0.000040
83 0.000032
84 0.000309
85 0.000215
86 0.000149
87 0.000121
88 0.000110
89 0.000099
90 0.000082
91 0.000003
92 0.000003
93 0.000003
94 0.000003
95 0.000004
96 0.000004
97 0.000003
98 0.000003
99 0.000003
100 0.000003
101 0.000003
102 0.000002
103 0.000002
104 0.000005
105 0.000005
106 0.000002
107 0.000002
108 0.000001
109 0.000024
110 0.000026
111 0.000040
112 0.000215
113 0.000194
114 0.000121
115 0.000109
116 0.000001
117 0.000002
118 0.000003
119 0.000002
120 0.000002
121 0.000003
122 0.000003
123 0.000003
124 0.000005
125 0.000004
126 0.000003
127 0.000003
128 0.000002
129 0.000002
130 0.000003
131 0.000006
132 0.000005
133 0.000004
134 0.000002
135 0.000001
136 0.000002
137 0.000016
138 0.000024
139 0.000036
140 0.000194
141 0.000134
142 0.000109
143 0.000099
144 0.000001
145 0.000002
146 0.000002
147 0.000003
148 0.000003
149 0.000003
150 0.000002
151 0.000002
152 0.000002
153 0.000002
154 0.000002
155 0.000002
156 0.000002
157 0.000003
158 0.000007
159 0.000009
160 0.000005
161 0.000002
162 0.000001
163 0.000001
164 0.000016
165 0.000015
166 0.000022
167 0.000024
168 0.000134
169 0.000109
170 0.000099
171 0.000082
172 0.000001
173 0.000001
174 0.000001
175 0.000002
176 0.000003
177 0.000003
178 0.000004
179 0.000003
180 0.000002
181 0.000002
182 0.000002
183 0.000002
184 0.000003
185 0.000009
186 0.000013
187 0.000004
188 0.000002
189 0.000001
190 0.000001
191 0.000002
192 0.000011
193 0.000012
194 0.000013
195 0.000022
196 0.000109
197 0.000099
198 0.000069
199 0.000056
200 0.000002
201 0.000001
202 0.000001
203 0.000001
204 0.000001
205 0.000002
206 0.000003
207 0.000003
208 0.000004
209 0.000005
210 0.000007
211 0.000008
212 0.000014
213 0.000009
214 0.000003
215 0.000002
216 0.000001
217 0.000001
218 0.000001
219 0.000002
220 0.000011
221 0.000012
222 0.000012
223 0.000018
224 0.000099
225 0.000068
226 0.000056
227 0.000051
228 0.000032
229 0.000002
230 0.000001
231 0.000001
232 0.000001
233 0.000001
234 0.000001
235 0.000002
236 0.000003
237 0.000010
238 0.000077
239 0.999963
240 0.000103
241 0.000007
242 0.000002
243 0.000001
244 0.000001
245 0.000001
246 0.000002
247 0.000003
248 0.000003
249 0.000003
250 0.000003
251 0.000004
252 0.000090
253 0.000056
254 0.000051
255 0.000026
256 0.000006
257 0.000002
258 0.000001
259 0.000001
260 0.000001
261 0.000001
262 0.000002
263 0.000002
264 0.000002
265 0.000005
266 0.000020
267 0.000148
268 0.000025
269 0.000006
270 0.000002
271 0.000002
272 0.000002
273 0.000002
274 0.000002
275 0.000003
276 0.000003
277 0.000003
278 0.000003
279 0.000003
280 0.000056
281 0.000016
282 0.000009
283 0.000004
284 0.000003
285 0.000002
286 0.000001
287 0.000001
288 0.000001
289 0.000002
290 0.000002
291 0.000002
292 0.000003
293 0.000004
294 0.000004
295 0.000004
296 0.000004
297 0.000003
298 0.000002
299 0.000002
300 0.000002
301 0.000002
302 0.000003
303 0.000004
304 0.000003
305 0.000003
306 0.000003
307 0.000003
308 0.000012
309 0.000006
310 0.000003
311 0.000003
312 0.000003
313 0.000002
314 0.000002
315 0.000001
316 0.000002
317 0.000002
318 0.000002
319 0.000003
320 0.000003
321 0.000003
322 0.000003
323 0.000002
324 0.000002
325 0.000002
326 0.000002
327 0.000002
328 0.000002
329 0.000002
330 0.000005
331 0.000005
332 0.000007
333 0.000006
334 0.000005
335 0.000004
336 0.000005
337 0.000004
338 0.000003
339 0.000003
340 0.000003
341 0.000002
342 0.000002
343 0.000002
344 0.000002
345 0.000002
346 0.000002
347 0.000003
348 0.000003
349 0.000002
350 0.000002
351 0.000002
352 0.000002
353 0.000002
354 0.000002
355 0.000002
356 0.000002
357 0.000002
358 0.000004
359 0.000005
360 0.000007
361 0.000007
362 0.000008
363 0.000008
364 0.000004
365 0.000004
366 0.000003
367 0.000003
368 0.000003
369 0.000003
370 0.000002
371 0.000002
372 0.000002
373 0.000002
374 0.000002
375 0.000003
376 0.000002
377 0.000002
378 0.000002
379 0.000002
380 0.000002
381 0.000002
382 0.000002
383 0.000002
384 0.000002
385 0.000002
386 0.000003
387 0.000003
388 0.000004
389 0.000007
390 0.000007
391 0.000009
392 0.000004
393 0.000003
394 0.000004
395 0.000003
396 0.000003
397 0.000003
398 0.000003
399 0.000002
400 0.000002
401 0.000002
402 0.000002
403 0.000002
404 0.000002
405 0.000002
406 0.000002
407 0.000002
408 0.000002
409 0.000002
410 0.000002
411 0.000002
412 0.000002
413 0.000002
414 0.000002
415 0.000003
416 0.000003
417 0.000004
418 0.000005
419 0.000007
420 0.000004
421 0.000004
422 0.000005
423 0.000003
424 0.000003
425 0.000003
426 0.000003
427 0.000002
428 0.000002
429 0.000002
430 0.000002
431 0.000002
432 0.000002
433 0.000002
434 0.000002
435 0.000002
436 0.000002
437 0.000002
438 0.000002
439 0.000002
440 0.000003
441 0.000003
442 0.000002
443 0.000002
444 0.000003
445 0.000003
446 0.000003
447 0.000004
448 0.000011
449 0.000007
450 0.000010
451 0.000003
452 0.000002
453 0.000002
454 0.000002
455 0.000002
456 0.000002
457 0.000002
458 0.000002
459 0.000002
460 0.000002
461 0.000002
462 0.000002
463 0.000002
464 0.000002
465 0.000002
466 0.000002
467 0.000002
468 0.000003
469 0.000003
470 0.000002
471 0.000002
472 0.000002
473 0.000003
474 0.000003
475 0.000003
476 0.000285
477 0.000086
478 0.000004
479 0.000003
480 0.000002
481 0.000002
482 0.000002
483 0.000003
484 0.000002
485 0.000002
486 0.000002
487 0.000002
488 0.000002
489 0.000002
490 0.000002
491 0.000002
492 0.000002
493 0.000002
494 0.000002
495 0.000002
496 0.000002
497 0.000003
498 0.000003
499 0.000002
500 0.000002
501 0.000002
502 0.000003
503 0.000003
504 0.010019
505 0.003457
506 0.000003
507 0.000003
508 0.000002
509 0.000002
510 0.000003
511 0.000003
512 0.000002
513 0.000002
514 0.000002
515 0.000002
516 0.000002
517 0.000002
518 0.000002
519 0.000002
520 0.000002
521 0.000002
522 0.000002
523 0.000002
524 0.000002
525 0.000003
526 0.000003
527 0.000003
528 0.000002
529 0.000003
530 0.000004
531 0.000032
532 0.010017
533 0.010015
534 0.000003
535 0.000002
536 0.000002
537 0.000003
538 0.000003
539 0.000003
540 0.000002
541 0.000002
542 0.000002
543 0.000002
544 0.000002
545 0.000002
546 0.000002
547 0.000002
548 0.000002
549 0.000002
550 0.000002
551 0.000002
552 0.000002
553 0.000002
554 0.000003
555 0.000003
556 0.000002
557 0.000003
558 0.000031
559 0.000034
560 0.010011
561 0.010010
562 0.000003
563 0.000002
564 0.000002
565 0.000003
566 0.000003
567 0.000002
568 0.000002
569 0.000002
570 0.000002
571 0.000002
572 0.000002
573 0.000002
574 0.000002
575 0.000002
576 0.000002
577 0.000002
578 0.000002
579 0.000002
580 0.000002
581 0.000002
582 0.000002
583 0.000002
584 0.000003
585 0.000031
586 0.000034
587 0.000049
588 0.010008
589 0.010005
590 0.000006
591 0.000002
592 0.000002
593 0.000002
594 0.000002
595 0.000002
596 0.000002
597 0.000002
598 0.000002
599 0.000002
600 0.000002
601 0.000002
602 0.000002
603 0.000002
604 0.000002
605 0.000002
606 0.000002
607 0.000002
608 0.000002
609 0.000002
610 0.000003
611 0.000003
612 0.000029
613 0.000031
614 0.000045
615 0.000049
616 0.010003
617 0.005667
618 0.002183
619 0.000005
620 0.000003
621 0.000002
622 0.000002
623 0.000002
624 0.000002
625 0.000002
626 0.000002
627 0.000002
628 0.000002
629 0.000002
630 0.000002
631 0.000002
632 0.000002
633 0.000002
634 0.000002
635 0.000002
636 0.000002
637 0.000002
638 0.000003
639 0.000029
640 0.000031
641 0.000045
642 0.000002
643 0.000003
644 0.005869
645 0.002848
646 0.001147
647 0.000648
648 0.000040
649 0.000003
650 0.000002
651 0.000002
652 0.000002
653 0.000002
654 0.000002
655 0.000002
656 0.000002
657 0.000002
658 0.000002
659 0.000002
660 0.000002
661 0.000002
662 0.000002
663 0.000002
664 0.000002
665 0.000003
666 0.000029
667 0.000042
668 0.000045
669 0.000002
670 0.000002
671 0.000003
672 0.000002
673 0.001254
674 0.000854
675 0.000683
676 0.000770
677 0.000612
678 0.000003
679 0.000003
680 0.000003
681 0.000003
682 0.000018
683 0.000003
684 0.000002
685 0.000002
686 0.000002
687 0.000002
688 0.000002
689 0.000003
690 0.000003
691 0.000003
692 0.000003
693 0.000027
694 0.000031
695 0.000045
696 0.000002
697 0.000002
698 0.000002
699 0.000002
700 0.000002
701 0.000002
702 0.000898
703 0.000853
704 0.000810
705 0.000769
706 0.000612
707 0.000580
708 0.000520
709 0.000408
710 0.000079
711 0.000005
712 0.000002
713 0.000002
714 0.000002
715 0.000002
716 0.000002
717 0.000004
718 0.000017
719 0.000019
720 0.000020
721 0.000029
722 0.000041
723 0.000002
724 0.000002
725 0.000002
726 0.000002
727 0.000002
728 0.000002
729 0.000002
730 0.000002
731 0.000002
732 0.000852
733 0.000809
734 0.000646
735 0.000612
736 0.000579
737 0.000457
738 0.000408
739 0.000013
740 0.000003
741 0.000002
742 0.000002
743 0.000002
744 0.000003
745 0.000006
746 0.000019
747 0.000027
748 0.000029
749 0.000041
750 0.000002
751 0.000002
752 0.000002
753 0.000002
754 0.000002
755 0.000002
756 0.000002
757 0.000002
758 0.000002
759 0.000002
760 0.000002
761 0.000852
762 0.000809
763 0.000646
764 0.000612
765 0.000579
766 0.000549
767 0.000060
768 0.000004
769 0.000002
770 0.000002
771 0.000002
772 0.000004
773 0.000015
774 0.000019
775 0.000022
776 0.000031
777 0.000002
778 0.000003
779 0.000003
780 0.000002
781 0.000002
782 0.000002
783 0.000002
