0 0.002718
1 0.002594
2 0.002193
3 0.002365
4 0.002009
5 0.002249
6 0.003777
7 0.007811
8 0.002947
9 0.000728
10 0.000307
11 0.000135
12 0.000073
13 0.000054
14 0.000045
15 0.000041
16 0.000032
17 0.000025
18 0.000121
19 0.000621
20 0.002356
21 0.004420
22 0.010729
23 0.010873
24 0.007883
25 0.003951
26 0.002833
27 0.002165
28 0.002306
29 0.002477
30 0.002085
31 0.001984
32 0.001887
33 0.001826
34 0.002435
35 0.003020
36 0.001107
37 0.000457
38 0.000393
39 0.000207
40 0.000092
41 0.000056
42 0.000036
43 0.000030
44 0.000023
45 0.000024
46 0.000046
47 0.000470
48 0.003716
49 0.009257
50 0.000000
51 0.000000
52 0.003810
53 0.002668
54 0.001761
55 0.002081
56 0.002477
57 0.002085
58 0.001984
59 0.001887
60 0.001709
61 0.001438
62 0.001510
63 0.000824
64 0.000333
65 0.000279
66 0.000442
67 0.000296
68 0.000129
69 0.000049
70 0.000029
71 0.000020
72 0.000019
73 0.000017
74 0.000028
75 0.000321
76 0.000005
77 0.000000
78 0.000000
79 0.000000
80 0.000000
81 0.001626
82 0.001924
83 0.001792
84 0.002365
85 0.001984
86 0.001653
87 0.001486
88 0.001409
89 0.001336
90 0.001242
91 0.000218
92 0.000087
93 0.000148
94 0.000330
95 0.000371
96 0.000224
97 0.000098
98 0.000033
99 0.000016
100 0.000015
101 0.000006
102 0.000000
103 0.000000
104 0.000000
105 0.000000
106 0.000000
107 0.000000
108 0.000000
109 0.001555
110 0.001648
111 0.002103
112 0.001984
113 0.001887
114 0.001486
115 0.001409
116 0.000000
117 0.000000
118 0.000000
119 0.000000
120 0.000000
121 0.000015
122 0.000172
123 0.000334
124 0.000374
125 0.000167
126 0.000048
127 0.000001
128 0.000000
129 0.000000
130 0.000000
131 0.000000
132 0.000000
133 0.000000
134 0.000000
135 0.000000
136 0.000015
137 0.001346
138 0.002007
139 0.005895
140 0.001887
141 0.001567
142 0.001409
143 0.001336
144 0.000000
145 0.000000
146 0.000000
147 0.000000
148 0.000000
149 0.000000
150 0.000000
151 0.000000
152 0.000001
153 0.000000
154 0.000000
155 0.000000
156 0.000000
157 0.000000
158 0.000000
159 0.000000
160 0.000000
161 0.000000
162 0.000000
163 0.000000
164 0.001497
165 0.002207
166 0.006819
167 0.020073
168 0.001567
169 0.001409
170 0.001336
171 0.001202
172 0.000000
173 0.000000
174 0.000000
175 0.000000
176 0.000000
177 0.000000
178 0.000000
179 0.000000
180 0.000000
181 0.000000
182 0.000000
183 0.000000
184 0.000000
185 0.000000
186 0.000000
187 0.000000
188 0.000000
189 0.000000
190 0.000000
191 0.000000
192 0.003037
193 0.008892
194 0.040118
195 0.122092
196 0.001409
197 0.001336
198 0.001091
199 0.000975
200 0.000002
201 0.000000
202 0.000000
203 0.000000
204 0.000000
205 0.000000
206 0.000000
207 0.000000
208 0.000000
209 0.000000
210 0.000000
211 0.000000
212 0.000000
213 0.000000
214 0.000000
215 0.000000
216 0.000000
217 0.000000
218 0.000000
219 0.000032
220 0.014485
221 0.066918
222 0.323255
223 0.062256
224 0.001336
225 0.001091
226 0.000975
227 0.000922
228 0.000699
229 0.000000
230 0.000000
231 0.000000
232 0.000000
233 0.000000
234 0.000000
235 0.000000
236 0.000000
237 0.000000
238 0.000000
239 0.000000
240 0.000006
241 0.000000
242 0.000000
243 0.000000
244 0.000000
245 0.000000
246 0.000000
247 0.000253
248 0.002448
249 0.006334
250 0.003795
251 0.002363
252 0.001267
253 0.000975
254 0.000922
255 0.000505
256 0.000086
257 0.000000
258 0.000000
259 0.000000
260 0.000000
261 0.000000
262 0.000000
263 0.000000
264 0.000000
265 0.000002
266 0.002015
267 1.000000
268 0.000181
269 0.000000
270 0.000000
271 0.000000
272 0.000000
273 0.000000
274 0.000000
275 0.000144
276 0.000189
277 0.000105
278 0.000062
279 0.000036
280 0.000975
281 0.000299
282 0.000139
283 0.000041
284 0.000022
285 0.000000
286 0.000000
287 0.000000
288 0.000000
289 0.000000
290 0.000000
291 0.000000
292 0.000000
293 0.000005
294 0.001597
295 0.000897
296 0.000069
297 0.000000
298 0.000000
299 0.000000
300 0.000000
301 0.000000
302 0.000000
303 0.000181
304 0.000027
305 0.000009
306 0.000006
307 0.000007
308 0.000160
309 0.000077
310 0.000033
311 0.000014
312 0.000002
313 0.000000
314 0.000000
315 0.000000
316 0.000000
317 0.000000
318 0.000000
319 0.000000
320 0.000000
321 0.000000
322 0.000012
323 0.000007
324 0.000000
325 0.000000
326 0.000000
327 0.000000
328 0.000000
329 0.000000
330 0.000003
331 0.000025
332 0.000037
333 0.000011
334 0.000008
335 0.000009
336 0.000062
337 0.000035
338 0.000022
339 0.000011
340 0.000000
341 0.000000
342 0.000000
343 0.000000
344 0.000000
345 0.000000
346 0.000000
347 0.000000
348 0.000000
349 0.000000
350 0.000000
351 0.000000
352 0.000000
353 0.000000
354 0.000000
355 0.000000
356 0.000000
357 0.000000
358 0.000001
359 0.000005
360 0.000160
361 0.000077
362 0.000064
363 0.000051
364 0.000053
365 0.000041
366 0.000017
367 0.000007
368 0.000000
369 0.000000
370 0.000000
371 0.000000
372 0.000000
373 0.000000
374 0.000000
375 0.000000
376 0.000000
377 0.000000
378 0.000000
379 0.000000
380 0.000000
381 0.000001
382 0.000001
383 0.000000
384 0.000000
385 0.000000
386 0.000000
387 0.000001
388 0.000200
389 0.001042
390 0.000951
391 0.000807
392 0.000030
393 0.000014
394 0.000007
395 0.000001
396 0.000000
397 0.000000
398 0.000000
399 0.000000
400 0.000000
401 0.000000
402 0.000000
403 0.000000
404 0.000000
405 0.000000
406 0.000000
407 0.000000
408 0.000000
409 0.000000
410 0.000000
411 0.000000
412 0.000000
413 0.000000
414 0.000000
415 0.000002
416 0.000035
417 0.002701
418 0.004613
419 0.007265
420 0.000016
421 0.000009
422 0.000006
423 0.000000
424 0.000000
425 0.000000
426 0.000000
427 0.000000
428 0.000000
429 0.000000
430 0.000000
431 0.000000
432 0.000000
433 0.000000
434 0.000000
435 0.000000
436 0.000000
437 0.000000
438 0.000000
439 0.000000
440 0.000000
441 0.000006
442 0.000000
443 0.000000
444 0.000170
445 0.065711
446 0.007927
447 0.006238
448 0.000059
449 0.000024
450 0.000017
451 0.000000
452 0.000000
453 0.000000
454 0.000000
455 0.000000
456 0.000000
457 0.000000
458 0.000000
459 0.000000
460 0.000000
461 0.000000
462 0.000000
463 0.000000
464 0.000000
465 0.000000
466 0.000000
467 0.000000
468 0.000028
469 0.000013
470 0.000002
471 0.000000
472 0.000015
473 0.014157
474 0.083011
475 0.012229
476 0.000278
477 0.000274
478 0.000106
479 0.000001
480 0.000000
481 0.000000
482 0.000000
483 0.000000
484 0.000000
485 0.000000
486 0.000000
487 0.000000
488 0.000000
489 0.000000
490 0.000000
491 0.000000
492 0.000000
493 0.000000
494 0.000000
495 0.000000
496 0.001111
497 1.000000
498 0.000008
499 0.000000
500 0.000001
501 0.000382
502 0.023372
503 0.050539
504 0.001398
505 0.002844
506 0.000355
507 0.000002
508 0.000000
509 0.000000
510 0.000000
511 0.000001
512 0.000000
513 0.000000
514 0.000000
515 0.000000
516 0.000000
517 0.000000
518 0.000000
519 0.000000
520 0.000000
521 0.000000
522 0.000000
523 0.000000
524 0.000010
525 0.002754
526 0.000343
527 0.000001
528 0.000000
529 0.000043
530 0.029916
531 0.052557
532 0.003774
533 0.008126
534 0.000170
535 0.000002
536 0.000001
537 0.000001
538 0.000017
539 0.000299
540 0.000117
541 0.000000
542 0.000000
543 0.000000
544 0.000000
545 0.000000
546 0.000000
547 0.000000
548 0.000000
549 0.000000
550 0.000000
551 0.000000
552 0.000000
553 0.000011
554 0.005958
555 0.000086
556 0.000006
557 0.000043
558 0.005611
559 0.028982
560 0.010000
561 0.010000
562 0.000146
563 0.000004
564 0.000002
565 0.000023
566 0.000889
567 0.800575
568 0.000057
569 0.000000
570 0.000000
571 0.000000
572 0.000000
573 0.000000
574 0.000000
575 0.000000
576 0.000000
577 0.000000
578 0.000000
579 0.000000
580 0.000000
581 0.000001
582 0.000189
583 0.011517
584 0.000536
585 0.010000
586 0.005038
587 0.003044
588 0.010000
589 0.010000
590 0.000952
591 0.000019
592 0.000019
593 0.000206
594 0.002872
595 0.000041
596 0.000001
597 0.000000
598 0.000000
599 0.000000
600 0.000000
601 0.000000
602 0.000000
603 0.000000
604 0.000000
605 0.000000
606 0.000000
607 0.000000
608 0.000000
609 0.000000
610 0.000003
611 0.000076
612 0.002414
613 0.006781
614 0.010000
615 0.007855
616 0.010000
617 0.010000
618 0.010000
619 0.002042
620 0.000798
621 0.001685
622 0.000051
623 0.000001
624 0.000000
625 0.000000
626 0.000000
627 0.000000
628 0.000000
629 0.000000
630 0.000000
631 0.000000
632 0.000000
633 0.000000
634 0.000000
635 0.000000
636 0.000000
637 0.000000
638 0.000002
639 0.000351
640 0.000935
641 0.002570
642 0.000000
643 0.000000
644 0.010000
645 0.010000
646 0.010000
647 0.010000
648 0.008912
649 0.000273
650 0.000003
651 0.000000
652 0.000000
653 0.000001
654 0.000000
655 0.000000
656 0.000000
657 0.000000
658 0.000000
659 0.000000
660 0.000000
661 0.000000
662 0.000000
663 0.000000
664 0.000000
665 0.000003
666 0.000144
667 0.000199
668 0.000396
669 0.000000
670 0.000000
671 0.000000
672 0.000000
673 0.010000
674 0.010000
675 0.010000
676 0.008256
677 0.003197
678 0.000027
679 0.000008
680 0.000014
681 0.000048
682 0.000040
683 0.000003
684 0.000001
685 0.000001
686 0.000001
687 0.000001
688 0.000001
689 0.000005
690 0.000017
691 0.000007
692 0.000017
693 0.000135
694 0.000154
695 0.000203
696 0.000000
697 0.000000
698 0.000000
699 0.000000
700 0.000000
701 0.000000
702 0.010000
703 0.010000
704 0.003995
705 0.001614
706 0.000660
707 0.000627
708 0.000566
709 0.000451
710 0.000130
711 0.000010
712 0.000001
713 0.000001
714 0.000001
715 0.000001
716 0.000002
717 0.000009
718 0.000095
719 0.000102
720 0.000109
721 0.000144
722 0.000191
723 0.000000
724 0.000000
725 0.000000
726 0.000000
727 0.000000
728 0.000000
729 0.000000
730 0.000000
731 0.000000
732 0.002050
733 0.000860
734 0.000695
735 0.000660
736 0.000627
737 0.000502
738 0.000451
739 0.000033
740 0.000004
741 0.000001
742 0.000001
743 0.000001
744 0.000004
745 0.000026
746 0.000102
747 0.000135
748 0.000144
749 0.000191
750 0.000000
751 0.000000
752 0.000000
753 0.000000
754 0.000000
755 0.000000
756 0.000000
757 0.000000
758 0.000000
759 0.000000
760 0.000000
761 0.000903
762 0.000860
763 0.000695
764 0.000660
765 0.000627
766 0.000596
767 0.000116
768 0.000009
769 0.000002
770 0.000002
771 0.000002
772 0.000010
773 0.000074
774 0.000102
775 0.000117
776 0.000154
777 0.000000
778 0.000050
779 0.000034
780 0.000000
781 0.000000
782 0.000000
783 0.000000
