0 0.007681
1 0.007685
2 0.007506
3 0.007720
4 0.005593
5 0.003406
6 0.002143
7 0.001740
8 0.000400
9 0.000145
10 0.000305
11 0.000932
12 0.001130
13 0.000381
14 0.000092
15 0.000047
16 0.000038
17 0.000030
18 0.000123
19 0.000518
20 0.001205
21 0.001261
22 0.001527
23 0.001593
24 0.001444
25 0.001568
26 0.002451
27 0.003704
28 0.007679
29 0.007682
30 0.007505
31 0.007507
32 0.007568
33 0.005650
34 0.003370
35 0.001274
36 0.000158
37 0.000121
38 0.000379
39 0.001129
40 0.000848
41 0.000194
42 0.000057
43 0.000034
44 0.000027
45 0.000030
46 0.000050
47 0.000296
48 0.000988
49 0.001205
50 0.000012
51 0.000001
52 0.001493
53 0.002370
54 0.003693
55 0.005574
56 0.008450
57 0.007680
58 0.007502
59 0.007507
60 0.007509
61 0.008039
62 0.005522
63 0.001296
64 0.000146
65 0.000133
66 0.000877
67 0.000893
68 0.000361
69 0.000067
70 0.000028
71 0.000024
72 0.000023
73 0.000021
74 0.000025
75 0.000116
76 0.000012
77 0.000001
78 0.000001
79 0.000001
80 0.000001
81 0.003930
82 0.005858
83 0.007250
84 0.009306
85 0.008452
86 0.007681
87 0.007328
88 0.007333
89 0.007334
90 0.009490
91 0.000938
92 0.000269
93 0.000275
94 0.000899
95 0.001009
96 0.000166
97 0.000045
98 0.000022
99 0.000018
100 0.000019
101 0.000007
102 0.000001
103 0.000001
104 0.000001
105 0.000001
106 0.000001
107 0.000001
108 0.000001
109 0.006490
110 0.007794
111 0.005985
112 0.010007
113 0.009308
114 0.008454
115 0.007683
116 0.000001
117 0.000000
118 0.000000
119 0.000001
120 0.000010
121 0.001083
122 0.001269
123 0.000668
124 0.000072
125 0.000019
126 0.000015
127 0.000002
128 0.000001
129 0.000001
130 0.000001
131 0.000001
132 0.000001
133 0.000001
134 0.000001
135 0.000001
136 0.000120
137 0.008119
138 0.005738
139 0.005979
140 0.010003
141 0.010007
142 0.009309
143 0.008660
144 0.000006
145 0.000001
146 0.000000
147 0.000000
148 0.000000
149 0.000001
150 0.000005
151 0.000002
152 0.000002
153 0.000001
154 0.000001
155 0.000001
156 0.000001
157 0.000001
158 0.000001
159 0.000000
160 0.000001
161 0.000001
162 0.000001
163 0.000001
164 0.009700
165 0.005503
166 0.005733
167 0.005728
168 0.006981
169 0.009304
170 0.010007
171 0.009537
172 0.000797
173 0.000046
174 0.000001
175 0.000000
176 0.000000
177 0.000001
178 0.000000
179 0.000000
180 0.000000
181 0.000000
182 0.000001
183 0.000001
184 0.000001
185 0.000001
186 0.000000
187 0.000001
188 0.000001
189 0.000001
190 0.000001
191 0.000007
192 0.005503
193 0.005498
194 0.004246
195 0.003512
196 0.005263
197 0.006502
198 0.008055
199 0.010007
200 0.000870
201 0.000626
202 0.000026
203 0.000001
204 0.000001
205 0.000001
206 0.000000
207 0.000000
208 0.000001
209 0.000001
210 0.000000
211 0.000000
212 0.000000
213 0.000000
214 0.000000
215 0.000001
216 0.000001
217 0.000001
218 0.000001
219 0.000132
220 0.005799
221 0.003914
222 0.002930
223 0.002158
224 0.003986
225 0.004577
226 0.005646
227 0.007498
228 0.009307
229 0.000217
230 0.000007
231 0.000013
232 0.000012
233 0.000004
234 0.000001
235 0.000001
236 0.000001
237 0.000001
238 0.000000
239 0.000000
240 0.000000
241 0.000000
242 0.000001
243 0.000001
244 0.000001
245 0.000001
246 0.000001
247 0.000686
248 0.000611
249 0.000536
250 0.000556
251 0.000534
252 0.004266
253 0.003755
254 0.003986
255 0.003550
256 0.001719
257 0.000015
258 0.000012
259 0.000137
260 0.000839
261 0.000068
262 0.000002
263 0.000001
264 0.000001
265 0.000000
266 0.000000
267 0.000000
268 0.000000
269 0.000001
270 0.000001
271 0.000001
272 0.000001
273 0.000001
274 0.000001
275 0.000094
276 0.000086
277 0.000080
278 0.000090
279 0.000140
280 0.004055
281 0.001708
282 0.001219
283 0.001024
284 0.001293
285 0.000009
286 0.000011
287 0.999974
288 0.001091
289 0.000014
290 0.000001
291 0.000001
292 0.000001
293 0.000001
294 0.000000
295 0.000000
296 0.000001
297 0.000001
298 0.000001
299 0.000001
300 0.000001
301 0.000001
302 0.000001
303 0.000054
304 0.000041
305 0.000045
306 0.000052
307 0.000069
308 0.001126
309 0.001197
310 0.001241
311 0.001110
312 0.000333
313 0.000087
314 0.000011
315 0.000357
316 0.000106
317 0.000002
318 0.000001
319 0.000001
320 0.000001
321 0.000001
322 0.000001
323 0.000001
324 0.000001
325 0.000001
326 0.000001
327 0.000001
328 0.000001
329 0.000000
330 0.000001
331 0.000005
332 0.000034
333 0.000042
334 0.000067
335 0.000143
336 0.000674
337 0.000915
338 0.001936
339 0.002889
340 0.000092
341 0.000012
342 0.000003
343 0.000009
344 0.000005
345 0.000001
346 0.000001
347 0.000001
348 0.000001
349 0.000001
350 0.000001
351 0.000003
352 0.000003
353 0.000002
354 0.000001
355 0.000001
356 0.000001
357 0.000000
358 0.000001
359 0.000001
360 0.000046
361 0.000083
362 0.000161
363 0.000249
364 0.001022
365 0.001176
366 0.001457
367 0.000770
368 0.000005
369 0.000002
370 0.000013
371 0.000001
372 0.000001
373 0.000001
374 0.000001
375 0.000001
376 0.000001
377 0.000002
378 0.000024
379 0.000500
380 0.000036
381 0.000001
382 0.000001
383 0.000001
384 0.000000
385 0.000001
386 0.000001
387 0.000001
388 0.000034
389 0.000224
390 0.000333
391 0.000451
392 0.000694
393 0.000472
394 0.000178
395 0.000012
396 0.000001
397 0.000001
398 0.000004
399 0.000001
400 0.000001
401 0.000001
402 0.000001
403 0.000001
404 0.000001
405 0.000009
406 0.000719
407 0.999950
408 0.000049
409 0.000002
410 0.000001
411 0.000001
412 0.000001
413 0.000001
414 0.000001
415 0.000001
416 0.000012
417 0.000427
418 0.000439
419 0.000444
420 0.000280
421 0.000086
422 0.000037
423 0.000001
424 0.000001
425 0.000001
426 0.000001
427 0.000001
428 0.000001
429 0.000001
430 0.000001
431 0.000002
432 0.000005
433 0.000152
434 0.000589
435 0.000058
436 0.000022
437 0.000005
438 0.000002
439 0.000001
440 0.000001
441 0.000001
442 0.000001
443 0.000001
444 0.000002
445 0.000446
446 0.000388
447 0.000270
448 0.000110
449 0.000032
450 0.000015
451 0.000001
452 0.000001
453 0.000001
454 0.000001
455 0.000001
456 0.000001
457 0.000001
458 0.000002
459 0.000006
460 0.000090
461 0.000094
462 0.000038
463 0.000004
464 0.000004
465 0.000012
466 0.000003
467 0.000001
468 0.000001
469 0.000001
470 0.000001
471 0.000001
472 0.000001
473 0.000054
474 0.000139
475 0.000165
476 0.000172
477 0.000083
478 0.000011
479 0.000001
480 0.000001
481 0.000001
482 0.000001
483 0.000001
484 0.000001
485 0.000001
486 0.000002
487 0.000012
488 0.000024
489 0.000042
490 0.000004
491 0.000003
492 0.000007
493 0.000011
494 0.000004
495 0.000003
496 0.000002
497 0.000001
498 0.000001
499 0.000001
500 0.000001
501 0.000005
502 0.000175
503 0.000256
504 0.000857
505 0.000436
506 0.000010
507 0.000001
508 0.000001
509 0.000001
510 0.000001
511 0.000001
512 0.000001
513 0.000001
514 0.000001
515 0.000003
516 0.000003
517 0.000003
518 0.000009
519 0.000048
520 0.000194
521 0.000036
522 0.000003
523 0.000004
524 0.000004
525 0.000001
526 0.000001
527 0.000001
528 0.000001
529 0.000004
530 0.000565
531 0.001307
532 0.000807
533 0.000735
534 0.000014
535 0.000003
536 0.000001
537 0.000001
538 0.000001
539 0.000001
540 0.000001
541 0.000001
542 0.000001
543 0.000001
544 0.000002
545 0.000003
546 0.000008
547 0.000199
548 0.999965
549 0.000023
550 0.000002
551 0.000002
552 0.000003
553 0.000001
554 0.000001
555 0.000001
556 0.000001
557 0.000044
558 0.001737
559 0.001391
560 0.000978
561 0.000936
562 0.000010
563 0.000002
564 0.000001
565 0.000001
566 0.000001
567 0.000001
568 0.000001
569 0.000001
570 0.000001
571 0.000003
572 0.000003
573 0.000003
574 0.000003
575 0.000005
576 0.000006
577 0.000003
578 0.000003
579 0.000004
580 0.000005
581 0.000004
582 0.000004
583 0.000005
584 0.000054
585 0.004826
586 0.003023
587 0.002146
588 0.001181
589 0.000978
590 0.000073
591 0.000002
592 0.000001
593 0.000001
594 0.000001
595 0.000001
596 0.000003
597 0.000005
598 0.000006
599 0.000008
600 0.000004
601 0.000002
602 0.000001
603 0.000001
604 0.000001
605 0.000001
606 0.000003
607 0.000128
608 0.000051
609 0.000022
610 0.000009
611 0.000142
612 0.009655
613 0.007742
614 0.005401
615 0.003761
616 0.001285
617 0.001181
618 0.000978
619 0.000117
620 0.000003
621 0.000001
622 0.000001
623 0.000008
624 0.000043
625 0.000109
626 0.000052
627 0.000005
628 0.000006
629 0.000004
630 0.000004
631 0.000003
632 0.000001
633 0.000001
634 0.000001
635 0.000008
636 0.000087
637 0.000192
638 0.000387
639 0.010015
640 0.010013
641 0.010007
642 0.000001
643 0.000001
644 0.001340
645 0.001285
646 0.001232
647 0.001023
648 0.000424
649 0.000033
650 0.000028
651 0.000045
652 0.000167
653 0.000061
654 0.000024
655 0.000021
656 0.000212
657 0.005737
658 0.010053
659 0.000315
660 0.000007
661 0.000002
662 0.000003
663 0.000004
664 0.000021
665 0.000429
666 0.009520
667 0.009463
668 0.010014
669 0.000001
670 0.000001
671 0.000001
672 0.000001
673 0.001340
674 0.001285
675 0.001071
676 0.001233
677 0.002155
678 0.000619
679 0.000163
680 0.000405
681 0.001169
682 0.001522
683 0.000911
684 0.001401
685 0.011391
686 0.010040
687 0.002349
688 0.000389
689 0.000919
690 0.001920
691 0.000880
692 0.002012
693 0.009604
694 0.009459
695 0.009427
696 0.000001
697 0.000001
698 0.000001
699 0.000001
700 0.000001
701 0.000001
702 0.001341
703 0.001296
704 0.002225
705 0.004733
706 0.008631
707 0.010026
708 0.010016
709 0.007022
710 0.001710
711 0.000975
712 0.002373
713 0.007384
714 0.006719
715 0.001385
716 0.000426
717 0.001838
718 0.010001
719 0.010001
720 0.010005
721 0.010006
722 0.009459
723 0.000001
724 0.000001
725 0.000001
726 0.000001
727 0.000001
728 0.000001
729 0.000001
730 0.000001
731 0.000001
732 0.004104
733 0.008621
734 0.010023
735 0.010020
736 0.010004
737 0.003709
738 0.003652
739 0.001484
740 0.003944
741 0.004810
742 0.003804
743 0.000859
744 0.000798
745 0.003525
746 0.010006
747 0.010000
748 0.010002
749 0.010006
750 0.000002
751 0.000001
752 0.000001
753 0.000002
754 0.000001
755 0.000001
756 0.000001
757 0.000001
758 0.000001
759 0.000001
760 0.000001
761 0.010019
762 0.010021
763 0.010008
764 0.006134
765 0.003018
766 0.003911
767 0.004828
768 0.003144
769 0.003689
770 0.002287
771 0.000662
772 0.001477
773 0.006651
774 0.010009
775 0.010003
776 0.010000
777 0.000001
778 0.000530
779 0.000327
780 0.000002
781 0.000001
782 0.000002
783 0.000001
