0 0.002073
1 0.001962
2 0.001610
3 0.001760
4 0.001432
5 0.001158
6 0.001024
7 0.000963
8 0.000135
9 0.000017
10 0.000012
11 0.000010
12 0.000011
13 0.000010
14 0.000010
15 0.000009
16 0.000007
17 0.000008
18 0.000122
19 0.003106
20 0.012984
21 0.007320
22 0.003492
23 0.002410
24 0.001546
25 0.001151
26 0.001064
27 0.001125
28 0.001858
29 0.001858
30 0.001519
31 0.001432
32 0.001351
33 0.001204
34 0.000963
35 0.000523
36 0.000040
37 0.000007
38 0.000006
39 0.000007
40 0.000007
41 0.000008
42 0.000007
43 0.000006
44 0.000005
45 0.000016
46 0.000138
47 0.002246
48 0.007820
49 0.003598
50 0.000000
51 0.000000
52 0.001059
53 0.000953
54 0.000842
55 0.001064
56 0.002668
57 0.001667
58 0.001432
59 0.001351
60 0.001204
61 0.000963
62 0.000905
63 0.000179
64 0.000016
65 0.000004
66 0.000006
67 0.000004
68 0.000004
69 0.000004
70 0.000004
71 0.000004
72 0.000010
73 0.000039
74 0.000124
75 0.000675
76 0.000000
77 0.000000
78 0.000000
79 0.000000
80 0.000000
81 0.000749
82 0.000953
83 0.000842
84 0.003809
85 0.002350
86 0.001418
87 0.001024
88 0.000963
89 0.000906
90 0.000802
91 0.000054
92 0.000005
93 0.000003
94 0.000003
95 0.000003
96 0.000003
97 0.000004
98 0.000003
99 0.000005
100 0.000022
101 0.000016
102 0.000000
103 0.000000
104 0.000000
105 0.000000
106 0.000000
107 0.000000
108 0.000000
109 0.000706
110 0.000749
111 0.000953
112 0.004856
113 0.003486
114 0.002002
115 0.001210
116 0.000000
117 0.000000
118 0.000000
119 0.000000
120 0.000000
121 0.000001
122 0.000002
123 0.000002
124 0.000003
125 0.000002
126 0.000004
127 0.000000
128 0.000000
129 0.000000
130 0.000000
131 0.000000
132 0.000000
133 0.000000
134 0.000000
135 0.000000
136 0.000002
137 0.000549
138 0.000706
139 0.000980
140 0.004856
141 0.004580
142 0.003143
143 0.002115
144 0.000000
145 0.000000
146 0.000000
147 0.000000
148 0.000000
149 0.000000
150 0.000000
151 0.000000
152 0.000000
153 0.000000
154 0.000000
155 0.000000
156 0.000000
157 0.000000
158 0.000000
159 0.000000
160 0.000000
161 0.000000
162 0.000000
163 0.000000
164 0.000559
165 0.000516
166 0.000723
167 0.000767
168 0.004857
169 0.004581
170 0.004581
171 0.003450
172 0.000003
173 0.000000
174 0.000000
175 0.000000
176 0.000000
177 0.000000
178 0.000000
179 0.000000
180 0.000000
181 0.000000
182 0.000000
183 0.000000
184 0.000000
185 0.000000
186 0.000000
187 0.000000
188 0.000000
189 0.000000
190 0.000000
191 0.000000
192 0.000455
193 0.000495
194 0.000527
195 0.001149
196 0.006152
197 0.005151
198 0.004322
199 0.004322
200 0.000164
201 0.000000
202 0.000000
203 0.000000
204 0.000000
205 0.000000
206 0.000000
207 0.000000
208 0.000000
209 0.000000
210 0.000000
211 0.000000
212 0.000000
213 0.000000
214 0.000000
215 0.000000
216 0.000000
217 0.000000
218 0.000000
219 0.000001
220 0.000466
221 0.000568
222 0.000982
223 0.001745
224 0.008317
225 0.006531
226 0.005464
227 0.004322
228 0.004079
229 0.000004
230 0.000000
231 0.000000
232 0.000000
233 0.000000
234 0.000000
235 0.000000
236 0.000000
237 0.000000
238 0.000000
239 0.000000
240 0.000000
241 0.000000
242 0.000000
243 0.000000
244 0.000000
245 0.000000
246 0.000000
247 0.000009
248 0.000028
249 0.000086
250 0.000289
251 0.000750
252 0.010000
253 0.008841
254 0.007366
255 0.002793
256 0.000312
257 0.000000
258 0.000000
259 0.000000
260 0.000000
261 0.000000
262 0.000000
263 0.000000
264 0.000000
265 0.000000
266 0.000000
267 0.000000
268 0.000000
269 0.000000
270 0.000000
271 0.000000
272 0.000000
273 0.000000
274 0.000000
275 0.000002
276 0.000006
277 0.000023
278 0.000065
279 0.000121
280 0.010002
281 0.002605
282 0.000883
283 0.000182
284 0.000051
285 0.000000
286 0.000000
287 0.000000
288 0.000000
289 0.000000
290 0.000000
291 0.000000
292 0.000000
293 0.000000
294 0.000000
295 0.000000
296 0.000000
297 0.000000
298 0.000000
299 0.000000
300 0.000000
301 0.000000
302 0.000000
303 0.000006
304 0.000014
305 0.000033
306 0.000037
307 0.000045
308 0.005381
309 0.001565
310 0.000129
311 0.000055
312 0.000002
313 0.000000
314 0.000000
315 0.000000
316 0.000000
317 0.000000
318 0.000000
319 0.000000
320 0.000000
321 0.000000
322 0.000000
323 0.000000
324 0.000000
325 0.000000
326 0.000000
327 0.000000
328 0.000000
329 0.000000
330 0.000000
331 0.000002
332 0.000033
333 0.000033
334 0.000043
335 0.000038
336 0.000440
337 0.000526
338 0.000687
339 0.000283
340 0.000000
341 0.000000
342 0.000000
343 0.000000
344 0.000000
345 0.000000
346 0.000000
347 0.000001
348 0.000000
349 0.000000
350 0.000000
351 0.000000
352 0.000000
353 0.000000
354 0.000000
355 0.000000
356 0.000000
357 0.000000
358 0.000000
359 0.000000
360 0.000033
361 0.000029
362 0.000021
363 0.000015
364 0.000028
365 0.000190
366 0.000164
367 0.000237
368 0.000000
369 0.000000
370 0.000000
371 0.000000
372 0.000000
373 0.000000
374 0.000001
375 0.000003
376 0.000000
377 0.000000
378 0.000000
379 0.000000
380 0.000000
381 0.000000
382 0.000000
383 0.000000
384 0.000000
385 0.000000
386 0.000000
387 0.000000
388 0.000003
389 0.000013
390 0.000008
391 0.000006
392 0.000005
393 0.000003
394 0.000004
395 0.000003
396 0.000000
397 0.000000
398 0.000000
399 0.000000
400 0.000001
401 0.000024
402 0.000033
403 0.000000
404 0.000000
405 0.000000
406 0.000000
407 0.000000
408 0.000000
409 0.000000
410 0.000000
411 0.000000
412 0.000000
413 0.000000
414 0.000000
415 0.000000
416 0.000000
417 0.000004
418 0.000004
419 0.000004
420 0.000003
421 0.000002
422 0.000001
423 0.000000
424 0.000000
425 0.000000
426 0.000000
427 0.000000
428 0.000877
429 0.999997
430 0.000004
431 0.000000
432 0.000000
433 0.000000
434 0.000000
435 0.000000
436 0.000000
437 0.000000
438 0.000000
439 0.000000
440 0.000000
441 0.000000
442 0.000000
443 0.000000
444 0.000000
445 0.000002
446 0.000003
447 0.000004
448 0.000005
449 0.000002
450 0.000001
451 0.000000
452 0.000000
453 0.000000
454 0.000000
455 0.000002
456 0.000703
457 0.000272
458 0.000006
459 0.000000
460 0.000000
461 0.000000
462 0.000000
463 0.000001
464 0.000005
465 0.000000
466 0.000000
467 0.000000
468 0.000000
469 0.000000
470 0.000000
471 0.000000
472 0.000000
473 0.000000
474 0.000003
475 0.000007
476 0.000025
477 0.000010
478 0.000001
479 0.000000
480 0.000000
481 0.000000
482 0.000000
483 0.000001
484 0.000001
485 0.000000
486 0.000000
487 0.000000
488 0.000000
489 0.000000
490 0.000008
491 0.999996
492 0.000092
493 0.000000
494 0.000000
495 0.000000
496 0.000000
497 0.000000
498 0.000000
499 0.000000
500 0.000000
501 0.000000
502 0.000014
503 0.000035
504 0.000209
505 0.000096
506 0.000003
507 0.000000
508 0.000000
509 0.000000
510 0.000000
511 0.000000
512 0.000000
513 0.000000
514 0.000000
515 0.000000
516 0.000000
517 0.000001
518 0.000297
519 0.022574
520 0.000160
521 0.000000
522 0.000000
523 0.000000
524 0.000000
525 0.000000
526 0.000000
527 0.000000
528 0.000000
529 0.000000
530 0.000096
531 0.000288
532 0.000221
533 0.000890
534 0.000008
535 0.000000
536 0.000000
537 0.000001
538 0.000002
539 0.000000
540 0.000000
541 0.000000
542 0.000000
543 0.000000
544 0.000000
545 0.000000
546 0.000001
547 0.000014
548 0.000001
549 0.000000
550 0.000000
551 0.000000
552 0.000000
553 0.000000
554 0.000000
555 0.000000
556 0.000000
557 0.000002
558 0.000288
559 0.000305
560 0.001631
561 0.004181
562 0.000031
563 0.000000
564 0.000004
565 0.000019
566 0.000000
567 0.000000
568 0.000000
569 0.000000
570 0.000000
571 0.000000
572 0.000000
573 0.000000
574 0.000000
575 0.000000
576 0.000000
577 0.000000
578 0.000000
579 0.000002
580 0.000000
581 0.000000
582 0.000000
583 0.000000
584 0.000001
585 0.000288
586 0.000305
587 0.000386
588 0.005447
589 0.014146
590 0.000360
591 0.000015
592 0.000025
593 0.000002
594 0.000000
595 0.000000
596 0.000000
597 0.000000
598 0.000000
599 0.000000
600 0.000000
601 0.000000
602 0.000000
603 0.000000
604 0.000000
605 0.000000
606 0.000001
607 0.000451
608 0.000655
609 0.000005
610 0.000001
611 0.000001
612 0.000272
613 0.000288
614 0.000366
615 0.000386
616 0.017701
617 0.010004
618 0.010003
619 0.000284
620 0.000016
621 0.000000
622 0.000000
623 0.000000
624 0.000000
625 0.000000
626 0.000000
627 0.000000
628 0.000000
629 0.000001
630 0.000000
631 0.000000
632 0.000000
633 0.000000
634 0.000000
635 0.000017
636 0.000098
637 0.000226
638 0.000008
639 0.000486
640 0.000288
641 0.000366
642 0.000000
643 0.000000
644 0.010004
645 0.010003
646 0.004615
647 0.001321
648 0.000170
649 0.000000
650 0.000000
651 0.000000
652 0.000000
653 0.000000
654 0.000000
655 0.000011
656 0.000465
657 0.112656
658 0.002978
659 0.000000
660 0.000000
661 0.000000
662 0.000000
663 0.000001
664 0.000005
665 0.000095
666 0.003168
667 0.001380
668 0.000647
669 0.000000
670 0.000000
671 0.000000
672 0.000000
673 0.004766
674 0.001801
675 0.000556
676 0.000338
677 0.000255
678 0.000001
679 0.000001
680 0.000002
681 0.000047
682 0.001064
683 0.002512
684 0.018972
685 0.041688
686 0.003384
687 0.000008
688 0.000001
689 0.000005
690 0.000062
691 0.000086
692 0.000747
693 0.010003
694 0.007959
695 0.003294
696 0.000000
697 0.000000
698 0.000000
699 0.000000
700 0.000000
701 0.000000
702 0.000770
703 0.000384
704 0.000360
705 0.000338
706 0.000255
707 0.000239
708 0.000684
709 0.002408
710 0.004732
711 0.002648
712 0.034207
713 0.016671
714 0.000491
715 0.000031
716 0.000010
717 0.000025
718 0.000287
719 0.000832
720 0.002533
721 0.007922
722 0.010003
723 0.000000
724 0.000000
725 0.000000
726 0.000000
727 0.000000
728 0.000000
729 0.000000
730 0.000000
731 0.000000
732 0.000384
733 0.000360
734 0.000272
735 0.000497
736 0.002014
737 0.007527
738 0.010003
739 0.007910
740 0.019003
741 0.004968
742 0.000084
743 0.000060
744 0.000068
745 0.000169
746 0.000365
747 0.000471
748 0.001361
749 0.004086
750 0.000000
751 0.000000
752 0.000000
753 0.000000
754 0.000000
755 0.000000
756 0.000000
757 0.000000
758 0.000000
759 0.000000
760 0.000000
761 0.000384
762 0.000447
763 0.001321
764 0.004469
765 0.010002
766 0.010004
767 0.033981
768 0.008276
769 0.000438
770 0.000095
771 0.000087
772 0.000364
773 0.001192
774 0.000659
775 0.000278
776 0.000629
777 0.000000
778 0.000142
779 0.000152
780 0.000001
781 0.000000
782 0.000000
783 0.000000
