0 0.010001
1 0.010003
2 0.012944
3 0.014170
4 0.011691
5 0.007882
6 0.005283
7 0.004809
8 0.000729
9 0.000087
10 0.000049
11 0.000043
12 0.000046
13 0.000097
14 0.000267
15 0.000576
16 0.000451
17 0.000135
18 0.000185
19 0.000442
20 0.001017
21 0.001068
22 0.001314
23 0.001375
24 0.001237
25 0.001299
26 0.001578
27 0.001653
28 0.006481
29 0.010001
30 0.010003
31 0.012945
32 0.013518
33 0.011133
34 0.006735
35 0.003458
36 0.000414
37 0.000062
38 0.000037
39 0.000032
40 0.000044
41 0.000142
42 0.000502
43 0.000562
44 0.000202
45 0.000058
46 0.000045
47 0.000255
48 0.000820
49 0.001017
50 0.000040
51 0.000001
52 0.001177
53 0.001440
54 0.001299
55 0.001578
56 0.004593
57 0.006286
58 0.008860
59 0.010003
60 0.012946
61 0.012890
62 0.010597
63 0.002022
64 0.000249
65 0.000062
66 0.000050
67 0.000025
68 0.000054
69 0.000211
70 0.000579
71 0.000301
72 0.000072
73 0.000025
74 0.000023
75 0.000101
76 0.000034
77 0.000003
78 0.000001
79 0.000001
80 0.000001
81 0.001177
82 0.001440
83 0.001299
84 0.002871
85 0.003883
86 0.005400
87 0.008757
88 0.010003
89 0.014067
90 0.012892
91 0.001365
92 0.000144
93 0.000076
94 0.000046
95 0.000047
96 0.000078
97 0.000471
98 0.000521
99 0.000121
100 0.000032
101 0.000007
102 0.000001
103 0.000006
104 0.000001
105 0.000001
106 0.000001
107 0.000001
108 0.000003
109 0.001121
110 0.001177
111 0.001440
112 0.002465
113 0.002360
114 0.003135
115 0.005102
116 0.000001
117 0.000001
118 0.000000
119 0.000000
120 0.000001
121 0.000027
122 0.000068
123 0.000117
124 0.000356
125 0.000570
126 0.000193
127 0.000004
128 0.000001
129 0.000002
130 0.000002
131 0.000001
132 0.000001
133 0.000001
134 0.000001
135 0.000001
136 0.000048
137 0.000909
138 0.001121
139 0.001376
140 0.002360
141 0.002007
142 0.001830
143 0.002574
144 0.000001
145 0.000001
146 0.000001
147 0.000001
148 0.000000
149 0.000000
150 0.000000
151 0.000001
152 0.000011
153 0.000003
154 0.000004
155 0.000001
156 0.000003
157 0.000001
158 0.000001
159 0.000001
160 0.000000
161 0.000001
162 0.000001
163 0.000007
164 0.000923
165 0.000863
166 0.001068
167 0.001144
168 0.002007
169 0.001830
170 0.001747
171 0.001593
172 0.000001
173 0.000001
174 0.000002
175 0.000003
176 0.000001
177 0.000001
178 0.000000
179 0.000000
180 0.000001
181 0.000001
182 0.000001
183 0.000001
184 0.000001
185 0.000001
186 0.000001
187 0.000000
188 0.000000
189 0.000001
190 0.000003
191 0.000023
192 0.000740
193 0.000779
194 0.000875
195 0.002150
196 0.001830
197 0.001747
198 0.001464
199 0.001327
200 0.000012
201 0.000000
202 0.000001
203 0.000002
204 0.000006
205 0.000002
206 0.000001
207 0.000001
208 0.000001
209 0.000001
210 0.000001
211 0.000001
212 0.000001
213 0.000000
214 0.000000
215 0.000000
216 0.000001
217 0.000001
218 0.000003
219 0.000019
220 0.000747
221 0.001253
222 0.002065
223 0.003741
224 0.001747
225 0.001464
226 0.001327
227 0.001264
228 0.000992
229 0.000001
230 0.000000
231 0.000001
232 0.000001
233 0.000074
234 0.000043
235 0.000033
236 0.000004
237 0.000001
238 0.000001
239 0.000000
240 0.000000
241 0.000000
242 0.000000
243 0.000000
244 0.000001
245 0.000001
246 0.000001
247 0.000031
248 0.000121
249 0.000334
250 0.000997
251 0.002242
252 0.001668
253 0.001327
254 0.001264
255 0.000785
256 0.000221
257 0.000001
258 0.000001
259 0.000001
260 0.000001
261 0.000006
262 0.999980
263 0.000226
264 0.000003
265 0.000001
266 0.000001
267 0.000000
268 0.000000
269 0.000000
270 0.000000
271 0.000001
272 0.000001
273 0.000001
274 0.000001
275 0.000013
276 0.000037
277 0.000133
278 0.000326
279 0.000389
280 0.001327
281 0.000530
282 0.000328
283 0.000521
284 0.000467
285 0.000001
286 0.000001
287 0.000001
288 0.000001
289 0.000002
290 0.000008
291 0.000015
292 0.000002
293 0.000001
294 0.000001
295 0.000001
296 0.000001
297 0.000001
298 0.000001
299 0.000001
300 0.000001
301 0.000001
302 0.000001
303 0.000037
304 0.000082
305 0.000125
306 0.000142
307 0.000152
308 0.000448
309 0.000838
310 0.000600
311 0.000464
312 0.000109
313 0.000004
314 0.000001
315 0.000001
316 0.000001
317 0.000001
318 0.000001
319 0.000001
320 0.000001
321 0.000001
322 0.000001
323 0.000001
324 0.000001
325 0.000001
326 0.000001
327 0.000001
328 0.000001
329 0.000001
330 0.000001
331 0.000019
332 0.000128
333 0.000127
334 0.000127
335 0.000139
336 0.001253
337 0.000888
338 0.001231
339 0.001417
340 0.000015
341 0.000001
342 0.000001
343 0.000001
344 0.000001
345 0.000001
346 0.000001
347 0.000001
348 0.000001
349 0.000001
350 0.000001
351 0.000001
352 0.000002
353 0.000001
354 0.000001
355 0.000001
356 0.000001
357 0.000001
358 0.000001
359 0.000003
360 0.000099
361 0.000106
362 0.000103
363 0.000092
364 0.005469
365 0.003642
366 0.001250
367 0.000656
368 0.000003
369 0.000001
370 0.000001
371 0.000001
372 0.000001
373 0.000001
374 0.000001
375 0.000001
376 0.000001
377 0.000001
378 0.000001
379 0.000002
380 0.000005
381 0.000007
382 0.000005
383 0.000002
384 0.000001
385 0.000001
386 0.000001
387 0.000001
388 0.000024
389 0.000086
390 0.000073
391 0.000083
392 0.005413
393 0.003900
394 0.002534
395 0.000122
396 0.000001
397 0.000001
398 0.000001
399 0.000001
400 0.000001
401 0.000001
402 0.000001
403 0.000001
404 0.000001
405 0.000001
406 0.000001
407 0.000002
408 0.000027
409 0.000435
410 0.000336
411 0.000007
412 0.000001
413 0.000001
414 0.000001
415 0.000001
416 0.000003
417 0.000062
418 0.000079
419 0.000059
420 0.005626
421 0.005213
422 0.002695
423 0.000013
424 0.000001
425 0.000001
426 0.000001
427 0.000001
428 0.000001
429 0.000001
430 0.000001
431 0.000001
432 0.000001
433 0.000001
434 0.000001
435 0.000002
436 0.000026
437 0.001166
438 0.999949
439 0.000163
440 0.000002
441 0.000001
442 0.000001
443 0.000001
444 0.000001
445 0.000063
446 0.000044
447 0.000035
448 0.004431
449 0.002061
450 0.000923
451 0.000002
452 0.000001
453 0.000001
454 0.000001
455 0.000001
456 0.000001
457 0.000001
458 0.000001
459 0.000001
460 0.000001
461 0.000001
462 0.000001
463 0.000001
464 0.000006
465 0.000094
466 0.000503
467 0.000441
468 0.000011
469 0.000001
470 0.000001
471 0.000001
472 0.000001
473 0.000010
474 0.000022
475 0.000026
476 0.002406
477 0.001164
478 0.000135
479 0.000001
480 0.000001
481 0.000001
482 0.000001
483 0.000001
484 0.000001
485 0.000001
486 0.000001
487 0.000001
488 0.000001
489 0.000001
490 0.000001
491 0.000001
492 0.000002
493 0.000006
494 0.000007
495 0.000068
496 0.000096
497 0.000007
498 0.000001
499 0.000001
500 0.000001
501 0.000003
502 0.000071
503 0.000093
504 0.001579
505 0.000951
506 0.000027
507 0.000001
508 0.000001
509 0.000001
510 0.000001
511 0.000001
512 0.000001
513 0.000001
514 0.000001
515 0.000002
516 0.000003
517 0.000002
518 0.000001
519 0.000001
520 0.000002
521 0.000002
522 0.000002
523 0.000002
524 0.000018
525 0.000010
526 0.000001
527 0.000001
528 0.000001
529 0.000009
530 0.000813
531 0.001239
532 0.001141
533 0.001052
534 0.000009
535 0.000001
536 0.000001
537 0.000001
538 0.000001
539 0.000001
540 0.000001
541 0.000001
542 0.000003
543 0.000054
544 0.000436
545 0.000012
546 0.000003
547 0.000001
548 0.000001
549 0.000001
550 0.000001
551 0.000001
552 0.000001
553 0.000016
554 0.000020
555 0.000003
556 0.000003
557 0.000190
558 0.004872
559 0.002949
560 0.001346
561 0.001295
562 0.000009
563 0.000001
564 0.000001
565 0.000001
566 0.000001
567 0.000001
568 0.000004
569 0.000021
570 0.000462
571 0.004889
572 0.999964
573 0.000065
574 0.000003
575 0.000002
576 0.000001
577 0.000001
578 0.000001
579 0.000001
580 0.000001
581 0.000006
582 0.000202
583 0.000162
584 0.000094
585 0.010001
586 0.009999
587 0.007048
588 0.001584
589 0.001346
590 0.000082
591 0.000001
592 0.000001
593 0.000001
594 0.000001
595 0.000031
596 0.000992
597 0.007094
598 0.000601
599 0.000076
600 0.000020
601 0.000007
602 0.000003
603 0.000002
604 0.000002
605 0.000001
606 0.000001
607 0.000001
608 0.000001
609 0.000002
610 0.000030
611 0.000771
612 0.010004
613 0.010001
614 0.010001
615 0.010000
616 0.001703
617 0.001584
618 0.001346
619 0.000137
620 0.000003
621 0.000005
622 0.000423
623 0.004084
624 0.025289
625 0.000283
626 0.000003
627 0.000002
628 0.000002
629 0.000008
630 0.000011
631 0.000014
632 0.000004
633 0.000001
634 0.000001
635 0.000001
636 0.000002
637 0.000003
638 0.000144
639 0.010008
640 0.010006
641 0.010004
642 0.000001
643 0.000001
644 0.001766
645 0.001703
646 0.001645
647 0.001414
648 0.001204
649 0.011934
650 0.013262
651 0.000267
652 0.000014
653 0.000030
654 0.000010
655 0.000002
656 0.000028
657 0.001570
658 0.006746
659 0.000551
660 0.000020
661 0.000004
662 0.000003
663 0.000007
664 0.000007
665 0.000054
666 0.003090
667 0.007273
668 0.010008
669 0.000001
670 0.000001
671 0.000001
672 0.000001
673 0.001769
674 0.001715
675 0.001487
676 0.001656
677 0.001437
678 0.000070
679 0.000052
680 0.000092
681 0.000904
682 0.002134
683 0.000129
684 0.000164
685 0.001706
686 0.010059
687 0.003572
688 0.000223
689 0.000087
690 0.000110
691 0.000058
692 0.000088
693 0.000759
694 0.001599
695 0.003825
696 0.000001
697 0.000001
698 0.000001
699 0.000001
700 0.000001
701 0.000001
702 0.001800
703 0.001767
704 0.001742
705 0.001724
706 0.002011
707 0.004338
708 0.008399
709 0.010014
710 0.002393
711 0.000318
712 0.000150
713 0.001253
714 0.006739
715 0.004826
716 0.000514
717 0.000196
718 0.000383
719 0.000403
720 0.000423
721 0.000548
722 0.000974
723 0.000001
724 0.000001
725 0.000001
726 0.000001
727 0.000001
728 0.000001
729 0.000001
730 0.000001
731 0.000001
732 0.001836
733 0.002045
734 0.003274
735 0.006085
736 0.010016
737 0.007461
738 0.003577
739 0.000629
740 0.000296
741 0.000743
742 0.003665
743 0.003641
744 0.001189
745 0.000731
746 0.000789
747 0.000499
748 0.000523
749 0.000644
750 0.000001
751 0.000001
752 0.000001
753 0.000001
754 0.000001
755 0.000001
756 0.000001
757 0.000001
758 0.000002
759 0.000002
760 0.000001
761 0.002991
762 0.005412
763 0.010016
764 0.010009
765 0.004918
766 0.003702
767 0.001703
768 0.000718
769 0.000539
770 0.001726
771 0.001847
772 0.002243
773 0.002703
774 0.001326
775 0.000616
776 0.000549
777 0.000004
778 0.000208
779 0.000190
780 0.000029
781 0.000001
782 0.000001
783 0.000001
