0 0.002961
1 0.004451
2 0.006172
3 0.010000
4 0.010000
5 0.009266
6 0.006851
7 0.004725
8 0.000983
9 0.000173
10 0.000088
11 0.000068
12 0.000071
13 0.000065
14 0.000061
15 0.000055
16 0.000044
17 0.000034
18 0.000208
19 0.001642
20 0.005980
21 0.006729
22 0.006943
23 0.010457
24 0.007071
25 0.005145
26 0.003090
27 0.003269
28 0.002531
29 0.002717
30 0.003732
31 0.006054
32 0.010000
33 0.010000
34 0.008589
35 0.004690
36 0.000715
37 0.000130
38 0.000080
39 0.000053
40 0.000049
41 0.000056
42 0.000050
43 0.000041
44 0.000031
45 0.000042
46 0.000131
47 0.001309
48 0.006529
49 0.006737
50 0.000002
51 0.000000
52 0.005499
53 0.003006
54 0.002929
55 0.003592
56 0.002700
57 0.002304
58 0.002235
59 0.003720
60 0.006608
61 0.010000
62 0.010000
63 0.003371
64 0.000548
65 0.000155
66 0.000107
67 0.000055
68 0.000031
69 0.000033
70 0.000032
71 0.000028
72 0.000030
73 0.000050
74 0.000092
75 0.000785
76 0.000014
77 0.000000
78 0.000000
79 0.000000
80 0.000000
81 0.002857
82 0.003592
83 0.004965
84 0.002580
85 0.002189
86 0.001906
87 0.002713
88 0.004741
89 0.006676
90 0.010000
91 0.002072
92 0.000377
93 0.000184
94 0.000109
95 0.000063
96 0.000035
97 0.000030
98 0.000026
99 0.000021
100 0.000036
101 0.000024
102 0.000000
103 0.000000
104 0.000000
105 0.000000
106 0.000000
107 0.000000
108 0.000000
109 0.003649
110 0.004965
111 0.006870
112 0.002184
113 0.002083
114 0.001805
115 0.002194
116 0.000000
117 0.000000
118 0.000000
119 0.000000
120 0.000001
121 0.000078
122 0.000171
123 0.000088
124 0.000050
125 0.000023
126 0.000018
127 0.000002
128 0.000000
129 0.000000
130 0.000000
131 0.000000
132 0.000000
133 0.000000
134 0.000000
135 0.000000
136 0.001804
137 0.005010
138 0.006566
139 0.006981
140 0.002083
141 0.001746
142 0.001578
143 0.001602
144 0.000000
145 0.000000
146 0.000000
147 0.000000
148 0.000000
149 0.000000
150 0.000000
151 0.000000
152 0.000001
153 0.000000
154 0.000000
155 0.000000
156 0.000000
157 0.000000
158 0.000000
159 0.000000
160 0.000000
161 0.000000
162 0.000000
163 0.000000
164 0.005461
165 0.006053
166 0.006398
167 0.005126
168 0.001746
169 0.001578
170 0.001500
171 0.001357
172 0.000001
173 0.000000
174 0.000000
175 0.000000
176 0.000000
177 0.000000
178 0.000000
179 0.000000
180 0.000000
181 0.000000
182 0.000000
183 0.000000
184 0.000000
185 0.000000
186 0.000000
187 0.000000
188 0.000000
189 0.000000
190 0.000000
191 0.000264
192 0.006054
193 0.005868
194 0.004233
195 0.003395
196 0.001578
197 0.001500
198 0.001237
199 0.001111
200 0.000061
201 0.000000
202 0.000000
203 0.000000
204 0.000001
205 0.000000
206 0.000000
207 0.000000
208 0.000000
209 0.000000
210 0.000000
211 0.000000
212 0.000000
213 0.000000
214 0.000000
215 0.000000
216 0.000000
217 0.000000
218 0.000000
219 0.001518
220 0.006041
221 0.004023
222 0.003507
223 0.003112
224 0.001500
225 0.001237
226 0.001111
227 0.001053
228 0.000808
229 0.000001
230 0.000000
231 0.000000
232 0.000000
233 0.000000
234 0.000000
235 0.000000
236 0.000000
237 0.000000
238 0.000000
239 0.000000
240 0.000000
241 0.000000
242 0.000000
243 0.000000
244 0.000000
245 0.000000
246 0.000000
247 0.000246
248 0.000347
249 0.000515
250 0.000647
251 0.000766
252 0.001429
253 0.001111
254 0.001053
255 0.000626
256 0.000142
257 0.000000
258 0.000000
259 0.000000
260 0.000000
261 0.000000
262 0.000000
263 0.000000
264 0.000002
265 0.000002
266 0.000008
267 0.000000
268 0.000000
269 0.000000
270 0.000000
271 0.000000
272 0.000000
273 0.000000
274 0.000001
275 0.000052
276 0.000066
277 0.000086
278 0.000112
279 0.000150
280 0.001468
281 0.000410
282 0.000219
283 0.000088
284 0.000054
285 0.000000
286 0.000000
287 0.000000
288 0.000000
289 0.000000
290 0.000000
291 0.000000
292 0.000049
293 0.999998
294 0.000230
295 0.000002
296 0.000000
297 0.000000
298 0.000000
299 0.000000
300 0.000000
301 0.000000
302 0.000001
303 0.000093
304 0.000065
305 0.000082
306 0.000071
307 0.000097
308 0.000631
309 0.000274
310 0.000090
311 0.000034
312 0.000004
313 0.000000
314 0.000000
315 0.000000
316 0.000000
317 0.000000
318 0.000000
319 0.000000
320 0.000092
321 0.000328
322 0.000050
323 0.000012
324 0.000000
325 0.000000
326 0.000000
327 0.000000
328 0.000000
329 0.000000
330 0.000000
331 0.000012
332 0.000108
333 0.000072
334 0.000102
335 0.000237
336 0.000867
337 0.000353
338 0.000151
339 0.000054
340 0.000001
341 0.000000
342 0.000000
343 0.000000
344 0.000000
345 0.000000
346 0.000000
347 0.000000
348 0.000000
349 0.000001
350 0.000009
351 0.000011
352 0.000006
353 0.000000
354 0.000000
355 0.000000
356 0.000000
357 0.000000
358 0.000000
359 0.000001
360 0.000077
361 0.000135
362 0.000220
363 0.000242
364 0.001164
365 0.000958
366 0.000308
367 0.000083
368 0.000000
369 0.000000
370 0.000000
371 0.000000
372 0.000000
373 0.000000
374 0.000000
375 0.000000
376 0.000000
377 0.000000
378 0.000001
379 0.000016
380 0.000003
381 0.000001
382 0.000000
383 0.000000
384 0.000000
385 0.000000
386 0.000000
387 0.000001
388 0.000083
389 0.000231
390 0.001161
391 0.002281
392 0.001922
393 0.000488
394 0.000272
395 0.000054
396 0.000001
397 0.000000
398 0.000000
399 0.000000
400 0.000000
401 0.000000
402 0.000000
403 0.000000
404 0.000000
405 0.000000
406 0.000000
407 0.000000
408 0.000003
409 0.000018
410 0.000005
411 0.000004
412 0.000002
413 0.000000
414 0.000000
415 0.000001
416 0.000179
417 0.006166
418 0.002517
419 0.001118
420 0.000537
421 0.000681
422 0.001027
423 0.000043
424 0.000002
425 0.000001
426 0.000001
427 0.000000
428 0.000000
429 0.000000
430 0.000000
431 0.000000
432 0.000000
433 0.000000
434 0.000000
435 0.000000
436 0.000000
437 0.000006
438 0.000378
439 0.000153
440 0.000005
441 0.000000
442 0.000001
443 0.000002
444 0.000046
445 0.007380
446 0.002765
447 0.000260
448 0.000252
449 0.000352
450 0.000956
451 0.000032
452 0.000003
453 0.000003
454 0.000002
455 0.000002
456 0.000002
457 0.000001
458 0.000000
459 0.000000
460 0.000000
461 0.000000
462 0.000000
463 0.000000
464 0.000000
465 0.000000
466 0.000025
467 0.999989
468 0.001898
469 0.000007
470 0.000000
471 0.000000
472 0.000005
473 0.000385
474 0.000362
475 0.000247
476 0.000401
477 0.000420
478 0.000575
479 0.000006
480 0.000001
481 0.000001
482 0.000003
483 0.000019
484 0.000007
485 0.000011
486 0.000028
487 0.000021
488 0.000003
489 0.000000
490 0.000000
491 0.000000
492 0.000000
493 0.000000
494 0.000036
495 0.027518
496 0.010727
497 0.000028
498 0.000000
499 0.000000
500 0.000000
501 0.000019
502 0.001584
503 0.002177
504 0.004730
505 0.005246
506 0.000193
507 0.000001
508 0.000000
509 0.000000
510 0.000001
511 0.000002
512 0.000005
513 0.000134
514 0.999998
515 0.013573
516 0.000041
517 0.000000
518 0.000000
519 0.000000
520 0.000000
521 0.000000
522 0.000001
523 0.000010
524 0.000298
525 0.000019
526 0.000000
527 0.000000
528 0.000000
529 0.000021
530 0.004821
531 0.010002
532 0.010001
533 0.010002
534 0.000223
535 0.000004
536 0.000001
537 0.000001
538 0.000000
539 0.000003
540 0.000006
541 0.000557
542 0.008097
543 0.002056
544 0.000144
545 0.000000
546 0.000000
547 0.000000
548 0.000000
549 0.000000
550 0.000000
551 0.000000
552 0.000000
553 0.000020
554 0.000051
555 0.000001
556 0.000001
557 0.000126
558 0.010002
559 0.010002
560 0.010002
561 0.010002
562 0.000193
563 0.000007
564 0.000003
565 0.000003
566 0.000014
567 0.000014
568 0.008209
569 0.001207
570 0.000089
571 0.000016
572 0.000000
573 0.000000
574 0.000000
575 0.000000
576 0.000000
577 0.000000
578 0.000000
579 0.000000
580 0.000000
581 0.000002
582 0.000308
583 0.000388
584 0.000075
585 0.010002
586 0.010001
587 0.010001
588 0.010001
589 0.010001
590 0.001023
591 0.000016
592 0.000002
593 0.000020
594 0.000070
595 0.036119
596 0.023953
597 0.001136
598 0.000009
599 0.000000
600 0.000000
601 0.000000
602 0.000000
603 0.000000
604 0.000000
605 0.000000
606 0.000000
607 0.000000
608 0.000000
609 0.000000
610 0.000020
611 0.001426
612 0.017049
613 0.010005
614 0.010002
615 0.010001
616 0.010001
617 0.008945
618 0.005039
619 0.000483
620 0.000042
621 0.000141
622 0.001320
623 0.002171
624 0.002869
625 0.000007
626 0.000002
627 0.000002
628 0.000001
629 0.000000
630 0.000000
631 0.000000
632 0.000000
633 0.000000
634 0.000000
635 0.000000
636 0.000000
637 0.000000
638 0.000035
639 0.004743
640 0.009380
641 0.016008
642 0.000000
643 0.000000
644 0.008430
645 0.005145
646 0.002663
647 0.002418
648 0.001840
649 0.000258
650 0.000098
651 0.000027
652 0.000021
653 0.000011
654 0.000002
655 0.000006
656 0.000063
657 0.000220
658 0.000108
659 0.000013
660 0.000003
661 0.000001
662 0.000000
663 0.000000
664 0.000000
665 0.000013
666 0.000618
667 0.002382
668 0.004620
669 0.000000
670 0.000000
671 0.000000
672 0.000000
673 0.002565
674 0.002336
675 0.003698
676 0.007408
677 0.010002
678 0.000265
679 0.000078
680 0.000060
681 0.000107
682 0.000278
683 0.000271
684 0.000324
685 0.000401
686 0.000373
687 0.000536
688 0.000485
689 0.000379
690 0.000054
691 0.000030
692 0.000073
693 0.000493
694 0.000542
695 0.000781
696 0.000000
697 0.000000
698 0.000000
699 0.000000
700 0.000000
701 0.000000
702 0.003858
703 0.006490
704 0.010002
705 0.009858
706 0.004896
707 0.002089
708 0.001029
709 0.000795
710 0.000364
711 0.000292
712 0.000284
713 0.000518
714 0.001283
715 0.001707
716 0.000813
717 0.000338
718 0.000384
719 0.000401
720 0.000421
721 0.000517
722 0.000633
723 0.000000
724 0.000000
725 0.000000
726 0.000000
727 0.000000
728 0.000000
729 0.000000
730 0.000000
731 0.000000
732 0.010001
733 0.005646
734 0.002736
735 0.001337
736 0.001049
737 0.000868
738 0.000793
739 0.000375
740 0.000366
741 0.000794
742 0.002784
743 0.004512
744 0.001433
745 0.000468
746 0.000406
747 0.000493
748 0.000517
749 0.000633
750 0.000000
751 0.000000
752 0.000000
753 0.000000
754 0.000000
755 0.000000
756 0.000000
757 0.000000
758 0.000017
759 0.000049
760 0.000000
761 0.003769
762 0.001842
763 0.001146
764 0.001090
765 0.001045
766 0.001001
767 0.000484
768 0.000388
769 0.001169
770 0.005825
771 0.007035
772 0.002270
773 0.000908
774 0.000409
775 0.000446
776 0.000542
777 0.000000
778 0.000030
779 0.000019
780 0.000001
781 0.000000
782 0.000000
783 0.000000
