0 0.003516
1 0.003387
2 0.002956
3 0.003142
4 0.002726
5 0.002891
6 0.004245
7 0.007829
8 0.002919
9 0.000745
10 0.000553
11 0.000359
12 0.000194
13 0.000097
14 0.000081
15 0.000077
16 0.000063
17 0.000051
18 0.000187
19 0.000716
20 0.002394
21 0.003940
22 0.008186
23 0.010006
24 0.009995
25 0.009671
26 0.005831
27 0.004128
28 0.003079
29 0.003262
30 0.002839
31 0.002726
32 0.002618
33 0.002416
34 0.002914
35 0.003290
36 0.001147
37 0.000480
38 0.000475
39 0.000479
40 0.000257
41 0.000130
42 0.000067
43 0.000057
44 0.000046
45 0.000050
46 0.000091
47 0.000641
48 0.003406
49 0.007068
50 0.000003
51 0.000000
52 0.009671
53 0.005714
54 0.003479
55 0.002645
56 0.003262
57 0.002839
58 0.002726
59 0.002618
60 0.002415
61 0.002065
62 0.002065
63 0.001063
64 0.000370
65 0.000289
66 0.000457
67 0.000468
68 0.000338
69 0.000148
70 0.000061
71 0.000040
72 0.000040
73 0.000037
74 0.000064
75 0.000500
76 0.000019
77 0.000000
78 0.000001
79 0.000000
80 0.000000
81 0.003322
82 0.002479
83 0.001940
84 0.003142
85 0.002726
86 0.002352
87 0.002156
88 0.002065
89 0.002024
90 0.002024
91 0.000344
92 0.000122
93 0.000161
94 0.000335
95 0.000385
96 0.000455
97 0.000269
98 0.000096
99 0.000031
100 0.000033
101 0.000018
102 0.000000
103 0.000000
104 0.000000
105 0.000001
106 0.000000
107 0.000000
108 0.000000
109 0.002048
110 0.001790
111 0.003460
112 0.002726
113 0.002618
114 0.002156
115 0.002065
116 0.000000
117 0.000000
118 0.000000
119 0.000000
120 0.000000
121 0.000022
122 0.000184
123 0.000341
124 0.000449
125 0.000436
126 0.000144
127 0.000004
128 0.000000
129 0.000000
130 0.000000
131 0.000000
132 0.000000
133 0.000001
134 0.000000
135 0.000000
136 0.000056
137 0.001615
138 0.003967
139 0.012358
140 0.002618
141 0.002252
142 0.002065
143 0.001978
144 0.000000
145 0.000000
146 0.000000
147 0.000000
148 0.000000
149 0.000000
150 0.000000
151 0.000000
152 0.000001
153 0.000001
154 0.000002
155 0.000000
156 0.000000
157 0.000000
158 0.000000
159 0.000000
160 0.000010
161 0.000001
162 0.000000
163 0.000000
164 0.001788
165 0.004690
166 0.014807
167 0.042980
168 0.002252
169 0.002065
170 0.001978
171 0.001815
172 0.000000
173 0.000000
174 0.000000
175 0.000000
176 0.000000
177 0.000000
178 0.000000
179 0.000000
180 0.000000
181 0.000000
182 0.000000
183 0.000000
184 0.000000
185 0.000000
186 0.000000
187 0.000060
188 0.000001
189 0.000000
190 0.000000
191 0.000001
192 0.006835
193 0.018668
194 0.084544
195 0.155511
196 0.002065
197 0.001978
198 0.001677
199 0.001530
200 0.000003
201 0.000000
202 0.000000
203 0.000000
204 0.000000
205 0.000000
206 0.000000
207 0.000000
208 0.000000
209 0.000000
210 0.000000
211 0.000000
212 0.000000
213 0.000000
214 0.000001
215 0.000001
216 0.000000
217 0.000000
218 0.000000
219 0.000176
220 0.030558
221 0.147411
222 0.174443
223 0.037975
224 0.001978
225 0.001677
226 0.001530
227 0.001462
228 0.001166
229 0.000000
230 0.000000
231 0.000000
232 0.000000
233 0.000000
234 0.000000
235 0.000000
236 0.000000
237 0.000000
238 0.000001
239 0.000001
240 0.000004
241 0.000004
242 0.000001
243 0.000000
244 0.000000
245 0.000000
246 0.000000
247 0.000577
248 0.004689
249 0.004883
250 0.002765
251 0.001601
252 0.001895
253 0.001530
254 0.001462
255 0.000897
256 0.000224
257 0.000000
258 0.000000
259 0.000000
260 0.000000
261 0.000000
262 0.000000
263 0.000000
264 0.000000
265 0.000001
266 0.000983
267 0.989733
268 0.999839
269 0.000302
270 0.000000
271 0.000000
272 0.000000
273 0.000000
274 0.000000
275 0.000250
276 0.000159
277 0.000085
278 0.000048
279 0.000030
280 0.001530
281 0.000596
282 0.000329
283 0.000138
284 0.000089
285 0.000000
286 0.000000
287 0.000000
288 0.000000
289 0.000000
290 0.000000
291 0.000000
292 0.000000
293 0.000002
294 0.000198
295 0.004773
296 0.011824
297 0.000120
298 0.000001
299 0.000000
300 0.000000
301 0.000000
302 0.000004
303 0.000482
304 0.000076
305 0.000013
306 0.000006
307 0.000009
308 0.000387
309 0.000236
310 0.000125
311 0.000055
312 0.000007
313 0.000000
314 0.000000
315 0.000000
316 0.000000
317 0.000000
318 0.000000
319 0.000000
320 0.000000
321 0.000001
322 0.000028
323 0.000029
324 0.000006
325 0.000012
326 0.000008
327 0.000000
328 0.000000
329 0.000000
330 0.000031
331 0.000114
332 0.000118
333 0.000048
334 0.000032
335 0.000028
336 0.000224
337 0.000123
338 0.000089
339 0.000050
340 0.000001
341 0.000000
342 0.000000
343 0.000000
344 0.000000
345 0.000000
346 0.000000
347 0.000000
348 0.000000
349 0.000001
350 0.000001
351 0.000000
352 0.000000
353 0.000001
354 0.000017
355 0.000024
356 0.000001
357 0.000000
358 0.000001
359 0.000012
360 0.000596
361 0.000362
362 0.000255
363 0.000126
364 0.000179
365 0.000152
366 0.000066
367 0.000031
368 0.000000
369 0.000000
370 0.000000
371 0.000000
372 0.000000
373 0.000000
374 0.000000
375 0.000000
376 0.000000
377 0.000000
378 0.000000
379 0.000000
380 0.000000
381 0.000001
382 0.000003
383 0.000008
384 0.000007
385 0.000004
386 0.000000
387 0.000003
388 0.000205
389 0.000601
390 0.000665
391 0.001116
392 0.000150
393 0.000052
394 0.000033
395 0.000005
396 0.000000
397 0.000000
398 0.000000
399 0.000000
400 0.000000
401 0.000000
402 0.000000
403 0.000000
404 0.000000
405 0.000000
406 0.000000
407 0.000000
408 0.000000
409 0.000001
410 0.000000
411 0.000001
412 0.000005
413 0.000097
414 0.000001
415 0.000002
416 0.000024
417 0.000801
418 0.001321
419 0.002088
420 0.000240
421 0.000112
422 0.000054
423 0.000001
424 0.000000
425 0.000000
426 0.000000
427 0.000000
428 0.000000
429 0.000000
430 0.000000
431 0.000000
432 0.000000
433 0.000000
434 0.000000
435 0.000000
436 0.000000
437 0.000000
438 0.000000
439 0.000000
440 0.000005
441 0.000172
442 0.000003
443 0.000000
444 0.000067
445 0.012906
446 0.003997
447 0.006522
448 0.000780
449 0.000379
450 0.000265
451 0.000002
452 0.000000
453 0.000000
454 0.000000
455 0.000000
456 0.000000
457 0.000000
458 0.000000
459 0.000000
460 0.000000
461 0.000000
462 0.000000
463 0.000000
464 0.000000
465 0.000000
466 0.000000
467 0.000001
468 0.000011
469 0.000208
470 0.000022
471 0.000001
472 0.000012
473 0.013205
474 0.121718
475 0.025274
476 0.000870
477 0.001413
478 0.000880
479 0.000005
480 0.000000
481 0.000000
482 0.000000
483 0.000001
484 0.000001
485 0.000000
486 0.000000
487 0.000000
488 0.000000
489 0.000000
490 0.000000
491 0.000000
492 0.000000
493 0.000000
494 0.000000
495 0.000000
496 0.000338
497 0.003862
498 0.000472
499 0.000009
500 0.000002
501 0.000517
502 0.034413
503 0.077555
504 0.002150
505 0.003765
506 0.000397
507 0.000004
508 0.000001
509 0.000001
510 0.000004
511 0.000050
512 0.000016
513 0.000000
514 0.000000
515 0.000000
516 0.000000
517 0.000000
518 0.000000
519 0.000000
520 0.000000
521 0.000000
522 0.000000
523 0.000000
524 0.000039
525 0.999984
526 0.027501
527 0.000337
528 0.000002
529 0.000042
530 0.011241
531 0.023064
532 0.004627
533 0.008377
534 0.000172
535 0.000002
536 0.000001
537 0.000005
538 0.000160
539 0.999989
540 0.000033
541 0.000000
542 0.000000
543 0.000000
544 0.000000
545 0.000000
546 0.000000
547 0.000000
548 0.000000
549 0.000000
550 0.000000
551 0.000000
552 0.000001
553 0.000059
554 0.021721
555 0.025459
556 0.000213
557 0.000024
558 0.001155
559 0.004981
560 0.009859
561 0.009920
562 0.000151
563 0.000004
564 0.000004
565 0.000071
566 0.002960
567 0.000204
568 0.000006
569 0.000000
570 0.000000
571 0.000000
572 0.000000
573 0.000000
574 0.000000
575 0.000000
576 0.000000
577 0.000000
578 0.000000
579 0.000000
580 0.000000
581 0.000001
582 0.000155
583 0.014135
584 0.000701
585 0.003246
586 0.001364
587 0.000829
588 0.009938
589 0.010000
590 0.000982
591 0.000021
592 0.000085
593 0.000974
594 0.000145
595 0.000004
596 0.000000
597 0.000000
598 0.000000
599 0.000000
600 0.000000
601 0.000000
602 0.000000
603 0.000000
604 0.000000
605 0.000000
606 0.000000
607 0.000000
608 0.000000
609 0.000000
610 0.000009
611 0.000874
612 0.005963
613 0.008460
614 0.004188
615 0.002151
616 0.010000
617 0.010000
618 0.010000
619 0.002581
620 0.001589
621 0.000256
622 0.000009
623 0.000001
624 0.000001
625 0.000000
626 0.000000
627 0.000000
628 0.000000
629 0.000000
630 0.000000
631 0.000000
632 0.000000
633 0.000000
634 0.000000
635 0.000000
636 0.000000
637 0.000000
638 0.000008
639 0.000837
640 0.002224
641 0.006070
642 0.000000
643 0.000001
644 0.010000
645 0.010000
646 0.010000
647 0.010000
648 0.006842
649 0.000107
650 0.000004
651 0.000001
652 0.000002
653 0.000006
654 0.000001
655 0.000000
656 0.000000
657 0.000001
658 0.000001
659 0.000000
660 0.000000
661 0.000000
662 0.000000
663 0.000000
664 0.000000
665 0.000008
666 0.000179
667 0.000361
668 0.000908
669 0.000000
670 0.000000
671 0.000001
672 0.000000
673 0.010000
674 0.010000
675 0.009999
676 0.009998
677 0.004809
678 0.000055
679 0.000016
680 0.000031
681 0.000137
682 0.000095
683 0.000008
684 0.000002
685 0.000002
686 0.000002
687 0.000002
688 0.000002
689 0.000011
690 0.000024
691 0.000014
692 0.000030
693 0.000168
694 0.000190
695 0.000248
696 0.000000
697 0.000000
698 0.000000
699 0.000000
700 0.000000
701 0.000000
702 0.010000
703 0.009998
704 0.005682
705 0.002817
706 0.001395
707 0.001165
708 0.001067
709 0.000892
710 0.000280
711 0.000025
712 0.000004
713 0.000002
714 0.000003
715 0.000003
716 0.000005
717 0.000018
718 0.000120
719 0.000128
720 0.000137
721 0.000179
722 0.000234
723 0.000000
724 0.000000
725 0.000000
726 0.000000
727 0.000000
728 0.000000
729 0.000000
730 0.000000
731 0.000000
732 0.003375
733 0.001711
734 0.001267
735 0.001207
736 0.001156
737 0.000970
738 0.000892
739 0.000076
740 0.000010
741 0.000004
742 0.000004
743 0.000004
744 0.000011
745 0.000044
746 0.000128
747 0.000168
748 0.000179
749 0.000234
750 0.000000
751 0.000000
752 0.000000
753 0.000000
754 0.000000
755 0.000000
756 0.000000
757 0.000000
758 0.000000
759 0.000000
760 0.000000
761 0.001558
762 0.001488
763 0.001253
764 0.001203
765 0.001156
766 0.001110
767 0.000237
768 0.000023
769 0.000006
770 0.000005
771 0.000005
772 0.000020
773 0.000102
774 0.000128
775 0.000146
776 0.000190
777 0.000000
778 0.000069
779 0.000058
780 0.000001
781 0.000000
782 0.000000
783 0.000000
