0 0.009500
1 0.009500
2 0.009451
3 0.008370
4 0.006249
5 0.004222
6 0.003338
7 0.003201
8 0.000848
9 0.000203
10 0.000269
11 0.000575
12 0.002607
13 0.008971
14 0.006394
15 0.001655
16 0.000303
17 0.000140
18 0.000299
19 0.000801
20 0.001888
21 0.002970
22 0.005208
23 0.006255
24 0.006019
25 0.006019
26 0.004738
27 0.003678
28 0.008275
29 0.009500
30 0.009451
31 0.009451
32 0.007720
33 0.005503
34 0.003575
35 0.002211
36 0.000378
37 0.000125
38 0.000231
39 0.001040
40 0.004667
41 0.012191
42 0.003363
43 0.000642
44 0.000248
45 0.000162
46 0.000170
47 0.000695
48 0.002530
49 0.004487
50 0.000000
51 0.000000
52 0.006019
53 0.004699
54 0.003094
55 0.002505
56 0.006704
57 0.008191
58 0.009451
59 0.009451
60 0.009452
61 0.006875
62 0.004837
63 0.001205
64 0.000198
65 0.000111
66 0.000273
67 0.001737
68 0.007912
69 0.005644
70 0.001174
71 0.000298
72 0.000224
73 0.000151
74 0.000128
75 0.000614
76 0.000001
77 0.000000
78 0.000000
79 0.000000
80 0.000000
81 0.003025
82 0.002372
83 0.001763
84 0.005000
85 0.006047
86 0.007475
87 0.009403
88 0.009403
89 0.008984
90 0.006707
91 0.000780
92 0.000100
93 0.000127
94 0.000556
95 0.003260
96 0.007914
97 0.002745
98 0.000497
99 0.000214
100 0.000213
101 0.000063
102 0.000000
103 0.000000
104 0.000000
105 0.000000
106 0.000000
107 0.000000
108 0.000000
109 0.001989
110 0.001646
111 0.001919
112 0.003923
113 0.004417
114 0.005309
115 0.007307
116 0.000000
117 0.000000
118 0.000000
119 0.000000
120 0.000000
121 0.000054
122 0.001299
123 0.004924
124 0.003396
125 0.000733
126 0.000222
127 0.000007
128 0.000000
129 0.000000
130 0.000000
131 0.000000
132 0.000000
133 0.000000
134 0.000000
135 0.000000
136 0.001506
137 0.001344
138 0.001546
139 0.001860
140 0.003809
141 0.003411
142 0.003762
143 0.004711
144 0.000000
145 0.000000
146 0.000000
147 0.000000
148 0.000000
149 0.000000
150 0.000000
151 0.000002
152 0.000003
153 0.000000
154 0.000000
155 0.000000
156 0.000000
157 0.000000
158 0.000000
159 0.000000
160 0.000000
161 0.000000
162 0.000000
163 0.000000
164 0.001406
165 0.001233
166 0.001494
167 0.001559
168 0.003411
169 0.003201
170 0.003101
171 0.003177
172 0.000000
173 0.000000
174 0.000000
175 0.000000
176 0.000000
177 0.000000
178 0.000000
179 0.000000
180 0.000000
181 0.000000
182 0.000000
183 0.000000
184 0.000000
185 0.000000
186 0.000000
187 0.000000
188 0.000000
189 0.000000
190 0.000000
191 0.000053
192 0.001087
193 0.001137
194 0.001189
195 0.001641
196 0.003217
197 0.003101
198 0.002746
199 0.002566
200 0.000013
201 0.000000
202 0.000000
203 0.000000
204 0.000000
205 0.000000
206 0.000000
207 0.000000
208 0.000000
209 0.000000
210 0.000000
211 0.000000
212 0.000000
213 0.000000
214 0.000000
215 0.000000
216 0.000000
217 0.000000
218 0.000000
219 0.000383
220 0.001087
221 0.001137
222 0.001310
223 0.001571
224 0.003198
225 0.002803
226 0.002566
227 0.002480
228 0.002096
229 0.000000
230 0.000000
231 0.000000
232 0.000000
233 0.000000
234 0.000000
235 0.000000
236 0.000000
237 0.000000
238 0.000000
239 0.000000
240 0.000000
241 0.000000
242 0.000000
243 0.000000
244 0.000000
245 0.000000
246 0.000000
247 0.000024
248 0.000055
249 0.000094
250 0.000206
251 0.000356
252 0.003102
253 0.002646
254 0.002558
255 0.001387
256 0.000253
257 0.000000
258 0.000000
259 0.000000
260 0.000000
261 0.000000
262 0.000000
263 0.000000
264 0.000000
265 0.000000
266 0.000000
267 0.000000
268 0.000000
269 0.000000
270 0.000000
271 0.000000
272 0.000000
273 0.000000
274 0.000000
275 0.000003
276 0.000006
277 0.000013
278 0.000023
279 0.000042
280 0.002779
281 0.000853
282 0.000379
283 0.000102
284 0.000044
285 0.000000
286 0.000000
287 0.000000
288 0.000000
289 0.000000
290 0.000000
291 0.000000
292 0.000000
293 0.000000
294 0.000000
295 0.000000
296 0.000000
297 0.000000
298 0.000000
299 0.000000
300 0.000000
301 0.000000
302 0.000000
303 0.000004
304 0.000006
305 0.000009
306 0.000011
307 0.000015
308 0.001248
309 0.000297
310 0.000070
311 0.000027
312 0.000003
313 0.000000
314 0.000000
315 0.000000
316 0.000000
317 0.000000
318 0.000000
319 0.000000
320 0.000098
321 0.000259
322 0.000066
323 0.000000
324 0.000000
325 0.000000
326 0.000000
327 0.000000
328 0.000000
329 0.000000
330 0.000000
331 0.000002
332 0.000007
333 0.000008
334 0.000011
335 0.000022
336 0.000682
337 0.000308
338 0.000161
339 0.000049
340 0.000001
341 0.000000
342 0.000000
343 0.000000
344 0.000000
345 0.000000
346 0.000000
347 0.000000
348 0.000012
349 0.999999
350 0.000040
351 0.000000
352 0.000000
353 0.000000
354 0.000000
355 0.000000
356 0.000000
357 0.000000
358 0.000000
359 0.000000
360 0.000006
361 0.000010
362 0.000025
363 0.000044
364 0.000645
365 0.000744
366 0.000337
367 0.000156
368 0.000001
369 0.000000
370 0.000003
371 0.000000
372 0.000000
373 0.000000
374 0.000000
375 0.000000
376 0.000004
377 0.000015
378 0.000004
379 0.000000
380 0.000000
381 0.000000
382 0.000000
383 0.000000
384 0.000000
385 0.000001
386 0.000000
387 0.000000
388 0.000006
389 0.000031
390 0.000056
391 0.000123
392 0.000403
393 0.000240
394 0.000230
395 0.000054
396 0.000001
397 0.000014
398 0.006529
399 0.000001
400 0.000000
401 0.000000
402 0.000000
403 0.000001
404 0.000000
405 0.000000
406 0.000000
407 0.000000
408 0.000000
409 0.000000
410 0.000000
411 0.000000
412 0.000001
413 0.000006
414 0.000001
415 0.000000
416 0.000005
417 0.000076
418 0.000168
419 0.000194
420 0.000299
421 0.000276
422 0.000199
423 0.000010
424 0.000009
425 0.000786
426 0.012948
427 0.000004
428 0.000000
429 0.000000
430 0.000000
431 0.000000
432 0.000000
433 0.000000
434 0.000000
435 0.000000
436 0.000000
437 0.000000
438 0.000000
439 0.000000
440 0.000007
441 0.000153
442 0.000100
443 0.000006
444 0.000008
445 0.000239
446 0.000130
447 0.000091
448 0.000409
449 0.000334
450 0.000659
451 0.000011
452 0.000027
453 0.999996
454 0.002536
455 0.000006
456 0.000000
457 0.000000
458 0.000000
459 0.000000
460 0.000000
461 0.000000
462 0.000000
463 0.000000
464 0.000000
465 0.000000
466 0.000000
467 0.000002
468 0.000019
469 0.000474
470 0.999996
471 0.000118
472 0.000018
473 0.000104
474 0.000088
475 0.000051
476 0.000624
477 0.001303
478 0.000987
479 0.000074
480 0.000338
481 0.001964
482 0.000047
483 0.000008
484 0.000001
485 0.000000
486 0.000000
487 0.000000
488 0.000000
489 0.000000
490 0.000000
491 0.000000
492 0.000000
493 0.000000
494 0.000014
495 0.000051
496 0.000039
497 0.000245
498 0.001723
499 0.000441
500 0.000023
501 0.000046
502 0.000230
503 0.000215
504 0.001965
505 0.004154
506 0.000532
507 0.000151
508 0.002109
509 0.000170
510 0.000013
511 0.000013
512 0.000001
513 0.000000
514 0.000000
515 0.000000
516 0.000000
517 0.000000
518 0.000000
519 0.000000
520 0.000000
521 0.000000
522 0.000029
523 0.000105
524 0.000007
525 0.000011
526 0.000084
527 0.001211
528 0.000053
529 0.000148
530 0.002369
531 0.002681
532 0.005487
533 0.010002
534 0.000389
535 0.000236
536 0.000999
537 0.000029
538 0.000009
539 0.000013
540 0.000001
541 0.000000
542 0.000000
543 0.000000
544 0.000000
545 0.000000
546 0.000000
547 0.000000
548 0.000000
549 0.000000
550 0.000001
551 0.000003
552 0.000003
553 0.000002
554 0.000025
555 0.001095
556 0.001742
557 0.001569
558 0.010001
559 0.007994
560 0.010002
561 0.010002
562 0.000978
563 0.001484
564 0.000123
565 0.000010
566 0.000004
567 0.000003
568 0.000000
569 0.000000
570 0.000000
571 0.000000
572 0.000000
573 0.000000
574 0.000001
575 0.000001
576 0.000001
577 0.000002
578 0.000000
579 0.000000
580 0.000002
581 0.000018
582 0.000054
583 0.001059
584 0.022833
585 0.010002
586 0.010002
587 0.010001
588 0.010002
589 0.010001
590 0.004104
591 0.002556
592 0.000039
593 0.000004
594 0.000002
595 0.000000
596 0.000000
597 0.000000
598 0.000000
599 0.000000
600 0.000000
601 0.000000
602 0.000000
603 0.000025
604 0.000170
605 0.000357
606 0.000057
607 0.000003
608 0.000002
609 0.000012
610 0.000049
611 0.001484
612 0.010001
613 0.010001
614 0.010002
615 0.010002
616 0.010001
617 0.010001
618 0.010001
619 0.010886
620 0.000038
621 0.000005
622 0.000001
623 0.000000
624 0.000000
625 0.000000
626 0.000000
627 0.000000
628 0.000000
629 0.000000
630 0.000001
631 0.000088
632 0.999988
633 0.027386
634 0.005516
635 0.000074
636 0.000026
637 0.000021
638 0.000300
639 0.010000
640 0.010001
641 0.010001
642 0.000000
643 0.000000
644 0.010001
645 0.010001
646 0.010001
647 0.010001
648 0.004288
649 0.000023
650 0.000001
651 0.000000
652 0.000000
653 0.000001
654 0.000000
655 0.000000
656 0.000000
657 0.000001
658 0.000007
659 0.000287
660 0.015811
661 0.028329
662 0.006668
663 0.001419
664 0.000252
665 0.001116
666 0.001722
667 0.005101
668 0.010000
669 0.000000
670 0.000000
671 0.000000
672 0.000000
673 0.010001
674 0.010001
675 0.008639
676 0.004286
677 0.001765
678 0.000015
679 0.000007
680 0.000012
681 0.000043
682 0.000053
683 0.000006
684 0.000001
685 0.000002
686 0.000011
687 0.000275
688 0.005666
689 0.029524
690 0.004947
691 0.001650
692 0.000604
693 0.000355
694 0.000811
695 0.002234
696 0.000000
697 0.000000
698 0.000000
699 0.000000
700 0.000000
701 0.000000
702 0.009410
703 0.004871
704 0.002041
705 0.000863
706 0.000613
707 0.000582
708 0.000524
709 0.000414
710 0.000142
711 0.000017
712 0.000003
713 0.000005
714 0.000038
715 0.000212
716 0.003108
717 0.011939
718 0.010008
719 0.004050
720 0.001416
721 0.000659
722 0.000468
723 0.000000
724 0.000000
725 0.000000
726 0.000000
727 0.000000
728 0.000000
729 0.000000
730 0.000000
731 0.000000
732 0.001032
733 0.000805
734 0.000646
735 0.000613
736 0.000582
737 0.000462
738 0.000414
739 0.000048
740 0.000010
741 0.000014
742 0.000081
743 0.000497
744 0.001775
745 0.006387
746 0.005057
747 0.010008
748 0.003374
749 0.001508
750 0.000000
751 0.000002
752 0.000001
753 0.000000
754 0.000000
755 0.000000
756 0.000000
757 0.000000
758 0.000000
759 0.000000
760 0.000000
761 0.000847
762 0.000805
763 0.000646
764 0.000613
765 0.000582
766 0.000552
767 0.000143
768 0.000035
769 0.000044
770 0.000139
771 0.000756
772 0.001059
773 0.000799
774 0.002593
775 0.008039
776 0.008069
777 0.006210
778 0.001345
779 0.000676
780 0.000713
781 0.000956
782 0.000000
783 0.000000
