0 0.003384
1 0.003255
2 0.002830
3 0.003013
4 0.002631
5 0.002363
6 0.002631
7 0.008937
8 0.006298
9 0.003014
10 0.000705
11 0.000200
12 0.000087
13 0.000070
14 0.000061
15 0.000058
16 0.000047
17 0.000038
18 0.000143
19 0.000552
20 0.001224
21 0.001279
22 0.001544
23 0.001609
24 0.001461
25 0.001554
26 0.001928
27 0.002046
28 0.002951
29 0.003132
30 0.002714
31 0.002603
32 0.002497
33 0.002429
34 0.002283
35 0.002142
36 0.001357
37 0.001169
38 0.001593
39 0.000423
40 0.000127
41 0.000072
42 0.000050
43 0.000043
44 0.000035
45 0.000038
46 0.000062
47 0.000327
48 0.001008
49 0.001224
50 0.000000
51 0.000000
52 0.001431
53 0.001823
54 0.001754
55 0.002127
56 0.003132
57 0.002714
58 0.002603
59 0.002497
60 0.002299
61 0.001991
62 0.002074
63 0.000732
64 0.000219
65 0.000362
66 0.001416
67 0.001116
68 0.000249
69 0.000064
70 0.000040
71 0.000030
72 0.000030
73 0.000027
74 0.000032
75 0.000135
76 0.000000
77 0.000000
78 0.000000
79 0.000000
80 0.000000
81 0.001694
82 0.002112
83 0.001926
84 0.003013
85 0.002603
86 0.002236
87 0.002046
88 0.001957
89 0.001872
90 0.001761
91 0.000279
92 0.000059
93 0.000126
94 0.000510
95 0.001455
96 0.000748
97 0.000172
98 0.000044
99 0.000025
100 0.000024
101 0.000001
102 0.000000
103 0.000000
104 0.000000
105 0.000000
106 0.000000
107 0.000000
108 0.000000
109 0.001861
110 0.001926
111 0.002232
112 0.002603
113 0.002497
114 0.002046
115 0.001957
116 0.000000
117 0.000000
118 0.000000
119 0.000000
120 0.000000
121 0.000007
122 0.000170
123 0.000622
124 0.001652
125 0.000410
126 0.000074
127 0.000000
128 0.000000
129 0.000000
130 0.000000
131 0.000000
132 0.000000
133 0.000000
134 0.000000
135 0.000000
136 0.000001
137 0.001726
138 0.002158
139 0.005691
140 0.002497
141 0.002139
142 0.001957
143 0.001872
144 0.000000
145 0.000000
146 0.000000
147 0.000000
148 0.000000
149 0.000000
150 0.000000
151 0.000000
152 0.000001
153 0.000000
154 0.000000
155 0.000000
156 0.000000
157 0.000000
158 0.000000
159 0.000000
160 0.000000
161 0.000000
162 0.000000
163 0.000000
164 0.001944
165 0.002538
166 0.006101
167 0.014147
168 0.002139
169 0.001957
170 0.001872
171 0.001714
172 0.000000
173 0.000000
174 0.000000
175 0.000000
176 0.000000
177 0.000000
178 0.000000
179 0.000000
180 0.000000
181 0.000000
182 0.000000
183 0.000000
184 0.000000
185 0.000000
186 0.000000
187 0.000000
188 0.000000
189 0.000000
190 0.000000
191 0.000000
192 0.003232
193 0.006717
194 0.025225
195 0.083020
196 0.001957
197 0.001872
198 0.001581
199 0.001439
200 0.000096
201 0.000000
202 0.000000
203 0.000000
204 0.000000
205 0.000000
206 0.000000
207 0.000000
208 0.000000
209 0.000000
210 0.000000
211 0.000000
212 0.000000
213 0.000000
214 0.000000
215 0.000000
216 0.000000
217 0.000000
218 0.000000
219 0.000001
220 0.009291
221 0.039791
222 0.090468
223 0.058814
224 0.001872
225 0.001581
226 0.001439
227 0.001374
228 0.001090
229 0.000000
230 0.000000
231 0.000000
232 0.000000
233 0.000000
234 0.000000
235 0.000000
236 0.000000
237 0.000000
238 0.000000
239 0.000000
240 0.000000
241 0.000000
242 0.000000
243 0.000000
244 0.000000
245 0.000000
246 0.000000
247 0.000083
248 0.000866
249 0.003159
250 0.003715
251 0.003585
252 0.001791
253 0.001439
254 0.001374
255 0.000266
256 0.000008
257 0.000000
258 0.000000
259 0.000000
260 0.000000
261 0.000000
262 0.000000
263 0.000000
264 0.000000
265 0.000000
266 0.000000
267 0.000000
268 0.000000
269 0.000000
270 0.000000
271 0.000000
272 0.000000
273 0.000000
274 0.000000
275 0.000060
276 0.000129
277 0.000139
278 0.000090
279 0.000041
280 0.001439
281 0.000080
282 0.000014
283 0.000001
284 0.000001
285 0.000000
286 0.000000
287 0.000000
288 0.000000
289 0.000000
290 0.000000
291 0.000000
292 0.000000
293 0.000000
294 0.000000
295 0.000000
296 0.000000
297 0.000000
298 0.000000
299 0.000000
300 0.000000
301 0.000000
302 0.000000
303 0.000121
304 0.000061
305 0.000017
306 0.000009
307 0.000005
308 0.000017
309 0.000003
310 0.000001
311 0.000000
312 0.000000
313 0.000000
314 0.000000
315 0.000000
316 0.000000
317 0.000000
318 0.000000
319 0.000000
320 0.000000
321 0.000000
322 0.000000
323 0.000000
324 0.000000
325 0.000001
326 0.000000
327 0.000000
328 0.000000
329 0.000000
330 0.000001
331 0.000005
332 0.000010
333 0.000004
334 0.000004
335 0.000026
336 0.000001
337 0.000001
338 0.000000
339 0.000000
340 0.000000
341 0.000000
342 0.000000
343 0.000000
344 0.000000
345 0.000000
346 0.000000
347 0.000000
348 0.000000
349 0.000000
350 0.000000
351 0.000000
352 0.000001
353 0.000001
354 0.000001
355 0.000000
356 0.000000
357 0.000000
358 0.000000
359 0.000000
360 0.000002
361 0.000017
362 0.000130
363 0.000226
364 0.000001
365 0.000001
366 0.000001
367 0.000000
368 0.000000
369 0.000000
370 0.000000
371 0.000000
372 0.000000
373 0.000000
374 0.000000
375 0.000000
376 0.000000
377 0.000000
378 0.000000
379 0.000001
380 0.000001
381 0.000001
382 0.000002
383 0.000001
384 0.000000
385 0.000000
386 0.000000
387 0.000000
388 0.000031
389 0.000264
390 0.000491
391 0.000872
392 0.000003
393 0.000001
394 0.000001
395 0.000000
396 0.000000
397 0.000000
398 0.000000
399 0.000000
400 0.000000
401 0.000000
402 0.000000
403 0.000000
404 0.000000
405 0.000000
406 0.000000
407 0.000000
408 0.000001
409 0.000001
410 0.000002
411 0.000002
412 0.000001
413 0.000000
414 0.000000
415 0.000000
416 0.000028
417 0.001137
418 0.000511
419 0.000057
420 0.000005
421 0.000004
422 0.000002
423 0.000000
424 0.000000
425 0.000000
426 0.000000
427 0.000000
428 0.000000
429 0.000000
430 0.000000
431 0.000000
432 0.000000
433 0.000000
434 0.000000
435 0.000000
436 0.000000
437 0.000000
438 0.000001
439 0.000002
440 0.000003
441 0.000010
442 0.000000
443 0.000001
444 0.000003
445 0.000056
446 0.000045
447 0.000025
448 0.000008
449 0.000006
450 0.000004
451 0.000000
452 0.000000
453 0.000000
454 0.000000
455 0.000000
456 0.000000
457 0.000000
458 0.000000
459 0.000000
460 0.000000
461 0.000001
462 0.000000
463 0.000000
464 0.000000
465 0.000000
466 0.000000
467 0.000002
468 0.000572
469 0.008084
470 0.000006
471 0.000000
472 0.000000
473 0.000005
474 0.000010
475 0.000014
476 0.000011
477 0.000009
478 0.000002
479 0.000000
480 0.000000
481 0.000000
482 0.000000
483 0.000000
484 0.000000
485 0.000000
486 0.000000
487 0.000001
488 0.000001
489 0.000001
490 0.000000
491 0.000000
492 0.000000
493 0.000000
494 0.000000
495 0.000001
496 0.000204
497 0.999984
498 0.000010
499 0.000000
500 0.000000
501 0.000001
502 0.000013
503 0.000018
504 0.000017
505 0.000012
506 0.000001
507 0.000000
508 0.000000
509 0.000000
510 0.000000
511 0.000000
512 0.000000
513 0.000001
514 0.000003
515 0.000001
516 0.000001
517 0.000000
518 0.000000
519 0.000000
520 0.000000
521 0.000000
522 0.000000
523 0.000000
524 0.000001
525 0.000010
526 0.000161
527 0.000002
528 0.000000
529 0.000002
530 0.000098
531 0.000105
532 0.000016
533 0.000013
534 0.000000
535 0.000000
536 0.000000
537 0.000000
538 0.000000
539 0.000000
540 0.000024
541 0.999985
542 0.000011
543 0.000001
544 0.000000
545 0.000000
546 0.000000
547 0.000000
548 0.000000
549 0.000000
550 0.000000
551 0.000000
552 0.000000
553 0.000001
554 0.000017
555 0.000071
556 0.000014
557 0.000057
558 0.000786
559 0.000368
560 0.000022
561 0.000021
562 0.000000
563 0.000000
564 0.000000
565 0.000000
566 0.000000
567 0.000023
568 0.005102
569 0.000489
570 0.000003
571 0.000001
572 0.000001
573 0.000000
574 0.000000
575 0.000000
576 0.000000
577 0.000000
578 0.000000
579 0.000000
580 0.000000
581 0.000000
582 0.000002
583 0.000287
584 0.000530
585 0.010030
586 0.003645
587 0.001495
588 0.000033
589 0.000022
590 0.000002
591 0.000000
592 0.000000
593 0.000000
594 0.000024
595 0.000691
596 0.000159
597 0.000032
598 0.000001
599 0.000001
600 0.000000
601 0.000000
602 0.000000
603 0.000000
604 0.000000
605 0.000000
606 0.000000
607 0.000000
608 0.000000
609 0.000000
610 0.000000
611 0.000044
612 0.001008
613 0.003579
614 0.010030
615 0.007122
616 0.000039
617 0.000033
618 0.000022
619 0.000003
620 0.000004
621 0.000056
622 0.000173
623 0.000232
624 0.000015
625 0.000002
626 0.000000
627 0.000000
628 0.000000
629 0.000000
630 0.000000
631 0.000000
632 0.000000
633 0.000000
634 0.000000
635 0.000000
636 0.000000
637 0.000000
638 0.000002
639 0.000124
640 0.000350
641 0.001083
642 0.000000
643 0.000001
644 0.000042
645 0.000039
646 0.000036
647 0.000118
648 0.000405
649 0.000406
650 0.000030
651 0.000003
652 0.000002
653 0.000000
654 0.000000
655 0.000000
656 0.000000
657 0.000000
658 0.000000
659 0.000000
660 0.000000
661 0.000000
662 0.000000
663 0.000000
664 0.000000
665 0.000003
666 0.000079
667 0.000105
668 0.000140
669 0.000000
670 0.000000
671 0.000001
672 0.000000
673 0.000042
674 0.000137
675 0.000575
676 0.005788
677 0.010024
678 0.000304
679 0.000015
680 0.000003
681 0.000001
682 0.000007
683 0.000007
684 0.000001
685 0.000000
686 0.000000
687 0.000000
688 0.000000
689 0.000000
690 0.000011
691 0.000006
692 0.000013
693 0.000074
694 0.000084
695 0.000112
696 0.000000
697 0.000000
698 0.000000
699 0.000000
700 0.000000
701 0.000000
702 0.000640
703 0.003591
704 0.010020
705 0.020290
706 0.002806
707 0.000269
708 0.000017
709 0.000012
710 0.000009
711 0.000007
712 0.000002
713 0.000000
714 0.000000
715 0.000000
716 0.000000
717 0.000001
718 0.000052
719 0.000055
720 0.000059
721 0.000079
722 0.000105
723 0.000000
724 0.000001
725 0.000000
726 0.000000
727 0.000000
728 0.000000
729 0.000000
730 0.000000
731 0.000000
732 0.014038
733 0.003425
734 0.000510
735 0.000058
736 0.000021
737 0.000014
738 0.000012
739 0.000011
740 0.000007
741 0.000001
742 0.000000
743 0.000000
744 0.000000
745 0.000002
746 0.000055
747 0.000074
748 0.000079
749 0.000105
750 0.000000
751 0.000000
752 0.000000
753 0.000000
754 0.000000
755 0.000000
756 0.000000
757 0.000000
758 0.000009
759 0.000024
760 0.000000
761 0.000832
762 0.000165
763 0.000025
764 0.000022
765 0.000021
766 0.000019
767 0.000018
768 0.000011
769 0.000002
770 0.000000
771 0.000000
772 0.000001
773 0.000017
774 0.000055
775 0.000063
776 0.000084
777 0.000000
778 0.000032
779 0.000028
780 0.000003
781 0.000000
782 0.000000
783 0.000000
