0 0.004274
1 0.004144
2 0.003708
3 0.003898
4 0.003469
5 0.003073
6 0.003114
7 0.004512
8 0.001867
9 0.001193
10 0.001927
11 0.002174
12 0.002166
13 0.000659
14 0.000131
15 0.000085
16 0.000157
17 0.000338
18 0.000538
19 0.000640
20 0.000858
21 0.000904
22 0.001129
23 0.001186
24 0.001058
25 0.001122
26 0.001598
27 0.002575
28 0.003833
29 0.004019
30 0.003586
31 0.003469
32 0.003356
33 0.003141
34 0.002761
35 0.001994
36 0.000908
37 0.000820
38 0.001683
39 0.001895
40 0.002411
41 0.000782
42 0.000193
43 0.000051
44 0.000087
45 0.000260
46 0.000469
47 0.000684
48 0.000681
49 0.000858
50 0.000001
51 0.000000
52 0.001009
53 0.001459
54 0.002376
55 0.004573
56 0.004019
57 0.003586
58 0.003469
59 0.003356
60 0.003141
61 0.002761
62 0.002665
63 0.000811
64 0.000450
65 0.000635
66 0.001367
67 0.001827
68 0.001176
69 0.000760
70 0.000195
71 0.000068
72 0.000054
73 0.000126
74 0.000412
75 0.000516
76 0.000005
77 0.000000
78 0.000000
79 0.000000
80 0.000000
81 0.002220
82 0.004415
83 0.008292
84 0.003898
85 0.003469
86 0.003073
87 0.002861
88 0.002761
89 0.002665
90 0.002483
91 0.000520
92 0.000223
93 0.000490
94 0.000764
95 0.001486
96 0.000885
97 0.000616
98 0.000329
99 0.000130
100 0.000032
101 0.000039
102 0.000002
103 0.000000
104 0.000000
105 0.000000
106 0.000000
107 0.000000
108 0.000783
109 0.004314
110 0.008217
111 0.010161
112 0.003469
113 0.003356
114 0.002861
115 0.002761
116 0.000000
117 0.000000
118 0.000000
119 0.000000
120 0.000005
121 0.000169
122 0.000499
123 0.000587
124 0.000458
125 0.000214
126 0.000489
127 0.000030
128 0.000001
129 0.000000
130 0.000000
131 0.000000
132 0.000000
133 0.000000
134 0.000000
135 0.000004
136 0.004166
137 0.008237
138 0.010030
139 0.009847
140 0.003356
141 0.002965
142 0.002761
143 0.002665
144 0.000000
145 0.000000
146 0.000000
147 0.000000
148 0.000000
149 0.000000
150 0.000000
151 0.000003
152 0.000006
153 0.000003
154 0.000003
155 0.000000
156 0.000000
157 0.000000
158 0.000000
159 0.000000
160 0.000000
161 0.000000
162 0.000001
163 0.004061
164 0.010014
165 0.009732
166 0.009794
167 0.010034
168 0.002965
169 0.002761
170 0.002665
171 0.002483
172 0.000000
173 0.000000
174 0.000000
175 0.000000
176 0.000000
177 0.000000
178 0.000000
179 0.000000
180 0.000000
181 0.000000
182 0.000000
183 0.000000
184 0.000000
185 0.000000
186 0.000000
187 0.000000
188 0.000000
189 0.000001
190 0.003701
191 0.010470
192 0.009759
193 0.009889
194 0.009976
195 0.010571
196 0.002789
197 0.002665
198 0.002326
199 0.002157
200 0.000003
201 0.000000
202 0.000000
203 0.000000
204 0.000000
205 0.000000
206 0.000000
207 0.000000
208 0.000000
209 0.000000
210 0.000000
211 0.000000
212 0.000000
213 0.000000
214 0.000000
215 0.000000
216 0.000000
217 0.000247
218 0.010339
219 0.010068
220 0.010816
221 0.009949
222 0.009235
223 0.005668
224 0.002827
225 0.002452
226 0.002157
227 0.002077
228 0.001722
229 0.000000
230 0.000000
231 0.000000
232 0.000000
233 0.000000
234 0.000000
235 0.000000
236 0.000000
237 0.000000
238 0.000000
239 0.000000
240 0.000000
241 0.000000
242 0.000000
243 0.000000
244 0.000027
245 0.999999
246 0.009561
247 0.010868
248 0.010525
249 0.006408
250 0.003862
251 0.002014
252 0.004157
253 0.002576
254 0.002203
255 0.001457
256 0.000520
257 0.000000
258 0.000000
259 0.000000
260 0.000000
261 0.000000
262 0.000000
263 0.000000
264 0.000000
265 0.000000
266 0.000000
267 0.000000
268 0.000000
269 0.000000
270 0.000000
271 0.000000
272 0.000027
273 0.001012
274 0.001470
275 0.003855
276 0.006067
277 0.002341
278 0.001266
279 0.000710
280 0.006495
281 0.002495
282 0.001070
283 0.000334
284 0.000200
285 0.000000
286 0.000000
287 0.000000
288 0.000000
289 0.000000
290 0.000000
291 0.000000
292 0.000000
293 0.000000
294 0.000000
295 0.000000
296 0.000000
297 0.000000
298 0.000000
299 0.000000
300 0.000001
301 0.000021
302 0.000075
303 0.000085
304 0.000119
305 0.000138
306 0.000218
307 0.000530
308 0.003557
309 0.001884
310 0.000776
311 0.000322
312 0.000026
313 0.000009
314 0.000000
315 0.000000
316 0.000000
317 0.000000
318 0.000000
319 0.000000
320 0.000000
321 0.000000
322 0.000000
323 0.000000
324 0.000000
325 0.000004
326 0.000060
327 0.000015
328 0.000002
329 0.000001
330 0.000004
331 0.000002
332 0.000004
333 0.000009
334 0.000022
335 0.000072
336 0.001760
337 0.001552
338 0.001268
339 0.000627
340 0.000055
341 0.000036
342 0.000000
343 0.000000
344 0.000000
345 0.000000
346 0.000000
347 0.000000
348 0.000000
349 0.000000
350 0.000000
351 0.000000
352 0.000000
353 0.000084
354 0.999997
355 0.000395
356 0.000004
357 0.000001
358 0.000001
359 0.000001
360 0.000001
361 0.000002
362 0.000003
363 0.000009
364 0.000875
365 0.001119
366 0.001124
367 0.001423
368 0.000277
369 0.000225
370 0.000077
371 0.000000
372 0.000000
373 0.000000
374 0.000000
375 0.000000
376 0.000000
377 0.000000
378 0.000000
379 0.000000
380 0.000000
381 0.000020
382 0.000574
383 0.001082
384 0.000023
385 0.000002
386 0.000001
387 0.000004
388 0.000003
389 0.000003
390 0.000003
391 0.000004
392 0.000361
393 0.000379
394 0.000639
395 0.000251
396 0.000415
397 0.999997
398 0.000247
399 0.000000
400 0.000000
401 0.000000
402 0.000000
403 0.000000
404 0.000000
405 0.000000
406 0.000000
407 0.000001
408 0.000002
409 0.000006
410 0.000018
411 0.000046
412 0.000009
413 0.000001
414 0.000001
415 0.000003
416 0.000010
417 0.000012
418 0.000008
419 0.000005
420 0.000310
421 0.000348
422 0.000578
423 0.000220
424 0.000185
425 0.001167
426 0.000009
427 0.000000
428 0.000000
429 0.000000
430 0.000000
431 0.000000
432 0.000000
433 0.000000
434 0.000000
435 0.000001
436 0.000009
437 0.000003
438 0.000001
439 0.000005
440 0.000008
441 0.000001
442 0.000000
443 0.000001
444 0.000031
445 0.000062
446 0.000038
447 0.000022
448 0.000714
449 0.000679
450 0.000848
451 0.000070
452 0.000038
453 0.000009
454 0.000000
455 0.000000
456 0.000000
457 0.000000
458 0.000000
459 0.000000
460 0.000000
461 0.000000
462 0.000000
463 0.000000
464 0.000000
465 0.000001
466 0.000001
467 0.000005
468 0.000004
469 0.000001
470 0.000000
471 0.000000
472 0.000012
473 0.000106
474 0.000198
475 0.000168
476 0.003411
477 0.002126
478 0.000185
479 0.000030
480 0.000049
481 0.000000
482 0.000000
483 0.000000
484 0.000000
485 0.000000
486 0.000000
487 0.000000
488 0.000000
489 0.000000
490 0.000000
491 0.000000
492 0.000000
493 0.000000
494 0.000002
495 0.000008
496 0.000011
497 0.000002
498 0.000000
499 0.000000
500 0.000001
501 0.000059
502 0.001095
503 0.002244
504 0.009048
505 0.003572
506 0.000287
507 0.000075
508 0.000005
509 0.000000
510 0.000000
511 0.000000
512 0.000000
513 0.000000
514 0.000000
515 0.000000
516 0.000000
517 0.000000
518 0.000000
519 0.000000
520 0.000000
521 0.000000
522 0.000000
523 0.000005
524 0.000023
525 0.000045
526 0.000009
527 0.000000
528 0.000000
529 0.000037
530 0.001954
531 0.007839
532 0.004932
533 0.003124
534 0.000362
535 0.000189
536 0.000002
537 0.000000
538 0.000000
539 0.000000
540 0.000000
541 0.000000
542 0.000000
543 0.000000
544 0.000000
545 0.000000
546 0.000000
547 0.000000
548 0.000000
549 0.000000
550 0.000000
551 0.000002
552 0.000133
553 0.003497
554 0.001339
555 0.000026
556 0.000001
557 0.000017
558 0.000994
559 0.002174
560 0.003023
561 0.002153
562 0.000609
563 0.000018
564 0.000000
565 0.000000
566 0.000000
567 0.000000
568 0.000000
569 0.000000
570 0.000000
571 0.000000
572 0.000000
573 0.000000
574 0.000000
575 0.000000
576 0.000000
577 0.000000
578 0.000000
579 0.000001
580 0.000245
581 0.999991
582 0.078614
583 0.007149
584 0.000030
585 0.000277
586 0.000335
587 0.000848
588 0.002504
589 0.002198
590 0.000583
591 0.000010
592 0.000000
593 0.000000
594 0.000000
595 0.000000
596 0.000000
597 0.000000
598 0.000000
599 0.000000
600 0.000000
601 0.000000
602 0.000000
603 0.000000
604 0.000000
605 0.000000
606 0.000000
607 0.000000
608 0.000012
609 0.000771
610 0.010867
611 0.006878
612 0.001808
613 0.000691
614 0.000362
615 0.000294
616 0.002647
617 0.002499
618 0.002197
619 0.000201
620 0.000002
621 0.000000
622 0.000000
623 0.000000
624 0.000000
625 0.000000
626 0.000000
627 0.000000
628 0.000000
629 0.000000
630 0.000000
631 0.000000
632 0.000000
633 0.000000
634 0.000000
635 0.000000
636 0.000001
637 0.000048
638 0.004431
639 0.010000
640 0.005206
641 0.002473
642 0.000000
643 0.000002
644 0.002724
645 0.002647
646 0.002572
647 0.002266
648 0.000847
649 0.000004
650 0.000000
651 0.000000
652 0.000000
653 0.000001
654 0.000000
655 0.000000
656 0.000002
657 0.000020
658 0.000023
659 0.000006
660 0.000002
661 0.000001
662 0.000000
663 0.000000
664 0.000001
665 0.000025
666 0.000902
667 0.003363
668 0.010000
669 0.000000
670 0.000001
671 0.000004
672 0.000000
673 0.002724
674 0.002647
675 0.002336
676 0.002499
677 0.002197
678 0.000020
679 0.000010
680 0.000041
681 0.000477
682 0.001262
683 0.000088
684 0.000020
685 0.000030
686 0.000034
687 0.000037
688 0.000042
689 0.000072
690 0.000020
691 0.000015
692 0.000029
693 0.000127
694 0.000360
695 0.001247
696 0.000000
697 0.000000
698 0.000000
699 0.000002
700 0.000000
701 0.000000
702 0.002724
703 0.002647
704 0.002572
705 0.002499
706 0.002198
707 0.002897
708 0.004706
709 0.008024
710 0.003647
711 0.000306
712 0.000040
713 0.000025
714 0.000046
715 0.000053
716 0.000057
717 0.000061
718 0.000089
719 0.000095
720 0.000102
721 0.000136
722 0.000182
723 0.000000
724 0.000000
725 0.000000
726 0.000000
727 0.000000
728 0.000000
729 0.000000
730 0.000000
731 0.000000
732 0.002647
733 0.002572
734 0.002499
735 0.004016
736 0.007324
737 0.010000
738 0.010000
739 0.000778
740 0.000090
741 0.000037
742 0.000050
743 0.000057
744 0.000077
745 0.000083
746 0.000095
747 0.000127
748 0.000136
749 0.000182
750 0.000000
751 0.000000
752 0.000000
753 0.000000
754 0.000000
755 0.000000
756 0.000000
757 0.000000
758 0.000000
759 0.000000
760 0.000000
761 0.002647
762 0.003783
763 0.006079
764 0.010000
765 0.010000
766 0.010000
767 0.002064
768 0.000211
769 0.000050
770 0.000053
771 0.000061
772 0.000083
773 0.000112
774 0.000095
775 0.000109
776 0.000145
777 0.000000
778 0.000023
779 0.000017
780 0.000000
781 0.000000
782 0.000000
783 0.000000
