0 0.003233
1 0.003105
2 0.002682
3 0.002864
4 0.003495
5 0.005281
6 0.008122
7 0.009069
8 0.002208
9 0.000339
10 0.000620
11 0.001722
12 0.001495
13 0.000527
14 0.000216
15 0.000117
16 0.000060
17 0.000033
18 0.000132
19 0.000538
20 0.001280
21 0.002132
22 0.004154
23 0.006788
24 0.007027
25 0.007027
26 0.005671
27 0.004281
28 0.002802
29 0.002982
30 0.002567
31 0.002567
32 0.002567
33 0.003878
34 0.005876
35 0.006146
36 0.001082
37 0.000901
38 0.001700
39 0.003144
40 0.000928
41 0.000321
42 0.000153
43 0.000068
44 0.000035
45 0.000033
46 0.000054
47 0.000316
48 0.001830
49 0.003644
50 0.000000
51 0.000000
52 0.007027
53 0.005737
54 0.003688
55 0.002716
56 0.002982
57 0.002567
58 0.002548
59 0.002567
60 0.002567
61 0.002549
62 0.003850
63 0.001940
64 0.000620
65 0.001551
66 0.007471
67 0.002780
68 0.000526
69 0.000161
70 0.000075
71 0.000037
72 0.000025
73 0.000023
74 0.000028
75 0.000220
76 0.000003
77 0.000000
78 0.000000
79 0.000000
80 0.000000
81 0.003625
82 0.002614
83 0.001652
84 0.002864
85 0.002484
86 0.002204
87 0.002236
88 0.002302
89 0.002302
90 0.002549
91 0.000606
92 0.000384
93 0.003592
94 0.024835
95 0.004399
96 0.000566
97 0.000109
98 0.000047
99 0.000021
100 0.000020
101 0.000007
102 0.000000
103 0.000000
104 0.000000
105 0.000000
106 0.000000
107 0.000000
108 0.000000
109 0.002231
110 0.001523
111 0.001748
112 0.002457
113 0.002352
114 0.001992
115 0.002065
116 0.000000
117 0.000000
118 0.000000
119 0.000000
120 0.000003
121 0.003030
122 0.016112
123 0.005685
124 0.000611
125 0.000090
126 0.000023
127 0.000001
128 0.000000
129 0.000000
130 0.000000
131 0.000000
132 0.000000
133 0.000000
134 0.000000
135 0.000000
136 0.000032
137 0.001246
138 0.001394
139 0.001636
140 0.002353
141 0.002000
142 0.001822
143 0.001815
144 0.000000
145 0.000000
146 0.000000
147 0.000000
148 0.000000
149 0.000001
150 0.000002
151 0.000007
152 0.000007
153 0.000000
154 0.000000
155 0.000000
156 0.000000
157 0.000000
158 0.000000
159 0.000001
160 0.000001
161 0.000000
162 0.000000
163 0.000000
164 0.001281
165 0.001095
166 0.001295
167 0.001355
168 0.002002
169 0.001823
170 0.001740
171 0.001585
172 0.000039
173 0.000000
174 0.000000
175 0.000001
176 0.000002
177 0.000008
178 0.000000
179 0.000000
180 0.000000
181 0.000000
182 0.000000
183 0.000000
184 0.000000
185 0.000000
186 0.000001
187 0.000001
188 0.000000
189 0.000000
190 0.000000
191 0.000000
192 0.000927
193 0.000967
194 0.001015
195 0.001438
196 0.001826
197 0.001742
198 0.001458
199 0.001320
200 0.000626
201 0.000002
202 0.000000
203 0.000000
204 0.000009
205 0.000006
206 0.000001
207 0.000000
208 0.000000
209 0.000000
210 0.000000
211 0.000000
212 0.000000
213 0.000001
214 0.000001
215 0.000000
216 0.000000
217 0.000000
218 0.000000
219 0.000012
220 0.000922
221 0.000981
222 0.001153
223 0.001392
224 0.002571
225 0.001460
226 0.001323
227 0.001258
228 0.000986
229 0.000041
230 0.000000
231 0.000000
232 0.000000
233 0.000001
234 0.000001
235 0.000001
236 0.000000
237 0.000000
238 0.000000
239 0.000000
240 0.000001
241 0.000001
242 0.000000
243 0.000000
244 0.000000
245 0.000000
246 0.000000
247 0.000043
248 0.000084
249 0.000130
250 0.000256
251 0.000402
252 0.004915
253 0.002657
254 0.001671
255 0.000732
256 0.000164
257 0.000009
258 0.000000
259 0.000000
260 0.000000
261 0.000000
262 0.000000
263 0.000001
264 0.000001
265 0.000002
266 0.000010
267 0.000007
268 0.000001
269 0.000000
270 0.000000
271 0.000000
272 0.000000
273 0.000000
274 0.000000
275 0.000009
276 0.000015
277 0.000027
278 0.000042
279 0.000071
280 0.010008
281 0.002453
282 0.000726
283 0.000156
284 0.000042
285 0.000000
286 0.000001
287 0.000001
288 0.000000
289 0.000000
290 0.000000
291 0.000000
292 0.000001
293 0.000007
294 0.000354
295 0.999989
296 0.000003
297 0.000000
298 0.000000
299 0.000000
300 0.000000
301 0.000000
302 0.000000
303 0.000010
304 0.000014
305 0.000019
306 0.000022
307 0.000030
308 0.001824
309 0.001223
310 0.000469
311 0.000122
312 0.000007
313 0.000001
314 0.000002
315 0.000004
316 0.000001
317 0.000000
318 0.000000
319 0.000000
320 0.000001
321 0.000012
322 0.000390
323 0.000022
324 0.000001
325 0.000000
326 0.000000
327 0.000000
328 0.000000
329 0.000000
330 0.000000
331 0.000002
332 0.000014
333 0.000017
334 0.000022
335 0.000037
336 0.000299
337 0.000284
338 0.000308
339 0.000266
340 0.000004
341 0.000002
342 0.000044
343 0.000323
344 0.000002
345 0.000000
346 0.000000
347 0.000000
348 0.000001
349 0.000012
350 0.000007
351 0.000001
352 0.000000
353 0.000000
354 0.000000
355 0.000000
356 0.000000
357 0.000000
358 0.000000
359 0.000001
360 0.000023
361 0.000017
362 0.000026
363 0.000029
364 0.000092
365 0.000116
366 0.000098
367 0.000115
368 0.000004
369 0.000019
370 0.001527
371 0.001478
372 0.000002
373 0.000000
374 0.000000
375 0.000000
376 0.000001
377 0.000001
378 0.000000
379 0.000000
380 0.000000
381 0.000000
382 0.000001
383 0.000000
384 0.000000
385 0.000000
386 0.000000
387 0.000001
388 0.000025
389 0.000058
390 0.000062
391 0.000085
392 0.000047
393 0.000027
394 0.000046
395 0.000023
396 0.000006
397 0.000089
398 0.999964
399 0.000057
400 0.000001
401 0.000000
402 0.000000
403 0.000001
404 0.000000
405 0.000000
406 0.000000
407 0.000000
408 0.000000
409 0.000001
410 0.000001
411 0.000000
412 0.000000
413 0.000000
414 0.000000
415 0.000000
416 0.000018
417 0.000430
418 0.000527
419 0.000529
420 0.000045
421 0.000065
422 0.000097
423 0.000006
424 0.000006
425 0.000142
426 0.000346
427 0.000002
428 0.000001
429 0.000002
430 0.000001
431 0.000001
432 0.000000
433 0.000000
434 0.000000
435 0.000000
436 0.000000
437 0.000001
438 0.000001
439 0.000000
440 0.000000
441 0.000000
442 0.000000
443 0.000000
444 0.000007
445 0.003208
446 0.005345
447 0.003108
448 0.000196
449 0.000196
450 0.000332
451 0.000005
452 0.000003
453 0.000084
454 0.000003
455 0.000000
456 0.000000
457 0.000002
458 0.000004
459 0.000000
460 0.000000
461 0.000000
462 0.000000
463 0.000000
464 0.000000
465 0.000001
466 0.000001
467 0.000000
468 0.000000
469 0.000000
470 0.000000
471 0.000000
472 0.000006
473 0.001904
474 0.009453
475 0.010248
476 0.001854
477 0.001505
478 0.000227
479 0.000004
480 0.000011
481 0.000004
482 0.000000
483 0.000000
484 0.000000
485 0.000001
486 0.000001
487 0.000000
488 0.000000
489 0.000000
490 0.000000
491 0.000000
492 0.000000
493 0.000000
494 0.000000
495 0.000003
496 0.000030
497 0.000005
498 0.000001
499 0.000001
500 0.000002
501 0.000311
502 0.011732
503 0.012766
504 0.010020
505 0.006144
506 0.000127
507 0.000011
508 0.000038
509 0.000001
510 0.000000
511 0.000000
512 0.000000
513 0.000000
514 0.000000
515 0.000000
516 0.000000
517 0.000000
518 0.000000
519 0.000000
520 0.000000
521 0.000000
522 0.000000
523 0.000002
524 0.999989
525 0.000524
526 0.000009
527 0.000001
528 0.000001
529 0.000099
530 0.011086
531 0.009722
532 0.009420
533 0.008666
534 0.000167
535 0.000111
536 0.000046
537 0.000001
538 0.000000
539 0.000000
540 0.000000
541 0.000000
542 0.000000
543 0.000000
544 0.000000
545 0.000000
546 0.000000
547 0.000001
548 0.000001
549 0.000000
550 0.000000
551 0.000001
552 0.000158
553 0.013618
554 0.000257
555 0.000008
556 0.000002
557 0.000082
558 0.005431
559 0.007625
560 0.008297
561 0.008343
562 0.000269
563 0.000184
564 0.000021
565 0.000002
566 0.000002
567 0.000001
568 0.000000
569 0.000000
570 0.000000
571 0.000000
572 0.000000
573 0.000000
574 0.000001
575 0.000002
576 0.000001
577 0.000000
578 0.000000
579 0.000000
580 0.000002
581 0.000060
582 0.004955
583 0.000251
584 0.000113
585 0.004813
586 0.004853
587 0.004999
588 0.008218
589 0.008294
590 0.002191
591 0.000287
592 0.000005
593 0.000002
594 0.000002
595 0.000000
596 0.000000
597 0.000000
598 0.000000
599 0.000000
600 0.000001
601 0.000002
602 0.000003
603 0.000001
604 0.000000
605 0.000000
606 0.000000
607 0.000000
608 0.000000
609 0.000002
610 0.000172
611 0.009923
612 0.008516
613 0.005831
614 0.005250
615 0.004997
616 0.008784
617 0.010004
618 0.010006
619 0.001423
620 0.000028
621 0.000004
622 0.000001
623 0.000000
624 0.000000
625 0.000001
626 0.000001
627 0.000004
628 0.000132
629 0.000134
630 0.000013
631 0.000000
632 0.000000
633 0.000000
634 0.000000
635 0.000000
636 0.000000
637 0.000001
638 0.000071
639 0.004243
640 0.008678
641 0.010008
642 0.000000
643 0.000001
644 0.010004
645 0.010006
646 0.010006
647 0.010005
648 0.004610
649 0.000025
650 0.000002
651 0.000005
652 0.000013
653 0.000055
654 0.000045
655 0.000065
656 0.000321
657 0.003207
658 0.000453
659 0.000002
660 0.000000
661 0.000000
662 0.000000
663 0.000000
664 0.000001
665 0.000021
666 0.000986
667 0.002219
668 0.004373
669 0.000000
670 0.000000
671 0.000001
672 0.000000
673 0.010006
674 0.010005
675 0.010003
676 0.006625
677 0.003000
678 0.000172
679 0.000130
680 0.000719
681 0.000305
682 0.000120
683 0.000113
684 0.000494
685 0.999839
686 0.000445
687 0.000025
688 0.000005
689 0.000034
690 0.000084
691 0.000048
692 0.000101
693 0.000581
694 0.000637
695 0.001232
696 0.000000
697 0.000000
698 0.000000
699 0.000000
700 0.000000
701 0.000000
702 0.010003
703 0.007474
704 0.003569
705 0.001642
706 0.000945
707 0.000862
708 0.000785
709 0.000636
710 0.000321
711 0.000220
712 0.000846
713 0.002607
714 0.000625
715 0.000042
716 0.000021
717 0.000063
718 0.000460
719 0.000480
720 0.000502
721 0.000606
722 0.000731
723 0.000000
724 0.000001
725 0.000001
726 0.000000
727 0.000000
728 0.000000
729 0.000000
730 0.000000
731 0.000000
732 0.001983
733 0.001199
734 0.000946
735 0.000903
736 0.000862
737 0.000703
738 0.001258
739 0.000665
740 0.001474
741 0.000843
742 0.000698
743 0.000099
744 0.000080
745 0.000151
746 0.000480
747 0.000581
748 0.000606
749 0.000731
750 0.000000
751 0.000000
752 0.000000
753 0.000000
754 0.000000
755 0.000000
756 0.000000
757 0.000000
758 0.000000
759 0.000000
760 0.000000
761 0.001201
762 0.001149
763 0.000946
764 0.000903
765 0.001021
766 0.002600
767 0.002569
768 0.001040
769 0.000361
770 0.000317
771 0.000234
772 0.000260
773 0.000559
774 0.000481
775 0.000525
776 0.000633
777 0.000000
778 0.000056
779 0.000036
780 0.000000
781 0.000000
782 0.000000
783 0.000000
