0 0.003356
1 0.003225
2 0.002795
3 0.002981
4 0.002566
5 0.002195
6 0.002002
7 0.002402
8 0.001009
9 0.000336
10 0.000678
11 0.001380
12 0.001669
13 0.000651
14 0.000260
15 0.000108
16 0.000052
17 0.000032
18 0.000118
19 0.000471
20 0.001061
21 0.001113
22 0.001367
23 0.001430
24 0.001288
25 0.001370
26 0.001827
27 0.002647
28 0.002917
29 0.003101
30 0.002678
31 0.002566
32 0.002459
33 0.002258
34 0.001913
35 0.001215
36 0.000234
37 0.000143
38 0.000536
39 0.001470
40 0.001733
41 0.001147
42 0.000363
43 0.000077
44 0.000036
45 0.000029
46 0.000049
47 0.000278
48 0.000857
49 0.001061
50 0.000000
51 0.000000
52 0.001255
53 0.001699
54 0.002538
55 0.004856
56 0.003101
57 0.002678
58 0.002566
59 0.002459
60 0.002258
61 0.001913
62 0.001827
63 0.000514
64 0.000072
65 0.000071
66 0.000380
67 0.001375
68 0.001603
69 0.001719
70 0.000408
71 0.000087
72 0.000027
73 0.000020
74 0.000024
75 0.000111
76 0.000000
77 0.000000
78 0.000000
79 0.000000
80 0.000000
81 0.002434
82 0.004753
83 0.007662
84 0.002981
85 0.002566
86 0.002195
87 0.002002
88 0.001913
89 0.001827
90 0.001668
91 0.000196
92 0.000027
93 0.000048
94 0.000250
95 0.000598
96 0.001610
97 0.001638
98 0.000682
99 0.000109
100 0.000029
101 0.000006
102 0.000000
103 0.000000
104 0.000000
105 0.000000
106 0.000000
107 0.000000
108 0.000000
109 0.004899
110 0.007608
111 0.009777
112 0.002566
113 0.002459
114 0.002002
115 0.001913
116 0.000000
117 0.000000
118 0.000000
119 0.000000
120 0.000000
121 0.000023
122 0.000144
123 0.000327
124 0.000788
125 0.001097
126 0.000667
127 0.000009
128 0.000000
129 0.000000
130 0.000000
131 0.000000
132 0.000000
133 0.000000
134 0.000000
135 0.000000
136 0.000053
137 0.007497
138 0.009916
139 0.010752
140 0.002459
141 0.002096
142 0.001913
143 0.001827
144 0.000000
145 0.000000
146 0.000000
147 0.000000
148 0.000000
149 0.000000
150 0.000000
151 0.000000
152 0.000010
153 0.000002
154 0.000000
155 0.000000
156 0.000000
157 0.000000
158 0.000000
159 0.000000
160 0.000000
161 0.000000
162 0.000000
163 0.000000
164 0.008543
165 0.010188
166 0.010688
167 0.009917
168 0.002096
169 0.001913
170 0.001827
171 0.001668
172 0.000000
173 0.000000
174 0.000000
175 0.000000
176 0.000000
177 0.000000
178 0.000000
179 0.000000
180 0.000000
181 0.000000
182 0.000000
183 0.000000
184 0.000000
185 0.000000
186 0.000000
187 0.000000
188 0.000000
189 0.000000
190 0.000000
191 0.000001
192 0.010543
193 0.010617
194 0.009351
195 0.008184
196 0.001913
197 0.001827
198 0.001534
199 0.001392
200 0.000001
201 0.000000
202 0.000000
203 0.000000
204 0.000000
205 0.000000
206 0.000000
207 0.000000
208 0.000000
209 0.000000
210 0.000000
211 0.000000
212 0.000000
213 0.000000
214 0.000000
215 0.000000
216 0.000000
217 0.000000
218 0.000000
219 0.000278
220 0.010313
221 0.008375
222 0.006901
223 0.003968
224 0.001827
225 0.001534
226 0.001392
227 0.001326
228 0.001041
229 0.000000
230 0.000000
231 0.000000
232 0.000000
233 0.000000
234 0.000000
235 0.000000
236 0.000000
237 0.000000
238 0.000000
239 0.000000
240 0.000000
241 0.000000
242 0.000000
243 0.000000
244 0.000001
245 0.000000
246 0.000000
247 0.994446
248 0.007864
249 0.004490
250 0.002778
251 0.001681
252 0.001746
253 0.001392
254 0.001326
255 0.000742
256 0.000146
257 0.000000
258 0.000000
259 0.000000
260 0.000000
261 0.000000
262 0.000000
263 0.000000
264 0.000000
265 0.000000
266 0.000000
267 0.000000
268 0.000000
269 0.000000
270 0.000000
271 0.000000
272 0.000000
273 0.000000
274 0.000000
275 0.000176
276 0.000317
277 0.000435
278 0.000504
279 0.000900
280 0.001392
281 0.000461
282 0.000226
283 0.000056
284 0.000024
285 0.000000
286 0.000000
287 0.000000
288 0.000000
289 0.000000
290 0.000000
291 0.000000
292 0.000000
293 0.000000
294 0.000000
295 0.000000
296 0.000000
297 0.000000
298 0.000002
299 0.000000
300 0.000000
301 0.000000
302 0.000000
303 0.000005
304 0.000008
305 0.000012
306 0.000025
307 0.000063
308 0.000291
309 0.000102
310 0.000035
311 0.000014
312 0.000001
313 0.000000
314 0.000000
315 0.000000
316 0.000000
317 0.000000
318 0.000000
319 0.000000
320 0.000000
321 0.000000
322 0.000000
323 0.000000
324 0.000000
325 0.000005
326 0.999999
327 0.000001
328 0.000000
329 0.000000
330 0.000000
331 0.000001
332 0.000001
333 0.000002
334 0.000003
335 0.000009
336 0.000166
337 0.000060
338 0.000026
339 0.000012
340 0.000000
341 0.000000
342 0.000000
343 0.000000
344 0.000000
345 0.000000
346 0.000000
347 0.000000
348 0.000000
349 0.000000
350 0.000000
351 0.000000
352 0.000000
353 0.000009
354 0.000010
355 0.000000
356 0.000000
357 0.000000
358 0.000000
359 0.000000
360 0.000008
361 0.000005
362 0.000004
363 0.000004
364 0.000361
365 0.000200
366 0.000071
367 0.000024
368 0.000000
369 0.000000
370 0.000000
371 0.000000
372 0.000000
373 0.000000
374 0.000000
375 0.000000
376 0.000000
377 0.000000
378 0.000000
379 0.000000
380 0.000001
381 0.000002
382 0.000000
383 0.000000
384 0.000000
385 0.000000
386 0.000000
387 0.000001
388 0.000022
389 0.000040
390 0.000019
391 0.000013
392 0.000448
393 0.000338
394 0.000147
395 0.000009
396 0.000000
397 0.000000
398 0.000018
399 0.000000
400 0.000000
401 0.000000
402 0.000000
403 0.000000
404 0.000000
405 0.000000
406 0.000000
407 0.000000
408 0.000001
409 0.000000
410 0.000000
411 0.000000
412 0.000000
413 0.000000
414 0.000000
415 0.000000
416 0.000011
417 0.000252
418 0.000150
419 0.000067
420 0.000116
421 0.000146
422 0.000184
423 0.000008
424 0.000002
425 0.000036
426 0.001192
427 0.000000
428 0.000000
429 0.000000
430 0.000000
431 0.000000
432 0.000000
433 0.000000
434 0.000000
435 0.000000
436 0.000000
437 0.000000
438 0.000000
439 0.000000
440 0.000000
441 0.000000
442 0.000000
443 0.000000
444 0.000001
445 0.000274
446 0.000366
447 0.000672
448 0.000059
449 0.000047
450 0.000135
451 0.000003
452 0.000010
453 0.999998
454 0.000293
455 0.000000
456 0.000000
457 0.000000
458 0.000000
459 0.000000
460 0.000000
461 0.000000
462 0.000000
463 0.000000
464 0.000000
465 0.000000
466 0.000000
467 0.000000
468 0.000000
469 0.000000
470 0.000000
471 0.000000
472 0.000000
473 0.000043
474 0.000719
475 0.001880
476 0.000205
477 0.000211
478 0.000082
479 0.000004
480 0.000019
481 0.000557
482 0.000003
483 0.000000
484 0.000000
485 0.000000
486 0.000000
487 0.000000
488 0.000000
489 0.000000
490 0.000000
491 0.000000
492 0.000000
493 0.000000
494 0.000000
495 0.000000
496 0.000002
497 0.000004
498 0.000000
499 0.000000
500 0.000000
501 0.000004
502 0.000729
503 0.003185
504 0.002336
505 0.002972
506 0.000118
507 0.000013
508 0.000125
509 0.000003
510 0.000000
511 0.000000
512 0.000000
513 0.000000
514 0.000000
515 0.000000
516 0.000000
517 0.000000
518 0.000000
519 0.000000
520 0.000000
521 0.000000
522 0.000000
523 0.000000
524 0.000001
525 0.000282
526 0.000053
527 0.000000
528 0.000000
529 0.000002
530 0.000415
531 0.000949
532 0.005865
533 0.010001
534 0.000240
535 0.000053
536 0.000212
537 0.000000
538 0.000000
539 0.000000
540 0.000000
541 0.000000
542 0.000000
543 0.000000
544 0.000000
545 0.000000
546 0.000000
547 0.000000
548 0.000000
549 0.000000
550 0.000000
551 0.000000
552 0.000000
553 0.000039
554 0.999996
555 0.000075
556 0.000001
557 0.000009
558 0.000192
559 0.000287
560 0.010001
561 0.006249
562 0.000217
563 0.000450
564 0.000015
565 0.000000
566 0.000000
567 0.000000
568 0.000000
569 0.000000
570 0.000000
571 0.000000
572 0.000000
573 0.000000
574 0.000000
575 0.000000
576 0.000000
577 0.000000
578 0.000000
579 0.000000
580 0.000000
581 0.000001
582 0.000088
583 0.003522
584 0.000217
585 0.001773
586 0.000643
587 0.000329
588 0.006340
589 0.002693
590 0.000478
591 0.000027
592 0.000002
593 0.000000
594 0.000000
595 0.000000
596 0.000000
597 0.000000
598 0.000000
599 0.000000
600 0.000000
601 0.000000
602 0.000000
603 0.000000
604 0.000000
605 0.000000
606 0.000000
607 0.000000
608 0.000000
609 0.000000
610 0.000004
611 0.000784
612 0.007359
613 0.005505
614 0.002396
615 0.001116
616 0.002913
617 0.001443
618 0.000807
619 0.000163
620 0.000001
621 0.000000
622 0.000000
623 0.000000
624 0.000000
625 0.000000
626 0.000000
627 0.000000
628 0.000000
629 0.000000
630 0.000000
631 0.000000
632 0.000000
633 0.000000
634 0.000000
635 0.000000
636 0.000000
637 0.000000
638 0.000005
639 0.000763
640 0.002337
641 0.007438
642 0.000000
643 0.000000
644 0.001628
645 0.001088
646 0.001039
647 0.000848
648 0.000316
649 0.000002
650 0.000000
651 0.000000
652 0.000001
653 0.000006
654 0.000002
655 0.000001
656 0.000003
657 0.000005
658 0.000001
659 0.000000
660 0.000000
661 0.000000
662 0.000000
663 0.000000
664 0.000000
665 0.000004
666 0.000105
667 0.000290
668 0.000830
669 0.000000
670 0.000000
671 0.000000
672 0.000000
673 0.001140
674 0.001088
675 0.000890
676 0.000992
677 0.000838
678 0.000017
679 0.000021
680 0.000132
681 0.001432
682 0.001080
683 0.000066
684 0.000012
685 0.000004
686 0.000001
687 0.000001
688 0.000001
689 0.000004
690 0.000011
691 0.000007
692 0.000016
693 0.000098
694 0.000113
695 0.000152
696 0.000000
697 0.000000
698 0.000000
699 0.000000
700 0.000000
701 0.000000
702 0.001140
703 0.001088
704 0.001046
705 0.001231
706 0.002279
707 0.006023
708 0.010001
709 0.010001
710 0.003326
711 0.000238
712 0.000013
713 0.000002
714 0.000001
715 0.000001
716 0.000001
717 0.000008
718 0.000067
719 0.000072
720 0.000078
721 0.000105
722 0.000142
723 0.000000
724 0.000000
725 0.000000
726 0.000000
727 0.000000
728 0.000000
729 0.000000
730 0.000000
731 0.000000
732 0.001144
733 0.002407
734 0.004530
735 0.010000
736 0.010001
737 0.010001
738 0.010001
739 0.000631
740 0.000017
741 0.000002
742 0.000001
743 0.000001
744 0.000004
745 0.000021
746 0.000072
747 0.000098
748 0.000105
749 0.000142
750 0.000000
751 0.000000
752 0.000000
753 0.000000
754 0.000000
755 0.000000
756 0.000000
757 0.000000
758 0.000000
759 0.000000
760 0.000000
761 0.003972
762 0.008535
763 0.010001
764 0.010001
765 0.010001
766 0.010000
767 0.001026
768 0.000025
769 0.000002
770 0.000002
771 0.000002
772 0.000008
773 0.000055
774 0.000072
775 0.000084
776 0.000113
777 0.000000
778 0.000010
779 0.000007
780 0.000000
781 0.000000
782 0.000000
783 0.000000
