0 0.004243
1 0.003776
2 0.004364
3 0.006176
4 0.008180
5 0.010002
6 0.010003
7 0.009044
8 0.001312
9 0.000157
10 0.000072
11 0.000064
12 0.000069
13 0.000086
14 0.000166
15 0.000571
16 0.000967
17 0.002020
18 0.003491
19 0.006020
20 0.006555
21 0.005362
22 0.003245
23 0.001948
24 0.001338
25 0.001650
26 0.002573
27 0.003414
28 0.005252
29 0.003982
30 0.003222
31 0.004128
32 0.005984
33 0.008954
34 0.010003
35 0.006482
36 0.000939
37 0.000136
38 0.000065
39 0.000049
40 0.000050
41 0.000062
42 0.000148
43 0.000504
44 0.001552
45 0.002662
46 0.004214
47 0.005773
48 0.005456
49 0.003181
50 0.000011
51 0.000000
52 0.001520
53 0.002439
54 0.003164
55 0.006034
56 0.007149
57 0.005238
58 0.004102
59 0.002996
60 0.003799
61 0.005708
62 0.008897
63 0.003028
64 0.000581
65 0.000153
66 0.000110
67 0.000043
68 0.000032
69 0.000046
70 0.000117
71 0.000477
72 0.002116
73 0.003134
74 0.004054
75 0.005443
76 0.000108
77 0.000010
78 0.000003
79 0.000000
80 0.000001
81 0.003067
82 0.006034
83 0.007953
84 0.009796
85 0.007262
86 0.005127
87 0.003613
88 0.002420
89 0.003595
90 0.005445
91 0.001226
92 0.000246
93 0.000199
94 0.000115
95 0.000062
96 0.000028
97 0.000072
98 0.000124
99 0.000452
100 0.001466
101 0.002579
102 0.000158
103 0.000013
104 0.000019
105 0.000005
106 0.000000
107 0.000004
108 0.000008
109 0.006212
110 0.007953
111 0.009019
112 0.012983
113 0.010649
114 0.007447
115 0.005182
116 0.000000
117 0.000000
118 0.000000
119 0.000000
120 0.000002
121 0.000065
122 0.000172
123 0.000092
124 0.000100
125 0.000094
126 0.000227
127 0.000085
128 0.000048
129 0.000014
130 0.000011
131 0.000023
132 0.000009
133 0.000006
134 0.000004
135 0.000004
136 0.006212
137 0.007933
138 0.008876
139 0.009346
140 0.015342
141 0.013762
142 0.011730
143 0.008677
144 0.000000
145 0.000000
146 0.000000
147 0.000000
148 0.000000
149 0.000000
150 0.000000
151 0.000001
152 0.000006
153 0.000006
154 0.000013
155 0.000003
156 0.000002
157 0.000007
158 0.000046
159 0.000054
160 0.000110
161 0.000003
162 0.000004
163 0.000072
164 0.008421
165 0.008736
166 0.009197
167 0.008158
168 0.012624
169 0.015112
170 0.014396
171 0.011036
172 0.000156
173 0.000000
174 0.000000
175 0.000000
176 0.000000
177 0.000000
178 0.000000
179 0.000000
180 0.000000
181 0.000000
182 0.000000
183 0.000000
184 0.000000
185 0.000012
186 0.000066
187 0.000082
188 0.000012
189 0.000004
190 0.000015
191 0.007186
192 0.009128
193 0.009050
194 0.007675
195 0.008226
196 0.006609
197 0.011063
198 0.014920
199 0.014670
200 0.006760
201 0.000017
202 0.000000
203 0.000000
204 0.000000
205 0.000000
206 0.000002
207 0.000001
208 0.000000
209 0.000000
210 0.000000
211 0.000000
212 0.000001
213 0.000000
214 0.000001
215 0.000001
216 0.000000
217 0.000003
218 0.000061
219 0.005589
220 0.009243
221 0.007871
222 0.008390
223 0.008528
224 0.006021
225 0.006143
226 0.007999
227 0.014683
228 0.014673
229 0.000213
230 0.000000
231 0.000000
232 0.000000
233 0.000000
234 0.000000
235 0.000012
236 0.000506
237 0.000182
238 0.000090
239 0.000040
240 0.000001
241 0.000000
242 0.000000
243 0.000000
244 0.000000
245 0.000001
246 0.000222
247 0.000892
248 0.001258
249 0.002020
250 0.002057
251 0.001683
252 0.006991
253 0.005808
254 0.005579
255 0.005318
256 0.005088
257 0.000070
258 0.000000
259 0.000000
260 0.000000
261 0.000000
262 0.000000
263 0.000001
264 0.000218
265 0.999990
266 0.035432
267 0.000236
268 0.000004
269 0.000000
270 0.000000
271 0.000000
272 0.000001
273 0.000011
274 0.000254
275 0.000242
276 0.000351
277 0.000267
278 0.000229
279 0.000201
280 0.010000
281 0.005285
282 0.002704
283 0.001484
284 0.001299
285 0.000012
286 0.000000
287 0.000000
288 0.000000
289 0.000000
290 0.000000
291 0.000001
292 0.000012
293 0.000970
294 0.002132
295 0.000593
296 0.000003
297 0.000002
298 0.000001
299 0.000001
300 0.000007
301 0.000438
302 0.000980
303 0.000561
304 0.000210
305 0.000084
306 0.000061
307 0.000050
308 0.004605
309 0.003283
310 0.002671
311 0.001115
312 0.000112
313 0.000002
314 0.000000
315 0.000000
316 0.000000
317 0.000007
318 0.000152
319 0.000028
320 0.000005
321 0.000003
322 0.000031
323 0.000033
324 0.000137
325 0.000011
326 0.000000
327 0.000000
328 0.000030
329 0.999990
330 0.002108
331 0.000692
332 0.000264
333 0.000105
334 0.000072
335 0.000077
336 0.002039
337 0.002062
338 0.001991
339 0.001717
340 0.000033
341 0.000001
342 0.000000
343 0.000000
344 0.000001
345 0.000040
346 0.001201
347 0.003518
348 0.000010
349 0.000000
350 0.000000
351 0.000023
352 0.000273
353 0.000019
354 0.000001
355 0.000000
356 0.000016
357 0.000681
358 0.000741
359 0.000371
360 0.000324
361 0.000230
362 0.000219
363 0.000156
364 0.000870
365 0.001184
366 0.001260
367 0.001831
368 0.000013
369 0.000001
370 0.000001
371 0.000003
372 0.000034
373 0.000220
374 0.000987
375 0.001950
376 0.000146
377 0.000001
378 0.000001
379 0.000010
380 0.000020
381 0.000010
382 0.000001
383 0.000001
384 0.000004
385 0.000023
386 0.000084
387 0.000113
388 0.000304
389 0.000380
390 0.000424
391 0.000424
392 0.000379
393 0.000404
394 0.000677
395 0.000195
396 0.000002
397 0.000000
398 0.000001
399 0.000035
400 0.000732
401 0.001324
402 0.000075
403 0.000042
404 0.000554
405 0.000176
406 0.000095
407 0.000004
408 0.000001
409 0.000000
410 0.000001
411 0.000000
412 0.000000
413 0.000001
414 0.000007
415 0.000036
416 0.000129
417 0.000359
418 0.000401
419 0.000424
420 0.000402
421 0.000435
422 0.000585
423 0.000017
424 0.000000
425 0.000000
426 0.000002
427 0.000383
428 0.999999
429 0.000909
430 0.000012
431 0.000005
432 0.000064
433 0.999999
434 0.003031
435 0.000020
436 0.000000
437 0.000000
438 0.000000
439 0.000000
440 0.000000
441 0.000000
442 0.000001
443 0.000010
444 0.000046
445 0.000280
446 0.000359
447 0.000401
448 0.000799
449 0.000697
450 0.000674
451 0.000002
452 0.000000
453 0.000000
454 0.000003
455 0.000417
456 0.001352
457 0.000145
458 0.000022
459 0.000002
460 0.000111
461 0.001943
462 0.002576
463 0.000035
464 0.000000
465 0.000000
466 0.000000
467 0.000000
468 0.000000
469 0.000000
470 0.000000
471 0.000001
472 0.000023
473 0.000147
474 0.000283
475 0.000479
476 0.003062
477 0.001829
478 0.000306
479 0.000000
480 0.000000
481 0.000000
482 0.000005
483 0.000050
484 0.000007
485 0.000009
486 0.000005
487 0.000027
488 0.000014
489 0.000008
490 0.000007
491 0.000001
492 0.000000
493 0.000000
494 0.000000
495 0.000000
496 0.000000
497 0.000000
498 0.000000
499 0.000000
500 0.000009
501 0.000099
502 0.000934
503 0.001888
504 0.010001
505 0.006512
506 0.000131
507 0.000000
508 0.000000
509 0.000002
510 0.000061
511 0.000002
512 0.000001
513 0.000000
514 0.000008
515 0.000002
516 0.000000
517 0.000000
518 0.000000
519 0.000000
520 0.000000
521 0.000000
522 0.000000
523 0.000000
524 0.000000
525 0.000000
526 0.000000
527 0.000000
528 0.000002
529 0.000118
530 0.004003
531 0.010006
532 0.010002
533 0.010002
534 0.000089
535 0.000001
536 0.000004
537 0.000067
538 0.000033
539 0.000002
540 0.000000
541 0.000001
542 0.000001
543 0.000000
544 0.000000
545 0.000000
546 0.000000
547 0.000000
548 0.000000
549 0.000000
550 0.000000
551 0.000000
552 0.000000
553 0.000000
554 0.000000
555 0.000000
556 0.000008
557 0.000208
558 0.005382
559 0.007670
560 0.010001
561 0.010001
562 0.000076
563 0.000002
564 0.000023
565 0.000308
566 0.000030
567 0.000006
568 0.000004
569 0.000001
570 0.000000
571 0.000000
572 0.000000
573 0.000000
574 0.000000
575 0.000000
576 0.000000
577 0.000000
578 0.000001
579 0.000002
580 0.000001
581 0.000001
582 0.000001
583 0.000002
584 0.000025
585 0.001721
586 0.002896
587 0.004868
588 0.010000
589 0.010000
590 0.000652
591 0.000043
592 0.000101
593 0.000022
594 0.000026
595 0.000015
596 0.000007
597 0.000001
598 0.000000
599 0.000000
600 0.000000
601 0.000000
602 0.000000
603 0.000000
604 0.000000
605 0.000000
606 0.000002
607 0.000012
608 0.000017
609 0.000008
610 0.000007
611 0.000032
612 0.001089
613 0.001211
614 0.001773
615 0.002628
616 0.010000
617 0.009674
618 0.006434
619 0.000504
620 0.000026
621 0.000008
622 0.000007
623 0.000003
624 0.000001
625 0.000000
626 0.000000
627 0.000000
628 0.000000
629 0.000000
630 0.000000
631 0.000000
632 0.000000
633 0.000001
634 0.000002
635 0.000005
636 0.000006
637 0.000025
638 0.000101
639 0.001422
640 0.001130
641 0.001321
642 0.000000
643 0.000000
644 0.009726
645 0.007181
646 0.004783
647 0.003714
648 0.001926
649 0.000021
650 0.000004
651 0.000001
652 0.000001
653 0.000001
654 0.000004
655 0.000022
656 0.000157
657 0.000323
658 0.000133
659 0.000026
660 0.000020
661 0.000015
662 0.000011
663 0.000013
664 0.000032
665 0.000472
666 0.004522
667 0.002742
668 0.001714
669 0.000000
670 0.000000
671 0.000000
672 0.000000
673 0.004945
674 0.003875
675 0.004817
676 0.007133
677 0.010001
678 0.000147
679 0.000074
680 0.000100
681 0.000317
682 0.002062
683 0.002009
684 0.001743
685 0.000729
686 0.000358
687 0.000306
688 0.000566
689 0.001322
690 0.000747
691 0.000926
692 0.002738
693 0.010001
694 0.007781
695 0.004650
696 0.000000
697 0.000000
698 0.000000
699 0.000000
700 0.000000
701 0.000000
702 0.004964
703 0.006680
704 0.010001
705 0.010001
706 0.010000
707 0.006455
708 0.004102
709 0.002423
710 0.002173
711 0.002062
712 0.002009
713 0.001375
714 0.001042
715 0.000892
716 0.000670
717 0.000799
718 0.001889
719 0.003785
720 0.007560
721 0.010001
722 0.010001
723 0.000000
724 0.000000
725 0.000000
726 0.000000
727 0.000000
728 0.000000
729 0.000000
730 0.000000
731 0.000000
732 0.010001
733 0.010000
734 0.007754
735 0.005073
736 0.003063
737 0.002548
738 0.002423
739 0.002363
740 0.002305
741 0.002622
742 0.002263
743 0.001995
744 0.000907
745 0.000831
746 0.001156
747 0.002585
748 0.005096
749 0.010001
750 0.000000
751 0.000000
752 0.000000
753 0.000000
754 0.000000
755 0.000000
756 0.000000
757 0.000000
758 0.000000
759 0.000000
760 0.000000
761 0.009214
762 0.006111
763 0.003742
764 0.002897
765 0.002828
766 0.002762
767 0.002697
768 0.002364
769 0.003905
770 0.005437
771 0.003112
772 0.001398
773 0.000976
774 0.000897
775 0.001590
776 0.003072
777 0.000000
778 0.000905
779 0.000609
780 0.000006
781 0.000000
782 0.000000
783 0.000000
