0 0.001880
1 0.001771
2 0.001428
3 0.001629
4 0.002116
5 0.002900
6 0.008231
7 0.014379
8 0.000156
9 0.000002
10 0.000001
11 0.000001
12 0.000001
13 0.000001
14 0.000001
15 0.000001
16 0.000001
17 0.000001
18 0.000002
19 0.000009
20 0.000032
21 0.000036
22 0.000055
23 0.000061
24 0.000049
25 0.000054
26 0.000083
27 0.000091
28 0.001523
29 0.001669
30 0.001339
31 0.001256
32 0.001409
33 0.002578
34 0.005405
35 0.002985
36 0.000041
37 0.000002
38 0.000001
39 0.000001
40 0.000001
41 0.000001
42 0.000001
43 0.000001
44 0.000001
45 0.000001
46 0.000001
47 0.000005
48 0.000021
49 0.000032
50 0.000048
51 0.000056
52 0.000044
53 0.000068
54 0.000054
55 0.000083
56 0.001669
57 0.001339
58 0.001256
59 0.001179
60 0.001038
61 0.001357
62 0.002688
63 0.000198
64 0.000009
65 0.000002
66 0.000002
67 0.000001
68 0.000001
69 0.000001
70 0.000001
71 0.000001
72 0.000001
73 0.000001
74 0.000001
75 0.000002
76 0.000032
77 0.000029
78 0.000032
79 0.000036
80 0.000056
81 0.000044
82 0.000068
83 0.000054
84 0.001573
85 0.001256
86 0.000995
87 0.000868
88 0.000811
89 0.000795
90 0.001315
91 0.000015
92 0.000002
93 0.000002
94 0.000002
95 0.000001
96 0.000001
97 0.000001
98 0.000001
99 0.000001
100 0.000001
101 0.000001
102 0.000001
103 0.000001
104 0.000006
105 0.000024
106 0.000029
107 0.000045
108 0.000049
109 0.000040
110 0.000044
111 0.000068
112 0.001256
113 0.001178
114 0.000868
115 0.000811
116 0.000000
117 0.000000
118 0.000000
119 0.000000
120 0.000001
121 0.000001
122 0.000002
123 0.000002
124 0.000001
125 0.000001
126 0.000001
127 0.000001
128 0.000001
129 0.000001
130 0.000001
131 0.000001
132 0.000002
133 0.000017
134 0.000024
135 0.000037
136 0.000043
137 0.000026
138 0.000040
139 0.000061
140 0.001178
141 0.000929
142 0.000811
143 0.000758
144 0.000000
145 0.000000
146 0.000000
147 0.000000
148 0.000000
149 0.000000
150 0.000001
151 0.000001
152 0.000001
153 0.000001
154 0.000001
155 0.000001
156 0.000001
157 0.000001
158 0.000001
159 0.000001
160 0.000001
161 0.000007
162 0.000024
163 0.000024
164 0.000027
165 0.000023
166 0.000036
167 0.000040
168 0.000929
169 0.000811
170 0.000758
171 0.000662
172 0.000000
173 0.000000
174 0.000000
175 0.000000
176 0.000000
177 0.000000
178 0.000000
179 0.000000
180 0.000001
181 0.000001
182 0.000001
183 0.000001
184 0.000001
185 0.000001
186 0.000001
187 0.000001
188 0.000001
189 0.000002
190 0.000019
191 0.000023
192 0.000017
193 0.000019
194 0.000021
195 0.000111
196 0.000839
197 0.000758
198 0.000585
199 0.000507
200 0.000001
201 0.000000
202 0.000000
203 0.000000
204 0.000000
205 0.000000
206 0.000000
207 0.000000
208 0.000001
209 0.000001
210 0.000001
211 0.000001
212 0.000001
213 0.000000
214 0.000001
215 0.000001
216 0.000001
217 0.000001
218 0.000001
219 0.000001
220 0.000017
221 0.000019
222 0.000084
223 0.000248
224 0.000794
225 0.000613
226 0.000525
227 0.000472
228 0.000332
229 0.000000
230 0.000000
231 0.000000
232 0.000000
233 0.000001
234 0.000001
235 0.000000
236 0.000001
237 0.000001
238 0.000001
239 0.000001
240 0.000001
241 0.000001
242 0.000000
243 0.000000
244 0.000000
245 0.000001
246 0.000001
247 0.000001
248 0.000001
249 0.000001
250 0.000001
251 0.000002
252 0.000742
253 0.000531
254 0.000494
255 0.000454
256 0.000336
257 0.000001
258 0.000000
259 0.000000
260 0.000000
261 0.000001
262 0.000001
263 0.000001
264 0.000001
265 0.000001
266 0.000001
267 0.000001
268 0.000001
269 0.000001
270 0.000000
271 0.000000
272 0.000000
273 0.000000
274 0.000001
275 0.000001
276 0.000001
277 0.000001
278 0.000001
279 0.000001
280 0.000507
281 0.000439
282 0.000500
283 0.000366
284 0.000348
285 0.000001
286 0.000000
287 0.000000
288 0.000000
289 0.000000
290 0.000001
291 0.000001
292 0.000001
293 0.000001
294 0.000001
295 0.000001
296 0.000001
297 0.000001
298 0.000001
299 0.000000
300 0.000000
301 0.000000
302 0.000001
303 0.000001
304 0.000001
305 0.000001
306 0.000001
307 0.000001
308 0.000667
309 0.000520
310 0.000360
311 0.000282
312 0.000003
313 0.000001
314 0.000000
315 0.000000
316 0.000000
317 0.000000
318 0.000000
319 0.000001
320 0.000001
321 0.000001
322 0.000001
323 0.000001
324 0.000001
325 0.000001
326 0.000001
327 0.000001
328 0.000000
329 0.000000
330 0.000001
331 0.000001
332 0.000001
333 0.000001
334 0.000001
335 0.000001
336 0.000610
337 0.000498
338 0.000404
339 0.000242
340 0.000001
341 0.000001
342 0.000000
343 0.000000
344 0.000000
345 0.000000
346 0.000000
347 0.000000
348 0.000001
349 0.000001
350 0.000001
351 0.000001
352 0.000001
353 0.000001
354 0.000001
355 0.000001
356 0.000001
357 0.000000
358 0.000001
359 0.000001
360 0.000001
361 0.000001
362 0.000001
363 0.000001
364 0.000511
365 0.000498
366 0.000427
367 0.000272
368 0.000001
369 0.000001
370 0.000001
371 0.000000
372 0.000000
373 0.000000
374 0.000000
375 0.000000
376 0.000000
377 0.000001
378 0.000001
379 0.000001
380 0.000001
381 0.000001
382 0.000002
383 0.000001
384 0.000001
385 0.000000
386 0.000000
387 0.000001
388 0.000001
389 0.000001
390 0.000001
391 0.000001
392 0.000284
393 0.000282
394 0.000280
395 0.000002
396 0.000001
397 0.000001
398 0.000001
399 0.000000
400 0.000000
401 0.000000
402 0.000000
403 0.000000
404 0.000000
405 0.000000
406 0.000001
407 0.000001
408 0.000001
409 0.000002
410 0.000003
411 0.000002
412 0.000001
413 0.000000
414 0.000000
415 0.000000
416 0.000001
417 0.000001
418 0.000001
419 0.000001
420 0.000282
421 0.000154
422 0.000142
423 0.000001
424 0.000001
425 0.000001
426 0.000001
427 0.000000
428 0.000000
429 0.000000
430 0.000000
431 0.000000
432 0.000000
433 0.000000
434 0.000000
435 0.000001
436 0.000001
437 0.000001
438 0.000003
439 0.000004
440 0.000002
441 0.000001
442 0.000000
443 0.000000
444 0.000001
445 0.000001
446 0.000001
447 0.000001
448 0.000300
449 0.000139
450 0.000111
451 0.000001
452 0.000001
453 0.000001
454 0.000001
455 0.000001
456 0.000000
457 0.000000
458 0.000000
459 0.000000
460 0.000000
461 0.000000
462 0.000000
463 0.000001
464 0.000001
465 0.000001
466 0.000001
467 0.000004
468 0.000005
469 0.000001
470 0.000001
471 0.000001
472 0.000001
473 0.000001
474 0.000001
475 0.000002
476 0.001573
477 0.000648
478 0.000009
479 0.000001
480 0.000001
481 0.000001
482 0.000001
483 0.000001
484 0.000000
485 0.000000
486 0.000000
487 0.000000
488 0.000000
489 0.000000
490 0.000000
491 0.000000
492 0.000000
493 0.000001
494 0.000001
495 0.000002
496 0.000020
497 0.000015
498 0.000002
499 0.000001
500 0.000001
501 0.000001
502 0.000001
503 0.000001
504 0.012119
505 0.006035
506 0.000002
507 0.000001
508 0.000001
509 0.000001
510 0.000001
511 0.000001
512 0.000000
513 0.000000
514 0.000000
515 0.000000
516 0.000000
517 0.000000
518 0.000000
519 0.000000
520 0.000000
521 0.000000
522 0.000001
523 0.000002
524 0.000013
525 0.999982
526 0.000022
527 0.000002
528 0.000001
529 0.000001
530 0.000001
531 0.000001
532 0.012128
533 0.012159
534 0.000001
535 0.000001
536 0.000001
537 0.000001
538 0.000001
539 0.000001
540 0.000001
541 0.000000
542 0.000000
543 0.000000
544 0.000000
545 0.000000
546 0.000000
547 0.000000
548 0.000001
549 0.000001
550 0.000001
551 0.000001
552 0.000002
553 0.000008
554 0.002675
555 0.000004
556 0.000001
557 0.000001
558 0.000001
559 0.000001
560 0.012020
561 0.012035
562 0.000001
563 0.000001
564 0.000001
565 0.000001
566 0.000001
567 0.000001
568 0.000001
569 0.000000
570 0.000000
571 0.000000
572 0.000000
573 0.000001
574 0.000001
575 0.000001
576 0.000001
577 0.000001
578 0.000001
579 0.000001
580 0.000001
581 0.000001
582 0.000004
583 0.000142
584 0.000012
585 0.000146
586 0.000012
587 0.000003
588 0.011917
589 0.012007
590 0.000015
591 0.000001
592 0.000001
593 0.000001
594 0.000001
595 0.000001
596 0.000001
597 0.000001
598 0.000001
599 0.000001
600 0.000001
601 0.000001
602 0.000001
603 0.000001
604 0.000001
605 0.000000
606 0.000000
607 0.000000
608 0.000000
609 0.000001
610 0.000001
611 0.000014
612 0.001579
613 0.003947
614 0.000331
615 0.000042
616 0.011867
617 0.011911
618 0.012006
619 0.000041
620 0.000001
621 0.000001
622 0.000001
623 0.000001
624 0.000001
625 0.000001
626 0.000001
627 0.000001
628 0.000001
629 0.000001
630 0.000001
631 0.000001
632 0.000000
633 0.000000
634 0.000000
635 0.000000
636 0.000000
637 0.000000
638 0.000001
639 0.000006
640 0.000071
641 0.001679
642 0.000001
643 0.000001
644 0.011842
645 0.011865
646 0.011886
647 0.011981
648 0.001043
649 0.000001
650 0.000001
651 0.000001
652 0.000001
653 0.000001
654 0.000001
655 0.000001
656 0.000001
657 0.000001
658 0.000001
659 0.000001
660 0.000001
661 0.000001
662 0.000000
663 0.000000
664 0.000000
665 0.000001
666 0.000001
667 0.000001
668 0.000007
669 0.000001
670 0.000001
671 0.000002
672 0.000001
673 0.011840
674 0.011863
675 0.011958
676 0.011910
677 0.012004
678 0.000002
679 0.000001
680 0.000004
681 0.000082
682 0.000023
683 0.000001
684 0.000001
685 0.000001
686 0.000001
687 0.000001
688 0.000001
689 0.000001
690 0.000001
691 0.000001
692 0.000001
693 0.000001
694 0.000001
695 0.000001
696 0.000001
697 0.000001
698 0.000001
699 0.000001
700 0.000001
701 0.000001
702 0.011840
703 0.011864
704 0.011886
705 0.011906
706 0.011994
707 0.012008
708 0.012052
709 0.012148
710 0.000432
711 0.000001
712 0.000001
713 0.000001
714 0.000001
715 0.000001
716 0.000001
717 0.000001
718 0.000001
719 0.000001
720 0.000001
721 0.000001
722 0.000001
723 0.000001
724 0.000001
725 0.000001
726 0.000001
727 0.000001
728 0.000001
729 0.000001
730 0.000001
731 0.000001
732 0.011862
733 0.011877
734 0.011964
735 0.011984
736 0.012012
737 0.012118
738 0.012183
739 0.000007
740 0.000001
741 0.000001
742 0.000001
743 0.000001
744 0.000001
745 0.000001
746 0.000001
747 0.000001
748 0.000001
749 0.000001
750 0.000000
751 0.000000
752 0.000000
753 0.000000
754 0.000001
755 0.000001
756 0.000001
757 0.000001
758 0.000001
759 0.000001
760 0.000001
761 0.011849
762 0.011866
763 0.011964
764 0.011996
765 0.012041
766 0.012088
767 0.000085
768 0.000001
769 0.000001
770 0.000001
771 0.000001
772 0.000001
773 0.000001
774 0.000001
775 0.000001
776 0.000001
777 0.000000
778 0.000001
779 0.000001
780 0.000000
781 0.000000
782 0.000000
783 0.000001
