0 0.005731
1 0.008895
2 0.010000
3 0.010000
4 0.016265
5 0.018239
6 0.014743
7 0.005831
8 0.000613
9 0.000067
10 0.000036
11 0.000030
12 0.000032
13 0.000031
14 0.000049
15 0.000122
16 0.000344
17 0.000308
18 0.000541
19 0.000855
20 0.000993
21 0.000912
22 0.001139
23 0.001196
24 0.001067
25 0.001125
26 0.001386
27 0.001456
28 0.003591
29 0.005504
30 0.007789
31 0.010000
32 0.010001
33 0.017936
34 0.017301
35 0.008708
36 0.000434
37 0.000050
38 0.000031
39 0.000022
40 0.000022
41 0.000027
42 0.000069
43 0.000239
44 0.000305
45 0.000175
46 0.000096
47 0.000275
48 0.000688
49 0.000866
50 0.000415
51 0.000000
52 0.001013
53 0.001256
54 0.001125
55 0.001386
56 0.002764
57 0.003346
58 0.004667
59 0.007662
60 0.010000
61 0.012131
62 0.019617
63 0.004649
64 0.000522
65 0.000058
66 0.000046
67 0.000024
68 0.000013
69 0.000030
70 0.000118
71 0.000326
72 0.000241
73 0.000060
74 0.000029
75 0.000076
76 0.000413
77 0.000078
78 0.000000
79 0.000000
80 0.000000
81 0.001013
82 0.001256
83 0.001125
84 0.002648
85 0.002253
86 0.002753
87 0.004343
88 0.007475
89 0.010000
90 0.012131
91 0.002319
92 0.000275
93 0.000118
94 0.000046
95 0.000031
96 0.000023
97 0.000054
98 0.000216
99 0.000301
100 0.000098
101 0.000013
102 0.000005
103 0.000028
104 0.000005
105 0.000000
106 0.000000
107 0.000000
108 0.000003
109 0.000961
110 0.001013
111 0.001256
112 0.002253
113 0.002152
114 0.001727
115 0.002452
116 0.000000
117 0.000000
118 0.000000
119 0.000000
120 0.000001
121 0.000047
122 0.000099
123 0.000046
124 0.000084
125 0.000154
126 0.000325
127 0.000016
128 0.000019
129 0.000005
130 0.000006
131 0.000000
132 0.000000
133 0.000000
134 0.000000
135 0.000000
136 0.000856
137 0.000768
138 0.000961
139 0.001202
140 0.002152
141 0.001813
142 0.001644
143 0.001566
144 0.000000
145 0.000000
146 0.000000
147 0.000000
148 0.000000
149 0.000000
150 0.000000
151 0.000000
152 0.000002
153 0.000007
154 0.000192
155 0.000014
156 0.000012
157 0.000001
158 0.000000
159 0.000000
160 0.000000
161 0.000000
162 0.000000
163 0.000031
164 0.000781
165 0.000727
166 0.000917
167 0.000966
168 0.001813
169 0.001644
170 0.001566
171 0.001421
172 0.000000
173 0.000000
174 0.000000
175 0.000000
176 0.000000
177 0.000000
178 0.000000
179 0.000000
180 0.000000
181 0.000000
182 0.000000
183 0.000000
184 0.000000
185 0.000000
186 0.000000
187 0.000000
188 0.000000
189 0.000000
190 0.000003
191 0.000398
192 0.000619
193 0.000654
194 0.000691
195 0.001320
196 0.001644
197 0.001566
198 0.001300
199 0.001172
200 0.000019
201 0.000000
202 0.000000
203 0.000000
204 0.000001
205 0.000000
206 0.000000
207 0.000000
208 0.000000
209 0.000000
210 0.000000
211 0.000000
212 0.000000
213 0.000000
214 0.000000
215 0.000000
216 0.000000
217 0.000000
218 0.000013
219 0.000142
220 0.000619
221 0.000664
222 0.001167
223 0.002253
224 0.001578
225 0.001300
226 0.001172
227 0.001113
228 0.000863
229 0.000000
230 0.000000
231 0.000000
232 0.000000
233 0.000004
234 0.000349
235 0.000840
236 0.000532
237 0.000001
238 0.000000
239 0.000000
240 0.000000
241 0.000000
242 0.000000
243 0.000000
244 0.000000
245 0.000000
246 0.000001
247 0.000019
248 0.000047
249 0.000144
250 0.000492
251 0.001255
252 0.001543
253 0.001192
254 0.001119
255 0.000728
256 0.000237
257 0.000000
258 0.000000
259 0.000000
260 0.000000
261 0.000001
262 0.000369
263 0.999996
264 0.000153
265 0.000000
266 0.000000
267 0.000000
268 0.000000
269 0.000000
270 0.000000
271 0.000000
272 0.000000
273 0.000000
274 0.000000
275 0.000004
276 0.000013
277 0.000051
278 0.000141
279 0.000295
280 0.001284
281 0.000546
282 0.000361
283 0.000846
284 0.003910
285 0.000003
286 0.000000
287 0.000000
288 0.000000
289 0.000000
290 0.000001
291 0.000004
292 0.000007
293 0.000000
294 0.000000
295 0.000000
296 0.000000
297 0.000000
298 0.000000
299 0.000000
300 0.000000
301 0.000000
302 0.000000
303 0.000013
304 0.000031
305 0.000088
306 0.000101
307 0.000107
308 0.000583
309 0.001546
310 0.005585
311 0.006503
312 0.001243
313 0.000023
314 0.000000
315 0.000000
316 0.000000
317 0.000000
318 0.000000
319 0.000000
320 0.000000
321 0.000000
322 0.000000
323 0.000000
324 0.000000
325 0.000000
326 0.000000
327 0.000000
328 0.000000
329 0.000000
330 0.000000
331 0.000007
332 0.000090
333 0.000089
334 0.000087
335 0.000092
336 0.010156
337 0.014865
338 0.019587
339 0.019424
340 0.000104
341 0.000000
342 0.000000
343 0.000000
344 0.000000
345 0.000000
346 0.000000
347 0.000000
348 0.000000
349 0.000000
350 0.000000
351 0.000001
352 0.000001
353 0.000000
354 0.000000
355 0.000000
356 0.000000
357 0.000000
358 0.000000
359 0.000001
360 0.000067
361 0.000069
362 0.000065
363 0.000052
364 0.048140
365 0.033004
366 0.006675
367 0.000689
368 0.000001
369 0.000000
370 0.000000
371 0.000000
372 0.000000
373 0.000000
374 0.000000
375 0.000000
376 0.000000
377 0.000000
378 0.000000
379 0.000001
380 0.000001
381 0.000003
382 0.000003
383 0.000007
384 0.000000
385 0.000000
386 0.000000
387 0.000000
388 0.000014
389 0.000052
390 0.000033
391 0.000027
392 0.018754
393 0.003650
394 0.001455
395 0.000084
396 0.000000
397 0.000000
398 0.000000
399 0.000000
400 0.000000
401 0.000000
402 0.000000
403 0.000000
404 0.000000
405 0.000000
406 0.000000
407 0.000000
408 0.000001
409 0.000022
410 0.000697
411 0.000798
412 0.000018
413 0.000000
414 0.000000
415 0.000000
416 0.000002
417 0.000023
418 0.000020
419 0.000015
420 0.006147
421 0.004311
422 0.002791
423 0.000015
424 0.000000
425 0.000000
426 0.000000
427 0.000000
428 0.000000
429 0.000000
430 0.000000
431 0.000000
432 0.000000
433 0.000000
434 0.000000
435 0.000000
436 0.000000
437 0.000045
438 0.999984
439 0.020822
440 0.000094
441 0.000001
442 0.000000
443 0.000000
444 0.000000
445 0.000034
446 0.000015
447 0.000010
448 0.006105
449 0.005731
450 0.003187
451 0.000003
452 0.000000
453 0.000000
454 0.000000
455 0.000000
456 0.000000
457 0.000000
458 0.000000
459 0.000000
460 0.000000
461 0.000000
462 0.000000
463 0.000000
464 0.000000
465 0.000003
466 0.001194
467 0.014914
468 0.000695
469 0.000002
470 0.000000
471 0.000000
472 0.000000
473 0.000011
474 0.000028
475 0.000030
476 0.006678
477 0.003452
478 0.000394
479 0.000000
480 0.000000
481 0.000000
482 0.000000
483 0.000000
484 0.000000
485 0.000000
486 0.000000
487 0.000000
488 0.000000
489 0.000000
490 0.000000
491 0.000000
492 0.000000
493 0.000000
494 0.000005
495 0.000167
496 0.000169
497 0.000010
498 0.000000
499 0.000000
500 0.000000
501 0.000008
502 0.000329
503 0.000402
504 0.004534
505 0.002140
506 0.000030
507 0.000000
508 0.000000
509 0.000000
510 0.000000
511 0.000000
512 0.000000
513 0.000000
514 0.000000
515 0.000000
516 0.000000
517 0.000000
518 0.000000
519 0.000000
520 0.000000
521 0.000000
522 0.000000
523 0.000000
524 0.000002
525 0.000009
526 0.000001
527 0.000000
528 0.000000
529 0.000017
530 0.003827
531 0.006852
532 0.002273
533 0.001336
534 0.000008
535 0.000000
536 0.000000
537 0.000000
538 0.000000
539 0.000000
540 0.000000
541 0.000000
542 0.000000
543 0.000006
544 0.000006
545 0.000000
546 0.000000
547 0.000000
548 0.000000
549 0.000000
550 0.000000
551 0.000000
552 0.000000
553 0.000004
554 0.000054
555 0.000002
556 0.000002
557 0.000153
558 0.010002
559 0.010002
560 0.001664
561 0.001608
562 0.000008
563 0.000000
564 0.000000
565 0.000000
566 0.000000
567 0.000000
568 0.000000
569 0.000005
570 0.000446
571 0.999995
572 0.000349
573 0.000001
574 0.000000
575 0.000000
576 0.000000
577 0.000000
578 0.000000
579 0.000000
580 0.000000
581 0.000001
582 0.000078
583 0.000135
584 0.000079
585 0.010000
586 0.010001
587 0.010001
588 0.001923
589 0.001664
590 0.000083
591 0.000001
592 0.000000
593 0.000000
594 0.000000
595 0.000003
596 0.000129
597 0.001275
598 0.001656
599 0.000060
600 0.000003
601 0.000000
602 0.000000
603 0.000000
604 0.000000
605 0.000000
606 0.000000
607 0.000000
608 0.000000
609 0.000000
610 0.000005
611 0.000313
612 0.011140
613 0.010000
614 0.010000
615 0.010001
616 0.002052
617 0.001923
618 0.001664
619 0.000141
620 0.000002
621 0.000001
622 0.000030
623 0.000637
624 0.009820
625 0.000162
626 0.000003
627 0.000001
628 0.000000
629 0.000001
630 0.000001
631 0.000003
632 0.000007
633 0.000001
634 0.000000
635 0.000000
636 0.000000
637 0.000000
638 0.000019
639 0.002424
640 0.005270
641 0.011374
642 0.000000
643 0.000000
644 0.002119
645 0.002052
646 0.001986
647 0.001722
648 0.002177
649 0.000931
650 0.000857
651 0.000136
652 0.000031
653 0.000036
654 0.000001
655 0.000002
656 0.000063
657 0.001930
658 0.001672
659 0.000120
660 0.000067
661 0.000028
662 0.000004
663 0.000002
664 0.000001
665 0.000012
666 0.000412
667 0.001229
668 0.002603
669 0.000000
670 0.000000
671 0.000000
672 0.000000
673 0.002119
674 0.002052
675 0.001782
676 0.001923
677 0.001717
678 0.000110
679 0.000043
680 0.000128
681 0.000515
682 0.000630
683 0.000229
684 0.000678
685 0.006252
686 0.003589
687 0.000784
688 0.000613
689 0.000715
690 0.000077
691 0.000033
692 0.000059
693 0.000387
694 0.000429
695 0.000541
696 0.000000
697 0.000000
698 0.000000
699 0.000000
700 0.000000
701 0.000000
702 0.002119
703 0.002052
704 0.001995
705 0.003478
706 0.005446
707 0.011080
708 0.010003
709 0.004469
710 0.000867
711 0.000318
712 0.000832
713 0.007847
714 0.006661
715 0.005235
716 0.001315
717 0.000396
718 0.000291
719 0.000308
720 0.000325
721 0.000407
722 0.000509
723 0.000000
724 0.000000
725 0.000000
726 0.000000
727 0.000000
728 0.000000
729 0.000000
730 0.000000
731 0.000000
732 0.003285
733 0.005637
734 0.008938
735 0.010003
736 0.005992
737 0.002810
738 0.001452
739 0.000574
740 0.001510
741 0.003967
742 0.010008
743 0.012367
744 0.002819
745 0.000252
746 0.000308
747 0.000387
748 0.000407
749 0.000509
750 0.000000
751 0.000000
752 0.000000
753 0.000000
754 0.000000
755 0.000000
756 0.000000
757 0.000000
758 0.000000
759 0.000000
760 0.000000
761 0.008071
762 0.010003
763 0.007802
764 0.004203
765 0.002023
766 0.002490
767 0.001630
768 0.002052
769 0.002630
770 0.015145
771 0.018034
772 0.004922
773 0.000570
774 0.000311
775 0.000343
776 0.000429
777 0.000001
778 0.000156
779 0.000132
780 0.000013
781 0.000000
782 0.000000
783 0.000000
