0 0.002810
1 0.002686
2 0.002280
3 0.002454
4 0.002068
5 0.001732
6 0.001678
7 0.001963
8 0.000443
9 0.000085
10 0.000077
11 0.000108
12 0.000120
13 0.000071
14 0.000036
15 0.000029
16 0.000053
17 0.000183
18 0.002106
19 0.007242
20 0.005045
21 0.002026
22 0.001873
23 0.001675
24 0.001305
25 0.001199
26 0.001393
27 0.001463
28 0.002394
29 0.002567
30 0.002171
31 0.002068
32 0.001970
33 0.001789
34 0.001483
35 0.001032
36 0.000143
37 0.000041
38 0.000045
39 0.000068
40 0.000098
41 0.000104
42 0.000050
43 0.000040
44 0.000097
45 0.000436
46 0.000783
47 0.001553
48 0.002165
49 0.001641
50 0.000000
51 0.000000
52 0.001097
53 0.001263
54 0.001133
55 0.001393
56 0.002567
57 0.002171
58 0.002068
59 0.001970
60 0.001788
61 0.001482
62 0.001408
63 0.000353
64 0.000053
65 0.000022
66 0.000042
67 0.000045
68 0.000069
69 0.000143
70 0.000111
71 0.000111
72 0.000324
73 0.000462
74 0.000209
75 0.000311
76 0.000000
77 0.000000
78 0.000000
79 0.000000
80 0.000000
81 0.001021
82 0.001263
83 0.001133
84 0.002454
85 0.002068
86 0.001732
87 0.001561
88 0.001482
89 0.001408
90 0.001270
91 0.000124
92 0.000016
93 0.000014
94 0.000020
95 0.000031
96 0.000075
97 0.000305
98 0.000511
99 0.000596
100 0.000615
101 0.000008
102 0.000000
103 0.000000
104 0.000000
105 0.000000
106 0.000000
107 0.000000
108 0.000000
109 0.000969
110 0.001021
111 0.001263
112 0.002068
113 0.001970
114 0.001561
115 0.001482
116 0.000000
117 0.000000
118 0.000000
119 0.000000
120 0.000000
121 0.000001
122 0.000013
123 0.000024
124 0.000161
125 0.000546
126 0.002064
127 0.000001
128 0.000000
129 0.000000
130 0.000000
131 0.000000
132 0.000000
133 0.000000
134 0.000000
135 0.000000
136 0.000001
137 0.000776
138 0.000969
139 0.001204
140 0.001970
141 0.001644
142 0.001482
143 0.001408
144 0.000000
145 0.000000
146 0.000000
147 0.000000
148 0.000000
149 0.000000
150 0.000000
151 0.000000
152 0.000001
153 0.000000
154 0.000000
155 0.000000
156 0.000000
157 0.000000
158 0.000000
159 0.000000
160 0.000000
161 0.000000
162 0.000000
163 0.000000
164 0.000789
165 0.000735
166 0.000920
167 0.000969
168 0.001644
169 0.001482
170 0.001408
171 0.001270
172 0.000000
173 0.000000
174 0.000000
175 0.000000
176 0.000000
177 0.000000
178 0.000000
179 0.000000
180 0.000000
181 0.000000
182 0.000000
183 0.000000
184 0.000000
185 0.000000
186 0.000000
187 0.000000
188 0.000000
189 0.000000
190 0.000000
191 0.000000
192 0.000624
193 0.000659
194 0.000696
195 0.001038
196 0.001505
197 0.001408
198 0.001156
199 0.001036
200 0.000005
201 0.000000
202 0.000000
203 0.000000
204 0.000000
205 0.000000
206 0.000000
207 0.000000
208 0.000000
209 0.000000
210 0.000000
211 0.000000
212 0.000000
213 0.000000
214 0.000000
215 0.000000
216 0.000000
217 0.000000
218 0.000000
219 0.000001
220 0.000624
221 0.000659
222 0.000793
223 0.001000
224 0.001430
225 0.001174
226 0.001052
227 0.000981
228 0.000750
229 0.000000
230 0.000000
231 0.000000
232 0.000000
233 0.000000
234 0.000000
235 0.000000
236 0.000000
237 0.000000
238 0.000000
239 0.000000
240 0.000000
241 0.000000
242 0.000000
243 0.000000
244 0.000000
245 0.000000
246 0.000000
247 0.000003
248 0.000007
249 0.000014
250 0.000039
251 0.000085
252 0.001358
253 0.001052
254 0.000997
255 0.000136
256 0.000002
257 0.000000
258 0.000000
259 0.000000
260 0.000000
261 0.000000
262 0.000000
263 0.000001
264 0.000000
265 0.000000
266 0.000000
267 0.000000
268 0.000000
269 0.000000
270 0.000000
271 0.000000
272 0.000000
273 0.000000
274 0.000000
275 0.000001
276 0.000001
277 0.000002
278 0.000003
279 0.000006
280 0.001036
281 0.000030
282 0.000004
283 0.000001
284 0.000000
285 0.000000
286 0.000000
287 0.000000
288 0.000000
289 0.000000
290 0.000000
291 0.000001
292 0.000001
293 0.000001
294 0.000000
295 0.000000
296 0.000000
297 0.000000
298 0.000000
299 0.000000
300 0.000000
301 0.000000
302 0.000000
303 0.000001
304 0.000001
305 0.000001
306 0.000002
307 0.000003
308 0.000004
309 0.000001
310 0.000000
311 0.000000
312 0.000000
313 0.000000
314 0.000000
315 0.000000
316 0.000000
317 0.000000
318 0.000000
319 0.000001
320 0.000001
321 0.000001
322 0.000000
323 0.000000
324 0.000000
325 0.000000
326 0.000000
327 0.000000
328 0.000000
329 0.000000
330 0.000000
331 0.000000
332 0.000001
333 0.000002
334 0.000003
335 0.000008
336 0.000001
337 0.000000
338 0.000000
339 0.000000
340 0.000000
341 0.000000
342 0.000000
343 0.000000
344 0.000000
345 0.000001
346 0.000001
347 0.000001
348 0.000000
349 0.000000
350 0.000000
351 0.000000
352 0.000000
353 0.000000
354 0.000000
355 0.000000
356 0.000000
357 0.000000
358 0.000000
359 0.000000
360 0.000003
361 0.000005
362 0.000011
363 0.000021
364 0.000001
365 0.000001
366 0.000000
367 0.000000
368 0.000000
369 0.000000
370 0.000000
371 0.000000
372 0.000001
373 0.000001
374 0.000001
375 0.000000
376 0.000000
377 0.000000
378 0.000000
379 0.000000
380 0.000000
381 0.000000
382 0.000000
383 0.000001
384 0.000001
385 0.000000
386 0.000000
387 0.000000
388 0.000003
389 0.000022
390 0.000030
391 0.000033
392 0.000001
393 0.000001
394 0.000001
395 0.000000
396 0.000000
397 0.000000
398 0.000000
399 0.000000
400 0.000001
401 0.000001
402 0.000001
403 0.000000
404 0.000000
405 0.000000
406 0.000000
407 0.000000
408 0.000000
409 0.000000
410 0.000000
411 0.000001
412 0.000002
413 0.000001
414 0.000000
415 0.000000
416 0.000001
417 0.000026
418 0.000022
419 0.000013
420 0.000001
421 0.000001
422 0.000001
423 0.000000
424 0.000000
425 0.000000
426 0.000000
427 0.000002
428 0.000004
429 0.000001
430 0.000000
431 0.000000
432 0.000000
433 0.000000
434 0.000000
435 0.000000
436 0.000000
437 0.000000
438 0.000000
439 0.000001
440 0.000018
441 0.000027
442 0.000001
443 0.000000
444 0.000000
445 0.000009
446 0.000005
447 0.000004
448 0.000001
449 0.000001
450 0.000001
451 0.000000
452 0.000000
453 0.000000
454 0.000007
455 0.001369
456 0.000009
457 0.000001
458 0.000000
459 0.000000
460 0.000000
461 0.000000
462 0.000000
463 0.000000
464 0.000000
465 0.000000
466 0.000000
467 0.000002
468 0.000153
469 0.999982
470 0.000002
471 0.000000
472 0.000000
473 0.000001
474 0.000002
475 0.000003
476 0.000001
477 0.000001
478 0.000000
479 0.000000
480 0.000000
481 0.000002
482 0.007424
483 0.999987
484 0.000002
485 0.000000
486 0.000000
487 0.000000
488 0.000000
489 0.000000
490 0.000000
491 0.000000
492 0.000000
493 0.000000
494 0.000000
495 0.000001
496 0.000006
497 0.000672
498 0.000377
499 0.000000
500 0.000000
501 0.000001
502 0.000015
503 0.000017
504 0.000004
505 0.000002
506 0.000000
507 0.000000
508 0.000000
509 0.000461
510 0.006878
511 0.000002
512 0.000000
513 0.000000
514 0.000000
515 0.000000
516 0.000000
517 0.000000
518 0.000000
519 0.000000
520 0.000000
521 0.000000
522 0.000000
523 0.000000
524 0.000000
525 0.000002
526 0.000276
527 0.000092
528 0.000000
529 0.000003
530 0.000307
531 0.000331
532 0.000003
533 0.000024
534 0.000001
535 0.000000
536 0.000284
537 0.026024
538 0.000002
539 0.000000
540 0.000000
541 0.000000
542 0.000000
543 0.000000
544 0.000000
545 0.000000
546 0.000000
547 0.000000
548 0.000000
549 0.000000
550 0.000000
551 0.000000
552 0.000000
553 0.000000
554 0.000016
555 0.003446
556 0.000710
557 0.000118
558 0.004302
559 0.001485
560 0.000077
561 0.000426
562 0.000018
563 0.000011
564 0.001313
565 0.000027
566 0.000000
567 0.000000
568 0.000000
569 0.000000
570 0.000000
571 0.000000
572 0.000000
573 0.000000
574 0.000000
575 0.000000
576 0.000000
577 0.000000
578 0.000000
579 0.000000
580 0.000000
581 0.000000
582 0.000002
583 0.000247
584 0.006018
585 0.167666
586 0.044280
587 0.010012
588 0.000852
589 0.007124
590 0.000872
591 0.000057
592 0.000031
593 0.000000
594 0.000000
595 0.000000
596 0.000000
597 0.000000
598 0.000000
599 0.000000
600 0.000000
601 0.000000
602 0.000000
603 0.000000
604 0.000000
605 0.000000
606 0.000000
607 0.000000
608 0.000000
609 0.000000
610 0.000000
611 0.000072
612 0.007292
613 0.022299
614 0.118196
615 0.137696
616 0.015444
617 0.010042
618 0.010032
619 0.000285
620 0.000001
621 0.000000
622 0.000000
623 0.000000
624 0.000000
625 0.000000
626 0.000000
627 0.000000
628 0.000000
629 0.000000
630 0.000000
631 0.000000
632 0.000000
633 0.000000
634 0.000000
635 0.000000
636 0.000000
637 0.000000
638 0.000001
639 0.000074
640 0.001796
641 0.004982
642 0.000000
643 0.000001
644 0.010040
645 0.010030
646 0.000847
647 0.000062
648 0.000004
649 0.000000
650 0.000000
651 0.000000
652 0.000000
653 0.000000
654 0.000000
655 0.000000
656 0.000000
657 0.000000
658 0.000000
659 0.000000
660 0.000000
661 0.000000
662 0.000000
663 0.000000
664 0.000000
665 0.000002
666 0.000067
667 0.000085
668 0.000092
669 0.000000
670 0.000000
671 0.000001
672 0.000000
673 0.000932
674 0.000116
675 0.000013
676 0.000008
677 0.000005
678 0.000000
679 0.000000
680 0.000000
681 0.000000
682 0.000000
683 0.000000
684 0.000000
685 0.000000
686 0.000000
687 0.000000
688 0.000000
689 0.000000
690 0.000006
691 0.000004
692 0.000009
693 0.000063
694 0.000070
695 0.000090
696 0.000000
697 0.000000
698 0.000000
699 0.000000
700 0.000000
701 0.000000
702 0.000023
703 0.000010
704 0.000009
705 0.000008
706 0.000005
707 0.000005
708 0.000004
709 0.000002
710 0.000001
711 0.000000
712 0.000000
713 0.000000
714 0.000000
715 0.000000
716 0.000000
717 0.000000
718 0.000047
719 0.000049
720 0.000052
721 0.000067
722 0.000085
723 0.000000
724 0.000000
725 0.000000
726 0.000000
727 0.000000
728 0.000000
729 0.000000
730 0.000000
731 0.000000
732 0.000010
733 0.000009
734 0.000006
735 0.000005
736 0.000005
737 0.000003
738 0.000002
739 0.000000
740 0.000000
741 0.000000
742 0.000000
743 0.000000
744 0.000000
745 0.000001
746 0.000049
747 0.000063
748 0.000067
749 0.000085
750 0.000000
751 0.000000
752 0.000000
753 0.000000
754 0.000000
755 0.000000
756 0.000000
757 0.000000
758 0.000000
759 0.000000
760 0.000000
761 0.000010
762 0.000009
763 0.000006
764 0.000005
765 0.000005
766 0.000004
767 0.000001
768 0.000000
769 0.000000
770 0.000000
771 0.000000
772 0.000000
773 0.000011
774 0.000049
775 0.000055
776 0.000070
777 0.000000
778 0.000004
779 0.000003
780 0.000000
781 0.000000
782 0.000000
783 0.000000
