0 0.002548
1 0.002900
2 0.003006
3 0.003977
4 0.003780
5 0.005035
6 0.006820
7 0.006854
8 0.000860
9 0.000074
10 0.000037
11 0.000026
12 0.000025
13 0.000023
14 0.000022
15 0.000020
16 0.000019
17 0.000022
18 0.000147
19 0.000970
20 0.002294
21 0.002294
22 0.002555
23 0.002256
24 0.001626
25 0.001352
26 0.001418
27 0.001488
28 0.002144
29 0.002311
30 0.002384
31 0.002900
32 0.003665
33 0.003959
34 0.005516
35 0.004429
36 0.000545
37 0.000070
38 0.000037
39 0.000025
40 0.000019
41 0.000020
42 0.000017
43 0.000014
44 0.000017
45 0.000029
46 0.000073
47 0.000488
48 0.002060
49 0.002294
50 0.000000
51 0.000000
52 0.001249
53 0.001289
54 0.001158
55 0.001418
56 0.002311
57 0.001929
58 0.001830
59 0.002221
60 0.002748
61 0.003379
62 0.003901
63 0.001494
64 0.000283
65 0.000085
66 0.000059
67 0.000029
68 0.000018
69 0.000011
70 0.000010
71 0.000013
72 0.000022
73 0.000030
74 0.000034
75 0.000197
76 0.000002
77 0.000000
78 0.000000
79 0.000000
80 0.000000
81 0.001045
82 0.001289
83 0.001158
84 0.002201
85 0.001830
86 0.001511
87 0.001447
88 0.001846
89 0.002448
90 0.003379
91 0.000458
92 0.000107
93 0.000084
94 0.000071
95 0.000049
96 0.000030
97 0.000019
98 0.000011
99 0.000015
100 0.000027
101 0.000010
102 0.000000
103 0.000000
104 0.000000
105 0.000000
106 0.000000
107 0.000000
108 0.000000
109 0.000994
110 0.001045
111 0.001289
112 0.001830
113 0.001736
114 0.001350
115 0.001277
116 0.000000
117 0.000000
118 0.000000
119 0.000000
120 0.000000
121 0.000011
122 0.000084
123 0.000067
124 0.000056
125 0.000033
126 0.000025
127 0.000001
128 0.000000
129 0.000000
130 0.000000
131 0.000000
132 0.000000
133 0.000000
134 0.000000
135 0.000000
136 0.000283
137 0.000800
138 0.000994
139 0.001229
140 0.001736
141 0.001428
142 0.001277
143 0.001208
144 0.000000
145 0.000000
146 0.000000
147 0.000000
148 0.000000
149 0.000000
150 0.000000
151 0.000000
152 0.000000
153 0.000000
154 0.000000
155 0.000000
156 0.000000
157 0.000000
158 0.000000
159 0.000000
160 0.000000
161 0.000000
162 0.000000
163 0.000000
164 0.000812
165 0.000758
166 0.000944
167 0.000994
168 0.001428
169 0.001277
170 0.001208
171 0.001081
172 0.000000
173 0.000000
174 0.000000
175 0.000000
176 0.000000
177 0.000000
178 0.000000
179 0.000000
180 0.000000
181 0.000000
182 0.000000
183 0.000000
184 0.000000
185 0.000000
186 0.000000
187 0.000000
188 0.000000
189 0.000000
190 0.000000
191 0.000034
192 0.000646
193 0.000681
194 0.000718
195 0.001043
196 0.001277
197 0.001208
198 0.000976
199 0.000867
200 0.000159
201 0.000000
202 0.000000
203 0.000000
204 0.000000
205 0.000000
206 0.000000
207 0.000000
208 0.000000
209 0.000000
210 0.000000
211 0.000000
212 0.000000
213 0.000000
214 0.000000
215 0.000000
216 0.000000
217 0.000000
218 0.000000
219 0.000050
220 0.000646
221 0.000681
222 0.000775
223 0.000973
224 0.001208
225 0.000976
226 0.000867
227 0.000818
228 0.000611
229 0.000000
230 0.000000
231 0.000000
232 0.000000
233 0.000000
234 0.000000
235 0.000000
236 0.000000
237 0.000000
238 0.000000
239 0.000000
240 0.000000
241 0.000000
242 0.000000
243 0.000000
244 0.000000
245 0.000000
246 0.000000
247 0.000002
248 0.000007
249 0.000016
250 0.000046
251 0.000107
252 0.001571
253 0.000867
254 0.000818
255 0.000475
256 0.000082
257 0.000000
258 0.000000
259 0.000000
260 0.000000
261 0.000000
262 0.000000
263 0.000000
264 0.000000
265 0.000000
266 0.000000
267 0.000000
268 0.000000
269 0.000000
270 0.000000
271 0.000000
272 0.000000
273 0.000000
274 0.000000
275 0.000000
276 0.000000
277 0.000001
278 0.000002
279 0.000009
280 0.003379
281 0.000647
282 0.000160
283 0.000029
284 0.000011
285 0.000000
286 0.000000
287 0.000000
288 0.000000
289 0.000000
290 0.000000
291 0.000000
292 0.000000
293 0.000000
294 0.000000
295 0.000000
296 0.000000
297 0.000000
298 0.000000
299 0.000000
300 0.000000
301 0.000000
302 0.000000
303 0.000000
304 0.000000
305 0.000001
306 0.000002
307 0.000005
308 0.001430
309 0.000322
310 0.000059
311 0.000012
312 0.000001
313 0.000000
314 0.000000
315 0.000000
316 0.000000
317 0.000000
318 0.000000
319 0.000000
320 0.000000
321 0.000000
322 0.000000
323 0.000000
324 0.000000
325 0.000000
326 0.000000
327 0.000000
328 0.000000
329 0.000000
330 0.000000
331 0.000000
332 0.000001
333 0.000002
334 0.000005
335 0.000016
336 0.000405
337 0.000206
338 0.000097
339 0.000031
340 0.000000
341 0.000000
342 0.000000
343 0.000000
344 0.000000
345 0.000000
346 0.000000
347 0.000000
348 0.000000
349 0.000000
350 0.000000
351 0.000000
352 0.000000
353 0.000000
354 0.000000
355 0.000000
356 0.000000
357 0.000000
358 0.000000
359 0.000000
360 0.000003
361 0.000007
362 0.000015
363 0.000018
364 0.000146
365 0.000232
366 0.000186
367 0.000167
368 0.000000
369 0.000000
370 0.000000
371 0.000000
372 0.000000
373 0.000000
374 0.000000
375 0.000000
376 0.000000
377 0.000000
378 0.000000
379 0.000000
380 0.000000
381 0.000000
382 0.000000
383 0.000000
384 0.000000
385 0.000000
386 0.000000
387 0.000000
388 0.000002
389 0.000016
390 0.000057
391 0.000111
392 0.000045
393 0.000057
394 0.000076
395 0.000016
396 0.000000
397 0.000000
398 0.000000
399 0.000000
400 0.000000
401 0.000000
402 0.000000
403 0.000000
404 0.000000
405 0.000000
406 0.000000
407 0.000000
408 0.000000
409 0.000000
410 0.000000
411 0.000000
412 0.000000
413 0.000000
414 0.000000
415 0.000000
416 0.000001
417 0.000070
418 0.000070
419 0.000053
420 0.000016
421 0.000016
422 0.000021
423 0.000001
424 0.000000
425 0.000000
426 0.000000
427 0.000002
428 0.000009
429 0.000000
430 0.000000
431 0.000000
432 0.000000
433 0.000000
434 0.000000
435 0.000000
436 0.000000
437 0.000000
438 0.000003
439 0.000072
440 0.000001
441 0.000000
442 0.000000
443 0.000000
444 0.000000
445 0.000034
446 0.000020
447 0.000005
448 0.000022
449 0.000010
450 0.000006
451 0.000000
452 0.000000
453 0.000000
454 0.000000
455 0.000027
456 0.999999
457 0.000000
458 0.000000
459 0.000000
460 0.000000
461 0.000000
462 0.000000
463 0.000000
464 0.000000
465 0.000000
466 0.000001
467 0.999999
468 0.006889
469 0.000015
470 0.000000
471 0.000000
472 0.000000
473 0.000001
474 0.000001
475 0.000003
476 0.000097
477 0.000042
478 0.000004
479 0.000000
480 0.000000
481 0.000000
482 0.000000
483 0.000282
484 0.000036
485 0.000000
486 0.000000
487 0.000000
488 0.000000
489 0.000000
490 0.000000
491 0.000000
492 0.000000
493 0.000000
494 0.000000
495 0.000092
496 0.294998
497 0.001546
498 0.000001
499 0.000000
500 0.000000
501 0.000000
502 0.000004
503 0.000009
504 0.000626
505 0.000291
506 0.000004
507 0.000000
508 0.000000
509 0.000000
510 0.000005
511 0.000001
512 0.000000
513 0.000000
514 0.000000
515 0.000000
516 0.000000
517 0.000000
518 0.000000
519 0.000000
520 0.000000
521 0.000000
522 0.000000
523 0.000000
524 0.000004
525 0.002315
526 0.000020
527 0.000000
528 0.000000
529 0.000000
530 0.000036
531 0.000056
532 0.000589
533 0.000626
534 0.000008
535 0.000000
536 0.000001
537 0.000014
538 0.000014
539 0.000000
540 0.000000
541 0.000000
542 0.000000
543 0.000000
544 0.000000
545 0.000000
546 0.000000
547 0.000000
548 0.000000
549 0.000000
550 0.000000
551 0.000000
552 0.000000
553 0.000004
554 0.001248
555 0.000023
556 0.000000
557 0.000010
558 0.000385
559 0.000174
560 0.000979
561 0.001824
562 0.000022
563 0.000001
564 0.000017
565 0.000572
566 0.000005
567 0.000000
568 0.000000
569 0.000000
570 0.000000
571 0.000000
572 0.000000
573 0.000000
574 0.000000
575 0.000000
576 0.000000
577 0.000000
578 0.000000
579 0.000000
580 0.000000
581 0.000000
582 0.000266
583 0.001929
584 0.000228
585 0.007000
586 0.001862
587 0.000767
588 0.002297
589 0.004584
590 0.000547
591 0.000017
592 0.000191
593 0.000015
594 0.000000
595 0.000000
596 0.000000
597 0.000000
598 0.000000
599 0.000000
600 0.000000
601 0.000000
602 0.000000
603 0.000000
604 0.000000
605 0.000000
606 0.000000
607 0.000000
608 0.000000
609 0.000000
610 0.000001
611 0.003015
612 0.004948
613 0.010001
614 0.010001
615 0.003638
616 0.005735
617 0.010001
618 0.010002
619 0.000842
620 0.000183
621 0.000002
622 0.000000
623 0.000000
624 0.000000
625 0.000000
626 0.000000
627 0.000000
628 0.000000
629 0.000000
630 0.000000
631 0.000000
632 0.000000
633 0.000000
634 0.000000
635 0.000000
636 0.000000
637 0.000000
638 0.000001
639 0.000380
640 0.001353
641 0.005114
642 0.000000
643 0.000000
644 0.010001
645 0.010002
646 0.005668
647 0.002297
648 0.000464
649 0.000002
650 0.000000
651 0.000000
652 0.000000
653 0.000000
654 0.000001
655 0.000003
656 0.000001
657 0.000001
658 0.000000
659 0.000000
660 0.000000
661 0.000000
662 0.000000
663 0.000000
664 0.000000
665 0.000001
666 0.000052
667 0.000131
668 0.000425
669 0.000000
670 0.000000
671 0.000000
672 0.000000
673 0.005803
674 0.002869
675 0.001242
676 0.000876
677 0.000719
678 0.000007
679 0.000004
680 0.000008
681 0.000037
682 0.000377
683 0.000359
684 0.000037
685 0.000003
686 0.000001
687 0.000003
688 0.000014
689 0.000025
690 0.000003
691 0.000002
692 0.000005
693 0.000048
694 0.000056
695 0.000078
696 0.000000
697 0.000000
698 0.000000
699 0.000000
700 0.000000
701 0.000000
702 0.001564
703 0.000957
704 0.000916
705 0.000876
706 0.000719
707 0.000686
708 0.000626
709 0.000510
710 0.000416
711 0.000377
712 0.000268
713 0.000011
714 0.000006
715 0.000011
716 0.000019
717 0.000021
718 0.000032
719 0.000034
720 0.000037
721 0.000052
722 0.000073
723 0.000000
724 0.000000
725 0.000000
726 0.000000
727 0.000000
728 0.000000
729 0.000000
730 0.000000
731 0.000000
732 0.000957
733 0.000916
734 0.000753
735 0.000719
736 0.000686
737 0.000561
738 0.000510
739 0.000487
740 0.000464
741 0.000093
742 0.000030
743 0.000028
744 0.000027
745 0.000029
746 0.000034
747 0.000048
748 0.000052
749 0.000073
750 0.000000
751 0.000000
752 0.000000
753 0.000000
754 0.000000
755 0.000000
756 0.000000
757 0.000000
758 0.000000
759 0.000000
760 0.000000
761 0.000957
762 0.000916
763 0.000753
764 0.000719
765 0.000686
766 0.000655
767 0.000626
768 0.000487
769 0.000665
770 0.000205
771 0.000069
772 0.000029
773 0.000041
774 0.000034
775 0.000040
776 0.000056
777 0.000000
778 0.000003
779 0.000002
780 0.000000
781 0.000000
782 0.000000
783 0.000000
