0 0.010038
1 0.010040
2 0.010046
3 0.010045
4 0.010052
5 0.010060
6 0.010066
7 0.010069
8 0.000183
9 0.000009
10 0.000005
11 0.000006
12 0.000007
13 0.000011
14 0.000012
15 0.000017
16 0.000014
17 0.000015
18 0.000022
19 0.000023
20 0.000034
21 0.000038
22 0.000056
23 0.000061
24 0.000050
25 0.000054
26 0.000080
27 0.000088
28 0.010042
29 0.010041
30 0.010047
31 0.010049
32 0.010052
33 0.010058
34 0.010066
35 0.003100
36 0.000040
37 0.000004
38 0.000004
39 0.000004
40 0.000006
41 0.000010
42 0.000010
43 0.000012
44 0.000013
45 0.000018
46 0.000020
47 0.000029
48 0.000023
49 0.000034
50 0.000041
51 0.000047
52 0.000045
53 0.000067
54 0.000054
55 0.000080
56 0.010040
57 0.010045
58 0.010047
59 0.010050
60 0.010054
61 0.010062
62 0.010066
63 0.000389
64 0.000012
65 0.000002
66 0.000004
67 0.000004
68 0.000005
69 0.000006
70 0.000007
71 0.000010
72 0.000012
73 0.000012
74 0.000018
75 0.000020
76 0.000028
77 0.000026
78 0.000030
79 0.000032
80 0.000047
81 0.000045
82 0.000067
83 0.000054
84 0.010042
85 0.010047
86 0.010052
87 0.010056
88 0.010059
89 0.010062
90 0.010068
91 0.000070
92 0.000004
93 0.000002
94 0.000002
95 0.000003
96 0.000004
97 0.000006
98 0.000006
99 0.000007
100 0.000010
101 0.000012
102 0.000016
103 0.000015
104 0.000022
105 0.000023
106 0.000027
107 0.000040
108 0.000042
109 0.000041
110 0.000045
111 0.000096
112 0.010049
113 0.010049
114 0.010056
115 0.010057
116 0.012883
117 0.012139
118 0.002978
119 0.000018
120 0.000001
121 0.000002
122 0.000002
123 0.000002
124 0.000004
125 0.000004
126 0.000006
127 0.000007
128 0.000010
129 0.000011
130 0.000013
131 0.000014
132 0.000021
133 0.000017
134 0.000023
135 0.000033
136 0.000035
137 0.000028
138 0.000079
139 0.000327
140 0.010051
141 0.010056
142 0.010058
143 0.010059
144 0.012985
145 0.012882
146 0.000327
147 0.000006
148 0.000001
149 0.000001
150 0.000002
151 0.000002
152 0.000003
153 0.000004
154 0.000004
155 0.000006
156 0.000005
157 0.000008
158 0.000008
159 0.000013
160 0.000014
161 0.000014
162 0.000023
163 0.000022
164 0.000029
165 0.000066
166 0.000279
167 0.001101
168 0.010057
169 0.010060
170 0.010061
171 0.010064
172 0.011308
173 0.013054
174 0.000055
175 0.000002
176 0.000001
177 0.000001
178 0.000002
179 0.000002
180 0.000002
181 0.000003
182 0.000003
183 0.000006
184 0.000005
185 0.000007
186 0.000008
187 0.000009
188 0.000012
189 0.000014
190 0.000018
191 0.000023
192 0.000071
193 0.000225
194 0.001491
195 0.006757
196 0.010060
197 0.010062
198 0.010068
199 0.010071
200 0.010660
201 0.012404
202 0.000008
203 0.000001
204 0.000001
205 0.000001
206 0.000001
207 0.000001
208 0.000002
209 0.000002
210 0.000003
211 0.000004
212 0.000005
213 0.000005
214 0.000006
215 0.000008
216 0.000010
217 0.000012
218 0.000020
219 0.000063
220 0.000341
221 0.002420
222 0.006538
223 0.002297
224 0.010063
225 0.010069
226 0.010072
227 0.010074
228 0.010083
229 0.000202
230 0.000002
231 0.000000
232 0.000001
233 0.000001
234 0.000001
235 0.000001
236 0.000002
237 0.000002
238 0.000002
239 0.000003
240 0.000004
241 0.000005
242 0.000005
243 0.000008
244 0.000008
245 0.000017
246 0.000091
247 0.000545
248 0.004179
249 0.003720
250 0.000821
251 0.000210
252 0.010065
253 0.010073
254 0.010075
255 0.010152
256 0.010324
257 0.000017
258 0.000001
259 0.000000
260 0.000000
261 0.000001
262 0.000001
263 0.000001
264 0.000001
265 0.000002
266 0.000002
267 0.000003
268 0.000003
269 0.000003
270 0.000005
271 0.000006
272 0.000013
273 0.000084
274 0.000560
275 0.004742
276 0.002419
277 0.000284
278 0.000091
279 0.000040
280 0.010074
281 0.010208
282 0.010294
283 0.010433
284 0.010525
285 0.000003
286 0.000000
287 0.000000
288 0.000000
289 0.000000
290 0.000001
291 0.000001
292 0.000001
293 0.000001
294 0.000001
295 0.000002
296 0.000003
297 0.000003
298 0.000004
299 0.000013
300 0.000056
301 0.000673
302 0.999950
303 0.000777
304 0.000173
305 0.000040
306 0.000017
307 0.000019
308 0.010296
309 0.010394
310 0.010493
311 0.010580
312 0.000114
313 0.000001
314 0.000000
315 0.000000
316 0.000000
317 0.000000
318 0.000000
319 0.000001
320 0.000001
321 0.000001
322 0.000001
323 0.000001
324 0.000002
325 0.000003
326 0.000009
327 0.000057
328 0.000614
329 0.001292
330 0.000213
331 0.000070
332 0.000018
333 0.000011
334 0.000012
335 0.000018
336 0.010458
337 0.010522
338 0.010551
339 0.010589
340 0.000005
341 0.000000
342 0.000000
343 0.000000
344 0.000000
345 0.000000
346 0.000000
347 0.000000
348 0.000001
349 0.000001
350 0.000001
351 0.000001
352 0.000002
353 0.000006
354 0.000043
355 0.000488
356 0.000243
357 0.000060
358 0.000017
359 0.000008
360 0.000006
361 0.000007
362 0.000011
363 0.000011
364 0.010488
365 0.010501
366 0.010532
367 0.010554
368 0.000001
369 0.000000
370 0.000000
371 0.000000
372 0.000000
373 0.000000
374 0.000000
375 0.000000
376 0.000000
377 0.000001
378 0.000001
379 0.000001
380 0.000004
381 0.000021
382 0.000130
383 0.000056
384 0.000020
385 0.000008
386 0.000004
387 0.000006
388 0.000006
389 0.000006
390 0.000008
391 0.000012
392 0.010472
393 0.010504
394 0.010535
395 0.000078
396 0.000000
397 0.000000
398 0.000000
399 0.000000
400 0.000000
401 0.000000
402 0.000000
403 0.000000
404 0.000000
405 0.000000
406 0.000001
407 0.000003
408 0.000012
409 0.000033
410 0.000016
411 0.000006
412 0.000003
413 0.000002
414 0.000003
415 0.000004
416 0.000006
417 0.000006
418 0.000007
419 0.000008
420 0.010468
421 0.010491
422 0.010523
423 0.000003
424 0.000000
425 0.000000
426 0.000000
427 0.000000
428 0.000000
429 0.000000
430 0.000000
431 0.000000
432 0.000000
433 0.000001
434 0.000002
435 0.000005
436 0.000009
437 0.000004
438 0.000002
439 0.000002
440 0.000002
441 0.000002
442 0.000003
443 0.000003
444 0.000004
445 0.000004
446 0.000006
447 0.000007
448 0.010448
449 0.010488
450 0.010521
451 0.000001
452 0.000000
453 0.000000
454 0.000000
455 0.000000
456 0.000000
457 0.000000
458 0.000000
459 0.000000
460 0.000000
461 0.000001
462 0.000001
463 0.000002
464 0.000001
465 0.000001
466 0.000001
467 0.000001
468 0.000001
469 0.000002
470 0.000003
471 0.000003
472 0.000004
473 0.000004
474 0.000005
475 0.000012
476 0.010396
477 0.010432
478 0.000337
479 0.000000
480 0.000000
481 0.000000
482 0.000000
483 0.000000
484 0.000000
485 0.000000
486 0.000000
487 0.000000
488 0.000000
489 0.000001
490 0.000001
491 0.000001
492 0.000000
493 0.000001
494 0.000001
495 0.000001
496 0.000001
497 0.000002
498 0.000002
499 0.000002
500 0.000005
501 0.000012
502 0.000036
503 0.000144
504 0.010318
505 0.010366
506 0.000006
507 0.000000
508 0.000000
509 0.000000
510 0.000000
511 0.000000
512 0.000000
513 0.000000
514 0.000000
515 0.000000
516 0.000000
517 0.000000
518 0.000000
519 0.000000
520 0.000000
521 0.000000
522 0.000001
523 0.000001
524 0.000001
525 0.000002
526 0.000005
527 0.000013
528 0.000048
529 0.000184
530 0.001020
531 0.010340
532 0.010326
533 0.010337
534 0.000001
535 0.000000
536 0.000000
537 0.000000
538 0.000000
539 0.000000
540 0.000000
541 0.000000
542 0.000000
543 0.000000
544 0.000000
545 0.000000
546 0.000000
547 0.000000
548 0.000000
549 0.000000
550 0.000000
551 0.000001
552 0.000004
553 0.000021
554 0.000089
555 0.000516
556 0.004072
557 0.010603
558 0.010325
559 0.010326
560 0.010306
561 0.010311
562 0.000001
563 0.000000
564 0.000000
565 0.000000
566 0.000000
567 0.000000
568 0.000000
569 0.000000
570 0.000000
571 0.000000
572 0.000000
573 0.000000
574 0.000000
575 0.000000
576 0.000000
577 0.000001
578 0.000004
579 0.000020
580 0.000204
581 0.003652
582 0.013237
583 0.012684
584 0.012296
585 0.010304
586 0.010309
587 0.010296
588 0.010285
589 0.010306
590 0.000016
591 0.000000
592 0.000000
593 0.000000
594 0.000000
595 0.000000
596 0.000000
597 0.000000
598 0.000000
599 0.000000
600 0.000000
601 0.000000
602 0.000000
603 0.000001
604 0.000005
605 0.000065
606 0.001235
607 0.010769
608 0.010853
609 0.011360
610 0.012380
611 0.013393
612 0.010288
613 0.010293
614 0.010282
615 0.010285
616 0.010275
617 0.010284
618 0.010305
619 0.000037
620 0.000000
621 0.000000
622 0.000000
623 0.000000
624 0.000000
625 0.000000
626 0.000000
627 0.000000
628 0.000000
629 0.000001
630 0.000007
631 0.000352
632 0.011257
633 0.011123
634 0.010771
635 0.010721
636 0.010665
637 0.010573
638 0.010854
639 0.010272
640 0.010273
641 0.010262
642 0.013193
643 0.013587
644 0.010270
645 0.010274
646 0.010279
647 0.010300
648 0.000559
649 0.000001
650 0.000000
651 0.000000
652 0.000000
653 0.000000
654 0.000000
655 0.000002
656 0.000060
657 0.010882
658 0.010874
659 0.010965
660 0.010950
661 0.010783
662 0.010631
663 0.010633
664 0.010577
665 0.010408
666 0.010269
667 0.010249
668 0.010247
669 0.013152
670 0.013236
671 0.013592
672 0.000000
673 0.010269
674 0.010274
675 0.010295
676 0.010284
677 0.010305
678 0.000003
679 0.000001
680 0.000003
681 0.000040
682 0.010528
683 0.010728
684 0.010852
685 0.010826
686 0.010835
687 0.010828
688 0.010694
689 0.010436
690 0.010402
691 0.010406
692 0.010366
693 0.010283
694 0.010268
695 0.010246
696 0.013141
697 0.013144
698 0.013172
699 0.013386
700 0.000000
701 0.000000
702 0.010269
703 0.010274
704 0.010279
705 0.010283
706 0.010303
707 0.010306
708 0.010314
709 0.010333
710 0.010435
711 0.010629
712 0.010779
713 0.010812
714 0.010781
715 0.010741
716 0.010578
717 0.010349
718 0.010321
719 0.010314
720 0.010305
721 0.010282
722 0.010258
723 0.013161
724 0.012792
725 0.013186
726 0.013115
727 0.013132
728 0.000000
729 0.000000
730 0.000000
731 0.000000
732 0.010274
733 0.010277
734 0.010296
735 0.010300
736 0.010303
737 0.010321
738 0.010329
739 0.010532
740 0.010692
741 0.010775
742 0.010772
743 0.010674
744 0.010480
745 0.010330
746 0.010318
747 0.010295
748 0.010288
749 0.010266
750 0.011965
751 0.011070
752 0.011189
753 0.012266
754 0.013177
755 0.013110
756 0.000000
757 0.000000
758 0.000000
759 0.000000
760 0.000000
761 0.010271
762 0.010275
763 0.010293
764 0.010297
765 0.010299
766 0.010302
767 0.010430
768 0.010625
769 0.010727
770 0.010742
771 0.010604
772 0.010393
773 0.010311
774 0.010319
775 0.010307
776 0.010286
777 0.010771
778 0.010375
779 0.010385
780 0.010599
781 0.010884
782 0.011975
783 0.013119
