0 0.003217
1 0.003088
2 0.002662
3 0.002846
4 0.002436
5 0.002073
6 0.002975
7 0.005250
8 0.002381
9 0.000677
10 0.000924
11 0.001505
12 0.000672
13 0.000147
14 0.000066
15 0.000069
16 0.000065
17 0.000058
18 0.000212
19 0.000828
20 0.001655
21 0.001655
22 0.002214
23 0.003463
24 0.004992
25 0.009081
26 0.009611
27 0.008674
28 0.002783
29 0.002964
30 0.002547
31 0.002436
32 0.002331
33 0.002134
34 0.002020
35 0.002226
36 0.000720
37 0.000377
38 0.000464
39 0.001140
40 0.001079
41 0.000356
42 0.000068
43 0.000061
44 0.000056
45 0.000058
46 0.000093
47 0.000457
48 0.001453
49 0.001940
50 0.000000
51 0.000000
52 0.009081
53 0.009611
54 0.007556
55 0.005108
56 0.002964
57 0.002547
58 0.002436
59 0.002331
60 0.002134
61 0.001798
62 0.001715
63 0.000649
64 0.000227
65 0.000173
66 0.000372
67 0.000622
68 0.001339
69 0.000651
70 0.000159
71 0.000055
72 0.000053
73 0.000045
74 0.000045
75 0.000203
76 0.000002
77 0.000000
78 0.000002
79 0.000000
80 0.000000
81 0.007455
82 0.004946
83 0.003570
84 0.002846
85 0.002436
86 0.002073
87 0.001885
88 0.001798
89 0.001715
90 0.001560
91 0.000242
92 0.000064
93 0.000089
94 0.000197
95 0.000338
96 0.000876
97 0.001523
98 0.000643
99 0.000100
100 0.000048
101 0.000013
102 0.000000
103 0.000000
104 0.000000
105 0.000000
106 0.000000
107 0.000000
108 0.000000
109 0.004246
110 0.003387
111 0.005269
112 0.002436
113 0.002331
114 0.001885
115 0.001798
116 0.000000
117 0.000000
118 0.000000
119 0.000000
120 0.000000
121 0.000008
122 0.000102
123 0.000230
124 0.000490
125 0.001789
126 0.001692
127 0.000015
128 0.000000
129 0.000000
130 0.000000
131 0.000000
132 0.000000
133 0.000013
134 0.000002
135 0.000000
136 0.000049
137 0.003520
138 0.006260
139 0.022692
140 0.002331
141 0.001976
142 0.001798
143 0.001715
144 0.000000
145 0.000000
146 0.000000
147 0.000000
148 0.000000
149 0.000000
150 0.000000
151 0.000000
152 0.000000
153 0.000000
154 0.000006
155 0.000000
156 0.000000
157 0.000000
158 0.000000
159 0.000000
160 0.000107
161 0.000226
162 0.000001
163 0.000000
164 0.003520
165 0.007982
166 0.029122
167 0.068881
168 0.001976
169 0.001798
170 0.001715
171 0.001560
172 0.000000
173 0.000000
174 0.000000
175 0.000000
176 0.000000
177 0.000000
178 0.000000
179 0.000000
180 0.000000
181 0.000000
182 0.000000
183 0.000000
184 0.000000
185 0.000000
186 0.000000
187 0.000132
188 0.000613
189 0.000001
190 0.000000
191 0.000000
192 0.013120
193 0.039064
194 0.116542
195 0.088693
196 0.001798
197 0.001715
198 0.001431
199 0.001294
200 0.000001
201 0.000000
202 0.000000
203 0.000000
204 0.000000
205 0.000000
206 0.000000
207 0.000000
208 0.000000
209 0.000000
210 0.000000
211 0.000000
212 0.000000
213 0.000000
214 0.000000
215 0.000006
216 0.000000
217 0.000000
218 0.000000
219 0.000136
220 0.058781
221 0.182675
222 0.086001
223 0.017441
224 0.001761
225 0.001464
226 0.001294
227 0.001230
228 0.000959
229 0.000000
230 0.000000
231 0.000000
232 0.000000
233 0.000000
234 0.000000
235 0.000000
236 0.000000
237 0.000000
238 0.000000
239 0.000000
240 0.000000
241 0.000001
242 0.000003
243 0.000000
244 0.000000
245 0.000000
246 0.000000
247 0.000391
248 0.001902
249 0.001567
250 0.000713
251 0.000611
252 0.001680
253 0.001329
254 0.001264
255 0.000678
256 0.000121
257 0.000000
258 0.000000
259 0.000000
260 0.000000
261 0.000000
262 0.000000
263 0.000000
264 0.000000
265 0.000000
266 0.000001
267 0.000021
268 0.002287
269 0.006092
270 0.000002
271 0.000000
272 0.000000
273 0.000000
274 0.000000
275 0.000050
276 0.000026
277 0.000012
278 0.000010
279 0.000010
280 0.001299
281 0.000417
282 0.000195
283 0.000063
284 0.000038
285 0.000000
286 0.000000
287 0.000000
288 0.000000
289 0.000000
290 0.000000
291 0.000000
292 0.000000
293 0.000000
294 0.000001
295 0.000216
296 0.999996
297 0.025452
298 0.000007
299 0.000000
300 0.000000
301 0.000000
302 0.000000
303 0.000010
304 0.000003
305 0.000002
306 0.000002
307 0.000003
308 0.000218
309 0.000112
310 0.000058
311 0.000024
312 0.000003
313 0.000000
314 0.000000
315 0.000000
316 0.000000
317 0.000000
318 0.000000
319 0.000000
320 0.000000
321 0.000000
322 0.000000
323 0.000005
324 0.000048
325 0.000035
326 0.000044
327 0.000000
328 0.000000
329 0.000000
330 0.000000
331 0.000001
332 0.000002
333 0.000001
334 0.000002
335 0.000004
336 0.000124
337 0.000068
338 0.000038
339 0.000020
340 0.000001
341 0.000000
342 0.000000
343 0.000000
344 0.000000
345 0.000000
346 0.000000
347 0.000000
348 0.000000
349 0.000000
350 0.000000
351 0.000001
352 0.000000
353 0.000001
354 0.000000
355 0.000000
356 0.000000
357 0.000000
358 0.000000
359 0.000001
360 0.000015
361 0.000008
362 0.000006
363 0.000003
364 0.000124
365 0.000086
366 0.000033
367 0.000013
368 0.000000
369 0.000000
370 0.000000
371 0.000000
372 0.000000
373 0.000000
374 0.000000
375 0.000000
376 0.000000
377 0.000000
378 0.000000
379 0.000000
380 0.000000
381 0.000000
382 0.000000
383 0.000000
384 0.000000
385 0.000000
386 0.000000
387 0.000001
388 0.000053
389 0.000091
390 0.000039
391 0.000022
392 0.000181
393 0.000059
394 0.000019
395 0.000002
396 0.000000
397 0.000000
398 0.000000
399 0.000000
400 0.000000
401 0.000000
402 0.000000
403 0.000000
404 0.000000
405 0.000000
406 0.000000
407 0.000000
408 0.000000
409 0.000000
410 0.000000
411 0.000000
412 0.000000
413 0.000001
414 0.000000
415 0.000000
416 0.000016
417 0.000569
418 0.000451
419 0.000276
420 0.000278
421 0.000121
422 0.000052
423 0.000001
424 0.000000
425 0.000000
426 0.000000
427 0.000000
428 0.000000
429 0.000000
430 0.000000
431 0.000000
432 0.000000
433 0.000000
434 0.000000
435 0.000000
436 0.000000
437 0.000000
438 0.000000
439 0.000000
440 0.000000
441 0.000005
442 0.000000
443 0.000000
444 0.000001
445 0.001006
446 0.001964
447 0.003317
448 0.000426
449 0.000339
450 0.000210
451 0.000001
452 0.000000
453 0.000000
454 0.000001
455 0.000004
456 0.000000
457 0.000000
458 0.000000
459 0.000000
460 0.000000
461 0.000000
462 0.000000
463 0.000000
464 0.000000
465 0.000000
466 0.000000
467 0.000000
468 0.000003
469 0.000052
470 0.000001
471 0.000000
472 0.000000
473 0.000211
474 0.003920
475 0.007670
476 0.000472
477 0.000426
478 0.000133
479 0.000001
480 0.000000
481 0.000003
482 0.000139
483 0.000441
484 0.000000
485 0.000000
486 0.000000
487 0.000000
488 0.000000
489 0.000000
490 0.000000
491 0.000000
492 0.000000
493 0.000000
494 0.000000
495 0.000000
496 0.000007
497 0.001807
498 0.000216
499 0.000001
500 0.000000
501 0.000018
502 0.001194
503 0.003358
504 0.000590
505 0.000498
506 0.000041
507 0.000001
508 0.000001
509 0.000139
510 0.999996
511 0.000477
512 0.000001
513 0.000000
514 0.000000
515 0.000000
516 0.000000
517 0.000000
518 0.000000
519 0.000000
520 0.000000
521 0.000000
522 0.000000
523 0.000000
524 0.000001
525 0.000682
526 0.999992
527 0.000247
528 0.000002
529 0.000007
530 0.000750
531 0.000816
532 0.000585
533 0.000942
534 0.000049
535 0.000002
536 0.000029
537 0.001245
538 0.001254
539 0.000152
540 0.000004
541 0.000000
542 0.000000
543 0.000000
544 0.000000
545 0.000000
546 0.000000
547 0.000000
548 0.000000
549 0.000000
550 0.000000
551 0.000000
552 0.000000
553 0.000005
554 0.001825
555 0.016110
556 0.000272
557 0.000031
558 0.000816
559 0.000851
560 0.001644
561 0.003382
562 0.000113
563 0.000020
564 0.000258
565 0.001563
566 0.000160
567 0.000012
568 0.000004
569 0.000000
570 0.000000
571 0.000000
572 0.000000
573 0.000000
574 0.000000
575 0.000000
576 0.000000
577 0.000000
578 0.000000
579 0.000000
580 0.000000
581 0.000000
582 0.000027
583 0.008087
584 0.007077
585 0.010001
586 0.002741
587 0.001160
588 0.003733
589 0.007821
590 0.001444
591 0.000272
592 0.001101
593 0.000041
594 0.000009
595 0.000003
596 0.000001
597 0.000000
598 0.000000
599 0.000000
600 0.000000
601 0.000000
602 0.000000
603 0.000000
604 0.000000
605 0.000000
606 0.000000
607 0.000000
608 0.000000
609 0.000000
610 0.000002
611 0.000147
612 0.001729
613 0.005604
614 0.010002
615 0.005234
616 0.008138
617 0.012337
618 0.010001
619 0.005647
620 0.000416
621 0.000010
622 0.000003
623 0.000002
624 0.000002
625 0.000000
626 0.000000
627 0.000000
628 0.000000
629 0.000000
630 0.000000
631 0.000000
632 0.000000
633 0.000000
634 0.000000
635 0.000000
636 0.000000
637 0.000000
638 0.000001
639 0.000169
640 0.000546
641 0.001846
642 0.000000
643 0.000001
644 0.011690
645 0.010001
646 0.010000
647 0.010000
648 0.005227
649 0.000071
650 0.000011
651 0.000005
652 0.000005
653 0.000005
654 0.000000
655 0.000000
656 0.000000
657 0.000000
658 0.000000
659 0.000000
660 0.000000
661 0.000000
662 0.000000
663 0.000000
664 0.000000
665 0.000002
666 0.000062
667 0.000098
668 0.000193
669 0.000000
670 0.000000
671 0.000001
672 0.000000
673 0.010000
674 0.010000
675 0.010001
676 0.010002
677 0.010003
678 0.000382
679 0.000115
680 0.000072
681 0.000101
682 0.000029
683 0.000001
684 0.000000
685 0.000000
686 0.000000
687 0.000000
688 0.000000
689 0.000002
690 0.000005
691 0.000004
692 0.000009
693 0.000058
694 0.000067
695 0.000093
696 0.000000
697 0.000000
698 0.000000
699 0.000000
700 0.000000
701 0.000000
702 0.010001
703 0.010002
704 0.010003
705 0.010003
706 0.010129
707 0.003394
708 0.001335
709 0.000493
710 0.000114
711 0.000005
712 0.000001
713 0.000000
714 0.000001
715 0.000001
716 0.000001
717 0.000004
718 0.000038
719 0.000041
720 0.000045
721 0.000062
722 0.000087
723 0.000000
724 0.000000
725 0.000000
726 0.000000
727 0.000000
728 0.000000
729 0.000000
730 0.000000
731 0.000000
732 0.010003
733 0.011822
734 0.005121
735 0.002118
736 0.000689
737 0.000536
738 0.000472
739 0.000021
740 0.000002
741 0.000001
742 0.000001
743 0.000001
744 0.000002
745 0.000011
746 0.000041
747 0.000058
748 0.000062
749 0.000087
750 0.000000
751 0.000000
752 0.000000
753 0.000000
754 0.000000
755 0.000000
756 0.000000
757 0.000000
758 0.000000
759 0.000000
760 0.000000
761 0.007207
762 0.003133
763 0.000843
764 0.000706
765 0.000655
766 0.000620
767 0.000088
768 0.000005
769 0.000001
770 0.000001
771 0.000001
772 0.000004
773 0.000031
774 0.000041
775 0.000048
776 0.000067
777 0.000000
778 0.000020
779 0.000016
780 0.000001
781 0.000000
782 0.000000
783 0.000000
