0 0.001465
1 0.001373
2 0.001087
3 0.001440
4 0.002382
5 0.005187
6 0.010023
7 0.007851
8 0.000351
9 0.000013
10 0.000005
11 0.000005
12 0.000005
13 0.000005
14 0.000014
15 0.000037
16 0.000064
17 0.000041
18 0.000151
19 0.001047
20 0.005142
21 0.012757
22 0.019906
23 0.008221
24 0.002373
25 0.000879
26 0.000773
27 0.000823
28 0.001165
29 0.001287
30 0.001015
31 0.000948
32 0.001280
33 0.002583
34 0.006178
35 0.005480
36 0.000249
37 0.000012
38 0.000005
39 0.000004
40 0.000004
41 0.000007
42 0.000021
43 0.000065
44 0.000044
45 0.000028
46 0.000037
47 0.000538
48 0.011270
49 0.020881
50 0.003837
51 0.000001
52 0.000801
53 0.000683
54 0.000595
55 0.000773
56 0.001287
57 0.001014
58 0.000947
59 0.000885
60 0.000773
61 0.001075
62 0.002398
63 0.001095
64 0.000167
65 0.000019
66 0.000009
67 0.000003
68 0.000003
69 0.000008
70 0.000031
71 0.000048
72 0.000032
73 0.000017
74 0.000023
75 0.000432
76 0.014348
77 0.000003
78 0.000001
79 0.000001
80 0.000001
81 0.000521
82 0.000683
83 0.000594
84 0.001207
85 0.000947
86 0.000739
87 0.000640
88 0.000597
89 0.000556
90 0.000906
91 0.000135
92 0.000037
93 0.000040
94 0.000011
95 0.000004
96 0.000004
97 0.000015
98 0.000057
99 0.000041
100 0.000022
101 0.000014
102 0.000017
103 0.000007
104 0.000002
105 0.000002
106 0.000001
107 0.000001
108 0.000001
109 0.000488
110 0.000521
111 0.000683
112 0.000949
113 0.000885
114 0.000640
115 0.000596
116 0.000001
117 0.000001
118 0.000005
119 0.000001
120 0.000001
121 0.000010
122 0.000029
123 0.000009
124 0.000015
125 0.000027
126 0.000049
127 0.000015
128 0.000013
129 0.000011
130 0.000003
131 0.000002
132 0.000002
133 0.000001
134 0.000001
135 0.000001
136 0.000007
137 0.000369
138 0.000488
139 0.000642
140 0.001020
141 0.000694
142 0.000597
143 0.000556
144 0.000001
145 0.000002
146 0.000001
147 0.000002
148 0.000003
149 0.000002
150 0.000001
151 0.000001
152 0.000003
153 0.000010
154 0.000027
155 0.000010
156 0.000003
157 0.000003
158 0.000002
159 0.000001
160 0.000001
161 0.000001
162 0.000001
163 0.000001
164 0.000376
165 0.000344
166 0.000457
167 0.000488
168 0.004510
169 0.000960
170 0.000567
171 0.000483
172 0.000003
173 0.000001
174 0.000001
175 0.000001
176 0.000002
177 0.000004
178 0.000006
179 0.000008
180 0.000009
181 0.000005
182 0.000002
183 0.000002
184 0.000002
185 0.000001
186 0.000001
187 0.000001
188 0.000001
189 0.000001
190 0.000001
191 0.000001
192 0.000281
193 0.000300
194 0.000322
195 0.000790
196 0.011032
197 0.005795
198 0.001817
199 0.000379
200 0.000014
201 0.000001
202 0.000001
203 0.000001
204 0.000001
205 0.000001
206 0.000006
207 0.000114
208 0.999970
209 0.000025
210 0.000003
211 0.000001
212 0.000001
213 0.000001
214 0.000001
215 0.000001
216 0.000001
217 0.000001
218 0.000001
219 0.000004
220 0.000281
221 0.000305
222 0.000863
223 0.003571
224 0.023360
225 0.014954
226 0.007938
227 0.003123
228 0.000386
229 0.000002
230 0.000001
231 0.000001
232 0.000001
233 0.000001
234 0.000001
235 0.000003
236 0.000006
237 0.000008
238 0.000005
239 0.000004
240 0.000003
241 0.000002
242 0.000001
243 0.000001
244 0.000001
245 0.000001
246 0.000001
247 0.000017
248 0.000032
249 0.000233
250 0.000658
251 0.001068
252 0.010034
253 0.021728
254 0.028978
255 0.011169
256 0.004152
257 0.000002
258 0.000002
259 0.000001
260 0.000001
261 0.000001
262 0.000001
263 0.000001
264 0.000001
265 0.000002
266 0.000005
267 0.000007
268 0.000003
269 0.000002
270 0.000001
271 0.000001
272 0.000001
273 0.000001
274 0.000001
275 0.000028
276 0.000088
277 0.000103
278 0.000120
279 0.000128
280 0.010010
281 0.010033
282 0.010054
283 0.044953
284 0.016081
285 0.000003
286 0.000002
287 0.000002
288 0.000001
289 0.000001
290 0.000001
291 0.000001
292 0.000001
293 0.000002
294 0.000004
295 0.000003
296 0.000002
297 0.000001
298 0.000001
299 0.000001
300 0.000001
301 0.000001
302 0.000002
303 0.000453
304 0.000392
305 0.000300
306 0.000099
307 0.000035
308 0.002648
309 0.005621
310 0.010041
311 0.010070
312 0.003760
313 0.000013
314 0.000001
315 0.000002
316 0.000001
317 0.000001
318 0.000001
319 0.000001
320 0.000001
321 0.000002
322 0.000002
323 0.000001
324 0.000001
325 0.000001
326 0.000001
327 0.000001
328 0.000001
329 0.000001
330 0.000002
331 0.000044
332 0.000758
333 0.000220
334 0.000127
335 0.000132
336 0.000575
337 0.001064
338 0.002269
339 0.005260
340 0.000051
341 0.000002
342 0.000001
343 0.000002
344 0.000003
345 0.000002
346 0.000001
347 0.000002
348 0.000002
349 0.000002
350 0.000001
351 0.000001
352 0.000001
353 0.000001
354 0.000001
355 0.000001
356 0.000001
357 0.000001
358 0.000002
359 0.000003
360 0.000108
361 0.000125
362 0.000170
363 0.000182
364 0.000208
365 0.000240
366 0.000428
367 0.000323
368 0.000001
369 0.000001
370 0.000001
371 0.000002
372 0.000006
373 0.000006
374 0.000003
375 0.000003
376 0.000002
377 0.000001
378 0.000001
379 0.000001
380 0.000001
381 0.000001
382 0.000001
383 0.000001
384 0.000001
385 0.000001
386 0.000001
387 0.000001
388 0.000021
389 0.000108
390 0.000125
391 0.000182
392 0.000155
393 0.000086
394 0.000026
395 0.000002
396 0.000001
397 0.000001
398 0.000001
399 0.000001
400 0.000015
401 0.000287
402 0.000080
403 0.000004
404 0.000001
405 0.000001
406 0.000001
407 0.000001
408 0.000001
409 0.000001
410 0.000001
411 0.000001
412 0.000001
413 0.000001
414 0.000001
415 0.000001
416 0.000002
417 0.000060
418 0.000116
419 0.000125
420 0.000060
421 0.000016
422 0.000007
423 0.000001
424 0.000001
425 0.000001
426 0.000001
427 0.000001
428 0.000012
429 0.999958
430 0.000260
431 0.000004
432 0.000001
433 0.000001
434 0.000001
435 0.000001
436 0.000001
437 0.000001
438 0.000001
439 0.000001
440 0.000001
441 0.000001
442 0.000001
443 0.000001
444 0.000001
445 0.000017
446 0.000037
447 0.000071
448 0.000027
449 0.000007
450 0.000004
451 0.000001
452 0.000001
453 0.000001
454 0.000001
455 0.000002
456 0.000006
457 0.000013
458 0.000009
459 0.000002
460 0.000001
461 0.000001
462 0.000001
463 0.000001
464 0.000001
465 0.000001
466 0.000001
467 0.000001
468 0.000001
469 0.000001
470 0.000001
471 0.000001
472 0.000001
473 0.000002
474 0.000012
475 0.000043
476 0.000067
477 0.000025
478 0.000003
479 0.000001
480 0.000001
481 0.000001
482 0.000002
483 0.000004
484 0.000003
485 0.000003
486 0.000002
487 0.000002
488 0.000001
489 0.000001
490 0.000001
491 0.000001
492 0.000001
493 0.000001
494 0.000001
495 0.000001
496 0.000001
497 0.000001
498 0.000001
499 0.000001
500 0.000001
501 0.000001
502 0.000027
503 0.000110
504 0.000686
505 0.000296
506 0.000002
507 0.000001
508 0.000001
509 0.000001
510 0.000004
511 0.000004
512 0.000002
513 0.000001
514 0.000001
515 0.000001
516 0.000001
517 0.000001
518 0.000001
519 0.000001
520 0.000001
521 0.000001
522 0.000001
523 0.000001
524 0.000001
525 0.000001
526 0.000001
527 0.000001
528 0.000001
529 0.000001
530 0.000224
531 0.000776
532 0.000645
533 0.000808
534 0.000004
535 0.000001
536 0.000001
537 0.000003
538 0.000004
539 0.000002
540 0.000001
541 0.000001
542 0.000001
543 0.000001
544 0.000001
545 0.000001
546 0.000001
547 0.000001
548 0.000001
549 0.000001
550 0.000001
551 0.000001
552 0.000001
553 0.000001
554 0.000001
555 0.000001
556 0.000001
557 0.000003
558 0.000775
559 0.000810
560 0.001268
561 0.002379
562 0.000008
563 0.000001
564 0.000002
565 0.000006
566 0.000003
567 0.000001
568 0.000001
569 0.000001
570 0.000001
571 0.000001
572 0.000001
573 0.000001
574 0.000001
575 0.000001
576 0.000001
577 0.000001
578 0.000001
579 0.000001
580 0.000001
581 0.000001
582 0.000001
583 0.000001
584 0.000002
585 0.000775
586 0.000809
587 0.000970
588 0.002965
589 0.005809
590 0.000231
591 0.000003
592 0.000003
593 0.000002
594 0.000001
595 0.000001
596 0.000001
597 0.000001
598 0.000001
599 0.000001
600 0.000001
601 0.000001
602 0.000001
603 0.000001
604 0.000001
605 0.000001
606 0.000001
607 0.000001
608 0.000001
609 0.000001
610 0.000001
611 0.000003
612 0.000743
613 0.000775
614 0.000931
615 0.000970
616 0.007105
617 0.010028
618 0.010033
619 0.000376
620 0.000004
621 0.000001
622 0.000001
623 0.000001
624 0.000001
625 0.000001
626 0.000001
627 0.000001
628 0.000001
629 0.000002
630 0.000001
631 0.000001
632 0.000001
633 0.000001
634 0.000001
635 0.000001
636 0.000001
637 0.000001
638 0.000004
639 0.000743
640 0.000775
641 0.000931
642 0.000001
643 0.000001
644 0.010026
645 0.010029
646 0.007765
647 0.003573
648 0.000574
649 0.000001
650 0.000001
651 0.000001
652 0.000001
653 0.000001
654 0.000001
655 0.000001
656 0.000010
657 0.000200
658 0.000105
659 0.000002
660 0.000001
661 0.000001
662 0.000001
663 0.000001
664 0.000001
665 0.000005
666 0.000743
667 0.000894
668 0.000931
669 0.000001
670 0.000001
671 0.000001
672 0.000001
673 0.007563
674 0.004208
675 0.001891
676 0.001038
677 0.000794
678 0.000003
679 0.000002
680 0.000004
681 0.000022
682 0.000118
683 0.000096
684 0.000109
685 0.000265
686 0.000200
687 0.000067
688 0.000020
689 0.000046
690 0.000037
691 0.000014
692 0.000044
693 0.000712
694 0.000775
695 0.000931
696 0.000001
697 0.000001
698 0.000001
699 0.000001
700 0.000001
701 0.000001
702 0.002272
703 0.001184
704 0.001010
705 0.000965
706 0.000790
707 0.000753
708 0.000686
709 0.000555
710 0.000246
711 0.000104
712 0.000103
713 0.000288
714 0.000279
715 0.000183
716 0.000088
717 0.000160
718 0.000564
719 0.000589
720 0.000615
721 0.000743
722 0.000894
723 0.000001
724 0.000001
725 0.000001
726 0.000001
727 0.000001
728 0.000001
729 0.000001
730 0.000001
731 0.000001
732 0.001056
733 0.001009
734 0.000828
735 0.000790
736 0.000753
737 0.000613
738 0.000555
739 0.000138
740 0.000137
741 0.000184
742 0.000294
743 0.000279
744 0.000336
745 0.000629
746 0.000962
747 0.000713
748 0.000743
749 0.000894
750 0.000001
751 0.000001
752 0.000001
753 0.000001
754 0.000001
755 0.000001
756 0.000001
757 0.000001
758 0.000001
759 0.000001
760 0.000001
761 0.001056
762 0.001009
763 0.000828
764 0.000790
765 0.000753
766 0.000719
767 0.000268
768 0.000146
769 0.000171
770 0.000386
771 0.000371
772 0.001085
773 0.002462
774 0.001519
775 0.000778
776 0.000776
777 0.000001
778 0.000017
779 0.000010
780 0.000001
781 0.000001
782 0.000001
783 0.000001
