0 0.010169
1 0.010169
2 0.010171
3 0.010171
4 0.010173
5 0.010175
6 0.010176
7 0.010178
8 0.010578
9 0.010526
10 0.010213
11 0.010215
12 0.010215
13 0.010216
14 0.010218
15 0.010220
16 0.010223
17 0.010274
18 0.010327
19 0.010333
20 0.010134
21 0.010132
22 0.010124
23 0.010122
24 0.010126
25 0.010123
26 0.010115
27 0.010112
28 0.010170
29 0.010170
30 0.010171
31 0.010172
32 0.010173
33 0.010174
34 0.010177
35 0.010636
36 0.010644
37 0.010500
38 0.010218
39 0.010217
40 0.010219
41 0.010218
42 0.010219
43 0.010223
44 0.010227
45 0.010227
46 0.010362
47 0.010414
48 0.010141
49 0.010134
50 0.010664
51 0.011533
52 0.010127
53 0.010119
54 0.010123
55 0.010115
56 0.010170
57 0.010171
58 0.010172
59 0.010172
60 0.010174
61 0.010176
62 0.010177
63 0.010639
64 0.010645
65 0.010220
66 0.010218
67 0.010221
68 0.010224
69 0.010223
70 0.010224
71 0.010227
72 0.010228
73 0.010230
74 0.010443
75 0.010449
76 0.010598
77 0.010806
78 0.011136
79 0.011535
80 0.011533
81 0.010127
82 0.010119
83 0.010123
84 0.010170
85 0.010172
86 0.010173
87 0.010175
88 0.010175
89 0.010176
90 0.010177
91 0.010642
92 0.010649
93 0.010222
94 0.010224
95 0.010224
96 0.010225
97 0.010224
98 0.010226
99 0.010229
100 0.010230
101 0.010634
102 0.010661
103 0.011111
104 0.011109
105 0.011146
106 0.011091
107 0.011386
108 0.011042
109 0.010129
110 0.010127
111 0.010119
112 0.010172
113 0.010173
114 0.010175
115 0.010175
116 0.010177
117 0.010178
118 0.010772
119 0.010740
120 0.010651
121 0.010226
122 0.010225
123 0.010225
124 0.010226
125 0.010227
126 0.010229
127 0.010639
128 0.010654
129 0.010730
130 0.010877
131 0.011143
132 0.011282
133 0.010929
134 0.011324
135 0.011088
136 0.011146
137 0.010136
138 0.010129
139 0.010121
140 0.010173
141 0.010175
142 0.010176
143 0.010176
144 0.010178
145 0.010179
146 0.010772
147 0.010775
148 0.010229
149 0.010230
150 0.010229
151 0.010229
152 0.010229
153 0.010637
154 0.010653
155 0.010697
156 0.010847
157 0.010877
158 0.010674
159 0.011213
160 0.011143
161 0.011090
162 0.011192
163 0.011071
164 0.010136
165 0.010138
166 0.010131
167 0.010130
168 0.010175
169 0.010176
170 0.010176
171 0.010177
172 0.010179
173 0.010180
174 0.010809
175 0.010774
176 0.010233
177 0.010231
178 0.010595
179 0.010605
180 0.010622
181 0.010635
182 0.010790
183 0.010846
184 0.010584
185 0.010687
186 0.010845
187 0.010897
188 0.011134
189 0.010906
190 0.011050
191 0.011113
192 0.010142
193 0.010141
194 0.010140
195 0.010132
196 0.010177
197 0.010177
198 0.010179
199 0.010180
200 0.010182
201 0.010183
202 0.010809
203 0.010809
204 0.010509
205 0.010517
206 0.010529
207 0.010631
208 0.010643
209 0.010362
210 0.010382
211 0.010572
212 0.010653
213 0.010690
214 0.010851
215 0.010881
216 0.010930
217 0.011457
218 0.011079
219 0.011157
220 0.010143
221 0.010142
222 0.010142
223 0.010136
224 0.010178
225 0.010179
226 0.010180
227 0.010181
228 0.010183
229 0.010848
230 0.011101
231 0.010525
232 0.010530
233 0.010539
234 0.010550
235 0.010332
236 0.010343
237 0.010355
238 0.010368
239 0.010383
240 0.010684
241 0.010849
242 0.010878
243 0.010658
244 0.010567
245 0.011475
246 0.011516
247 0.010145
248 0.010146
249 0.010149
250 0.010142
251 0.010143
252 0.010178
253 0.010181
254 0.010181
255 0.010448
256 0.010457
257 0.011143
258 0.011149
259 0.010543
260 0.010550
261 0.010317
262 0.010320
263 0.010326
264 0.010331
265 0.010349
266 0.010356
267 0.010368
268 0.010388
269 0.010853
270 0.010645
271 0.010506
272 0.010449
273 0.011542
274 0.011754
275 0.010156
276 0.010150
277 0.010151
278 0.010150
279 0.010143
280 0.010182
281 0.010451
282 0.010454
283 0.010462
284 0.010467
285 0.011156
286 0.010900
287 0.010312
288 0.010313
289 0.010316
290 0.010318
291 0.010325
292 0.010331
293 0.010336
294 0.010350
295 0.010360
296 0.010373
297 0.010393
298 0.010490
299 0.010428
300 0.010450
301 0.011763
302 0.011860
303 0.010158
304 0.010153
305 0.010152
306 0.010152
307 0.010146
308 0.010454
309 0.010459
310 0.010466
311 0.010473
312 0.011090
313 0.010969
314 0.010316
315 0.010313
316 0.010312
317 0.010315
318 0.010318
319 0.010319
320 0.010325
321 0.010333
322 0.010344
323 0.010356
324 0.010372
325 0.010384
326 0.010406
327 0.010428
328 0.011207
329 0.011263
330 0.010950
331 0.010958
332 0.010158
333 0.010154
334 0.010153
335 0.010146
336 0.010440
337 0.010352
338 0.010221
339 0.010227
340 0.011079
341 0.011065
342 0.010319
343 0.010318
344 0.010317
345 0.010316
346 0.010321
347 0.010322
348 0.010329
349 0.010333
350 0.010343
351 0.010351
352 0.010365
353 0.010382
354 0.010401
355 0.010425
356 0.011240
357 0.011290
358 0.010992
359 0.011066
360 0.010161
361 0.010159
362 0.010155
363 0.010154
364 0.010215
365 0.010217
366 0.010220
367 0.010224
368 0.011108
369 0.011055
370 0.010322
371 0.010325
372 0.010322
373 0.010321
374 0.010323
375 0.010324
376 0.010329
377 0.010334
378 0.010342
379 0.010348
380 0.010366
381 0.010377
382 0.010401
383 0.010421
384 0.011210
385 0.011284
386 0.011091
387 0.011074
388 0.011089
389 0.010162
390 0.010160
391 0.010154
392 0.010216
393 0.010219
394 0.010222
395 0.011207
396 0.011169
397 0.010340
398 0.010334
399 0.010329
400 0.010331
401 0.010328
402 0.010325
403 0.010331
404 0.010332
405 0.010335
406 0.010340
407 0.010354
408 0.010366
409 0.010381
410 0.010400
411 0.010916
412 0.011020
413 0.011215
414 0.010353
415 0.011118
416 0.011098
417 0.010163
418 0.010161
419 0.010161
420 0.010214
421 0.010220
422 0.010223
423 0.011189
424 0.011157
425 0.010350
426 0.010343
427 0.010338
428 0.010335
429 0.010336
430 0.010336
431 0.010332
432 0.010338
433 0.010338
434 0.010348
435 0.010359
436 0.010370
437 0.010385
438 0.010401
439 0.010869
440 0.010944
441 0.010351
442 0.010369
443 0.011366
444 0.011174
445 0.010168
446 0.010164
447 0.010162
448 0.010941
449 0.010403
450 0.010224
451 0.011177
452 0.011143
453 0.010353
454 0.010356
455 0.010350
456 0.010346
457 0.010341
458 0.010338
459 0.010343
460 0.010348
461 0.010347
462 0.010358
463 0.010363
464 0.010373
465 0.010389
466 0.010408
467 0.010856
468 0.010859
469 0.010370
470 0.011205
471 0.010988
472 0.011306
473 0.010966
474 0.010303
475 0.010639
476 0.010935
477 0.010960
478 0.011783
479 0.012026
480 0.010352
481 0.010354
482 0.010359
483 0.010362
484 0.010359
485 0.010352
486 0.010347
487 0.010352
488 0.010352
489 0.010360
490 0.010368
491 0.010373
492 0.010384
493 0.010399
494 0.010750
495 0.010804
496 0.010874
497 0.011314
498 0.011670
499 0.011016
500 0.011794
501 0.011411
502 0.010634
503 0.010627
504 0.010134
505 0.010953
506 0.011559
507 0.011743
508 0.011261
509 0.011261
510 0.011263
511 0.010364
512 0.010368
513 0.010365
514 0.010364
515 0.010364
516 0.010365
517 0.010371
518 0.010380
519 0.010385
520 0.010399
521 0.010409
522 0.010593
523 0.010704
524 0.010934
525 0.012010
526 0.012019
527 0.011985
528 0.012110
529 0.011465
530 0.010640
531 0.010000
532 0.010135
533 0.010137
534 0.010570
535 0.010700
536 0.011252
537 0.011254
538 0.011256
539 0.011258
540 0.011334
541 0.011535
542 0.010371
543 0.010377
544 0.010380
545 0.010382
546 0.010389
547 0.010398
548 0.010410
549 0.010421
550 0.010630
551 0.012008
552 0.011937
553 0.011831
554 0.012135
555 0.012407
556 0.011739
557 0.010678
558 0.010000
559 0.010000
560 0.010129
561 0.010130
562 0.010505
563 0.010276
564 0.010288
565 0.010292
566 0.011248
567 0.011329
568 0.011566
569 0.011658
570 0.011807
571 0.011509
572 0.010615
573 0.010399
574 0.010402
575 0.010411
576 0.011453
577 0.011448
578 0.011501
579 0.011562
580 0.011781
581 0.012005
582 0.011162
583 0.011506
584 0.011598
585 0.010000
586 0.010000
587 0.010000
588 0.010123
589 0.010128
590 0.010314
591 0.010254
592 0.010273
593 0.010286
594 0.010320
595 0.010478
596 0.010512
597 0.011847
598 0.011632
599 0.011629
600 0.011598
601 0.013001
602 0.013114
603 0.011529
604 0.011528
605 0.011541
606 0.011497
607 0.010335
608 0.010638
609 0.010924
610 0.011205
611 0.011033
612 0.010000
613 0.010000
614 0.010000
615 0.010000
616 0.010119
617 0.010122
618 0.010128
619 0.010198
620 0.010244
621 0.010463
622 0.010502
623 0.010572
624 0.010541
625 0.010450
626 0.010566
627 0.011435
628 0.013223
629 0.013176
630 0.013221
631 0.013212
632 0.011644
633 0.011453
634 0.010374
635 0.010325
636 0.010307
637 0.010551
638 0.010830
639 0.010000
640 0.010000
641 0.010000
642 0.013458
643 0.012922
644 0.010117
645 0.010119
646 0.010120
647 0.010126
648 0.010410
649 0.010513
650 0.010561
651 0.010471
652 0.011030
653 0.011073
654 0.011308
655 0.011505
656 0.011456
657 0.010160
658 0.010163
659 0.011677
660 0.011442
661 0.011283
662 0.011104
663 0.010922
664 0.010273
665 0.010213
666 0.010000
667 0.010000
668 0.010000
669 0.013458
670 0.012642
671 0.012704
672 0.011587
673 0.010117
674 0.010118
675 0.010124
676 0.010121
677 0.010128
678 0.010438
679 0.010633
680 0.010892
681 0.010914
682 0.010145
683 0.010147
684 0.010153
685 0.010155
686 0.010161
687 0.010162
688 0.010167
689 0.010159
690 0.010881
691 0.010656
692 0.010239
693 0.010000
694 0.010000
695 0.010000
696 0.013458
697 0.013458
698 0.012590
699 0.012782
700 0.011586
701 0.011587
702 0.010117
703 0.010118
704 0.010120
705 0.010122
706 0.010128
707 0.010130
708 0.010133
709 0.010138
710 0.010143
711 0.010146
712 0.010148
713 0.010150
714 0.010155
715 0.010157
716 0.010152
717 0.010107
718 0.010000
719 0.010000
720 0.010000
721 0.010000
722 0.010000
723 0.012995
724 0.012778
725 0.013020
726 0.013458
727 0.013458
728 0.011585
729 0.011585
730 0.011587
731 0.011587
732 0.010119
733 0.010121
734 0.010127
735 0.010128
736 0.010130
737 0.010136
738 0.010139
739 0.010140
740 0.010142
741 0.010148
742 0.010154
743 0.010155
744 0.010137
745 0.010066
746 0.010000
747 0.010000
748 0.010000
749 0.010000
750 0.012108
751 0.011682
752 0.011929
753 0.012281
754 0.013000
755 0.013458
756 0.011585
757 0.011585
758 0.011381
759 0.011411
760 0.011587
761 0.010119
762 0.010121
763 0.010127
764 0.010129
765 0.010131
766 0.010132
767 0.010134
768 0.010141
769 0.010142
770 0.010149
771 0.010150
772 0.010116
773 0.010018
774 0.010000
775 0.010000
776 0.010000
777 0.011768
778 0.011856
779 0.011852
780 0.011801
781 0.011726
782 0.012224
783 0.013458
