0 0.004207
1 0.004867
2 0.006028
3 0.008588
4 0.008473
5 0.008361
6 0.008552
7 0.006133
8 0.000950
9 0.000098
10 0.000061
11 0.000055
12 0.000059
13 0.000068
14 0.000137
15 0.000359
16 0.000418
17 0.000360
18 0.000648
19 0.001486
20 0.003838
21 0.004568
22 0.006148
23 0.008324
24 0.008664
25 0.008304
26 0.007107
27 0.007336
28 0.005446
29 0.004035
30 0.004208
31 0.005868
32 0.008471
33 0.008474
34 0.008362
35 0.006066
36 0.000667
37 0.000090
38 0.000042
39 0.000041
40 0.000042
41 0.000053
42 0.000079
43 0.000183
44 0.000386
45 0.000676
46 0.001011
47 0.002221
48 0.004304
49 0.005793
50 0.000019
51 0.000001
52 0.008304
53 0.007107
54 0.007242
55 0.007966
56 0.007932
57 0.005278
58 0.003822
59 0.003992
60 0.005636
61 0.008356
62 0.008360
63 0.002653
64 0.000509
65 0.000107
66 0.000085
67 0.000029
68 0.000026
69 0.000031
70 0.000036
71 0.000088
72 0.000332
73 0.000883
74 0.001383
75 0.002607
76 0.000084
77 0.000000
78 0.000000
79 0.000001
80 0.000001
81 0.007242
82 0.007966
83 0.008219
84 0.010002
85 0.007856
86 0.005137
87 0.003449
88 0.003642
89 0.005414
90 0.008356
91 0.001190
92 0.000217
93 0.000151
94 0.000084
95 0.000041
96 0.000021
97 0.000028
98 0.000025
99 0.000044
100 0.000247
101 0.000876
102 0.000049
103 0.000002
104 0.000000
105 0.000000
106 0.000000
107 0.000015
108 0.030435
109 0.007858
110 0.008219
111 0.008402
112 0.010004
113 0.010003
114 0.007676
115 0.004747
116 0.000000
117 0.000000
118 0.000000
119 0.000001
120 0.000001
121 0.000051
122 0.000127
123 0.000067
124 0.000030
125 0.000018
126 0.000019
127 0.000008
128 0.000006
129 0.000003
130 0.000001
131 0.000000
132 0.000000
133 0.000001
134 0.000468
135 0.017624
136 0.042272
137 0.008092
138 0.008267
139 0.007350
140 0.010005
141 0.010005
142 0.010004
143 0.008443
144 0.000000
145 0.000000
146 0.000000
147 0.000000
148 0.000000
149 0.000000
150 0.000000
151 0.000001
152 0.000001
153 0.000000
154 0.000001
155 0.000000
156 0.000000
157 0.000000
158 0.000000
159 0.000001
160 0.000005
161 0.000311
162 0.015358
163 0.041849
164 0.008340
165 0.008134
166 0.006207
167 0.004027
168 0.006309
169 0.009516
170 0.010006
171 0.010005
172 0.000000
173 0.000000
174 0.000001
175 0.000000
176 0.000000
177 0.000000
178 0.000000
179 0.000000
180 0.000000
181 0.000000
182 0.000000
183 0.000000
184 0.000000
185 0.000000
186 0.000001
187 0.000035
188 0.000287
189 0.001326
190 0.044158
191 0.047090
192 0.007609
193 0.005013
194 0.002726
195 0.002026
196 0.003923
197 0.005508
198 0.007607
199 0.010007
200 0.000559
201 0.000000
202 0.000000
203 0.000001
204 0.000000
205 0.000000
206 0.000000
207 0.000000
208 0.000000
209 0.000000
210 0.000000
211 0.000000
212 0.000000
213 0.000000
214 0.000002
215 0.000046
216 0.000102
217 0.001715
218 0.012169
219 0.008308
220 0.004337
221 0.002300
222 0.001587
223 0.001211
224 0.002297
225 0.003003
226 0.004032
227 0.006503
228 0.009375
229 0.000000
230 0.000000
231 0.000000
232 0.000000
233 0.000000
234 0.000000
235 0.000000
236 0.000000
237 0.000000
238 0.000000
239 0.000000
240 0.000000
241 0.000002
242 0.000011
243 0.000064
244 0.000238
245 0.002421
246 0.001654
247 0.000450
248 0.000233
249 0.000172
250 0.000243
251 0.000367
252 0.002074
253 0.001758
254 0.002108
255 0.002585
256 0.001900
257 0.000001
258 0.000000
259 0.000000
260 0.000000
261 0.000000
262 0.000000
263 0.000000
264 0.000000
265 0.000000
266 0.000000
267 0.000000
268 0.000001
269 0.000002
270 0.000013
271 0.000527
272 0.999968
273 0.008339
274 0.001623
275 0.000236
276 0.000113
277 0.000099
278 0.000108
279 0.000135
280 0.001663
281 0.000918
282 0.000673
283 0.000352
284 0.000376
285 0.000001
286 0.000000
287 0.000000
288 0.000000
289 0.000000
290 0.000000
291 0.000000
292 0.000002
293 0.000062
294 0.000068
295 0.000012
296 0.000001
297 0.000001
298 0.000002
299 0.000032
300 0.004452
301 0.005476
302 0.001055
303 0.000510
304 0.000482
305 0.000336
306 0.000223
307 0.000203
308 0.000788
309 0.000481
310 0.000234
311 0.000127
312 0.000016
313 0.000000
314 0.000000
315 0.000000
316 0.000000
317 0.000000
318 0.000001
319 0.000000
320 0.000001
321 0.000159
322 0.005997
323 0.001427
324 0.000037
325 0.000002
326 0.000000
327 0.000001
328 0.000038
329 0.000281
330 0.000046
331 0.000088
332 0.000409
333 0.000557
334 0.000550
335 0.000733
336 0.001140
337 0.000275
338 0.000186
339 0.000119
340 0.000002
341 0.000000
342 0.000000
343 0.000000
344 0.000000
345 0.000000
346 0.000005
347 0.000021
348 0.000016
349 0.000025
350 0.000389
351 0.999975
352 0.001958
353 0.000022
354 0.000001
355 0.000001
356 0.000001
357 0.000009
358 0.000005
359 0.000011
360 0.000079
361 0.000192
362 0.000426
363 0.000568
364 0.002697
365 0.001736
366 0.000575
367 0.000144
368 0.000000
369 0.000000
370 0.000000
371 0.000000
372 0.000000
373 0.000000
374 0.000007
375 0.999989
376 0.000404
377 0.000060
378 0.000035
379 0.000194
380 0.002394
381 0.000173
382 0.000002
383 0.000001
384 0.000001
385 0.000001
386 0.000001
387 0.000003
388 0.000011
389 0.000052
390 0.000101
391 0.000239
392 0.005707
393 0.003259
394 0.001638
395 0.000133
396 0.000000
397 0.000000
398 0.000000
399 0.000000
400 0.000000
401 0.000000
402 0.000005
403 0.000385
404 0.010692
405 0.000482
406 0.000023
407 0.000004
408 0.000006
409 0.000056
410 0.000008
411 0.000003
412 0.000000
413 0.000000
414 0.000001
415 0.000001
416 0.000002
417 0.000016
418 0.000029
419 0.000059
420 0.002147
421 0.002956
422 0.004551
423 0.000052
424 0.000000
425 0.000000
426 0.000000
427 0.000000
428 0.000000
429 0.000000
430 0.000001
431 0.000009
432 0.000225
433 0.001177
434 0.000023
435 0.000001
436 0.000000
437 0.000001
438 0.000010
439 0.000012
440 0.000001
441 0.000000
442 0.000000
443 0.000001
444 0.000003
445 0.000013
446 0.000017
447 0.000022
448 0.001629
449 0.001622
450 0.001887
451 0.000005
452 0.000000
453 0.000000
454 0.000000
455 0.000004
456 0.000007
457 0.000001
458 0.000000
459 0.000000
460 0.000001
461 0.000005
462 0.000006
463 0.000001
464 0.000000
465 0.000000
466 0.000001
467 0.000006
468 0.000001
469 0.000000
470 0.000000
471 0.000001
472 0.000004
473 0.000014
474 0.000029
475 0.000032
476 0.001598
477 0.001485
478 0.000430
479 0.000001
480 0.000000
481 0.000000
482 0.000010
483 0.000511
484 0.000690
485 0.000008
486 0.000000
487 0.000000
488 0.000000
489 0.000000
490 0.000000
491 0.000001
492 0.000001
493 0.000000
494 0.000000
495 0.000001
496 0.000000
497 0.000000
498 0.000000
499 0.000001
500 0.000005
501 0.000028
502 0.000279
503 0.000365
504 0.002673
505 0.001561
506 0.000077
507 0.000000
508 0.000000
509 0.000001
510 0.000045
511 0.999990
512 0.002405
513 0.000008
514 0.000000
515 0.000000
516 0.000000
517 0.000000
518 0.000000
519 0.000000
520 0.000000
521 0.000000
522 0.000000
523 0.000000
524 0.000000
525 0.000000
526 0.000000
527 0.000001
528 0.000006
529 0.000242
530 0.003051
531 0.004049
532 0.002808
533 0.003767
534 0.000046
535 0.000000
536 0.000000
537 0.000009
538 0.001656
539 0.000573
540 0.000015
541 0.000000
542 0.000000
543 0.000000
544 0.000000
545 0.000000
546 0.000000
547 0.000000
548 0.000000
549 0.000000
550 0.000000
551 0.000000
552 0.000000
553 0.000000
554 0.000001
555 0.000002
556 0.000062
557 0.000293
558 0.011732
559 0.008900
560 0.004690
561 0.006485
562 0.000066
563 0.000001
564 0.000007
565 0.000578
566 0.000660
567 0.000018
568 0.000001
569 0.000000
570 0.000000
571 0.000000
572 0.000000
573 0.000000
574 0.000000
575 0.000000
576 0.000000
577 0.000000
578 0.000000
579 0.000000
580 0.000000
581 0.000001
582 0.000002
583 0.000007
584 0.000108
585 0.010012
586 0.010018
587 0.010018
588 0.007164
589 0.009999
590 0.000665
591 0.000027
592 0.000319
593 0.000570
594 0.000014
595 0.000001
596 0.000000
597 0.000000
598 0.000000
599 0.000000
600 0.000000
601 0.000000
602 0.000000
603 0.000000
604 0.000001
605 0.000003
606 0.000005
607 0.000001
608 0.000002
609 0.000002
610 0.000002
611 0.000039
612 0.003089
613 0.006038
614 0.010010
615 0.010016
616 0.009999
617 0.010000
618 0.010000
619 0.003204
620 0.001122
621 0.000019
622 0.000001
623 0.000000
624 0.000000
625 0.000000
626 0.000000
627 0.000000
628 0.000000
629 0.000000
630 0.000000
631 0.000003
632 0.000073
633 0.000049
634 0.000018
635 0.000005
636 0.000003
637 0.000006
638 0.000054
639 0.001161
640 0.001698
641 0.003215
642 0.000000
643 0.000000
644 0.010000
645 0.010000
646 0.010000
647 0.010000
648 0.005088
649 0.000025
650 0.000003
651 0.000001
652 0.000001
653 0.000002
654 0.000009
655 0.000012
656 0.000033
657 0.000181
658 0.000200
659 0.000083
660 0.000335
661 0.000305
662 0.000105
663 0.000017
664 0.000024
665 0.000344
666 0.003487
667 0.001900
668 0.001252
669 0.000000
670 0.000000
671 0.000000
672 0.000000
673 0.010000
674 0.010000
675 0.010000
676 0.010001
677 0.010003
678 0.000149
679 0.000079
680 0.000175
681 0.000997
682 0.008364
683 0.001818
684 0.000622
685 0.000238
686 0.000260
687 0.000364
688 0.002627
689 0.009859
690 0.001428
691 0.001237
692 0.002514
693 0.010009
694 0.006772
695 0.003629
696 0.000000
697 0.000000
698 0.000000
699 0.000000
700 0.000000
701 0.000000
702 0.010000
703 0.010000
704 0.010003
705 0.010005
706 0.010006
707 0.009024
708 0.009029
709 0.009047
710 0.007280
711 0.004145
712 0.001044
713 0.000267
714 0.000321
715 0.000948
716 0.001590
717 0.002700
718 0.003453
719 0.008365
720 0.010010
721 0.010011
722 0.010008
723 0.000000
724 0.000000
725 0.000000
726 0.000000
727 0.000000
728 0.000000
729 0.000000
730 0.000000
731 0.000000
732 0.010004
733 0.010006
734 0.008870
735 0.008920
736 0.009020
737 0.009998
738 0.009998
739 0.007387
740 0.001845
741 0.000750
742 0.000339
743 0.001255
744 0.001563
745 0.000891
746 0.001811
747 0.005001
748 0.010007
749 0.010010
750 0.000000
751 0.000000
752 0.000000
753 0.000000
754 0.000000
755 0.000000
756 0.000000
757 0.000000
758 0.000000
759 0.000000
760 0.000000
761 0.009432
762 0.008832
763 0.008865
764 0.009998
765 0.009999
766 0.009998
767 0.008920
768 0.003250
769 0.001214
770 0.000606
771 0.001265
772 0.001526
773 0.000535
774 0.001120
775 0.002629
776 0.006037
777 0.000044
778 0.001527
779 0.001223
780 0.000095
781 0.000001
782 0.000000
783 0.000000
