0 0.002876
1 0.002753
2 0.002585
3 0.003765
4 0.004941
5 0.007522
6 0.007523
7 0.007524
8 0.001516
9 0.000150
10 0.000061
11 0.000030
12 0.000046
13 0.000094
14 0.000178
15 0.000197
16 0.000176
17 0.000135
18 0.000262
19 0.000656
20 0.000922
21 0.000967
22 0.001202
23 0.001260
24 0.001133
25 0.001727
26 0.003022
27 0.004440
28 0.002466
29 0.002636
30 0.002245
31 0.002371
32 0.003486
33 0.005305
34 0.007523
35 0.004842
36 0.000661
37 0.000131
38 0.000068
39 0.000041
40 0.000048
41 0.000133
42 0.000200
43 0.000188
44 0.000133
45 0.000077
46 0.000069
47 0.000244
48 0.000733
49 0.000919
50 0.000000
51 0.000000
52 0.001643
53 0.002936
54 0.004231
55 0.006556
56 0.002636
57 0.002245
58 0.002143
59 0.002046
60 0.002086
61 0.003140
62 0.005067
63 0.002138
64 0.000318
65 0.000106
66 0.000118
67 0.000076
68 0.000071
69 0.000136
70 0.000184
71 0.000142
72 0.000092
73 0.000035
74 0.000025
75 0.000082
76 0.000001
77 0.000000
78 0.000000
79 0.000000
80 0.000000
81 0.004254
82 0.006556
83 0.006332
84 0.002524
85 0.002143
86 0.001809
87 0.001639
88 0.001561
89 0.001880
90 0.002887
91 0.000591
92 0.000141
93 0.000094
94 0.000140
95 0.000188
96 0.000231
97 0.000180
98 0.000168
99 0.000127
100 0.000047
101 0.000008
102 0.000000
103 0.000000
104 0.000000
105 0.000000
106 0.000000
107 0.000000
108 0.000000
109 0.006332
110 0.006332
111 0.006556
112 0.003595
113 0.002046
114 0.001639
115 0.001561
116 0.000000
117 0.000000
118 0.000000
119 0.000000
120 0.000000
121 0.000027
122 0.000160
123 0.000583
124 0.000845
125 0.000416
126 0.000135
127 0.000003
128 0.000000
129 0.000000
130 0.000000
131 0.000000
132 0.000000
133 0.000000
134 0.000000
135 0.000000
136 0.000095
137 0.006116
138 0.005466
139 0.004009
140 0.006093
141 0.003740
142 0.001699
143 0.001486
144 0.000000
145 0.000000
146 0.000000
147 0.000000
148 0.000000
149 0.000000
150 0.000000
151 0.000001
152 0.000016
153 0.000002
154 0.000000
155 0.000000
156 0.000000
157 0.000000
158 0.000000
159 0.000000
160 0.000000
161 0.000000
162 0.000000
163 0.000000
164 0.006332
165 0.004489
166 0.003236
167 0.002167
168 0.011107
169 0.006786
170 0.004552
171 0.002056
172 0.000016
173 0.000000
174 0.000000
175 0.000000
176 0.000000
177 0.000000
178 0.000000
179 0.000000
180 0.000000
181 0.000000
182 0.000000
183 0.000000
184 0.000000
185 0.000000
186 0.000000
187 0.000000
188 0.000000
189 0.000000
190 0.000000
191 0.000001
192 0.003914
193 0.002512
194 0.001411
195 0.001101
196 0.010001
197 0.013012
198 0.008059
199 0.004059
200 0.000302
201 0.000000
202 0.000000
203 0.000000
204 0.000000
205 0.000000
206 0.000000
207 0.000000
208 0.000000
209 0.000000
210 0.000000
211 0.000000
212 0.000000
213 0.000000
214 0.000000
215 0.000000
216 0.000000
217 0.000000
218 0.000000
219 0.000052
220 0.002138
221 0.001174
222 0.000825
223 0.000966
224 0.010001
225 0.010002
226 0.011262
227 0.008726
228 0.004205
229 0.000021
230 0.000000
231 0.000000
232 0.000000
233 0.000000
234 0.000000
235 0.000000
236 0.000000
237 0.000000
238 0.000000
239 0.000000
240 0.000000
241 0.000000
242 0.000000
243 0.000000
244 0.000000
245 0.000000
246 0.000000
247 0.000068
248 0.000070
249 0.000079
250 0.000159
251 0.000257
252 0.005830
253 0.009133
254 0.010002
255 0.006019
256 0.001596
257 0.000001
258 0.000000
259 0.000000
260 0.000000
261 0.000000
262 0.000000
263 0.000000
264 0.000000
265 0.000000
266 0.000000
267 0.000000
268 0.000000
269 0.000000
270 0.000000
271 0.000000
272 0.000000
273 0.000000
274 0.000000
275 0.000005
276 0.000007
277 0.000013
278 0.000021
279 0.000041
280 0.004199
281 0.001429
282 0.001260
283 0.000845
284 0.000354
285 0.000000
286 0.000000
287 0.000000
288 0.000000
289 0.000000
290 0.000000
291 0.000000
292 0.000000
293 0.000000
294 0.000000
295 0.000001
296 0.000000
297 0.000000
298 0.000000
299 0.000000
300 0.000000
301 0.000000
302 0.000000
303 0.000004
304 0.000006
305 0.000009
306 0.000011
307 0.000016
308 0.000915
309 0.000520
310 0.000181
311 0.000076
312 0.000013
313 0.000000
314 0.000000
315 0.000000
316 0.000000
317 0.000000
318 0.000000
319 0.000000
320 0.000000
321 0.000000
322 0.000000
323 0.000056
324 0.000589
325 0.000003
326 0.000000
327 0.000000
328 0.000000
329 0.000000
330 0.000000
331 0.000001
332 0.000006
333 0.000008
334 0.000011
335 0.000020
336 0.000847
337 0.000329
338 0.000156
339 0.000143
340 0.000001
341 0.000000
342 0.000000
343 0.000001
344 0.000039
345 0.000002
346 0.000000
347 0.000000
348 0.000000
349 0.000000
350 0.000000
351 0.000028
352 0.999996
353 0.000009
354 0.000000
355 0.000000
356 0.000000
357 0.000000
358 0.000000
359 0.000000
360 0.000006
361 0.000008
362 0.000013
363 0.000015
364 0.000526
365 0.000702
366 0.000523
367 0.000246
368 0.000001
369 0.000000
370 0.000000
371 0.000017
372 0.999998
373 0.000046
374 0.000000
375 0.000000
376 0.000000
377 0.000000
378 0.000000
379 0.000004
380 0.000007
381 0.000003
382 0.000000
383 0.000000
384 0.000000
385 0.000000
386 0.000000
387 0.000000
388 0.000002
389 0.000009
390 0.000011
391 0.000016
392 0.000219
393 0.000276
394 0.000237
395 0.000113
396 0.000001
397 0.000000
398 0.000063
399 0.005855
400 0.000496
401 0.000009
402 0.000000
403 0.000000
404 0.000000
405 0.000000
406 0.000000
407 0.000000
408 0.000000
409 0.000000
410 0.000000
411 0.000000
412 0.000000
413 0.000000
414 0.000000
415 0.000000
416 0.000001
417 0.000012
418 0.000011
419 0.000013
420 0.000063
421 0.000096
422 0.000258
423 0.000016
424 0.000000
425 0.000010
426 0.002185
427 0.014080
428 0.000145
429 0.000004
430 0.000000
431 0.000000
432 0.000000
433 0.000000
434 0.000000
435 0.000000
436 0.000000
437 0.000000
438 0.000000
439 0.000000
440 0.000000
441 0.000000
442 0.000000
443 0.000000
444 0.000000
445 0.000056
446 0.000044
447 0.000019
448 0.000068
449 0.000086
450 0.000243
451 0.000002
452 0.000000
453 0.000011
454 0.999977
455 0.000798
456 0.000006
457 0.000001
458 0.000003
459 0.000004
460 0.000000
461 0.000000
462 0.000000
463 0.000000
464 0.000000
465 0.000000
466 0.000000
467 0.000000
468 0.000000
469 0.000000
470 0.000000
471 0.000000
472 0.000000
473 0.000042
474 0.000106
475 0.000117
476 0.000676
477 0.000716
478 0.000181
479 0.000000
480 0.000000
481 0.000024
482 0.000046
483 0.000001
484 0.000000
485 0.000001
486 0.000052
487 0.000019
488 0.000003
489 0.000000
490 0.000000
491 0.000000
492 0.000000
493 0.000000
494 0.000000
495 0.000000
496 0.000000
497 0.000000
498 0.000000
499 0.000000
500 0.000000
501 0.000020
502 0.001176
503 0.001468
504 0.008306
505 0.006593
506 0.000093
507 0.000000
508 0.000001
509 0.000052
510 0.000000
511 0.000000
512 0.000000
513 0.000000
514 0.000003
515 0.000011
516 0.000001
517 0.000000
518 0.000000
519 0.000000
520 0.000000
521 0.000000
522 0.000000
523 0.000000
524 0.000000
525 0.000000
526 0.000000
527 0.000000
528 0.000000
529 0.000021
530 0.004032
531 0.020240
532 0.010001
533 0.010001
534 0.000068
535 0.000003
536 0.000084
537 0.000005
538 0.000000
539 0.000000
540 0.000000
541 0.000000
542 0.000000
543 0.000000
544 0.000000
545 0.000000
546 0.000000
547 0.000000
548 0.000000
549 0.000000
550 0.000000
551 0.000000
552 0.000000
553 0.000000
554 0.000000
555 0.000000
556 0.000002
557 0.000155
558 0.010002
559 0.010003
560 0.010002
561 0.010006
562 0.000047
563 0.000017
564 0.000148
565 0.000002
566 0.000000
567 0.000000
568 0.000000
569 0.000000
570 0.000000
571 0.000000
572 0.000000
573 0.000000
574 0.000000
575 0.000000
576 0.000000
577 0.000000
578 0.000000
579 0.000000
580 0.000000
581 0.000000
582 0.000001
583 0.000003
584 0.000021
585 0.003865
586 0.007933
587 0.010002
588 0.010006
589 0.007065
590 0.000448
591 0.000229
592 0.000006
593 0.000000
594 0.000000
595 0.000000
596 0.000000
597 0.000000
598 0.000000
599 0.000000
600 0.000000
601 0.000000
602 0.000000
603 0.000000
604 0.000000
605 0.000000
606 0.000000
607 0.000001
608 0.000000
609 0.000000
610 0.000001
611 0.000008
612 0.000929
613 0.001907
614 0.003941
615 0.006750
616 0.007215
617 0.003674
618 0.001609
619 0.000278
620 0.000005
621 0.000000
622 0.000000
623 0.000000
624 0.000000
625 0.000000
626 0.000000
627 0.000000
628 0.000000
629 0.000000
630 0.000000
631 0.000000
632 0.000000
633 0.000000
634 0.000000
635 0.000001
636 0.000000
637 0.000000
638 0.000008
639 0.000481
640 0.000551
641 0.001010
642 0.000000
643 0.000000
644 0.003904
645 0.002077
646 0.001103
647 0.000910
648 0.000516
649 0.000006
650 0.000002
651 0.000001
652 0.000001
653 0.000002
654 0.000002
655 0.000005
656 0.000034
657 0.000222
658 0.000172
659 0.000005
660 0.000000
661 0.000000
662 0.000000
663 0.000000
664 0.000001
665 0.000013
666 0.000481
667 0.000594
668 0.000622
669 0.000000
670 0.000000
671 0.000000
672 0.000000
673 0.001205
674 0.001153
675 0.001485
676 0.003126
677 0.005951
678 0.000119
679 0.000066
680 0.000154
681 0.000756
682 0.001019
683 0.000288
684 0.000207
685 0.000295
686 0.000222
687 0.000127
688 0.000032
689 0.000063
690 0.000062
691 0.000030
692 0.000069
693 0.000459
694 0.000505
695 0.000622
696 0.000000
697 0.000000
698 0.000000
699 0.000000
700 0.000000
701 0.000000
702 0.001604
703 0.002810
704 0.006076
705 0.010000
706 0.010001
707 0.010002
708 0.010002
709 0.004755
710 0.000676
711 0.000185
712 0.000181
713 0.000388
714 0.000310
715 0.000280
716 0.000158
717 0.000223
718 0.000541
719 0.000373
720 0.000389
721 0.000481
722 0.000594
723 0.000000
724 0.000000
725 0.000000
726 0.000000
727 0.000000
728 0.000000
729 0.000000
730 0.000000
731 0.000000
732 0.010000
733 0.010001
734 0.010002
735 0.010002
736 0.007012
737 0.002462
738 0.000850
739 0.000244
740 0.000237
741 0.000349
742 0.000327
743 0.000310
744 0.000536
745 0.000920
746 0.001062
747 0.000490
748 0.000481
749 0.000594
750 0.000000
751 0.000000
752 0.000000
753 0.000000
754 0.000000
755 0.000000
756 0.000000
757 0.000000
758 0.000000
759 0.000000
760 0.000000
761 0.010001
762 0.010002
763 0.010002
764 0.004248
765 0.001553
766 0.000792
767 0.000320
768 0.000250
769 0.000299
770 0.000429
771 0.000408
772 0.001324
773 0.003696
774 0.001813
775 0.000733
776 0.000507
777 0.000000
778 0.000041
779 0.000027
780 0.000000
781 0.000000
782 0.000000
783 0.000000
