0 0.003283
1 0.003153
2 0.002734
3 0.003132
4 0.003918
5 0.005832
6 0.008492
7 0.009299
8 0.002968
9 0.000524
10 0.001648
11 0.006144
12 0.004017
13 0.000489
14 0.000334
15 0.000253
16 0.000129
17 0.000067
18 0.000194
19 0.000818
20 0.001913
21 0.002941
22 0.005031
23 0.007375
24 0.007432
25 0.007432
26 0.007148
27 0.005523
28 0.002846
29 0.003028
30 0.002608
31 0.002675
32 0.002876
33 0.004350
34 0.006445
35 0.006983
36 0.001675
37 0.001176
38 0.010247
39 0.011355
40 0.001723
41 0.000387
42 0.000295
43 0.000153
44 0.000074
45 0.000048
46 0.000081
47 0.000492
48 0.002770
49 0.004722
50 0.000000
51 0.000000
52 0.007432
53 0.007584
54 0.005122
55 0.003844
56 0.003028
57 0.002608
58 0.002589
59 0.002608
60 0.002675
61 0.002856
62 0.004323
63 0.002661
64 0.001013
65 0.003620
66 0.038087
67 0.012930
68 0.000500
69 0.000258
70 0.000180
71 0.000084
72 0.000046
73 0.000034
74 0.000042
75 0.000351
76 0.000004
77 0.000000
78 0.000000
79 0.000000
80 0.000000
81 0.005436
82 0.003927
83 0.002430
84 0.002909
85 0.002524
86 0.002240
87 0.002272
88 0.002347
89 0.002399
90 0.002856
91 0.000968
92 0.000581
93 0.020654
94 0.128411
95 0.013071
96 0.000708
97 0.000261
98 0.000117
99 0.000049
100 0.000032
101 0.000011
102 0.000000
103 0.000000
104 0.000000
105 0.000000
106 0.000000
107 0.000000
108 0.000000
109 0.003628
110 0.002394
111 0.002293
112 0.002497
113 0.002390
114 0.002024
115 0.002099
116 0.000000
117 0.000000
118 0.000000
119 0.000000
120 0.000011
121 0.027703
122 0.124916
123 0.007315
124 0.001212
125 0.000260
126 0.000059
127 0.000002
128 0.000000
129 0.000000
130 0.000000
131 0.000000
132 0.000000
133 0.000000
134 0.000000
135 0.000000
136 0.000062
137 0.002051
138 0.001901
139 0.002203
140 0.002390
141 0.002032
142 0.001850
143 0.001844
144 0.000000
145 0.000000
146 0.000000
147 0.000000
148 0.000000
149 0.000003
150 0.000016
151 0.000012
152 0.000034
153 0.000001
154 0.000000
155 0.000000
156 0.000000
157 0.000000
158 0.000000
159 0.000000
160 0.000000
161 0.000000
162 0.000000
163 0.000000
164 0.002064
165 0.001587
166 0.001813
167 0.001882
168 0.003706
169 0.002099
170 0.001766
171 0.001609
172 0.000008
173 0.000000
174 0.000000
175 0.000000
176 0.000001
177 0.000005
178 0.000000
179 0.000000
180 0.000000
181 0.000000
182 0.000000
183 0.000000
184 0.000000
185 0.000000
186 0.000000
187 0.000000
188 0.000000
189 0.000000
190 0.000000
191 0.000000
192 0.001394
193 0.001422
194 0.001479
195 0.002068
196 0.005878
197 0.003874
198 0.002199
199 0.001338
200 0.001586
201 0.000000
202 0.000000
203 0.000000
204 0.000002
205 0.000001
206 0.000000
207 0.000000
208 0.000000
209 0.000000
210 0.000000
211 0.000000
212 0.000000
213 0.000000
214 0.000000
215 0.000000
216 0.000000
217 0.000000
218 0.000000
219 0.000022
220 0.001367
221 0.001443
222 0.001738
223 0.002028
224 0.010000
225 0.006556
226 0.004141
227 0.002256
228 0.001154
229 0.000013
230 0.000000
231 0.000000
232 0.000000
233 0.000000
234 0.000000
235 0.000000
236 0.000000
237 0.000000
238 0.000000
239 0.000000
240 0.000000
241 0.000000
242 0.000000
243 0.000000
244 0.000000
245 0.000000
246 0.000000
247 0.000092
248 0.000174
249 0.000264
250 0.000477
251 0.000715
252 0.010000
253 0.010000
254 0.008581
255 0.002879
256 0.000426
257 0.000014
258 0.000000
259 0.000000
260 0.000000
261 0.000000
262 0.000000
263 0.000000
264 0.000000
265 0.000003
266 0.000022
267 0.000037
268 0.000002
269 0.000000
270 0.000000
271 0.000000
272 0.000000
273 0.000000
274 0.000000
275 0.000021
276 0.000036
277 0.000062
278 0.000094
279 0.000144
280 0.007929
281 0.004826
282 0.002222
283 0.000753
284 0.000199
285 0.000002
286 0.000001
287 0.000000
288 0.000000
289 0.000000
290 0.000000
291 0.000000
292 0.000000
293 0.000003
294 0.000235
295 1.000000
296 0.000007
297 0.000000
298 0.000000
299 0.000000
300 0.000000
301 0.000000
302 0.000000
303 0.000025
304 0.000033
305 0.000043
306 0.000049
307 0.000064
308 0.000862
309 0.000601
310 0.000488
311 0.000346
312 0.000042
313 0.000002
314 0.000057
315 0.000005
316 0.000000
317 0.000000
318 0.000000
319 0.000000
320 0.000001
321 0.000014
322 0.000214
323 0.000031
324 0.000001
325 0.000000
326 0.000000
327 0.000000
328 0.000000
329 0.000000
330 0.000000
331 0.000004
332 0.000033
333 0.000039
334 0.000049
335 0.000077
336 0.000102
337 0.000118
338 0.000132
339 0.000158
340 0.000017
341 0.000067
342 0.002019
343 0.001440
344 0.000001
345 0.000000
346 0.000000
347 0.000000
348 0.000001
349 0.000032
350 0.000009
351 0.000000
352 0.000000
353 0.000000
354 0.000000
355 0.000000
356 0.000000
357 0.000000
358 0.000000
359 0.000001
360 0.000052
361 0.000039
362 0.000057
363 0.000074
364 0.000063
365 0.000056
366 0.000044
367 0.000170
368 0.000008
369 0.000249
370 0.098330
371 0.999999
372 0.000008
373 0.000000
374 0.000000
375 0.000000
376 0.000000
377 0.000002
378 0.000000
379 0.000000
380 0.000000
381 0.000000
382 0.000000
383 0.000000
384 0.000000
385 0.000000
386 0.000000
387 0.000001
388 0.000048
389 0.000143
390 0.000146
391 0.000183
392 0.000055
393 0.000048
394 0.000075
395 0.000028
396 0.000017
397 0.000827
398 0.096664
399 0.002816
400 0.000036
401 0.000000
402 0.000000
403 0.000000
404 0.000000
405 0.000000
406 0.000000
407 0.000000
408 0.000000
409 0.000002
410 0.000000
411 0.000000
412 0.000000
413 0.000000
414 0.000000
415 0.000000
416 0.000030
417 0.000824
418 0.000953
419 0.000922
420 0.000118
421 0.000143
422 0.000211
423 0.000020
424 0.000018
425 0.000820
426 0.004522
427 0.000079
428 0.000017
429 0.000003
430 0.000002
431 0.000000
432 0.000000
433 0.000000
434 0.000000
435 0.000000
436 0.000001
437 0.000004
438 0.000000
439 0.000000
440 0.000000
441 0.000000
442 0.000000
443 0.000000
444 0.000008
445 0.004550
446 0.005872
447 0.003668
448 0.000441
449 0.000429
450 0.000464
451 0.000008
452 0.000019
453 0.001831
454 0.000027
455 0.000001
456 0.000002
457 0.000006
458 0.000004
459 0.000000
460 0.000000
461 0.000000
462 0.000000
463 0.000000
464 0.000000
465 0.000001
466 0.000000
467 0.000000
468 0.000000
469 0.000000
470 0.000000
471 0.000000
472 0.000004
473 0.001845
474 0.007738
475 0.007703
476 0.003459
477 0.001409
478 0.000262
479 0.000016
480 0.000136
481 0.000090
482 0.000001
483 0.000000
484 0.000000
485 0.000002
486 0.000000
487 0.000000
488 0.000000
489 0.000000
490 0.000000
491 0.000000
492 0.000000
493 0.000000
494 0.000000
495 0.000005
496 0.000031
497 0.000001
498 0.000000
499 0.000000
500 0.000001
501 0.000161
502 0.008553
503 0.009179
504 0.010001
505 0.005576
506 0.000226
507 0.000044
508 0.000675
509 0.000018
510 0.000000
511 0.000000
512 0.000000
513 0.000000
514 0.000000
515 0.000000
516 0.000000
517 0.000000
518 0.000000
519 0.000000
520 0.000000
521 0.000000
522 0.000000
523 0.000014
524 1.000000
525 0.000112
526 0.000001
527 0.000000
528 0.000000
529 0.000031
530 0.005494
531 0.008934
532 0.008119
533 0.008794
534 0.000256
535 0.000680
536 0.000889
537 0.000003
538 0.000001
539 0.000001
540 0.000000
541 0.000000
542 0.000000
543 0.000000
544 0.000000
545 0.000000
546 0.000000
547 0.000000
548 0.000000
549 0.000000
550 0.000000
551 0.000001
552 0.000584
553 0.008566
554 0.000058
555 0.000001
556 0.000001
557 0.000039
558 0.002715
559 0.004264
560 0.007979
561 0.008233
562 0.000300
563 0.001062
564 0.000350
565 0.000007
566 0.000006
567 0.000002
568 0.000000
569 0.000000
570 0.000000
571 0.000000
572 0.000000
573 0.000000
574 0.000001
575 0.000002
576 0.000000
577 0.000000
578 0.000000
579 0.000000
580 0.000007
581 0.000280
582 0.004094
583 0.000066
584 0.000031
585 0.002600
586 0.002415
587 0.002477
588 0.007797
589 0.009162
590 0.003399
591 0.001660
592 0.000019
593 0.000006
594 0.000007
595 0.000001
596 0.000000
597 0.000000
598 0.000001
599 0.000005
600 0.000014
601 0.000073
602 0.000013
603 0.000000
604 0.000000
605 0.000000
606 0.000000
607 0.000000
608 0.000000
609 0.000007
610 0.000748
611 0.005148
612 0.008521
613 0.004640
614 0.003051
615 0.002477
616 0.009433
617 0.010000
618 0.010000
619 0.002050
620 0.000074
621 0.000015
622 0.000004
623 0.000002
624 0.000017
625 0.000281
626 0.005268
627 0.086153
628 0.092071
629 0.011166
630 0.000059
631 0.000000
632 0.000000
633 0.000000
634 0.000000
635 0.000000
636 0.000000
637 0.000002
638 0.000188
639 0.010449
640 0.012429
641 0.010000
642 0.000000
643 0.000000
644 0.010000
645 0.010000
646 0.010000
647 0.010000
648 0.005283
649 0.000087
650 0.000190
651 0.001841
652 0.006834
653 0.032636
654 0.031045
655 0.051873
656 0.059686
657 0.031781
658 0.000704
659 0.000001
660 0.000000
661 0.000000
662 0.000000
663 0.000000
664 0.000001
665 0.000044
666 0.002788
667 0.005874
668 0.010689
669 0.000000
670 0.000000
671 0.000000
672 0.000000
673 0.010000
674 0.010000
675 0.010000
676 0.006980
677 0.003266
678 0.006030
679 0.009323
680 0.010781
681 0.002794
682 0.002690
683 0.018755
684 0.131039
685 0.020934
686 0.000316
687 0.000012
688 0.000007
689 0.000050
690 0.000117
691 0.000064
692 0.000144
693 0.000808
694 0.001355
695 0.003411
696 0.000000
697 0.000000
698 0.000000
699 0.000000
700 0.000000
701 0.000000
702 0.010000
703 0.007828
704 0.003842
705 0.001819
706 0.001045
707 0.001074
708 0.001237
709 0.001990
710 0.008386
711 0.042719
712 0.148746
713 0.008704
714 0.000190
715 0.000027
716 0.000022
717 0.000093
718 0.000645
719 0.000672
720 0.000701
721 0.000833
722 0.000998
723 0.000000
724 0.000000
725 0.000000
726 0.000000
727 0.000000
728 0.000000
729 0.000000
730 0.000000
731 0.000000
732 0.002153
733 0.001301
734 0.001117
735 0.001229
736 0.001886
737 0.004180
738 0.021017
739 0.104364
740 0.043285
741 0.004075
742 0.000165
743 0.000057
744 0.000053
745 0.000220
746 0.000675
747 0.000801
748 0.000833
749 0.000989
750 0.000000
751 0.000000
752 0.000000
753 0.000000
754 0.000000
755 0.000000
756 0.000000
757 0.000000
758 0.000001
759 0.000000
760 0.000000
761 0.001344
762 0.001448
763 0.001599
764 0.002563
765 0.010139
766 0.046601
767 0.136547
768 0.015699
769 0.001228
770 0.000305
771 0.000120
772 0.000160
773 0.000534
774 0.000684
775 0.000731
776 0.000867
777 0.000000
778 0.000067
779 0.000043
780 0.000000
781 0.000000
782 0.000000
783 0.000000
