0 0.005513
1 0.005965
2 0.005923
3 0.008084
4 0.011620
5 0.016513
6 0.012187
7 0.005672
8 0.001078
9 0.000222
10 0.000256
11 0.000485
12 0.000777
13 0.001428
14 0.001750
15 0.000996
16 0.000403
17 0.000320
18 0.000640
19 0.001365
20 0.001839
21 0.001908
22 0.002233
23 0.002311
24 0.002887
25 0.004430
26 0.006800
27 0.008316
28 0.004458
29 0.005445
30 0.005693
31 0.005923
32 0.008314
33 0.012856
34 0.016021
35 0.008246
36 0.001090
37 0.000194
38 0.000148
39 0.000257
40 0.000689
41 0.001916
42 0.003454
43 0.001424
44 0.000488
45 0.000235
46 0.000231
47 0.000647
48 0.001561
49 0.001839
50 0.000003
51 0.000001
52 0.004275
53 0.006719
54 0.008190
55 0.008318
56 0.004031
57 0.004297
58 0.004888
59 0.005694
60 0.005924
61 0.008873
62 0.013444
63 0.006731
64 0.001322
65 0.000302
66 0.000197
67 0.000163
68 0.000533
69 0.002583
70 0.003775
71 0.002103
72 0.000595
73 0.000138
74 0.000101
75 0.000280
76 0.000019
77 0.000001
78 0.000001
79 0.000001
80 0.000001
81 0.008191
82 0.008318
83 0.005429
84 0.003581
85 0.003475
86 0.003759
87 0.004541
88 0.005445
89 0.006162
90 0.008874
91 0.003144
92 0.001008
93 0.000560
94 0.000292
95 0.000212
96 0.000437
97 0.002155
98 0.003977
99 0.003725
100 0.000747
101 0.000078
102 0.000001
103 0.000000
104 0.000000
105 0.000001
106 0.000001
107 0.000002
108 0.000059
109 0.007319
110 0.005301
111 0.003984
112 0.003155
113 0.003044
114 0.002867
115 0.003527
116 0.000000
117 0.000000
118 0.000006
119 0.000003
120 0.000007
121 0.000333
122 0.000662
123 0.000657
124 0.000866
125 0.001312
126 0.002921
127 0.000458
128 0.000017
129 0.000001
130 0.000000
131 0.000000
132 0.000000
133 0.000001
134 0.000005
135 0.000062
136 0.003013
137 0.004554
138 0.003380
139 0.002626
140 0.004485
141 0.002936
142 0.002463
143 0.002523
144 0.000000
145 0.000000
146 0.000000
147 0.000000
148 0.000001
149 0.000001
150 0.000003
151 0.000015
152 0.000072
153 0.000022
154 0.000024
155 0.000004
156 0.000001
157 0.000000
158 0.000000
159 0.000001
160 0.000002
161 0.000004
162 0.000065
163 0.000068
164 0.004421
165 0.002838
166 0.002248
167 0.002228
168 0.006584
169 0.004168
170 0.002936
171 0.002195
172 0.000064
173 0.000001
174 0.000000
175 0.000000
176 0.000000
177 0.000001
178 0.000005
179 0.000001
180 0.000001
181 0.000000
182 0.000000
183 0.000000
184 0.000000
185 0.000000
186 0.000001
187 0.000001
188 0.000003
189 0.000034
190 0.000046
191 0.001149
192 0.002334
193 0.001873
194 0.001948
195 0.002673
196 0.010003
197 0.007099
198 0.004444
199 0.002661
200 0.000642
201 0.000002
202 0.000000
203 0.000000
204 0.000000
205 0.000000
206 0.000001
207 0.000003
208 0.000009
209 0.000001
210 0.000000
211 0.000000
212 0.000000
213 0.000001
214 0.000001
215 0.000002
216 0.000002
217 0.000002
218 0.000028
219 0.000596
220 0.001707
221 0.002042
222 0.002514
223 0.003097
224 0.010010
225 0.010006
226 0.007805
227 0.004711
228 0.002733
229 0.000060
230 0.000001
231 0.000000
232 0.000000
233 0.000000
234 0.000000
235 0.000001
236 0.000001
237 0.000006
238 0.000005
239 0.000001
240 0.000001
241 0.000003
242 0.000012
243 0.000003
244 0.000001
245 0.000001
246 0.000011
247 0.000167
248 0.000339
249 0.000552
250 0.000995
251 0.001682
252 0.031082
253 0.018385
254 0.010010
255 0.006707
256 0.001747
257 0.000020
258 0.000001
259 0.000000
260 0.000000
261 0.000000
262 0.000001
263 0.000001
264 0.000001
265 0.000003
266 0.000004
267 0.000004
268 0.000018
269 0.000998
270 0.999938
271 0.000007
272 0.000001
273 0.000001
274 0.000009
275 0.000167
276 0.000180
277 0.000231
278 0.000349
279 0.000603
280 0.029726
281 0.021539
282 0.010764
283 0.003113
284 0.001633
285 0.000010
286 0.000001
287 0.000001
288 0.000000
289 0.000000
290 0.000001
291 0.000001
292 0.000001
293 0.000001
294 0.000001
295 0.000007
296 0.000169
297 0.003798
298 0.001768
299 0.000128
300 0.000003
301 0.000003
302 0.000025
303 0.001147
304 0.000941
305 0.000936
306 0.000786
307 0.000887
308 0.004296
309 0.006220
310 0.005665
311 0.004493
312 0.000567
313 0.000009
314 0.000001
315 0.000001
316 0.000001
317 0.000001
318 0.000001
319 0.000001
320 0.000001
321 0.000001
322 0.000001
323 0.000015
324 0.000145
325 0.000432
326 0.000022
327 0.000085
328 0.000048
329 0.000028
330 0.000062
331 0.000750
332 0.004901
333 0.004386
334 0.003965
335 0.003437
336 0.000874
337 0.000968
338 0.001916
339 0.002516
340 0.000159
341 0.000006
342 0.000002
343 0.000008
344 0.000018
345 0.000002
346 0.000001
347 0.000000
348 0.000001
349 0.000001
350 0.000015
351 0.000418
352 0.000337
353 0.000003
354 0.000002
355 0.000011
356 0.000160
357 0.000026
358 0.000062
359 0.001293
360 0.026636
361 0.008499
362 0.009834
363 0.009501
364 0.000820
365 0.000566
366 0.000392
367 0.000482
368 0.000016
369 0.000002
370 0.000014
371 0.000490
372 0.999967
373 0.000006
374 0.000000
375 0.000000
376 0.000000
377 0.000001
378 0.000095
379 0.000527
380 0.000415
381 0.000015
382 0.000002
383 0.000004
384 0.000022
385 0.000025
386 0.000013
387 0.000265
388 0.026143
389 0.068968
390 0.019993
391 0.004440
392 0.001094
393 0.000644
394 0.000395
395 0.000057
396 0.000002
397 0.000002
398 0.000059
399 0.002971
400 0.001550
401 0.000013
402 0.000001
403 0.000000
404 0.000001
405 0.000001
406 0.000012
407 0.000150
408 0.000147
409 0.000251
410 0.000053
411 0.000035
412 0.000005
413 0.000008
414 0.000003
415 0.000010
416 0.000947
417 0.016638
418 0.015802
419 0.012412
420 0.001515
421 0.001110
422 0.001287
423 0.000080
424 0.000002
425 0.000001
426 0.000030
427 0.000240
428 0.000034
429 0.000003
430 0.000001
431 0.000001
432 0.000001
433 0.000001
434 0.000002
435 0.000004
436 0.000030
437 0.000376
438 0.006456
439 0.000382
440 0.000046
441 0.000006
442 0.000001
443 0.000001
444 0.000005
445 0.001572
446 0.002236
447 0.003521
448 0.002435
449 0.003005
450 0.006215
451 0.000077
452 0.000002
453 0.000006
454 0.000044
455 0.000003
456 0.000001
457 0.000002
458 0.000009
459 0.000007
460 0.000006
461 0.000002
462 0.000001
463 0.000001
464 0.000003
465 0.000076
466 0.999969
467 0.007224
468 0.000065
469 0.000007
470 0.000001
471 0.000000
472 0.000001
473 0.000023
474 0.000225
475 0.001477
476 0.005580
477 0.007916
478 0.003698
479 0.000023
480 0.000005
481 0.000039
482 0.000019
483 0.000001
484 0.000001
485 0.000002
486 0.000006
487 0.000020
488 0.000013
489 0.000016
490 0.000004
491 0.000001
492 0.000001
493 0.000007
494 0.000184
495 0.001560
496 0.000131
497 0.000008
498 0.000001
499 0.000001
500 0.000000
501 0.000005
502 0.000180
503 0.000401
504 0.009428
505 0.010897
506 0.000865
507 0.000006
508 0.000006
509 0.000026
510 0.000007
511 0.000001
512 0.000002
513 0.000008
514 0.000045
515 0.000056
516 0.000036
517 0.000014
518 0.000003
519 0.000001
520 0.000001
521 0.000001
522 0.000002
523 0.000006
524 0.000062
525 0.000020
526 0.000004
527 0.000001
528 0.000001
529 0.000009
530 0.000559
531 0.001097
532 0.010007
533 0.008984
534 0.000149
535 0.000004
536 0.000019
537 0.000009
538 0.000002
539 0.000002
540 0.000030
541 0.000531
542 0.001306
543 0.004509
544 0.000548
545 0.000018
546 0.000001
547 0.000001
548 0.000001
549 0.000001
550 0.000001
551 0.000001
552 0.000007
553 0.000313
554 0.000034
555 0.000006
556 0.000007
557 0.000085
558 0.001502
559 0.001152
560 0.008171
561 0.005422
562 0.000082
563 0.000008
564 0.000014
565 0.000003
566 0.000002
567 0.000022
568 0.000305
569 0.001736
570 0.999962
571 0.011813
572 0.000406
573 0.000003
574 0.000001
575 0.000001
576 0.000001
577 0.000001
578 0.000001
579 0.000001
580 0.000002
581 0.000083
582 0.000459
583 0.000126
584 0.000139
585 0.004761
586 0.002884
587 0.002041
588 0.005554
589 0.003375
590 0.000286
591 0.000024
592 0.000016
593 0.000002
594 0.000014
595 0.000365
596 0.003576
597 0.002138
598 0.000207
599 0.000035
600 0.000004
601 0.000003
602 0.000001
603 0.000001
604 0.000001
605 0.000001
606 0.000001
607 0.000001
608 0.000001
609 0.000008
610 0.000315
611 0.001427
612 0.010020
613 0.008193
614 0.005508
615 0.003793
616 0.003601
617 0.002606
618 0.002308
619 0.000556
620 0.000034
621 0.000048
622 0.000369
623 0.001844
624 0.000344
625 0.000037
626 0.000008
627 0.000005
628 0.000005
629 0.000009
630 0.000019
631 0.000211
632 0.000059
633 0.000009
634 0.000004
635 0.000003
636 0.000001
637 0.000008
638 0.000259
639 0.011671
640 0.012072
641 0.010019
642 0.000001
643 0.000001
644 0.002827
645 0.002751
646 0.003524
647 0.005045
648 0.005027
649 0.002284
650 0.000897
651 0.000084
652 0.000021
653 0.000018
654 0.000064
655 0.000137
656 0.000346
657 0.001967
658 0.004344
659 0.001090
660 0.000229
661 0.000054
662 0.000068
663 0.000013
664 0.000006
665 0.000106
666 0.003495
667 0.006886
668 0.011955
669 0.000001
670 0.000001
671 0.000001
672 0.000001
673 0.003679
674 0.005188
675 0.007483
676 0.010008
677 0.010009
678 0.000691
679 0.000252
680 0.000476
681 0.001779
682 0.006319
683 0.002844
684 0.001553
685 0.003312
686 0.007719
687 0.005233
688 0.002364
689 0.001177
690 0.000277
691 0.000136
692 0.000239
693 0.001014
694 0.001825
695 0.004218
696 0.000001
697 0.000001
698 0.000001
699 0.000001
700 0.000001
701 0.000001
702 0.007575
703 0.010007
704 0.010009
705 0.010006
706 0.010001
707 0.010001
708 0.009999
709 0.008958
710 0.004167
711 0.002102
712 0.002548
713 0.005480
714 0.010009
715 0.010016
716 0.004399
717 0.001869
718 0.000943
719 0.000862
720 0.000896
721 0.001052
722 0.001232
723 0.000001
724 0.000001
725 0.000001
726 0.000001
727 0.000001
728 0.000001
729 0.000001
730 0.000001
731 0.000001
732 0.010006
733 0.010001
734 0.010001
735 0.010000
736 0.009996
737 0.005934
738 0.003098
739 0.002001
740 0.004104
741 0.007910
742 0.010014
743 0.011338
744 0.008243
745 0.003397
746 0.001635
747 0.001014
748 0.001052
749 0.001232
750 0.000001
751 0.000001
752 0.000001
753 0.000001
754 0.000001
755 0.000001
756 0.000001
757 0.000001
758 0.000001
759 0.000002
760 0.000001
761 0.010001
762 0.010000
763 0.009997
764 0.008166
765 0.004440
766 0.002404
767 0.003166
768 0.005761
769 0.010006
770 0.010017
771 0.012294
772 0.011382
773 0.005193
774 0.002435
775 0.001347
776 0.001091
777 0.000021
778 0.000593
779 0.000518
780 0.000324
781 0.000007
782 0.000001
783 0.000001
