0 0.000376
1 0.000341
2 0.000241
3 0.000281
4 0.000197
5 0.000139
6 0.000114
7 0.000103
8 0.000007
9 0.000014
10 0.000224
11 0.000460
12 0.000024
13 0.000004
14 0.000002
15 0.000001
16 0.000001
17 0.000001
18 0.000002
19 0.000020
20 0.000174
21 0.000188
22 0.000262
23 0.000283
24 0.000238
25 0.000258
26 0.000354
27 0.000383
28 0.000267
29 0.000309
30 0.000218
31 0.000197
32 0.000179
33 0.000148
34 0.000103
35 0.000045
36 0.000002
37 0.000017
38 0.000328
39 0.000070
40 0.000008
41 0.000002
42 0.000001
43 0.000001
44 0.000001
45 0.000001
46 0.000001
47 0.000005
48 0.000124
49 0.000174
50 0.000001
51 0.000001
52 0.000220
53 0.000305
54 0.000258
55 0.000354
56 0.000310
57 0.000218
58 0.000197
59 0.000179
60 0.000148
61 0.000103
62 0.000094
63 0.000010
64 0.000002
65 0.000035
66 0.000773
67 0.000021
68 0.000003
69 0.000001
70 0.000001
71 0.000001
72 0.000001
73 0.000001
74 0.000001
75 0.000002
76 0.000001
77 0.000001
78 0.000001
79 0.000001
80 0.000001
81 0.000220
82 0.000305
83 0.000258
84 0.000483
85 0.000198
86 0.000139
87 0.000114
88 0.000103
89 0.000094
90 0.000078
91 0.000003
92 0.000005
93 0.000099
94 0.000151
95 0.000009
96 0.000002
97 0.000001
98 0.000001
99 0.000001
100 0.000001
101 0.000001
102 0.000001
103 0.000001
104 0.000001
105 0.000001
106 0.000001
107 0.000001
108 0.000001
109 0.000203
110 0.000220
111 0.000305
112 0.001533
113 0.000409
114 0.000114
115 0.000103
116 0.000001
117 0.000000
118 0.000000
119 0.000000
120 0.000001
121 0.000081
122 0.000028
123 0.000003
124 0.000001
125 0.000001
126 0.000001
127 0.000001
128 0.000001
129 0.000001
130 0.000001
131 0.000001
132 0.000001
133 0.000001
134 0.000001
135 0.000001
136 0.000001
137 0.000146
138 0.000203
139 0.000283
140 0.006559
141 0.001377
142 0.000321
143 0.000123
144 0.000001
145 0.000001
146 0.000000
147 0.000000
148 0.000000
149 0.000001
150 0.000001
151 0.000001
152 0.000001
153 0.000001
154 0.000001
155 0.000001
156 0.000001
157 0.000001
158 0.000001
159 0.000001
160 0.000001
161 0.000001
162 0.000001
163 0.000001
164 0.000149
165 0.000134
166 0.000188
167 0.000203
168 0.010021
169 0.006316
170 0.001730
171 0.000355
172 0.000076
173 0.000001
174 0.000000
175 0.000000
176 0.000000
177 0.000000
178 0.000000
179 0.000000
180 0.000000
181 0.000001
182 0.000001
183 0.000001
184 0.000001
185 0.000001
186 0.000001
187 0.000001
188 0.000001
189 0.000001
190 0.000001
191 0.000001
192 0.000106
193 0.000115
194 0.000124
195 0.000188
196 0.002685
197 0.010026
198 0.010030
199 0.001520
200 0.000308
201 0.000004
202 0.000001
203 0.000000
204 0.000000
205 0.000000
206 0.000000
207 0.000000
208 0.000000
209 0.000001
210 0.000001
211 0.000001
212 0.000001
213 0.000001
214 0.000001
215 0.000001
216 0.000001
217 0.000001
218 0.000001
219 0.000001
220 0.000106
221 0.000115
222 0.000115
223 0.000161
224 0.000408
225 0.001114
226 0.003700
227 0.010038
228 0.002402
229 0.000040
230 0.000003
231 0.000001
232 0.000001
233 0.000000
234 0.000000
235 0.000001
236 0.000001
237 0.000001
238 0.000001
239 0.000001
240 0.000000
241 0.000000
242 0.000000
243 0.000000
244 0.000000
245 0.000001
246 0.000001
247 0.000003
248 0.000006
249 0.000009
250 0.000021
251 0.000035
252 0.000086
253 0.000171
254 0.000440
255 0.000635
256 0.000105
257 0.000001
258 0.000005
259 0.000003
260 0.000001
261 0.000001
262 0.000001
263 0.000001
264 0.000001
265 0.000001
266 0.000001
267 0.000000
268 0.000000
269 0.000001
270 0.000001
271 0.000001
272 0.000001
273 0.000001
274 0.000001
275 0.000001
276 0.000001
277 0.000002
278 0.000003
279 0.000005
280 0.000055
281 0.000005
282 0.000002
283 0.000001
284 0.000002
285 0.000001
286 0.000005
287 0.000166
288 0.000003
289 0.000001
290 0.000001
291 0.000001
292 0.000001
293 0.000001
294 0.000001
295 0.000001
296 0.000001
297 0.000001
298 0.000001
299 0.000001
300 0.000001
301 0.000001
302 0.000001
303 0.000001
304 0.000001
305 0.000001
306 0.000002
307 0.000002
308 0.000002
309 0.000001
310 0.000001
311 0.000001
312 0.000001
313 0.000002
314 0.000020
315 0.999982
316 0.000005
317 0.000001
318 0.000001
319 0.000001
320 0.000001
321 0.000001
322 0.000001
323 0.000001
324 0.000001
325 0.000001
326 0.000001
327 0.000001
328 0.000001
329 0.000001
330 0.000001
331 0.000001
332 0.000001
333 0.000001
334 0.000002
335 0.000003
336 0.000001
337 0.000001
338 0.000001
339 0.000002
340 0.000001
341 0.000002
342 0.000218
343 0.000058
344 0.000005
345 0.000001
346 0.000001
347 0.000001
348 0.000001
349 0.000001
350 0.000001
351 0.000001
352 0.000001
353 0.000001
354 0.000001
355 0.000001
356 0.000001
357 0.000001
358 0.000001
359 0.000001
360 0.000001
361 0.000001
362 0.000002
363 0.000002
364 0.000002
365 0.000004
366 0.000013
367 0.000015
368 0.000001
369 0.000002
370 0.000006
371 0.000004
372 0.000002
373 0.000001
374 0.000001
375 0.000001
376 0.000001
377 0.000001
378 0.000001
379 0.000001
380 0.000001
381 0.000001
382 0.000001
383 0.000001
384 0.000001
385 0.000001
386 0.000001
387 0.000001
388 0.000001
389 0.000001
390 0.000001
391 0.000002
392 0.000014
393 0.000021
394 0.000015
395 0.000001
396 0.000001
397 0.000002
398 0.000002
399 0.000001
400 0.000001
401 0.000001
402 0.000001
403 0.000001
404 0.000001
405 0.000001
406 0.000001
407 0.000001
408 0.000001
409 0.000001
410 0.000001
411 0.000001
412 0.000001
413 0.000001
414 0.000001
415 0.000001
416 0.000001
417 0.000001
418 0.000001
419 0.000002
420 0.000022
421 0.000011
422 0.000002
423 0.000001
424 0.000001
425 0.000002
426 0.000001
427 0.000001
428 0.000001
429 0.000001
430 0.000001
431 0.000001
432 0.000001
433 0.000001
434 0.000001
435 0.000001
436 0.000001
437 0.000001
438 0.000001
439 0.000001
440 0.000001
441 0.000001
442 0.000001
443 0.000001
444 0.000001
445 0.000001
446 0.000001
447 0.000002
448 0.000011
449 0.000002
450 0.000001
451 0.000001
452 0.000001
453 0.000001
454 0.000001
455 0.000001
456 0.000001
457 0.000001
458 0.000001
459 0.000001
460 0.000001
461 0.000001
462 0.000001
463 0.000001
464 0.000001
465 0.000001
466 0.000001
467 0.000001
468 0.000001
469 0.000001
470 0.000001
471 0.000001
472 0.000001
473 0.000001
474 0.000001
475 0.000002
476 0.000007
477 0.000001
478 0.000001
479 0.000001
480 0.000001
481 0.000001
482 0.000001
483 0.000001
484 0.000001
485 0.000001
486 0.000001
487 0.000001
488 0.000001
489 0.000001
490 0.000001
491 0.000001
492 0.000001
493 0.000001
494 0.000001
495 0.000001
496 0.000001
497 0.000001
498 0.000001
499 0.000001
500 0.000001
501 0.000001
502 0.000005
503 0.000016
504 0.000033
505 0.000004
506 0.000001
507 0.000001
508 0.000001
509 0.000001
510 0.000001
511 0.000001
512 0.000001
513 0.000001
514 0.000001
515 0.000001
516 0.000001
517 0.000001
518 0.000001
519 0.000001
520 0.000001
521 0.000001
522 0.000001
523 0.000001
524 0.000001
525 0.000001
526 0.000001
527 0.000001
528 0.000001
529 0.000001
530 0.000064
531 0.000349
532 0.000015
533 0.000012
534 0.000001
535 0.000001
536 0.000001
537 0.000001
538 0.000001
539 0.000001
540 0.000001
541 0.000001
542 0.000001
543 0.000001
544 0.000001
545 0.000001
546 0.000001
547 0.000001
548 0.000001
549 0.000001
550 0.000001
551 0.000001
552 0.000001
553 0.000001
554 0.000001
555 0.000001
556 0.000001
557 0.000001
558 0.000349
559 0.000369
560 0.000022
561 0.000020
562 0.000001
563 0.000001
564 0.000001
565 0.000001
566 0.000001
567 0.000001
568 0.000001
569 0.000001
570 0.000001
571 0.000001
572 0.000001
573 0.000001
574 0.000001
575 0.000001
576 0.000001
577 0.000001
578 0.000001
579 0.000001
580 0.000001
581 0.000001
582 0.000001
583 0.000001
584 0.000001
585 0.000349
586 0.000369
587 0.000466
588 0.000034
589 0.000022
590 0.000001
591 0.000001
592 0.000001
593 0.000001
594 0.000001
595 0.000001
596 0.000001
597 0.000001
598 0.000001
599 0.000001
600 0.000001
601 0.000001
602 0.000001
603 0.000001
604 0.000001
605 0.000001
606 0.000001
607 0.000001
608 0.000001
609 0.000001
610 0.000001
611 0.000001
612 0.000330
613 0.000349
614 0.000442
615 0.000466
616 0.000041
617 0.000034
618 0.000022
619 0.000001
620 0.000001
621 0.000001
622 0.000001
623 0.000001
624 0.000001
625 0.000001
626 0.000001
627 0.000001
628 0.000001
629 0.000001
630 0.000001
631 0.000001
632 0.000001
633 0.000001
634 0.000001
635 0.000001
636 0.000001
637 0.000001
638 0.000001
639 0.000330
640 0.000349
641 0.000442
642 0.000001
643 0.000001
644 0.000045
645 0.000041
646 0.000037
647 0.000024
648 0.000005
649 0.000001
650 0.000001
651 0.000001
652 0.000001
653 0.000001
654 0.000001
655 0.000001
656 0.000001
657 0.000003
658 0.000002
659 0.000001
660 0.000001
661 0.000001
662 0.000001
663 0.000001
664 0.000001
665 0.000001
666 0.000330
667 0.000420
668 0.000442
669 0.000001
670 0.000001
671 0.000001
672 0.000001
673 0.000045
674 0.000041
675 0.000027
676 0.000034
677 0.000022
678 0.000001
679 0.000001
680 0.000001
681 0.000001
682 0.000006
683 0.000006
684 0.000004
685 0.000004
686 0.000002
687 0.000002
688 0.000001
689 0.000002
690 0.000004
691 0.000002
692 0.000004
693 0.000312
694 0.000349
695 0.000442
696 0.000001
697 0.000001
698 0.000001
699 0.000001
700 0.000001
701 0.000001
702 0.000045
703 0.000041
704 0.000037
705 0.000034
706 0.000022
707 0.000020
708 0.000017
709 0.000011
710 0.000008
711 0.000006
712 0.000006
713 0.000005
714 0.000004
715 0.000003
716 0.000003
717 0.000014
718 0.000507
719 0.000245
720 0.000259
721 0.000330
722 0.000420
723 0.000001
724 0.000001
725 0.000001
726 0.000001
727 0.000001
728 0.000001
729 0.000001
730 0.000001
731 0.000001
732 0.000041
733 0.000037
734 0.000024
735 0.000022
736 0.000020
737 0.000013
738 0.000011
739 0.000010
740 0.000009
741 0.000006
742 0.000004
743 0.000004
744 0.000014
745 0.000163
746 0.001186
747 0.000459
748 0.000331
749 0.000420
750 0.000001
751 0.000001
752 0.000001
753 0.000001
754 0.000001
755 0.000001
756 0.000001
757 0.000001
758 0.000001
759 0.000001
760 0.000001
761 0.000041
762 0.000037
763 0.000024
764 0.000022
765 0.000020
766 0.000018
767 0.000017
768 0.000010
769 0.000009
770 0.000006
771 0.000006
772 0.000056
773 0.002317
774 0.002204
775 0.000859
776 0.000421
777 0.000001
778 0.000002
779 0.000001
780 0.000001
781 0.000001
782 0.000001
783 0.000001
