0 0.000448
1 0.000405
2 0.000282
3 0.000332
4 0.000229
5 0.000157
6 0.000127
7 0.000114
8 0.000001
9 0.000000
10 0.000000
11 0.000002
12 0.000007
13 0.000005
14 0.000000
15 0.000000
16 0.000000
17 0.000000
18 0.000000
19 0.000003
20 0.000021
21 0.000032
22 0.000206
23 0.002296
24 0.010122
25 0.010152
26 0.001593
27 0.000404
28 0.000314
29 0.000366
30 0.000254
31 0.000229
32 0.000206
33 0.000168
34 0.000114
35 0.000030
36 0.000000
37 0.000000
38 0.000000
39 0.000000
40 0.000003
41 0.000008
42 0.000001
43 0.000000
44 0.000000
45 0.000000
46 0.000000
47 0.000001
48 0.000019
49 0.000117
50 0.000000
51 0.000000
52 0.010153
53 0.001480
54 0.000236
55 0.000100
56 0.000366
57 0.000254
58 0.000229
59 0.000206
60 0.000168
61 0.000114
62 0.000102
63 0.000003
64 0.000000
65 0.000000
66 0.000000
67 0.000000
68 0.000000
69 0.000005
70 0.000003
71 0.000000
72 0.000000
73 0.000000
74 0.000000
75 0.000000
76 0.000000
77 0.000000
78 0.000000
79 0.000000
80 0.000000
81 0.000204
82 0.000083
83 0.000036
84 0.000332
85 0.000229
86 0.000157
87 0.000127
88 0.000114
89 0.000102
90 0.000083
91 0.000000
92 0.000000
93 0.000000
94 0.000000
95 0.000000
96 0.000000
97 0.000001
98 0.000005
99 0.000001
100 0.000000
101 0.000000
102 0.000000
103 0.000000
104 0.000000
105 0.000000
106 0.000000
107 0.000000
108 0.000000
109 0.000048
110 0.000029
111 0.000045
112 0.000229
113 0.000206
114 0.000127
115 0.000114
116 0.000000
117 0.000000
118 0.000001
119 0.000000
120 0.000000
121 0.000000
122 0.000000
123 0.000000
124 0.000000
125 0.000000
126 0.000004
127 0.000000
128 0.000000
129 0.000000
130 0.000000
131 0.000000
132 0.000000
133 0.000000
134 0.000000
135 0.000000
136 0.000001
137 0.000017
138 0.000026
139 0.000041
140 0.000206
141 0.000141
142 0.000114
143 0.000102
144 0.000000
145 0.000000
146 0.000000
147 0.000000
148 0.000001
149 0.000001
150 0.000000
151 0.000000
152 0.000000
153 0.000000
154 0.000000
155 0.000000
156 0.000000
157 0.000000
158 0.000000
159 0.000000
160 0.000000
161 0.000000
162 0.000000
163 0.000000
164 0.000018
165 0.000015
166 0.000024
167 0.000026
168 0.000141
169 0.000114
170 0.000102
171 0.000083
172 0.000000
173 0.000000
174 0.000000
175 0.000000
176 0.000000
177 0.000001
178 0.000001
179 0.000001
180 0.000000
181 0.000000
182 0.000000
183 0.000000
184 0.000000
185 0.000000
186 0.000000
187 0.000000
188 0.000000
189 0.000000
190 0.000000
191 0.000000
192 0.000011
193 0.000013
194 0.000014
195 0.000024
196 0.000114
197 0.000102
198 0.000069
199 0.000056
200 0.000000
201 0.000000
202 0.000000
203 0.000000
204 0.000000
205 0.000000
206 0.000000
207 0.000000
208 0.000000
209 0.000000
210 0.000000
211 0.000000
212 0.000000
213 0.000001
214 0.000001
215 0.000000
216 0.000000
217 0.000000
218 0.000000
219 0.000000
220 0.000011
221 0.000013
222 0.000013
223 0.000019
224 0.000102
225 0.000069
226 0.000056
227 0.000050
228 0.000030
229 0.000000
230 0.000000
231 0.000000
232 0.000000
233 0.000000
234 0.000000
235 0.000000
236 0.000000
237 0.000000
238 0.000000
239 0.000001
240 0.008949
241 0.999997
242 0.000001
243 0.000000
244 0.000000
245 0.000000
246 0.000000
247 0.000000
248 0.000000
249 0.000000
250 0.000001
251 0.000002
252 0.000092
253 0.000056
254 0.000050
255 0.000026
256 0.000004
257 0.000000
258 0.000000
259 0.000000
260 0.000000
261 0.000000
262 0.000000
263 0.000000
264 0.000000
265 0.000000
266 0.000000
267 0.000001
268 0.000857
269 0.000934
270 0.000000
271 0.000000
272 0.000000
273 0.000000
274 0.000000
275 0.000000
276 0.000000
277 0.000000
278 0.000000
279 0.000001
280 0.000056
281 0.000015
282 0.000008
283 0.000002
284 0.000001
285 0.000000
286 0.000000
287 0.000000
288 0.000000
289 0.000000
290 0.000000
291 0.000000
292 0.000000
293 0.000000
294 0.000000
295 0.000000
296 0.000000
297 0.000000
298 0.000000
299 0.000000
300 0.000000
301 0.000000
302 0.000000
303 0.000004
304 0.000006
305 0.000004
306 0.000002
307 0.000001
308 0.000010
309 0.000004
310 0.000001
311 0.000001
312 0.000000
313 0.000000
314 0.000000
315 0.000000
316 0.000000
317 0.000000
318 0.000000
319 0.000000
320 0.000000
321 0.000000
322 0.000000
323 0.000000
324 0.000000
325 0.000000
326 0.000000
327 0.000000
328 0.000000
329 0.000000
330 0.000000
331 0.000000
332 0.000038
333 0.000006
334 0.000006
335 0.000010
336 0.000003
337 0.000002
338 0.000001
339 0.000001
340 0.000000
341 0.000000
342 0.000000
343 0.000000
344 0.000000
345 0.000000
346 0.000000
347 0.000000
348 0.000000
349 0.000000
350 0.000000
351 0.000000
352 0.000000
353 0.000000
354 0.000000
355 0.000000
356 0.000000
357 0.000000
358 0.000000
359 0.000000
360 0.000003
361 0.000014
362 0.000054
363 0.000006
364 0.000002
365 0.000002
366 0.000001
367 0.000000
368 0.000000
369 0.000000
370 0.000000
371 0.000000
372 0.000000
373 0.000000
374 0.000000
375 0.000000
376 0.000000
377 0.000000
378 0.000000
379 0.000000
380 0.000000
381 0.000000
382 0.000000
383 0.000000
384 0.000000
385 0.000000
386 0.000000
387 0.000000
388 0.000000
389 0.000001
390 0.000003
391 0.000012
392 0.000001
393 0.000001
394 0.000000
395 0.000000
396 0.000000
397 0.000000
398 0.000000
399 0.000000
400 0.000000
401 0.000000
402 0.000000
403 0.000000
404 0.000000
405 0.000000
406 0.000000
407 0.000000
408 0.000000
409 0.000000
410 0.000000
411 0.000000
412 0.000000
413 0.000000
414 0.000000
415 0.000000
416 0.000000
417 0.000000
418 0.000000
419 0.000001
420 0.000001
421 0.000000
422 0.000000
423 0.000000
424 0.000000
425 0.000000
426 0.000000
427 0.000000
428 0.000000
429 0.000000
430 0.000000
431 0.000000
432 0.000000
433 0.000000
434 0.000000
435 0.000000
436 0.000000
437 0.000000
438 0.000000
439 0.000000
440 0.000000
441 0.000000
442 0.000000
443 0.000000
444 0.000000
445 0.000000
446 0.000000
447 0.000000
448 0.000001
449 0.000000
450 0.000000
451 0.000000
452 0.000000
453 0.000000
454 0.000000
455 0.000000
456 0.000000
457 0.000000
458 0.000000
459 0.000000
460 0.000000
461 0.000000
462 0.000000
463 0.000000
464 0.000000
465 0.000000
466 0.000000
467 0.000000
468 0.000000
469 0.000000
470 0.000000
471 0.000000
472 0.000000
473 0.000000
474 0.000000
475 0.000000
476 0.000016
477 0.000005
478 0.000000
479 0.000000
480 0.000000
481 0.000000
482 0.000000
483 0.000000
484 0.000000
485 0.000000
486 0.000000
487 0.000000
488 0.000000
489 0.000000
490 0.000000
491 0.000000
492 0.000000
493 0.000000
494 0.000000
495 0.000000
496 0.000000
497 0.000000
498 0.000000
499 0.000000
500 0.000000
501 0.000000
502 0.000000
503 0.000000
504 0.001442
505 0.001194
506 0.000000
507 0.000000
508 0.000000
509 0.000000
510 0.000000
511 0.000000
512 0.000000
513 0.000000
514 0.000000
515 0.000000
516 0.000000
517 0.000000
518 0.000000
519 0.000000
520 0.000000
521 0.000000
522 0.000000
523 0.000000
524 0.000000
525 0.000000
526 0.000000
527 0.000000
528 0.000000
529 0.000000
530 0.000003
531 0.000047
532 0.005209
533 0.010283
534 0.000001
535 0.000000
536 0.000000
537 0.000000
538 0.000000
539 0.000000
540 0.000000
541 0.000000
542 0.000000
543 0.000000
544 0.000000
545 0.000000
546 0.000000
547 0.000000
548 0.000000
549 0.000000
550 0.000000
551 0.000000
552 0.000000
553 0.000000
554 0.000000
555 0.000000
556 0.000000
557 0.000000
558 0.000047
559 0.000051
560 0.013749
561 0.014981
562 0.000000
563 0.000000
564 0.000000
565 0.000000
566 0.000000
567 0.000000
568 0.000000
569 0.000000
570 0.000000
571 0.000000
572 0.000000
573 0.000000
574 0.000000
575 0.000000
576 0.000000
577 0.000000
578 0.000000
579 0.000000
580 0.000000
581 0.000000
582 0.000000
583 0.000000
584 0.000000
585 0.000047
586 0.000051
587 0.000070
588 0.012048
589 0.010001
590 0.000009
591 0.000000
592 0.000000
593 0.000000
594 0.000000
595 0.000000
596 0.000000
597 0.000000
598 0.000000
599 0.000000
600 0.000000
601 0.000000
602 0.000000
603 0.000000
604 0.000000
605 0.000000
606 0.000000
607 0.000000
608 0.000000
609 0.000000
610 0.000000
611 0.000000
612 0.000044
613 0.000047
614 0.000065
615 0.000070
616 0.010001
617 0.010001
618 0.010001
619 0.000023
620 0.000000
621 0.000000
622 0.000000
623 0.000000
624 0.000000
625 0.000000
626 0.000000
627 0.000000
628 0.000000
629 0.000000
630 0.000000
631 0.000000
632 0.000000
633 0.000000
634 0.000000
635 0.000000
636 0.000000
637 0.000000
638 0.000000
639 0.000044
640 0.000047
641 0.000065
642 0.000000
643 0.000000
644 0.010001
645 0.010001
646 0.010001
647 0.010001
648 0.000489
649 0.000000
650 0.000000
651 0.000000
652 0.000000
653 0.000000
654 0.000000
655 0.000000
656 0.000000
657 0.000000
658 0.000000
659 0.000000
660 0.000000
661 0.000000
662 0.000000
663 0.000000
664 0.000000
665 0.000000
666 0.000044
667 0.000061
668 0.000065
669 0.000000
670 0.000000
671 0.000000
672 0.000000
673 0.010001
674 0.010001
675 0.010000
676 0.010000
677 0.005970
678 0.000000
679 0.000000
680 0.000000
681 0.000001
682 0.000029
683 0.000001
684 0.000000
685 0.000000
686 0.000000
687 0.000000
688 0.000000
689 0.000002
690 0.000000
691 0.000000
692 0.000001
693 0.000041
694 0.000047
695 0.000065
696 0.000000
697 0.000000
698 0.000000
699 0.000000
700 0.000000
701 0.000000
702 0.010000
703 0.010000
704 0.007180
705 0.003128
706 0.001357
707 0.000806
708 0.000733
709 0.000592
710 0.000127
711 0.000005
712 0.000001
713 0.000000
714 0.000000
715 0.000001
716 0.000001
717 0.000003
718 0.000027
719 0.000029
720 0.000032
721 0.000044
722 0.000061
723 0.000000
724 0.000000
725 0.000000
726 0.000000
727 0.000000
728 0.000000
729 0.000000
730 0.000000
731 0.000000
732 0.003833
733 0.001712
734 0.000887
735 0.000846
736 0.000806
737 0.000655
738 0.000592
739 0.000020
740 0.000002
741 0.000001
742 0.000001
743 0.000001
744 0.000002
745 0.000009
746 0.000029
747 0.000041
748 0.000044
749 0.000061
750 0.000000
751 0.000000
752 0.000000
753 0.000000
754 0.000000
755 0.000000
756 0.000000
757 0.000000
758 0.000000
759 0.000000
760 0.000000
761 0.001132
762 0.001082
763 0.000887
764 0.000846
765 0.000806
766 0.000769
767 0.000091
768 0.000004
769 0.000001
770 0.000001
771 0.000001
772 0.000003
773 0.000023
774 0.000029
775 0.000034
776 0.000047
777 0.000000
778 0.000000
779 0.000000
780 0.000000
781 0.000000
782 0.000000
783 0.000000
