0 0.008166
1 0.011726
2 0.014090
3 0.012097
4 0.006972
5 0.002517
6 0.001924
7 0.001818
8 0.000425
9 0.000156
10 0.000330
11 0.001025
12 0.001082
13 0.000313
14 0.000090
15 0.000052
16 0.000042
17 0.000034
18 0.000136
19 0.000553
20 0.001224
21 0.001280
22 0.001549
23 0.001615
24 0.001541
25 0.002202
26 0.003370
27 0.004418
28 0.008102
29 0.008167
30 0.012245
31 0.017044
32 0.013017
33 0.006171
34 0.002135
35 0.001196
36 0.000169
37 0.000131
38 0.000444
39 0.001103
40 0.000752
41 0.000167
42 0.000056
43 0.000038
44 0.000031
45 0.000034
46 0.000058
47 0.000321
48 0.001005
49 0.001224
50 0.000004
51 0.000000
52 0.002231
53 0.003475
54 0.004320
55 0.005740
56 0.008713
57 0.008103
58 0.008009
59 0.013061
60 0.022901
61 0.016109
62 0.006092
63 0.000720
64 0.000120
65 0.000143
66 0.000984
67 0.000864
68 0.000268
69 0.000065
70 0.000030
71 0.000027
72 0.000026
73 0.000024
74 0.000030
75 0.000128
76 0.000007
77 0.000000
78 0.000000
79 0.000000
80 0.000000
81 0.004600
82 0.005741
83 0.005486
84 0.009422
85 0.008713
86 0.008104
87 0.007885
88 0.017905
89 0.026474
90 0.023160
91 0.001106
92 0.000132
93 0.000237
94 0.000888
95 0.000691
96 0.000114
97 0.000041
98 0.000024
99 0.000020
100 0.000022
101 0.000007
102 0.000001
103 0.000001
104 0.000000
105 0.000000
106 0.000000
107 0.000000
108 0.000001
109 0.005487
110 0.005487
111 0.005739
112 0.010003
113 0.009423
114 0.008715
115 0.008106
116 0.000000
117 0.000000
118 0.000000
119 0.000001
120 0.000010
121 0.000414
122 0.000860
123 0.000373
124 0.000053
125 0.000019
126 0.000017
127 0.000001
128 0.000001
129 0.000001
130 0.000000
131 0.000000
132 0.000000
133 0.000000
134 0.000000
135 0.000001
136 0.000076
137 0.005245
138 0.005485
139 0.005140
140 0.010003
141 0.010003
142 0.009424
143 0.008881
144 0.000002
145 0.000000
146 0.000000
147 0.000000
148 0.000000
149 0.000001
150 0.000001
151 0.000001
152 0.000001
153 0.000000
154 0.000001
155 0.000001
156 0.000001
157 0.000000
158 0.000000
159 0.000000
160 0.000000
161 0.000001
162 0.000001
163 0.000001
164 0.005489
165 0.005242
166 0.004343
167 0.003138
168 0.007021
169 0.009313
170 0.010003
171 0.009613
172 0.000740
173 0.000025
174 0.000000
175 0.000000
176 0.000000
177 0.000001
178 0.000000
179 0.000000
180 0.000000
181 0.000000
182 0.000000
183 0.000000
184 0.000000
185 0.000000
186 0.000000
187 0.000000
188 0.000000
189 0.000001
190 0.000001
191 0.000004
192 0.005242
193 0.003583
194 0.002243
195 0.001900
196 0.005323
197 0.006548
198 0.008081
199 0.010004
200 0.000794
201 0.000443
202 0.000020
203 0.000001
204 0.000001
205 0.000001
206 0.000000
207 0.000000
208 0.000000
209 0.000000
210 0.000000
211 0.000000
212 0.000000
213 0.000000
214 0.000000
215 0.000000
216 0.000001
217 0.000001
218 0.000001
219 0.000086
220 0.003233
221 0.001981
222 0.001494
223 0.001289
224 0.004059
225 0.004645
226 0.005702
227 0.007532
228 0.009314
229 0.000203
230 0.000005
231 0.000007
232 0.000003
233 0.000001
234 0.000000
235 0.000000
236 0.000000
237 0.000000
238 0.000000
239 0.000000
240 0.000000
241 0.000000
242 0.000000
243 0.000000
244 0.000001
245 0.000000
246 0.000000
247 0.000286
248 0.000274
249 0.000250
250 0.000354
251 0.000497
252 0.004061
253 0.003797
254 0.004060
255 0.003325
256 0.001233
257 0.000010
258 0.000009
259 0.000127
260 0.000138
261 0.000005
262 0.000001
263 0.000000
264 0.000000
265 0.000000
266 0.000000
267 0.000000
268 0.000000
269 0.000000
270 0.000000
271 0.000001
272 0.000000
273 0.000000
274 0.000000
275 0.000037
276 0.000037
277 0.000053
278 0.000079
279 0.000128
280 0.003795
281 0.001445
282 0.000855
283 0.000747
284 0.000934
285 0.000006
286 0.000010
287 0.999988
288 0.000317
289 0.000003
290 0.000001
291 0.000000
292 0.000000
293 0.000000
294 0.000000
295 0.000000
296 0.000000
297 0.000001
298 0.000001
299 0.000000
300 0.000000
301 0.000000
302 0.000000
303 0.000022
304 0.000030
305 0.000039
306 0.000047
307 0.000063
308 0.000682
309 0.000799
310 0.000834
311 0.000749
312 0.000265
313 0.000091
314 0.000012
315 0.000219
316 0.000019
317 0.000001
318 0.000001
319 0.000001
320 0.000001
321 0.000000
322 0.000000
323 0.000000
324 0.000001
325 0.000001
326 0.000000
327 0.000000
328 0.000000
329 0.000000
330 0.000000
331 0.000004
332 0.000029
333 0.000037
334 0.000052
335 0.000112
336 0.000415
337 0.000571
338 0.001283
339 0.002692
340 0.000087
341 0.000010
342 0.000004
343 0.000006
344 0.000003
345 0.000001
346 0.000000
347 0.000001
348 0.000001
349 0.000001
350 0.000002
351 0.000008
352 0.000001
353 0.000001
354 0.000000
355 0.000000
356 0.000000
357 0.000000
358 0.000000
359 0.000001
360 0.000033
361 0.000063
362 0.000123
363 0.000194
364 0.000740
365 0.001020
366 0.001247
367 0.000598
368 0.000004
369 0.000002
370 0.000006
371 0.000001
372 0.000001
373 0.000001
374 0.000000
375 0.000001
376 0.000001
377 0.000009
378 0.001467
379 0.001479
380 0.000002
381 0.000000
382 0.000000
383 0.000000
384 0.000000
385 0.000000
386 0.000000
387 0.000001
388 0.000026
389 0.000161
390 0.000251
391 0.000409
392 0.000739
393 0.000465
394 0.000148
395 0.000010
396 0.000001
397 0.000001
398 0.000002
399 0.000001
400 0.000001
401 0.000001
402 0.000001
403 0.000001
404 0.000009
405 0.000328
406 0.999962
407 0.000635
408 0.000002
409 0.000001
410 0.000001
411 0.000000
412 0.000000
413 0.000000
414 0.000000
415 0.000000
416 0.000010
417 0.000335
418 0.000397
419 0.000403
420 0.000289
421 0.000087
422 0.000035
423 0.000001
424 0.000000
425 0.000001
426 0.000001
427 0.000000
428 0.000000
429 0.000001
430 0.000001
431 0.000004
432 0.000103
433 0.001874
434 0.000074
435 0.000003
436 0.000002
437 0.000002
438 0.000001
439 0.000000
440 0.000000
441 0.000000
442 0.000000
443 0.000000
444 0.000002
445 0.000403
446 0.000352
447 0.000247
448 0.000110
449 0.000031
450 0.000014
451 0.000001
452 0.000001
453 0.000001
454 0.000000
455 0.000000
456 0.000000
457 0.000001
458 0.000002
459 0.000039
460 0.000229
461 0.000052
462 0.000003
463 0.000001
464 0.000002
465 0.000026
466 0.000002
467 0.000001
468 0.000000
469 0.000000
470 0.000000
471 0.000000
472 0.000001
473 0.000052
474 0.000127
475 0.000162
476 0.000157
477 0.000077
478 0.000010
479 0.000000
480 0.000001
481 0.000000
482 0.000000
483 0.000000
484 0.000000
485 0.000001
486 0.000003
487 0.000011
488 0.000018
489 0.000003
490 0.000001
491 0.000001
492 0.000007
493 0.000246
494 0.000045
495 0.000002
496 0.000002
497 0.000001
498 0.000000
499 0.000000
500 0.000000
501 0.000005
502 0.000172
503 0.000251
504 0.000747
505 0.000388
506 0.000009
507 0.000001
508 0.000001
509 0.000000
510 0.000000
511 0.000000
512 0.000000
513 0.000001
514 0.000001
515 0.000001
516 0.000001
517 0.000001
518 0.000001
519 0.000013
520 0.000975
521 0.002861
522 0.000164
523 0.000086
524 0.000007
525 0.000001
526 0.000000
527 0.000000
528 0.000000
529 0.000004
530 0.000542
531 0.001191
532 0.000702
533 0.000636
534 0.000012
535 0.000003
536 0.000001
537 0.000000
538 0.000000
539 0.000000
540 0.000001
541 0.000001
542 0.000001
543 0.000001
544 0.000001
545 0.000001
546 0.000001
547 0.000044
548 0.999963
549 0.000187
550 0.000027
551 0.000032
552 0.000242
553 0.000002
554 0.000001
555 0.000001
556 0.000001
557 0.000024
558 0.001191
559 0.001235
560 0.000860
561 0.000820
562 0.000010
563 0.000002
564 0.000001
565 0.000000
566 0.000001
567 0.000001
568 0.000001
569 0.000001
570 0.000001
571 0.000001
572 0.000001
573 0.000001
574 0.000001
575 0.000002
576 0.000003
577 0.000002
578 0.000004
579 0.000291
580 0.000658
581 0.000537
582 0.000008
583 0.000003
584 0.000024
585 0.001570
586 0.001284
587 0.001435
588 0.001049
589 0.000860
590 0.000065
591 0.000001
592 0.000001
593 0.000001
594 0.000001
595 0.000002
596 0.000003
597 0.000002
598 0.000002
599 0.000001
600 0.000001
601 0.000001
602 0.000001
603 0.000001
604 0.000000
605 0.000000
606 0.000001
607 0.000308
608 0.005647
609 0.002612
610 0.000853
611 0.000127
612 0.004169
613 0.002542
614 0.001801
615 0.001517
616 0.001147
617 0.001049
618 0.000860
619 0.000104
620 0.000003
621 0.000001
622 0.000002
623 0.000006
624 0.000014
625 0.000014
626 0.000003
627 0.000001
628 0.000001
629 0.000002
630 0.000002
631 0.000003
632 0.000001
633 0.000000
634 0.000001
635 0.000011
636 0.000086
637 0.002425
638 0.002623
639 0.010007
640 0.006874
641 0.004744
642 0.000000
643 0.000000
644 0.001199
645 0.001147
646 0.001097
647 0.001050
648 0.000831
649 0.000027
650 0.000025
651 0.000019
652 0.000040
653 0.000018
654 0.000003
655 0.000004
656 0.000050
657 0.002337
658 0.010041
659 0.000339
660 0.000007
661 0.000002
662 0.000003
663 0.000006
664 0.000028
665 0.000462
666 0.010007
667 0.010007
668 0.010006
669 0.000000
670 0.000001
671 0.000000
672 0.000000
673 0.001199
674 0.001147
675 0.002013
676 0.004341
677 0.008415
678 0.000279
679 0.000156
680 0.000195
681 0.000192
682 0.000193
683 0.000142
684 0.000544
685 0.005565
686 0.010040
687 0.002169
688 0.000325
689 0.000807
690 0.002074
691 0.000965
692 0.002096
693 0.010002
694 0.010006
695 0.010006
696 0.000000
697 0.000000
698 0.000000
699 0.000001
700 0.000000
701 0.000000
702 0.002150
703 0.003842
704 0.008472
705 0.010015
706 0.010021
707 0.007178
708 0.002926
709 0.001017
710 0.000298
711 0.000256
712 0.000942
713 0.007369
714 0.006580
715 0.001241
716 0.000358
717 0.001678
718 0.009998
719 0.009996
720 0.010000
721 0.010000
722 0.010002
723 0.000000
724 0.000001
725 0.000001
726 0.000000
727 0.000000
728 0.000000
729 0.000000
730 0.000000
731 0.000000
732 0.010011
733 0.010019
734 0.010016
735 0.004337
736 0.001581
737 0.000678
738 0.000738
739 0.000567
740 0.002092
741 0.004713
742 0.003613
743 0.000749
744 0.000693
745 0.003337
746 0.009999
747 0.009997
748 0.009997
749 0.010000
750 0.000002
751 0.000001
752 0.000001
753 0.000001
754 0.000001
755 0.000000
756 0.000000
757 0.000000
758 0.000001
759 0.000001
760 0.000000
761 0.010017
762 0.006198
763 0.002317
764 0.001019
765 0.000821
766 0.001549
767 0.001943
768 0.003015
769 0.003601
770 0.002112
771 0.000567
772 0.001322
773 0.006496
774 0.010000
775 0.009999
776 0.009997
777 0.000001
778 0.000625
779 0.000396
780 0.000003
781 0.000000
782 0.000002
783 0.000000
