0 0.002207
1 0.002189
2 0.002641
3 0.005522
4 0.011318
5 0.016601
6 0.011690
7 0.004409
8 0.000206
9 0.000011
10 0.000005
11 0.000003
12 0.000003
13 0.000004
14 0.000003
15 0.000003
16 0.000002
17 0.000002
18 0.000012
19 0.000076
20 0.000241
21 0.000259
22 0.000356
23 0.000384
24 0.000329
25 0.000354
26 0.000476
27 0.000509
28 0.001824
29 0.001982
30 0.001748
31 0.002515
32 0.005880
33 0.013267
34 0.016927
35 0.004921
36 0.000098
37 0.000006
38 0.000004
39 0.000003
40 0.000002
41 0.000003
42 0.000003
43 0.000002
44 0.000002
45 0.000002
46 0.000004
47 0.000037
48 0.000175
49 0.000242
50 0.002352
51 0.010345
52 0.000305
53 0.000414
54 0.000352
55 0.000474
56 0.001982
57 0.001623
58 0.001532
59 0.001602
60 0.002338
61 0.006345
62 0.013873
63 0.002329
64 0.000078
65 0.000006
66 0.000005
67 0.000003
68 0.000002
69 0.000001
70 0.000001
71 0.000001
72 0.000001
73 0.000001
74 0.000001
75 0.000011
76 0.001440
77 0.002168
78 0.002937
79 0.005091
80 0.010428
81 0.000303
82 0.000412
83 0.000391
84 0.001878
85 0.001532
86 0.001240
87 0.001095
88 0.001253
89 0.002261
90 0.006252
91 0.000558
92 0.000049
93 0.000011
94 0.000005
95 0.000003
96 0.000002
97 0.000002
98 0.000001
99 0.000001
100 0.000001
101 0.000002
102 0.000004
103 0.000021
104 0.000522
105 0.002188
106 0.002860
107 0.006041
108 0.005881
109 0.000285
110 0.000338
111 0.000721
112 0.001532
113 0.001445
114 0.001095
115 0.001029
116 0.000000
117 0.000000
118 0.000000
119 0.000000
120 0.000000
121 0.000001
122 0.000009
123 0.000005
124 0.000003
125 0.000001
126 0.000001
127 0.000002
128 0.000004
129 0.000004
130 0.000004
131 0.000010
132 0.000134
133 0.001652
134 0.003174
135 0.004517
136 0.008044
137 0.000254
138 0.000765
139 0.006436
140 0.001445
141 0.001165
142 0.001029
143 0.000968
144 0.000000
145 0.000000
146 0.000000
147 0.000000
148 0.000000
149 0.000000
150 0.000000
151 0.000000
152 0.000000
153 0.000000
154 0.000004
155 0.000003
156 0.000002
157 0.000002
158 0.000003
159 0.000003
160 0.000025
161 0.000644
162 0.003111
163 0.003600
164 0.000274
165 0.001104
166 0.010631
167 0.055840
168 0.001165
169 0.001029
170 0.000968
171 0.000856
172 0.000000
173 0.000000
174 0.000000
175 0.000000
176 0.000000
177 0.000000
178 0.000000
179 0.000000
180 0.000000
181 0.000000
182 0.000000
183 0.000000
184 0.000000
185 0.000000
186 0.000000
187 0.000001
188 0.000005
189 0.000134
190 0.002868
191 0.009026
192 0.001986
193 0.014274
194 0.089070
195 0.119487
196 0.001080
197 0.000968
198 0.000765
199 0.000672
200 0.000000
201 0.000000
202 0.000000
203 0.000000
204 0.000000
205 0.000000
206 0.000000
207 0.000000
208 0.000000
209 0.000000
210 0.000000
211 0.000000
212 0.000000
213 0.000000
214 0.000000
215 0.000000
216 0.000000
217 0.000000
218 0.000041
219 0.002885
220 0.030591
221 0.200857
222 0.066938
223 0.008886
224 0.001016
225 0.000803
226 0.000705
227 0.000629
228 0.000456
229 0.000000
230 0.000000
231 0.000000
232 0.000000
233 0.000000
234 0.000000
235 0.000000
236 0.000000
237 0.000000
238 0.000000
239 0.000000
240 0.000000
241 0.000000
242 0.000000
243 0.000000
244 0.000000
245 0.000000
246 0.000001
247 0.000004
248 0.000046
249 0.000039
250 0.000016
251 0.000013
252 0.000955
253 0.000705
254 0.000660
255 0.001032
256 0.001119
257 0.000000
258 0.000000
259 0.000000
260 0.000000
261 0.000000
262 0.000000
263 0.000000
264 0.000000
265 0.000000
266 0.000000
267 0.000000
268 0.000000
269 0.000000
270 0.000000
271 0.000000
272 0.000000
273 0.000000
274 0.000000
275 0.000000
276 0.000000
277 0.000000
278 0.000000
279 0.000000
280 0.000672
281 0.001122
282 0.001547
283 0.001516
284 0.001706
285 0.000000
286 0.000000
287 0.000000
288 0.000000
289 0.000000
290 0.000000
291 0.000000
292 0.000000
293 0.000000
294 0.000000
295 0.000000
296 0.000000
297 0.000000
298 0.000000
299 0.000000
300 0.000000
301 0.000000
302 0.000000
303 0.000000
304 0.000000
305 0.000000
306 0.000000
307 0.000000
308 0.002414
309 0.002092
310 0.001643
311 0.001530
312 0.000069
313 0.000000
314 0.000000
315 0.000000
316 0.000000
317 0.000000
318 0.000000
319 0.000000
320 0.000000
321 0.000000
322 0.000000
323 0.000000
324 0.000000
325 0.000000
326 0.000000
327 0.000000
328 0.000000
329 0.000000
330 0.000000
331 0.000000
332 0.000000
333 0.000000
334 0.000000
335 0.000000
336 0.003118
337 0.002584
338 0.002039
339 0.001197
340 0.000004
341 0.000000
342 0.000000
343 0.000000
344 0.000000
345 0.000000
346 0.000000
347 0.000000
348 0.000000
349 0.000000
350 0.000000
351 0.000000
352 0.000000
353 0.000000
354 0.000000
355 0.000000
356 0.000000
357 0.000000
358 0.000000
359 0.000000
360 0.000000
361 0.000000
362 0.000000
363 0.000000
364 0.002180
365 0.002311
366 0.002140
367 0.001371
368 0.000000
369 0.000000
370 0.000000
371 0.000000
372 0.000000
373 0.000000
374 0.000000
375 0.000000
376 0.000000
377 0.000000
378 0.000000
379 0.000000
380 0.000002
381 0.000001
382 0.000000
383 0.000000
384 0.000000
385 0.000000
386 0.000000
387 0.000000
388 0.000000
389 0.000000
390 0.000000
391 0.000000
392 0.001083
393 0.001133
394 0.001327
395 0.000043
396 0.000000
397 0.000000
398 0.000000
399 0.000000
400 0.000000
401 0.000000
402 0.000000
403 0.000000
404 0.000000
405 0.000000
406 0.000000
407 0.000000
408 0.000003
409 0.000034
410 0.000001
411 0.000000
412 0.000000
413 0.000000
414 0.000000
415 0.000000
416 0.000000
417 0.000000
418 0.000000
419 0.000001
420 0.001020
421 0.000585
422 0.000600
423 0.000001
424 0.000000
425 0.000000
426 0.000000
427 0.000000
428 0.000000
429 0.000000
430 0.000000
431 0.000000
432 0.000000
433 0.000000
434 0.000000
435 0.000000
436 0.000000
437 0.000000
438 0.000011
439 0.000001
440 0.000000
441 0.000000
442 0.000000
443 0.000000
444 0.000000
445 0.000001
446 0.000001
447 0.000001
448 0.001041
449 0.000537
450 0.000443
451 0.000000
452 0.000000
453 0.000000
454 0.000000
455 0.000000
456 0.000000
457 0.000000
458 0.000000
459 0.000000
460 0.000000
461 0.000000
462 0.000000
463 0.000000
464 0.000000
465 0.000000
466 0.000000
467 0.001090
468 0.000006
469 0.000000
470 0.000000
471 0.000000
472 0.000000
473 0.000000
474 0.000001
475 0.000001
476 0.004546
477 0.002032
478 0.000114
479 0.000000
480 0.000000
481 0.000000
482 0.000000
483 0.000000
484 0.000000
485 0.000000
486 0.000000
487 0.000000
488 0.000000
489 0.000000
490 0.000000
491 0.000000
492 0.000000
493 0.000000
494 0.000000
495 0.000021
496 0.999246
497 0.000004
498 0.000000
499 0.000000
500 0.000000
501 0.000000
502 0.000001
503 0.000001
504 0.026676
505 0.014823
506 0.000031
507 0.000000
508 0.000000
509 0.000000
510 0.000000
511 0.000000
512 0.000000
513 0.000000
514 0.000000
515 0.000000
516 0.000000
517 0.000000
518 0.000000
519 0.000000
520 0.000000
521 0.000000
522 0.000000
523 0.000000
524 0.000001
525 0.999901
526 0.000002
527 0.000000
528 0.000000
529 0.000000
530 0.000001
531 0.000002
532 0.026451
533 0.026883
534 0.000022
535 0.000000
536 0.000000
537 0.000000
538 0.000000
539 0.000000
540 0.000000
541 0.000000
542 0.000000
543 0.000000
544 0.000000
545 0.000000
546 0.000000
547 0.000000
548 0.000000
549 0.000000
550 0.000000
551 0.000000
552 0.000000
553 0.000001
554 0.000690
555 0.000003
556 0.000000
557 0.000000
558 0.000011
559 0.000004
560 0.024591
561 0.024823
562 0.000016
563 0.000000
564 0.000000
565 0.000000
566 0.000000
567 0.000000
568 0.000000
569 0.000000
570 0.000000
571 0.000000
572 0.000000
573 0.000000
574 0.000000
575 0.000000
576 0.000000
577 0.000000
578 0.000000
579 0.000000
580 0.000000
581 0.000000
582 0.000003
583 0.000197
584 0.000102
585 0.001230
586 0.000126
587 0.000032
588 0.023099
589 0.024440
590 0.000293
591 0.000001
592 0.000000
593 0.000000
594 0.000000
595 0.000000
596 0.000000
597 0.000000
598 0.000000
599 0.000000
600 0.000000
601 0.000000
602 0.000000
603 0.000000
604 0.000000
605 0.000000
606 0.000000
607 0.000000
608 0.000000
609 0.000000
610 0.000000
611 0.000047
612 0.002329
613 0.009994
614 0.002442
615 0.000400
616 0.022475
617 0.023094
618 0.024445
619 0.000629
620 0.000003
621 0.000000
622 0.000000
623 0.000000
624 0.000000
625 0.000000
626 0.000000
627 0.000000
628 0.000000
629 0.000000
630 0.000000
631 0.000000
632 0.000000
633 0.000000
634 0.000000
635 0.000000
636 0.000000
637 0.000000
638 0.000000
639 0.000025
640 0.000204
641 0.002445
642 0.000000
643 0.000000
644 0.022169
645 0.022457
646 0.022739
647 0.024058
648 0.005829
649 0.000006
650 0.000001
651 0.000001
652 0.000002
653 0.000007
654 0.000000
655 0.000000
656 0.000000
657 0.000000
658 0.000000
659 0.000000
660 0.000000
661 0.000000
662 0.000000
663 0.000000
664 0.000000
665 0.000000
666 0.000002
667 0.000005
668 0.000029
669 0.000000
670 0.000000
671 0.000000
672 0.000000
673 0.022125
674 0.022421
675 0.023704
676 0.023080
677 0.024399
678 0.000041
679 0.000020
680 0.000058
681 0.000978
682 0.000205
683 0.000002
684 0.000000
685 0.000001
686 0.000001
687 0.000001
688 0.000001
689 0.000001
690 0.000000
691 0.000000
692 0.000000
693 0.000001
694 0.000002
695 0.000003
696 0.000000
697 0.000000
698 0.000000
699 0.000000
700 0.000000
701 0.000000
702 0.022119
703 0.022456
704 0.022728
705 0.022970
706 0.024117
707 0.024177
708 0.024817
709 0.026416
710 0.002007
711 0.000015
712 0.000001
713 0.000000
714 0.000001
715 0.000001
716 0.000001
717 0.000001
718 0.000001
719 0.000001
720 0.000001
721 0.000002
722 0.000002
723 0.000000
724 0.000000
725 0.000000
726 0.000000
727 0.000000
728 0.000000
729 0.000000
730 0.000000
731 0.000000
732 0.022380
733 0.022494
734 0.023566
735 0.023787
736 0.024207
737 0.026027
738 0.027548
739 0.000077
740 0.000002
741 0.000001
742 0.000001
743 0.000001
744 0.000001
745 0.000001
746 0.000001
747 0.000001
748 0.000002
749 0.000002
750 0.000000
751 0.000000
752 0.000000
753 0.000000
754 0.000000
755 0.000000
756 0.000000
757 0.000000
758 0.000000
759 0.000000
760 0.000000
761 0.022062
762 0.022179
763 0.023475
764 0.024025
765 0.024980
766 0.026158
767 0.000542
768 0.000008
769 0.000001
770 0.000001
771 0.000001
772 0.000001
773 0.000001
774 0.000001
775 0.000001
776 0.000002
777 0.000000
778 0.000000
779 0.000000
780 0.000000
781 0.000000
782 0.000000
783 0.000000
