0 0.008607
1 0.011609
2 0.011830
3 0.006438
4 0.006139
5 0.005849
6 0.005836
7 0.004129
8 0.000330
9 0.000021
10 0.000012
11 0.000011
12 0.000012
13 0.000012
14 0.000012
15 0.000012
16 0.000009
17 0.000007
18 0.000036
19 0.000180
20 0.000472
21 0.000502
22 0.000659
23 0.000865
24 0.001572
25 0.005359
26 0.012336
27 0.014575
28 0.003319
29 0.007833
30 0.009551
31 0.011421
32 0.006181
33 0.006125
34 0.005839
35 0.003368
36 0.000160
37 0.000014
38 0.000007
39 0.000008
40 0.000008
41 0.000010
42 0.000009
43 0.000008
44 0.000006
45 0.000007
46 0.000014
47 0.000099
48 0.000357
49 0.000472
50 0.000000
51 0.000000
52 0.005188
53 0.012337
54 0.013063
55 0.006717
56 0.002430
57 0.003003
58 0.006240
59 0.009110
60 0.011080
61 0.005936
62 0.005882
63 0.001173
64 0.000108
65 0.000014
66 0.000010
67 0.000005
68 0.000004
69 0.000005
70 0.000005
71 0.000005
72 0.000005
73 0.000005
74 0.000006
75 0.000033
76 0.000000
77 0.000000
78 0.000000
79 0.000000
80 0.000000
81 0.013063
82 0.006717
83 0.003550
84 0.002321
85 0.001951
86 0.002382
87 0.005288
88 0.007906
89 0.010430
90 0.005936
91 0.000398
92 0.000041
93 0.000018
94 0.000009
95 0.000005
96 0.000003
97 0.000005
98 0.000004
99 0.000004
100 0.000004
101 0.000001
102 0.000000
103 0.000000
104 0.000000
105 0.000000
106 0.000000
107 0.000000
108 0.000000
109 0.006017
110 0.003550
111 0.002744
112 0.001951
113 0.001857
114 0.001468
115 0.002033
116 0.000000
117 0.000000
118 0.000000
119 0.000000
120 0.000000
121 0.000005
122 0.000015
123 0.000007
124 0.000004
125 0.000003
126 0.000003
127 0.000000
128 0.000000
129 0.000000
130 0.000000
131 0.000000
132 0.000000
133 0.000000
134 0.000000
135 0.000000
136 0.000055
137 0.003187
138 0.002600
139 0.003915
140 0.001858
141 0.001547
142 0.001394
143 0.001323
144 0.000000
145 0.000000
146 0.000000
147 0.000000
148 0.000000
149 0.000000
150 0.000000
151 0.000000
152 0.000000
153 0.000000
154 0.000000
155 0.000000
156 0.000000
157 0.000000
158 0.000000
159 0.000000
160 0.000000
161 0.000000
162 0.000000
163 0.000000
164 0.003109
165 0.002463
166 0.003706
167 0.004374
168 0.003008
169 0.001649
170 0.001324
171 0.001194
172 0.000000
173 0.000000
174 0.000000
175 0.000000
176 0.000000
177 0.000000
178 0.000000
179 0.000000
180 0.000000
181 0.000000
182 0.000000
183 0.000000
184 0.000000
185 0.000000
186 0.000000
187 0.000000
188 0.000000
189 0.000000
190 0.000000
191 0.000000
192 0.002834
193 0.003508
194 0.004374
195 0.005683
196 0.004867
197 0.003109
198 0.001682
199 0.000975
200 0.000002
201 0.000000
202 0.000000
203 0.000000
204 0.000000
205 0.000000
206 0.000000
207 0.000000
208 0.000000
209 0.000000
210 0.000000
211 0.000000
212 0.000000
213 0.000000
214 0.000000
215 0.000000
216 0.000000
217 0.000000
218 0.000000
219 0.000023
220 0.003884
221 0.004852
222 0.005580
223 0.005108
224 0.008474
225 0.005339
226 0.003231
227 0.001689
228 0.000834
229 0.000000
230 0.000000
231 0.000000
232 0.000000
233 0.000000
234 0.000000
235 0.000000
236 0.000000
237 0.000000
238 0.000000
239 0.000000
240 0.000000
241 0.000000
242 0.000000
243 0.000000
244 0.000000
245 0.000000
246 0.000000
247 0.000057
248 0.000167
249 0.000336
250 0.000598
251 0.000586
252 0.009262
253 0.008358
254 0.007103
255 0.002041
256 0.000207
257 0.000000
258 0.000000
259 0.000000
260 0.000000
261 0.000000
262 0.000000
263 0.000000
264 0.000000
265 0.000000
266 0.000000
267 0.000000
268 0.000000
269 0.000000
270 0.000000
271 0.000000
272 0.000000
273 0.000000
274 0.000000
275 0.000010
276 0.000017
277 0.000021
278 0.000020
279 0.000021
280 0.008862
281 0.003679
282 0.001344
283 0.000581
284 0.000155
285 0.000000
286 0.000000
287 0.000000
288 0.000000
289 0.000000
290 0.000000
291 0.000000
292 0.000000
293 0.000000
294 0.000000
295 0.000000
296 0.000000
297 0.000000
298 0.000000
299 0.000000
300 0.000000
301 0.000000
302 0.000000
303 0.000015
304 0.000008
305 0.000005
306 0.000004
307 0.000003
308 0.000611
309 0.000636
310 0.000605
311 0.000356
312 0.000015
313 0.000000
314 0.000000
315 0.000000
316 0.000000
317 0.000000
318 0.000000
319 0.000000
320 0.000000
321 0.000000
322 0.000002
323 0.000004
324 0.000000
325 0.000000
326 0.000000
327 0.000000
328 0.000000
329 0.000000
330 0.000000
331 0.000001
332 0.000003
333 0.000002
334 0.000001
335 0.000003
336 0.000104
337 0.000136
338 0.000162
339 0.000185
340 0.000001
341 0.000000
342 0.000000
343 0.000000
344 0.000000
345 0.000000
346 0.000000
347 0.000000
348 0.000000
349 0.000001
350 0.006684
351 0.000015
352 0.000000
353 0.000000
354 0.000000
355 0.000000
356 0.000000
357 0.000000
358 0.000000
359 0.000000
360 0.000001
361 0.000001
362 0.000002
363 0.000002
364 0.000065
365 0.000050
366 0.000030
367 0.000027
368 0.000000
369 0.000000
370 0.000000
371 0.000000
372 0.000000
373 0.000000
374 0.000000
375 0.000000
376 0.000000
377 0.000005
378 0.000009
379 0.000047
380 0.000017
381 0.000005
382 0.000000
383 0.000000
384 0.000000
385 0.000000
386 0.000000
387 0.000000
388 0.000000
389 0.000001
390 0.000001
391 0.000002
392 0.000034
393 0.000014
394 0.000006
395 0.000000
396 0.000000
397 0.000000
398 0.000000
399 0.000000
400 0.000000
401 0.000000
402 0.000000
403 0.000002
404 0.000006
405 0.000000
406 0.000000
407 0.000003
408 0.002104
409 0.999991
410 0.000000
411 0.000000
412 0.000000
413 0.000000
414 0.000000
415 0.000000
416 0.000000
417 0.000001
418 0.000001
419 0.000002
420 0.000015
421 0.000009
422 0.000006
423 0.000000
424 0.000000
425 0.000000
426 0.000000
427 0.000000
428 0.000000
429 0.000000
430 0.000011
431 0.004346
432 0.000051
433 0.000000
434 0.000000
435 0.000001
436 0.000670
437 0.000577
438 0.000000
439 0.000000
440 0.000000
441 0.000000
442 0.000000
443 0.000000
444 0.000000
445 0.000001
446 0.000001
447 0.000002
448 0.000023
449 0.000010
450 0.000006
451 0.000000
452 0.000000
453 0.000000
454 0.000000
455 0.000000
456 0.000000
457 0.000000
458 0.000019
459 0.999993
460 0.000063
461 0.000001
462 0.000000
463 0.000000
464 0.000005
465 0.000001
466 0.000000
467 0.000000
468 0.000000
469 0.000000
470 0.000000
471 0.000000
472 0.000000
473 0.000000
474 0.000001
475 0.000003
476 0.000089
477 0.000040
478 0.000003
479 0.000000
480 0.000000
481 0.000000
482 0.000000
483 0.000000
484 0.000000
485 0.000000
486 0.000000
487 0.000006
488 0.000021
489 0.000004
490 0.000001
491 0.000000
492 0.000000
493 0.000000
494 0.000000
495 0.000000
496 0.000000
497 0.000000
498 0.000000
499 0.000000
500 0.000000
501 0.000000
502 0.000008
503 0.000017
504 0.000508
505 0.000258
506 0.000001
507 0.000000
508 0.000000
509 0.000000
510 0.000000
511 0.000000
512 0.000000
513 0.000000
514 0.000000
515 0.000000
516 0.000001
517 0.000001
518 0.000001
519 0.000000
520 0.000000
521 0.000000
522 0.000000
523 0.000000
524 0.000001
525 0.000000
526 0.000000
527 0.000000
528 0.000000
529 0.000001
530 0.000203
531 0.000330
532 0.000475
533 0.000425
534 0.000001
535 0.000000
536 0.000000
537 0.000000
538 0.000000
539 0.000001
540 0.000000
541 0.000000
542 0.000000
543 0.000000
544 0.000000
545 0.000000
546 0.000000
547 0.000000
548 0.000000
549 0.000000
550 0.000000
551 0.000000
552 0.000001
553 0.000008
554 0.000000
555 0.000000
556 0.000002
557 0.000078
558 0.002101
559 0.001059
560 0.000594
561 0.000564
562 0.000001
563 0.000000
564 0.000000
565 0.000001
566 0.000010
567 0.000004
568 0.000004
569 0.000000
570 0.000000
571 0.000000
572 0.000000
573 0.000000
574 0.000000
575 0.000000
576 0.000000
577 0.000000
578 0.000000
579 0.000000
580 0.000002
581 0.000078
582 0.000250
583 0.000005
584 0.000072
585 0.010006
586 0.007659
587 0.003600
588 0.000742
589 0.000598
590 0.000026
591 0.000001
592 0.000001
593 0.000007
594 0.000042
595 0.000017
596 0.000001
597 0.000000
598 0.000000
599 0.000000
600 0.000000
601 0.000000
602 0.000000
603 0.000000
604 0.000000
605 0.000000
606 0.000000
607 0.000000
608 0.000000
609 0.000036
610 0.000096
611 0.000016
612 0.003524
613 0.008906
614 0.010006
615 0.010004
616 0.000825
617 0.001173
618 0.009706
619 0.001169
620 0.000019
621 0.000007
622 0.000007
623 0.000001
624 0.000000
625 0.000000
626 0.000000
627 0.000000
628 0.000000
629 0.000000
630 0.000000
631 0.000000
632 0.000000
633 0.000000
634 0.000000
635 0.000000
636 0.000000
637 0.000000
638 0.000003
639 0.000515
640 0.001321
641 0.003407
642 0.000000
643 0.000000
644 0.001137
645 0.007573
646 0.020984
647 0.040095
648 0.005260
649 0.000015
650 0.000001
651 0.000000
652 0.000000
653 0.000000
654 0.000000
655 0.000000
656 0.000002
657 0.000254
658 0.000260
659 0.000013
660 0.000001
661 0.000000
662 0.000000
663 0.000000
664 0.000000
665 0.000004
666 0.000164
667 0.000239
668 0.000529
669 0.000000
670 0.000000
671 0.000000
672 0.000000
673 0.016688
674 0.033572
675 0.016658
676 0.010004
677 0.010001
678 0.000012
679 0.000002
680 0.000005
681 0.000101
682 0.001202
683 0.000113
684 0.000028
685 0.000061
686 0.000061
687 0.000089
688 0.000090
689 0.000377
690 0.000222
691 0.000029
692 0.000024
693 0.000154
694 0.000175
695 0.000229
696 0.000000
697 0.000000
698 0.000000
699 0.000000
700 0.000000
701 0.000000
702 0.016093
703 0.010004
704 0.010001
705 0.004535
706 0.001726
707 0.000807
708 0.001957
709 0.005233
710 0.003875
711 0.000362
712 0.000054
713 0.000013
714 0.000017
715 0.000050
716 0.000227
717 0.001264
718 0.004021
719 0.001128
720 0.000364
721 0.000166
722 0.000215
723 0.000000
724 0.000000
725 0.000000
726 0.000000
727 0.000000
728 0.000000
729 0.000000
730 0.000000
731 0.000000
732 0.005641
733 0.002208
734 0.000906
735 0.001501
736 0.004488
737 0.010150
738 0.010010
739 0.000879
740 0.000072
741 0.000006
742 0.000005
743 0.000019
744 0.000346
745 0.002772
746 0.010010
747 0.003207
748 0.000959
749 0.000406
750 0.000000
751 0.000000
752 0.000000
753 0.000000
754 0.000000
755 0.000000
756 0.000000
757 0.000000
758 0.000000
759 0.000000
760 0.000000
761 0.001355
762 0.001296
763 0.003111
764 0.008096
765 0.010008
766 0.010010
767 0.002220
768 0.000083
769 0.000005
770 0.000003
771 0.000013
772 0.000304
773 0.006011
774 0.010010
775 0.007218
776 0.002613
777 0.000000
778 0.000017
779 0.000007
780 0.000000
781 0.000000
782 0.000000
783 0.000000
