0 0.009481
1 0.009482
2 0.009436
3 0.008121
4 0.006145
5 0.004290
6 0.003609
7 0.003403
8 0.000878
9 0.000210
10 0.000283
11 0.000515
12 0.001983
13 0.007190
14 0.009548
15 0.002999
16 0.000569
17 0.000193
18 0.000318
19 0.000822
20 0.001878
21 0.002959
22 0.005155
23 0.006247
24 0.006010
25 0.006010
26 0.004786
27 0.003790
28 0.008322
29 0.009481
30 0.009436
31 0.009436
32 0.007594
33 0.005618
34 0.003733
35 0.002296
36 0.000392
37 0.000131
38 0.000246
39 0.000796
40 0.003591
41 0.013113
42 0.005083
43 0.001011
44 0.000355
45 0.000245
46 0.000196
47 0.000736
48 0.002508
49 0.004549
50 0.000000
51 0.000000
52 0.006010
53 0.004746
54 0.003199
55 0.002577
56 0.006854
57 0.008243
58 0.009435
59 0.009436
60 0.009436
61 0.006935
62 0.005055
63 0.001230
64 0.000207
65 0.000118
66 0.000283
67 0.001345
68 0.006537
69 0.008453
70 0.001783
71 0.000379
72 0.000306
73 0.000232
74 0.000178
75 0.000650
76 0.000001
77 0.000000
78 0.000000
79 0.000000
80 0.000000
81 0.003127
82 0.002450
83 0.001790
84 0.005194
85 0.006217
86 0.007560
87 0.009390
88 0.009391
89 0.008859
90 0.006805
91 0.000774
92 0.000101
93 0.000137
94 0.000436
95 0.002595
96 0.008800
97 0.004169
98 0.000731
99 0.000226
100 0.000251
101 0.000096
102 0.000000
103 0.000000
104 0.000000
105 0.000000
106 0.000000
107 0.000000
108 0.000000
109 0.002069
110 0.001671
111 0.001909
112 0.004127
113 0.004618
114 0.005496
115 0.007399
116 0.000000
117 0.000000
118 0.000000
119 0.000000
120 0.000000
121 0.000056
122 0.001021
123 0.004157
124 0.005214
125 0.001123
126 0.000244
127 0.000006
128 0.000000
129 0.000000
130 0.000000
131 0.000000
132 0.000000
133 0.000000
134 0.000000
135 0.000000
136 0.000334
137 0.001368
138 0.001562
139 0.001835
140 0.004014
141 0.003615
142 0.003967
143 0.004909
144 0.000000
145 0.000000
146 0.000000
147 0.000000
148 0.000000
149 0.000000
150 0.000000
151 0.000002
152 0.000005
153 0.000000
154 0.000000
155 0.000000
156 0.000000
157 0.000000
158 0.000000
159 0.000000
160 0.000000
161 0.000000
162 0.000000
163 0.000000
164 0.001420
165 0.001261
166 0.001474
167 0.001537
168 0.003615
169 0.003403
170 0.003302
171 0.003380
172 0.000000
173 0.000000
174 0.000000
175 0.000000
176 0.000000
177 0.000000
178 0.000000
179 0.000000
180 0.000000
181 0.000000
182 0.000000
183 0.000000
184 0.000000
185 0.000000
186 0.000000
187 0.000000
188 0.000000
189 0.000000
190 0.000000
191 0.000007
192 0.001071
193 0.001120
194 0.001171
195 0.001585
196 0.003942
197 0.003326
198 0.002943
199 0.002759
200 0.000012
201 0.000000
202 0.000000
203 0.000000
204 0.000000
205 0.000000
206 0.000000
207 0.000000
208 0.000000
209 0.000000
210 0.000000
211 0.000000
212 0.000000
213 0.000000
214 0.000000
215 0.000000
216 0.000000
217 0.000000
218 0.000000
219 0.000083
220 0.001071
221 0.001125
222 0.001285
223 0.001555
224 0.004077
225 0.003616
226 0.003085
227 0.002672
228 0.002277
229 0.000000
230 0.000000
231 0.000000
232 0.000000
233 0.000001
234 0.000000
235 0.000000
236 0.000000
237 0.000000
238 0.000000
239 0.000000
240 0.000000
241 0.000000
242 0.000000
243 0.000000
244 0.000000
245 0.000000
246 0.000000
247 0.000022
248 0.000050
249 0.000087
250 0.000194
251 0.000344
252 0.003929
253 0.003406
254 0.003299
255 0.001648
256 0.000240
257 0.000000
258 0.000000
259 0.000000
260 0.000000
261 0.000000
262 0.000000
263 0.000000
264 0.000000
265 0.000000
266 0.000000
267 0.000000
268 0.000000
269 0.000000
270 0.000000
271 0.000000
272 0.000000
273 0.000000
274 0.000000
275 0.000003
276 0.000005
277 0.000012
278 0.000021
279 0.000039
280 0.002875
281 0.000961
282 0.000430
283 0.000110
284 0.000044
285 0.000000
286 0.000000
287 0.000000
288 0.000000
289 0.000000
290 0.000000
291 0.000000
292 0.000000
293 0.000000
294 0.000001
295 0.000000
296 0.000000
297 0.000000
298 0.000000
299 0.000000
300 0.000000
301 0.000000
302 0.000000
303 0.000004
304 0.000005
305 0.000008
306 0.000010
307 0.000014
308 0.000780
309 0.000194
310 0.000059
311 0.000027
312 0.000003
313 0.000000
314 0.000000
315 0.000000
316 0.000000
317 0.000000
318 0.000000
319 0.000000
320 0.000091
321 0.000256
322 0.000069
323 0.000001
324 0.000000
325 0.000000
326 0.000000
327 0.000000
328 0.000000
329 0.000000
330 0.000001
331 0.000002
332 0.000006
333 0.000007
334 0.000010
335 0.000020
336 0.000370
337 0.000159
338 0.000081
339 0.000029
340 0.000001
341 0.000000
342 0.000000
343 0.000000
344 0.000000
345 0.000000
346 0.000000
347 0.000000
348 0.000014
349 0.999994
350 0.000045
351 0.000000
352 0.000000
353 0.000000
354 0.000000
355 0.000000
356 0.000000
357 0.000000
358 0.000001
359 0.000000
360 0.000005
361 0.000009
362 0.000022
363 0.000040
364 0.000474
365 0.000386
366 0.000160
367 0.000073
368 0.000000
369 0.000000
370 0.000002
371 0.000000
372 0.000000
373 0.000000
374 0.000000
375 0.000001
376 0.000016
377 0.000019
378 0.000004
379 0.000000
380 0.000000
381 0.000000
382 0.000000
383 0.000000
384 0.000000
385 0.000003
386 0.000001
387 0.000001
388 0.000005
389 0.000028
390 0.000051
391 0.000113
392 0.000359
393 0.000198
394 0.000145
395 0.000022
396 0.000001
397 0.000006
398 0.003248
399 0.000002
400 0.000000
401 0.000000
402 0.000000
403 0.000005
404 0.000001
405 0.000000
406 0.000000
407 0.000000
408 0.000000
409 0.000000
410 0.000000
411 0.000000
412 0.000001
413 0.000008
414 0.000014
415 0.000005
416 0.000005
417 0.000070
418 0.000153
419 0.000154
420 0.000317
421 0.000269
422 0.000170
423 0.000007
424 0.000005
425 0.000330
426 0.007223
427 0.000003
428 0.000000
429 0.000000
430 0.000001
431 0.000002
432 0.000000
433 0.000000
434 0.000000
435 0.000000
436 0.000000
437 0.000000
438 0.000000
439 0.000000
440 0.000002
441 0.000134
442 0.001052
443 0.000071
444 0.000030
445 0.000151
446 0.000074
447 0.000052
448 0.000475
449 0.000378
450 0.000759
451 0.000012
452 0.000028
453 0.999967
454 0.001257
455 0.000003
456 0.000000
457 0.000000
458 0.000000
459 0.000000
460 0.000000
461 0.000000
462 0.000000
463 0.000000
464 0.000000
465 0.000000
466 0.000000
467 0.000001
468 0.000006
469 0.000351
470 0.999981
471 0.000803
472 0.000109
473 0.000062
474 0.000051
475 0.000030
476 0.000611
477 0.001472
478 0.001282
479 0.000100
480 0.000485
481 0.002530
482 0.000052
483 0.000007
484 0.000001
485 0.000000
486 0.000000
487 0.000000
488 0.000000
489 0.000000
490 0.000000
491 0.000000
492 0.000000
493 0.000000
494 0.000002
495 0.000016
496 0.000019
497 0.000080
498 0.000580
499 0.002527
500 0.000143
501 0.000035
502 0.000202
503 0.000207
504 0.001766
505 0.003987
506 0.000581
507 0.000183
508 0.003128
509 0.000218
510 0.000017
511 0.000022
512 0.000002
513 0.000000
514 0.000000
515 0.000000
516 0.000000
517 0.000000
518 0.000000
519 0.000000
520 0.000000
521 0.000000
522 0.000006
523 0.000018
524 0.000005
525 0.000003
526 0.000024
527 0.000561
528 0.000402
529 0.000510
530 0.002395
531 0.002600
532 0.005265
533 0.010013
534 0.000393
535 0.000236
536 0.000950
537 0.000031
538 0.000013
539 0.000025
540 0.000003
541 0.000000
542 0.000000
543 0.000000
544 0.000000
545 0.000000
546 0.000000
547 0.000000
548 0.000000
549 0.000001
550 0.000001
551 0.000001
552 0.000002
553 0.000002
554 0.000014
555 0.000505
556 0.005191
557 0.002015
558 0.010006
559 0.007957
560 0.010014
561 0.010014
562 0.000983
563 0.001471
564 0.000110
565 0.000011
566 0.000006
567 0.000005
568 0.000000
569 0.000000
570 0.000000
571 0.000000
572 0.000000
573 0.000000
574 0.000001
575 0.000001
576 0.000001
577 0.000001
578 0.000000
579 0.000000
580 0.000002
581 0.000020
582 0.000035
583 0.000502
584 0.011905
585 0.010008
586 0.010009
587 0.010007
588 0.010012
589 0.010007
590 0.004112
591 0.002167
592 0.000037
593 0.000005
594 0.000004
595 0.000000
596 0.000000
597 0.000000
598 0.000000
599 0.000000
600 0.000000
601 0.000000
602 0.000000
603 0.000004
604 0.000114
605 0.000165
606 0.000021
607 0.000007
608 0.000002
609 0.000014
610 0.000062
611 0.000859
612 0.010005
613 0.010004
614 0.010006
615 0.010008
616 0.010004
617 0.010003
618 0.010005
619 0.009211
620 0.000039
621 0.000007
622 0.000001
623 0.000000
624 0.000000
625 0.000000
626 0.000000
627 0.000000
628 0.000000
629 0.000000
630 0.000000
631 0.000034
632 0.003917
633 0.999987
634 0.002536
635 0.000139
636 0.000032
637 0.000032
638 0.000344
639 0.010002
640 0.010004
641 0.010004
642 0.000002
643 0.000001
644 0.010003
645 0.010004
646 0.010005
647 0.010004
648 0.004811
649 0.000028
650 0.000001
651 0.000000
652 0.000000
653 0.000001
654 0.000000
655 0.000000
656 0.000000
657 0.000001
658 0.000001
659 0.000066
660 0.001746
661 0.010065
662 0.007746
663 0.002323
664 0.000812
665 0.001077
666 0.001653
667 0.005022
668 0.010001
669 0.000002
670 0.000001
671 0.000001
672 0.000000
673 0.010005
674 0.010004
675 0.009726
676 0.005270
677 0.002096
678 0.000016
679 0.000005
680 0.000010
681 0.000034
682 0.000041
683 0.000004
684 0.000001
685 0.000001
686 0.000003
687 0.000043
688 0.000949
689 0.004870
690 0.016036
691 0.006096
692 0.001941
693 0.001049
694 0.001128
695 0.002157
696 0.000001
697 0.000001
698 0.000001
699 0.000000
700 0.000000
701 0.000000
702 0.009832
703 0.005787
704 0.002358
705 0.000925
706 0.000521
707 0.000485
708 0.000434
709 0.000338
710 0.000112
711 0.000012
712 0.000002
713 0.000001
714 0.000007
715 0.000059
716 0.000523
717 0.001960
718 0.008278
719 0.010008
720 0.004904
721 0.002046
722 0.001128
723 0.000001
724 0.000000
725 0.000001
726 0.000001
727 0.000002
728 0.000000
729 0.000000
730 0.000000
731 0.000000
732 0.001113
733 0.000693
734 0.000543
735 0.000513
736 0.000485
737 0.000380
738 0.000338
739 0.000037
740 0.000006
741 0.000002
742 0.000015
743 0.000107
744 0.000182
745 0.001067
746 0.003403
747 0.013727
748 0.010005
749 0.005022
750 0.000001
751 0.000004
752 0.000001
753 0.000001
754 0.000002
755 0.000001
756 0.000000
757 0.000000
758 0.000000
759 0.000000
760 0.000000
761 0.000724
762 0.000687
763 0.000543
764 0.000513
765 0.000485
766 0.000459
767 0.000115
768 0.000013
769 0.000008
770 0.000036
771 0.000142
772 0.000182
773 0.000608
774 0.001782
775 0.005614
776 0.016698
777 0.015875
778 0.004590
779 0.002162
780 0.001987
781 0.000444
782 0.000001
783 0.000001
