0 0.004286
1 0.004156
2 0.003720
3 0.003910
4 0.003482
5 0.003086
6 0.003159
7 0.005167
8 0.002049
9 0.001325
10 0.002049
11 0.002175
12 0.002167
13 0.001159
14 0.000285
15 0.000132
16 0.000166
17 0.000352
18 0.000577
19 0.000618
20 0.000831
21 0.000877
22 0.001100
23 0.001156
24 0.001029
25 0.001086
26 0.001563
27 0.002534
28 0.003846
29 0.004031
30 0.003599
31 0.003482
32 0.003369
33 0.003154
34 0.002774
35 0.002046
36 0.001007
37 0.000945
38 0.001962
39 0.001989
40 0.001877
41 0.000937
42 0.000340
43 0.000121
44 0.000108
45 0.000307
46 0.000503
47 0.000714
48 0.000657
49 0.000831
50 0.000001
51 0.000000
52 0.000975
53 0.001425
54 0.002335
55 0.004639
56 0.004031
57 0.003599
58 0.003482
59 0.003369
60 0.003154
61 0.002774
62 0.002678
63 0.000810
64 0.000455
65 0.000723
66 0.001589
67 0.002051
68 0.000881
69 0.000583
70 0.000344
71 0.000159
72 0.000093
73 0.000154
74 0.000482
75 0.000557
76 0.000004
77 0.000000
78 0.000000
79 0.000000
80 0.000000
81 0.002180
82 0.004476
83 0.008447
84 0.003910
85 0.003482
86 0.003086
87 0.002874
88 0.002774
89 0.002678
90 0.002496
91 0.000517
92 0.000226
93 0.000562
94 0.000869
95 0.001271
96 0.000643
97 0.000429
98 0.000390
99 0.000255
100 0.000082
101 0.000059
102 0.000003
103 0.000000
104 0.000000
105 0.000000
106 0.000000
107 0.000000
108 0.000607
109 0.004414
110 0.008370
111 0.010111
112 0.003482
113 0.003369
114 0.002874
115 0.002774
116 0.000000
117 0.000000
118 0.000000
119 0.000002
120 0.000006
121 0.000187
122 0.000578
123 0.000490
124 0.000375
125 0.000196
126 0.000448
127 0.000051
128 0.000002
129 0.000000
130 0.000000
131 0.000000
132 0.000000
133 0.000000
134 0.000000
135 0.000003
136 0.004261
137 0.008224
138 0.009977
139 0.009743
140 0.003369
141 0.002978
142 0.002774
143 0.002678
144 0.000000
145 0.000000
146 0.000000
147 0.000000
148 0.000000
149 0.000000
150 0.000002
151 0.000003
152 0.000006
153 0.000004
154 0.000003
155 0.000000
156 0.000000
157 0.000000
158 0.000000
159 0.000000
160 0.000000
161 0.000000
162 0.000001
163 0.004171
164 0.009966
165 0.009675
166 0.009448
167 0.008487
168 0.002978
169 0.002774
170 0.002678
171 0.002496
172 0.000000
173 0.000000
174 0.000000
175 0.000000
176 0.000000
177 0.000000
178 0.000000
179 0.000000
180 0.000000
181 0.000000
182 0.000000
183 0.000000
184 0.000000
185 0.000000
186 0.000000
187 0.000000
188 0.000000
189 0.000000
190 0.003126
191 0.010437
192 0.009648
193 0.009163
194 0.008520
195 0.010287
196 0.002831
197 0.002678
198 0.002339
199 0.002170
200 0.000006
201 0.000000
202 0.000000
203 0.000000
204 0.000000
205 0.000000
206 0.000000
207 0.000000
208 0.000000
209 0.000000
210 0.000000
211 0.000000
212 0.000000
213 0.000000
214 0.000000
215 0.000000
216 0.000000
217 0.000205
218 0.010379
219 0.009968
220 0.009453
221 0.011246
222 0.009487
223 0.005771
224 0.003276
225 0.002427
226 0.002199
227 0.002090
228 0.001734
229 0.000000
230 0.000000
231 0.000000
232 0.000000
233 0.000000
234 0.000000
235 0.000000
236 0.000000
237 0.000000
238 0.000000
239 0.000000
240 0.000000
241 0.000000
242 0.000000
243 0.000000
244 0.000375
245 0.999997
246 0.009337
247 0.009449
248 0.011707
249 0.006579
250 0.003971
251 0.002301
252 0.005011
253 0.003161
254 0.002342
255 0.001463
256 0.000509
257 0.000000
258 0.000000
259 0.000000
260 0.000000
261 0.000000
262 0.000000
263 0.000000
264 0.000000
265 0.000000
266 0.000000
267 0.000000
268 0.000000
269 0.000000
270 0.000000
271 0.000000
272 0.001495
273 0.007584
274 0.009343
275 0.022490
276 0.009540
277 0.002601
278 0.001450
279 0.000695
280 0.008088
281 0.003044
282 0.001379
283 0.000456
284 0.000177
285 0.000000
286 0.000000
287 0.000000
288 0.000000
289 0.000000
290 0.000000
291 0.000000
292 0.000000
293 0.000000
294 0.000000
295 0.000000
296 0.000000
297 0.000000
298 0.000000
299 0.000001
300 0.000051
301 0.001031
302 0.000658
303 0.000790
304 0.001140
305 0.000938
306 0.001061
307 0.001150
308 0.003431
309 0.002114
310 0.000998
311 0.000420
312 0.000038
313 0.000016
314 0.000000
315 0.000000
316 0.000000
317 0.000000
318 0.000000
319 0.000000
320 0.000000
321 0.000000
322 0.000000
323 0.000000
324 0.000000
325 0.000002
326 0.000034
327 0.000033
328 0.000035
329 0.000014
330 0.000010
331 0.000016
332 0.000031
333 0.000070
334 0.000159
335 0.000507
336 0.001457
337 0.001350
338 0.001085
339 0.000876
340 0.000106
341 0.000096
342 0.000001
343 0.000000
344 0.000000
345 0.000000
346 0.000000
347 0.000000
348 0.000000
349 0.000000
350 0.000000
351 0.000000
352 0.000000
353 0.000046
354 0.999997
355 0.000755
356 0.000039
357 0.000009
358 0.000006
359 0.000001
360 0.000002
361 0.000005
362 0.000019
363 0.000071
364 0.000710
365 0.000908
366 0.000938
367 0.001429
368 0.000406
369 0.000537
370 0.000064
371 0.000000
372 0.000000
373 0.000000
374 0.000000
375 0.000000
376 0.000000
377 0.000000
378 0.000000
379 0.000000
380 0.000000
381 0.000024
382 0.000771
383 0.001955
384 0.000070
385 0.000013
386 0.000005
387 0.000004
388 0.000004
389 0.000004
390 0.000004
391 0.000006
392 0.000304
393 0.000339
394 0.000599
395 0.000244
396 0.000409
397 0.999998
398 0.000091
399 0.000000
400 0.000000
401 0.000000
402 0.000000
403 0.000000
404 0.000000
405 0.000000
406 0.000000
407 0.000001
408 0.000003
409 0.000006
410 0.000022
411 0.000072
412 0.000016
413 0.000012
414 0.000010
415 0.000017
416 0.000010
417 0.000014
418 0.000010
419 0.000006
420 0.000302
421 0.000349
422 0.000551
423 0.000218
424 0.000189
425 0.000156
426 0.000002
427 0.000000
428 0.000000
429 0.000000
430 0.000000
431 0.000000
432 0.000000
433 0.000000
434 0.000000
435 0.000001
436 0.000014
437 0.000003
438 0.000001
439 0.000005
440 0.000013
441 0.000002
442 0.000006
443 0.000012
444 0.000025
445 0.000063
446 0.000039
447 0.000024
448 0.000718
449 0.000693
450 0.000858
451 0.000070
452 0.000026
453 0.000001
454 0.000000
455 0.000000
456 0.000000
457 0.000000
458 0.000000
459 0.000000
460 0.000000
461 0.000000
462 0.000000
463 0.000000
464 0.000001
465 0.000001
466 0.000001
467 0.000003
468 0.000006
469 0.000002
470 0.000001
471 0.000002
472 0.000053
473 0.000100
474 0.000188
475 0.000172
476 0.003420
477 0.002151
478 0.000185
479 0.000030
480 0.000008
481 0.000000
482 0.000000
483 0.000000
484 0.000000
485 0.000000
486 0.000000
487 0.000000
488 0.000000
489 0.000000
490 0.000000
491 0.000000
492 0.000000
493 0.000000
494 0.000002
495 0.000005
496 0.000006
497 0.000003
498 0.000000
499 0.000001
500 0.000012
501 0.000078
502 0.001055
503 0.002292
504 0.008940
505 0.003461
506 0.000280
507 0.000053
508 0.000001
509 0.000000
510 0.000000
511 0.000000
512 0.000000
513 0.000000
514 0.000000
515 0.000000
516 0.000000
517 0.000000
518 0.000000
519 0.000000
520 0.000000
521 0.000000
522 0.000001
523 0.000004
524 0.000014
525 0.000022
526 0.000008
527 0.000001
528 0.000003
529 0.000073
530 0.003145
531 0.011089
532 0.004726
533 0.002954
534 0.000345
535 0.000038
536 0.000001
537 0.000000
538 0.000000
539 0.000000
540 0.000000
541 0.000000
542 0.000000
543 0.000000
544 0.000000
545 0.000000
546 0.000000
547 0.000000
548 0.000000
549 0.000000
550 0.000000
551 0.000007
552 0.000129
553 0.002048
554 0.000980
555 0.000045
556 0.000014
557 0.000034
558 0.001855
559 0.003830
560 0.002856
561 0.002033
562 0.000506
563 0.000008
564 0.000000
565 0.000000
566 0.000000
567 0.000000
568 0.000000
569 0.000000
570 0.000000
571 0.000000
572 0.000000
573 0.000000
574 0.000000
575 0.000000
576 0.000000
577 0.000000
578 0.000000
579 0.000012
580 0.000989
581 0.999984
582 0.043438
583 0.006888
584 0.000030
585 0.000404
586 0.000670
587 0.001593
588 0.002394
589 0.002098
590 0.000388
591 0.000005
592 0.000000
593 0.000000
594 0.000000
595 0.000000
596 0.000000
597 0.000000
598 0.000000
599 0.000000
600 0.000000
601 0.000000
602 0.000000
603 0.000000
604 0.000000
605 0.000000
606 0.000000
607 0.000006
608 0.000124
609 0.004008
610 0.012419
611 0.006702
612 0.001956
613 0.000857
614 0.000508
615 0.000588
616 0.002539
617 0.002394
618 0.002098
619 0.000175
620 0.000002
621 0.000000
622 0.000000
623 0.000000
624 0.000000
625 0.000000
626 0.000000
627 0.000000
628 0.000000
629 0.000000
630 0.000000
631 0.000000
632 0.000000
633 0.000000
634 0.000000
635 0.000000
636 0.000003
637 0.000464
638 0.005850
639 0.010001
640 0.005223
641 0.002610
642 0.000000
643 0.000008
644 0.002615
645 0.002539
646 0.002465
647 0.002165
648 0.000810
649 0.000003
650 0.000000
651 0.000000
652 0.000000
653 0.000001
654 0.000001
655 0.000001
656 0.000004
657 0.000035
658 0.000040
659 0.000010
660 0.000003
661 0.000001
662 0.000000
663 0.000000
664 0.000001
665 0.000076
666 0.001089
667 0.003642
668 0.010001
669 0.000001
670 0.000002
671 0.000019
672 0.000000
673 0.002615
674 0.002539
675 0.002234
676 0.002394
677 0.002098
678 0.000017
679 0.000008
680 0.000036
681 0.000440
682 0.001487
683 0.000134
684 0.000035
685 0.000050
686 0.000056
687 0.000060
688 0.000068
689 0.000111
690 0.000031
691 0.000023
692 0.000044
693 0.000184
694 0.000472
695 0.001463
696 0.000001
697 0.000001
698 0.000001
699 0.000019
700 0.000000
701 0.000000
702 0.002615
703 0.002539
704 0.002465
705 0.002394
706 0.002098
707 0.002785
708 0.004587
709 0.007959
710 0.003946
711 0.000409
712 0.000065
713 0.000043
714 0.000074
715 0.000084
716 0.000090
717 0.000096
718 0.000133
719 0.000142
720 0.000151
721 0.000196
722 0.000254
723 0.000000
724 0.000000
725 0.000001
726 0.000001
727 0.000001
728 0.000000
729 0.000000
730 0.000000
731 0.000000
732 0.002539
733 0.002465
734 0.002394
735 0.003896
736 0.007242
737 0.010000
738 0.010000
739 0.000956
740 0.000136
741 0.000060
742 0.000079
743 0.000090
744 0.000118
745 0.000125
746 0.000142
747 0.000184
748 0.000196
749 0.000254
750 0.000000
751 0.000000
752 0.000000
753 0.000000
754 0.000001
755 0.000001
756 0.000000
757 0.000000
758 0.000000
759 0.000000
760 0.000000
761 0.002539
762 0.003664
763 0.005974
764 0.010000
765 0.010000
766 0.010000
767 0.002333
768 0.000292
769 0.000082
770 0.000084
771 0.000096
772 0.000125
773 0.000164
774 0.000142
775 0.000160
776 0.000208
777 0.000000
778 0.000032
779 0.000024
780 0.000000
781 0.000000
782 0.000000
783 0.000001
