0 0.003403
1 0.003765
2 0.003873
3 0.004825
4 0.004721
5 0.007555
6 0.014527
7 0.025612
8 0.002678
9 0.000146
10 0.000046
11 0.000031
12 0.000032
13 0.000032
14 0.000031
15 0.000032
16 0.000025
17 0.000021
18 0.000081
19 0.000310
20 0.000703
21 0.000743
22 0.000945
23 0.000996
24 0.000881
25 0.000933
26 0.001168
27 0.001232
28 0.002974
29 0.003153
30 0.003231
31 0.003765
32 0.004530
33 0.005056
34 0.008822
35 0.010341
36 0.001686
37 0.000166
38 0.000055
39 0.000030
40 0.000024
41 0.000027
42 0.000025
43 0.000022
44 0.000018
45 0.000021
46 0.000036
47 0.000188
48 0.000548
49 0.000703
50 0.000001
51 0.000000
52 0.000832
53 0.001050
54 0.000933
55 0.001168
56 0.003153
57 0.002739
58 0.002630
59 0.003057
60 0.003611
61 0.004258
62 0.005109
63 0.002170
64 0.000569
65 0.000203
66 0.000127
67 0.000045
68 0.000023
69 0.000017
70 0.000016
71 0.000015
72 0.000015
73 0.000014
74 0.000018
75 0.000075
76 0.000002
77 0.000000
78 0.000000
79 0.000000
80 0.000000
81 0.000832
82 0.001050
83 0.000985
84 0.003036
85 0.002630
86 0.002266
87 0.002191
88 0.002647
89 0.003298
90 0.004258
91 0.000526
92 0.000141
93 0.000188
94 0.000176
95 0.000095
96 0.000041
97 0.000024
98 0.000013
99 0.000011
100 0.000012
101 0.000005
102 0.000000
103 0.000000
104 0.000000
105 0.000000
106 0.000000
107 0.000000
108 0.000004
109 0.000789
110 0.000880
111 0.001493
112 0.002630
113 0.002524
114 0.002077
115 0.001989
116 0.000000
117 0.000000
118 0.000000
119 0.000000
120 0.000000
121 0.000021
122 0.000205
123 0.000178
124 0.000105
125 0.000035
126 0.000012
127 0.000001
128 0.000000
129 0.000000
130 0.000000
131 0.000000
132 0.000000
133 0.000000
134 0.000000
135 0.000001
136 0.000309
137 0.000693
138 0.001659
139 0.007232
140 0.002524
141 0.002169
142 0.001989
143 0.001905
144 0.000000
145 0.000000
146 0.000000
147 0.000000
148 0.000000
149 0.000000
150 0.000000
151 0.000000
152 0.000001
153 0.000000
154 0.000000
155 0.000000
156 0.000000
157 0.000000
158 0.000000
159 0.000000
160 0.000000
161 0.000000
162 0.000001
163 0.000003
164 0.000733
165 0.001873
166 0.008499
167 0.022132
168 0.002169
169 0.001989
170 0.001905
171 0.001748
172 0.000000
173 0.000000
174 0.000000
175 0.000000
176 0.000000
177 0.000000
178 0.000000
179 0.000000
180 0.000000
181 0.000000
182 0.000000
183 0.000000
184 0.000000
185 0.000000
186 0.000000
187 0.000000
188 0.000000
189 0.000000
190 0.000003
191 0.000126
192 0.003444
193 0.009829
194 0.028615
195 0.050805
196 0.002101
197 0.001905
198 0.001616
199 0.001475
200 0.000066
201 0.000000
202 0.000000
203 0.000000
204 0.000000
205 0.000000
206 0.000000
207 0.000000
208 0.000000
209 0.000000
210 0.000000
211 0.000000
212 0.000000
213 0.000000
214 0.000000
215 0.000000
216 0.000000
217 0.000000
218 0.000001
219 0.000847
220 0.016021
221 0.043612
222 0.049637
223 0.011954
224 0.002178
225 0.001846
226 0.001520
227 0.001410
228 0.001127
229 0.000000
230 0.000000
231 0.000000
232 0.000000
233 0.000000
234 0.000000
235 0.000000
236 0.000000
237 0.000000
238 0.000000
239 0.000000
240 0.000000
241 0.000000
242 0.000000
243 0.000000
244 0.000000
245 0.000000
246 0.000003
247 0.000345
248 0.001818
249 0.001991
250 0.000878
251 0.000674
252 0.002086
253 0.001685
254 0.001610
255 0.000912
256 0.000210
257 0.000000
258 0.000000
259 0.000000
260 0.000000
261 0.000000
262 0.000000
263 0.000000
264 0.000000
265 0.000000
266 0.000000
267 0.000000
268 0.000000
269 0.000000
270 0.000000
271 0.000000
272 0.000000
273 0.000000
274 0.000001
275 0.000131
276 0.000086
277 0.000040
278 0.000033
279 0.000041
280 0.001475
281 0.000632
282 0.000352
283 0.000106
284 0.000049
285 0.000000
286 0.000000
287 0.000000
288 0.000000
289 0.000000
290 0.000000
291 0.000000
292 0.000000
293 0.000000
294 0.000000
295 0.000000
296 0.000000
297 0.000000
298 0.000000
299 0.000000
300 0.000000
301 0.000000
302 0.000002
303 0.000041
304 0.000015
305 0.000012
306 0.000014
307 0.000025
308 0.000370
309 0.000150
310 0.000061
311 0.000028
312 0.000002
313 0.000000
314 0.000000
315 0.000000
316 0.000000
317 0.000000
318 0.000000
319 0.000000
320 0.000000
321 0.000000
322 0.000000
323 0.000000
324 0.000000
325 0.000000
326 0.000000
327 0.000000
328 0.000000
329 0.000000
330 0.000000
331 0.000002
332 0.000011
333 0.000015
334 0.000027
335 0.000062
336 0.000099
337 0.000052
338 0.000036
339 0.000021
340 0.000000
341 0.000000
342 0.000000
343 0.000000
344 0.000000
345 0.000000
346 0.000000
347 0.000000
348 0.000000
349 0.000000
350 0.000000
351 0.000000
352 0.000000
353 0.000001
354 0.000000
355 0.000000
356 0.000000
357 0.000000
358 0.000000
359 0.000000
360 0.000018
361 0.000036
362 0.000069
363 0.000094
364 0.000066
365 0.000059
366 0.000043
367 0.000031
368 0.000000
369 0.000000
370 0.000000
371 0.000000
372 0.000000
373 0.000000
374 0.000000
375 0.000000
376 0.000000
377 0.000000
378 0.000000
379 0.000000
380 0.000010
381 0.000015
382 0.000016
383 0.000001
384 0.000000
385 0.000000
386 0.000000
387 0.000000
388 0.000017
389 0.000087
390 0.000141
391 0.000127
392 0.000114
393 0.000063
394 0.000035
395 0.000003
396 0.000000
397 0.000000
398 0.000000
399 0.000000
400 0.000000
401 0.000000
402 0.000000
403 0.000000
404 0.000000
405 0.000000
406 0.000000
407 0.000000
408 0.000005
409 0.000133
410 0.000543
411 0.000089
412 0.000001
413 0.000000
414 0.000000
415 0.000000
416 0.000006
417 0.000085
418 0.000061
419 0.000033
420 0.000292
421 0.000147
422 0.000074
423 0.000000
424 0.000000
425 0.000000
426 0.000000
427 0.000000
428 0.000000
429 0.000000
430 0.000000
431 0.000000
432 0.000000
433 0.000000
434 0.000000
435 0.000000
436 0.000000
437 0.000004
438 0.001849
439 0.025177
440 0.000115
441 0.000006
442 0.000000
443 0.000000
444 0.000000
445 0.000020
446 0.000010
447 0.000004
448 0.000555
449 0.000446
450 0.000221
451 0.000000
452 0.000000
453 0.000000
454 0.000000
455 0.000000
456 0.000000
457 0.000000
458 0.000000
459 0.000000
460 0.000000
461 0.000000
462 0.000000
463 0.000000
464 0.000000
465 0.000000
466 0.000247
467 1.000000
468 0.242670
469 0.000336
470 0.000000
471 0.000000
472 0.000000
473 0.000001
474 0.000002
475 0.000005
476 0.000717
477 0.000615
478 0.000110
479 0.000000
480 0.000000
481 0.000000
482 0.000000
483 0.000000
484 0.000000
485 0.000000
486 0.000000
487 0.000000
488 0.000000
489 0.000000
490 0.000000
491 0.000000
492 0.000000
493 0.000000
494 0.000003
495 0.000071
496 0.048412
497 0.001760
498 0.000005
499 0.000000
500 0.000000
501 0.000000
502 0.000010
503 0.000023
504 0.001043
505 0.000818
506 0.000014
507 0.000000
508 0.000000
509 0.000000
510 0.000000
511 0.000000
512 0.000000
513 0.000000
514 0.000000
515 0.000000
516 0.000000
517 0.000000
518 0.000000
519 0.000000
520 0.000000
521 0.000000
522 0.000000
523 0.000000
524 0.000001
525 0.001499
526 0.000157
527 0.000002
528 0.000000
529 0.000002
530 0.000114
531 0.000211
532 0.000993
533 0.000920
534 0.000004
535 0.000000
536 0.000000
537 0.000000
538 0.000000
539 0.000000
540 0.000000
541 0.000000
542 0.000001
543 0.000007
544 0.000000
545 0.000000
546 0.000000
547 0.000000
548 0.000000
549 0.000000
550 0.000000
551 0.000000
552 0.000000
553 0.000007
554 0.005112
555 0.000761
556 0.000004
557 0.000069
558 0.000997
559 0.000533
560 0.001166
561 0.001123
562 0.000004
563 0.000000
564 0.000000
565 0.000000
566 0.000000
567 0.000000
568 0.000001
569 0.000066
570 1.000000
571 0.000212
572 0.000000
573 0.000000
574 0.000000
575 0.000000
576 0.000000
577 0.000000
578 0.000000
579 0.000000
580 0.000000
581 0.000001
582 0.000513
583 0.008710
584 0.003566
585 0.008092
586 0.003458
587 0.001702
588 0.001367
589 0.001166
590 0.000045
591 0.000000
592 0.000000
593 0.000000
594 0.000000
595 0.000001
596 0.000133
597 0.001273
598 0.000512
599 0.000006
600 0.000000
601 0.000000
602 0.000000
603 0.000000
604 0.000000
605 0.000000
606 0.000000
607 0.000000
608 0.000000
609 0.000000
610 0.000011
611 0.001779
612 0.004329
613 0.010000
614 0.010000
615 0.005482
616 0.001469
617 0.001367
618 0.001166
619 0.000082
620 0.000001
621 0.000001
622 0.000006
623 0.000132
624 0.000073
625 0.000017
626 0.000003
627 0.000001
628 0.000000
629 0.000000
630 0.000000
631 0.000000
632 0.000000
633 0.000000
634 0.000000
635 0.000000
636 0.000000
637 0.000000
638 0.000007
639 0.000600
640 0.001582
641 0.004453
642 0.000000
643 0.000000
644 0.001523
645 0.001469
646 0.001417
647 0.001210
648 0.000703
649 0.000129
650 0.000080
651 0.000006
652 0.000002
653 0.000006
654 0.000011
655 0.000014
656 0.000007
657 0.000008
658 0.000002
659 0.000003
660 0.000007
661 0.000007
662 0.000002
663 0.000001
664 0.000001
665 0.000007
666 0.000169
667 0.000269
668 0.000654
669 0.000000
670 0.000000
671 0.000000
672 0.000000
673 0.001523
674 0.001469
675 0.001257
676 0.001547
677 0.002540
678 0.000099
679 0.000038
680 0.000300
681 0.000904
682 0.006805
683 0.000669
684 0.000269
685 0.000031
686 0.000010
687 0.000017
688 0.000062
689 0.000098
690 0.000031
691 0.000016
692 0.000028
693 0.000160
694 0.000179
695 0.000231
696 0.000000
697 0.000000
698 0.000000
699 0.000000
700 0.000000
701 0.000000
702 0.001523
703 0.001469
704 0.002672
705 0.005322
706 0.010000
707 0.019499
708 0.016054
709 0.007129
710 0.001036
711 0.000694
712 0.000668
713 0.000092
714 0.000053
715 0.000050
716 0.000080
717 0.000085
718 0.000117
719 0.000124
720 0.000131
721 0.000169
722 0.000218
723 0.000000
724 0.000000
725 0.000000
726 0.000000
727 0.000000
728 0.000000
729 0.000000
730 0.000000
731 0.000000
732 0.004729
733 0.010000
734 0.010000
735 0.014433
736 0.006522
737 0.002080
738 0.000885
739 0.000852
740 0.000823
741 0.000524
742 0.000196
743 0.000184
744 0.000104
745 0.000110
746 0.000124
747 0.000160
748 0.000169
749 0.000218
750 0.000000
751 0.000000
752 0.000000
753 0.000000
754 0.000000
755 0.000000
756 0.000000
757 0.000000
758 0.000000
759 0.000000
760 0.000000
761 0.010000
762 0.015080
763 0.007002
764 0.003829
765 0.001128
766 0.001082
767 0.001043
768 0.000863
769 0.001917
770 0.000934
771 0.000379
772 0.000110
773 0.000142
774 0.000124
775 0.000140
776 0.000179
777 0.000000
778 0.000073
779 0.000064
780 0.000007
781 0.000000
782 0.000000
783 0.000000
