0 0.005375
1 0.004025
2 0.003773
3 0.006297
4 0.009093
5 0.012730
6 0.010978
7 0.009258
8 0.002830
9 0.000462
10 0.000218
11 0.000145
12 0.000152
13 0.000181
14 0.000354
15 0.001112
16 0.002364
17 0.004716
18 0.008978
19 0.011092
20 0.010212
21 0.009200
22 0.009773
23 0.009025
24 0.007486
25 0.007506
26 0.009193
27 0.010394
28 0.007303
29 0.005522
30 0.003493
31 0.003579
32 0.006966
33 0.010273
34 0.013898
35 0.006699
36 0.001570
37 0.000407
38 0.000234
39 0.000143
40 0.000115
41 0.000133
42 0.000316
43 0.001257
44 0.004109
45 0.008386
46 0.008930
47 0.007805
48 0.009345
49 0.009071
50 0.000005
51 0.000000
52 0.007506
53 0.009193
54 0.010036
55 0.009486
56 0.010249
57 0.007834
58 0.006425
59 0.003276
60 0.003285
61 0.007046
62 0.010538
63 0.005468
64 0.000908
65 0.000389
66 0.000349
67 0.000172
68 0.000086
69 0.000118
70 0.000312
71 0.001422
72 0.007296
73 0.009606
74 0.006520
75 0.007491
76 0.000042
77 0.000000
78 0.000000
79 0.000000
80 0.000000
81 0.010036
82 0.009486
83 0.007916
84 0.011442
85 0.011084
86 0.008308
87 0.006266
88 0.002688
89 0.003298
90 0.006829
91 0.002205
92 0.000761
93 0.000369
94 0.000387
95 0.000222
96 0.000130
97 0.000186
98 0.000441
99 0.001697
100 0.005399
101 0.004208
102 0.000050
103 0.000001
104 0.000000
105 0.000000
106 0.000000
107 0.000000
108 0.000000
109 0.009048
110 0.007916
111 0.006096
112 0.013131
113 0.012342
114 0.012741
115 0.009061
116 0.000000
117 0.000000
118 0.000000
119 0.000001
120 0.000004
121 0.000211
122 0.000369
123 0.000339
124 0.000378
125 0.000511
126 0.000943
127 0.000206
128 0.000026
129 0.000002
130 0.000000
131 0.000000
132 0.000000
133 0.000000
134 0.000000
135 0.000000
136 0.009048
137 0.007553
138 0.006020
139 0.006486
140 0.015029
141 0.013876
142 0.013478
143 0.016084
144 0.000000
145 0.000000
146 0.000000
147 0.000001
148 0.000000
149 0.000000
150 0.000000
151 0.000001
152 0.000025
153 0.000021
154 0.000016
155 0.000001
156 0.000000
157 0.000000
158 0.000000
159 0.000000
160 0.000001
161 0.000000
162 0.000000
163 0.000010
164 0.007238
165 0.005946
166 0.006405
167 0.007107
168 0.011011
169 0.014819
170 0.014662
171 0.011981
172 0.000025
173 0.000000
174 0.000001
175 0.000000
176 0.000006
177 0.000001
178 0.000000
179 0.000000
180 0.000000
181 0.000000
182 0.000000
183 0.000000
184 0.000000
185 0.000000
186 0.000000
187 0.000012
188 0.000002
189 0.000000
190 0.000001
191 0.004697
192 0.005778
193 0.006325
194 0.007266
195 0.008565
196 0.006185
197 0.009292
198 0.014251
199 0.014622
200 0.009985
201 0.000004
202 0.000000
203 0.000000
204 0.000000
205 0.000001
206 0.000009
207 0.000001
208 0.000000
209 0.000000
210 0.000000
211 0.000000
212 0.000000
213 0.000000
214 0.000001
215 0.000001
216 0.000000
217 0.000000
218 0.000007
219 0.003354
220 0.006843
221 0.007865
222 0.008872
223 0.008986
224 0.003398
225 0.004599
226 0.006890
227 0.013334
228 0.014455
229 0.000036
230 0.000000
231 0.000000
232 0.000000
233 0.000000
234 0.000000
235 0.000067
236 0.000037
237 0.000001
238 0.000000
239 0.000000
240 0.000000
241 0.000001
242 0.000001
243 0.000000
244 0.000000
245 0.000000
246 0.000044
247 0.000587
248 0.001135
249 0.001848
250 0.002072
251 0.001986
252 0.003072
253 0.002551
254 0.003321
255 0.004112
256 0.002704
257 0.000110
258 0.000000
259 0.000000
260 0.000000
261 0.000000
262 0.000000
263 0.000006
264 0.000048
265 0.000212
266 0.000118
267 0.000144
268 0.000178
269 0.000007
270 0.000000
271 0.000000
272 0.000000
273 0.000002
274 0.000284
275 0.000202
276 0.000282
277 0.000262
278 0.000256
279 0.000254
280 0.005037
281 0.001660
282 0.000663
283 0.000383
284 0.000414
285 0.000011
286 0.000000
287 0.000000
288 0.000000
289 0.000000
290 0.000000
291 0.000000
292 0.000003
293 0.000340
294 0.017467
295 1.000000
296 0.000739
297 0.000003
298 0.000000
299 0.000000
300 0.000001
301 0.000252
302 0.001554
303 0.001173
304 0.000479
305 0.000219
306 0.000083
307 0.000070
308 0.002671
309 0.001217
310 0.000456
311 0.000165
312 0.000022
313 0.000001
314 0.000000
315 0.000000
316 0.000000
317 0.000001
318 0.000052
319 0.000004
320 0.000001
321 0.000061
322 0.002772
323 0.050026
324 0.002531
325 0.000003
326 0.000000
327 0.000000
328 0.000006
329 0.999989
330 0.003757
331 0.001615
332 0.000869
333 0.000370
334 0.000251
335 0.000236
336 0.001631
337 0.001182
338 0.000705
339 0.000321
340 0.000007
341 0.000000
342 0.000000
343 0.000000
344 0.000000
345 0.000002
346 0.000733
347 0.000867
348 0.000062
349 0.000013
350 0.000156
351 0.001413
352 0.000627
353 0.000009
354 0.000000
355 0.000000
356 0.000007
357 0.000508
358 0.000646
359 0.000512
360 0.000915
361 0.000965
362 0.000828
363 0.000549
364 0.001196
365 0.001398
366 0.000874
367 0.000605
368 0.000003
369 0.000000
370 0.000000
371 0.000000
372 0.000002
373 0.000010
374 0.000110
375 0.011090
376 0.006394
377 0.000134
378 0.000011
379 0.000006
380 0.000007
381 0.000006
382 0.000002
383 0.000001
384 0.000005
385 0.000027
386 0.000085
387 0.000171
388 0.000486
389 0.000760
390 0.000831
391 0.001455
392 0.000441
393 0.000419
394 0.000412
395 0.000119
396 0.000001
397 0.000000
398 0.000000
399 0.000051
400 0.000227
401 0.000026
402 0.000016
403 0.001209
404 0.028888
405 0.003441
406 0.000043
407 0.000000
408 0.000000
409 0.000000
410 0.000002
411 0.000005
412 0.000005
413 0.000001
414 0.000011
415 0.000048
416 0.000233
417 0.000727
418 0.000795
419 0.000831
420 0.000144
421 0.000157
422 0.000180
423 0.000010
424 0.000000
425 0.000000
426 0.000032
427 0.003885
428 0.013714
429 0.000048
430 0.000006
431 0.000023
432 0.000889
433 0.999999
434 0.000167
435 0.000001
436 0.000000
437 0.000000
438 0.000000
439 0.000009
440 0.000003
441 0.000002
442 0.000005
443 0.000013
444 0.000090
445 0.000597
446 0.000727
447 0.000795
448 0.000176
449 0.000096
450 0.000073
451 0.000001
452 0.000000
453 0.000001
454 0.000193
455 0.489676
456 0.999064
457 0.000849
458 0.000015
459 0.000003
460 0.000016
461 0.000052
462 0.000045
463 0.000001
464 0.000000
465 0.000000
466 0.000000
467 0.000001
468 0.000002
469 0.000001
470 0.000002
471 0.000012
472 0.000063
473 0.000311
474 0.000621
475 0.000952
476 0.000465
477 0.000268
478 0.000055
479 0.000000
480 0.000000
481 0.000009
482 0.000735
483 0.001969
484 0.001963
485 0.001167
486 0.000059
487 0.000002
488 0.000001
489 0.000000
490 0.000000
491 0.000000
492 0.000000
493 0.000000
494 0.000000
495 0.000000
496 0.000000
497 0.000001
498 0.000000
499 0.000003
500 0.000093
501 0.000558
502 0.001618
503 0.002820
504 0.001556
505 0.001047
506 0.000087
507 0.000001
508 0.000001
509 0.000105
510 0.000815
511 0.000089
512 0.000045
513 0.000078
514 0.000006
515 0.000001
516 0.000000
517 0.000000
518 0.000000
519 0.000000
520 0.000000
521 0.000000
522 0.000000
523 0.000000
524 0.000000
525 0.000000
526 0.000000
527 0.000002
528 0.000027
529 0.001433
530 0.018424
531 0.015129
532 0.001852
533 0.003242
534 0.000130
535 0.000004
536 0.000103
537 0.001779
538 0.000371
539 0.000050
540 0.000011
541 0.000001
542 0.000000
543 0.000000
544 0.000000
545 0.000000
546 0.000000
547 0.000000
548 0.000000
549 0.000000
550 0.000000
551 0.000000
552 0.000000
553 0.000000
554 0.000000
555 0.000002
556 0.000060
557 0.001149
558 0.046111
559 0.047298
560 0.004274
561 0.006798
562 0.000232
563 0.000027
564 0.000545
565 0.006772
566 0.000559
567 0.000109
568 0.000006
569 0.000001
570 0.000000
571 0.000000
572 0.000000
573 0.000000
574 0.000000
575 0.000000
576 0.000000
577 0.000000
578 0.000001
579 0.000001
580 0.000001
581 0.000001
582 0.000001
583 0.000002
584 0.000064
585 0.009038
586 0.022822
587 0.038694
588 0.007671
589 0.011343
590 0.001213
591 0.000225
592 0.001528
593 0.000473
594 0.000151
595 0.000021
596 0.000009
597 0.000002
598 0.000000
599 0.000000
600 0.000000
601 0.000000
602 0.000000
603 0.000000
604 0.000000
605 0.000001
606 0.000004
607 0.000007
608 0.000006
609 0.000004
610 0.000004
611 0.000036
612 0.000964
613 0.001971
614 0.006774
615 0.019536
616 0.011079
617 0.010000
618 0.010000
619 0.001955
620 0.000292
621 0.000068
622 0.000016
623 0.000005
624 0.000003
625 0.000001
626 0.000000
627 0.000000
628 0.000000
629 0.000000
630 0.000000
631 0.000000
632 0.000001
633 0.000002
634 0.000006
635 0.000008
636 0.000011
637 0.000014
638 0.000113
639 0.001262
640 0.000977
641 0.001144
642 0.000000
643 0.000000
644 0.010000
645 0.010000
646 0.010000
647 0.010000
648 0.005069
649 0.000102
650 0.000017
651 0.000006
652 0.000004
653 0.000005
654 0.000008
655 0.000030
656 0.000045
657 0.000052
658 0.000024
659 0.000016
660 0.000021
661 0.000018
662 0.000017
663 0.000023
664 0.000045
665 0.000558
666 0.004401
667 0.002556
668 0.001541
669 0.000000
670 0.000000
671 0.000000
672 0.000000
673 0.010000
674 0.010000
675 0.010000
676 0.010000
677 0.010000
678 0.000376
679 0.000207
680 0.000181
681 0.000317
682 0.001059
683 0.001033
684 0.000462
685 0.000133
686 0.000077
687 0.000161
688 0.000460
689 0.001137
690 0.000740
691 0.001034
692 0.002945
693 0.010000
694 0.007724
695 0.004537
696 0.000000
697 0.000000
698 0.000000
699 0.000000
700 0.000000
701 0.000000
702 0.010000
703 0.010000
704 0.010000
705 0.010000
706 0.010000
707 0.005380
708 0.002822
709 0.001329
710 0.001137
711 0.001068
712 0.001081
713 0.000276
714 0.000277
715 0.000383
716 0.000541
717 0.000666
718 0.001665
719 0.003527
720 0.007435
721 0.010000
722 0.010000
723 0.000000
724 0.000000
725 0.000000
726 0.000000
727 0.000000
728 0.000000
729 0.000000
730 0.000000
731 0.000000
732 0.010000
733 0.010000
734 0.006978
735 0.003821
736 0.001859
737 0.001429
738 0.001329
739 0.001292
740 0.001260
741 0.000884
742 0.000706
743 0.000850
744 0.000649
745 0.000677
746 0.000984
747 0.002333
748 0.004868
749 0.010000
750 0.000000
751 0.000000
752 0.000000
753 0.000000
754 0.000000
755 0.000000
756 0.000000
757 0.000000
758 0.000000
759 0.000000
760 0.000000
761 0.008906
762 0.004978
763 0.002476
764 0.001717
765 0.001659
766 0.001603
767 0.001554
768 0.001302
769 0.002582
770 0.002088
771 0.001359
772 0.000680
773 0.000804
774 0.000747
775 0.001382
776 0.002810
777 0.000002
778 0.001146
779 0.000790
780 0.000010
781 0.000000
782 0.000000
783 0.000000
