0 0.009920
1 0.017124
2 0.011389
3 0.006716
4 0.002952
5 0.001566
6 0.001073
7 0.000860
8 0.000040
9 0.000002
10 0.000001
11 0.000001
12 0.000001
13 0.000001
14 0.000001
15 0.000001
16 0.000001
17 0.000001
18 0.000005
19 0.000039
20 0.000149
21 0.000161
22 0.000229
23 0.000248
24 0.000207
25 0.000225
26 0.000314
27 0.000340
28 0.005379
29 0.009920
30 0.016716
31 0.011389
32 0.006055
33 0.002347
34 0.001318
35 0.000377
36 0.000009
37 0.000001
38 0.000001
39 0.000001
40 0.000001
41 0.000001
42 0.000001
43 0.000001
44 0.000001
45 0.000001
46 0.000001
47 0.000017
48 0.000104
49 0.000149
50 0.000000
51 0.000000
52 0.000190
53 0.000268
54 0.000225
55 0.000314
56 0.003490
57 0.005379
58 0.008938
59 0.016716
60 0.011389
61 0.005067
62 0.001903
63 0.000117
64 0.000003
65 0.000001
66 0.000001
67 0.000001
68 0.000000
69 0.000001
70 0.000001
71 0.000001
72 0.000001
73 0.000000
74 0.000001
75 0.000004
76 0.000000
77 0.000000
78 0.000000
79 0.000000
80 0.000000
81 0.000190
82 0.000268
83 0.000627
84 0.002543
85 0.003150
86 0.004854
87 0.009704
88 0.015919
89 0.010271
90 0.005029
91 0.000037
92 0.000001
93 0.000000
94 0.000000
95 0.000000
96 0.000000
97 0.000000
98 0.000000
99 0.000000
100 0.000000
101 0.000000
102 0.000000
103 0.000000
104 0.000000
105 0.000000
106 0.000000
107 0.000000
108 0.000000
109 0.000228
110 0.000553
111 0.001856
112 0.001576
113 0.002056
114 0.002600
115 0.004854
116 0.000000
117 0.000000
118 0.000000
119 0.000000
120 0.000000
121 0.000000
122 0.000000
123 0.000000
124 0.000000
125 0.000000
126 0.000000
127 0.000000
128 0.000000
129 0.000000
130 0.000000
131 0.000000
132 0.000000
133 0.000000
134 0.000000
135 0.000000
136 0.000117
137 0.000484
138 0.001707
139 0.006420
140 0.001113
141 0.001207
142 0.001585
143 0.002137
144 0.000000
145 0.000000
146 0.000000
147 0.000000
148 0.000000
149 0.000000
150 0.000000
151 0.000000
152 0.000000
153 0.000000
154 0.000000
155 0.000000
156 0.000000
157 0.000000
158 0.000000
159 0.000000
160 0.000000
161 0.000000
162 0.000000
163 0.000000
164 0.000553
165 0.001571
166 0.006261
167 0.007593
168 0.000875
169 0.000763
170 0.000948
171 0.001309
172 0.000000
173 0.000000
174 0.000000
175 0.000000
176 0.000000
177 0.000000
178 0.000000
179 0.000000
180 0.000000
181 0.000000
182 0.000000
183 0.000000
184 0.000000
185 0.000000
186 0.000000
187 0.000000
188 0.000000
189 0.000000
190 0.000000
191 0.000011
192 0.001989
193 0.006055
194 0.003576
195 0.001563
196 0.000817
197 0.000717
198 0.000549
199 0.000658
200 0.000000
201 0.000000
202 0.000000
203 0.000000
204 0.000000
205 0.000000
206 0.000000
207 0.000000
208 0.000000
209 0.000000
210 0.000000
211 0.000000
212 0.000000
213 0.000000
214 0.000000
215 0.000000
216 0.000000
217 0.000000
218 0.000000
219 0.000217
220 0.999972
221 0.002720
222 0.000979
223 0.000413
224 0.000805
225 0.000621
226 0.000502
227 0.000442
228 0.000396
229 0.000000
230 0.000000
231 0.000000
232 0.000000
233 0.000000
234 0.000000
235 0.000000
236 0.000000
237 0.000000
238 0.000000
239 0.000000
240 0.000000
241 0.000000
242 0.000000
243 0.000000
244 0.000000
245 0.000000
246 0.000000
247 0.000041
248 0.000017
249 0.000004
250 0.000003
251 0.000005
252 0.000747
253 0.000537
254 0.000500
255 0.000171
256 0.000010
257 0.000000
258 0.000000
259 0.000000
260 0.000000
261 0.000000
262 0.000000
263 0.000000
264 0.000000
265 0.000000
266 0.000000
267 0.000000
268 0.000000
269 0.000000
270 0.000000
271 0.000000
272 0.000000
273 0.000000
274 0.000000
275 0.000000
276 0.000000
277 0.000000
278 0.000000
279 0.000000
280 0.000475
281 0.000073
282 0.000021
283 0.000002
284 0.000001
285 0.000000
286 0.000000
287 0.000000
288 0.000000
289 0.000000
290 0.000000
291 0.000000
292 0.000000
293 0.000000
294 0.000000
295 0.000000
296 0.000000
297 0.000000
298 0.000000
299 0.000000
300 0.000000
301 0.000000
302 0.000000
303 0.000000
304 0.000000
305 0.000000
306 0.000000
307 0.000000
308 0.000032
309 0.000005
310 0.000001
311 0.000000
312 0.000000
313 0.000000
314 0.000000
315 0.000000
316 0.000000
317 0.000000
318 0.000000
319 0.000000
320 0.000000
321 0.000000
322 0.000000
323 0.000000
324 0.000000
325 0.000000
326 0.000000
327 0.000000
328 0.000000
329 0.000000
330 0.000000
331 0.000000
332 0.000000
333 0.000000
334 0.000000
335 0.000000
336 0.000004
337 0.000001
338 0.000001
339 0.000000
340 0.000000
341 0.000000
342 0.000000
343 0.000000
344 0.000000
345 0.000000
346 0.000000
347 0.000000
348 0.000000
349 0.000000
350 0.000000
351 0.000000
352 0.000000
353 0.000000
354 0.000000
355 0.000000
356 0.000000
357 0.000000
358 0.000000
359 0.000000
360 0.000000
361 0.000000
362 0.000000
363 0.000001
364 0.000002
365 0.000002
366 0.000001
367 0.000000
368 0.000000
369 0.000000
370 0.000000
371 0.000000
372 0.000000
373 0.000000
374 0.000000
375 0.000000
376 0.000000
377 0.000000
378 0.000000
379 0.000000
380 0.000000
381 0.000000
382 0.000000
383 0.000000
384 0.000000
385 0.000000
386 0.000000
387 0.000000
388 0.000000
389 0.000001
390 0.000001
391 0.000004
392 0.000001
393 0.000001
394 0.000001
395 0.000000
396 0.000000
397 0.000000
398 0.000000
399 0.000000
400 0.000000
401 0.000000
402 0.000000
403 0.000000
404 0.000000
405 0.000000
406 0.000000
407 0.000000
408 0.000000
409 0.000000
410 0.000000
411 0.000000
412 0.000000
413 0.000000
414 0.000000
415 0.000000
416 0.000000
417 0.000002
418 0.000006
419 0.000004
420 0.000001
421 0.000000
422 0.000000
423 0.000000
424 0.000000
425 0.000000
426 0.000000
427 0.000000
428 0.000000
429 0.000000
430 0.000000
431 0.000000
432 0.000000
433 0.000000
434 0.000000
435 0.000000
436 0.000000
437 0.000000
438 0.000000
439 0.000000
440 0.000000
441 0.000000
442 0.000000
443 0.000000
444 0.000000
445 0.000002
446 0.000001
447 0.000000
448 0.000001
449 0.000001
450 0.000000
451 0.000000
452 0.000000
453 0.000000
454 0.000000
455 0.000000
456 0.000000
457 0.000000
458 0.000000
459 0.000000
460 0.000000
461 0.000000
462 0.000000
463 0.000000
464 0.000000
465 0.000000
466 0.000005
467 0.000000
468 0.000000
469 0.000000
470 0.000000
471 0.000000
472 0.000000
473 0.000000
474 0.000000
475 0.000000
476 0.000008
477 0.000003
478 0.000000
479 0.000000
480 0.000000
481 0.000000
482 0.000000
483 0.000000
484 0.000000
485 0.000000
486 0.000000
487 0.000000
488 0.000000
489 0.000000
490 0.000000
491 0.000000
492 0.000000
493 0.000000
494 1.000000
495 0.265353
496 0.000015
497 0.000000
498 0.000000
499 0.000000
500 0.000000
501 0.000000
502 0.000000
503 0.000000
504 0.000088
505 0.000031
506 0.000000
507 0.000000
508 0.000000
509 0.000000
510 0.000000
511 0.000000
512 0.000000
513 0.000000
514 0.000000
515 0.000000
516 0.000000
517 0.000000
518 0.000000
519 0.000000
520 0.000000
521 0.000000
522 0.000001
523 0.006847
524 0.000344
525 0.000000
526 0.000000
527 0.000000
528 0.000000
529 0.000000
530 0.000001
531 0.000003
532 0.000080
533 0.000068
534 0.000000
535 0.000000
536 0.000000
537 0.000000
538 0.000000
539 0.000000
540 0.000000
541 0.000000
542 0.000000
543 0.000000
544 0.000000
545 0.000000
546 0.000000
547 0.000000
548 0.000000
549 0.000000
550 0.000000
551 0.000000
552 0.000073
553 0.000073
554 0.000000
555 0.000000
556 0.000000
557 0.000000
558 0.000003
559 0.000003
560 0.000111
561 0.000103
562 0.000000
563 0.000000
564 0.000000
565 0.000000
566 0.000000
567 0.000000
568 0.000000
569 0.000000
570 0.000000
571 0.000000
572 0.000000
573 0.000000
574 0.000000
575 0.000000
576 0.000000
577 0.000000
578 0.000000
579 0.000000
580 0.000000
581 0.010071
582 0.007984
583 0.000019
584 0.000000
585 0.000055
586 0.000012
587 0.000005
588 0.000155
589 0.000111
590 0.000001
591 0.000000
592 0.000000
593 0.000000
594 0.000000
595 0.000000
596 0.000000
597 0.000000
598 0.000000
599 0.000000
600 0.000000
601 0.000000
602 0.000000
603 0.000000
604 0.000000
605 0.000000
606 0.000000
607 0.000000
608 0.000000
609 0.000000
610 0.019154
611 0.083111
612 0.003155
613 0.000357
614 0.000091
615 0.000028
616 0.000180
617 0.000155
618 0.000111
619 0.000002
620 0.000000
621 0.000000
622 0.000000
623 0.000000
624 0.000000
625 0.000000
626 0.000000
627 0.000000
628 0.000000
629 0.000000
630 0.000000
631 0.000000
632 0.000000
633 0.000000
634 0.000000
635 0.000000
636 0.000000
637 0.000000
638 0.000007
639 0.010000
640 0.011722
641 0.005026
642 0.000000
643 0.000000
644 0.000194
645 0.000180
646 0.000167
647 0.000120
648 0.000021
649 0.000000
650 0.000000
651 0.000000
652 0.000000
653 0.000000
654 0.000000
655 0.000000
656 0.000000
657 0.000000
658 0.000000
659 0.000000
660 0.000000
661 0.000000
662 0.000000
663 0.000000
664 0.000000
665 0.000000
666 0.000096
667 0.001494
668 0.010000
669 0.000000
670 0.000000
671 0.000000
672 0.000000
673 0.000194
674 0.000180
675 0.000130
676 0.000155
677 0.000111
678 0.000000
679 0.000000
680 0.000000
681 0.000001
682 0.000001
683 0.000000
684 0.000000
685 0.000000
686 0.000000
687 0.000000
688 0.000001
689 0.000001
690 0.000000
691 0.000000
692 0.000000
693 0.000003
694 0.000017
695 0.000179
696 0.000000
697 0.000000
698 0.000000
699 0.000000
700 0.000000
701 0.000000
702 0.000194
703 0.000180
704 0.000167
705 0.000155
706 0.000111
707 0.000103
708 0.000088
709 0.000063
710 0.000004
711 0.000000
712 0.000000
713 0.000000
714 0.000000
715 0.000001
716 0.000001
717 0.000001
718 0.000001
719 0.000001
720 0.000002
721 0.000002
722 0.000005
723 0.000000
724 0.000000
725 0.000000
726 0.000000
727 0.000000
728 0.000000
729 0.000000
730 0.000000
731 0.000000
732 0.000180
733 0.000167
734 0.000120
735 0.000111
736 0.000103
737 0.000074
738 0.000063
739 0.000000
740 0.000000
741 0.000000
742 0.000001
743 0.000001
744 0.000001
745 0.000001
746 0.000001
747 0.000002
748 0.000002
749 0.000004
750 0.000000
751 0.000000
752 0.000000
753 0.000000
754 0.000000
755 0.000000
756 0.000000
757 0.000000
758 0.000000
759 0.000000
760 0.000000
761 0.000180
762 0.000167
763 0.000120
764 0.000111
765 0.000103
766 0.000095
767 0.000003
768 0.000000
769 0.000000
770 0.000001
771 0.000001
772 0.000001
773 0.000002
774 0.000001
775 0.000002
776 0.000003
777 0.000000
778 0.000000
779 0.000000
780 0.000000
781 0.000000
782 0.000000
783 0.000000
