0 0.005729
1 0.003984
2 0.004125
3 0.005545
4 0.006936
5 0.008869
6 0.008869
7 0.008044
8 0.001176
9 0.000134
10 0.000074
11 0.000069
12 0.000074
13 0.000077
14 0.000092
15 0.000197
16 0.000487
17 0.000869
18 0.002600
19 0.006677
20 0.009176
21 0.006220
22 0.004980
23 0.004998
24 0.005990
25 0.006523
26 0.006738
27 0.006549
28 0.007316
29 0.005950
30 0.003440
31 0.003893
32 0.005304
33 0.007445
34 0.008869
35 0.005840
36 0.000733
37 0.000102
38 0.000059
39 0.000052
40 0.000054
41 0.000068
42 0.000062
43 0.000124
44 0.000365
45 0.001825
46 0.004577
47 0.007954
48 0.006315
49 0.004977
50 0.000002
51 0.000000
52 0.006523
53 0.006738
54 0.006162
55 0.004431
56 0.010490
57 0.007668
58 0.006047
59 0.003213
60 0.003587
61 0.005031
62 0.007356
63 0.002709
64 0.000449
65 0.000108
66 0.000083
67 0.000042
68 0.000035
69 0.000041
70 0.000050
71 0.000102
72 0.000532
73 0.003253
74 0.005472
75 0.005453
76 0.000023
77 0.000000
78 0.000000
79 0.000000
80 0.000000
81 0.006162
82 0.004326
83 0.003424
84 0.009990
85 0.011110
86 0.007931
87 0.005570
88 0.002628
89 0.003388
90 0.004859
91 0.001010
92 0.000209
93 0.000142
94 0.000082
95 0.000048
96 0.000028
97 0.000037
98 0.000064
99 0.000107
100 0.000620
101 0.001466
102 0.000031
103 0.000000
104 0.000000
105 0.000000
106 0.000000
107 0.000000
108 0.000002
109 0.003607
110 0.003292
111 0.003633
112 0.011656
113 0.010260
114 0.011943
115 0.008199
116 0.000000
117 0.000000
118 0.000000
119 0.000001
120 0.000001
121 0.000051
122 0.000125
123 0.000069
124 0.000042
125 0.000045
126 0.000091
127 0.000033
128 0.000005
129 0.000001
130 0.000000
131 0.000000
132 0.000000
133 0.000000
134 0.000001
135 0.000001
136 0.003556
137 0.003156
138 0.003467
139 0.005222
140 0.012349
141 0.011785
142 0.010539
143 0.014105
144 0.000000
145 0.000000
146 0.000000
147 0.000000
148 0.000000
149 0.000000
150 0.000000
151 0.000001
152 0.000002
153 0.000001
154 0.000002
155 0.000000
156 0.000000
157 0.000000
158 0.000000
159 0.000001
160 0.000003
161 0.000002
162 0.000001
163 0.000035
164 0.003165
165 0.003338
166 0.005016
167 0.008067
168 0.008485
169 0.012384
170 0.012137
171 0.010892
172 0.000007
173 0.000000
174 0.000000
175 0.000000
176 0.000000
177 0.000000
178 0.000000
179 0.000000
180 0.000000
181 0.000000
182 0.000000
183 0.000000
184 0.000000
185 0.000000
186 0.000000
187 0.000035
188 0.000008
189 0.000001
190 0.000001
191 0.003165
192 0.003343
193 0.004762
194 0.007936
195 0.006976
196 0.005180
197 0.007216
198 0.011051
199 0.012222
200 0.008787
201 0.000002
202 0.000000
203 0.000000
204 0.000000
205 0.000000
206 0.000000
207 0.000000
208 0.000000
209 0.000000
210 0.000000
211 0.000000
212 0.000000
213 0.000000
214 0.000001
215 0.000001
216 0.000000
217 0.000000
218 0.000036
219 0.001868
220 0.005870
221 0.008406
222 0.006059
223 0.003824
224 0.002909
225 0.003968
226 0.005600
227 0.009520
228 0.012250
229 0.000007
230 0.000000
231 0.000000
232 0.000000
233 0.000000
234 0.000000
235 0.000000
236 0.000000
237 0.000000
238 0.000000
239 0.000000
240 0.000001
241 0.000004
242 0.000001
243 0.000000
244 0.000000
245 0.000000
246 0.000210
247 0.000770
248 0.001208
249 0.000919
250 0.000837
251 0.000726
252 0.003136
253 0.002137
254 0.002850
255 0.003339
256 0.001941
257 0.000030
258 0.000000
259 0.000000
260 0.000000
261 0.000000
262 0.000000
263 0.000000
264 0.000001
265 0.000001
266 0.000005
267 0.000004
268 0.000011
269 0.000003
270 0.000000
271 0.000000
272 0.000000
273 0.000043
274 0.001152
275 0.000589
276 0.000284
277 0.000147
278 0.000114
279 0.000118
280 0.004942
281 0.001685
282 0.000676
283 0.000294
284 0.000276
285 0.000003
286 0.000000
287 0.000000
288 0.000000
289 0.000000
290 0.000000
291 0.000000
292 0.000000
293 0.000093
294 0.001231
295 0.001774
296 0.000018
297 0.000000
298 0.000000
299 0.000000
300 0.000003
301 0.999999
302 0.002702
303 0.001136
304 0.000442
305 0.000172
306 0.000115
307 0.000114
308 0.002715
309 0.001103
310 0.000375
311 0.000137
312 0.000010
313 0.000000
314 0.000000
315 0.000000
316 0.000000
317 0.000000
318 0.000001
319 0.000001
320 0.000001
321 0.000014
322 0.002359
323 0.999999
324 0.000036
325 0.000000
326 0.000000
327 0.000000
328 0.000004
329 0.000228
330 0.000365
331 0.000558
332 0.000452
333 0.000379
334 0.000339
335 0.000361
336 0.001360
337 0.000950
338 0.000570
339 0.000257
340 0.000003
341 0.000000
342 0.000000
343 0.000000
344 0.000000
345 0.000000
346 0.000058
347 0.000133
348 0.000018
349 0.000014
350 0.000033
351 0.000065
352 0.000049
353 0.000000
354 0.000000
355 0.000000
356 0.000001
357 0.000005
358 0.000016
359 0.000040
360 0.000145
361 0.000314
362 0.000521
363 0.000549
364 0.003113
365 0.002124
366 0.000799
367 0.000620
368 0.000001
369 0.000000
370 0.000000
371 0.000000
372 0.000000
373 0.000000
374 0.000019
375 0.003400
376 0.001283
377 0.000056
378 0.000001
379 0.000000
380 0.000001
381 0.000001
382 0.000000
383 0.000000
384 0.000000
385 0.000001
386 0.000002
387 0.000009
388 0.000039
389 0.000097
390 0.000172
391 0.000369
392 0.002722
393 0.002704
394 0.001780
395 0.000176
396 0.000000
397 0.000000
398 0.000000
399 0.000000
400 0.000000
401 0.000001
402 0.000011
403 0.000363
404 0.999999
405 0.000343
406 0.000002
407 0.000000
408 0.000000
409 0.000000
410 0.000000
411 0.000001
412 0.000000
413 0.000000
414 0.000001
415 0.000004
416 0.000016
417 0.000047
418 0.000062
419 0.000103
420 0.000450
421 0.001065
422 0.001241
423 0.000028
424 0.000000
425 0.000000
426 0.000000
427 0.000019
428 0.000185
429 0.000015
430 0.000001
431 0.000012
432 0.000117
433 0.000200
434 0.000003
435 0.000000
436 0.000000
437 0.000000
438 0.000000
439 0.000001
440 0.000000
441 0.000000
442 0.000001
443 0.000002
444 0.000012
445 0.000062
446 0.000054
447 0.000059
448 0.000187
449 0.000166
450 0.000228
451 0.000002
452 0.000000
453 0.000000
454 0.000006
455 0.002952
456 0.999998
457 0.000103
458 0.000003
459 0.000000
460 0.000001
461 0.000001
462 0.000001
463 0.000000
464 0.000000
465 0.000000
466 0.000000
467 0.000000
468 0.000000
469 0.000000
470 0.000000
471 0.000001
472 0.000012
473 0.000083
474 0.000102
475 0.000119
476 0.000468
477 0.000268
478 0.000041
479 0.000000
480 0.000000
481 0.000000
482 0.000060
483 0.139124
484 0.037315
485 0.000810
486 0.000004
487 0.000000
488 0.000000
489 0.000000
490 0.000000
491 0.000000
492 0.000000
493 0.000000
494 0.000000
495 0.000000
496 0.000000
497 0.000000
498 0.000000
499 0.000000
500 0.000006
501 0.000109
502 0.000817
503 0.001089
504 0.001587
505 0.000956
506 0.000019
507 0.000000
508 0.000000
509 0.000002
510 0.000993
511 0.005406
512 0.001559
513 0.000053
514 0.000003
515 0.000000
516 0.000000
517 0.000000
518 0.000000
519 0.000000
520 0.000000
521 0.000000
522 0.000000
523 0.000000
524 0.000000
525 0.000000
526 0.000000
527 0.000000
528 0.000006
529 0.000191
530 0.004389
531 0.010001
532 0.001518
533 0.001592
534 0.000021
535 0.000000
536 0.000002
537 0.000327
538 0.002686
539 0.000153
540 0.000003
541 0.000001
542 0.000000
543 0.000000
544 0.000000
545 0.000000
546 0.000000
547 0.000000
548 0.000000
549 0.000000
550 0.000000
551 0.000000
552 0.000000
553 0.000000
554 0.000001
555 0.000001
556 0.000024
557 0.000360
558 0.010001
559 0.010001
560 0.002191
561 0.003371
562 0.000039
563 0.000002
564 0.000103
565 0.028595
566 0.001763
567 0.000013
568 0.000000
569 0.000000
570 0.000000
571 0.000000
572 0.000000
573 0.000000
574 0.000000
575 0.000000
576 0.000000
577 0.000000
578 0.000000
579 0.000001
580 0.000001
581 0.000003
582 0.000004
583 0.000006
584 0.000072
585 0.004250
586 0.007291
587 0.010001
588 0.003936
589 0.006171
590 0.000652
591 0.000078
592 0.004448
593 0.001775
594 0.000019
595 0.000001
596 0.000000
597 0.000000
598 0.000000
599 0.000000
600 0.000000
601 0.000000
602 0.000000
603 0.000000
604 0.000001
605 0.000003
606 0.000005
607 0.000008
608 0.000007
609 0.000006
610 0.000007
611 0.000041
612 0.001462
613 0.002515
614 0.004332
615 0.006491
616 0.007108
617 0.010000
618 0.010000
619 0.007397
620 0.003467
621 0.000039
622 0.000001
623 0.000000
624 0.000000
625 0.000000
626 0.000000
627 0.000000
628 0.000000
629 0.000000
630 0.000000
631 0.000001
632 0.000006
633 0.000006
634 0.000016
635 0.000017
636 0.000014
637 0.000020
638 0.000158
639 0.001789
640 0.001099
641 0.001569
642 0.000000
643 0.000000
644 0.010000
645 0.010000
646 0.010000
647 0.010000
648 0.006642
649 0.000028
650 0.000003
651 0.000001
652 0.000000
653 0.000000
654 0.000002
655 0.000011
656 0.000021
657 0.000068
658 0.000105
659 0.000081
660 0.000037
661 0.000028
662 0.000051
663 0.000040
664 0.000047
665 0.000731
666 0.005880
667 0.003514
668 0.002146
669 0.000000
670 0.000000
671 0.000000
672 0.000000
673 0.010000
674 0.010000
675 0.010000
676 0.010000
677 0.010000
678 0.000090
679 0.000027
680 0.000028
681 0.000117
682 0.001087
683 0.001047
684 0.000357
685 0.000245
686 0.000246
687 0.000479
688 0.000596
689 0.001629
690 0.001050
691 0.001370
692 0.002961
693 0.010001
694 0.010274
695 0.006000
696 0.000000
697 0.000000
698 0.000000
699 0.000000
700 0.000000
701 0.000000
702 0.010000
703 0.010000
704 0.010000
705 0.007879
706 0.004337
707 0.002127
708 0.001587
709 0.001365
710 0.001170
711 0.001087
712 0.001133
713 0.000728
714 0.000837
715 0.000596
716 0.000620
717 0.000964
718 0.002327
719 0.004798
720 0.010001
721 0.010001
722 0.010001
723 0.000000
724 0.000000
725 0.000000
726 0.000000
727 0.000000
728 0.000000
729 0.000000
730 0.000000
731 0.000000
732 0.008916
733 0.005016
734 0.002813
735 0.001756
736 0.001698
737 0.001465
738 0.001365
739 0.001318
740 0.002357
741 0.002205
742 0.001548
743 0.000712
744 0.000737
745 0.000766
746 0.001391
747 0.003200
748 0.006504
749 0.010001
750 0.000000
751 0.000000
752 0.000000
753 0.000000
754 0.000000
755 0.000000
756 0.000000
757 0.000000
758 0.000000
759 0.000000
760 0.000000
761 0.003668
762 0.002089
763 0.001816
764 0.001756
765 0.001698
766 0.001642
767 0.001783
768 0.003516
769 0.006304
770 0.002469
771 0.001108
772 0.000766
773 0.000907
774 0.000941
775 0.001918
776 0.003798
777 0.000020
778 0.001134
779 0.000783
780 0.000035
781 0.000003
782 0.000000
783 0.000000
