0 0.004910
1 0.004785
2 0.004357
3 0.004544
4 0.004119
5 0.003719
6 0.003501
7 0.003398
8 0.001108
9 0.000318
10 0.000254
11 0.000280
12 0.000401
13 0.000621
14 0.000690
15 0.000785
16 0.000921
17 0.000723
18 0.001137
19 0.002661
20 0.005166
21 0.005627
22 0.005882
23 0.005903
24 0.008946
25 0.010093
26 0.008600
27 0.005485
28 0.005834
29 0.004663
30 0.004236
31 0.004119
32 0.004006
33 0.003788
34 0.003398
35 0.002468
36 0.000557
37 0.000191
38 0.000181
39 0.000191
40 0.000267
41 0.000481
42 0.000638
43 0.000818
44 0.001081
45 0.001372
46 0.001511
47 0.002262
48 0.005388
49 0.005632
50 0.000000
51 0.000000
52 0.010520
53 0.009117
54 0.005009
55 0.003288
56 0.007550
57 0.005617
58 0.004428
59 0.004006
60 0.003788
61 0.003398
62 0.003297
63 0.001333
64 0.000324
65 0.000137
66 0.000168
67 0.000149
68 0.000156
69 0.000272
70 0.000515
71 0.000885
72 0.001293
73 0.002122
74 0.001656
75 0.002037
76 0.000001
77 0.000000
78 0.000000
79 0.000000
80 0.000000
81 0.005313
82 0.003363
83 0.002394
84 0.010000
85 0.007406
86 0.005408
87 0.003788
88 0.003398
89 0.003297
90 0.003106
91 0.000669
92 0.000160
93 0.000116
94 0.000113
95 0.000115
96 0.000117
97 0.000190
98 0.000412
99 0.001004
100 0.001663
101 0.000766
102 0.000001
103 0.000000
104 0.000000
105 0.000000
106 0.000000
107 0.000000
108 0.000000
109 0.003027
110 0.002296
111 0.002524
112 0.010000
113 0.010000
114 0.007196
115 0.005110
116 0.000000
117 0.000000
118 0.000000
119 0.000000
120 0.000000
121 0.000028
122 0.000101
123 0.000102
124 0.000108
125 0.000131
126 0.000358
127 0.000025
128 0.000001
129 0.000000
130 0.000000
131 0.000000
132 0.000000
133 0.000000
134 0.000000
135 0.000000
136 0.003299
137 0.001937
138 0.002109
139 0.002473
140 0.010000
141 0.010000
142 0.010000
143 0.007697
144 0.000000
145 0.000000
146 0.000000
147 0.000000
148 0.000000
149 0.000000
150 0.000000
151 0.000000
152 0.000000
153 0.000000
154 0.000000
155 0.000000
156 0.000000
157 0.000000
158 0.000000
159 0.000000
160 0.000000
161 0.000000
162 0.000000
163 0.000000
164 0.001942
165 0.001748
166 0.002062
167 0.002136
168 0.011870
169 0.010542
170 0.010000
171 0.010000
172 0.000000
173 0.000000
174 0.000000
175 0.000000
176 0.000000
177 0.000000
178 0.000000
179 0.000000
180 0.000000
181 0.000000
182 0.000000
183 0.000000
184 0.000000
185 0.000000
186 0.000000
187 0.000000
188 0.000000
189 0.000000
190 0.000000
191 0.000009
192 0.001608
193 0.001642
194 0.001705
195 0.002307
196 0.012768
197 0.011940
198 0.011483
199 0.010000
200 0.000078
201 0.000000
202 0.000000
203 0.000000
204 0.000000
205 0.000000
206 0.000000
207 0.000000
208 0.000000
209 0.000000
210 0.000000
211 0.000000
212 0.000000
213 0.000000
214 0.000000
215 0.000000
216 0.000000
217 0.000000
218 0.000000
219 0.000509
220 0.001582
221 0.001642
222 0.002181
223 0.003473
224 0.009120
225 0.011856
226 0.012629
227 0.011744
228 0.010542
229 0.000000
230 0.000000
231 0.000000
232 0.000000
233 0.000000
234 0.000000
235 0.000000
236 0.000000
237 0.000000
238 0.000000
239 0.000000
240 0.000000
241 0.000000
242 0.000000
243 0.000000
244 0.000000
245 0.000000
246 0.000000
247 0.000032
248 0.000071
249 0.000190
250 0.000559
251 0.001366
252 0.005644
253 0.007550
254 0.010301
255 0.006759
256 0.001044
257 0.000000
258 0.000000
259 0.000000
260 0.000000
261 0.000000
262 0.000000
263 0.000000
264 0.000000
265 0.000000
266 0.000000
267 0.000000
268 0.000000
269 0.000000
270 0.000000
271 0.000000
272 0.000000
273 0.000000
274 0.000000
275 0.000006
276 0.000014
277 0.000047
278 0.000117
279 0.000274
280 0.003539
281 0.001291
282 0.000682
283 0.000242
284 0.000106
285 0.000000
286 0.000000
287 0.000000
288 0.000000
289 0.000000
290 0.000000
291 0.000000
292 0.000000
293 0.000000
294 0.000000
295 0.000000
296 0.000000
297 0.000000
298 0.000000
299 0.000000
300 0.000000
301 0.000000
302 0.000002
303 0.000014
304 0.000027
305 0.000064
306 0.000092
307 0.000092
308 0.000419
309 0.000139
310 0.000047
311 0.000023
312 0.000005
313 0.000000
314 0.000000
315 0.000000
316 0.000000
317 0.000000
318 0.000000
319 0.000000
320 0.000000
321 0.000000
322 0.000000
323 0.000000
324 0.000000
325 0.000000
326 0.000000
327 0.000000
328 0.000000
329 0.000000
330 0.000007
331 0.000012
332 0.000076
333 0.000074
334 0.000068
335 0.000066
336 0.000112
337 0.000039
338 0.000021
339 0.000012
340 0.000001
341 0.000000
342 0.000000
343 0.000000
344 0.000000
345 0.000000
346 0.000002
347 0.000009
348 0.000002
349 0.000001
350 0.000000
351 0.000000
352 0.000000
353 0.000000
354 0.000000
355 0.000000
356 0.000000
357 0.000379
358 0.000078
359 0.000043
360 0.000073
361 0.000045
362 0.000040
363 0.000032
364 0.000123
365 0.000082
366 0.000035
367 0.000022
368 0.000000
369 0.000000
370 0.000000
371 0.000000
372 0.000000
373 0.000000
374 0.000009
375 0.999979
376 0.002358
377 0.000004
378 0.000000
379 0.000000
380 0.000000
381 0.000000
382 0.000000
383 0.000000
384 0.000002
385 0.999999
386 0.000498
387 0.000131
388 0.000071
389 0.000068
390 0.000029
391 0.000023
392 0.000152
393 0.000104
394 0.000061
395 0.000009
396 0.000000
397 0.000000
398 0.000000
399 0.000000
400 0.000000
401 0.000000
402 0.000033
403 0.015642
404 0.004662
405 0.000003
406 0.000000
407 0.000000
408 0.000000
409 0.000000
410 0.000000
411 0.000000
412 0.000003
413 0.000509
414 0.002174
415 0.000157
416 0.000066
417 0.000153
418 0.000108
419 0.000078
420 0.000161
421 0.000153
422 0.000104
423 0.000005
424 0.000000
425 0.000000
426 0.000000
427 0.000000
428 0.000000
429 0.000000
430 0.000052
431 0.000073
432 0.000036
433 0.000001
434 0.000000
435 0.000000
436 0.000000
437 0.000000
438 0.000000
439 0.000000
440 0.000000
441 0.000004
442 0.000047
443 0.000039
444 0.000218
445 0.001032
446 0.000812
447 0.000615
448 0.000168
449 0.000132
450 0.000118
451 0.000002
452 0.000000
453 0.000000
454 0.000010
455 0.000132
456 0.000008
457 0.000004
458 0.000001
459 0.000000
460 0.000000
461 0.000000
462 0.000000
463 0.000000
464 0.000000
465 0.000000
466 0.000000
467 0.000000
468 0.000000
469 0.000000
470 0.000001
471 0.000028
472 0.000119
473 0.001398
474 0.004873
475 0.005208
476 0.000171
477 0.000157
478 0.000051
479 0.000001
480 0.000000
481 0.000009
482 0.000900
483 0.993604
484 0.000471
485 0.000002
486 0.000000
487 0.000000
488 0.000000
489 0.000000
490 0.000000
491 0.000001
492 0.000000
493 0.000000
494 0.000000
495 0.000000
496 0.000000
497 0.000000
498 0.000000
499 0.000016
500 0.000071
501 0.000381
502 0.006384
503 0.013694
504 0.000309
505 0.000177
506 0.000033
507 0.000001
508 0.000003
509 0.000172
510 0.006541
511 0.911874
512 0.000509
513 0.000000
514 0.000000
515 0.000000
516 0.000000
517 0.000000
518 0.000000
519 0.000000
520 0.000000
521 0.000000
522 0.000001
523 0.000002
524 0.000000
525 0.000000
526 0.000000
527 0.000003
528 0.000018
529 0.000110
530 0.002766
531 0.006137
532 0.000348
533 0.000721
534 0.000056
535 0.000004
536 0.000054
537 0.001493
538 0.010493
539 0.001788
540 0.000008
541 0.000000
542 0.000000
543 0.000000
544 0.000000
545 0.000000
546 0.000000
547 0.000000
548 0.000001
549 0.000041
550 0.000731
551 0.000097
552 0.000004
553 0.000000
554 0.000000
555 0.000002
556 0.000012
557 0.000035
558 0.001190
559 0.002255
560 0.001264
561 0.002989
562 0.000223
563 0.000071
564 0.000780
565 0.015853
566 0.001899
567 0.000029
568 0.000001
569 0.000000
570 0.000000
571 0.000000
572 0.000000
573 0.000000
574 0.000000
575 0.000000
576 0.000001
577 0.000043
578 0.999999
579 0.004631
580 0.000218
581 0.000011
582 0.000001
583 0.000001
584 0.000030
585 0.000282
586 0.000298
587 0.000775
588 0.003921
589 0.010000
590 0.001419
591 0.001178
592 0.014552
593 0.001266
594 0.000029
595 0.000001
596 0.000000
597 0.000000
598 0.000000
599 0.000000
600 0.000000
601 0.000000
602 0.000000
603 0.000000
604 0.000000
605 0.000032
606 0.000791
607 0.002730
608 0.004998
609 0.000598
610 0.000057
611 0.000020
612 0.000267
613 0.000282
614 0.000358
615 0.000378
616 0.010000
617 0.010000
618 0.010000
619 0.016708
620 0.004982
621 0.000085
622 0.000002
623 0.000000
624 0.000001
625 0.000001
626 0.000000
627 0.000000
628 0.000000
629 0.000000
630 0.000000
631 0.000000
632 0.000001
633 0.000016
634 0.000107
635 0.000367
636 0.001422
637 0.005021
638 0.003515
639 0.000575
640 0.000282
641 0.000358
642 0.000000
643 0.000000
644 0.010000
645 0.010000
646 0.010770
647 0.018191
648 0.005480
649 0.000039
650 0.000002
651 0.000006
652 0.000010
653 0.000026
654 0.000003
655 0.000000
656 0.000000
657 0.000000
658 0.000000
659 0.000001
660 0.000006
661 0.000133
662 0.000236
663 0.000091
664 0.000214
665 0.003234
666 0.003888
667 0.001656
668 0.000764
669 0.000000
670 0.000000
671 0.000000
672 0.000000
673 0.010690
674 0.016187
675 0.007915
676 0.003325
677 0.000818
678 0.000052
679 0.000032
680 0.000087
681 0.000064
682 0.000027
683 0.000003
684 0.000001
685 0.000001
686 0.000001
687 0.000002
688 0.000060
689 0.001379
690 0.001790
691 0.002257
692 0.003711
693 0.010000
694 0.010000
695 0.004015
696 0.000000
697 0.000000
698 0.000000
699 0.000000
700 0.000000
701 0.000000
702 0.008868
703 0.004005
704 0.001060
705 0.000476
706 0.000369
707 0.000348
708 0.000309
709 0.000237
710 0.000076
711 0.000008
712 0.000002
713 0.000001
714 0.000001
715 0.000010
716 0.000121
717 0.000583
718 0.002367
719 0.007812
720 0.010000
721 0.010000
722 0.010000
723 0.000000
724 0.000000
725 0.000000
726 0.000000
727 0.000000
728 0.000000
729 0.000000
730 0.000000
731 0.000000
732 0.000538
733 0.000504
734 0.000392
735 0.000369
736 0.000348
737 0.000268
738 0.000237
739 0.000025
740 0.000004
741 0.000001
742 0.000003
743 0.000024
744 0.000169
745 0.000326
746 0.001005
747 0.003883
748 0.010000
749 0.010000
750 0.000002
751 0.000021
752 0.000036
753 0.000000
754 0.000000
755 0.000000
756 0.000000
757 0.000000
758 0.000000
759 0.000000
760 0.000000
761 0.000534
762 0.000504
763 0.000392
764 0.000369
765 0.000348
766 0.000328
767 0.000080
768 0.000009
769 0.000003
770 0.000009
771 0.000061
772 0.000177
773 0.000230
774 0.000537
775 0.001646
776 0.005008
777 0.000097
778 0.002558
779 0.002141
780 0.000293
781 0.000014
782 0.000001
783 0.000000
