0 0.004918
1 0.004325
2 0.003889
3 0.004079
4 0.003650
5 0.003250
6 0.003036
7 0.002935
8 0.000892
9 0.000231
10 0.000208
11 0.000310
12 0.000505
13 0.000643
14 0.000671
15 0.001177
16 0.000774
17 0.000320
18 0.000510
19 0.003005
20 0.007133
21 0.007521
22 0.005580
23 0.005580
24 0.005311
25 0.005285
26 0.005852
27 0.005070
28 0.006713
29 0.004712
30 0.003767
31 0.003650
32 0.003536
33 0.003319
34 0.002935
35 0.002079
36 0.000418
37 0.000131
38 0.000124
39 0.000181
40 0.000313
41 0.000617
42 0.000617
43 0.000922
44 0.001098
45 0.000935
46 0.000919
47 0.002791
48 0.007940
49 0.005321
50 0.000001
51 0.000000
52 0.005285
53 0.005852
54 0.004587
55 0.004107
56 0.009788
57 0.006535
58 0.004583
59 0.003536
60 0.003319
61 0.002935
62 0.002837
63 0.001073
64 0.000233
65 0.000092
66 0.000114
67 0.000108
68 0.000168
69 0.000351
70 0.000518
71 0.000581
72 0.001442
73 0.002785
74 0.001504
75 0.002260
76 0.000010
77 0.000000
78 0.000000
79 0.000000
80 0.000000
81 0.004587
82 0.004107
83 0.002786
84 0.011934
85 0.009723
86 0.006599
87 0.003931
88 0.002935
89 0.002837
90 0.002651
91 0.000509
92 0.000108
93 0.000076
94 0.000074
95 0.000075
96 0.000100
97 0.000223
98 0.000424
99 0.000521
100 0.001867
101 0.003217
102 0.000015
103 0.000000
104 0.000000
105 0.000000
106 0.000000
107 0.000000
108 0.000000
109 0.003622
110 0.002721
111 0.002549
112 0.010682
113 0.011920
114 0.009632
115 0.006340
116 0.000000
117 0.000000
118 0.000000
119 0.000000
120 0.000001
121 0.000026
122 0.000065
123 0.000066
124 0.000069
125 0.000111
126 0.000248
127 0.000075
128 0.000010
129 0.000002
130 0.000000
131 0.000000
132 0.000000
133 0.000000
134 0.000000
135 0.000000
136 0.003600
137 0.002342
138 0.002161
139 0.003102
140 0.009848
141 0.010668
142 0.011905
143 0.010558
144 0.000000
145 0.000000
146 0.000000
147 0.000000
148 0.000000
149 0.000000
150 0.000000
151 0.000000
152 0.000001
153 0.000000
154 0.000001
155 0.000000
156 0.000000
157 0.000000
158 0.000000
159 0.000000
160 0.000000
161 0.000000
162 0.000000
163 0.000013
164 0.002279
165 0.002026
166 0.002905
167 0.004007
168 0.009771
169 0.009822
170 0.010270
171 0.011729
172 0.000008
173 0.000000
174 0.000000
175 0.000000
176 0.000000
177 0.000000
178 0.000000
179 0.000000
180 0.000000
181 0.000000
182 0.000000
183 0.000000
184 0.000000
185 0.000000
186 0.000000
187 0.000000
188 0.000000
189 0.000000
190 0.000000
191 0.002004
192 0.002044
193 0.002657
194 0.004194
195 0.007109
196 0.010849
197 0.009760
198 0.009784
199 0.010256
200 0.001564
201 0.000004
202 0.000000
203 0.000000
204 0.000000
205 0.000000
206 0.000000
207 0.000000
208 0.000000
209 0.000000
210 0.000000
211 0.000000
212 0.000000
213 0.000000
214 0.000000
215 0.000000
216 0.000000
217 0.000000
218 0.000007
219 0.001048
220 0.002862
221 0.004811
222 0.007278
223 0.008408
224 0.008217
225 0.010316
226 0.010593
227 0.009771
228 0.009799
229 0.000002
230 0.000000
231 0.000000
232 0.000000
233 0.000000
234 0.000000
235 0.000000
236 0.000000
237 0.000000
238 0.000000
239 0.000000
240 0.000000
241 0.000000
242 0.000000
243 0.000000
244 0.000000
245 0.000000
246 0.000034
247 0.000229
248 0.000677
249 0.001582
250 0.002369
251 0.004544
252 0.005047
253 0.006641
254 0.009218
255 0.007246
256 0.002072
257 0.000001
258 0.000000
259 0.000000
260 0.000000
261 0.000000
262 0.000000
263 0.000000
264 0.000000
265 0.000000
266 0.000000
267 0.000000
268 0.000000
269 0.000000
270 0.000000
271 0.000000
272 0.000000
273 0.000000
274 0.000010
275 0.000117
276 0.000245
277 0.000565
278 0.000621
279 0.000599
280 0.002470
281 0.001681
282 0.001380
283 0.000799
284 0.000555
285 0.000004
286 0.000000
287 0.000000
288 0.000000
289 0.000000
290 0.000000
291 0.000000
292 0.000000
293 0.000000
294 0.000001
295 0.000001
296 0.000000
297 0.000000
298 0.000000
299 0.000000
300 0.000000
301 0.000015
302 0.000010
303 0.000239
304 0.000383
305 0.000274
306 0.000208
307 0.000158
308 0.000619
309 0.000288
310 0.000170
311 0.000132
312 0.000031
313 0.000001
314 0.000000
315 0.000000
316 0.000000
317 0.000000
318 0.000000
319 0.000001
320 0.000001
321 0.000000
322 0.000000
323 0.000000
324 0.000000
325 0.000000
326 0.000000
327 0.000000
328 0.000091
329 0.000272
330 0.000126
331 0.000115
332 0.000232
333 0.000145
334 0.000117
335 0.000081
336 0.000288
337 0.000120
338 0.000080
339 0.000053
340 0.000004
341 0.000000
342 0.000000
343 0.000000
344 0.000000
345 0.000000
346 0.000135
347 0.001174
348 0.000302
349 0.000003
350 0.000000
351 0.000000
352 0.000000
353 0.000000
354 0.000000
355 0.000003
356 0.999999
357 0.007928
358 0.000289
359 0.000044
360 0.000275
361 0.000080
362 0.000064
363 0.000079
364 0.000421
365 0.000279
366 0.000121
367 0.000056
368 0.000001
369 0.000000
370 0.000000
371 0.000000
372 0.000000
373 0.000006
374 0.004088
375 0.478002
376 0.003178
377 0.000030
378 0.000000
379 0.000000
380 0.000000
381 0.000000
382 0.000000
383 0.000004
384 0.002513
385 0.038054
386 0.000350
387 0.000055
388 0.000130
389 0.000241
390 0.000233
391 0.000275
392 0.000779
393 0.000391
394 0.000202
395 0.000024
396 0.000000
397 0.000000
398 0.000000
399 0.000000
400 0.000000
401 0.000017
402 0.010628
403 0.999461
404 0.003799
405 0.000058
406 0.000000
407 0.000000
408 0.000000
409 0.000000
410 0.000000
411 0.000002
412 0.000044
413 0.000765
414 0.000249
415 0.000043
416 0.000103
417 0.001322
418 0.001460
419 0.001377
420 0.000748
421 0.000697
422 0.000510
423 0.000013
424 0.000000
425 0.000000
426 0.000000
427 0.000000
428 0.000001
429 0.000007
430 0.000192
431 0.001647
432 0.000218
433 0.000013
434 0.000002
435 0.000000
436 0.000000
437 0.000000
438 0.000000
439 0.000000
440 0.000000
441 0.000005
442 0.000135
443 0.000022
444 0.000114
445 0.005810
446 0.008278
447 0.008433
448 0.000542
449 0.000450
450 0.000496
451 0.000006
452 0.000000
453 0.000001
454 0.000001
455 0.000018
456 0.000011
457 0.000003
458 0.000008
459 0.000005
460 0.000005
461 0.000002
462 0.000003
463 0.000022
464 0.000008
465 0.000003
466 0.000001
467 0.000000
468 0.000000
469 0.000000
470 0.000019
471 0.000097
472 0.000203
473 0.002921
474 0.012262
475 0.011800
476 0.000500
477 0.000478
478 0.000252
479 0.000004
480 0.000001
481 0.000004
482 0.000029
483 0.000191
484 0.000437
485 0.000022
486 0.000000
487 0.000000
488 0.000000
489 0.000001
490 0.000002
491 0.000006
492 0.000033
493 0.000055
494 0.000012
495 0.000001
496 0.000000
497 0.000000
498 0.000007
499 0.000175
500 0.000074
501 0.000315
502 0.006838
503 0.009644
504 0.001104
505 0.001511
506 0.000193
507 0.000007
508 0.000002
509 0.000004
510 0.000047
511 0.001616
512 1.000000
513 0.000009
514 0.000000
515 0.000000
516 0.000000
517 0.000000
518 0.000000
519 0.000000
520 0.000007
521 0.000905
522 0.002158
523 0.000121
524 0.000011
525 0.000000
526 0.000001
527 0.000030
528 0.000021
529 0.000062
530 0.002800
531 0.004255
532 0.002856
533 0.007998
534 0.000622
535 0.000014
536 0.000003
537 0.000009
538 0.000301
539 0.002667
540 0.000098
541 0.000001
542 0.000000
543 0.000000
544 0.000000
545 0.000000
546 0.000000
547 0.000000
548 0.000006
549 0.000663
550 1.000000
551 0.008281
552 0.000289
553 0.000020
554 0.000000
555 0.000009
556 0.000032
557 0.000049
558 0.000984
559 0.002209
560 0.013735
561 0.037045
562 0.000861
563 0.000018
564 0.000007
565 0.000178
566 0.003074
567 0.000077
568 0.000003
569 0.000000
570 0.000000
571 0.000000
572 0.000000
573 0.000000
574 0.000000
575 0.000001
576 0.000007
577 0.000030
578 0.000206
579 0.002663
580 0.011982
581 0.000517
582 0.000058
583 0.000003
584 0.000091
585 0.000867
586 0.000902
587 0.001075
588 0.040536
589 0.035541
590 0.002765
591 0.000033
592 0.000119
593 0.001095
594 0.000149
595 0.000008
596 0.000002
597 0.000003
598 0.000001
599 0.000000
600 0.000000
601 0.000000
602 0.000002
603 0.000011
604 0.000016
605 0.000007
606 0.000017
607 0.000077
608 0.000805
609 0.022027
610 0.000904
611 0.000098
612 0.000969
613 0.000871
614 0.001025
615 0.001065
616 0.030381
617 0.018596
618 0.010034
619 0.002827
620 0.001415
621 0.000266
622 0.000007
623 0.000004
624 0.000015
625 0.000024
626 0.000008
627 0.000002
628 0.000000
629 0.000001
630 0.000012
631 0.000187
632 0.000112
633 0.000026
634 0.000017
635 0.000016
636 0.000073
637 0.000729
638 0.003570
639 0.002963
640 0.001720
641 0.001188
642 0.000000
643 0.000000
644 0.017715
645 0.010032
646 0.010010
647 0.010000
648 0.006918
649 0.000295
650 0.000071
651 0.000025
652 0.000050
653 0.000054
654 0.000036
655 0.000012
656 0.000008
657 0.000029
658 0.000489
659 0.001256
660 0.001079
661 0.000441
662 0.000180
663 0.000060
664 0.000058
665 0.001016
666 0.010000
667 0.006342
668 0.003561
669 0.000000
670 0.000000
671 0.000000
672 0.000000
673 0.010010
674 0.010000
675 0.009479
676 0.005492
677 0.002732
678 0.001080
679 0.000096
680 0.000083
681 0.000215
682 0.000696
683 0.000168
684 0.000041
685 0.000058
686 0.000523
687 0.003254
688 0.009234
689 0.011721
690 0.003271
691 0.001839
692 0.003230
693 0.009992
694 0.009997
695 0.010000
696 0.000000
697 0.000000
698 0.000000
699 0.000000
700 0.000000
701 0.000000
702 0.010000
703 0.006228
704 0.003188
705 0.001632
706 0.001231
707 0.001183
708 0.001092
709 0.000913
710 0.000760
711 0.000384
712 0.000165
713 0.000143
714 0.000516
715 0.002188
716 0.005779
717 0.013624
718 0.010073
719 0.010018
720 0.009998
721 0.009988
722 0.009993
723 0.000000
724 0.000000
725 0.000000
726 0.000000
727 0.000000
728 0.000000
729 0.000000
730 0.000000
731 0.000000
732 0.001923
733 0.001515
734 0.001282
735 0.001231
736 0.001183
737 0.000993
738 0.000913
739 0.000875
740 0.000550
741 0.000476
742 0.000462
743 0.000978
744 0.003718
745 0.009826
746 0.014307
747 0.010053
748 0.010004
749 0.009990
750 0.000001
751 0.000001
752 0.000001
753 0.000000
754 0.000000
755 0.000000
756 0.000000
757 0.000000
758 0.000000
759 0.000000
760 0.000000
761 0.001574
762 0.001515
763 0.001282
764 0.001231
765 0.001183
766 0.001137
767 0.001662
768 0.001532
769 0.001300
770 0.000480
771 0.000610
772 0.002464
773 0.006272
774 0.013363
775 0.011901
776 0.010038
777 0.000033
778 0.001455
779 0.001221
780 0.000229
781 0.000001
782 0.000000
783 0.000000
