0 0.003337
1 0.003209
2 0.002784
3 0.002967
4 0.003599
5 0.005373
6 0.008166
7 0.009091
8 0.002168
9 0.000367
10 0.000662
11 0.001847
12 0.001593
13 0.000597
14 0.000241
15 0.000124
16 0.000064
17 0.000035
18 0.000133
19 0.000529
20 0.001274
21 0.002061
22 0.004036
23 0.006707
24 0.006997
25 0.006997
26 0.005609
27 0.004095
28 0.002905
29 0.003085
30 0.002668
31 0.002668
32 0.002669
33 0.003981
34 0.005960
35 0.006144
36 0.001057
37 0.000983
38 0.001801
39 0.003165
40 0.001020
41 0.000365
42 0.000162
43 0.000073
44 0.000037
45 0.000035
46 0.000057
47 0.000330
48 0.001802
49 0.003594
50 0.000000
51 0.000000
52 0.006997
53 0.005668
54 0.003568
55 0.002582
56 0.003085
57 0.002668
58 0.002650
59 0.002668
60 0.002668
61 0.002650
62 0.003953
63 0.001945
64 0.000567
65 0.001653
66 0.007988
67 0.002899
68 0.000594
69 0.000181
70 0.000080
71 0.000039
72 0.000027
73 0.000024
74 0.000031
75 0.000240
76 0.000003
77 0.000000
78 0.000000
79 0.000000
80 0.000000
81 0.003551
82 0.002505
83 0.001617
84 0.002967
85 0.002585
86 0.002302
87 0.002335
88 0.002401
89 0.002401
90 0.002650
91 0.000609
92 0.000443
93 0.003838
94 0.025310
95 0.004592
96 0.000633
97 0.000116
98 0.000050
99 0.000022
100 0.000022
101 0.000008
102 0.000000
103 0.000000
104 0.000000
105 0.000000
106 0.000000
107 0.000000
108 0.000000
109 0.002138
110 0.001524
111 0.001675
112 0.002558
113 0.002452
114 0.002088
115 0.002162
116 0.000000
117 0.000000
118 0.000000
119 0.000000
120 0.000005
121 0.003545
122 0.016331
123 0.005935
124 0.000655
125 0.000093
126 0.000024
127 0.000001
128 0.000000
129 0.000000
130 0.000000
131 0.000000
132 0.000000
133 0.000000
134 0.000000
135 0.000000
136 0.000029
137 0.001230
138 0.001357
139 0.001598
140 0.002453
141 0.002096
142 0.001915
143 0.001908
144 0.000000
145 0.000000
146 0.000000
147 0.000000
148 0.000000
149 0.000001
150 0.000004
151 0.000010
152 0.000010
153 0.000000
154 0.000000
155 0.000000
156 0.000000
157 0.000000
158 0.000000
159 0.000000
160 0.000000
161 0.000000
162 0.000000
163 0.000000
164 0.001218
165 0.001067
166 0.001261
167 0.001320
168 0.002096
169 0.001915
170 0.001831
171 0.001674
172 0.000078
173 0.000000
174 0.000000
175 0.000004
176 0.000035
177 0.000022
178 0.000000
179 0.000000
180 0.000000
181 0.000000
182 0.000000
183 0.000000
184 0.000000
185 0.000000
186 0.000000
187 0.000000
188 0.000000
189 0.000000
190 0.000000
191 0.000000
192 0.000898
193 0.000938
194 0.000984
195 0.001333
196 0.001916
197 0.001832
198 0.001543
199 0.001402
200 0.000807
201 0.000004
202 0.000000
203 0.000000
204 0.000160
205 0.000096
206 0.000006
207 0.000000
208 0.000000
209 0.000000
210 0.000000
211 0.000000
212 0.000000
213 0.000000
214 0.000000
215 0.000000
216 0.000000
217 0.000000
218 0.000000
219 0.000011
220 0.000893
221 0.000938
222 0.001058
223 0.001281
224 0.002669
225 0.001543
226 0.001403
227 0.001338
228 0.001057
229 0.000077
230 0.000000
231 0.000000
232 0.000000
233 0.000001
234 0.000001
235 0.000000
236 0.000000
237 0.000000
238 0.000000
239 0.000000
240 0.000000
241 0.000000
242 0.000000
243 0.000000
244 0.000000
245 0.000000
246 0.000000
247 0.000049
248 0.000089
249 0.000133
250 0.000256
251 0.000391
252 0.005006
253 0.002755
254 0.001758
255 0.000778
256 0.000169
257 0.000009
258 0.000000
259 0.000000
260 0.000000
261 0.000000
262 0.000000
263 0.000000
264 0.000000
265 0.000002
266 0.000009
267 0.000005
268 0.000001
269 0.000000
270 0.000000
271 0.000000
272 0.000000
273 0.000000
274 0.000000
275 0.000010
276 0.000018
277 0.000030
278 0.000046
279 0.000080
280 0.010002
281 0.002391
282 0.000714
283 0.000151
284 0.000039
285 0.000000
286 0.000000
287 0.000000
288 0.000000
289 0.000000
290 0.000000
291 0.000000
292 0.000000
293 0.000020
294 0.000924
295 0.999996
296 0.000001
297 0.000000
298 0.000000
299 0.000000
300 0.000000
301 0.000000
302 0.000000
303 0.000012
304 0.000016
305 0.000022
306 0.000026
307 0.000035
308 0.001767
309 0.001164
310 0.000423
311 0.000110
312 0.000006
313 0.000000
314 0.000002
315 0.000002
316 0.000000
317 0.000000
318 0.000000
319 0.000000
320 0.000000
321 0.000052
322 0.000796
323 0.000034
324 0.000000
325 0.000000
326 0.000000
327 0.000000
328 0.000000
329 0.000000
330 0.000000
331 0.000002
332 0.000016
333 0.000021
334 0.000026
335 0.000042
336 0.000284
337 0.000274
338 0.000320
339 0.000273
340 0.000003
341 0.000001
342 0.000031
343 0.000161
344 0.000001
345 0.000000
346 0.000000
347 0.000000
348 0.000001
349 0.000019
350 0.000012
351 0.000000
352 0.000000
353 0.000000
354 0.000000
355 0.000000
356 0.000000
357 0.000000
358 0.000000
359 0.000001
360 0.000026
361 0.000020
362 0.000030
363 0.000034
364 0.000099
365 0.000120
366 0.000103
367 0.000112
368 0.000003
369 0.000014
370 0.001184
371 0.000410
372 0.000001
373 0.000000
374 0.000000
375 0.000000
376 0.000001
377 0.000001
378 0.000000
379 0.000000
380 0.000000
381 0.000000
382 0.000000
383 0.000000
384 0.000000
385 0.000000
386 0.000000
387 0.000001
388 0.000027
389 0.000062
390 0.000070
391 0.000098
392 0.000052
393 0.000030
394 0.000037
395 0.000016
396 0.000005
397 0.000078
398 0.999990
399 0.000036
400 0.000000
401 0.000000
402 0.000000
403 0.000000
404 0.000000
405 0.000000
406 0.000000
407 0.000000
408 0.000000
409 0.000000
410 0.000000
411 0.000000
412 0.000000
413 0.000000
414 0.000000
415 0.000000
416 0.000020
417 0.000441
418 0.000557
419 0.000579
420 0.000041
421 0.000054
422 0.000078
423 0.000004
424 0.000005
425 0.000202
426 0.000403
427 0.000001
428 0.000000
429 0.000001
430 0.000001
431 0.000000
432 0.000000
433 0.000000
434 0.000000
435 0.000000
436 0.000000
437 0.000000
438 0.000000
439 0.000000
440 0.000000
441 0.000000
442 0.000000
443 0.000000
444 0.000008
445 0.003167
446 0.005388
447 0.003235
448 0.000163
449 0.000161
450 0.000280
451 0.000006
452 0.000003
453 0.000120
454 0.000003
455 0.000000
456 0.000000
457 0.000002
458 0.000006
459 0.000000
460 0.000000
461 0.000000
462 0.000000
463 0.000000
464 0.000000
465 0.000000
466 0.000000
467 0.000000
468 0.000000
469 0.000000
470 0.000000
471 0.000000
472 0.000007
473 0.001996
474 0.010066
475 0.010857
476 0.001488
477 0.001526
478 0.000236
479 0.000006
480 0.000017
481 0.000005
482 0.000000
483 0.000000
484 0.000000
485 0.000000
486 0.000000
487 0.000000
488 0.000000
489 0.000000
490 0.000000
491 0.000000
492 0.000000
493 0.000000
494 0.000000
495 0.000002
496 0.000045
497 0.000008
498 0.000001
499 0.000000
500 0.000003
501 0.000404
502 0.012152
503 0.013288
504 0.010007
505 0.006364
506 0.000142
507 0.000014
508 0.000069
509 0.000001
510 0.000000
511 0.000000
512 0.000000
513 0.000000
514 0.000000
515 0.000000
516 0.000000
517 0.000000
518 0.000000
519 0.000000
520 0.000000
521 0.000000
522 0.000000
523 0.000001
524 0.999995
525 0.000834
526 0.000017
527 0.000001
528 0.000001
529 0.000160
530 0.012993
531 0.010053
532 0.009861
533 0.009833
534 0.000171
535 0.000133
536 0.000054
537 0.000001
538 0.000000
539 0.000000
540 0.000000
541 0.000000
542 0.000000
543 0.000000
544 0.000000
545 0.000000
546 0.000000
547 0.000000
548 0.000000
549 0.000000
550 0.000000
551 0.000001
552 0.000161
553 0.019010
554 0.000378
555 0.000014
556 0.000004
557 0.000138
558 0.007673
559 0.009008
560 0.009304
561 0.009455
562 0.000279
563 0.000189
564 0.000021
565 0.000002
566 0.000002
567 0.000001
568 0.000000
569 0.000000
570 0.000000
571 0.000000
572 0.000000
573 0.000000
574 0.000000
575 0.000001
576 0.000001
577 0.000000
578 0.000000
579 0.000000
580 0.000002
581 0.000079
582 0.006460
583 0.000312
584 0.000125
585 0.006620
586 0.006861
587 0.007056
588 0.009092
589 0.009303
590 0.002338
591 0.000299
592 0.000004
593 0.000002
594 0.000002
595 0.000000
596 0.000000
597 0.000000
598 0.000000
599 0.000000
600 0.000000
601 0.000001
602 0.000002
603 0.000001
604 0.000000
605 0.000000
606 0.000000
607 0.000000
608 0.000000
609 0.000002
610 0.000198
611 0.011817
612 0.008553
613 0.007216
614 0.007142
615 0.007055
616 0.009220
617 0.010002
618 0.010003
619 0.001518
620 0.000024
621 0.000003
622 0.000001
623 0.000000
624 0.000000
625 0.000000
626 0.000000
627 0.000001
628 0.000066
629 0.000251
630 0.000416
631 0.000002
632 0.000000
633 0.000000
634 0.000000
635 0.000000
636 0.000000
637 0.000001
638 0.000086
639 0.004396
640 0.008510
641 0.010005
642 0.000000
643 0.000000
644 0.010002
645 0.010002
646 0.010003
647 0.010002
648 0.004178
649 0.000021
650 0.000001
651 0.000002
652 0.000005
653 0.000021
654 0.000019
655 0.000045
656 0.000360
657 0.007629
658 0.001822
659 0.000015
660 0.000001
661 0.000001
662 0.000002
663 0.000003
664 0.000005
665 0.000027
666 0.001114
667 0.002388
668 0.004523
669 0.000000
670 0.000000
671 0.000000
672 0.000000
673 0.010002
674 0.010002
675 0.010001
676 0.006393
677 0.002895
678 0.000129
679 0.000062
680 0.000284
681 0.000421
682 0.000128
683 0.000112
684 0.000473
685 0.999903
686 0.001713
687 0.000093
688 0.000012
689 0.000041
690 0.000170
691 0.000425
692 0.000382
693 0.000686
694 0.000757
695 0.001373
696 0.000000
697 0.000000
698 0.000000
699 0.000000
700 0.000000
701 0.000000
702 0.010001
703 0.007373
704 0.003441
705 0.001590
706 0.000930
707 0.000861
708 0.000785
709 0.000637
710 0.000322
711 0.000219
712 0.000833
713 0.003740
714 0.002161
715 0.000109
716 0.000051
717 0.000077
718 0.000551
719 0.000574
720 0.000599
721 0.000714
722 0.000851
723 0.000000
724 0.000000
725 0.000000
726 0.000000
727 0.000000
728 0.000000
729 0.000000
730 0.000000
731 0.000000
732 0.001904
733 0.001171
734 0.000945
735 0.000902
736 0.000861
737 0.000703
738 0.001235
739 0.000693
740 0.001507
741 0.001258
742 0.001039
743 0.000233
744 0.000195
745 0.000377
746 0.000574
747 0.000686
748 0.000714
749 0.000851
750 0.000000
751 0.000000
752 0.000000
753 0.000000
754 0.000000
755 0.000000
756 0.000000
757 0.000000
758 0.000000
759 0.000000
760 0.000000
761 0.001200
762 0.001148
763 0.000945
764 0.000902
765 0.001010
766 0.002565
767 0.002641
768 0.001589
769 0.000551
770 0.000452
771 0.000540
772 0.000623
773 0.001371
774 0.000693
775 0.000625
776 0.000744
777 0.000000
778 0.000130
779 0.000102
780 0.000003
781 0.000000
782 0.000000
783 0.000000
