0 0.003999
1 0.008223
2 0.010006
3 0.010005
4 0.004297
5 0.001528
6 0.000625
7 0.000581
8 0.000063
9 0.000007
10 0.000005
11 0.000004
12 0.000009
13 0.000030
14 0.000084
15 0.000055
16 0.000016
17 0.000005
18 0.000014
19 0.000114
20 0.000433
21 0.000462
22 0.000609
23 0.000837
24 0.001183
25 0.002036
26 0.004696
27 0.008519
28 0.001977
29 0.003746
30 0.006599
31 0.010007
32 0.007999
33 0.003187
34 0.001057
35 0.000295
36 0.000017
37 0.000003
38 0.000003
39 0.000003
40 0.000011
41 0.000055
42 0.000072
43 0.000024
44 0.000006
45 0.000002
46 0.000004
47 0.000045
48 0.000326
49 0.000433
50 0.000047
51 0.000000
52 0.001970
53 0.004697
54 0.009501
55 0.016410
56 0.004315
57 0.001853
58 0.002901
59 0.006422
60 0.010008
61 0.006165
62 0.002380
63 0.000164
64 0.000007
65 0.000002
66 0.000002
67 0.000004
68 0.000015
69 0.000060
70 0.000038
71 0.000008
72 0.000003
73 0.000001
74 0.000002
75 0.000012
76 0.000077
77 0.000001
78 0.000001
79 0.000000
80 0.000000
81 0.009502
82 0.016412
83 0.016300
84 0.014111
85 0.006976
86 0.001947
87 0.002590
88 0.006167
89 0.010008
90 0.005920
91 0.000106
92 0.000004
93 0.000001
94 0.000002
95 0.000006
96 0.000027
97 0.000061
98 0.000015
99 0.000003
100 0.000001
101 0.000001
102 0.000001
103 0.000001
104 0.000001
105 0.000001
106 0.000000
107 0.000000
108 0.000000
109 0.016253
110 0.016301
111 0.007116
112 0.039177
113 0.014343
114 0.006045
115 0.001631
116 0.000000
117 0.000000
118 0.000000
119 0.000000
120 0.000000
121 0.000001
122 0.000002
123 0.000012
124 0.000066
125 0.000027
126 0.000004
127 0.000001
128 0.000001
129 0.000001
130 0.000001
131 0.000001
132 0.000001
133 0.000000
134 0.000000
135 0.000000
136 0.000110
137 0.014881
138 0.005700
139 0.001957
140 0.012039
141 0.039221
142 0.013158
143 0.006768
144 0.000001
145 0.000001
146 0.000001
147 0.000000
148 0.000000
149 0.000000
150 0.000000
151 0.000000
152 0.000001
153 0.000001
154 0.000001
155 0.000001
156 0.000001
157 0.000001
158 0.000001
159 0.000000
160 0.000000
161 0.000000
162 0.000000
163 0.000000
164 0.014213
165 0.004351
166 0.001491
167 0.000812
168 0.011619
169 0.011820
170 0.035637
171 0.017513
172 0.000000
173 0.000000
174 0.000003
175 0.000001
176 0.000001
177 0.000000
178 0.000000
179 0.000000
180 0.000000
181 0.000001
182 0.000001
183 0.000001
184 0.000001
185 0.000000
186 0.000000
187 0.000000
188 0.000000
189 0.000000
190 0.000000
191 0.000001
192 0.002824
193 0.001049
194 0.000481
195 0.000774
196 0.008622
197 0.011563
198 0.011549
199 0.040384
200 0.000465
201 0.000000
202 0.000000
203 0.000002
204 0.000002
205 0.000004
206 0.000002
207 0.000001
208 0.000001
209 0.000000
210 0.000000
211 0.000000
212 0.000000
213 0.000000
214 0.000000
215 0.000000
216 0.000000
217 0.000000
218 0.000000
219 0.000021
220 0.000793
221 0.000391
222 0.000835
223 0.004436
224 0.003183
225 0.006657
226 0.010124
227 0.011502
228 0.041618
229 0.000001
230 0.000000
231 0.000001
232 0.000002
233 0.000014
234 0.999989
235 0.000007
236 0.000001
237 0.000000
238 0.000000
239 0.000000
240 0.000000
241 0.000000
242 0.000000
243 0.000000
244 0.000000
245 0.000000
246 0.000000
247 0.000042
248 0.000039
249 0.000263
250 0.001174
251 0.001773
252 0.001089
253 0.001842
254 0.003668
255 0.009042
256 0.011220
257 0.000002
258 0.000000
259 0.000001
260 0.000002
261 0.000004
262 0.000011
263 0.000004
264 0.000001
265 0.000000
266 0.000000
267 0.000000
268 0.000000
269 0.000000
270 0.000000
271 0.000000
272 0.000000
273 0.000000
274 0.000000
275 0.000008
276 0.000053
277 0.000121
278 0.000192
279 0.000249
280 0.000355
281 0.000482
282 0.001035
283 0.001943
284 0.006217
285 0.000005
286 0.000000
287 0.000001
288 0.000002
289 0.000003
290 0.000001
291 0.000001
292 0.000001
293 0.000001
294 0.000001
295 0.000001
296 0.000001
297 0.000001
298 0.000000
299 0.000000
300 0.000000
301 0.000000
302 0.000000
303 0.000036
304 0.000059
305 0.000081
306 0.000046
307 0.000014
308 0.000388
309 0.000301
310 0.000243
311 0.000432
312 0.000085
313 0.000002
314 0.000000
315 0.000000
316 0.000001
317 0.000002
318 0.000001
319 0.000000
320 0.000001
321 0.000001
322 0.000001
323 0.000002
324 0.000001
325 0.000001
326 0.000000
327 0.000000
328 0.000000
329 0.000000
330 0.000000
331 0.000003
332 0.000047
333 0.000014
334 0.000009
335 0.000016
336 0.000284
337 0.000244
338 0.000215
339 0.000133
340 0.000001
341 0.000001
342 0.000000
343 0.000000
344 0.000001
345 0.000001
346 0.000001
347 0.000001
348 0.000001
349 0.000001
350 0.000004
351 0.000008
352 0.000002
353 0.000001
354 0.000000
355 0.000000
356 0.000000
357 0.000000
358 0.000000
359 0.000001
360 0.000004
361 0.000006
362 0.000010
363 0.000012
364 0.000232
365 0.000227
366 0.000120
367 0.000028
368 0.000001
369 0.000000
370 0.000000
371 0.000000
372 0.000000
373 0.000001
374 0.000001
375 0.000002
376 0.000002
377 0.000013
378 0.000013
379 0.000003
380 0.000001
381 0.000001
382 0.000000
383 0.000000
384 0.000000
385 0.000000
386 0.000000
387 0.000000
388 0.000002
389 0.000007
390 0.000008
391 0.000012
392 0.000137
393 0.000052
394 0.000014
395 0.000001
396 0.000000
397 0.000000
398 0.000001
399 0.000000
400 0.000000
401 0.000000
402 0.000001
403 0.000007
404 0.001306
405 0.006838
406 0.000026
407 0.000001
408 0.000001
409 0.000001
410 0.000000
411 0.000000
412 0.000000
413 0.000000
414 0.000000
415 0.000000
416 0.000001
417 0.000013
418 0.000012
419 0.000009
420 0.000031
421 0.000007
422 0.000003
423 0.000000
424 0.000000
425 0.000000
426 0.000001
427 0.000000
428 0.000000
429 0.000000
430 0.000001
431 0.000005
432 0.999980
433 0.005010
434 0.000002
435 0.000001
436 0.000000
437 0.000000
438 0.000000
439 0.000000
440 0.000000
441 0.000001
442 0.000000
443 0.000000
444 0.000000
445 0.000028
446 0.000025
447 0.000019
448 0.000010
449 0.000003
450 0.000002
451 0.000000
452 0.000000
453 0.000000
454 0.000000
455 0.000000
456 0.000000
457 0.000000
458 0.000001
459 0.000003
460 0.000006
461 0.000003
462 0.000002
463 0.000001
464 0.000001
465 0.000000
466 0.000000
467 0.000000
468 0.000000
469 0.000000
470 0.000000
471 0.000000
472 0.000000
473 0.000009
474 0.000049
475 0.000062
476 0.000034
477 0.000012
478 0.000001
479 0.000000
480 0.000000
481 0.000000
482 0.000000
483 0.000000
484 0.000000
485 0.000001
486 0.000001
487 0.000001
488 0.000001
489 0.000001
490 0.000001
491 0.000001
492 0.000001
493 0.000001
494 0.000000
495 0.000000
496 0.000000
497 0.000000
498 0.000000
499 0.000000
500 0.000001
501 0.000001
502 0.000372
503 0.000966
504 0.000440
505 0.000152
506 0.000001
507 0.000000
508 0.000000
509 0.000000
510 0.000000
511 0.000000
512 0.000001
513 0.000001
514 0.000001
515 0.000000
516 0.000000
517 0.000000
518 0.000001
519 0.000001
520 0.000001
521 0.000001
522 0.000001
523 0.000000
524 0.000000
525 0.000000
526 0.000000
527 0.000000
528 0.000001
529 0.000002
530 0.003031
531 0.010003
532 0.000409
533 0.000364
534 0.000001
535 0.000000
536 0.000000
537 0.000000
538 0.000000
539 0.000001
540 0.000001
541 0.000001
542 0.000000
543 0.000000
544 0.000000
545 0.000000
546 0.000000
547 0.000000
548 0.000000
549 0.000001
550 0.000001
551 0.000001
552 0.000001
553 0.000000
554 0.000000
555 0.000001
556 0.000001
557 0.000027
558 0.010007
559 0.010006
560 0.000519
561 0.000491
562 0.000001
563 0.000000
564 0.000000
565 0.000000
566 0.000001
567 0.000001
568 0.000001
569 0.000000
570 0.000000
571 0.000000
572 0.000000
573 0.000000
574 0.000000
575 0.000000
576 0.000000
577 0.000000
578 0.000001
579 0.000001
580 0.000001
581 0.000001
582 0.000001
583 0.000001
584 0.000013
585 0.010005
586 0.010007
587 0.010007
588 0.000656
589 0.000519
590 0.000012
591 0.000000
592 0.000000
593 0.000001
594 0.000001
595 0.000001
596 0.000001
597 0.000000
598 0.000000
599 0.000000
600 0.000000
601 0.000000
602 0.000000
603 0.000000
604 0.000000
605 0.000000
606 0.000000
607 0.000001
608 0.000001
609 0.000001
610 0.000001
611 0.000006
612 0.004652
613 0.008583
614 0.010005
615 0.010006
616 0.000729
617 0.000656
618 0.000623
619 0.000057
620 0.000001
621 0.000001
622 0.000001
623 0.000001
624 0.000000
625 0.000000
626 0.000000
627 0.000000
628 0.000000
629 0.000000
630 0.000000
631 0.000000
632 0.000000
633 0.000001
634 0.000001
635 0.000001
636 0.000001
637 0.000001
638 0.000003
639 0.001458
640 0.002639
641 0.004776
642 0.000000
643 0.000000
644 0.000768
645 0.000729
646 0.001713
647 0.003595
648 0.002330
649 0.000006
650 0.000001
651 0.000001
652 0.000000
653 0.000000
654 0.000000
655 0.000000
656 0.000001
657 0.000003
658 0.000003
659 0.000001
660 0.000001
661 0.000001
662 0.000001
663 0.000001
664 0.000001
665 0.000012
666 0.001269
667 0.001000
668 0.001554
669 0.000000
670 0.000000
671 0.000000
672 0.000000
673 0.001839
674 0.003747
675 0.008148
676 0.010013
677 0.010017
678 0.000025
679 0.000005
680 0.000004
681 0.000012
682 0.000074
683 0.000015
684 0.000004
685 0.000005
686 0.000004
687 0.000005
688 0.000010
689 0.000210
690 0.000772
691 0.000226
692 0.000537
693 0.003950
694 0.002293
695 0.001359
696 0.000000
697 0.000000
698 0.000000
699 0.000000
700 0.000000
701 0.000000
702 0.008218
703 0.010011
704 0.010016
705 0.009653
706 0.003847
707 0.001151
708 0.000441
709 0.000344
710 0.000152
711 0.000032
712 0.000009
713 0.000006
714 0.000007
715 0.000007
716 0.000017
717 0.000265
718 0.006148
719 0.010014
720 0.010011
721 0.007340
722 0.004075
723 0.000000
724 0.000000
725 0.000000
726 0.000000
727 0.000000
728 0.000000
729 0.000000
730 0.000000
731 0.000000
732 0.010235
733 0.004939
734 0.001841
735 0.000677
736 0.000491
737 0.000386
738 0.000344
739 0.000076
740 0.000020
741 0.000009
742 0.000008
743 0.000008
744 0.000024
745 0.000390
746 0.003334
747 0.008543
748 0.010013
749 0.010009
750 0.000001
751 0.000000
752 0.000001
753 0.000001
754 0.000000
755 0.000000
756 0.000000
757 0.000000
758 0.000001
759 0.000001
760 0.000000
761 0.002888
762 0.001117
763 0.000549
764 0.000519
765 0.000491
766 0.000465
767 0.000181
768 0.000035
769 0.000014
770 0.000011
771 0.000011
772 0.000054
773 0.000581
774 0.002122
775 0.004654
776 0.010011
777 0.000001
778 0.000122
779 0.000042
780 0.000001
781 0.000000
782 0.000001
783 0.000000
