0 0.002967
1 0.002943
2 0.002711
3 0.003172
4 0.003946
5 0.005922
6 0.008992
7 0.010004
8 0.004725
9 0.001087
10 0.000393
11 0.000073
12 0.000064
13 0.000061
14 0.000057
15 0.000053
16 0.000043
17 0.000034
18 0.000189
19 0.001552
20 0.006920
21 0.009506
22 0.009742
23 0.005050
24 0.002944
25 0.001986
26 0.002112
27 0.002195
28 0.002547
29 0.002722
30 0.002460
31 0.002607
32 0.002852
33 0.004363
34 0.006566
35 0.007019
36 0.001434
37 0.000936
38 0.000481
39 0.000228
40 0.000046
41 0.000052
42 0.000047
43 0.000039
44 0.000031
45 0.000040
46 0.000133
47 0.001498
48 0.009274
49 0.009505
50 0.000001
51 0.000000
52 0.001838
53 0.001953
54 0.001790
55 0.002111
56 0.002722
57 0.002321
58 0.002216
59 0.002294
60 0.002460
61 0.002819
62 0.004363
63 0.002384
64 0.000787
65 0.000313
66 0.000879
67 0.000316
68 0.000087
69 0.000031
70 0.000031
71 0.000027
72 0.000028
73 0.000049
74 0.000110
75 0.001216
76 0.000014
77 0.000002
78 0.000001
79 0.000000
80 0.000000
81 0.001646
82 0.001953
83 0.001790
84 0.002607
85 0.002216
86 0.001873
87 0.001697
88 0.001880
89 0.002149
90 0.002786
91 0.000808
92 0.000272
93 0.000297
94 0.000541
95 0.000497
96 0.000193
97 0.000042
98 0.000025
99 0.000021
100 0.000035
101 0.000025
102 0.000001
103 0.000000
104 0.000003
105 0.000001
106 0.000000
107 0.000000
108 0.000000
109 0.001579
110 0.001646
111 0.001953
112 0.002216
113 0.002116
114 0.001697
115 0.001616
116 0.000000
117 0.000000
118 0.000000
119 0.000000
120 0.000000
121 0.000045
122 0.000297
123 0.000633
124 0.000378
125 0.000135
126 0.000024
127 0.000002
128 0.000000
129 0.000000
130 0.000000
131 0.000001
132 0.000001
133 0.000001
134 0.000000
135 0.000000
136 0.000055
137 0.001382
138 0.001589
139 0.001940
140 0.002116
141 0.001782
142 0.001616
143 0.001539
144 0.000000
145 0.000000
146 0.000000
147 0.000001
148 0.000000
149 0.000000
150 0.000000
151 0.000000
152 0.000001
153 0.000001
154 0.000001
155 0.000000
156 0.000000
157 0.000001
158 0.000002
159 0.000002
160 0.000002
161 0.000000
162 0.000000
163 0.000000
164 0.001579
165 0.001398
166 0.001682
167 0.002973
168 0.001782
169 0.001616
170 0.001539
171 0.001396
172 0.000000
173 0.000000
174 0.000000
175 0.000001
176 0.000001
177 0.000001
178 0.000000
179 0.000000
180 0.000000
181 0.000000
182 0.000000
183 0.000000
184 0.000001
185 0.000002
186 0.000004
187 0.000001
188 0.000000
189 0.000000
190 0.000000
191 0.000001
192 0.001419
193 0.001626
194 0.004628
195 0.019961
196 0.001616
197 0.001539
198 0.001277
199 0.001151
200 0.000002
201 0.000000
202 0.000000
203 0.000000
204 0.000001
205 0.000001
206 0.000001
207 0.000001
208 0.000000
209 0.000000
210 0.000000
211 0.000001
212 0.000001
213 0.000001
214 0.000001
215 0.000000
216 0.000000
217 0.000000
218 0.000000
219 0.000035
220 0.002026
221 0.007617
222 0.024645
223 0.036043
224 0.001539
225 0.001277
226 0.001151
227 0.001094
228 0.000848
229 0.000000
230 0.000000
231 0.000000
232 0.000000
233 0.000000
234 0.000001
235 0.000001
236 0.000004
237 0.000005
238 0.000016
239 0.000235
240 0.000004
241 0.000001
242 0.000000
243 0.000000
244 0.000000
245 0.000000
246 0.000000
247 0.000030
248 0.000331
249 0.001418
250 0.003051
251 0.003422
252 0.001465
253 0.001151
254 0.001094
255 0.000637
256 0.000132
257 0.000000
258 0.000000
259 0.000000
260 0.000000
261 0.000000
262 0.000000
263 0.000001
264 0.000004
265 0.000040
266 0.999988
267 0.006688
268 0.000017
269 0.000000
270 0.000000
271 0.000000
272 0.000000
273 0.000000
274 0.000000
275 0.000024
276 0.000055
277 0.000108
278 0.000096
279 0.000040
280 0.001151
281 0.000399
282 0.000205
283 0.000067
284 0.000036
285 0.000000
286 0.000000
287 0.000000
288 0.000000
289 0.000000
290 0.000000
291 0.000000
292 0.000001
293 0.000023
294 0.000008
295 0.000010
296 0.000036
297 0.000001
298 0.000000
299 0.000000
300 0.000000
301 0.000000
302 0.000000
303 0.000045
304 0.000037
305 0.000014
306 0.000006
307 0.000006
308 0.000219
309 0.000116
310 0.000051
311 0.000023
312 0.000003
313 0.000000
314 0.000000
315 0.000000
316 0.000000
317 0.000000
318 0.000000
319 0.000000
320 0.000001
321 0.000001
322 0.000001
323 0.000001
324 0.000001
325 0.000002
326 0.000001
327 0.000000
328 0.000000
329 0.000000
330 0.000003
331 0.000024
332 0.000025
333 0.000006
334 0.000005
335 0.000011
336 0.000082
337 0.000047
338 0.000033
339 0.000019
340 0.000001
341 0.000000
342 0.000000
343 0.000000
344 0.000000
345 0.000000
346 0.000000
347 0.000000
348 0.000000
349 0.000000
350 0.000001
351 0.000001
352 0.000001
353 0.000001
354 0.000001
355 0.000001
356 0.000001
357 0.000001
358 0.000002
359 0.000004
360 0.000065
361 0.000045
362 0.000051
363 0.000043
364 0.000068
365 0.000055
366 0.000027
367 0.000013
368 0.000000
369 0.000000
370 0.000000
371 0.000000
372 0.000000
373 0.000000
374 0.000000
375 0.000000
376 0.000000
377 0.000000
378 0.000000
379 0.000001
380 0.000001
381 0.000001
382 0.000003
383 0.000001
384 0.000001
385 0.000001
386 0.000001
387 0.000002
388 0.000342
389 0.000955
390 0.000702
391 0.000638
392 0.000048
393 0.000025
394 0.000014
395 0.000003
396 0.000000
397 0.000000
398 0.000000
399 0.000000
400 0.000000
401 0.000000
402 0.000000
403 0.000000
404 0.000000
405 0.000000
406 0.000000
407 0.000000
408 0.000001
409 0.000001
410 0.000002
411 0.000002
412 0.000001
413 0.000001
414 0.000001
415 0.000001
416 0.000091
417 0.005127
418 0.007137
419 0.004762
420 0.000056
421 0.000030
422 0.000031
423 0.000002
424 0.000000
425 0.000000
426 0.000000
427 0.000000
428 0.000000
429 0.000000
430 0.000000
431 0.000000
432 0.000000
433 0.000000
434 0.000000
435 0.000000
436 0.000001
437 0.000001
438 0.000001
439 0.000002
440 0.000006
441 0.000006
442 0.000001
443 0.000001
444 0.000025
445 0.006327
446 0.003746
447 0.002427
448 0.000302
449 0.000262
450 0.000282
451 0.000003
452 0.000000
453 0.000000
454 0.000000
455 0.000000
456 0.000000
457 0.000000
458 0.000000
459 0.000000
460 0.000000
461 0.000000
462 0.000000
463 0.000000
464 0.000000
465 0.000000
466 0.000001
467 0.000005
468 0.000785
469 0.000115
470 0.000003
471 0.000000
472 0.000001
473 0.000309
474 0.001231
475 0.001189
476 0.002477
477 0.003808
478 0.001179
479 0.000003
480 0.000000
481 0.000000
482 0.000000
483 0.000000
484 0.000000
485 0.000000
486 0.000000
487 0.000001
488 0.000001
489 0.000000
490 0.000000
491 0.000000
492 0.000000
493 0.000000
494 0.000000
495 0.000002
496 0.999959
497 0.007347
498 0.000014
499 0.000001
500 0.000000
501 0.000004
502 0.000485
503 0.001987
504 0.008326
505 0.009512
506 0.000499
507 0.000004
508 0.000001
509 0.000001
510 0.000001
511 0.000001
512 0.000001
513 0.000001
514 0.000001
515 0.000001
516 0.000001
517 0.000000
518 0.000000
519 0.000000
520 0.000000
521 0.000000
522 0.000000
523 0.000001
524 0.000007
525 0.004086
526 0.000593
527 0.000005
528 0.000000
529 0.000003
530 0.000520
531 0.002263
532 0.010011
533 0.010010
534 0.000170
535 0.000002
536 0.000002
537 0.000003
538 0.000010
539 0.000013
540 0.000023
541 0.000004
542 0.000001
543 0.000001
544 0.000000
545 0.000000
546 0.000000
547 0.000000
548 0.000000
549 0.000000
550 0.000000
551 0.000000
552 0.000000
553 0.000006
554 0.015912
555 0.000496
556 0.000003
557 0.000020
558 0.001112
559 0.001158
560 0.010008
561 0.010005
562 0.000147
563 0.000003
564 0.000001
565 0.000006
566 0.000033
567 0.000874
568 0.999971
569 0.000003
570 0.000001
571 0.000000
572 0.000000
573 0.000000
574 0.000000
575 0.000000
576 0.000000
577 0.000000
578 0.000000
579 0.000000
580 0.000000
581 0.000001
582 0.000095
583 0.002778
584 0.000176
585 0.004622
586 0.001713
587 0.001205
588 0.010004
589 0.010001
590 0.000679
591 0.000007
592 0.000003
593 0.000023
594 0.000881
595 0.002312
596 0.000106
597 0.000001
598 0.000000
599 0.000000
600 0.000000
601 0.000000
602 0.000000
603 0.000000
604 0.000000
605 0.000000
606 0.000000
607 0.000000
608 0.000000
609 0.000000
610 0.000003
611 0.000773
612 0.005756
613 0.010010
614 0.006116
615 0.002865
616 0.010000
617 0.007136
618 0.003278
619 0.000589
620 0.000165
621 0.001253
622 0.001096
623 0.000088
624 0.000006
625 0.000001
626 0.000000
627 0.000000
628 0.000000
629 0.000000
630 0.000000
631 0.000000
632 0.000000
633 0.000000
634 0.000000
635 0.000000
636 0.000000
637 0.000000
638 0.000004
639 0.000704
640 0.002011
641 0.005868
642 0.000001
643 0.000001
644 0.007286
645 0.003896
646 0.003076
647 0.003740
648 0.007099
649 0.001466
650 0.000040
651 0.000002
652 0.000002
653 0.000002
654 0.000000
655 0.000000
656 0.000000
657 0.000001
658 0.000001
659 0.000000
660 0.000000
661 0.000000
662 0.000000
663 0.000000
664 0.000000
665 0.000004
666 0.000133
667 0.000284
668 0.000768
669 0.000001
670 0.000001
671 0.000001
672 0.000001
673 0.002918
674 0.003489
675 0.006634
676 0.011165
677 0.010006
678 0.000097
679 0.000025
680 0.000022
681 0.000075
682 0.000062
683 0.000004
684 0.000001
685 0.000001
686 0.000001
687 0.000001
688 0.000002
689 0.000011
690 0.000018
691 0.000008
692 0.000018
693 0.000125
694 0.000143
695 0.000190
696 0.000000
697 0.000000
698 0.000001
699 0.000001
700 0.000001
701 0.000001
702 0.006094
703 0.010649
704 0.010006
705 0.005133
706 0.002264
707 0.000875
708 0.000800
709 0.000656
710 0.000197
711 0.000015
712 0.000002
713 0.000001
714 0.000002
715 0.000002
716 0.000004
717 0.000019
718 0.000086
719 0.000093
720 0.000099
721 0.000133
722 0.000178
723 0.000000
724 0.000001
725 0.000001
726 0.000000
727 0.000001
728 0.000001
729 0.000001
730 0.000001
731 0.000001
732 0.006171
733 0.002790
734 0.001279
735 0.000915
736 0.000875
737 0.000720
738 0.000656
739 0.000049
740 0.000006
741 0.000002
742 0.000002
743 0.000002
744 0.000010
745 0.000052
746 0.000093
747 0.000125
748 0.000133
749 0.000178
750 0.000000
751 0.000000
752 0.000000
753 0.000000
754 0.000001
755 0.000000
756 0.000001
757 0.000001
758 0.000005
759 0.000006
760 0.000001
761 0.001843
762 0.001153
763 0.000957
764 0.000915
765 0.000875
766 0.000837
767 0.000164
768 0.000013
769 0.000003
770 0.000003
771 0.000004
772 0.000020
773 0.000109
774 0.000093
775 0.000107
776 0.000143
777 0.000000
778 0.000050
779 0.000042
780 0.000001
781 0.000000
782 0.000000
783 0.000000
