0 0.013386
1 0.014828
2 0.008317
3 0.004677
4 0.001948
5 0.001099
6 0.000681
7 0.000574
8 0.000026
9 0.000001
10 0.000001
11 0.000001
12 0.000001
13 0.000001
14 0.000001
15 0.000001
16 0.000001
17 0.000000
18 0.000003
19 0.000031
20 0.000131
21 0.000142
22 0.000204
23 0.000221
24 0.000183
25 0.000200
26 0.000282
27 0.000306
28 0.006857
29 0.013386
30 0.015345
31 0.008317
32 0.004172
33 0.001647
34 0.000858
35 0.000221
36 0.000005
37 0.000001
38 0.000000
39 0.000001
40 0.000001
41 0.000001
42 0.000001
43 0.000000
44 0.000000
45 0.000000
46 0.000001
47 0.000013
48 0.000091
49 0.000131
50 0.000000
51 0.000000
52 0.000168
53 0.000239
54 0.000200
55 0.000282
56 0.004214
57 0.006857
58 0.011955
59 0.015344
60 0.008317
61 0.003348
62 0.001257
63 0.000066
64 0.000001
65 0.000000
66 0.000000
67 0.000000
68 0.000000
69 0.000000
70 0.000000
71 0.000000
72 0.000000
73 0.000000
74 0.000000
75 0.000003
76 0.000000
77 0.000000
78 0.000000
79 0.000000
80 0.000000
81 0.000168
82 0.000239
83 0.000573
84 0.002195
85 0.003760
86 0.006117
87 0.012863
88 0.013689
89 0.007418
90 0.003286
91 0.000019
92 0.000001
93 0.000000
94 0.000000
95 0.000000
96 0.000000
97 0.000000
98 0.000000
99 0.000000
100 0.000000
101 0.000000
102 0.000000
103 0.000000
104 0.000000
105 0.000000
106 0.000000
107 0.000000
108 0.000000
109 0.000202
110 0.000503
111 0.001755
112 0.001286
113 0.001732
114 0.003036
115 0.006117
116 0.000000
117 0.000000
118 0.000000
119 0.000000
120 0.000000
121 0.000000
122 0.000000
123 0.000000
124 0.000000
125 0.000000
126 0.000000
127 0.000000
128 0.000000
129 0.000000
130 0.000000
131 0.000000
132 0.000000
133 0.000000
134 0.000000
135 0.000000
136 0.000132
137 0.000440
138 0.001610
139 0.006329
140 0.000874
141 0.000956
142 0.001298
143 0.002295
144 0.000000
145 0.000000
146 0.000000
147 0.000000
148 0.000000
149 0.000000
150 0.000000
151 0.000000
152 0.000000
153 0.000000
154 0.000000
155 0.000000
156 0.000000
157 0.000000
158 0.000000
159 0.000000
160 0.000000
161 0.000000
162 0.000000
163 0.000000
164 0.000504
165 0.001478
166 0.006168
167 0.007838
168 0.000669
169 0.000574
170 0.000731
171 0.001046
172 0.000000
173 0.000000
174 0.000000
175 0.000000
176 0.000000
177 0.000000
178 0.000000
179 0.000000
180 0.000000
181 0.000000
182 0.000000
183 0.000000
184 0.000000
185 0.000000
186 0.000000
187 0.000000
188 0.000000
189 0.000000
190 0.000000
191 0.000016
192 0.001886
193 0.005960
194 0.003596
195 0.001568
196 0.000586
197 0.000532
198 0.000398
199 0.000487
200 0.000000
201 0.000000
202 0.000000
203 0.000000
204 0.000000
205 0.000000
206 0.000000
207 0.000000
208 0.000000
209 0.000000
210 0.000000
211 0.000000
212 0.000000
213 0.000000
214 0.000000
215 0.000000
216 0.000000
217 0.000000
218 0.000000
219 0.000216
220 0.999981
221 0.002710
222 0.000967
223 0.000397
224 0.000607
225 0.000438
226 0.000346
227 0.000313
228 0.000277
229 0.000000
230 0.000000
231 0.000000
232 0.000000
233 0.000000
234 0.000000
235 0.000000
236 0.000000
237 0.000000
238 0.000000
239 0.000000
240 0.000000
241 0.000000
242 0.000000
243 0.000000
244 0.000000
245 0.000000
246 0.000000
247 0.000075
248 0.000023
249 0.000005
250 0.000003
251 0.000004
252 0.000562
253 0.000387
254 0.000357
255 0.000108
256 0.000006
257 0.000000
258 0.000000
259 0.000000
260 0.000000
261 0.000000
262 0.000000
263 0.000000
264 0.000000
265 0.000000
266 0.000000
267 0.000000
268 0.000000
269 0.000000
270 0.000000
271 0.000000
272 0.000000
273 0.000000
274 0.000000
275 0.000000
276 0.000000
277 0.000000
278 0.000000
279 0.000000
280 0.000351
281 0.000047
282 0.000013
283 0.000001
284 0.000000
285 0.000000
286 0.000000
287 0.000000
288 0.000000
289 0.000000
290 0.000000
291 0.000000
292 0.000000
293 0.000000
294 0.000000
295 0.000000
296 0.000000
297 0.000000
298 0.000000
299 0.000000
300 0.000000
301 0.000000
302 0.000000
303 0.000000
304 0.000000
305 0.000000
306 0.000000
307 0.000000
308 0.000015
309 0.000002
310 0.000000
311 0.000000
312 0.000000
313 0.000000
314 0.000000
315 0.000000
316 0.000000
317 0.000000
318 0.000000
319 0.000000
320 0.000000
321 0.000000
322 0.000000
323 0.000000
324 0.000000
325 0.000000
326 0.000000
327 0.000000
328 0.000000
329 0.000000
330 0.000000
331 0.000000
332 0.000000
333 0.000000
334 0.000000
335 0.000000
336 0.000001
337 0.000000
338 0.000000
339 0.000000
340 0.000000
341 0.000000
342 0.000000
343 0.000000
344 0.000000
345 0.000000
346 0.000000
347 0.000000
348 0.000000
349 0.000000
350 0.000000
351 0.000000
352 0.000000
353 0.000000
354 0.000000
355 0.000000
356 0.000000
357 0.000000
358 0.000000
359 0.000000
360 0.000000
361 0.000000
362 0.000000
363 0.000001
364 0.000001
365 0.000001
366 0.000000
367 0.000000
368 0.000000
369 0.000000
370 0.000000
371 0.000000
372 0.000000
373 0.000000
374 0.000000
375 0.000000
376 0.000000
377 0.000000
378 0.000000
379 0.000000
380 0.000000
381 0.000000
382 0.000000
383 0.000000
384 0.000000
385 0.000000
386 0.000000
387 0.000000
388 0.000000
389 0.000000
390 0.000001
391 0.000004
392 0.000001
393 0.000000
394 0.000000
395 0.000000
396 0.000000
397 0.000000
398 0.000000
399 0.000000
400 0.000000
401 0.000000
402 0.000000
403 0.000000
404 0.000000
405 0.000000
406 0.000000
407 0.000000
408 0.000000
409 0.000000
410 0.000000
411 0.000000
412 0.000000
413 0.000000
414 0.000000
415 0.000000
416 0.000000
417 0.000002
418 0.000005
419 0.000002
420 0.000001
421 0.000000
422 0.000000
423 0.000000
424 0.000000
425 0.000000
426 0.000000
427 0.000000
428 0.000000
429 0.000000
430 0.000000
431 0.000000
432 0.000000
433 0.000000
434 0.000000
435 0.000000
436 0.000000
437 0.000000
438 0.000000
439 0.000000
440 0.000000
441 0.000000
442 0.000000
443 0.000000
444 0.000000
445 0.000001
446 0.000000
447 0.000000
448 0.000001
449 0.000000
450 0.000000
451 0.000000
452 0.000000
453 0.000000
454 0.000000
455 0.000000
456 0.000000
457 0.000000
458 0.000000
459 0.000000
460 0.000000
461 0.000000
462 0.000000
463 0.000000
464 0.000000
465 0.000000
466 0.000000
467 0.000000
468 0.000000
469 0.000000
470 0.000000
471 0.000000
472 0.000000
473 0.000000
474 0.000000
475 0.000000
476 0.000005
477 0.000002
478 0.000000
479 0.000000
480 0.000000
481 0.000000
482 0.000000
483 0.000000
484 0.000000
485 0.000000
486 0.000000
487 0.000000
488 0.000000
489 0.000000
490 0.000000
491 0.000000
492 0.000000
493 0.000000
494 1.000000
495 0.009610
496 0.000001
497 0.000000
498 0.000000
499 0.000000
500 0.000000
501 0.000000
502 0.000000
503 0.000000
504 0.000076
505 0.000023
506 0.000000
507 0.000000
508 0.000000
509 0.000000
510 0.000000
511 0.000000
512 0.000000
513 0.000000
514 0.000000
515 0.000000
516 0.000000
517 0.000000
518 0.000000
519 0.000000
520 0.000000
521 0.000000
522 0.000000
523 0.003875
524 0.000016
525 0.000000
526 0.000000
527 0.000000
528 0.000000
529 0.000000
530 0.000000
531 0.000002
532 0.000068
533 0.000058
534 0.000000
535 0.000000
536 0.000000
537 0.000000
538 0.000000
539 0.000000
540 0.000000
541 0.000000
542 0.000000
543 0.000000
544 0.000000
545 0.000000
546 0.000000
547 0.000000
548 0.000000
549 0.000000
550 0.000000
551 0.000000
552 0.000028
553 0.000007
554 0.000000
555 0.000000
556 0.000000
557 0.000000
558 0.000002
559 0.000002
560 0.000096
561 0.000089
562 0.000000
563 0.000000
564 0.000000
565 0.000000
566 0.000000
567 0.000000
568 0.000000
569 0.000000
570 0.000000
571 0.000000
572 0.000000
573 0.000000
574 0.000000
575 0.000000
576 0.000000
577 0.000000
578 0.000000
579 0.000000
580 0.000000
581 0.004687
582 0.001966
583 0.000003
584 0.000000
585 0.000027
586 0.000006
587 0.000004
588 0.000136
589 0.000096
590 0.000001
591 0.000000
592 0.000000
593 0.000000
594 0.000000
595 0.000000
596 0.000000
597 0.000000
598 0.000000
599 0.000000
600 0.000000
601 0.000000
602 0.000000
603 0.000000
604 0.000000
605 0.000000
606 0.000000
607 0.000000
608 0.000000
609 0.000000
610 0.013617
611 0.099275
612 0.001385
613 0.000169
614 0.000046
615 0.000015
616 0.000159
617 0.000136
618 0.000096
619 0.000001
620 0.000000
621 0.000000
622 0.000000
623 0.000000
624 0.000000
625 0.000000
626 0.000000
627 0.000000
628 0.000000
629 0.000000
630 0.000000
631 0.000000
632 0.000000
633 0.000000
634 0.000000
635 0.000000
636 0.000000
637 0.000000
638 0.000004
639 0.010000
640 0.011984
641 0.002763
642 0.000000
643 0.000000
644 0.000172
645 0.000159
646 0.000147
647 0.000105
648 0.000016
649 0.000000
650 0.000000
651 0.000000
652 0.000000
653 0.000000
654 0.000000
655 0.000000
656 0.000000
657 0.000000
658 0.000000
659 0.000000
660 0.000000
661 0.000000
662 0.000000
663 0.000000
664 0.000000
665 0.000000
666 0.000081
667 0.001376
668 0.010000
669 0.000000
670 0.000000
671 0.000000
672 0.000000
673 0.000172
674 0.000159
675 0.000113
676 0.000136
677 0.000096
678 0.000000
679 0.000000
680 0.000000
681 0.000001
682 0.000000
683 0.000000
684 0.000000
685 0.000000
686 0.000000
687 0.000000
688 0.000000
689 0.000001
690 0.000000
691 0.000000
692 0.000000
693 0.000002
694 0.000014
695 0.000153
696 0.000000
697 0.000000
698 0.000000
699 0.000000
700 0.000000
701 0.000000
702 0.000172
703 0.000159
704 0.000147
705 0.000136
706 0.000096
707 0.000089
708 0.000076
709 0.000053
710 0.000003
711 0.000000
712 0.000000
713 0.000000
714 0.000000
715 0.000001
716 0.000001
717 0.000001
718 0.000001
719 0.000001
720 0.000001
721 0.000002
722 0.000004
723 0.000000
724 0.000000
725 0.000000
726 0.000000
727 0.000000
728 0.000000
729 0.000000
730 0.000000
731 0.000000
732 0.000159
733 0.000147
734 0.000105
735 0.000097
736 0.000089
737 0.000063
738 0.000053
739 0.000000
740 0.000000
741 0.000000
742 0.000001
743 0.000001
744 0.000001
745 0.000001
746 0.000001
747 0.000002
748 0.000002
749 0.000003
750 0.000000
751 0.000000
752 0.000000
753 0.000000
754 0.000000
755 0.000000
756 0.000000
757 0.000000
758 0.000000
759 0.000000
760 0.000000
761 0.000159
762 0.000147
763 0.000105
764 0.000097
765 0.000089
766 0.000082
767 0.000002
768 0.000000
769 0.000000
770 0.000001
771 0.000001
772 0.000001
773 0.000001
774 0.000001
775 0.000001
776 0.000002
777 0.000000
778 0.000000
779 0.000000
780 0.000000
781 0.000000
782 0.000000
783 0.000000
