0 0.010000
1 0.010001
2 0.006444
3 0.003286
4 0.001336
5 0.000541
6 0.000459
7 0.000423
8 0.000051
9 0.000006
10 0.000004
11 0.000003
12 0.000010
13 0.000033
14 0.000099
15 0.000030
16 0.000019
17 0.000005
18 0.000018
19 0.000118
20 0.000495
21 0.000526
22 0.000683
23 0.000724
24 0.000633
25 0.000864
26 0.001593
27 0.003578
28 0.007306
29 0.010000
30 0.010001
31 0.006254
32 0.002438
33 0.000888
34 0.000423
35 0.000227
36 0.000013
37 0.000002
38 0.000002
39 0.000002
40 0.000013
41 0.000058
42 0.000051
43 0.000026
44 0.000007
45 0.000002
46 0.000002
47 0.000040
48 0.000378
49 0.000495
50 0.000036
51 0.000000
52 0.000776
53 0.001483
54 0.003869
55 0.012503
56 0.006528
57 0.007204
58 0.008001
59 0.010001
60 0.005981
61 0.001686
62 0.000616
63 0.000068
64 0.000005
65 0.000001
66 0.000002
67 0.000004
68 0.000015
69 0.000070
70 0.000027
71 0.000010
72 0.000003
73 0.000001
74 0.000001
75 0.000009
76 0.000047
77 0.000000
78 0.000000
79 0.000000
80 0.000000
81 0.003708
82 0.012503
83 0.018991
84 0.006663
85 0.006220
86 0.006852
87 0.007834
88 0.010002
89 0.004453
90 0.001460
91 0.000029
92 0.000001
93 0.000001
94 0.000001
95 0.000007
96 0.000024
97 0.000041
98 0.000022
99 0.000004
100 0.000001
101 0.000000
102 0.000000
103 0.000000
104 0.000000
105 0.000000
106 0.000000
107 0.000000
108 0.000000
109 0.013896
110 0.018991
111 0.016416
112 0.013146
113 0.007520
114 0.005894
115 0.006710
116 0.000000
117 0.000000
118 0.000000
119 0.000000
120 0.000000
121 0.000000
122 0.000002
123 0.000011
124 0.000065
125 0.000026
126 0.000006
127 0.000000
128 0.000000
129 0.000000
130 0.000000
131 0.000000
132 0.000000
133 0.000000
134 0.000000
135 0.000000
136 0.000139
137 0.017699
138 0.015124
139 0.007596
140 0.016534
141 0.013608
142 0.008422
143 0.005676
144 0.000000
145 0.000000
146 0.000000
147 0.000000
148 0.000000
149 0.000000
150 0.000000
151 0.000000
152 0.000000
153 0.000000
154 0.000000
155 0.000000
156 0.000000
157 0.000000
158 0.000000
159 0.000000
160 0.000000
161 0.000000
162 0.000000
163 0.000000
164 0.019135
165 0.013925
166 0.005981
167 0.002398
168 0.009191
169 0.015949
170 0.015002
171 0.011346
172 0.000000
173 0.000000
174 0.000001
175 0.000000
176 0.000000
177 0.000000
178 0.000000
179 0.000000
180 0.000000
181 0.000000
182 0.000000
183 0.000000
184 0.000000
185 0.000000
186 0.000000
187 0.000000
188 0.000000
189 0.000000
190 0.000000
191 0.000001
192 0.011553
193 0.004620
194 0.001374
195 0.001611
196 0.002639
197 0.006030
198 0.015322
199 0.015407
200 0.000147
201 0.000000
202 0.000000
203 0.000010
204 0.000000
205 0.000000
206 0.000000
207 0.000000
208 0.000000
209 0.000000
210 0.000000
211 0.000000
212 0.000000
213 0.000000
214 0.000000
215 0.000000
216 0.000000
217 0.000000
218 0.000000
219 0.000138
220 0.003437
221 0.001092
222 0.001840
223 0.006558
224 0.000707
225 0.001427
226 0.003134
227 0.015130
228 0.014870
229 0.000000
230 0.000000
231 0.000000
232 0.000011
233 0.000136
234 0.000011
235 0.000000
236 0.000000
237 0.000000
238 0.000000
239 0.000000
240 0.000000
241 0.000000
242 0.000000
243 0.000000
244 0.000000
245 0.000000
246 0.000000
247 0.000120
248 0.000082
249 0.000473
250 0.001462
251 0.002289
252 0.000359
253 0.000366
254 0.000666
255 0.001382
256 0.001333
257 0.000000
258 0.000000
259 0.000000
260 0.000001
261 0.004475
262 0.999996
263 0.000001
264 0.000000
265 0.000000
266 0.000000
267 0.000000
268 0.000000
269 0.000000
270 0.000000
271 0.000000
272 0.000000
273 0.000000
274 0.000000
275 0.000014
276 0.000068
277 0.000118
278 0.000194
279 0.000255
280 0.000241
281 0.000069
282 0.000044
283 0.000328
284 0.000988
285 0.000001
286 0.000000
287 0.000000
288 0.000000
289 0.000349
290 0.000036
291 0.000000
292 0.000000
293 0.000000
294 0.000000
295 0.000000
296 0.000000
297 0.000000
298 0.000000
299 0.000000
300 0.000000
301 0.000000
302 0.000000
303 0.000042
304 0.000054
305 0.000077
306 0.000044
307 0.000010
308 0.000096
309 0.000287
310 0.000156
311 0.000103
312 0.000032
313 0.000002
314 0.000000
315 0.000000
316 0.000000
317 0.000001
318 0.000001
319 0.000000
320 0.000000
321 0.000000
322 0.000000
323 0.000000
324 0.000000
325 0.000000
326 0.000000
327 0.000000
328 0.000000
329 0.000000
330 0.000000
331 0.000001
332 0.000048
333 0.000012
334 0.000007
335 0.000012
336 0.000323
337 0.000294
338 0.000495
339 0.000369
340 0.000001
341 0.000000
342 0.000000
343 0.000000
344 0.000000
345 0.000000
346 0.000000
347 0.000000
348 0.000000
349 0.000000
350 0.000000
351 0.000001
352 0.000000
353 0.000000
354 0.000000
355 0.000000
356 0.000000
357 0.000000
358 0.000000
359 0.000000
360 0.000003
361 0.000005
362 0.000008
363 0.000009
364 0.000732
365 0.000499
366 0.000125
367 0.000080
368 0.000000
369 0.000000
370 0.000000
371 0.000000
372 0.000000
373 0.000000
374 0.000000
375 0.000000
376 0.000000
377 0.000001
378 0.000131
379 0.000031
380 0.000000
381 0.000000
382 0.000000
383 0.000000
384 0.000000
385 0.000000
386 0.000000
387 0.000000
388 0.000000
389 0.000005
390 0.000006
391 0.000010
392 0.000087
393 0.000073
394 0.000075
395 0.000002
396 0.000000
397 0.000000
398 0.000000
399 0.000000
400 0.000000
401 0.000000
402 0.000000
403 0.000000
404 0.000003
405 0.000515
406 0.067185
407 0.000138
408 0.000000
409 0.000000
410 0.000000
411 0.000000
412 0.000000
413 0.000000
414 0.000000
415 0.000000
416 0.000000
417 0.000004
418 0.000006
419 0.000007
420 0.000095
421 0.000047
422 0.000015
423 0.000000
424 0.000000
425 0.000000
426 0.000000
427 0.000000
428 0.000000
429 0.000000
430 0.000000
431 0.000000
432 0.000004
433 0.999996
434 0.000605
435 0.000003
436 0.000000
437 0.000000
438 0.000000
439 0.000000
440 0.000000
441 0.000000
442 0.000000
443 0.000000
444 0.000000
445 0.000004
446 0.000006
447 0.000007
448 0.000067
449 0.000011
450 0.000003
451 0.000000
452 0.000000
453 0.000000
454 0.000000
455 0.000000
456 0.000000
457 0.000000
458 0.000000
459 0.000000
460 0.000001
461 0.000001
462 0.000000
463 0.000000
464 0.000000
465 0.000000
466 0.000000
467 0.000000
468 0.000000
469 0.000000
470 0.000000
471 0.000000
472 0.000000
473 0.000000
474 0.000005
475 0.000012
476 0.000144
477 0.000021
478 0.000001
479 0.000000
480 0.000000
481 0.000000
482 0.000000
483 0.000000
484 0.000000
485 0.000000
486 0.000000
487 0.000000
488 0.000000
489 0.000000
490 0.000000
491 0.000000
492 0.000000
493 0.000000
494 0.000000
495 0.000000
496 0.000000
497 0.000000
498 0.000000
499 0.000000
500 0.000000
501 0.000000
502 0.000041
503 0.000066
504 0.000771
505 0.000173
506 0.000001
507 0.000000
508 0.000000
509 0.000000
510 0.000000
511 0.000000
512 0.000000
513 0.000000
514 0.000000
515 0.000000
516 0.000000
517 0.000000
518 0.000000
519 0.000000
520 0.000000
521 0.000000
522 0.000000
523 0.000000
524 0.000000
525 0.000000
526 0.000000
527 0.000000
528 0.000000
529 0.000000
530 0.000710
531 0.001342
532 0.000504
533 0.000452
534 0.000001
535 0.000000
536 0.000000
537 0.000000
538 0.000000
539 0.000000
540 0.000000
541 0.000000
542 0.000000
543 0.000000
544 0.000000
545 0.000000
546 0.000000
547 0.000000
548 0.000000
549 0.000000
550 0.000000
551 0.000000
552 0.000000
553 0.000000
554 0.000000
555 0.000000
556 0.000000
557 0.000010
558 0.005008
559 0.003075
560 0.000628
561 0.000597
562 0.000001
563 0.000000
564 0.000000
565 0.000000
566 0.000000
567 0.000000
568 0.000000
569 0.000000
570 0.000000
571 0.000000
572 0.000000
573 0.000000
574 0.000000
575 0.000000
576 0.000000
577 0.000000
578 0.000000
579 0.000000
580 0.000000
581 0.000000
582 0.000000
583 0.000000
584 0.000004
585 0.010003
586 0.010002
587 0.007128
588 0.000781
589 0.000628
590 0.000016
591 0.000000
592 0.000000
593 0.000000
594 0.000000
595 0.000001
596 0.000000
597 0.000000
598 0.000000
599 0.000000
600 0.000000
601 0.000000
602 0.000000
603 0.000000
604 0.000000
605 0.000000
606 0.000000
607 0.000000
608 0.000000
609 0.000001
610 0.000000
611 0.000008
612 0.010002
613 0.010002
614 0.010003
615 0.010002
616 0.000862
617 0.000781
618 0.000628
619 0.000032
620 0.000000
621 0.000000
622 0.000000
623 0.000000
624 0.000000
625 0.000000
626 0.000000
627 0.000000
628 0.000000
629 0.000000
630 0.000000
631 0.000000
632 0.000000
633 0.000000
634 0.000000
635 0.000000
636 0.000000
637 0.000000
638 0.000014
639 0.010000
640 0.010001
641 0.010002
642 0.000000
643 0.000000
644 0.000905
645 0.000862
646 0.000820
647 0.000925
648 0.000588
649 0.000004
650 0.000001
651 0.000000
652 0.000000
653 0.000000
654 0.000000
655 0.000000
656 0.000000
657 0.000002
658 0.000002
659 0.000000
660 0.000000
661 0.000000
662 0.000000
663 0.000000
664 0.000000
665 0.000027
666 0.010000
667 0.010000
668 0.010000
669 0.000000
670 0.000000
671 0.000000
672 0.000000
673 0.000905
674 0.001014
675 0.001911
676 0.004612
677 0.010003
678 0.000051
679 0.000022
680 0.000016
681 0.000036
682 0.000080
683 0.000012
684 0.000003
685 0.000004
686 0.000003
687 0.000003
688 0.000005
689 0.000144
690 0.000330
691 0.000250
692 0.000540
693 0.010001
694 0.010001
695 0.010000
696 0.000000
697 0.000000
698 0.000000
699 0.000000
700 0.000000
701 0.000000
702 0.002043
703 0.003976
704 0.010003
705 0.010003
706 0.010002
707 0.003827
708 0.001393
709 0.000445
710 0.000177
711 0.000031
712 0.000007
713 0.000005
714 0.000006
715 0.000006
716 0.000008
717 0.000170
718 0.003825
719 0.009400
720 0.017796
721 0.010002
722 0.010001
723 0.000000
724 0.000000
725 0.000000
726 0.000000
727 0.000000
728 0.000000
729 0.000000
730 0.000000
731 0.000000
732 0.010003
733 0.010002
734 0.005798
735 0.002226
736 0.000735
737 0.000477
738 0.000429
739 0.000076
740 0.000017
741 0.000007
742 0.000006
743 0.000007
744 0.000020
745 0.000131
746 0.002039
747 0.005732
748 0.013873
749 0.010003
750 0.000000
751 0.000000
752 0.000000
753 0.000000
754 0.000000
755 0.000000
756 0.000000
757 0.000000
758 0.000000
759 0.000000
760 0.000000
761 0.008384
762 0.003374
763 0.001135
764 0.000636
765 0.000597
766 0.000567
767 0.000193
768 0.000032
769 0.000011
770 0.000009
771 0.000009
772 0.000042
773 0.000311
774 0.000919
775 0.003065
776 0.007164
777 0.000000
778 0.000064
779 0.000030
780 0.000000
781 0.000000
782 0.000000
783 0.000000
