0 0.009483
1 0.008367
2 0.006408
3 0.005209
4 0.004146
5 0.003745
6 0.003527
7 0.003423
8 0.000988
9 0.000247
10 0.000192
11 0.000225
12 0.000384
13 0.000869
14 0.003155
15 0.006934
16 0.005402
17 0.001626
18 0.000890
19 0.001169
20 0.001690
21 0.002894
22 0.004608
23 0.006353
24 0.006374
25 0.005983
26 0.006220
27 0.006218
28 0.009439
29 0.009483
30 0.008248
31 0.006228
32 0.004635
33 0.003815
34 0.003423
35 0.002410
36 0.000466
37 0.000142
38 0.000134
39 0.000170
40 0.000349
41 0.001636
42 0.005186
43 0.007727
44 0.003504
45 0.001061
46 0.000612
47 0.000868
48 0.002730
49 0.004441
50 0.000000
51 0.000000
52 0.005984
53 0.006220
54 0.005615
55 0.004557
56 0.009485
57 0.009439
58 0.009438
59 0.008169
60 0.005969
61 0.003986
62 0.003323
63 0.001221
64 0.000255
65 0.000099
66 0.000124
67 0.000161
68 0.000442
69 0.002596
70 0.008029
71 0.004746
72 0.001531
73 0.000670
74 0.000505
75 0.001272
76 0.000002
77 0.000000
78 0.000000
79 0.000000
80 0.000000
81 0.005580
82 0.004442
83 0.003081
84 0.008289
85 0.009439
86 0.009394
87 0.009393
88 0.007407
89 0.005332
90 0.003693
91 0.000575
92 0.000118
93 0.000083
94 0.000098
95 0.000182
96 0.000715
97 0.003505
98 0.006179
99 0.002743
100 0.000791
101 0.000210
102 0.000001
103 0.000000
104 0.000000
105 0.000000
106 0.000000
107 0.000000
108 0.000000
109 0.003791
110 0.002931
111 0.002405
112 0.005818
113 0.007605
114 0.009394
115 0.009395
116 0.000000
117 0.000000
118 0.000000
119 0.000000
120 0.000000
121 0.000020
122 0.000118
123 0.000319
124 0.001701
125 0.003843
126 0.002551
127 0.000045
128 0.000001
129 0.000000
130 0.000000
131 0.000000
132 0.000000
133 0.000000
134 0.000000
135 0.000000
136 0.000866
137 0.002442
138 0.001978
139 0.002102
140 0.004323
141 0.005210
142 0.006850
143 0.008656
144 0.000000
145 0.000000
146 0.000000
147 0.000000
148 0.000000
149 0.000000
150 0.000000
151 0.000000
152 0.000011
153 0.000002
154 0.000001
155 0.000000
156 0.000000
157 0.000000
158 0.000000
159 0.000000
160 0.000000
161 0.000000
162 0.000000
163 0.000000
164 0.002418
165 0.001610
166 0.001715
167 0.001784
168 0.003635
169 0.003694
170 0.004550
171 0.006114
172 0.000000
173 0.000000
174 0.000000
175 0.000000
176 0.000000
177 0.000000
178 0.000000
179 0.000000
180 0.000000
181 0.000000
182 0.000000
183 0.000000
184 0.000000
185 0.000000
186 0.000000
187 0.000000
188 0.000000
189 0.000000
190 0.000000
191 0.000015
192 0.001381
193 0.001330
194 0.001387
195 0.001807
196 0.003467
197 0.003323
198 0.002965
199 0.003905
200 0.000028
201 0.000000
202 0.000000
203 0.000000
204 0.000000
205 0.000000
206 0.000000
207 0.000000
208 0.000000
209 0.000000
210 0.000000
211 0.000000
212 0.000000
213 0.000000
214 0.000000
215 0.000000
216 0.000000
217 0.000000
218 0.000000
219 0.000150
220 0.001276
221 0.001330
222 0.001504
223 0.001773
224 0.003774
225 0.003198
226 0.002817
227 0.002695
228 0.003019
229 0.000000
230 0.000000
231 0.000000
232 0.000000
233 0.000000
234 0.000000
235 0.000000
236 0.000000
237 0.000000
238 0.000000
239 0.000000
240 0.000000
241 0.000000
242 0.000000
243 0.000000
244 0.000000
245 0.000000
246 0.000000
247 0.000030
248 0.000065
249 0.000112
250 0.000237
251 0.000410
252 0.003998
253 0.003358
254 0.003072
255 0.001546
256 0.000292
257 0.000000
258 0.000000
259 0.000000
260 0.000000
261 0.000001
262 0.000001
263 0.000000
264 0.000000
265 0.000000
266 0.000000
267 0.000000
268 0.000000
269 0.000000
270 0.000000
271 0.000000
272 0.000000
273 0.000000
274 0.000000
275 0.000004
276 0.000008
277 0.000016
278 0.000028
279 0.000052
280 0.003873
281 0.001279
282 0.000553
283 0.000149
284 0.000057
285 0.000000
286 0.000000
287 0.000000
288 0.000000
289 0.000001
290 0.000001
291 0.000000
292 0.000000
293 0.000000
294 0.000001
295 0.000001
296 0.000000
297 0.000000
298 0.000000
299 0.000000
300 0.000000
301 0.000000
302 0.000002
303 0.000006
304 0.000008
305 0.000011
306 0.000014
307 0.000027
308 0.000855
309 0.000341
310 0.000127
311 0.000050
312 0.000006
313 0.000000
314 0.000000
315 0.000000
316 0.000000
317 0.000000
318 0.000001
319 0.000003
320 0.000002
321 0.000006
322 0.000006
323 0.000001
324 0.000000
325 0.000000
326 0.000000
327 0.000000
328 0.000000
329 0.000001
330 0.000006
331 0.000005
332 0.000009
333 0.000014
334 0.000028
335 0.000068
336 0.000397
337 0.000191
338 0.000110
339 0.000061
340 0.000002
341 0.000000
342 0.000000
343 0.000000
344 0.000000
345 0.000000
346 0.000000
347 0.000019
348 0.001608
349 0.000533
350 0.000010
351 0.000000
352 0.000000
353 0.000000
354 0.000000
355 0.000000
356 0.000000
357 0.000001
358 0.000005
359 0.000010
360 0.000016
361 0.000036
362 0.000082
363 0.000142
364 0.000463
365 0.000367
366 0.000168
367 0.000090
368 0.000001
369 0.000000
370 0.000000
371 0.000000
372 0.000000
373 0.000000
374 0.000000
375 0.000009
376 0.001376
377 0.999976
378 0.000004
379 0.000000
380 0.000000
381 0.000000
382 0.000000
383 0.000000
384 0.000001
385 0.000008
386 0.000028
387 0.000041
388 0.000024
389 0.000111
390 0.000161
391 0.000116
392 0.000975
393 0.000366
394 0.000159
395 0.000026
396 0.000000
397 0.000000
398 0.000005
399 0.000002
400 0.000000
401 0.000000
402 0.000000
403 0.000004
404 0.000191
405 0.000035
406 0.000003
407 0.000000
408 0.000000
409 0.000000
410 0.000000
411 0.000000
412 0.000004
413 0.000148
414 0.000968
415 0.000427
416 0.000259
417 0.000127
418 0.000070
419 0.000049
420 0.000388
421 0.000443
422 0.000460
423 0.000013
424 0.000000
425 0.000001
426 0.000247
427 0.000059
428 0.000000
429 0.000000
430 0.000000
431 0.000002
432 0.000001
433 0.000000
434 0.000000
435 0.000000
436 0.000000
437 0.000000
438 0.000000
439 0.000000
440 0.000003
441 0.000182
442 0.999980
443 0.001815
444 0.000488
445 0.000171
446 0.000061
447 0.000033
448 0.000211
449 0.000227
450 0.000230
451 0.000006
452 0.000001
453 0.000077
454 0.999988
455 0.000155
456 0.000001
457 0.000000
458 0.000001
459 0.000000
460 0.000000
461 0.000000
462 0.000000
463 0.000000
464 0.000000
465 0.000000
466 0.000000
467 0.000001
468 0.000001
469 0.000005
470 0.000099
471 0.001559
472 0.000644
473 0.000164
474 0.000223
475 0.000201
476 0.000188
477 0.000140
478 0.000137
479 0.000003
480 0.000005
481 0.001060
482 0.001614
483 0.000403
484 0.000003
485 0.000001
486 0.000000
487 0.000000
488 0.000000
489 0.000000
490 0.000000
491 0.000000
492 0.000000
493 0.000000
494 0.000004
495 0.000004
496 0.000000
497 0.000000
498 0.000001
499 0.000080
500 0.000664
501 0.001444
502 0.002667
503 0.002398
504 0.000804
505 0.001211
506 0.000114
507 0.000003
508 0.000031
509 0.001704
510 0.000109
511 0.000047
512 0.000006
513 0.000001
514 0.000000
515 0.000000
516 0.000000
517 0.000000
518 0.000000
519 0.000000
520 0.000000
521 0.000001
522 0.000006
523 0.000003
524 0.000000
525 0.000000
526 0.000001
527 0.000012
528 0.000471
529 0.000837
530 0.006807
531 0.010014
532 0.002148
533 0.004416
534 0.000215
535 0.000032
536 0.000830
537 0.000081
538 0.000011
539 0.000013
540 0.000003
541 0.000000
542 0.000000
543 0.000000
544 0.000000
545 0.000000
546 0.000001
547 0.000001
548 0.000000
549 0.000001
550 0.000005
551 0.000003
552 0.000003
553 0.000002
554 0.000001
555 0.000012
556 0.000257
557 0.000341
558 0.002821
559 0.005344
560 0.006770
561 0.010006
562 0.000265
563 0.000336
564 0.000862
565 0.000071
566 0.000010
567 0.000005
568 0.000000
569 0.000000
570 0.000000
571 0.000000
572 0.000000
573 0.000000
574 0.000000
575 0.000001
576 0.000003
577 0.000046
578 0.000105
579 0.000046
580 0.000023
581 0.000023
582 0.000011
583 0.000014
584 0.000249
585 0.000708
586 0.001076
587 0.002415
588 0.010006
589 0.018313
590 0.003952
591 0.001544
592 0.000234
593 0.000007
594 0.000007
595 0.000002
596 0.000001
597 0.000000
598 0.000000
599 0.000000
600 0.000000
601 0.000000
602 0.000000
603 0.000000
604 0.000010
605 0.999967
606 0.007923
607 0.000802
608 0.000251
609 0.000058
610 0.000068
611 0.000327
612 0.002140
613 0.001004
614 0.000740
615 0.000928
616 0.016711
617 0.017757
618 0.018323
619 0.008068
620 0.000072
621 0.000013
622 0.000004
623 0.000001
624 0.000001
625 0.000000
626 0.000000
627 0.000000
628 0.000000
629 0.000000
630 0.000000
631 0.000000
632 0.000006
633 0.000140
634 0.001974
635 0.014416
636 0.005238
637 0.001932
638 0.001154
639 0.010009
640 0.005112
641 0.002758
642 0.000001
643 0.000001
644 0.016232
645 0.016718
646 0.013096
647 0.010017
648 0.005183
649 0.000088
650 0.000005
651 0.000001
652 0.000001
653 0.000001
654 0.000000
655 0.000000
656 0.000001
657 0.000001
658 0.000001
659 0.000002
660 0.000014
661 0.000068
662 0.000326
663 0.000674
664 0.002708
665 0.011419
666 0.010012
667 0.010013
668 0.010009
669 0.000002
670 0.000002
671 0.000001
672 0.000000
673 0.012710
674 0.010015
675 0.010013
676 0.010008
677 0.005820
678 0.000062
679 0.000018
680 0.000028
681 0.000119
682 0.000059
683 0.000007
684 0.000002
685 0.000002
686 0.000003
687 0.000020
688 0.000176
689 0.000746
690 0.000833
691 0.001900
692 0.004410
693 0.010010
694 0.010006
695 0.010011
696 0.000002
697 0.000002
698 0.000002
699 0.000001
700 0.000000
701 0.000000
702 0.010012
703 0.010009
704 0.007090
705 0.002819
706 0.001137
707 0.000624
708 0.000564
709 0.000449
710 0.000156
711 0.000019
712 0.000004
713 0.000002
714 0.000011
715 0.000071
716 0.000156
717 0.000346
718 0.001169
719 0.003353
720 0.010022
721 0.010017
722 0.010006
723 0.000002
724 0.000001
725 0.000001
726 0.000002
727 0.000002
728 0.000000
729 0.000000
730 0.000000
731 0.000000
732 0.003513
733 0.001448
734 0.000701
735 0.000657
736 0.000624
737 0.000499
738 0.000449
739 0.000053
740 0.000009
741 0.000005
742 0.000023
743 0.000156
744 0.000199
745 0.000223
746 0.000521
747 0.001746
748 0.005224
749 0.010021
750 0.000002
751 0.000014
752 0.000005
753 0.000001
754 0.000001
755 0.000002
756 0.000000
757 0.000000
758 0.000000
759 0.000000
760 0.000000
761 0.000925
762 0.000856
763 0.000691
764 0.000657
765 0.000624
766 0.000593
767 0.000153
768 0.000019
769 0.000014
770 0.000060
771 0.000165
772 0.000210
773 0.000266
774 0.000297
775 0.000811
776 0.002267
777 0.000304
778 0.001605
779 0.001171
780 0.000454
781 0.000241
782 0.000002
783 0.000002
