0 0.003721
1 0.003591
2 0.004182
3 0.006027
4 0.008097
5 0.010002
6 0.010003
7 0.008646
8 0.000905
9 0.000080
10 0.000038
11 0.000033
12 0.000036
13 0.000047
14 0.000088
15 0.000220
16 0.000408
17 0.001013
18 0.003142
19 0.005391
20 0.006052
21 0.006241
22 0.005886
23 0.003078
24 0.001680
25 0.001031
26 0.001198
27 0.001263
28 0.003839
29 0.003494
30 0.003038
31 0.003945
32 0.005830
33 0.008904
34 0.010003
35 0.006033
36 0.000559
37 0.000066
38 0.000037
39 0.000026
40 0.000026
41 0.000033
42 0.000053
43 0.000173
44 0.000621
45 0.002002
46 0.003672
47 0.005510
48 0.006190
49 0.006555
50 0.000127
51 0.000005
52 0.000968
53 0.001077
54 0.000958
55 0.001202
56 0.005295
57 0.003807
58 0.002996
59 0.002814
60 0.003614
61 0.005547
62 0.008917
63 0.002453
64 0.000323
65 0.000076
66 0.000059
67 0.000023
68 0.000016
69 0.000019
70 0.000028
71 0.000137
72 0.001194
73 0.002607
74 0.003817
75 0.004852
76 0.000272
77 0.000222
78 0.000050
79 0.000002
80 0.000002
81 0.000856
82 0.001082
83 0.001189
84 0.007167
85 0.005145
86 0.003635
87 0.002428
88 0.002248
89 0.003438
90 0.005322
91 0.000868
92 0.000132
93 0.000092
94 0.000058
95 0.000031
96 0.000015
97 0.000017
98 0.000029
99 0.000143
100 0.001216
101 0.002164
102 0.000159
103 0.000486
104 0.000389
105 0.000108
106 0.000002
107 0.000008
108 0.000003
109 0.000813
110 0.001080
111 0.002058
112 0.011388
113 0.007639
114 0.005046
115 0.003520
116 0.000000
117 0.000000
118 0.000000
119 0.000000
120 0.000001
121 0.000032
122 0.000080
123 0.000046
124 0.000025
125 0.000017
126 0.000047
127 0.000052
128 0.000044
129 0.000148
130 0.000349
131 0.000419
132 0.000120
133 0.000102
134 0.000003
135 0.000004
136 0.000727
137 0.000919
138 0.001899
139 0.003921
140 0.013272
141 0.012129
142 0.008396
143 0.005681
144 0.000000
145 0.000000
146 0.000000
147 0.000000
148 0.000000
149 0.000000
150 0.000000
151 0.000000
152 0.000001
153 0.000001
154 0.000004
155 0.000004
156 0.000035
157 0.000137
158 0.000989
159 0.000782
160 0.000167
161 0.000003
162 0.000003
163 0.000005
164 0.000974
165 0.001752
166 0.003744
167 0.006480
168 0.013652
169 0.013272
170 0.012412
171 0.010036
172 0.000025
173 0.000000
174 0.000000
175 0.000000
176 0.000000
177 0.000001
178 0.000000
179 0.000000
180 0.000000
181 0.000000
182 0.000000
183 0.000000
184 0.000004
185 0.000370
186 0.000155
187 0.000150
188 0.000014
189 0.000002
190 0.000002
191 0.000622
192 0.001936
193 0.003526
194 0.006701
195 0.007841
196 0.010660
197 0.012987
198 0.013564
199 0.012412
200 0.000425
201 0.000002
202 0.000000
203 0.000000
204 0.000000
205 0.000001
206 0.000002
207 0.000000
208 0.000000
209 0.000000
210 0.000000
211 0.000001
212 0.000010
213 0.000001
214 0.000003
215 0.000002
216 0.000000
217 0.000000
218 0.000005
219 0.001114
220 0.004490
221 0.007558
222 0.008112
223 0.008271
224 0.010001
225 0.010001
226 0.012189
227 0.013858
228 0.012696
229 0.000013
230 0.000000
231 0.000000
232 0.000000
233 0.000000
234 0.000000
235 0.000011
236 0.000665
237 0.002285
238 0.000550
239 0.000079
240 0.000001
241 0.000000
242 0.000000
243 0.000000
244 0.000000
245 0.000000
246 0.000039
247 0.000588
248 0.001353
249 0.002011
250 0.003341
251 0.002727
252 0.018286
253 0.010002
254 0.010001
255 0.009555
256 0.006647
257 0.000002
258 0.000000
259 0.000000
260 0.000000
261 0.000000
262 0.000000
263 0.000001
264 0.001481
265 0.999992
266 0.043380
267 0.000405
268 0.000007
269 0.000000
270 0.000000
271 0.000000
272 0.000000
273 0.000002
274 0.000176
275 0.000270
276 0.000367
277 0.000477
278 0.000363
279 0.000290
280 0.039017
281 0.024529
282 0.007369
283 0.003356
284 0.002669
285 0.000003
286 0.000000
287 0.000000
288 0.000000
289 0.000000
290 0.000000
291 0.000001
292 0.000008
293 0.002361
294 0.007800
295 0.000737
296 0.000004
297 0.000000
298 0.000000
299 0.000000
300 0.000001
301 0.000270
302 0.001160
303 0.001030
304 0.000375
305 0.000128
306 0.000084
307 0.000049
308 0.013264
309 0.013194
310 0.011458
311 0.007120
312 0.000188
313 0.000004
314 0.000000
315 0.000000
316 0.000000
317 0.000002
318 0.000003
319 0.000008
320 0.000005
321 0.000008
322 0.000034
323 0.000034
324 0.000008
325 0.000003
326 0.000000
327 0.000000
328 0.000016
329 0.999976
330 0.003695
331 0.001177
332 0.000370
333 0.000134
334 0.000051
335 0.000052
336 0.001632
337 0.003483
338 0.005774
339 0.012241
340 0.000391
341 0.000006
342 0.000000
343 0.000000
344 0.000001
345 0.000007
346 0.000188
347 0.000962
348 0.000015
349 0.000000
350 0.000000
351 0.000002
352 0.000046
353 0.000004
354 0.000001
355 0.000000
356 0.000015
357 0.000803
358 0.000894
359 0.000481
360 0.000273
361 0.000135
362 0.000135
363 0.000098
364 0.000543
365 0.000681
366 0.003048
367 0.016432
368 0.000053
369 0.000002
370 0.000001
371 0.000000
372 0.000002
373 0.000161
374 0.002129
375 0.002363
376 0.000041
377 0.000001
378 0.000000
379 0.000001
380 0.000012
381 0.000012
382 0.000001
383 0.000001
384 0.000004
385 0.000023
386 0.000089
387 0.000059
388 0.000172
389 0.000215
390 0.000244
391 0.000258
392 0.000691
393 0.000982
394 0.001366
395 0.000253
396 0.000001
397 0.000000
398 0.000001
399 0.000001
400 0.000041
401 0.999993
402 0.003658
403 0.000098
404 0.000120
405 0.000028
406 0.000014
407 0.000003
408 0.000001
409 0.000002
410 0.000001
411 0.000000
412 0.000000
413 0.000001
414 0.000003
415 0.000015
416 0.000066
417 0.000202
418 0.000229
419 0.000244
420 0.001098
421 0.001086
422 0.001562
423 0.000006
424 0.000000
425 0.000000
426 0.000000
427 0.000004
428 0.000686
429 0.052443
430 0.000684
431 0.000015
432 0.000035
433 0.006252
434 0.003598
435 0.000024
436 0.000000
437 0.000000
438 0.000000
439 0.000000
440 0.000000
441 0.000000
442 0.000001
443 0.000004
444 0.000022
445 0.000151
446 0.000201
447 0.000229
448 0.002008
449 0.000848
450 0.000584
451 0.000001
452 0.000000
453 0.000000
454 0.000000
455 0.000005
456 0.001066
457 0.000043
458 0.000146
459 0.000036
460 0.000584
461 0.010061
462 0.999990
463 0.000038
464 0.000000
465 0.000000
466 0.000000
467 0.000000
468 0.000000
469 0.000000
470 0.000000
471 0.000001
472 0.000010
473 0.000081
474 0.000158
475 0.000290
476 0.003051
477 0.001772
478 0.000226
479 0.000000
480 0.000000
481 0.000000
482 0.000000
483 0.000041
484 0.000000
485 0.000000
486 0.000003
487 0.000239
488 0.003196
489 0.001223
490 0.000021
491 0.000006
492 0.000000
493 0.000000
494 0.000000
495 0.000000
496 0.000000
497 0.000000
498 0.000000
499 0.000000
500 0.000004
501 0.000058
502 0.000634
503 0.001445
504 0.010002
505 0.006746
506 0.000073
507 0.000000
508 0.000000
509 0.000000
510 0.000005
511 0.000001
512 0.000000
513 0.000000
514 0.000001
515 0.000131
516 0.000021
517 0.000002
518 0.000001
519 0.000000
520 0.000000
521 0.000000
522 0.000000
523 0.000000
524 0.000000
525 0.000000
526 0.000000
527 0.000000
528 0.000001
529 0.000071
530 0.003550
531 0.010004
532 0.010000
533 0.010000
534 0.000040
535 0.000000
536 0.000000
537 0.000004
538 0.000006
539 0.000001
540 0.000000
541 0.000000
542 0.000000
543 0.000000
544 0.000000
545 0.000000
546 0.000000
547 0.000000
548 0.000000
549 0.000000
550 0.000000
551 0.000000
552 0.000000
553 0.000000
554 0.000000
555 0.000000
556 0.000005
557 0.000157
558 0.005251
559 0.007700
560 0.010000
561 0.010001
562 0.000034
563 0.000001
564 0.000005
565 0.000016
566 0.000012
567 0.000001
568 0.000001
569 0.000000
570 0.000000
571 0.000000
572 0.000000
573 0.000000
574 0.000000
575 0.000000
576 0.000000
577 0.000000
578 0.000001
579 0.000001
580 0.000000
581 0.000001
582 0.000001
583 0.000001
584 0.000022
585 0.001731
586 0.002883
587 0.004776
588 0.010001
589 0.010002
590 0.000479
591 0.000016
592 0.000012
593 0.000006
594 0.000003
595 0.000007
596 0.000001
597 0.000000
598 0.000000
599 0.000000
600 0.000000
601 0.000000
602 0.000000
603 0.000000
604 0.000000
605 0.000000
606 0.000005
607 0.000022
608 0.000013
609 0.000004
610 0.000003
611 0.000029
612 0.001158
613 0.001226
614 0.001788
615 0.002624
616 0.010002
617 0.011453
618 0.010537
619 0.000558
620 0.000010
621 0.000001
622 0.000003
623 0.000000
624 0.000000
625 0.000000
626 0.000000
627 0.000000
628 0.000000
629 0.000000
630 0.000000
631 0.000000
632 0.000001
633 0.000000
634 0.000002
635 0.000007
636 0.000007
637 0.000012
638 0.000088
639 0.001515
640 0.001200
641 0.001399
642 0.000000
643 0.000000
644 0.011507
645 0.011610
646 0.007916
647 0.005329
648 0.001088
649 0.000004
650 0.000001
651 0.000000
652 0.000000
653 0.000001
654 0.000002
655 0.000004
656 0.000061
657 0.001564
658 0.001782
659 0.000316
660 0.000064
661 0.000018
662 0.000006
663 0.000008
664 0.000024
665 0.000414
666 0.004679
667 0.002870
668 0.001814
669 0.000000
670 0.000000
671 0.000000
672 0.000000
673 0.008164
674 0.005993
675 0.003272
676 0.003415
677 0.003486
678 0.000037
679 0.000029
680 0.000098
681 0.000696
682 0.002528
683 0.000508
684 0.000368
685 0.001206
686 0.002467
687 0.005308
688 0.004822
689 0.003246
690 0.000828
691 0.000650
692 0.002538
693 0.010005
694 0.007896
695 0.004796
696 0.000000
697 0.000000
698 0.000000
699 0.000000
700 0.000000
701 0.000000
702 0.003669
703 0.003538
704 0.003630
705 0.005144
706 0.006927
707 0.010006
708 0.010005
709 0.009143
710 0.003038
711 0.000525
712 0.000332
713 0.000775
714 0.003781
715 0.008115
716 0.008643
717 0.003742
718 0.003422
719 0.003484
720 0.005953
721 0.010005
722 0.010004
723 0.000000
724 0.000000
725 0.000000
726 0.000000
727 0.000000
728 0.000000
729 0.000000
730 0.000000
731 0.000000
732 0.004902
733 0.007014
734 0.009453
735 0.010006
736 0.010002
737 0.006538
738 0.003881
739 0.000731
740 0.000387
741 0.000696
742 0.004007
743 0.010001
744 0.010000
745 0.006569
746 0.003483
747 0.003545
748 0.004094
749 0.007821
750 0.000000
751 0.000000
752 0.000000
753 0.000000
754 0.000000
755 0.000000
756 0.000000
757 0.000000
758 0.000000
759 0.000000
760 0.000000
761 0.008876
762 0.010006
763 0.010003
764 0.008476
765 0.005174
766 0.003174
767 0.001338
768 0.000404
769 0.000788
770 0.003922
771 0.010000
772 0.010002
773 0.010001
774 0.005101
775 0.003608
776 0.003673
777 0.000000
778 0.000730
779 0.000538
780 0.000004
781 0.000000
782 0.000000
783 0.000000
