0 0.000647
1 0.001488
2 0.003095
3 0.009952
4 0.010107
5 0.009999
6 0.006988
7 0.001328
8 0.000034
9 0.000002
10 0.000001
11 0.000001
12 0.000001
13 0.000001
14 0.000003
15 0.000011
16 0.000018
17 0.000013
18 0.000052
19 0.000207
20 0.000492
21 0.000286
22 0.000371
23 0.000396
24 0.000340
25 0.000365
26 0.000482
27 0.000516
28 0.000477
29 0.000544
30 0.001022
31 0.002876
32 0.009986
33 0.010091
34 0.009998
35 0.002579
36 0.000024
37 0.000001
38 0.000001
39 0.000001
40 0.000001
41 0.000002
42 0.000005
43 0.000020
44 0.000012
45 0.000010
46 0.000004
47 0.000026
48 0.000206
49 0.000259
50 0.000003
51 0.000000
52 0.000318
53 0.000422
54 0.000365
55 0.000482
56 0.000544
57 0.000398
58 0.000364
59 0.000897
60 0.002592
61 0.010082
62 0.010116
63 0.001471
64 0.000036
65 0.000002
66 0.000001
67 0.000001
68 0.000001
69 0.000002
70 0.000012
71 0.000013
72 0.000012
73 0.000002
74 0.000001
75 0.000003
76 0.000004
77 0.000001
78 0.000000
79 0.000000
80 0.000000
81 0.000318
82 0.000422
83 0.000365
84 0.000500
85 0.000364
86 0.000264
87 0.000279
88 0.000749
89 0.002423
90 0.010188
91 0.000453
92 0.000047
93 0.000004
94 0.000001
95 0.000000
96 0.000001
97 0.000004
98 0.000018
99 0.000013
100 0.000005
101 0.000001
102 0.000000
103 0.000001
104 0.000001
105 0.000000
106 0.000000
107 0.000000
108 0.000000
109 0.000297
110 0.000318
111 0.000422
112 0.000364
113 0.000333
114 0.000220
115 0.000201
116 0.000000
117 0.000000
118 0.000000
119 0.000000
120 0.000000
121 0.000005
122 0.000002
123 0.000001
124 0.000002
125 0.000013
126 0.000014
127 0.000001
128 0.000000
129 0.000000
130 0.000001
131 0.000000
132 0.000000
133 0.000000
134 0.000000
135 0.000000
136 0.000002
137 0.000223
138 0.000297
139 0.000396
140 0.000333
141 0.000241
142 0.000201
143 0.000184
144 0.000000
145 0.000000
146 0.000000
147 0.000000
148 0.000000
149 0.000000
150 0.000000
151 0.000000
152 0.000000
153 0.000000
154 0.000001
155 0.000000
156 0.000001
157 0.000001
158 0.000000
159 0.000000
160 0.000000
161 0.000000
162 0.000000
163 0.000000
164 0.000227
165 0.000207
166 0.000277
167 0.000297
168 0.000241
169 0.000201
170 0.000184
171 0.000155
172 0.000000
173 0.000000
174 0.000000
175 0.000001
176 0.000001
177 0.000000
178 0.000000
179 0.000000
180 0.000000
181 0.000000
182 0.000000
183 0.000000
184 0.000000
185 0.000000
186 0.000000
187 0.000000
188 0.000000
189 0.000000
190 0.000000
191 0.000000
192 0.000169
193 0.000181
194 0.000193
195 0.000277
196 0.000201
197 0.000184
198 0.000132
199 0.000110
200 0.000001
201 0.000000
202 0.000000
203 0.000000
204 0.000001
205 0.000002
206 0.000003
207 0.000001
208 0.000001
209 0.000001
210 0.000000
211 0.000000
212 0.000000
213 0.000000
214 0.000000
215 0.000000
216 0.000000
217 0.000000
218 0.000000
219 0.000001
220 0.000169
221 0.000181
222 0.000181
223 0.000242
224 0.000184
225 0.000132
226 0.000110
227 0.000101
228 0.000066
229 0.000000
230 0.000000
231 0.000000
232 0.000000
233 0.000001
234 0.000007
235 0.984661
236 0.999985
237 0.000005
238 0.000001
239 0.000000
240 0.000000
241 0.000000
242 0.000000
243 0.000000
244 0.000000
245 0.000000
246 0.000000
247 0.000005
248 0.000011
249 0.000015
250 0.000036
251 0.000058
252 0.000169
253 0.000110
254 0.000101
255 0.000046
256 0.000015
257 0.000000
258 0.000000
259 0.000000
260 0.000000
261 0.000000
262 0.000002
263 0.001214
264 0.000487
265 0.000003
266 0.000000
267 0.000000
268 0.000000
269 0.000000
270 0.000000
271 0.000000
272 0.000000
273 0.000000
274 0.000000
275 0.000001
276 0.000001
277 0.000003
278 0.000004
279 0.000009
280 0.000110
281 0.000025
282 0.000026
283 0.000016
284 0.000014
285 0.000000
286 0.000000
287 0.000000
288 0.000000
289 0.000000
290 0.000000
291 0.000001
292 0.000001
293 0.000001
294 0.000000
295 0.000000
296 0.000000
297 0.000000
298 0.000000
299 0.000000
300 0.000000
301 0.000000
302 0.000000
303 0.000001
304 0.000001
305 0.000002
306 0.000003
307 0.000004
308 0.000044
309 0.000029
310 0.000017
311 0.000012
312 0.000002
313 0.000000
314 0.000000
315 0.000000
316 0.000000
317 0.000000
318 0.000000
319 0.000000
320 0.000000
321 0.000000
322 0.000000
323 0.000000
324 0.000000
325 0.000000
326 0.000000
327 0.000000
328 0.000000
329 0.000000
330 0.000000
331 0.000000
332 0.000003
333 0.000003
334 0.000002
335 0.000004
336 0.000030
337 0.000031
338 0.000063
339 0.000035
340 0.000001
341 0.000000
342 0.000000
343 0.000000
344 0.000000
345 0.000000
346 0.000000
347 0.000000
348 0.000000
349 0.000000
350 0.000000
351 0.000000
352 0.000000
353 0.000000
354 0.000000
355 0.000000
356 0.000000
357 0.000000
358 0.000000
359 0.000000
360 0.000014
361 0.000009
362 0.000008
363 0.000006
364 0.000070
365 0.000067
366 0.000057
367 0.000037
368 0.000000
369 0.000000
370 0.000000
371 0.000000
372 0.000000
373 0.000000
374 0.000000
375 0.000000
376 0.000000
377 0.000000
378 0.000000
379 0.000000
380 0.000000
381 0.000000
382 0.000000
383 0.000000
384 0.000000
385 0.000000
386 0.000000
387 0.000000
388 0.000006
389 0.000042
390 0.000026
391 0.000021
392 0.000040
393 0.000035
394 0.000035
395 0.000001
396 0.000000
397 0.000000
398 0.000000
399 0.000000
400 0.000000
401 0.000000
402 0.000000
403 0.000000
404 0.000000
405 0.000000
406 0.000000
407 0.000000
408 0.000000
409 0.000000
410 0.000000
411 0.000000
412 0.000000
413 0.000000
414 0.000000
415 0.000000
416 0.000000
417 0.000062
418 0.000071
419 0.000062
420 0.000043
421 0.000022
422 0.000019
423 0.000000
424 0.000000
425 0.000000
426 0.000000
427 0.000000
428 0.000000
429 0.000000
430 0.000000
431 0.000000
432 0.000000
433 0.000000
434 0.000000
435 0.000000
436 0.000000
437 0.000000
438 0.000000
439 0.000000
440 0.000000
441 0.000000
442 0.000000
443 0.000000
444 0.000000
445 0.000046
446 0.000062
447 0.000071
448 0.000060
449 0.000014
450 0.000003
451 0.000000
452 0.000000
453 0.000000
454 0.000000
455 0.000000
456 0.000000
457 0.000000
458 0.000000
459 0.000000
460 0.000000
461 0.000000
462 0.000000
463 0.000000
464 0.000000
465 0.000000
466 0.000000
467 0.000000
468 0.000000
469 0.000000
470 0.000000
471 0.000000
472 0.000000
473 0.000003
474 0.000050
475 0.000111
476 0.000191
477 0.000023
478 0.000001
479 0.000000
480 0.000000
481 0.000000
482 0.000000
483 0.000000
484 0.000000
485 0.000000
486 0.000000
487 0.000000
488 0.000000
489 0.000000
490 0.000000
491 0.000000
492 0.000000
493 0.000000
494 0.000000
495 0.000000
496 0.000000
497 0.000000
498 0.000000
499 0.000000
500 0.000000
501 0.000001
502 0.000269
503 0.000745
504 0.001304
505 0.000179
506 0.000000
507 0.000000
508 0.000000
509 0.000000
510 0.000000
511 0.000000
512 0.000000
513 0.000000
514 0.000000
515 0.000000
516 0.000000
517 0.000000
518 0.000000
519 0.000000
520 0.000000
521 0.000000
522 0.000000
523 0.000000
524 0.000000
525 0.000000
526 0.000000
527 0.000000
528 0.000000
529 0.000001
530 0.002806
531 0.010049
532 0.000428
533 0.000314
534 0.000001
535 0.000000
536 0.000000
537 0.000000
538 0.000000
539 0.000000
540 0.000000
541 0.000000
542 0.000000
543 0.000000
544 0.000000
545 0.000000
546 0.000000
547 0.000000
548 0.000000
549 0.000000
550 0.000000
551 0.000000
552 0.000000
553 0.000000
554 0.000000
555 0.000000
556 0.000000
557 0.000003
558 0.009816
559 0.009904
560 0.000453
561 0.000428
562 0.000001
563 0.000000
564 0.000000
565 0.000000
566 0.000000
567 0.000000
568 0.000000
569 0.000000
570 0.000000
571 0.000000
572 0.000000
573 0.000000
574 0.000000
575 0.000000
576 0.000000
577 0.000000
578 0.000000
579 0.000000
580 0.000000
581 0.000000
582 0.000000
583 0.000000
584 0.000001
585 0.001738
586 0.003742
587 0.008085
588 0.000578
589 0.000453
590 0.000006
591 0.000000
592 0.000000
593 0.000000
594 0.000000
595 0.000000
596 0.000000
597 0.000000
598 0.000000
599 0.000000
600 0.000000
601 0.000000
602 0.000000
603 0.000000
604 0.000000
605 0.000000
606 0.000000
607 0.000000
608 0.000000
609 0.000000
610 0.000000
611 0.000001
612 0.000418
613 0.000861
614 0.001794
615 0.003169
616 0.000645
617 0.000578
618 0.000453
619 0.000013
620 0.000000
621 0.000000
622 0.000000
623 0.000000
624 0.000000
625 0.000000
626 0.000000
627 0.000000
628 0.000000
629 0.000000
630 0.000000
631 0.000000
632 0.000000
633 0.000000
634 0.000000
635 0.000000
636 0.000000
637 0.000000
638 0.000001
639 0.000418
640 0.000440
641 0.000546
642 0.000000
643 0.000000
644 0.000681
645 0.000645
646 0.000610
647 0.000480
648 0.000106
649 0.000000
650 0.000000
651 0.000000
652 0.000000
653 0.000000
654 0.000000
655 0.000000
656 0.000000
657 0.000001
658 0.000001
659 0.000000
660 0.000000
661 0.000000
662 0.000000
663 0.000000
664 0.000000
665 0.000001
666 0.000418
667 0.000520
668 0.000546
669 0.000000
670 0.000000
671 0.000000
672 0.000000
673 0.000681
674 0.000645
675 0.000509
676 0.000578
677 0.000453
678 0.000001
679 0.000001
680 0.000001
681 0.000007
682 0.000045
683 0.000006
684 0.000001
685 0.000002
686 0.000001
687 0.000001
688 0.000001
689 0.000011
690 0.000008
691 0.000002
692 0.000009
693 0.000397
694 0.000440
695 0.000546
696 0.000000
697 0.000000
698 0.000000
699 0.000000
700 0.000000
701 0.000000
702 0.000681
703 0.000645
704 0.000610
705 0.000578
706 0.000453
707 0.000428
708 0.000382
709 0.000296
710 0.000110
711 0.000016
712 0.000003
713 0.000002
714 0.000003
715 0.000002
716 0.000004
717 0.000024
718 0.000302
719 0.000318
720 0.000335
721 0.000418
722 0.000520
723 0.000000
724 0.000000
725 0.000000
726 0.000000
727 0.000000
728 0.000000
729 0.000000
730 0.000000
731 0.000000
732 0.000645
733 0.000610
734 0.000480
735 0.000453
736 0.000428
737 0.000334
738 0.000296
739 0.000043
740 0.000008
741 0.000003
742 0.000003
743 0.000003
744 0.000010
745 0.000070
746 0.000318
747 0.000397
748 0.000418
749 0.000520
750 0.000000
751 0.000000
752 0.000000
753 0.000000
754 0.000000
755 0.000000
756 0.000000
757 0.000000
758 0.000000
759 0.000000
760 0.000000
761 0.000645
762 0.000610
763 0.000480
764 0.000453
765 0.000428
766 0.000404
767 0.000121
768 0.000016
769 0.000005
770 0.000004
771 0.000004
772 0.000022
773 0.000206
774 0.000318
775 0.000353
776 0.000440
777 0.000000
778 0.000003
779 0.000002
780 0.000000
781 0.000000
782 0.000000
783 0.000000
