0 0.004083
1 0.004262
2 0.003953
3 0.004262
4 0.003952
5 0.003666
6 0.003345
7 0.004147
8 0.001729
9 0.000836
10 0.000854
11 0.001794
12 0.002315
13 0.000896
14 0.000444
15 0.000204
16 0.000106
17 0.000060
18 0.000222
19 0.000861
20 0.001917
21 0.002535
22 0.004419
23 0.006669
24 0.007909
25 0.007909
26 0.008487
27 0.006763
28 0.003407
29 0.004026
30 0.003953
31 0.003953
32 0.003953
33 0.003952
34 0.003666
35 0.002283
36 0.000723
37 0.000340
38 0.001067
39 0.004122
40 0.003781
41 0.001066
42 0.000274
43 0.000121
44 0.000061
45 0.000059
46 0.000096
47 0.000536
48 0.002253
49 0.003922
50 0.000009
51 0.000000
52 0.007909
53 0.008687
54 0.006217
55 0.004756
56 0.003304
57 0.003268
58 0.003556
59 0.003953
60 0.003953
61 0.003667
62 0.003666
63 0.001507
64 0.000319
65 0.000217
66 0.001196
67 0.006376
68 0.005463
69 0.001140
70 0.000192
71 0.000066
72 0.000048
73 0.000043
74 0.000052
75 0.000296
76 0.000026
77 0.000001
78 0.000000
79 0.000000
80 0.000000
81 0.006495
82 0.004779
83 0.003048
84 0.003005
85 0.002785
86 0.002802
87 0.003200
88 0.003667
89 0.003667
90 0.003667
91 0.000773
92 0.000174
93 0.000233
94 0.001586
95 0.005956
96 0.006129
97 0.001490
98 0.000247
99 0.000040
100 0.000039
101 0.000018
102 0.000000
103 0.000000
104 0.000000
105 0.000002
106 0.000000
107 0.000001
108 0.000002
109 0.004335
110 0.003072
111 0.002491
112 0.003222
113 0.002490
114 0.002235
115 0.002609
116 0.000000
117 0.000000
118 0.000000
119 0.000000
120 0.000001
121 0.000181
122 0.002030
123 0.004012
124 0.003501
125 0.001754
126 0.000257
127 0.000009
128 0.000000
129 0.000000
130 0.000000
131 0.000000
132 0.000000
133 0.000004
134 0.000001
135 0.000001
136 0.001789
137 0.002631
138 0.002090
139 0.002362
140 0.004910
141 0.003004
142 0.001950
143 0.001970
144 0.000000
145 0.000000
146 0.000000
147 0.000000
148 0.000000
149 0.000000
150 0.000001
151 0.000007
152 0.000023
153 0.000014
154 0.000004
155 0.000000
156 0.000000
157 0.000000
158 0.000000
159 0.000001
160 0.000004
161 0.000003
162 0.000001
163 0.000004
164 0.002361
165 0.001726
166 0.001958
167 0.002025
168 0.007802
169 0.004601
170 0.003069
171 0.001712
172 0.000074
173 0.000000
174 0.000000
175 0.000000
176 0.000000
177 0.000000
178 0.000001
179 0.000000
180 0.000000
181 0.000000
182 0.000000
183 0.000000
184 0.000000
185 0.000000
186 0.000001
187 0.000004
188 0.000003
189 0.000000
190 0.000001
191 0.000180
192 0.001501
193 0.001541
194 0.001597
195 0.002086
196 0.010001
197 0.008730
198 0.005035
199 0.002799
200 0.001428
201 0.000001
202 0.000000
203 0.000000
204 0.000000
205 0.000000
206 0.000000
207 0.000000
208 0.000000
209 0.000000
210 0.000000
211 0.000000
212 0.000000
213 0.000000
214 0.000001
215 0.000000
216 0.000000
217 0.000000
218 0.000001
219 0.000344
220 0.001477
221 0.001551
222 0.001716
223 0.002001
224 0.011071
225 0.010001
226 0.010001
227 0.005517
228 0.002953
229 0.000186
230 0.000000
231 0.000000
232 0.000000
233 0.000000
234 0.000000
235 0.000000
236 0.000000
237 0.000000
238 0.000001
239 0.000003
240 0.000007
241 0.000007
242 0.000000
243 0.000000
244 0.000000
245 0.000000
246 0.000001
247 0.000116
248 0.000206
249 0.000293
250 0.000515
251 0.000744
252 0.006227
253 0.009483
254 0.011710
255 0.007523
256 0.001932
257 0.000058
258 0.000000
259 0.000000
260 0.000000
261 0.000000
262 0.000000
263 0.000000
264 0.000000
265 0.000000
266 0.000003
267 0.000210
268 0.999995
269 0.000137
270 0.000000
271 0.000000
272 0.000000
273 0.000000
274 0.000001
275 0.000026
276 0.000044
277 0.000073
278 0.000110
279 0.000176
280 0.002743
281 0.002343
282 0.002581
283 0.002291
284 0.001182
285 0.000017
286 0.000001
287 0.000000
288 0.000000
289 0.000000
290 0.000000
291 0.000000
292 0.000000
293 0.000000
294 0.000002
295 0.000271
296 0.000965
297 0.000114
298 0.000001
299 0.000000
300 0.000000
301 0.000000
302 0.000001
303 0.000105
304 0.000086
305 0.000071
306 0.000065
307 0.000099
308 0.000496
309 0.000390
310 0.000434
311 0.000443
312 0.000163
313 0.000015
314 0.000017
315 0.000022
316 0.000001
317 0.000000
318 0.000000
319 0.000000
320 0.000003
321 0.000005
322 0.000017
323 0.000026
324 0.000016
325 0.000005
326 0.000000
327 0.000000
328 0.000000
329 0.000000
330 0.000003
331 0.000072
332 0.000299
333 0.000253
334 0.000277
335 0.000364
336 0.000250
337 0.000150
338 0.000120
339 0.000268
340 0.000037
341 0.000009
342 0.000176
343 0.999996
344 0.000022
345 0.000000
346 0.000000
347 0.000000
348 0.000007
349 0.000362
350 0.000111
351 0.000006
352 0.000001
353 0.000000
354 0.000000
355 0.000000
356 0.000000
357 0.000000
358 0.000001
359 0.000017
360 0.001476
361 0.001621
362 0.001935
363 0.001798
364 0.000232
365 0.000257
366 0.000275
367 0.000269
368 0.000006
369 0.000005
370 0.000369
371 0.004585
372 0.000186
373 0.000000
374 0.000000
375 0.000000
376 0.000004
377 0.000134
378 0.000352
379 0.000008
380 0.000000
381 0.000000
382 0.000000
383 0.000000
384 0.000000
385 0.000000
386 0.000000
387 0.000005
388 0.001106
389 0.004803
390 0.006323
391 0.006952
392 0.000284
393 0.000343
394 0.000438
395 0.000121
396 0.000002
397 0.000002
398 0.000114
399 0.000150
400 0.000036
401 0.000001
402 0.000000
403 0.000000
404 0.000001
405 0.000005
406 0.000015
407 0.000064
408 0.000002
409 0.000000
410 0.000000
411 0.000000
412 0.000000
413 0.000000
414 0.000000
415 0.000001
416 0.000123
417 0.005431
418 0.007086
419 0.008190
420 0.000458
421 0.000487
422 0.000584
423 0.000027
424 0.000001
425 0.000002
426 0.000023
427 0.000002
428 0.000001
429 0.000002
430 0.000002
431 0.000002
432 0.000000
433 0.000000
434 0.000001
435 0.000002
436 0.000022
437 0.000001
438 0.000001
439 0.000004
440 0.000001
441 0.000000
442 0.000000
443 0.000000
444 0.000006
445 0.003118
446 0.006287
447 0.012390
448 0.000840
449 0.000524
450 0.000458
451 0.000003
452 0.000000
453 0.000007
454 0.000002
455 0.000001
456 0.000000
457 0.000002
458 0.000001
459 0.000000
460 0.000000
461 0.000000
462 0.000000
463 0.000000
464 0.000001
465 0.000030
466 0.000074
467 0.000165
468 0.000055
469 0.000001
470 0.000000
471 0.000000
472 0.000001
473 0.000785
474 0.004576
475 0.007590
476 0.002528
477 0.001215
478 0.000153
479 0.000001
480 0.000001
481 0.000004
482 0.000001
483 0.000000
484 0.000000
485 0.000001
486 0.000000
487 0.000000
488 0.000000
489 0.000000
490 0.000000
491 0.000000
492 0.000000
493 0.000006
494 0.002095
495 0.999981
496 0.000409
497 0.000033
498 0.000001
499 0.000000
500 0.000001
501 0.000072
502 0.002014
503 0.002275
504 0.008006
505 0.003076
506 0.000126
507 0.000003
508 0.000011
509 0.000003
510 0.000000
511 0.000000
512 0.000000
513 0.000000
514 0.000000
515 0.000000
516 0.000000
517 0.000000
518 0.000000
519 0.000000
520 0.000000
521 0.000003
522 0.000195
523 0.020906
524 0.039551
525 0.000723
526 0.000026
527 0.000001
528 0.000000
529 0.000017
530 0.001054
531 0.001035
532 0.005242
533 0.005102
534 0.000145
535 0.000040
536 0.000076
537 0.000003
538 0.000000
539 0.000000
540 0.000000
541 0.000000
542 0.000000
543 0.000000
544 0.000000
545 0.000000
546 0.000000
547 0.000000
548 0.000000
549 0.000001
550 0.000036
551 0.000896
552 0.032293
553 0.025932
554 0.000334
555 0.000008
556 0.000001
557 0.000035
558 0.001013
559 0.001052
560 0.004888
561 0.006341
562 0.000278
563 0.000243
564 0.000071
565 0.000006
566 0.000003
567 0.000001
568 0.000000
569 0.000000
570 0.000000
571 0.000000
572 0.000000
573 0.000000
574 0.000000
575 0.000000
576 0.000000
577 0.000000
578 0.000001
579 0.000016
580 0.000465
581 0.007812
582 0.007164
583 0.000051
584 0.000052
585 0.003260
586 0.001971
587 0.001395
588 0.007207
589 0.010001
590 0.001295
591 0.000179
592 0.000046
593 0.000004
594 0.000005
595 0.000002
596 0.000003
597 0.000011
598 0.000034
599 0.000196
600 0.000091
601 0.000006
602 0.000000
603 0.000000
604 0.000000
605 0.000000
606 0.000000
607 0.000000
608 0.000002
609 0.000125
610 0.002467
611 0.007473
612 0.010006
613 0.005652
614 0.003798
615 0.002615
616 0.010001
617 0.010002
618 0.010003
619 0.001877
620 0.000067
621 0.000012
622 0.000007
623 0.000017
624 0.000118
625 0.001129
626 0.999989
627 0.016286
628 0.005058
629 0.000158
630 0.000002
631 0.000000
632 0.000000
633 0.000000
634 0.000000
635 0.000000
636 0.000000
637 0.000004
638 0.000442
639 0.012507
640 0.011775
641 0.010006
642 0.000000
643 0.000000
644 0.010002
645 0.010003
646 0.010003
647 0.010002
648 0.005074
649 0.000276
650 0.000196
651 0.000715
652 0.005320
653 0.007422
654 0.011769
655 0.009731
656 0.006383
657 0.001278
658 0.000175
659 0.000011
660 0.000003
661 0.000002
662 0.000001
663 0.000000
664 0.000001
665 0.000070
666 0.003611
667 0.007285
668 0.012642
669 0.000000
670 0.000000
671 0.000000
672 0.000000
673 0.010003
674 0.010002
675 0.010002
676 0.010001
677 0.006622
678 0.004782
679 0.004284
680 0.006654
681 0.011001
682 0.010943
683 0.007206
684 0.002742
685 0.001425
686 0.000349
687 0.000316
688 0.000420
689 0.000679
690 0.000138
691 0.000080
692 0.000177
693 0.000945
694 0.001895
695 0.004326
696 0.000000
697 0.000000
698 0.000000
699 0.000000
700 0.000000
701 0.000000
702 0.010002
703 0.010001
704 0.007078
705 0.004280
706 0.004323
707 0.006390
708 0.010002
709 0.012640
710 0.008924
711 0.004954
712 0.002020
713 0.001246
714 0.001227
715 0.001077
716 0.001185
717 0.000617
718 0.000763
719 0.000794
720 0.000826
721 0.000975
722 0.001155
723 0.000000
724 0.000000
725 0.000000
726 0.000000
727 0.000000
728 0.000000
729 0.000000
730 0.000000
731 0.000000
732 0.004746
733 0.004271
734 0.005352
735 0.008952
736 0.012555
737 0.010474
738 0.006310
739 0.002642
740 0.001593
741 0.001269
742 0.002158
743 0.003095
744 0.002166
745 0.000960
746 0.000794
747 0.000939
748 0.000975
749 0.001148
750 0.000000
751 0.000000
752 0.000000
753 0.000000
754 0.000000
755 0.000000
756 0.000000
757 0.000000
758 0.000000
759 0.000000
760 0.000000
761 0.005064
762 0.008090
763 0.010003
764 0.012580
765 0.008208
766 0.003471
767 0.002112
768 0.001573
769 0.001695
770 0.003672
771 0.007496
772 0.003431
773 0.001715
774 0.000794
775 0.000859
776 0.001013
777 0.000000
778 0.000075
779 0.000050
780 0.000000
781 0.000000
782 0.000000
783 0.000000
