0 0.004630
1 0.004502
2 0.004068
3 0.004258
4 0.003829
5 0.003427
6 0.003211
7 0.003108
8 0.001001
9 0.000278
10 0.000217
11 0.000240
12 0.000352
13 0.000558
14 0.000625
15 0.000712
16 0.000818
17 0.000632
18 0.001126
19 0.003523
20 0.007021
21 0.007086
22 0.005682
23 0.005695
24 0.005462
25 0.005452
26 0.005203
27 0.004246
28 0.004769
29 0.004378
30 0.003946
31 0.003829
32 0.003714
33 0.003497
34 0.003108
35 0.002275
36 0.000488
37 0.000161
38 0.000152
39 0.000160
40 0.000228
41 0.000425
42 0.000577
43 0.000743
44 0.000951
45 0.001296
46 0.001842
47 0.002924
48 0.006888
49 0.005426
50 0.000000
51 0.000000
52 0.005467
53 0.005420
54 0.003967
55 0.003383
56 0.006723
57 0.004600
58 0.003922
59 0.003714
60 0.003497
61 0.003108
62 0.003009
63 0.001205
64 0.000281
65 0.000115
66 0.000140
67 0.000123
68 0.000129
69 0.000232
70 0.000458
71 0.000804
72 0.001258
73 0.002474
74 0.001973
75 0.002423
76 0.000000
77 0.000000
78 0.000000
79 0.000000
80 0.000000
81 0.004018
82 0.003408
83 0.002435
84 0.009139
85 0.006779
86 0.004678
87 0.003297
88 0.003108
89 0.003009
90 0.002820
91 0.000591
92 0.000136
93 0.000095
94 0.000093
95 0.000094
96 0.000095
97 0.000158
98 0.000357
99 0.000922
100 0.001718
101 0.000879
102 0.000000
103 0.000000
104 0.000000
105 0.000000
106 0.000000
107 0.000000
108 0.000000
109 0.002986
110 0.002343
111 0.002440
112 0.010763
113 0.009477
114 0.006911
115 0.004559
116 0.000000
117 0.000000
118 0.000000
119 0.000000
120 0.000001
121 0.000031
122 0.000082
123 0.000083
124 0.000087
125 0.000105
126 0.000301
127 0.000019
128 0.000000
129 0.000000
130 0.000000
131 0.000000
132 0.000000
133 0.000000
134 0.000000
135 0.000000
136 0.002752
137 0.002011
138 0.002030
139 0.002387
140 0.009855
141 0.010969
142 0.009960
143 0.007702
144 0.000000
145 0.000000
146 0.000000
147 0.000000
148 0.000000
149 0.000000
150 0.000000
151 0.000000
152 0.000001
153 0.000000
154 0.000000
155 0.000000
156 0.000000
157 0.000000
158 0.000000
159 0.000000
160 0.000000
161 0.000000
162 0.000000
163 0.000000
164 0.001933
165 0.001675
166 0.001982
167 0.002054
168 0.009788
169 0.009836
170 0.010661
171 0.011110
172 0.000001
173 0.000000
174 0.000000
175 0.000000
176 0.000000
177 0.000000
178 0.000000
179 0.000000
180 0.000000
181 0.000000
182 0.000000
183 0.000000
184 0.000000
185 0.000000
186 0.000000
187 0.000000
188 0.000000
189 0.000000
190 0.000000
191 0.000003
192 0.001512
193 0.001570
194 0.001631
195 0.002253
196 0.010158
197 0.009774
198 0.009805
199 0.010831
200 0.000315
201 0.000000
202 0.000000
203 0.000000
204 0.000000
205 0.000000
206 0.000000
207 0.000000
208 0.000000
209 0.000000
210 0.000000
211 0.000000
212 0.000000
213 0.000000
214 0.000000
215 0.000000
216 0.000000
217 0.000000
218 0.000000
219 0.000627
220 0.001512
221 0.001570
222 0.002101
223 0.003382
224 0.008624
225 0.010393
226 0.009921
227 0.009792
228 0.009821
229 0.000001
230 0.000000
231 0.000000
232 0.000000
233 0.000000
234 0.000000
235 0.000000
236 0.000000
237 0.000000
238 0.000000
239 0.000000
240 0.000000
241 0.000000
242 0.000000
243 0.000000
244 0.000000
245 0.000000
246 0.000000
247 0.000077
248 0.000142
249 0.000335
250 0.000867
251 0.001864
252 0.005943
253 0.007406
254 0.009286
255 0.005248
256 0.000741
257 0.000000
258 0.000000
259 0.000000
260 0.000000
261 0.000000
262 0.000000
263 0.000000
264 0.000000
265 0.000000
266 0.000000
267 0.000000
268 0.000000
269 0.000000
270 0.000000
271 0.000000
272 0.000000
273 0.000000
274 0.000000
275 0.000021
276 0.000049
277 0.000137
278 0.000301
279 0.000626
280 0.003378
281 0.001305
282 0.000622
283 0.000150
284 0.000079
285 0.000000
286 0.000000
287 0.000000
288 0.000000
289 0.000000
290 0.000000
291 0.000000
292 0.000000
293 0.000000
294 0.000000
295 0.000000
296 0.000000
297 0.000000
298 0.000000
299 0.000000
300 0.000000
301 0.000000
302 0.000007
303 0.000048
304 0.000094
305 0.000209
306 0.000275
307 0.000326
308 0.000328
309 0.000090
310 0.000044
311 0.000022
312 0.000004
313 0.000000
314 0.000000
315 0.000000
316 0.000000
317 0.000000
318 0.000000
319 0.000000
320 0.000000
321 0.000000
322 0.000000
323 0.000000
324 0.000000
325 0.000000
326 0.000000
327 0.000000
328 0.000000
329 0.000000
330 0.000020
331 0.000035
332 0.000245
333 0.000255
334 0.000248
335 0.000221
336 0.000094
337 0.000034
338 0.000018
339 0.000011
340 0.000001
341 0.000000
342 0.000000
343 0.000000
344 0.000000
345 0.000000
346 0.000053
347 0.000155
348 0.000025
349 0.000000
350 0.000000
351 0.000000
352 0.000000
353 0.000000
354 0.000000
355 0.000000
356 0.000000
357 0.000323
358 0.000149
359 0.000106
360 0.000256
361 0.000162
362 0.000132
363 0.000101
364 0.000121
365 0.000080
366 0.000036
367 0.000015
368 0.000000
369 0.000000
370 0.000000
371 0.000000
372 0.000000
373 0.000000
374 0.000024
375 0.228331
376 0.008831
377 0.000020
378 0.000000
379 0.000000
380 0.000000
381 0.000000
382 0.000000
383 0.000000
384 0.000002
385 0.999998
386 0.000768
387 0.000215
388 0.000156
389 0.000173
390 0.000078
391 0.000058
392 0.000187
393 0.000091
394 0.000042
395 0.000006
396 0.000000
397 0.000000
398 0.000000
399 0.000000
400 0.000000
401 0.000001
402 0.000184
403 0.998407
404 0.011563
405 0.000007
406 0.000000
407 0.000000
408 0.000000
409 0.000000
410 0.000000
411 0.000000
412 0.000006
413 0.001362
414 0.003961
415 0.000153
416 0.000074
417 0.000221
418 0.000174
419 0.000145
420 0.000197
421 0.000208
422 0.000095
423 0.000003
424 0.000000
425 0.000000
426 0.000000
427 0.000000
428 0.000000
429 0.000002
430 0.000055
431 0.000097
432 0.000015
433 0.000003
434 0.000000
435 0.000000
436 0.000000
437 0.000000
438 0.000000
439 0.000000
440 0.000001
441 0.000011
442 0.000118
443 0.000060
444 0.000222
445 0.000977
446 0.000933
447 0.000840
448 0.000140
449 0.000108
450 0.000102
451 0.000002
452 0.000000
453 0.000000
454 0.000004
455 0.000078
456 0.000033
457 0.000003
458 0.000001
459 0.000000
460 0.000000
461 0.000000
462 0.000000
463 0.000000
464 0.000000
465 0.000000
466 0.000000
467 0.000000
468 0.000000
469 0.000000
470 0.000003
471 0.000058
472 0.000204
473 0.002112
474 0.005281
475 0.005148
476 0.000077
477 0.000099
478 0.000037
479 0.000000
480 0.000000
481 0.000004
482 0.000605
483 0.999994
484 0.000350
485 0.000002
486 0.000000
487 0.000000
488 0.000000
489 0.000000
490 0.000000
491 0.000002
492 0.000000
493 0.000000
494 0.000000
495 0.000000
496 0.000000
497 0.000000
498 0.000000
499 0.000041
500 0.000165
501 0.000788
502 0.011707
503 0.020391
504 0.000246
505 0.000132
506 0.000009
507 0.000000
508 0.000001
509 0.000067
510 0.005416
511 0.012503
512 0.000577
513 0.000000
514 0.000000
515 0.000000
516 0.000000
517 0.000000
518 0.000000
519 0.000000
520 0.000000
521 0.000000
522 0.000001
523 0.000003
524 0.000000
525 0.000000
526 0.000000
527 0.000005
528 0.000048
529 0.000268
530 0.006469
531 0.012378
532 0.000241
533 0.000283
534 0.000021
535 0.000001
536 0.000027
537 0.000832
538 0.006190
539 0.001025
540 0.000005
541 0.000000
542 0.000000
543 0.000000
544 0.000000
545 0.000000
546 0.000000
547 0.000000
548 0.000000
549 0.000027
550 0.001061
551 0.000164
552 0.000008
553 0.000000
554 0.000000
555 0.000002
556 0.000025
557 0.000081
558 0.003455
559 0.005668
560 0.000522
561 0.001226
562 0.000084
563 0.000054
564 0.000899
565 0.017815
566 0.001514
567 0.000012
568 0.000000
569 0.000000
570 0.000000
571 0.000000
572 0.000000
573 0.000000
574 0.000000
575 0.000000
576 0.000001
577 0.000027
578 0.999976
579 0.006433
580 0.000323
581 0.000017
582 0.000001
583 0.000002
584 0.000060
585 0.000678
586 0.000714
587 0.002131
588 0.001665
589 0.004200
590 0.001136
591 0.001385
592 0.021115
593 0.001162
594 0.000022
595 0.000001
596 0.000000
597 0.000000
598 0.000000
599 0.000000
600 0.000000
601 0.000000
602 0.000000
603 0.000000
604 0.000000
605 0.000023
606 0.000688
607 0.002643
608 0.006547
609 0.000772
610 0.000075
611 0.000040
612 0.000650
613 0.000678
614 0.000811
615 0.000847
616 0.005186
617 0.010000
618 0.010000
619 0.021306
620 0.004626
621 0.000071
622 0.000001
623 0.000000
624 0.000001
625 0.000001
626 0.000000
627 0.000000
628 0.000000
629 0.000000
630 0.000000
631 0.000000
632 0.000002
633 0.000008
634 0.000065
635 0.000312
636 0.001268
637 0.005019
638 0.005781
639 0.001157
640 0.000678
641 0.000811
642 0.000000
643 0.000000
644 0.010000
645 0.010000
646 0.010114
647 0.010295
648 0.003329
649 0.000019
650 0.000001
651 0.000003
652 0.000006
653 0.000015
654 0.000004
655 0.000001
656 0.000001
657 0.000001
658 0.000001
659 0.000002
660 0.000015
661 0.000218
662 0.000132
663 0.000059
664 0.000168
665 0.003152
666 0.004890
667 0.002567
668 0.001433
669 0.000000
670 0.000000
671 0.000000
672 0.000000
673 0.010102
674 0.010254
675 0.004850
676 0.001915
677 0.000599
678 0.000028
679 0.000017
680 0.000066
681 0.000049
682 0.000032
683 0.000006
684 0.000001
685 0.000002
686 0.000001
687 0.000014
688 0.000401
689 0.007995
690 0.003348
691 0.001985
692 0.003449
693 0.010035
694 0.010000
695 0.005010
696 0.000000
697 0.000000
698 0.000000
699 0.000000
700 0.000000
701 0.000000
702 0.005994
703 0.002436
704 0.000789
705 0.000396
706 0.000298
707 0.000279
708 0.000246
709 0.000185
710 0.000072
711 0.000013
712 0.000003
713 0.000002
714 0.000003
715 0.000032
716 0.000938
717 0.003757
718 0.009833
719 0.009999
720 0.010056
721 0.010088
722 0.010000
723 0.000000
724 0.000000
725 0.000000
726 0.000000
727 0.000000
728 0.000000
729 0.000000
730 0.000000
731 0.000000
732 0.000445
733 0.000416
734 0.000318
735 0.000298
736 0.000279
737 0.000211
738 0.000185
739 0.000033
740 0.000008
741 0.000003
742 0.000007
743 0.000062
744 0.000831
745 0.002261
746 0.005604
747 0.009904
748 0.010033
749 0.010075
750 0.000001
751 0.000011
752 0.000025
753 0.000000
754 0.000000
755 0.000000
756 0.000000
757 0.000000
758 0.000000
759 0.000000
760 0.000000
761 0.000442
762 0.000416
763 0.000318
764 0.000298
765 0.000279
766 0.000262
767 0.000088
768 0.000015
769 0.000006
770 0.000022
771 0.000162
772 0.000551
773 0.001419
774 0.003310
775 0.008166
776 0.009965
777 0.000061
778 0.001392
779 0.001008
780 0.000184
781 0.000009
782 0.000000
783 0.000000
