0 0.007358
1 0.005753
2 0.004676
3 0.004859
4 0.004442
5 0.004045
6 0.003829
7 0.003725
8 0.001146
9 0.000308
10 0.000242
11 0.000281
12 0.000361
13 0.000531
14 0.000744
15 0.001891
16 0.006873
17 0.010207
18 0.008095
19 0.004066
20 0.002981
21 0.003776
22 0.005590
23 0.006115
24 0.005874
25 0.005874
26 0.007746
27 0.007083
28 0.008680
29 0.007198
30 0.005522
31 0.004442
32 0.004330
33 0.004115
34 0.003725
35 0.002671
36 0.000561
37 0.000183
38 0.000173
39 0.000197
40 0.000266
41 0.000579
42 0.001058
43 0.004313
44 0.012293
45 0.010585
46 0.003392
47 0.001808
48 0.003371
49 0.004975
50 0.000000
51 0.000000
52 0.005874
53 0.008373
54 0.007000
55 0.005560
56 0.009758
57 0.008604
58 0.007027
59 0.005423
60 0.004157
61 0.003725
62 0.003624
63 0.001399
64 0.000318
65 0.000129
66 0.000161
67 0.000145
68 0.000227
69 0.000501
70 0.002272
71 0.007431
72 0.012243
73 0.005769
74 0.001799
75 0.002004
76 0.000000
77 0.000000
78 0.000000
79 0.000000
80 0.000000
81 0.008182
82 0.006328
83 0.003720
84 0.009758
85 0.009736
86 0.008689
87 0.006498
88 0.004847
89 0.003671
90 0.003431
91 0.000686
92 0.000155
93 0.000110
94 0.000108
95 0.000131
96 0.000208
97 0.000707
98 0.003825
99 0.012125
100 0.007286
101 0.000588
102 0.000000
103 0.000000
104 0.000000
105 0.000000
106 0.000000
107 0.000000
108 0.000000
109 0.006322
110 0.004127
111 0.002480
112 0.009108
113 0.009736
114 0.009715
115 0.008756
116 0.000000
117 0.000000
118 0.000000
119 0.000000
120 0.000000
121 0.000021
122 0.000098
123 0.000149
124 0.000307
125 0.001342
126 0.006758
127 0.000091
128 0.000000
129 0.000000
130 0.000000
131 0.000000
132 0.000000
133 0.000000
134 0.000000
135 0.000000
136 0.000670
137 0.003821
138 0.002122
139 0.002254
140 0.006918
141 0.008430
142 0.009715
143 0.009715
144 0.000000
145 0.000000
146 0.000000
147 0.000000
148 0.000000
149 0.000000
150 0.000000
151 0.000000
152 0.000001
153 0.000000
154 0.000000
155 0.000000
156 0.000000
157 0.000000
158 0.000000
159 0.000000
160 0.000000
161 0.000000
162 0.000000
163 0.000000
164 0.003866
165 0.001783
166 0.001859
167 0.001929
168 0.004835
169 0.006209
170 0.007705
171 0.009715
172 0.000000
173 0.000000
174 0.000000
175 0.000000
176 0.000000
177 0.000000
178 0.000000
179 0.000000
180 0.000000
181 0.000000
182 0.000000
183 0.000000
184 0.000000
185 0.000000
186 0.000000
187 0.000000
188 0.000000
189 0.000000
190 0.000000
191 0.000001
192 0.001584
193 0.001460
194 0.001519
195 0.001949
196 0.003784
197 0.004215
198 0.005186
199 0.006944
200 0.000018
201 0.000000
202 0.000000
203 0.000000
204 0.000000
205 0.000000
206 0.000000
207 0.000000
208 0.000000
209 0.000000
210 0.000000
211 0.000000
212 0.000000
213 0.000000
214 0.000000
215 0.000000
216 0.000000
217 0.000000
218 0.000000
219 0.000053
220 0.001428
221 0.001460
222 0.001641
223 0.001923
224 0.003934
225 0.003382
226 0.003523
227 0.004608
228 0.005663
229 0.000000
230 0.000000
231 0.000000
232 0.000000
233 0.000000
234 0.000000
235 0.000000
236 0.000000
237 0.000000
238 0.000000
239 0.000000
240 0.000000
241 0.000000
242 0.000000
243 0.000000
244 0.000000
245 0.000000
246 0.000000
247 0.000015
248 0.000038
249 0.000073
250 0.000173
251 0.000337
252 0.007251
253 0.004477
254 0.003341
255 0.001492
256 0.000202
257 0.000000
258 0.000000
259 0.000000
260 0.000000
261 0.000000
262 0.000000
263 0.000000
264 0.000000
265 0.000000
266 0.000000
267 0.000000
268 0.000000
269 0.000000
270 0.000000
271 0.000000
272 0.000000
273 0.000000
274 0.000000
275 0.000002
276 0.000003
277 0.000007
278 0.000014
279 0.000028
280 0.014344
281 0.002219
282 0.000405
283 0.000050
284 0.000014
285 0.000000
286 0.000000
287 0.000000
288 0.000000
289 0.000000
290 0.000000
291 0.000000
292 0.000000
293 0.000000
294 0.000000
295 0.000000
296 0.000000
297 0.000000
298 0.000000
299 0.000000
300 0.000000
301 0.000000
302 0.000000
303 0.000002
304 0.000003
305 0.000005
306 0.000008
307 0.000014
308 0.001600
309 0.000431
310 0.000092
311 0.000024
312 0.000002
313 0.000000
314 0.000000
315 0.000000
316 0.000000
317 0.000000
318 0.000001
319 0.000000
320 0.000000
321 0.000000
322 0.000001
323 0.000000
324 0.000000
325 0.000000
326 0.000000
327 0.000000
328 0.000000
329 0.000000
330 0.000002
331 0.000001
332 0.000005
333 0.000009
334 0.000016
335 0.000038
336 0.000337
337 0.000216
338 0.000109
339 0.000045
340 0.000001
341 0.000000
342 0.000000
343 0.000000
344 0.000000
345 0.000000
346 0.000000
347 0.000077
348 0.000005
349 0.000001
350 0.000000
351 0.000000
352 0.000000
353 0.000000
354 0.000000
355 0.000000
356 0.000000
357 0.000000
358 0.000002
359 0.000005
360 0.000013
361 0.000026
362 0.000052
363 0.000075
364 0.000232
365 0.000221
366 0.000115
367 0.000080
368 0.000001
369 0.000000
370 0.000000
371 0.000000
372 0.000000
373 0.000000
374 0.000000
375 0.000034
376 0.999997
377 0.000046
378 0.000000
379 0.000000
380 0.000000
381 0.000000
382 0.000000
383 0.000000
384 0.000000
385 0.000014
386 0.000033
387 0.000027
388 0.000021
389 0.000073
390 0.000070
391 0.000053
392 0.000124
393 0.000084
394 0.000047
395 0.000011
396 0.000000
397 0.000000
398 0.000000
399 0.000000
400 0.000000
401 0.000000
402 0.000000
403 0.000004
404 0.000595
405 0.000056
406 0.000000
407 0.000000
408 0.000000
409 0.000000
410 0.000000
411 0.000000
412 0.000003
413 0.000754
414 0.002293
415 0.000314
416 0.000087
417 0.000059
418 0.000031
419 0.000023
420 0.000050
421 0.000055
422 0.000036
423 0.000002
424 0.000000
425 0.000000
426 0.000008
427 0.000048
428 0.000001
429 0.000000
430 0.000000
431 0.000001
432 0.000001
433 0.000000
434 0.000000
435 0.000000
436 0.000000
437 0.000000
438 0.000000
439 0.000000
440 0.000003
441 0.000322
442 0.999992
443 0.000905
444 0.000223
445 0.000114
446 0.000038
447 0.000015
448 0.000043
449 0.000031
450 0.000027
451 0.000000
452 0.000000
453 0.000001
454 0.000412
455 0.004791
456 0.000009
457 0.000000
458 0.000001
459 0.000000
460 0.000000
461 0.000000
462 0.000000
463 0.000000
464 0.000000
465 0.000000
466 0.000000
467 0.000000
468 0.000000
469 0.000002
470 0.000059
471 0.000683
472 0.000556
473 0.000134
474 0.000147
475 0.000103
476 0.000049
477 0.000041
478 0.000012
479 0.000000
480 0.000000
481 0.000021
482 0.999996
483 0.009756
484 0.000012
485 0.000001
486 0.000000
487 0.000000
488 0.000000
489 0.000000
490 0.000000
491 0.000000
492 0.000000
493 0.000000
494 0.000000
495 0.000000
496 0.000000
497 0.000000
498 0.000001
499 0.000057
500 0.000332
501 0.000795
502 0.002429
503 0.001545
504 0.000145
505 0.000085
506 0.000012
507 0.000000
508 0.000003
509 0.000600
510 0.001847
511 0.000555
512 0.000029
513 0.000000
514 0.000000
515 0.000000
516 0.000000
517 0.000000
518 0.000000
519 0.000000
520 0.000000
521 0.000000
522 0.000002
523 0.000004
524 0.000000
525 0.000000
526 0.000000
527 0.000008
528 0.000131
529 0.000305
530 0.005884
531 0.010008
532 0.000172
533 0.000424
534 0.000033
535 0.000006
536 0.000143
537 0.003117
538 0.000435
539 0.000162
540 0.000004
541 0.000000
542 0.000000
543 0.000000
544 0.000000
545 0.000000
546 0.000000
547 0.000000
548 0.000001
549 0.000012
550 0.000605
551 0.000201
552 0.000006
553 0.000000
554 0.000000
555 0.000002
556 0.000085
557 0.000220
558 0.002019
559 0.004464
560 0.000838
561 0.002388
562 0.000174
563 0.000080
564 0.002259
565 0.001561
566 0.000143
567 0.000015
568 0.000001
569 0.000000
570 0.000000
571 0.000000
572 0.000000
573 0.000000
574 0.000000
575 0.000000
576 0.000001
577 0.000194
578 0.019544
579 0.017066
580 0.000878
581 0.000032
582 0.000002
583 0.000002
584 0.000038
585 0.000243
586 0.000627
587 0.001672
588 0.003297
589 0.010001
590 0.001633
591 0.001006
592 0.002111
593 0.000123
594 0.000016
595 0.000002
596 0.000001
597 0.000000
598 0.000000
599 0.000000
600 0.000000
601 0.000000
602 0.000000
603 0.000000
604 0.000000
605 0.000075
606 0.999979
607 0.017585
608 0.030777
609 0.003442
610 0.000122
611 0.000047
612 0.000232
613 0.000159
614 0.000258
615 0.000525
616 0.010001
617 0.010001
618 0.010001
619 0.012496
620 0.000695
621 0.000041
622 0.000004
623 0.000001
624 0.000000
625 0.000000
626 0.000000
627 0.000000
628 0.000000
629 0.000000
630 0.000000
631 0.000000
632 0.000000
633 0.000004
634 0.000468
635 0.003077
636 0.013126
637 0.042823
638 0.018912
639 0.001544
640 0.000607
641 0.000324
642 0.000000
643 0.000000
644 0.010001
645 0.010001
646 0.010002
647 0.010003
648 0.010025
649 0.000100
650 0.000004
651 0.000001
652 0.000002
653 0.000004
654 0.000001
655 0.000000
656 0.000000
657 0.000000
658 0.000000
659 0.000000
660 0.000000
661 0.000014
662 0.000054
663 0.000351
664 0.001344
665 0.007501
666 0.010000
667 0.005814
668 0.002103
669 0.000000
670 0.000001
671 0.000000
672 0.000000
673 0.010002
674 0.010003
675 0.018225
676 0.011812
677 0.003251
678 0.000015
679 0.000003
680 0.000031
681 0.000021
682 0.000009
683 0.000001
684 0.000000
685 0.000000
686 0.000000
687 0.000000
688 0.000005
689 0.000184
690 0.000277
691 0.000865
692 0.004493
693 0.010000
694 0.010000
695 0.010000
696 0.000001
697 0.000001
698 0.000001
699 0.000000
700 0.000000
701 0.000000
702 0.014733
703 0.014010
704 0.004038
705 0.000731
706 0.000181
707 0.000168
708 0.000145
709 0.000105
710 0.000028
711 0.000002
712 0.000000
713 0.000000
714 0.000000
715 0.000002
716 0.000027
717 0.000072
718 0.000351
719 0.001241
720 0.004643
721 0.010002
722 0.010000
723 0.000001
724 0.000001
725 0.000000
726 0.000001
727 0.000000
728 0.000000
729 0.000000
730 0.000000
731 0.000000
732 0.001196
733 0.000266
734 0.000195
735 0.000181
736 0.000168
737 0.000122
738 0.000105
739 0.000008
740 0.000001
741 0.000000
742 0.000001
743 0.000006
744 0.000098
745 0.000093
746 0.000133
747 0.000628
748 0.002218
749 0.008215
750 0.000049
751 0.000414
752 0.000709
753 0.000010
754 0.000001
755 0.000001
756 0.000000
757 0.000000
758 0.000000
759 0.000000
760 0.000000
761 0.000285
762 0.000265
763 0.000195
764 0.000181
765 0.000168
766 0.000156
767 0.000031
768 0.000002
769 0.000001
770 0.000002
771 0.000017
772 0.000092
773 0.000122
774 0.000107
775 0.000269
776 0.000879
777 0.000073
778 0.002120
779 0.001487
780 0.000179
781 0.000629
782 0.000030
783 0.000001
