0 0.010188
1 0.010000
2 0.009877
3 0.007897
4 0.005400
5 0.003319
6 0.002668
7 0.002570
8 0.000503
9 0.000085
10 0.000062
11 0.000213
12 0.000828
13 0.001812
14 0.001085
15 0.000460
16 0.000140
17 0.000069
18 0.000148
19 0.000478
20 0.001339
21 0.002305
22 0.005005
23 0.007207
24 0.006910
25 0.006596
26 0.004795
27 0.003351
28 0.013312
29 0.010188
30 0.010000
31 0.009877
32 0.007060
33 0.004585
34 0.002718
35 0.001628
36 0.000190
37 0.000042
38 0.000056
39 0.000239
40 0.001046
41 0.001823
42 0.000628
43 0.000232
44 0.000132
45 0.000093
46 0.000085
47 0.000396
48 0.001851
49 0.004268
50 0.000148
51 0.000000
52 0.006596
53 0.004965
54 0.002860
55 0.002134
56 0.018505
57 0.013312
58 0.010372
59 0.010000
60 0.009877
61 0.006125
62 0.003933
63 0.000725
64 0.000089
65 0.000026
66 0.000092
67 0.000304
68 0.000937
69 0.000585
70 0.000291
71 0.000122
72 0.000135
73 0.000087
74 0.000069
75 0.000316
76 0.001144
77 0.000000
78 0.000000
79 0.000000
80 0.000000
81 0.002841
82 0.002100
83 0.001328
84 0.020095
85 0.019577
86 0.014938
87 0.010372
88 0.010000
89 0.009222
90 0.005855
91 0.000424
92 0.000036
93 0.000026
94 0.000124
95 0.000534
96 0.000557
97 0.000253
98 0.000126
99 0.000099
100 0.000121
101 0.000087
102 0.000041
103 0.000001
104 0.000000
105 0.000000
106 0.000000
107 0.000000
108 0.000000
109 0.001693
110 0.001232
111 0.001354
112 0.012816
113 0.019373
114 0.020306
115 0.014938
116 0.000000
117 0.000000
118 0.000000
119 0.000000
120 0.000000
121 0.000018
122 0.000222
123 0.000796
124 0.000224
125 0.000076
126 0.000047
127 0.000041
128 0.000044
129 0.000004
130 0.000000
131 0.000000
132 0.000000
133 0.000000
134 0.000000
135 0.000000
136 0.000042
137 0.000959
138 0.001044
139 0.001315
140 0.007448
141 0.012332
142 0.018666
143 0.020761
144 0.000000
145 0.000000
146 0.000000
147 0.000000
148 0.000000
149 0.000000
150 0.000000
151 0.000001
152 0.000001
153 0.000001
154 0.000010
155 0.000002
156 0.000001
157 0.000000
158 0.000000
159 0.000000
160 0.000000
161 0.000001
162 0.000000
163 0.000001
164 0.000888
165 0.000795
166 0.001010
167 0.001063
168 0.005352
169 0.007160
170 0.010582
171 0.017665
172 0.000000
173 0.000000
174 0.000001
175 0.000001
176 0.000000
177 0.000000
178 0.000000
179 0.000000
180 0.000000
181 0.000000
182 0.000000
183 0.000000
184 0.000000
185 0.000000
186 0.000001
187 0.000001
188 0.000000
189 0.000000
190 0.000000
191 0.000000
192 0.000689
193 0.000727
194 0.000767
195 0.001187
196 0.004035
197 0.004892
198 0.006371
199 0.010176
200 0.000229
201 0.000000
202 0.000000
203 0.000001
204 0.000018
205 0.000003
206 0.000000
207 0.000000
208 0.000000
209 0.000000
210 0.000000
211 0.000000
212 0.000000
213 0.000000
214 0.000001
215 0.000000
216 0.000000
217 0.000000
218 0.000000
219 0.000014
220 0.000689
221 0.000727
222 0.000948
223 0.001620
224 0.002827
225 0.003253
226 0.003920
227 0.005515
228 0.008377
229 0.000000
230 0.000000
231 0.000000
232 0.000083
233 0.999992
234 0.000010
235 0.000000
236 0.000000
237 0.000000
238 0.000000
239 0.000000
240 0.000000
241 0.000000
242 0.000000
243 0.000000
244 0.000000
245 0.000000
246 0.000000
247 0.000034
248 0.000068
249 0.000150
250 0.000436
251 0.000953
252 0.002385
253 0.002133
254 0.002592
255 0.003439
256 0.004247
257 0.000001
258 0.000000
259 0.000000
260 0.000002
261 0.000096
262 0.000004
263 0.000000
264 0.000000
265 0.000000
266 0.000000
267 0.000000
268 0.000000
269 0.000000
270 0.000000
271 0.000000
272 0.000000
273 0.000000
274 0.000000
275 0.000006
276 0.000018
277 0.000057
278 0.000146
279 0.000446
280 0.001981
281 0.001700
282 0.001759
283 0.001867
284 0.002607
285 0.000004
286 0.000000
287 0.000000
288 0.000000
289 0.000000
290 0.000001
291 0.000001
292 0.000001
293 0.000001
294 0.000001
295 0.000002
296 0.000000
297 0.000000
298 0.000000
299 0.000000
300 0.000000
301 0.000000
302 0.000000
303 0.000015
304 0.000034
305 0.000106
306 0.000223
307 0.000299
308 0.001992
309 0.001778
310 0.001438
311 0.001217
312 0.000138
313 0.000001
314 0.000000
315 0.000000
316 0.000000
317 0.000000
318 0.000000
319 0.000003
320 0.000013
321 0.000155
322 0.000244
323 0.000001
324 0.000000
325 0.000000
326 0.000000
327 0.000000
328 0.000001
329 0.000000
330 0.000001
331 0.000011
332 0.000139
333 0.000225
334 0.000305
335 0.000455
336 0.002163
337 0.001733
338 0.001179
339 0.000334
340 0.000003
341 0.000000
342 0.000000
343 0.000000
344 0.000000
345 0.000000
346 0.000000
347 0.000012
348 0.002384
349 0.999982
350 0.000034
351 0.000001
352 0.000000
353 0.000000
354 0.000000
355 0.000001
356 0.000000
357 0.000001
358 0.000002
359 0.000007
360 0.000237
361 0.000339
362 0.000399
363 0.000356
364 0.002009
365 0.000922
366 0.000323
367 0.000105
368 0.000000
369 0.000000
370 0.000000
371 0.000000
372 0.000000
373 0.000000
374 0.000000
375 0.000039
376 0.006366
377 0.001104
378 0.000004
379 0.000000
380 0.000000
381 0.000000
382 0.000001
383 0.000001
384 0.000001
385 0.000026
386 0.000018
387 0.000014
388 0.000124
389 0.000365
390 0.000331
391 0.000207
392 0.000426
393 0.000219
394 0.000085
395 0.000005
396 0.000000
397 0.000000
398 0.000000
399 0.000000
400 0.000000
401 0.000000
402 0.000000
403 0.000005
404 0.000026
405 0.000006
406 0.000001
407 0.000000
408 0.000000
409 0.000001
410 0.000001
411 0.000001
412 0.000002
413 0.001681
414 0.000422
415 0.000041
416 0.000051
417 0.000216
418 0.000107
419 0.000065
420 0.000127
421 0.000055
422 0.000045
423 0.000001
424 0.000000
425 0.000000
426 0.000000
427 0.000000
428 0.000000
429 0.000000
430 0.000000
431 0.000000
432 0.000000
433 0.000000
434 0.000000
435 0.000001
436 0.000011
437 0.000054
438 0.000002
439 0.000001
440 0.000005
441 0.005189
442 0.999918
443 0.000042
444 0.000014
445 0.000163
446 0.000057
447 0.000024
448 0.000106
449 0.000057
450 0.000039
451 0.000000
452 0.000000
453 0.000000
454 0.000000
455 0.000000
456 0.000000
457 0.000000
458 0.000000
459 0.000000
460 0.000000
461 0.000000
462 0.000000
463 0.000006
464 0.001242
465 0.001449
466 0.000006
467 0.000001
468 0.000004
469 0.000236
470 0.000573
471 0.000033
472 0.000010
473 0.000036
474 0.000070
475 0.000076
476 0.000292
477 0.000163
478 0.000022
479 0.000000
480 0.000000
481 0.000000
482 0.000000
483 0.000000
484 0.000000
485 0.000000
486 0.000000
487 0.000000
488 0.000000
489 0.000000
490 0.000000
491 0.000007
492 0.999984
493 0.003123
494 0.000009
495 0.000001
496 0.000001
497 0.000003
498 0.000032
499 0.000047
500 0.000008
501 0.000025
502 0.000673
503 0.000860
504 0.001052
505 0.000605
506 0.000019
507 0.000000
508 0.000000
509 0.000000
510 0.000000
511 0.000001
512 0.000000
513 0.000000
514 0.000000
515 0.000000
516 0.000000
517 0.000000
518 0.000000
519 0.000002
520 0.000015
521 0.000011
522 0.000002
523 0.000001
524 0.000001
525 0.000000
526 0.000005
527 0.000290
528 0.000044
529 0.000181
530 0.004023
531 0.009993
532 0.000999
533 0.002464
534 0.000039
535 0.000001
536 0.000001
537 0.000000
538 0.000001
539 0.000001
540 0.000000
541 0.000000
542 0.000000
543 0.000000
544 0.000000
545 0.000000
546 0.000000
547 0.000000
548 0.000000
549 0.000000
550 0.000000
551 0.000002
552 0.000008
553 0.000002
554 0.000008
555 0.000531
556 0.004386
557 0.001922
558 0.010001
559 0.009999
560 0.004676
561 0.008194
562 0.000084
563 0.000002
564 0.000001
565 0.000002
566 0.000003
567 0.000000
568 0.000000
569 0.000000
570 0.000000
571 0.000000
572 0.000000
573 0.000000
574 0.000000
575 0.000000
576 0.000000
577 0.000000
578 0.000000
579 0.000002
580 0.000305
581 0.000251
582 0.000083
583 0.000926
584 0.032139
585 0.010001
586 0.010001
587 0.010001
588 0.009238
589 0.016753
590 0.000977
591 0.000005
592 0.000003
593 0.000003
594 0.000001
595 0.000000
596 0.000000
597 0.000000
598 0.000000
599 0.000000
600 0.000000
601 0.000000
602 0.000000
603 0.000000
604 0.000000
605 0.000000
606 0.000000
607 0.000004
608 0.000054
609 0.001028
610 0.000539
611 0.000700
612 0.010000
613 0.010000
614 0.010001
615 0.010001
616 0.017416
617 0.013364
618 0.010011
619 0.000960
620 0.000011
621 0.000001
622 0.000000
623 0.000000
624 0.000000
625 0.000000
626 0.000000
627 0.000000
628 0.000000
629 0.000000
630 0.000000
631 0.000000
632 0.000000
633 0.000000
634 0.000000
635 0.000001
636 0.000009
637 0.000077
638 0.000496
639 0.010000
640 0.010000
641 0.010000
642 0.000000
643 0.000003
644 0.012930
645 0.010010
646 0.010009
647 0.010008
648 0.002681
649 0.000008
650 0.000000
651 0.000000
652 0.000000
653 0.000000
654 0.000000
655 0.000001
656 0.000007
657 0.000168
658 0.000099
659 0.000004
660 0.000000
661 0.000000
662 0.000001
663 0.000003
664 0.000015
665 0.000676
666 0.010002
667 0.010001
668 0.010000
669 0.000000
670 0.000001
671 0.000002
672 0.000000
673 0.010009
674 0.010008
675 0.007507
676 0.004211
677 0.002047
678 0.000012
679 0.000006
680 0.000013
681 0.000064
682 0.000334
683 0.000170
684 0.000168
685 0.000222
686 0.000077
687 0.000020
688 0.000008
689 0.000048
690 0.000112
691 0.000143
692 0.000625
693 0.005071
694 0.010001
695 0.010002
696 0.000000
697 0.000000
698 0.000001
699 0.000001
700 0.000000
701 0.000000
702 0.008714
703 0.004995
704 0.002488
705 0.001413
706 0.001189
707 0.001141
708 0.001052
709 0.001010
710 0.001274
711 0.000659
712 0.000271
713 0.000159
714 0.000061
715 0.000017
716 0.000020
717 0.000080
718 0.000481
719 0.000508
720 0.001161
721 0.002664
722 0.006113
723 0.000001
724 0.000000
725 0.000000
726 0.000000
727 0.000000
728 0.000000
729 0.000000
730 0.000000
731 0.000000
732 0.001527
733 0.001469
734 0.001238
735 0.001189
736 0.001141
737 0.001924
738 0.004504
739 0.002022
740 0.000483
741 0.000127
742 0.000041
743 0.000017
744 0.000043
745 0.000178
746 0.000504
747 0.000617
748 0.000757
749 0.001700
750 0.000000
751 0.000000
752 0.000000
753 0.000000
754 0.000001
755 0.000000
756 0.000000
757 0.000000
758 0.000000
759 0.000000
760 0.000000
761 0.001527
762 0.001469
763 0.001238
764 0.001557
765 0.003513
766 0.008554
767 0.003776
768 0.000831
769 0.000102
770 0.000029
771 0.000023
772 0.000080
773 0.000391
774 0.000504
775 0.000555
776 0.000676
777 0.000000
778 0.000215
779 0.000275
780 0.000005
781 0.000000
782 0.000000
783 0.000000
