0 0.008194
1 0.009475
2 0.010000
3 0.010000
4 0.016731
5 0.011285
6 0.008003
7 0.002744
8 0.000631
9 0.000128
10 0.000096
11 0.000089
12 0.000202
13 0.000732
14 0.002375
15 0.002369
16 0.001039
17 0.000394
18 0.000537
19 0.001526
20 0.006083
21 0.009983
22 0.010346
23 0.006974
24 0.007128
25 0.004367
26 0.003481
27 0.002209
28 0.008387
29 0.008607
30 0.009233
31 0.010000
32 0.012271
33 0.017335
34 0.010920
35 0.003929
36 0.000266
37 0.000067
38 0.000063
39 0.000079
40 0.000212
41 0.000977
42 0.001913
43 0.001295
44 0.000632
45 0.000429
46 0.000741
47 0.003352
48 0.009443
49 0.010367
50 0.006029
51 0.000000
52 0.004644
53 0.003574
54 0.001874
55 0.001829
56 0.009055
57 0.008844
58 0.009107
59 0.009454
60 0.010000
61 0.016187
62 0.016736
63 0.003834
64 0.000326
65 0.000045
66 0.000058
67 0.000097
68 0.000283
69 0.000912
70 0.000974
71 0.000656
72 0.000403
73 0.000571
74 0.001362
75 0.006341
76 0.005172
77 0.000008
78 0.000000
79 0.000000
80 0.000000
81 0.001804
82 0.001680
83 0.001528
84 0.010014
85 0.009490
86 0.009374
87 0.009938
88 0.009797
89 0.010000
90 0.017389
91 0.002623
92 0.000310
93 0.000065
94 0.000042
95 0.000146
96 0.000435
97 0.000761
98 0.000396
99 0.000243
100 0.000412
101 0.000800
102 0.001653
103 0.000532
104 0.000005
105 0.000000
106 0.000000
107 0.000000
108 0.000000
109 0.001334
110 0.001396
111 0.001680
112 0.010047
113 0.010022
114 0.010180
115 0.010233
116 0.000000
117 0.000000
118 0.000000
119 0.000001
120 0.000004
121 0.000080
122 0.000085
123 0.000234
124 0.000793
125 0.000392
126 0.000128
127 0.000069
128 0.000246
129 0.001671
130 0.000029
131 0.000004
132 0.000001
133 0.000000
134 0.000000
135 0.000000
136 0.000046
137 0.001100
138 0.001334
139 0.001652
140 0.010060
141 0.010051
142 0.010031
143 0.010647
144 0.000000
145 0.000000
146 0.000000
147 0.000000
148 0.000000
149 0.000000
150 0.000000
151 0.000002
152 0.000014
153 0.000011
154 0.000026
155 0.000130
156 0.000052
157 0.000006
158 0.000003
159 0.000001
160 0.000000
161 0.000000
162 0.000000
163 0.000000
164 0.001115
165 0.001048
166 0.001312
167 0.001384
168 0.008515
169 0.009734
170 0.010057
171 0.010038
172 0.000000
173 0.000000
174 0.000018
175 0.000001
176 0.000000
177 0.000000
178 0.000000
179 0.000000
180 0.000000
181 0.000000
182 0.000000
183 0.000000
184 0.000000
185 0.000000
186 0.000000
187 0.000000
188 0.000000
189 0.000000
190 0.000000
191 0.000001
192 0.000929
193 0.000984
194 0.001150
195 0.002082
196 0.007453
197 0.008235
198 0.009109
199 0.010061
200 0.000310
201 0.000000
202 0.000000
203 0.000007
204 0.000037
205 0.000021
206 0.000046
207 0.000006
208 0.000000
209 0.000000
210 0.000000
211 0.000000
212 0.000000
213 0.000000
214 0.000000
215 0.000000
216 0.000000
217 0.000000
218 0.000000
219 0.000031
220 0.000942
221 0.001234
222 0.001898
223 0.003110
224 0.004888
225 0.006469
226 0.007709
227 0.008810
228 0.009739
229 0.000000
230 0.000000
231 0.000000
232 0.000025
233 0.000698
234 1.000000
235 0.000153
236 0.000001
237 0.000000
238 0.000000
239 0.000000
240 0.000000
241 0.000000
242 0.000000
243 0.000000
244 0.000000
245 0.000000
246 0.000000
247 0.000082
248 0.000201
249 0.000454
250 0.001216
251 0.003119
252 0.003338
253 0.003899
254 0.005077
255 0.007457
256 0.008245
257 0.000002
258 0.000000
259 0.000000
260 0.000008
261 0.000236
262 0.000115
263 0.000005
264 0.000003
265 0.000001
266 0.000001
267 0.000000
268 0.000000
269 0.000000
270 0.000000
271 0.000000
272 0.000000
273 0.000000
274 0.000000
275 0.000033
276 0.000083
277 0.000292
278 0.000693
279 0.001121
280 0.002089
281 0.002287
282 0.003112
283 0.003812
284 0.006321
285 0.000022
286 0.000000
287 0.000000
288 0.000000
289 0.000028
290 0.000005
291 0.000002
292 0.000009
293 0.000864
294 0.000994
295 0.000005
296 0.000000
297 0.000000
298 0.000000
299 0.000000
300 0.000000
301 0.000000
302 0.000002
303 0.000088
304 0.000235
305 0.000453
306 0.000541
307 0.000668
308 0.002285
309 0.001979
310 0.001676
311 0.002066
312 0.000540
313 0.000016
314 0.000000
315 0.000000
316 0.000000
317 0.000000
318 0.000004
319 0.000039
320 0.001435
321 0.010588
322 0.000583
323 0.000003
324 0.000000
325 0.000000
326 0.000000
327 0.000000
328 0.000000
329 0.000000
330 0.000112
331 0.000283
332 0.000482
333 0.000537
334 0.000653
335 0.000661
336 0.002585
337 0.001971
338 0.001674
339 0.001275
340 0.000024
341 0.000000
342 0.000000
343 0.000000
344 0.000000
345 0.000000
346 0.000006
347 0.002618
348 0.041321
349 0.002713
350 0.000029
351 0.000001
352 0.000000
353 0.000000
354 0.000000
355 0.000000
356 0.000000
357 0.000007
358 0.000756
359 0.000468
360 0.000568
361 0.000596
362 0.000611
363 0.000389
364 0.002271
365 0.002315
366 0.001277
367 0.000431
368 0.000001
369 0.000000
370 0.000000
371 0.000000
372 0.000000
373 0.000000
374 0.000015
375 0.997118
376 0.005058
377 0.000118
378 0.000003
379 0.000001
380 0.000001
381 0.000006
382 0.000000
383 0.000000
384 0.000000
385 0.000371
386 0.004743
387 0.001909
388 0.000720
389 0.000463
390 0.000219
391 0.000148
392 0.001360
393 0.000734
394 0.000319
395 0.000021
396 0.000000
397 0.000000
398 0.000000
399 0.000000
400 0.000000
401 0.000000
402 0.000062
403 0.000365
404 0.000050
405 0.000009
406 0.000001
407 0.000008
408 0.000072
409 0.000057
410 0.000002
411 0.000000
412 0.000001
413 0.000912
414 0.989269
415 0.001777
416 0.000621
417 0.000351
418 0.000171
419 0.000078
420 0.000397
421 0.000156
422 0.000091
423 0.000001
424 0.000000
425 0.000000
426 0.000000
427 0.000000
428 0.000000
429 0.000000
430 0.000001
431 0.000001
432 0.000001
433 0.000000
434 0.000028
435 0.000334
436 0.006157
437 0.000532
438 0.000004
439 0.000000
440 0.000000
441 0.000067
442 0.000743
443 0.000574
444 0.000329
445 0.000264
446 0.000186
447 0.000143
448 0.000193
449 0.000079
450 0.000055
451 0.000000
452 0.000000
453 0.000000
454 0.000000
455 0.000000
456 0.000000
457 0.000000
458 0.000000
459 0.000000
460 0.000000
461 0.000001
462 0.000063
463 0.027219
464 0.440049
465 0.004644
466 0.000011
467 0.000000
468 0.000001
469 0.000001
470 0.000013
471 0.000161
472 0.000155
473 0.000238
474 0.000350
475 0.000385
476 0.000390
477 0.000223
478 0.000044
479 0.000000
480 0.000000
481 0.000000
482 0.000000
483 0.000001
484 0.000000
485 0.000000
486 0.000000
487 0.000000
488 0.000000
489 0.000001
490 0.000183
491 0.999956
492 0.051743
493 0.000719
494 0.000005
495 0.000001
496 0.000000
497 0.000000
498 0.000001
499 0.000026
500 0.000168
501 0.000208
502 0.001087
503 0.002104
504 0.001290
505 0.001268
506 0.000052
507 0.000000
508 0.000000
509 0.000000
510 0.000000
511 0.000001
512 0.000000
513 0.000000
514 0.000000
515 0.000000
516 0.000000
517 0.000000
518 0.000013
519 0.000036
520 0.000007
521 0.000019
522 0.000002
523 0.000003
524 0.000003
525 0.000000
526 0.000000
527 0.000013
528 0.000214
529 0.000485
530 0.004549
531 0.010000
532 0.002241
533 0.003535
534 0.000070
535 0.000002
536 0.000001
537 0.000001
538 0.000002
539 0.000000
540 0.000000
541 0.000000
542 0.000000
543 0.000000
544 0.000000
545 0.000000
546 0.000000
547 0.000000
548 0.000000
549 0.000000
550 0.000001
551 0.000013
552 0.000080
553 0.000011
554 0.000001
555 0.000017
556 0.000332
557 0.002253
558 0.010000
559 0.010000
560 0.004973
561 0.008366
562 0.000114
563 0.000002
564 0.000002
565 0.000005
566 0.000002
567 0.000000
568 0.000000
569 0.000000
570 0.000000
571 0.000000
572 0.000000
573 0.000000
574 0.000000
575 0.000000
576 0.000000
577 0.000000
578 0.000000
579 0.000034
580 0.000940
581 0.000685
582 0.000067
583 0.000028
584 0.000622
585 0.010000
586 0.010000
587 0.010000
588 0.009792
589 0.010277
590 0.000802
591 0.000013
592 0.000008
593 0.000003
594 0.000001
595 0.000001
596 0.000001
597 0.000000
598 0.000000
599 0.000000
600 0.000000
601 0.000000
602 0.000000
603 0.000000
604 0.000000
605 0.000000
606 0.000000
607 0.000018
608 0.000264
609 0.002540
610 0.000927
611 0.000605
612 0.010197
613 0.010132
614 0.010000
615 0.010000
616 0.010257
617 0.010276
618 0.010264
619 0.001104
620 0.000012
621 0.000005
622 0.000002
623 0.000001
624 0.000001
625 0.000000
626 0.000000
627 0.000000
628 0.000000
629 0.000000
630 0.000000
631 0.000000
632 0.000000
633 0.000000
634 0.000001
635 0.000005
636 0.000024
637 0.000156
638 0.000907
639 0.016557
640 0.014587
641 0.009997
642 0.000000
643 0.000002
644 0.010261
645 0.010236
646 0.008097
647 0.004344
648 0.001238
649 0.000006
650 0.000001
651 0.000000
652 0.000000
653 0.000001
654 0.000002
655 0.000008
656 0.000043
657 0.000183
658 0.000053
659 0.000005
660 0.000002
661 0.000004
662 0.000013
663 0.000019
664 0.000046
665 0.000836
666 0.016347
667 0.016034
668 0.015968
669 0.000000
670 0.000000
671 0.000002
672 0.000000
673 0.008119
674 0.004906
675 0.002644
676 0.001782
677 0.001442
678 0.000023
679 0.000013
680 0.000036
681 0.000339
682 0.002247
683 0.000846
684 0.000285
685 0.000149
686 0.000045
687 0.000025
688 0.000042
689 0.000435
690 0.001902
691 0.001639
692 0.003009
693 0.010000
694 0.011168
695 0.016064
696 0.000000
697 0.000000
698 0.000000
699 0.000000
700 0.000000
701 0.000000
702 0.003085
703 0.001872
704 0.001746
705 0.001686
706 0.001442
707 0.001420
708 0.002537
709 0.004935
710 0.006002
711 0.001677
712 0.000331
713 0.000089
714 0.000048
715 0.000037
716 0.000057
717 0.000451
718 0.004290
719 0.008646
720 0.009972
721 0.010004
722 0.010000
723 0.000000
724 0.000000
725 0.000000
726 0.000000
727 0.000000
728 0.000000
729 0.000000
730 0.000000
731 0.000000
732 0.001809
733 0.001746
734 0.001518
735 0.002130
736 0.004507
737 0.008706
738 0.010001
739 0.002365
740 0.000356
741 0.000077
742 0.000042
743 0.000042
744 0.000099
745 0.000532
746 0.002544
747 0.005765
748 0.009951
749 0.009986
750 0.000000
751 0.000000
752 0.000000
753 0.000000
754 0.000000
755 0.000000
756 0.000000
757 0.000000
758 0.000000
759 0.000000
760 0.000000
761 0.001821
762 0.002007
763 0.003605
764 0.006731
765 0.010001
766 0.010002
767 0.003161
768 0.000386
769 0.000080
770 0.000053
771 0.000056
772 0.000172
773 0.000718
774 0.001716
775 0.003445
776 0.006694
777 0.000001
778 0.001127
779 0.000778
780 0.000010
781 0.000000
782 0.000000
783 0.000000
