0 0.004199
1 0.004199
2 0.003899
3 0.004229
4 0.004854
5 0.006427
6 0.008562
7 0.009206
8 0.002327
9 0.000299
10 0.000127
11 0.000083
12 0.000087
13 0.000088
14 0.000084
15 0.000083
16 0.000068
17 0.000057
18 0.000191
19 0.000632
20 0.002238
21 0.003686
22 0.006963
23 0.007371
24 0.007036
25 0.007035
26 0.005082
27 0.003686
28 0.003888
29 0.004199
30 0.003888
31 0.003899
32 0.003921
33 0.005215
34 0.006902
35 0.006419
36 0.001158
37 0.000252
38 0.000136
39 0.000081
40 0.000064
41 0.000077
42 0.000070
43 0.000062
44 0.000051
45 0.000057
46 0.000091
47 0.000616
48 0.003396
49 0.006459
50 0.000001
51 0.000000
52 0.007035
53 0.004970
54 0.003064
55 0.002312
56 0.004199
57 0.003888
58 0.003888
59 0.003888
60 0.003899
61 0.003897
62 0.005182
63 0.002357
64 0.000615
65 0.000229
66 0.000207
67 0.000098
68 0.000047
69 0.000047
70 0.000047
71 0.000044
72 0.000044
73 0.000040
74 0.000057
75 0.000604
76 0.000009
77 0.000000
78 0.000001
79 0.000000
80 0.000000
81 0.002914
82 0.002155
83 0.001561
84 0.004071
85 0.003888
86 0.003601
87 0.003601
88 0.003601
89 0.003616
90 0.003897
91 0.000855
92 0.000234
93 0.000216
94 0.000227
95 0.000127
96 0.000067
97 0.000043
98 0.000039
99 0.000034
100 0.000037
101 0.000014
102 0.000000
103 0.000000
104 0.000000
105 0.000001
106 0.000000
107 0.000000
108 0.000000
109 0.001737
110 0.001428
111 0.001941
112 0.003418
113 0.003645
114 0.003601
115 0.003601
116 0.000000
117 0.000000
118 0.000000
119 0.000000
120 0.000001
121 0.000058
122 0.000216
123 0.000197
124 0.000108
125 0.000045
126 0.000030
127 0.000002
128 0.000000
129 0.000000
130 0.000000
131 0.000000
132 0.000001
133 0.000002
134 0.000001
135 0.000000
136 0.000907
137 0.001132
138 0.001678
139 0.002447
140 0.003073
141 0.002963
142 0.003187
143 0.003482
144 0.000000
145 0.000000
146 0.000000
147 0.000000
148 0.000000
149 0.000000
150 0.000000
151 0.000001
152 0.000002
153 0.000001
154 0.000000
155 0.000000
156 0.000000
157 0.000000
158 0.000000
159 0.000001
160 0.000011
161 0.000001
162 0.000000
163 0.000000
164 0.001246
165 0.001453
166 0.002170
167 0.002741
168 0.002625
169 0.002502
170 0.002665
171 0.002954
172 0.000002
173 0.000000
174 0.000000
175 0.000000
176 0.000000
177 0.000000
178 0.000000
179 0.000000
180 0.000000
181 0.000000
182 0.000000
183 0.000000
184 0.000000
185 0.000000
186 0.000004
187 0.000038
188 0.000001
189 0.000000
190 0.000000
191 0.000006
192 0.001428
193 0.001887
194 0.002664
195 0.003601
196 0.002471
197 0.002335
198 0.002011
199 0.002187
200 0.000039
201 0.000001
202 0.000000
203 0.000000
204 0.000000
205 0.000000
206 0.000000
207 0.000000
208 0.000000
209 0.000000
210 0.000000
211 0.000000
212 0.000000
213 0.000001
214 0.000006
215 0.000001
216 0.000000
217 0.000000
218 0.000000
219 0.000362
220 0.002081
221 0.003020
222 0.003441
223 0.004392
224 0.002593
225 0.002047
226 0.001870
227 0.001776
228 0.001680
229 0.000001
230 0.000000
231 0.000000
232 0.000000
233 0.000000
234 0.000000
235 0.000000
236 0.000001
237 0.000000
238 0.000000
239 0.000001
240 0.000003
241 0.000002
242 0.000001
243 0.000000
244 0.000000
245 0.000000
246 0.000000
247 0.000129
248 0.000345
249 0.000584
250 0.001194
251 0.002107
252 0.003945
253 0.002508
254 0.001807
255 0.001099
256 0.000266
257 0.000000
258 0.000000
259 0.000000
260 0.000000
261 0.000000
262 0.000000
263 0.000000
264 0.000000
265 0.000023
266 0.000347
267 0.003213
268 0.000158
269 0.000001
270 0.000000
271 0.000000
272 0.000000
273 0.000000
274 0.000001
275 0.000048
276 0.000083
277 0.000184
278 0.000295
279 0.000649
280 0.005971
281 0.001762
282 0.000659
283 0.000165
284 0.000063
285 0.000000
286 0.000000
287 0.000000
288 0.000000
289 0.000000
290 0.000000
291 0.000000
292 0.000001
293 0.000072
294 0.018377
295 0.999981
296 0.000077
297 0.000001
298 0.000000
299 0.000000
300 0.000000
301 0.000000
302 0.000001
303 0.000088
304 0.000120
305 0.000216
306 0.000379
307 0.000422
308 0.001693
309 0.000940
310 0.000292
311 0.000090
312 0.000006
313 0.000000
314 0.000000
315 0.000000
316 0.000000
317 0.000000
318 0.000000
319 0.000001
320 0.000011
321 0.000353
322 0.000168
323 0.000075
324 0.000022
325 0.000001
326 0.000000
327 0.000000
328 0.000000
329 0.000000
330 0.000002
331 0.000027
332 0.000366
333 0.000502
334 0.000504
335 0.000340
336 0.000923
337 0.000474
338 0.000290
339 0.000164
340 0.000003
341 0.000000
342 0.000000
343 0.000000
344 0.000000
345 0.000000
346 0.000001
347 0.000012
348 0.000310
349 0.000063
350 0.000008
351 0.000002
352 0.000001
353 0.000001
354 0.000000
355 0.000000
356 0.000001
357 0.000001
358 0.000004
359 0.000083
360 0.001914
361 0.000575
362 0.000353
363 0.000189
364 0.000534
365 0.000663
366 0.000410
367 0.000276
368 0.000001
369 0.000000
370 0.000000
371 0.000000
372 0.000000
373 0.000001
374 0.000002
375 0.000010
376 0.000027
377 0.000087
378 0.000003
379 0.000001
380 0.000001
381 0.000001
382 0.000000
383 0.000001
384 0.000001
385 0.000012
386 0.000016
387 0.000096
388 0.001325
389 0.001222
390 0.000362
391 0.000211
392 0.000178
393 0.000206
394 0.000204
395 0.000043
396 0.000001
397 0.000000
398 0.000001
399 0.000000
400 0.000000
401 0.000002
402 0.000003
403 0.000002
404 0.000002
405 0.000002
406 0.000011
407 0.000003
408 0.000001
409 0.000000
410 0.000000
411 0.000001
412 0.000005
413 0.000017
414 0.000006
415 0.000013
416 0.000264
417 0.001328
418 0.001348
419 0.001332
420 0.000070
421 0.000064
422 0.000080
423 0.000003
424 0.000000
425 0.000001
426 0.000007
427 0.000002
428 0.000001
429 0.000001
430 0.000012
431 0.000002
432 0.000001
433 0.000001
434 0.000006
435 0.000023
436 0.000005
437 0.000001
438 0.000002
439 0.000005
440 0.000009
441 0.000005
442 0.000001
443 0.000001
444 0.000031
445 0.006382
446 0.006609
447 0.007815
448 0.000092
449 0.000047
450 0.000036
451 0.000001
452 0.000000
453 0.000001
454 0.000004
455 0.000002
456 0.000001
457 0.000003
458 0.000010
459 0.000004
460 0.000001
461 0.000001
462 0.000003
463 0.000006
464 0.000030
465 0.000026
466 0.000012
467 0.000025
468 0.000008
469 0.000000
470 0.000000
471 0.000001
472 0.000012
473 0.004786
474 0.023778
475 0.026035
476 0.000265
477 0.000169
478 0.000129
479 0.000002
480 0.000000
481 0.000000
482 0.000000
483 0.000001
484 0.000001
485 0.000001
486 0.000015
487 0.000045
488 0.000040
489 0.000027
490 0.000004
491 0.000003
492 0.000002
493 0.000013
494 0.000129
495 0.000091
496 0.000013
497 0.000001
498 0.000001
499 0.000001
500 0.000005
501 0.000837
502 0.027959
503 0.031790
504 0.001296
505 0.003690
506 0.000419
507 0.000004
508 0.000001
509 0.000000
510 0.000000
511 0.000001
512 0.000000
513 0.000001
514 0.000006
515 0.000662
516 0.999984
517 0.003371
518 0.000014
519 0.000001
520 0.000001
521 0.000001
522 0.000043
523 0.999978
524 0.000798
525 0.000038
526 0.000002
527 0.000001
528 0.000001
529 0.000175
530 0.007809
531 0.008420
532 0.006419
533 0.024083
534 0.000624
535 0.000006
536 0.000001
537 0.000000
538 0.000001
539 0.000001
540 0.000001
541 0.000001
542 0.000005
543 0.000258
544 0.000481
545 0.000224
546 0.000023
547 0.000001
548 0.000001
549 0.000002
550 0.000024
551 0.001794
552 0.011564
553 0.000677
554 0.000026
555 0.000002
556 0.000001
557 0.000041
558 0.002294
559 0.003753
560 0.024340
561 0.041743
562 0.000310
563 0.000003
564 0.000002
565 0.000003
566 0.000007
567 0.000025
568 0.000073
569 0.000050
570 0.000014
571 0.000003
572 0.000002
573 0.000003
574 0.000002
575 0.000002
576 0.000001
577 0.000002
578 0.000005
579 0.000058
580 0.000828
581 0.003103
582 0.000258
583 0.000011
584 0.000029
585 0.001074
586 0.001117
587 0.002075
588 0.034045
589 0.021473
590 0.000827
591 0.000016
592 0.000004
593 0.000012
594 0.000134
595 0.001273
596 0.019013
597 0.000455
598 0.000021
599 0.000001
600 0.000001
601 0.000001
602 0.000001
603 0.000001
604 0.000001
605 0.000001
606 0.000010
607 0.000009
608 0.000057
609 0.000401
610 0.002440
611 0.001039
612 0.003558
613 0.001936
614 0.001284
615 0.001006
616 0.017147
617 0.010013
618 0.010011
619 0.001304
620 0.000219
621 0.000417
622 0.001375
623 0.000670
624 0.000700
625 0.000182
626 0.000003
627 0.000001
628 0.000001
629 0.000001
630 0.000002
631 0.000001
632 0.000001
633 0.000001
634 0.000001
635 0.000012
636 0.000032
637 0.000141
638 0.002974
639 0.010004
640 0.007058
641 0.004326
642 0.000000
643 0.000001
644 0.010012
645 0.010010
646 0.010007
647 0.010003
648 0.006661
649 0.005271
650 0.000126
651 0.000030
652 0.000027
653 0.000086
654 0.000011
655 0.000002
656 0.000004
657 0.000032
658 0.000112
659 0.000041
660 0.000013
661 0.000008
662 0.000002
663 0.000001
664 0.000013
665 0.000318
666 0.010127
667 0.020328
668 0.010005
669 0.000001
670 0.000001
671 0.000000
672 0.000000
673 0.010006
674 0.010003
675 0.010000
676 0.006496
677 0.005322
678 0.000139
679 0.000114
680 0.000493
681 0.000637
682 0.000482
683 0.000032
684 0.000009
685 0.000026
686 0.000069
687 0.000434
688 0.001851
689 0.003518
690 0.000355
691 0.000089
692 0.000168
693 0.002803
694 0.005123
695 0.010832
696 0.000001
697 0.000001
698 0.000001
699 0.000000
700 0.000000
701 0.000000
702 0.010000
703 0.007521
704 0.005246
705 0.005276
706 0.007127
707 0.010012
708 0.007833
709 0.002972
710 0.000546
711 0.000071
712 0.000019
713 0.000017
714 0.000056
715 0.000521
716 0.004677
717 0.006191
718 0.002630
719 0.001205
720 0.000596
721 0.000740
722 0.003230
723 0.000001
724 0.000001
725 0.000001
726 0.000001
727 0.000001
728 0.000000
729 0.000000
730 0.000000
731 0.000000
732 0.005221
733 0.006970
734 0.010010
735 0.010010
736 0.004296
737 0.001726
738 0.000827
739 0.000162
740 0.000039
741 0.000017
742 0.000043
743 0.000454
744 0.006808
745 0.010017
746 0.005326
747 0.002338
748 0.001111
749 0.000797
750 0.000001
751 0.000000
752 0.000001
753 0.000002
754 0.000001
755 0.000001
756 0.000000
757 0.000000
758 0.000006
759 0.000011
760 0.000000
761 0.010009
762 0.010010
763 0.005964
764 0.002827
765 0.001172
766 0.001038
767 0.000378
768 0.000070
769 0.000027
770 0.000056
771 0.000490
772 0.004748
773 0.010011
774 0.008983
775 0.003900
776 0.002104
777 0.000001
778 0.000080
779 0.000080
780 0.000002
781 0.000001
782 0.000002
783 0.000001
