0 0.004438
1 0.005705
2 0.006948
3 0.009400
4 0.009348
5 0.009296
6 0.007193
7 0.004554
8 0.000785
9 0.000203
10 0.000704
11 0.004043
12 0.004605
13 0.001462
14 0.000508
15 0.000242
16 0.000127
17 0.000073
18 0.000222
19 0.000640
20 0.001451
21 0.002366
22 0.004431
23 0.006557
24 0.006333
25 0.006333
26 0.005254
27 0.003903
28 0.003985
29 0.004185
30 0.005064
31 0.006797
32 0.009348
33 0.009348
34 0.009296
35 0.004395
36 0.000482
37 0.000258
38 0.000996
39 0.006516
40 0.006254
41 0.001512
42 0.000326
43 0.000144
44 0.000077
45 0.000075
46 0.000118
47 0.000505
48 0.002041
49 0.003954
50 0.000000
51 0.000000
52 0.006333
53 0.005547
54 0.003441
55 0.002571
56 0.004170
57 0.003739
58 0.003634
59 0.004850
60 0.006576
61 0.009295
62 0.009296
63 0.003019
64 0.000357
65 0.000406
66 0.001911
67 0.004530
68 0.004706
69 0.001765
70 0.000256
71 0.000085
72 0.000057
73 0.000053
74 0.000083
75 0.000504
76 0.000002
77 0.000000
78 0.000000
79 0.000000
80 0.000000
81 0.003711
82 0.002623
83 0.001632
84 0.004049
85 0.003622
86 0.003225
87 0.003287
88 0.004522
89 0.006398
90 0.009295
91 0.001422
92 0.000455
93 0.001098
94 0.004997
95 0.002855
96 0.002848
97 0.001299
98 0.000364
99 0.000056
100 0.000048
101 0.000020
102 0.000000
103 0.000000
104 0.000000
105 0.000000
106 0.000000
107 0.000000
108 0.000000
109 0.002388
110 0.001632
111 0.001637
112 0.003622
113 0.003509
114 0.003012
115 0.002911
116 0.000000
117 0.000000
118 0.000000
119 0.000000
120 0.000002
121 0.001491
122 0.006275
123 0.002539
124 0.000933
125 0.000795
126 0.000329
127 0.000005
128 0.000000
129 0.000000
130 0.000000
131 0.000000
132 0.000000
133 0.000000
134 0.000000
135 0.000000
136 0.000037
137 0.001408
138 0.001321
139 0.001588
140 0.003509
141 0.003116
142 0.002911
143 0.002814
144 0.000000
145 0.000000
146 0.000000
147 0.000000
148 0.000000
149 0.000000
150 0.000001
151 0.000001
152 0.000002
153 0.000001
154 0.000000
155 0.000000
156 0.000000
157 0.000000
158 0.000000
159 0.000000
160 0.000000
161 0.000000
162 0.000000
163 0.000000
164 0.001392
165 0.001040
166 0.001250
167 0.001309
168 0.003116
169 0.002911
170 0.002814
171 0.002630
172 0.000001
173 0.000000
174 0.000000
175 0.000000
176 0.000001
177 0.000000
178 0.000000
179 0.000000
180 0.000000
181 0.000000
182 0.000000
183 0.000000
184 0.000000
185 0.000000
186 0.000000
187 0.000000
188 0.000000
189 0.000000
190 0.000000
191 0.000001
192 0.000905
193 0.000927
194 0.000973
195 0.001367
196 0.002911
197 0.002814
198 0.002471
199 0.002299
200 0.000015
201 0.000000
202 0.000000
203 0.000000
204 0.000008
205 0.000003
206 0.000000
207 0.000000
208 0.000000
209 0.000000
210 0.000000
211 0.000000
212 0.000000
213 0.000000
214 0.000000
215 0.000000
216 0.000000
217 0.000000
218 0.000000
219 0.000010
220 0.000883
221 0.000935
222 0.001070
223 0.001300
224 0.003739
225 0.002471
226 0.002299
227 0.002218
228 0.001854
229 0.000001
230 0.000000
231 0.000000
232 0.000000
233 0.000001
234 0.000000
235 0.000000
236 0.000000
237 0.000000
238 0.000000
239 0.000000
240 0.000000
241 0.000000
242 0.000000
243 0.000000
244 0.000000
245 0.000000
246 0.000000
247 0.000024
248 0.000050
249 0.000084
250 0.000180
251 0.000306
252 0.005987
253 0.003829
254 0.002728
255 0.001305
256 0.000282
257 0.000000
258 0.000000
259 0.000000
260 0.000000
261 0.000000
262 0.000000
263 0.000000
264 0.000000
265 0.000000
266 0.000000
267 0.000000
268 0.000000
269 0.000000
270 0.000000
271 0.000000
272 0.000000
273 0.000000
274 0.000000
275 0.000004
276 0.000007
277 0.000013
278 0.000022
279 0.000041
280 0.010000
281 0.002637
282 0.000879
283 0.000187
284 0.000055
285 0.000000
286 0.000000
287 0.000000
288 0.000000
289 0.000000
290 0.000000
291 0.000000
292 0.000002
293 0.000046
294 0.000031
295 0.000015
296 0.000000
297 0.000000
298 0.000000
299 0.000000
300 0.000000
301 0.000000
302 0.000000
303 0.000005
304 0.000006
305 0.000009
306 0.000011
307 0.000015
308 0.002424
309 0.000929
310 0.000362
311 0.000102
312 0.000006
313 0.000000
314 0.000000
315 0.000000
316 0.000000
317 0.000000
318 0.000000
319 0.000000
320 0.000001
321 0.001097
322 0.999998
323 0.000026
324 0.000000
325 0.000000
326 0.000000
327 0.000000
328 0.000000
329 0.000000
330 0.000000
331 0.000002
332 0.000007
333 0.000008
334 0.000011
335 0.000019
336 0.000742
337 0.000545
338 0.000367
339 0.000196
340 0.000003
341 0.000001
342 0.000000
343 0.000000
344 0.000000
345 0.000000
346 0.000000
347 0.000000
348 0.000000
349 0.000040
350 0.000104
351 0.000004
352 0.000000
353 0.000000
354 0.000000
355 0.000000
356 0.000000
357 0.000000
358 0.000000
359 0.000000
360 0.000006
361 0.000009
362 0.000013
363 0.000016
364 0.000371
365 0.000427
366 0.000333
367 0.000333
368 0.000003
369 0.000006
370 0.000069
371 0.000000
372 0.000000
373 0.000000
374 0.000000
375 0.000000
376 0.000000
377 0.000000
378 0.000000
379 0.000000
380 0.000000
381 0.000000
382 0.000000
383 0.000000
384 0.000000
385 0.000000
386 0.000000
387 0.000000
388 0.000003
389 0.000010
390 0.000016
391 0.000038
392 0.000150
393 0.000134
394 0.000177
395 0.000061
396 0.000013
397 0.000368
398 0.999997
399 0.000001
400 0.000000
401 0.000000
402 0.000004
403 0.000000
404 0.000000
405 0.000000
406 0.000000
407 0.000000
408 0.000000
409 0.000000
410 0.000000
411 0.000000
412 0.000000
413 0.000000
414 0.000000
415 0.000000
416 0.000001
417 0.000020
418 0.000044
419 0.000081
420 0.000149
421 0.000174
422 0.000259
423 0.000019
424 0.000030
425 0.002967
426 0.006907
427 0.000001
428 0.000000
429 0.000001
430 0.000042
431 0.000001
432 0.000000
433 0.000000
434 0.000000
435 0.000000
436 0.000000
437 0.000000
438 0.000001
439 0.000000
440 0.000001
441 0.000004
442 0.000000
443 0.000000
444 0.000002
445 0.000104
446 0.000154
447 0.000205
448 0.000470
449 0.000683
450 0.001404
451 0.000033
452 0.000032
453 0.007094
454 0.000079
455 0.000001
456 0.000000
457 0.000005
458 0.000039
459 0.000008
460 0.000000
461 0.000000
462 0.000000
463 0.000000
464 0.000000
465 0.000000
466 0.000000
467 0.000001
468 0.000027
469 0.000082
470 0.000012
471 0.000000
472 0.000006
473 0.000337
474 0.000477
475 0.000299
476 0.002320
477 0.003926
478 0.001140
479 0.000040
480 0.000430
481 0.000127
482 0.000001
483 0.000001
484 0.000000
485 0.000000
486 0.000002
487 0.000002
488 0.000000
489 0.000000
490 0.000000
491 0.000000
492 0.000000
493 0.000000
494 0.000000
495 0.000000
496 0.000468
497 0.003978
498 0.000346
499 0.000007
500 0.000010
501 0.000264
502 0.001776
503 0.001076
504 0.010002
505 0.008228
506 0.000269
507 0.000098
508 0.001055
509 0.000012
510 0.000000
511 0.000001
512 0.000000
513 0.000000
514 0.000000
515 0.000000
516 0.000000
517 0.000000
518 0.000000
519 0.000000
520 0.000000
521 0.000000
522 0.000000
523 0.000000
524 0.000259
525 0.999996
526 0.002427
527 0.000060
528 0.000007
529 0.000353
530 0.006020
531 0.003453
532 0.010210
533 0.009867
534 0.000164
535 0.000348
536 0.000224
537 0.000002
538 0.000001
539 0.000002
540 0.000000
541 0.000000
542 0.000000
543 0.000000
544 0.000000
545 0.000000
546 0.000000
547 0.000000
548 0.000000
549 0.000000
550 0.000000
551 0.000000
552 0.000005
553 0.000180
554 0.014889
555 0.000648
556 0.000103
557 0.000526
558 0.010002
559 0.010002
560 0.009094
561 0.009414
562 0.000488
563 0.000465
564 0.000025
565 0.000001
566 0.000001
567 0.000001
568 0.000000
569 0.000000
570 0.000000
571 0.000000
572 0.000000
573 0.000001
574 0.000000
575 0.000000
576 0.000001
577 0.000000
578 0.000000
579 0.000000
580 0.000000
581 0.000007
582 0.000314
583 0.007061
584 0.001583
585 0.010001
586 0.010002
587 0.010002
588 0.008882
589 0.009094
590 0.005331
591 0.000678
592 0.000003
593 0.000002
594 0.000001
595 0.000000
596 0.000000
597 0.000000
598 0.000000
599 0.000000
600 0.000000
601 0.000019
602 0.000139
603 0.000059
604 0.000008
605 0.000000
606 0.000000
607 0.000000
608 0.000000
609 0.000001
610 0.000026
611 0.001315
612 0.006699
613 0.010001
614 0.010001
615 0.010001
616 0.008363
617 0.010001
618 0.010002
619 0.001597
620 0.000022
621 0.000003
622 0.000001
623 0.000000
624 0.000000
625 0.000000
626 0.000000
627 0.000000
628 0.000002
629 0.000377
630 0.022284
631 0.999994
632 0.000214
633 0.000010
634 0.000003
635 0.000003
636 0.000001
637 0.000002
638 0.000033
639 0.001312
640 0.002868
641 0.006620
642 0.000000
643 0.000000
644 0.010001
645 0.010001
646 0.010001
647 0.010001
648 0.004282
649 0.000019
650 0.000001
651 0.000000
652 0.000001
653 0.000002
654 0.000001
655 0.000001
656 0.000003
657 0.003158
658 0.079258
659 0.035835
660 0.000424
661 0.000159
662 0.000252
663 0.000110
664 0.000062
665 0.000127
666 0.000358
667 0.000640
668 0.001367
669 0.000000
670 0.000000
671 0.000000
672 0.000000
673 0.010001
674 0.010001
675 0.010001
676 0.005958
677 0.002715
678 0.000023
679 0.000010
680 0.000029
681 0.000140
682 0.000089
683 0.000011
684 0.000006
685 0.001363
686 0.047610
687 0.087668
688 0.001124
689 0.000456
690 0.001205
691 0.000559
692 0.000493
693 0.000341
694 0.000377
695 0.000468
696 0.000000
697 0.000000
698 0.000000
699 0.000000
700 0.000000
701 0.000000
702 0.010000
703 0.006609
704 0.003139
705 0.001438
706 0.000876
707 0.000810
708 0.000738
709 0.000597
710 0.000228
711 0.000032
712 0.000020
713 0.000194
714 0.022060
715 0.022657
716 0.008767
717 0.001860
718 0.003211
719 0.001178
720 0.000483
721 0.000358
722 0.000446
723 0.000000
724 0.000000
725 0.000000
726 0.000000
727 0.000000
728 0.000000
729 0.000000
730 0.000000
731 0.000000
732 0.001684
733 0.001114
734 0.000891
735 0.000850
736 0.000810
737 0.000659
738 0.000606
739 0.000123
740 0.000081
741 0.000133
742 0.003571
743 0.005624
744 0.017641
745 0.007684
746 0.007927
747 0.002703
748 0.001042
749 0.000530
750 0.000000
751 0.000000
752 0.000000
753 0.000000
754 0.000000
755 0.000000
756 0.000000
757 0.000000
758 0.000000
759 0.000000
760 0.000000
761 0.001139
762 0.001085
763 0.000891
764 0.000850
765 0.000813
766 0.000823
767 0.000563
768 0.000264
769 0.000182
770 0.000192
771 0.002235
772 0.017400
773 0.122244
774 0.010001
775 0.005163
776 0.002314
777 0.000153
778 0.000295
779 0.000284
780 0.000271
781 0.000008
782 0.000000
783 0.000000
