0 0.004233
1 0.003838
2 0.003525
3 0.003837
4 0.002937
5 0.001932
6 0.001347
7 0.001183
8 0.000239
9 0.000148
10 0.000316
11 0.000636
12 0.000488
13 0.000235
14 0.000068
15 0.000028
16 0.000017
17 0.000013
18 0.000068
19 0.000385
20 0.001062
21 0.001273
22 0.002308
23 0.003549
24 0.004502
25 0.004504
26 0.004782
27 0.004779
28 0.005268
29 0.004233
30 0.003526
31 0.003525
32 0.003525
33 0.002615
34 0.001604
35 0.000717
36 0.000085
37 0.000116
38 0.000387
39 0.000492
40 0.000353
41 0.000116
42 0.000038
43 0.000016
44 0.000012
45 0.000013
46 0.000023
47 0.000188
48 0.001021
49 0.001924
50 0.000001
51 0.000001
52 0.004505
53 0.004783
54 0.004500
55 0.003625
56 0.007242
57 0.005269
58 0.004194
59 0.003526
60 0.003525
61 0.002992
62 0.002136
63 0.000422
64 0.000072
65 0.000122
66 0.000763
67 0.000364
68 0.000161
69 0.000038
70 0.000015
71 0.000010
72 0.000010
73 0.000009
74 0.000010
75 0.000071
76 0.000002
77 0.000001
78 0.000001
79 0.000001
80 0.000001
81 0.004500
82 0.003540
83 0.002317
84 0.009157
85 0.007173
86 0.005219
87 0.003853
88 0.003241
89 0.003240
90 0.002951
91 0.000226
92 0.000090
93 0.000185
94 0.000467
95 0.000327
96 0.000073
97 0.000024
98 0.000010
99 0.000008
100 0.000008
101 0.000003
102 0.000001
103 0.000001
104 0.000001
105 0.000001
106 0.000001
107 0.000001
108 0.000001
109 0.002929
110 0.002194
111 0.001790
112 0.009523
113 0.009157
114 0.007106
115 0.005220
116 0.000001
117 0.000000
118 0.000001
119 0.000001
120 0.000006
121 0.000317
122 0.000352
123 0.000215
124 0.000031
125 0.000011
126 0.000007
127 0.000001
128 0.000001
129 0.000001
130 0.000001
131 0.000001
132 0.000001
133 0.000001
134 0.000001
135 0.000001
136 0.000681
137 0.001763
138 0.001414
139 0.001473
140 0.009903
141 0.009523
142 0.009157
143 0.007755
144 0.000023
145 0.000001
146 0.000000
147 0.000000
148 0.000000
149 0.000002
150 0.000002
151 0.000002
152 0.000001
153 0.000001
154 0.000001
155 0.000001
156 0.000001
157 0.000001
158 0.000001
159 0.000001
160 0.000001
161 0.000001
162 0.000001
163 0.000001
164 0.001703
165 0.001104
166 0.001145
167 0.001202
168 0.010002
169 0.009904
170 0.009617
171 0.009248
172 0.007222
173 0.000204
174 0.000001
175 0.000000
176 0.000001
177 0.000001
178 0.000001
179 0.000000
180 0.000000
181 0.000000
182 0.000001
183 0.000001
184 0.000001
185 0.000001
186 0.000001
187 0.000001
188 0.000001
189 0.000001
190 0.000001
191 0.000055
192 0.000894
193 0.000836
194 0.000880
195 0.001226
196 0.018701
197 0.010003
198 0.010001
199 0.009617
200 0.009271
201 0.002244
202 0.000015
203 0.000002
204 0.000001
205 0.000001
206 0.000000
207 0.000000
208 0.000000
209 0.000000
210 0.000001
211 0.000001
212 0.000001
213 0.000001
214 0.000001
215 0.000001
216 0.000000
217 0.000001
218 0.000001
219 0.000149
220 0.000795
221 0.000840
222 0.000924
223 0.001103
224 0.009401
225 0.015314
226 0.015980
227 0.010002
228 0.009712
229 0.001994
230 0.000020
231 0.000004
232 0.000002
233 0.000001
234 0.000001
235 0.000001
236 0.000001
237 0.000001
238 0.000001
239 0.000000
240 0.000001
241 0.000001
242 0.000001
243 0.000000
244 0.000000
245 0.000001
246 0.000001
247 0.000128
248 0.000191
249 0.000236
250 0.000385
251 0.000497
252 0.003885
253 0.005994
254 0.010195
255 0.011687
256 0.001748
257 0.000038
258 0.000008
259 0.000015
260 0.000008
261 0.000002
262 0.000001
263 0.000001
264 0.000001
265 0.000001
266 0.000001
267 0.000001
268 0.000001
269 0.000001
270 0.000001
271 0.000000
272 0.000001
273 0.000001
274 0.000001
275 0.000038
276 0.000061
277 0.000085
278 0.000116
279 0.000203
280 0.000797
281 0.000626
282 0.000788
283 0.000447
284 0.000470
285 0.000012
286 0.000015
287 0.000384
288 0.000136
289 0.000009
290 0.000002
291 0.000001
292 0.000001
293 0.000001
294 0.000001
295 0.000001
296 0.000001
297 0.000001
298 0.000000
299 0.000000
300 0.000001
301 0.000001
302 0.000001
303 0.000040
304 0.000054
305 0.000067
306 0.000116
307 0.000232
308 0.000156
309 0.000063
310 0.000028
311 0.000067
312 0.000038
313 0.000023
314 0.000579
315 0.999962
316 0.000070
317 0.000004
318 0.000002
319 0.000001
320 0.000001
321 0.000001
322 0.000002
323 0.000001
324 0.000001
325 0.000000
326 0.000000
327 0.000001
328 0.000001
329 0.000001
330 0.000001
331 0.000005
332 0.000066
333 0.000132
334 0.000243
335 0.000562
336 0.000041
337 0.000033
338 0.000046
339 0.000068
340 0.000009
341 0.000034
342 0.004476
343 0.001952
344 0.000013
345 0.000001
346 0.000001
347 0.000002
348 0.000006
349 0.000023
350 0.000015
351 0.000001
352 0.000001
353 0.000000
354 0.000000
355 0.000001
356 0.000001
357 0.000001
358 0.000001
359 0.000001
360 0.000158
361 0.000322
362 0.000703
363 0.000877
364 0.000080
365 0.000149
366 0.000243
367 0.000326
368 0.000005
369 0.000007
370 0.000781
371 0.000020
372 0.000001
373 0.000001
374 0.000002
375 0.000022
376 0.000431
377 0.001881
378 0.000006
379 0.000001
380 0.000001
381 0.000000
382 0.000001
383 0.000001
384 0.000001
385 0.000001
386 0.000001
387 0.000001
388 0.000115
389 0.000851
390 0.000874
391 0.000688
392 0.000221
393 0.000307
394 0.000330
395 0.000041
396 0.000002
397 0.000004
398 0.000003
399 0.000002
400 0.000001
401 0.000001
402 0.000014
403 0.000937
404 0.999934
405 0.000056
406 0.000002
407 0.000001
408 0.000001
409 0.000001
410 0.000001
411 0.000001
412 0.000001
413 0.000001
414 0.000001
415 0.000001
416 0.000014
417 0.000584
418 0.000393
419 0.000248
420 0.000405
421 0.000239
422 0.000184
423 0.000002
424 0.000001
425 0.000002
426 0.000001
427 0.000001
428 0.000001
429 0.000002
430 0.000021
431 0.001449
432 0.000075
433 0.000003
434 0.000001
435 0.000001
436 0.000001
437 0.000001
438 0.000001
439 0.000001
440 0.000001
441 0.000001
442 0.000001
443 0.000001
444 0.000001
445 0.000179
446 0.000113
447 0.000081
448 0.000518
449 0.000136
450 0.000043
451 0.000001
452 0.000001
453 0.000001
454 0.000001
455 0.000001
456 0.000001
457 0.000003
458 0.000012
459 0.000003
460 0.000001
461 0.000001
462 0.000001
463 0.000001
464 0.000002
465 0.000007
466 0.000012
467 0.000003
468 0.000001
469 0.000001
470 0.000001
471 0.000001
472 0.000001
473 0.000010
474 0.000048
475 0.000092
476 0.000759
477 0.000170
478 0.000010
479 0.000001
480 0.000001
481 0.000001
482 0.000001
483 0.000001
484 0.000002
485 0.000004
486 0.000002
487 0.000001
488 0.000001
489 0.000001
490 0.000001
491 0.000001
492 0.000004
493 0.000171
494 0.999974
495 0.000017
496 0.000001
497 0.000001
498 0.000001
499 0.000001
500 0.000001
501 0.000002
502 0.000176
503 0.000367
504 0.002003
505 0.000351
506 0.000006
507 0.000002
508 0.000001
509 0.000001
510 0.000001
511 0.000001
512 0.000002
513 0.000002
514 0.000001
515 0.000001
516 0.000001
517 0.000001
518 0.000001
519 0.000002
520 0.000005
521 0.000032
522 0.000291
523 0.000055
524 0.000001
525 0.000001
526 0.000001
527 0.000001
528 0.000001
529 0.000002
530 0.000844
531 0.002031
532 0.000760
533 0.000685
534 0.000010
535 0.000005
536 0.000003
537 0.000001
538 0.000001
539 0.000002
540 0.000001
541 0.000001
542 0.000001
543 0.000001
544 0.000001
545 0.000001
546 0.000001
547 0.000001
548 0.000002
549 0.000003
550 0.000003
551 0.000004
552 0.000013
553 0.000002
554 0.000001
555 0.000001
556 0.000001
557 0.000015
558 0.002031
559 0.002085
560 0.000921
561 0.000901
562 0.000061
563 0.000014
564 0.000002
565 0.000003
566 0.000005
567 0.000001
568 0.000001
569 0.000001
570 0.000001
571 0.000001
572 0.000001
573 0.000001
574 0.000001
575 0.000001
576 0.000001
577 0.000001
578 0.000001
579 0.000002
580 0.000020
581 0.000158
582 0.000014
583 0.000002
584 0.000012
585 0.002893
586 0.002085
587 0.002331
588 0.001138
589 0.001296
590 0.000184
591 0.000066
592 0.000005
593 0.000005
594 0.000003
595 0.000001
596 0.000001
597 0.000001
598 0.000001
599 0.000001
600 0.000001
601 0.000001
602 0.000001
603 0.000001
604 0.000001
605 0.000001
606 0.000001
607 0.000001
608 0.000003
609 0.000034
610 0.000311
611 0.000167
612 0.006051
613 0.004175
614 0.003229
615 0.002538
616 0.001638
617 0.003278
618 0.006133
619 0.001200
620 0.000016
621 0.000004
622 0.000002
623 0.000001
624 0.000001
625 0.000001
626 0.000001
627 0.000001
628 0.000001
629 0.000001
630 0.000001
631 0.000001
632 0.000001
633 0.000001
634 0.000001
635 0.000001
636 0.000001
637 0.000004
638 0.000373
639 0.010011
640 0.009050
641 0.006772
642 0.000001
643 0.000001
644 0.003360
645 0.006017
646 0.011496
647 0.010028
648 0.003951
649 0.000025
650 0.000002
651 0.000001
652 0.000001
653 0.000001
654 0.000001
655 0.000005
656 0.000033
657 0.000305
658 0.001305
659 0.000246
660 0.000034
661 0.000006
662 0.000002
663 0.000002
664 0.000003
665 0.000158
666 0.010010
667 0.010008
668 0.010010
669 0.000001
670 0.000001
671 0.000001
672 0.000001
673 0.011038
674 0.010025
675 0.010026
676 0.010014
677 0.004389
678 0.000024
679 0.000006
680 0.000012
681 0.000051
682 0.000478
683 0.000455
684 0.000346
685 0.000698
686 0.002526
687 0.008892
688 0.006129
689 0.006191
690 0.000876
691 0.000534
692 0.001431
693 0.010023
694 0.010013
695 0.010007
696 0.000001
697 0.000001
698 0.000001
699 0.000001
700 0.000001
701 0.000001
702 0.010024
703 0.010016
704 0.005302
705 0.002386
706 0.001071
707 0.000879
708 0.000802
709 0.000652
710 0.000529
711 0.000478
712 0.000480
713 0.001553
714 0.005934
715 0.010013
716 0.007256
717 0.006247
718 0.006337
719 0.006999
720 0.010034
721 0.010031
722 0.010019
723 0.000001
724 0.000001
725 0.000001
726 0.000001
727 0.000001
728 0.000001
729 0.000001
730 0.000001
731 0.000001
732 0.002933
733 0.001352
734 0.000964
735 0.000921
736 0.000879
737 0.000719
738 0.000652
739 0.000622
740 0.001015
741 0.002807
742 0.010008
743 0.010012
744 0.010004
745 0.006421
746 0.006309
747 0.006207
748 0.008103
749 0.010030
750 0.000001
751 0.000001
752 0.000001
753 0.000001
754 0.000001
755 0.000001
756 0.000001
757 0.000001
758 0.000001
759 0.000001
760 0.000001
761 0.001220
762 0.001168
763 0.000964
764 0.000921
765 0.000879
766 0.000840
767 0.000803
768 0.001729
769 0.005931
770 0.010015
771 0.010011
772 0.010000
773 0.008973
774 0.006306
775 0.006094
776 0.005973
777 0.000001
778 0.000291
779 0.000164
780 0.000001
781 0.000001
782 0.000001
783 0.000001
