0 0.003207
1 0.003078
2 0.002653
3 0.002836
4 0.002428
5 0.002065
6 0.002966
7 0.005240
8 0.002028
9 0.000529
10 0.000618
11 0.000711
12 0.000315
13 0.000081
14 0.000050
15 0.000055
16 0.000052
17 0.000051
18 0.000195
19 0.000755
20 0.001392
21 0.001358
22 0.001836
23 0.003011
24 0.004706
25 0.009075
26 0.009328
27 0.008252
28 0.002774
29 0.002955
30 0.002538
31 0.002428
32 0.002322
33 0.002126
34 0.002012
35 0.002109
36 0.000570
37 0.000279
38 0.000347
39 0.000702
40 0.000482
41 0.000173
42 0.000046
43 0.000048
44 0.000047
45 0.000053
46 0.000086
47 0.000391
48 0.001176
49 0.001586
50 0.000000
51 0.000000
52 0.009075
53 0.009328
54 0.007050
55 0.004308
56 0.002955
57 0.002538
58 0.002428
59 0.002322
60 0.002126
61 0.001790
62 0.001708
63 0.000571
64 0.000171
65 0.000121
66 0.000277
67 0.000413
68 0.000649
69 0.000275
70 0.000071
71 0.000042
72 0.000049
73 0.000041
74 0.000040
75 0.000164
76 0.000001
77 0.000000
78 0.000000
79 0.000000
80 0.000000
81 0.006978
82 0.004152
83 0.003037
84 0.002836
85 0.002428
86 0.002065
87 0.001877
88 0.001790
89 0.001708
90 0.001554
91 0.000198
92 0.000045
93 0.000062
94 0.000136
95 0.000250
96 0.000604
97 0.000693
98 0.000261
99 0.000054
100 0.000044
101 0.000011
102 0.000000
103 0.000000
104 0.000000
105 0.000000
106 0.000000
107 0.000000
108 0.000000
109 0.003552
110 0.002876
111 0.004571
112 0.002428
113 0.002322
114 0.001877
115 0.001790
116 0.000000
117 0.000000
118 0.000000
119 0.000000
120 0.000000
121 0.000005
122 0.000066
123 0.000160
124 0.000369
125 0.001131
126 0.000730
127 0.000007
128 0.000000
129 0.000000
130 0.000000
131 0.000000
132 0.000000
133 0.000003
134 0.000000
135 0.000000
136 0.000032
137 0.002934
138 0.005435
139 0.020782
140 0.002322
141 0.001969
142 0.001790
143 0.001708
144 0.000000
145 0.000000
146 0.000000
147 0.000000
148 0.000000
149 0.000000
150 0.000000
151 0.000000
152 0.000000
153 0.000000
154 0.000002
155 0.000000
156 0.000000
157 0.000000
158 0.000000
159 0.000000
160 0.000026
161 0.000055
162 0.000000
163 0.000000
164 0.002964
165 0.006592
166 0.026674
167 0.069232
168 0.001969
169 0.001790
170 0.001708
171 0.001554
172 0.000000
173 0.000000
174 0.000000
175 0.000000
176 0.000000
177 0.000000
178 0.000000
179 0.000000
180 0.000000
181 0.000000
182 0.000000
183 0.000000
184 0.000000
185 0.000000
186 0.000000
187 0.000048
188 0.000144
189 0.000000
190 0.000000
191 0.000000
192 0.010796
193 0.036535
194 0.116531
195 0.110127
196 0.001790
197 0.001708
198 0.001425
199 0.001288
200 0.000001
201 0.000000
202 0.000000
203 0.000000
204 0.000000
205 0.000000
206 0.000000
207 0.000000
208 0.000000
209 0.000000
210 0.000000
211 0.000000
212 0.000000
213 0.000000
214 0.000000
215 0.000001
216 0.000000
217 0.000000
218 0.000000
219 0.000087
220 0.059066
221 0.247457
222 0.103485
223 0.019532
224 0.001714
225 0.001425
226 0.001288
227 0.001225
228 0.000955
229 0.000000
230 0.000000
231 0.000000
232 0.000000
233 0.000000
234 0.000000
235 0.000000
236 0.000000
237 0.000000
238 0.000000
239 0.000000
240 0.000000
241 0.000000
242 0.000000
243 0.000000
244 0.000000
245 0.000000
246 0.000000
247 0.000312
248 0.001918
249 0.001610
250 0.000705
251 0.000568
252 0.001635
253 0.001293
254 0.001230
255 0.000658
256 0.000111
257 0.000000
258 0.000000
259 0.000000
260 0.000000
261 0.000000
262 0.000000
263 0.000000
264 0.000000
265 0.000000
266 0.000000
267 0.000017
268 0.002827
269 0.000781
270 0.000000
271 0.000000
272 0.000000
273 0.000000
274 0.000000
275 0.000043
276 0.000023
277 0.000010
278 0.000008
279 0.000007
280 0.001293
281 0.000386
282 0.000176
283 0.000045
284 0.000025
285 0.000000
286 0.000000
287 0.000000
288 0.000000
289 0.000000
290 0.000000
291 0.000000
292 0.000000
293 0.000000
294 0.000000
295 0.000141
296 1.000000
297 0.002706
298 0.000001
299 0.000000
300 0.000000
301 0.000000
302 0.000000
303 0.000009
304 0.000002
305 0.000001
306 0.000001
307 0.000002
308 0.000213
309 0.000082
310 0.000037
311 0.000017
312 0.000002
313 0.000000
314 0.000000
315 0.000000
316 0.000000
317 0.000000
318 0.000000
319 0.000000
320 0.000000
321 0.000000
322 0.000000
323 0.000002
324 0.000003
325 0.000004
326 0.000003
327 0.000000
328 0.000000
329 0.000000
330 0.000000
331 0.000001
332 0.000001
333 0.000001
334 0.000001
335 0.000002
336 0.000084
337 0.000049
338 0.000030
339 0.000015
340 0.000000
341 0.000000
342 0.000000
343 0.000000
344 0.000000
345 0.000000
346 0.000000
347 0.000000
348 0.000000
349 0.000000
350 0.000000
351 0.000000
352 0.000000
353 0.000000
354 0.000000
355 0.000000
356 0.000000
357 0.000000
358 0.000000
359 0.000000
360 0.000011
361 0.000005
362 0.000004
363 0.000002
364 0.000095
365 0.000067
366 0.000031
367 0.000011
368 0.000000
369 0.000000
370 0.000000
371 0.000000
372 0.000000
373 0.000000
374 0.000000
375 0.000000
376 0.000000
377 0.000000
378 0.000000
379 0.000000
380 0.000000
381 0.000000
382 0.000000
383 0.000000
384 0.000000
385 0.000000
386 0.000000
387 0.000001
388 0.000040
389 0.000066
390 0.000028
391 0.000016
392 0.000182
393 0.000054
394 0.000016
395 0.000001
396 0.000000
397 0.000000
398 0.000000
399 0.000000
400 0.000000
401 0.000000
402 0.000000
403 0.000000
404 0.000000
405 0.000000
406 0.000000
407 0.000000
408 0.000000
409 0.000000
410 0.000000
411 0.000000
412 0.000000
413 0.000000
414 0.000000
415 0.000000
416 0.000012
417 0.000419
418 0.000307
419 0.000125
420 0.000237
421 0.000105
422 0.000047
423 0.000001
424 0.000000
425 0.000000
426 0.000000
427 0.000000
428 0.000000
429 0.000000
430 0.000000
431 0.000000
432 0.000000
433 0.000000
434 0.000000
435 0.000000
436 0.000000
437 0.000000
438 0.000000
439 0.000000
440 0.000000
441 0.000001
442 0.000000
443 0.000000
444 0.000001
445 0.000415
446 0.000823
447 0.001198
448 0.000375
449 0.000295
450 0.000178
451 0.000000
452 0.000000
453 0.000000
454 0.000000
455 0.000002
456 0.000000
457 0.000000
458 0.000000
459 0.000000
460 0.000000
461 0.000000
462 0.000000
463 0.000000
464 0.000000
465 0.000000
466 0.000000
467 0.000000
468 0.000004
469 0.000004
470 0.000000
471 0.000000
472 0.000000
473 0.000096
474 0.001635
475 0.003448
476 0.000418
477 0.000375
478 0.000094
479 0.000000
480 0.000000
481 0.000001
482 0.000067
483 0.000309
484 0.000000
485 0.000000
486 0.000000
487 0.000000
488 0.000000
489 0.000000
490 0.000000
491 0.000000
492 0.000000
493 0.000000
494 0.000000
495 0.000000
496 0.000041
497 0.006891
498 0.000040
499 0.000000
500 0.000000
501 0.000008
502 0.001096
503 0.002725
504 0.000527
505 0.000426
506 0.000023
507 0.000000
508 0.000000
509 0.000055
510 1.000000
511 0.000341
512 0.000000
513 0.000000
514 0.000000
515 0.000000
516 0.000000
517 0.000000
518 0.000000
519 0.000000
520 0.000000
521 0.000000
522 0.000000
523 0.000000
524 0.000012
525 0.007812
526 0.039178
527 0.000060
528 0.000000
529 0.000003
530 0.000384
531 0.000742
532 0.000507
533 0.000680
534 0.000019
535 0.000001
536 0.000010
537 0.000960
538 0.000963
539 0.000098
540 0.000002
541 0.000000
542 0.000000
543 0.000000
544 0.000000
545 0.000000
546 0.000000
547 0.000000
548 0.000000
549 0.000000
550 0.000000
551 0.000000
552 0.000000
553 0.000069
554 0.016385
555 1.000000
556 0.000035
557 0.000016
558 0.000419
559 0.000441
560 0.001026
561 0.002197
562 0.000048
563 0.000007
564 0.000171
565 0.001208
566 0.000107
567 0.000006
568 0.000002
569 0.000000
570 0.000000
571 0.000000
572 0.000000
573 0.000000
574 0.000000
575 0.000000
576 0.000000
577 0.000000
578 0.000000
579 0.000000
580 0.000000
581 0.000000
582 0.000279
583 0.055543
584 0.004337
585 0.005157
586 0.001447
587 0.000614
588 0.002362
589 0.005180
590 0.000799
591 0.000182
592 0.000849
593 0.000024
594 0.000005
595 0.000002
596 0.000001
597 0.000000
598 0.000000
599 0.000000
600 0.000000
601 0.000000
602 0.000000
603 0.000000
604 0.000000
605 0.000000
606 0.000000
607 0.000000
608 0.000000
609 0.000000
610 0.000002
611 0.000415
612 0.002439
613 0.007803
614 0.007201
615 0.002779
616 0.005594
617 0.010238
618 0.010000
619 0.005154
620 0.000305
621 0.000006
622 0.000002
623 0.000001
624 0.000001
625 0.000000
626 0.000000
627 0.000000
628 0.000000
629 0.000000
630 0.000000
631 0.000000
632 0.000000
633 0.000000
634 0.000000
635 0.000000
636 0.000000
637 0.000000
638 0.000001
639 0.000212
640 0.000721
641 0.002573
642 0.000000
643 0.000000
644 0.009772
645 0.010000
646 0.010000
647 0.010000
648 0.004923
649 0.000043
650 0.000006
651 0.000001
652 0.000002
653 0.000004
654 0.000000
655 0.000000
656 0.000000
657 0.000000
658 0.000000
659 0.000000
660 0.000000
661 0.000000
662 0.000000
663 0.000000
664 0.000000
665 0.000002
666 0.000055
667 0.000091
668 0.000241
669 0.000000
670 0.000000
671 0.000000
672 0.000000
673 0.010000
674 0.010000
675 0.010000
676 0.010000
677 0.010000
678 0.000152
679 0.000031
680 0.000020
681 0.000047
682 0.000023
683 0.000001
684 0.000000
685 0.000000
686 0.000000
687 0.000000
688 0.000000
689 0.000002
690 0.000005
691 0.000003
692 0.000008
693 0.000051
694 0.000059
695 0.000083
696 0.000000
697 0.000000
698 0.000000
699 0.000000
700 0.000000
701 0.000000
702 0.010000
703 0.010000
704 0.010000
705 0.010000
706 0.004550
707 0.001431
708 0.000529
709 0.000418
710 0.000094
711 0.000004
712 0.000000
713 0.000000
714 0.000000
715 0.000000
716 0.000001
717 0.000003
718 0.000033
719 0.000036
720 0.000039
721 0.000055
722 0.000077
723 0.000000
724 0.000000
725 0.000000
726 0.000000
727 0.000000
728 0.000000
729 0.000000
730 0.000000
731 0.000000
732 0.010000
733 0.005660
734 0.002203
735 0.000873
736 0.000584
737 0.000466
738 0.000418
739 0.000017
740 0.000001
741 0.000000
742 0.000000
743 0.000000
744 0.000001
745 0.000009
746 0.000036
747 0.000051
748 0.000055
749 0.000077
750 0.000000
751 0.000000
752 0.000000
753 0.000000
754 0.000000
755 0.000000
756 0.000000
757 0.000000
758 0.000000
759 0.000000
760 0.000000
761 0.003328
762 0.001345
763 0.000648
764 0.000615
765 0.000584
766 0.000555
767 0.000073
768 0.000004
769 0.000001
770 0.000001
771 0.000001
772 0.000003
773 0.000027
774 0.000036
775 0.000042
776 0.000059
777 0.000000
778 0.000018
779 0.000015
780 0.000001
781 0.000000
782 0.000000
783 0.000000
