0 0.004571
1 0.004371
2 0.003935
3 0.004125
4 0.003696
5 0.003297
6 0.003082
7 0.002980
8 0.000892
9 0.000222
10 0.000166
11 0.000186
12 0.000277
13 0.000451
14 0.000508
15 0.000588
16 0.000428
17 0.000258
18 0.000477
19 0.001896
20 0.004591
21 0.005285
22 0.005547
23 0.005547
24 0.007539
25 0.005873
26 0.005034
27 0.003473
28 0.005591
29 0.004382
30 0.003814
31 0.003696
32 0.003582
33 0.003366
34 0.002980
35 0.002220
36 0.000423
37 0.000122
38 0.000114
39 0.000121
40 0.000176
41 0.000342
42 0.000465
43 0.000487
44 0.000514
45 0.000479
46 0.000640
47 0.001769
48 0.005037
49 0.005286
50 0.000000
51 0.000000
52 0.005836
53 0.004911
54 0.002951
55 0.002414
56 0.007531
57 0.005444
58 0.004202
59 0.003583
60 0.003366
61 0.002980
62 0.002882
63 0.001123
64 0.000231
65 0.000084
66 0.000105
67 0.000092
68 0.000098
69 0.000181
70 0.000324
71 0.000428
72 0.000557
73 0.000821
74 0.000786
75 0.001406
76 0.000001
77 0.000000
78 0.000000
79 0.000000
80 0.000000
81 0.002811
82 0.002257
83 0.001996
84 0.010000
85 0.007491
86 0.005301
87 0.003611
88 0.002980
89 0.002882
90 0.002696
91 0.000522
92 0.000106
93 0.000069
94 0.000068
95 0.000069
96 0.000070
97 0.000122
98 0.000201
99 0.000408
100 0.000738
101 0.000469
102 0.000001
103 0.000000
104 0.000000
105 0.000000
106 0.000000
107 0.000000
108 0.000001
109 0.001858
110 0.001844
111 0.002166
112 0.010001
113 0.010000
114 0.007430
115 0.005094
116 0.000000
117 0.000000
118 0.000000
119 0.000000
120 0.000000
121 0.000016
122 0.000060
123 0.000060
124 0.000064
125 0.000063
126 0.000122
127 0.000011
128 0.000001
129 0.000000
130 0.000000
131 0.000000
132 0.000000
133 0.000000
134 0.000001
135 0.000001
136 0.004331
137 0.001499
138 0.001773
139 0.002089
140 0.010002
141 0.010001
142 0.010000
143 0.008147
144 0.000000
145 0.000000
146 0.000000
147 0.000000
148 0.000000
149 0.000000
150 0.000000
151 0.000000
152 0.000000
153 0.000000
154 0.000000
155 0.000000
156 0.000000
157 0.000000
158 0.000000
159 0.000000
160 0.000000
161 0.000000
162 0.000001
163 0.000003
164 0.001517
165 0.001438
166 0.001706
167 0.001774
168 0.013604
169 0.010555
170 0.010002
171 0.010001
172 0.000000
173 0.000000
174 0.000001
175 0.000000
176 0.000000
177 0.000000
178 0.000000
179 0.000000
180 0.000000
181 0.000000
182 0.000000
183 0.000000
184 0.000000
185 0.000000
186 0.000001
187 0.000001
188 0.000000
189 0.000000
190 0.000001
191 0.006355
192 0.001270
193 0.001323
194 0.001380
195 0.002057
196 0.013187
197 0.014338
198 0.012094
199 0.010002
200 0.000065
201 0.000000
202 0.000001
203 0.000000
204 0.000000
205 0.000000
206 0.000000
207 0.000000
208 0.000000
209 0.000000
210 0.000000
211 0.000000
212 0.000000
213 0.000000
214 0.000001
215 0.000000
216 0.000000
217 0.000001
218 0.000002
219 0.000365
220 0.001270
221 0.001345
222 0.001921
223 0.003271
224 0.008061
225 0.011218
226 0.013770
227 0.012842
228 0.010556
229 0.000000
230 0.000000
231 0.000001
232 0.000000
233 0.000000
234 0.000000
235 0.000000
236 0.000000
237 0.000000
238 0.000000
239 0.000000
240 0.000000
241 0.000000
242 0.000000
243 0.000000
244 0.000000
245 0.000001
246 0.000004
247 0.000023
248 0.000056
249 0.000162
250 0.000519
251 0.001328
252 0.003598
253 0.006064
254 0.009052
255 0.007287
256 0.001417
257 0.000000
258 0.000000
259 0.000000
260 0.000001
261 0.000000
262 0.000000
263 0.000000
264 0.000000
265 0.000000
266 0.000001
267 0.000001
268 0.000001
269 0.000000
270 0.000000
271 0.000000
272 0.000001
273 0.000001
274 0.000012
275 0.000005
276 0.000012
277 0.000041
278 0.000107
279 0.000250
280 0.002374
281 0.000792
282 0.000500
283 0.000250
284 0.000160
285 0.000001
286 0.000000
287 0.000000
288 0.000001
289 0.000001
290 0.000000
291 0.000000
292 0.000000
293 0.000001
294 0.000001
295 0.000002
296 0.000001
297 0.000000
298 0.000000
299 0.000000
300 0.000001
301 0.000002
302 0.000001
303 0.000013
304 0.000025
305 0.000059
306 0.000081
307 0.000061
308 0.000330
309 0.000112
310 0.000041
311 0.000023
312 0.000006
313 0.000001
314 0.000000
315 0.000000
316 0.000000
317 0.000001
318 0.000001
319 0.000001
320 0.000001
321 0.000001
322 0.000001
323 0.000001
324 0.000001
325 0.000000
326 0.000000
327 0.000001
328 0.000005
329 0.000063
330 0.000003
331 0.000012
332 0.000066
333 0.000051
334 0.000043
335 0.000041
336 0.000253
337 0.000050
338 0.000025
339 0.000012
340 0.000001
341 0.000000
342 0.000000
343 0.000000
344 0.000000
345 0.000001
346 0.000004
347 0.000016
348 0.000006
349 0.000001
350 0.000000
351 0.000000
352 0.000000
353 0.000000
354 0.000001
355 0.000002
356 0.000130
357 0.006052
358 0.000033
359 0.000013
360 0.000046
361 0.000027
362 0.000023
363 0.000018
364 0.000486
365 0.000306
366 0.000089
367 0.000017
368 0.000000
369 0.000000
370 0.000000
371 0.000000
372 0.000000
373 0.000001
374 0.000028
375 0.999979
376 0.001091
377 0.000002
378 0.000000
379 0.000000
380 0.000000
381 0.000000
382 0.000000
383 0.000002
384 0.000612
385 0.999927
386 0.000103
387 0.000027
388 0.000042
389 0.000039
390 0.000025
391 0.000033
392 0.000674
393 0.000348
394 0.000170
395 0.000021
396 0.000000
397 0.000000
398 0.000000
399 0.000000
400 0.000000
401 0.000001
402 0.000096
403 0.004711
404 0.000198
405 0.000002
406 0.000000
407 0.000000
408 0.000000
409 0.000000
410 0.000000
411 0.000001
412 0.000033
413 0.000098
414 0.000155
415 0.000029
416 0.000041
417 0.000248
418 0.000248
419 0.000199
420 0.000195
421 0.000247
422 0.000349
423 0.000012
424 0.000000
425 0.000000
426 0.000000
427 0.000000
428 0.000001
429 0.000001
430 0.000007
431 0.000005
432 0.000006
433 0.000001
434 0.000001
435 0.000001
436 0.000000
437 0.000000
438 0.000000
439 0.000001
440 0.000001
441 0.000002
442 0.000013
443 0.000009
444 0.000092
445 0.003221
446 0.002839
447 0.001760
448 0.000200
449 0.000165
450 0.000148
451 0.000002
452 0.000001
453 0.000001
454 0.000001
455 0.000014
456 0.000004
457 0.000002
458 0.000001
459 0.000001
460 0.000001
461 0.000001
462 0.000002
463 0.000002
464 0.000001
465 0.000001
466 0.000001
467 0.000001
468 0.000000
469 0.000000
470 0.000002
471 0.000012
472 0.000057
473 0.001598
474 0.009301
475 0.011344
476 0.000208
477 0.000187
478 0.000067
479 0.000001
480 0.000001
481 0.000001
482 0.000074
483 0.001972
484 0.000401
485 0.000002
486 0.000000
487 0.000000
488 0.000001
489 0.000001
490 0.000002
491 0.000002
492 0.000002
493 0.000001
494 0.000001
495 0.000001
496 0.000000
497 0.000000
498 0.000001
499 0.000018
500 0.000027
501 0.000148
502 0.004340
503 0.009150
504 0.000365
505 0.000257
506 0.000038
507 0.000001
508 0.000001
509 0.000006
510 0.000168
511 0.999956
512 0.000100
513 0.000001
514 0.000000
515 0.000000
516 0.000000
517 0.000001
518 0.000001
519 0.000001
520 0.000001
521 0.000008
522 0.000015
523 0.000006
524 0.000001
525 0.000001
526 0.000001
527 0.000005
528 0.000008
529 0.000049
530 0.001380
531 0.002130
532 0.000485
533 0.001028
534 0.000053
535 0.000002
536 0.000003
537 0.000048
538 0.003037
539 0.000144
540 0.000002
541 0.000000
542 0.000000
543 0.000001
544 0.000001
545 0.000001
546 0.000001
547 0.000001
548 0.000002
549 0.000039
550 0.999961
551 0.000302
552 0.000010
553 0.000001
554 0.000001
555 0.000002
556 0.000009
557 0.000022
558 0.000412
559 0.000782
560 0.001681
561 0.003823
562 0.000169
563 0.000006
564 0.000037
565 0.001259
566 0.000291
567 0.000004
568 0.000001
569 0.000000
570 0.000000
571 0.000001
572 0.000001
573 0.000001
574 0.000001
575 0.000002
576 0.000005
577 0.000023
578 0.000933
579 0.006151
580 0.000500
581 0.000016
582 0.000002
583 0.000001
584 0.000018
585 0.000261
586 0.000277
587 0.000369
588 0.004949
589 0.010012
590 0.001127
591 0.000111
592 0.000783
593 0.000420
594 0.000009
595 0.000001
596 0.000001
597 0.000001
598 0.000001
599 0.000001
600 0.000001
601 0.000001
602 0.000001
603 0.000002
604 0.000004
605 0.000046
606 0.000207
607 0.000376
608 0.003886
609 0.000969
610 0.000077
611 0.000037
612 0.000299
613 0.000261
614 0.000334
615 0.000353
616 0.010011
617 0.010009
618 0.010004
619 0.004357
620 0.002313
621 0.000027
622 0.000001
623 0.000001
624 0.000003
625 0.000003
626 0.000001
627 0.000001
628 0.000001
629 0.000001
630 0.000001
631 0.000001
632 0.000009
633 0.000063
634 0.000040
635 0.000117
636 0.000438
637 0.003606
638 0.002477
639 0.001567
640 0.000699
641 0.000405
642 0.000001
643 0.000001
644 0.010008
645 0.010003
646 0.010004
647 0.009817
648 0.002696
649 0.000033
650 0.000010
651 0.000011
652 0.000023
653 0.000034
654 0.000002
655 0.000001
656 0.000001
657 0.000001
658 0.000001
659 0.000003
660 0.000027
661 0.000154
662 0.000210
663 0.000062
664 0.000079
665 0.004795
666 0.009996
667 0.004924
668 0.002063
669 0.000001
670 0.000001
671 0.000000
672 0.000001
673 0.010004
674 0.010378
675 0.004135
676 0.001909
677 0.000643
678 0.000506
679 0.000070
680 0.000049
681 0.000064
682 0.000032
683 0.000004
684 0.000001
685 0.000001
686 0.000001
687 0.000009
688 0.000294
689 0.002081
690 0.002362
691 0.001853
692 0.003302
693 0.010004
694 0.010000
695 0.009996
696 0.000001
697 0.000001
698 0.000001
699 0.000001
700 0.000001
701 0.000001
702 0.004835
703 0.002251
704 0.000787
705 0.000560
706 0.000433
707 0.000409
708 0.000365
709 0.000282
710 0.000091
711 0.000010
712 0.000002
713 0.000001
714 0.000004
715 0.000028
716 0.000223
717 0.000852
718 0.003638
719 0.009567
720 0.010014
721 0.010007
722 0.010003
723 0.000002
724 0.000001
725 0.000002
726 0.000001
727 0.000001
728 0.000001
729 0.000001
730 0.000001
731 0.000001
732 0.000618
733 0.000585
734 0.000459
735 0.000433
736 0.000409
737 0.000318
738 0.000282
739 0.000030
740 0.000005
741 0.000002
742 0.000008
743 0.000067
744 0.000156
745 0.000465
746 0.001500
747 0.006087
748 0.010015
749 0.010011
750 0.000005
751 0.000013
752 0.000016
753 0.000003
754 0.000002
755 0.000001
756 0.000001
757 0.000001
758 0.000001
759 0.000001
760 0.000001
761 0.000618
762 0.000585
763 0.000459
764 0.000433
765 0.000409
766 0.000386
767 0.000094
768 0.000010
769 0.000005
770 0.000024
771 0.000124
772 0.000161
773 0.000268
774 0.000783
775 0.002498
776 0.007711
777 0.000212
778 0.002212
779 0.001841
780 0.000221
781 0.000012
782 0.000004
783 0.000001
