0 0.004076
1 0.002278
2 0.001367
3 0.001503
4 0.001193
5 0.000941
6 0.000818
7 0.000764
8 0.000156
9 0.000094
10 0.000196
11 0.000416
12 0.000322
13 0.000153
14 0.000038
15 0.000015
16 0.000009
17 0.000006
18 0.000044
19 0.000353
20 0.001096
21 0.001198
22 0.002045
23 0.004124
24 0.004871
25 0.005874
26 0.005083
27 0.005082
28 0.006084
29 0.003950
30 0.002055
31 0.001201
32 0.001120
33 0.000982
34 0.000764
35 0.000458
36 0.000053
37 0.000068
38 0.000215
39 0.000317
40 0.000224
41 0.000075
42 0.000022
43 0.000008
44 0.000006
45 0.000006
46 0.000012
47 0.000147
48 0.000984
49 0.001784
50 0.000012
51 0.000000
52 0.006596
53 0.005083
54 0.004809
55 0.005080
56 0.008209
57 0.006020
58 0.003763
59 0.001909
60 0.000991
61 0.000766
62 0.000713
63 0.000187
64 0.000041
65 0.000070
66 0.000428
67 0.000226
68 0.000099
69 0.000022
70 0.000008
71 0.000005
72 0.000005
73 0.000004
74 0.000005
75 0.000043
76 0.000008
77 0.000000
78 0.000000
79 0.000000
80 0.000000
81 0.004810
82 0.005081
83 0.004805
84 0.008507
85 0.008063
86 0.005927
87 0.002965
88 0.001429
89 0.000721
90 0.000624
91 0.000066
92 0.000034
93 0.000097
94 0.000288
95 0.000199
96 0.000042
97 0.000013
98 0.000005
99 0.000003
100 0.000004
101 0.000001
102 0.000000
103 0.000000
104 0.000000
105 0.000000
106 0.000000
107 0.000000
108 0.000000
109 0.004807
110 0.004805
111 0.003739
112 0.009138
113 0.008507
114 0.007920
115 0.006019
116 0.000000
117 0.000000
118 0.000000
119 0.000000
120 0.000000
121 0.000097
122 0.000213
123 0.000122
124 0.000015
125 0.000005
126 0.000003
127 0.000000
128 0.000000
129 0.000000
130 0.000000
131 0.000000
132 0.000000
133 0.000000
134 0.000000
135 0.000000
136 0.001366
137 0.004059
138 0.003104
139 0.002485
140 0.009821
141 0.009138
142 0.008507
143 0.008063
144 0.000001
145 0.000000
146 0.000000
147 0.000000
148 0.000000
149 0.000000
150 0.000000
151 0.000000
152 0.000000
153 0.000000
154 0.000000
155 0.000000
156 0.000000
157 0.000000
158 0.000000
159 0.000000
160 0.000000
161 0.000000
162 0.000000
163 0.000003
164 0.004237
165 0.002543
166 0.002003
167 0.001509
168 0.010000
169 0.009821
170 0.009304
171 0.008660
172 0.005593
173 0.000012
174 0.000000
175 0.000000
176 0.000000
177 0.000000
178 0.000000
179 0.000000
180 0.000000
181 0.000000
182 0.000000
183 0.000000
184 0.000000
185 0.000000
186 0.000000
187 0.000000
188 0.000000
189 0.000000
190 0.000000
191 0.000349
192 0.002160
193 0.001543
194 0.001012
195 0.001267
196 0.005364
197 0.010000
198 0.010000
199 0.009304
200 0.008664
201 0.000077
202 0.000002
203 0.000000
204 0.000000
205 0.000000
206 0.000000
207 0.000000
208 0.000000
209 0.000000
210 0.000000
211 0.000000
212 0.000000
213 0.000000
214 0.000000
215 0.000000
216 0.000000
217 0.000000
218 0.000002
219 0.000304
220 0.001341
221 0.000865
222 0.000970
223 0.001179
224 0.001892
225 0.003379
226 0.006284
227 0.010000
228 0.009473
229 0.001908
230 0.000001
231 0.000001
232 0.000001
233 0.000000
234 0.000000
235 0.000000
236 0.000000
237 0.000000
238 0.000000
239 0.000000
240 0.000000
241 0.000000
242 0.000000
243 0.000000
244 0.000000
245 0.000000
246 0.000001
247 0.000093
248 0.000110
249 0.000156
250 0.000290
251 0.000418
252 0.000666
253 0.001082
254 0.001978
255 0.003115
256 0.001886
257 0.000052
258 0.000004
259 0.000003
260 0.000013
261 0.000001
262 0.000000
263 0.000000
264 0.000000
265 0.000000
266 0.000000
267 0.000000
268 0.000000
269 0.000000
270 0.000000
271 0.000000
272 0.000000
273 0.000000
274 0.000000
275 0.000013
276 0.000023
277 0.000038
278 0.000058
279 0.000098
280 0.000474
281 0.000158
282 0.000131
283 0.000107
284 0.000254
285 0.000016
286 0.000054
287 0.000132
288 0.000048
289 0.000006
290 0.000000
291 0.000000
292 0.000000
293 0.000000
294 0.000000
295 0.000000
296 0.000000
297 0.000000
298 0.000000
299 0.000000
300 0.000000
301 0.000000
302 0.000000
303 0.000015
304 0.000021
305 0.000028
306 0.000033
307 0.000060
308 0.000094
309 0.000051
310 0.000034
311 0.000039
312 0.000023
313 0.000013
314 0.000252
315 0.999996
316 0.000002
317 0.000000
318 0.000000
319 0.000000
320 0.000000
321 0.000000
322 0.000000
323 0.000000
324 0.000000
325 0.000000
326 0.000000
327 0.000000
328 0.000000
329 0.000000
330 0.000000
331 0.000001
332 0.000021
333 0.000035
334 0.000063
335 0.000143
336 0.000056
337 0.000069
338 0.000097
339 0.000137
340 0.000005
341 0.000003
342 0.000096
343 0.000068
344 0.000001
345 0.000000
346 0.000000
347 0.000000
348 0.000001
349 0.000001
350 0.000002
351 0.000000
352 0.000000
353 0.000000
354 0.000000
355 0.000000
356 0.000000
357 0.000000
358 0.000000
359 0.000000
360 0.000043
361 0.000088
362 0.000180
363 0.000297
364 0.000167
365 0.000280
366 0.000359
367 0.000148
368 0.000002
369 0.000000
370 0.000007
371 0.000001
372 0.000000
373 0.000000
374 0.000000
375 0.000002
376 0.000429
377 0.003186
378 0.000022
379 0.000000
380 0.000000
381 0.000000
382 0.000000
383 0.000000
384 0.000000
385 0.000000
386 0.000000
387 0.000000
388 0.000022
389 0.000270
390 0.000346
391 0.000391
392 0.000353
393 0.000252
394 0.000155
395 0.000010
396 0.000000
397 0.000000
398 0.000000
399 0.000000
400 0.000000
401 0.000000
402 0.000000
403 0.000018
404 0.005539
405 0.999972
406 0.000058
407 0.000000
408 0.000000
409 0.000000
410 0.000000
411 0.000000
412 0.000000
413 0.000000
414 0.000000
415 0.000000
416 0.000002
417 0.000322
418 0.000384
419 0.000255
420 0.000212
421 0.000115
422 0.000047
423 0.000000
424 0.000000
425 0.000000
426 0.000000
427 0.000000
428 0.000000
429 0.000000
430 0.000001
431 0.000021
432 0.000103
433 0.000058
434 0.000004
435 0.000000
436 0.000000
437 0.000000
438 0.000000
439 0.000000
440 0.000000
441 0.000000
442 0.000000
443 0.000000
444 0.000000
445 0.000220
446 0.000134
447 0.000093
448 0.000157
449 0.000036
450 0.000011
451 0.000000
452 0.000000
453 0.000000
454 0.000000
455 0.000000
456 0.000000
457 0.000001
458 0.000003
459 0.000001
460 0.000000
461 0.000000
462 0.000000
463 0.000000
464 0.000000
465 0.000000
466 0.000001
467 0.000000
468 0.000000
469 0.000000
470 0.000000
471 0.000000
472 0.000000
473 0.000009
474 0.000044
475 0.000054
476 0.000315
477 0.000063
478 0.000003
479 0.000000
480 0.000000
481 0.000000
482 0.000000
483 0.000000
484 0.000000
485 0.000001
486 0.000001
487 0.000000
488 0.000000
489 0.000000
490 0.000000
491 0.000000
492 0.000007
493 0.000356
494 0.000093
495 0.000002
496 0.000000
497 0.000000
498 0.000000
499 0.000000
500 0.000000
501 0.000000
502 0.000090
503 0.000186
504 0.001227
505 0.000351
506 0.000005
507 0.000000
508 0.000000
509 0.000000
510 0.000000
511 0.000000
512 0.000000
513 0.000001
514 0.000000
515 0.000000
516 0.000000
517 0.000000
518 0.000000
519 0.000000
520 0.000007
521 0.999993
522 0.020400
523 0.000010
524 0.000000
525 0.000000
526 0.000000
527 0.000000
528 0.000000
529 0.000000
530 0.000419
531 0.001009
532 0.000851
533 0.000777
534 0.000011
535 0.000001
536 0.000000
537 0.000000
538 0.000000
539 0.000001
540 0.000000
541 0.000000
542 0.000000
543 0.000000
544 0.000000
545 0.000000
546 0.000000
547 0.000000
548 0.000001
549 0.000005
550 0.000024
551 0.000136
552 0.000002
553 0.000000
554 0.000000
555 0.000000
556 0.000000
557 0.000003
558 0.001009
559 0.001049
560 0.001025
561 0.000982
562 0.000015
563 0.000002
564 0.000002
565 0.000002
566 0.000007
567 0.000001
568 0.000000
569 0.000000
570 0.000000
571 0.000000
572 0.000000
573 0.000000
574 0.000000
575 0.000000
576 0.000000
577 0.000000
578 0.000000
579 0.000003
580 0.001374
581 0.000057
582 0.000003
583 0.000000
584 0.000001
585 0.001010
586 0.001049
587 0.001231
588 0.001231
589 0.001042
590 0.000112
591 0.000023
592 0.000005
593 0.000009
594 0.000005
595 0.000001
596 0.000001
597 0.000000
598 0.000000
599 0.000000
600 0.000000
601 0.000000
602 0.000000
603 0.000000
604 0.000000
605 0.000000
606 0.000000
607 0.000001
608 0.000015
609 0.004495
610 0.000091
611 0.000042
612 0.001330
613 0.001022
614 0.001187
615 0.001231
616 0.001352
617 0.001884
618 0.007456
619 0.001624
620 0.000048
621 0.000008
622 0.000002
623 0.000001
624 0.000001
625 0.000001
626 0.000000
627 0.000001
628 0.000000
629 0.000000
630 0.000000
631 0.000000
632 0.000000
633 0.000000
634 0.000000
635 0.000000
636 0.000001
637 0.000015
638 0.001039
639 0.003891
640 0.002313
641 0.001599
642 0.000000
643 0.000000
644 0.001907
645 0.006399
646 0.014173
647 0.021415
648 0.005533
649 0.000033
650 0.000006
651 0.000002
652 0.000002
653 0.000001
654 0.000002
655 0.000006
656 0.000042
657 0.000965
658 0.004305
659 0.000142
660 0.000009
661 0.000001
662 0.000000
663 0.000000
664 0.000001
665 0.000076
666 0.010000
667 0.007854
668 0.004560
669 0.000000
670 0.000000
671 0.000000
672 0.000000
673 0.012004
674 0.018990
675 0.012321
676 0.010017
677 0.010013
678 0.000112
679 0.000029
680 0.000025
681 0.000064
682 0.000555
683 0.000529
684 0.000669
685 0.002129
686 0.008120
687 0.008455
688 0.006784
689 0.003053
690 0.000135
691 0.000091
692 0.000603
693 0.010003
694 0.010001
695 0.010000
696 0.000000
697 0.000000
698 0.000000
699 0.000000
700 0.000000
701 0.000000
702 0.012006
703 0.010016
704 0.010012
705 0.010004
706 0.004514
707 0.001766
708 0.000901
709 0.000742
710 0.000610
711 0.000555
712 0.001406
713 0.004647
714 0.010003
715 0.023698
716 0.013610
717 0.003851
718 0.001403
719 0.001785
720 0.003631
721 0.007470
722 0.010002
723 0.000000
724 0.000000
725 0.000000
726 0.000000
727 0.000000
728 0.000000
729 0.000000
730 0.000000
731 0.000000
732 0.010005
733 0.005413
734 0.002523
735 0.001182
736 0.000982
737 0.000813
738 0.000742
739 0.000965
740 0.002916
741 0.008285
742 0.010006
743 0.039187
744 0.023322
745 0.003736
746 0.002336
747 0.001617
748 0.002472
749 0.004974
750 0.000000
751 0.000000
752 0.000000
753 0.000000
754 0.000000
755 0.000000
756 0.000000
757 0.000000
758 0.000000
759 0.000000
760 0.000000
761 0.003543
762 0.001694
763 0.001071
764 0.001025
765 0.000982
766 0.000941
767 0.001933
768 0.004951
769 0.010006
770 0.014326
771 0.029353
772 0.024440
773 0.006332
774 0.003568
775 0.001880
776 0.001731
777 0.000000
778 0.000084
779 0.000074
780 0.000000
781 0.000000
782 0.000000
783 0.000000
