0 0.003350
1 0.004879
2 0.006666
3 0.010005
4 0.010006
5 0.009235
6 0.006730
7 0.004616
8 0.000885
9 0.000183
10 0.000130
11 0.000083
12 0.000063
13 0.000054
14 0.000051
15 0.000049
16 0.000039
17 0.000032
18 0.000187
19 0.001440
20 0.005481
21 0.006265
22 0.006491
23 0.004218
24 0.002557
25 0.001841
26 0.002135
27 0.002454
28 0.002888
29 0.003167
30 0.004218
31 0.006471
32 0.010006
33 0.010006
34 0.008529
35 0.004135
36 0.000478
37 0.000103
38 0.000103
39 0.000089
40 0.000061
41 0.000046
42 0.000042
43 0.000036
44 0.000029
45 0.000042
46 0.000141
47 0.001349
48 0.006046
49 0.006266
50 0.000001
51 0.000001
52 0.001758
53 0.002036
54 0.002196
55 0.003685
56 0.003070
57 0.002650
58 0.002619
59 0.004026
60 0.006535
61 0.010007
62 0.010006
63 0.002684
64 0.000322
65 0.000082
66 0.000098
67 0.000096
68 0.000055
69 0.000038
70 0.000027
71 0.000025
72 0.000028
73 0.000053
74 0.000113
75 0.000902
76 0.000003
77 0.000001
78 0.000001
79 0.000001
80 0.000001
81 0.002132
82 0.003685
83 0.005139
84 0.002950
85 0.002538
86 0.002171
87 0.002432
88 0.003957
89 0.006777
90 0.010008
91 0.001469
92 0.000198
93 0.000093
94 0.000072
95 0.000075
96 0.000074
97 0.000051
98 0.000027
99 0.000019
100 0.000037
101 0.000025
102 0.000001
103 0.000001
104 0.000001
105 0.000001
106 0.000001
107 0.000001
108 0.000001
109 0.003745
110 0.005139
111 0.006770
112 0.002538
113 0.002432
114 0.001980
115 0.001891
116 0.000001
117 0.000001
118 0.000001
119 0.000001
120 0.000001
121 0.000035
122 0.000087
123 0.000067
124 0.000084
125 0.000057
126 0.000030
127 0.000002
128 0.000001
129 0.000001
130 0.000001
131 0.000001
132 0.000001
133 0.000001
134 0.000001
135 0.000001
136 0.018787
137 0.005054
138 0.006107
139 0.005729
140 0.002432
141 0.002073
142 0.001891
143 0.001806
144 0.000001
145 0.000001
146 0.000001
147 0.000001
148 0.000001
149 0.000001
150 0.000001
151 0.000001
152 0.000001
153 0.000001
154 0.000001
155 0.000001
156 0.000001
157 0.000001
158 0.000001
159 0.000001
160 0.000001
161 0.000001
162 0.000001
163 0.000002
164 0.005590
165 0.005513
166 0.005170
167 0.003764
168 0.002073
169 0.001891
170 0.001806
171 0.001649
172 0.000001
173 0.000001
174 0.000001
175 0.000001
176 0.000001
177 0.000001
178 0.000001
179 0.000001
180 0.000001
181 0.000001
182 0.000001
183 0.000001
184 0.000001
185 0.000002
186 0.000002
187 0.000002
188 0.000001
189 0.000001
190 0.000001
191 0.000548
192 0.005504
193 0.004668
194 0.003048
195 0.002412
196 0.001891
197 0.001806
198 0.001516
199 0.001376
200 0.000053
201 0.000001
202 0.000001
203 0.000001
204 0.000002
205 0.000002
206 0.000001
207 0.000001
208 0.000001
209 0.000001
210 0.000001
211 0.000001
212 0.000001
213 0.000001
214 0.000001
215 0.000001
216 0.000001
217 0.000001
218 0.000002
219 0.003099
220 0.004516
221 0.002906
222 0.002332
223 0.002058
224 0.001878
225 0.001546
226 0.001376
227 0.001311
228 0.001030
229 0.000001
230 0.000001
231 0.000001
232 0.000001
233 0.000002
234 0.000002
235 0.000001
236 0.000001
237 0.000001
238 0.000001
239 0.000002
240 0.000001
241 0.000001
242 0.000001
243 0.000001
244 0.000001
245 0.000001
246 0.000002
247 0.000126
248 0.000179
249 0.000241
250 0.000322
251 0.000405
252 0.001794
253 0.001430
254 0.001362
255 0.000719
256 0.000129
257 0.000001
258 0.000001
259 0.000001
260 0.000001
261 0.000001
262 0.000002
263 0.000004
264 0.000006
265 0.000007
266 0.000007
267 0.000003
268 0.000001
269 0.000001
270 0.000001
271 0.000001
272 0.000001
273 0.000001
274 0.000006
275 0.000019
276 0.000021
277 0.000027
278 0.000034
279 0.000043
280 0.001791
281 0.000449
282 0.000209
283 0.000053
284 0.000022
285 0.000001
286 0.000001
287 0.000001
288 0.000001
289 0.000001
290 0.000001
291 0.000004
292 0.000136
293 0.999966
294 0.000024
295 0.000003
296 0.000001
297 0.000001
298 0.000001
299 0.000001
300 0.000001
301 0.000001
302 0.000002
303 0.000022
304 0.000017
305 0.000015
306 0.000016
307 0.000031
308 0.000530
309 0.000154
310 0.000038
311 0.000014
312 0.000002
313 0.000001
314 0.000001
315 0.000001
316 0.000001
317 0.000001
318 0.000001
319 0.000002
320 0.000029
321 0.000050
322 0.000012
323 0.000004
324 0.000003
325 0.000001
326 0.000001
327 0.000001
328 0.000001
329 0.000001
330 0.000001
331 0.000004
332 0.000015
333 0.000016
334 0.000032
335 0.000086
336 0.000295
337 0.000118
338 0.000052
339 0.000020
340 0.000001
341 0.000001
342 0.000001
343 0.000001
344 0.000001
345 0.000001
346 0.000001
347 0.000002
348 0.000002
349 0.000002
350 0.000003
351 0.000006
352 0.000005
353 0.000003
354 0.000001
355 0.000001
356 0.000001
357 0.000001
358 0.000001
359 0.000001
360 0.000018
361 0.000043
362 0.000107
363 0.000161
364 0.000357
365 0.000314
366 0.000130
367 0.000048
368 0.000001
369 0.000001
370 0.000001
371 0.000001
372 0.000001
373 0.000001
374 0.000001
375 0.000001
376 0.000001
377 0.000001
378 0.000002
379 0.000005
380 0.000004
381 0.000003
382 0.000003
383 0.000003
384 0.000002
385 0.000001
386 0.000001
387 0.000001
388 0.000021
389 0.000150
390 0.000158
391 0.000128
392 0.001111
393 0.000253
394 0.000134
395 0.000047
396 0.000001
397 0.000001
398 0.000001
399 0.000001
400 0.000002
401 0.000002
402 0.000001
403 0.000001
404 0.000001
405 0.000001
406 0.000002
407 0.000002
408 0.000002
409 0.000003
410 0.000004
411 0.000020
412 0.000035
413 0.000001
414 0.000001
415 0.000001
416 0.000016
417 0.000132
418 0.000076
419 0.000046
420 0.000875
421 0.001345
422 0.003453
423 0.000044
424 0.000002
425 0.000001
426 0.000001
427 0.000001
428 0.000002
429 0.000003
430 0.000001
431 0.000001
432 0.000001
433 0.000001
434 0.000001
435 0.000001
436 0.000001
437 0.000002
438 0.000008
439 0.000113
440 0.000800
441 0.000008
442 0.000001
443 0.000001
444 0.000003
445 0.000137
446 0.000047
447 0.000020
448 0.000845
449 0.001858
450 0.006614
451 0.000099
452 0.000003
453 0.000002
454 0.000001
455 0.000002
456 0.000002
457 0.000003
458 0.000002
459 0.000002
460 0.000002
461 0.000002
462 0.000001
463 0.000001
464 0.000001
465 0.000001
466 0.000005
467 0.001304
468 0.999947
469 0.000025
470 0.000001
471 0.000001
472 0.000001
473 0.000036
474 0.000065
475 0.000063
476 0.000651
477 0.001417
478 0.003373
479 0.000007
480 0.000001
481 0.000001
482 0.000003
483 0.000005
484 0.000002
485 0.000006
486 0.000017
487 0.000010
488 0.000003
489 0.000001
490 0.000001
491 0.000001
492 0.000001
493 0.000001
494 0.000003
495 0.000090
496 0.000157
497 0.000051
498 0.000002
499 0.000001
500 0.000001
501 0.000019
502 0.000665
503 0.000772
504 0.007468
505 0.007030
506 0.000126
507 0.000001
508 0.000001
509 0.000001
510 0.000002
511 0.000002
512 0.000004
513 0.000070
514 0.999968
515 0.000121
516 0.000002
517 0.000001
518 0.000001
519 0.000001
520 0.000001
521 0.000001
522 0.000001
523 0.000001
524 0.000002
525 0.000013
526 0.000009
527 0.000001
528 0.000001
529 0.000029
530 0.004359
531 0.010011
532 0.010026
533 0.010029
534 0.000099
535 0.000001
536 0.000001
537 0.000001
538 0.000001
539 0.000003
540 0.000009
541 0.000699
542 0.000287
543 0.000040
544 0.000003
545 0.000001
546 0.000001
547 0.000001
548 0.000001
549 0.000001
550 0.000001
551 0.000001
552 0.000001
553 0.000003
554 0.000105
555 0.000039
556 0.000006
557 0.000192
558 0.010009
559 0.010010
560 0.010025
561 0.010022
562 0.000085
563 0.000002
564 0.000001
565 0.000001
566 0.000003
567 0.000008
568 0.000525
569 0.000029
570 0.000005
571 0.000003
572 0.000002
573 0.000002
574 0.000001
575 0.000001
576 0.000001
577 0.000001
578 0.000001
579 0.000001
580 0.000001
581 0.000001
582 0.000024
583 0.000457
584 0.000660
585 0.010008
586 0.010003
587 0.010007
588 0.010019
589 0.010014
590 0.000488
591 0.000003
592 0.000001
593 0.000003
594 0.000022
595 0.000940
596 0.000222
597 0.000006
598 0.000001
599 0.000001
600 0.000001
601 0.000001
602 0.000001
603 0.000001
604 0.000001
605 0.000001
606 0.000001
607 0.000001
608 0.000001
609 0.000001
610 0.000004
611 0.000293
612 0.011067
613 0.021187
614 0.010007
615 0.010001
616 0.010011
617 0.007031
618 0.002780
619 0.000151
620 0.000009
621 0.000048
622 0.000089
623 0.000060
624 0.000008
625 0.000001
626 0.000001
627 0.000001
628 0.000001
629 0.000001
630 0.000001
631 0.000001
632 0.000001
633 0.000002
634 0.000001
635 0.000001
636 0.000001
637 0.000001
638 0.000011
639 0.002670
640 0.005455
641 0.011301
642 0.000001
643 0.000001
644 0.007162
645 0.003546
646 0.001489
647 0.001446
648 0.001139
649 0.000103
650 0.000018
651 0.000001
652 0.000001
653 0.000001
654 0.000001
655 0.000003
656 0.000024
657 0.000122
658 0.000025
659 0.000005
660 0.000005
661 0.000007
662 0.000001
663 0.000001
664 0.000001
665 0.000014
666 0.000411
667 0.000618
668 0.002861
669 0.000001
670 0.000001
671 0.000001
672 0.000001
673 0.001595
674 0.001542
675 0.002903
676 0.007073
677 0.010021
678 0.000092
679 0.000020
680 0.000014
681 0.000039
682 0.000135
683 0.000132
684 0.000163
685 0.000208
686 0.000071
687 0.000309
688 0.000781
689 0.000646
690 0.000044
691 0.000027
692 0.000059
693 0.000342
694 0.000407
695 0.000543
696 0.000001
697 0.000001
698 0.000001
699 0.000001
700 0.000001
701 0.000001
702 0.003057
703 0.005931
704 0.010020
705 0.008286
706 0.003242
707 0.001077
708 0.000582
709 0.000463
710 0.000185
711 0.000142
712 0.000139
713 0.000282
714 0.000365
715 0.002268
716 0.003525
717 0.000239
718 0.000257
719 0.000271
720 0.000287
721 0.000361
722 0.000453
723 0.000001
724 0.000002
725 0.000001
726 0.000001
727 0.000001
728 0.000001
729 0.000001
730 0.000001
731 0.000001
732 0.010013
733 0.004042
734 0.001646
735 0.000677
736 0.000643
737 0.000515
738 0.000463
739 0.000191
740 0.000188
741 0.000267
742 0.001463
743 0.009487
744 0.005142
745 0.000395
746 0.000275
747 0.000342
748 0.000361
749 0.000453
750 0.000001
751 0.000001
752 0.000001
753 0.000001
754 0.000001
755 0.000001
756 0.000001
757 0.000001
758 0.000002
759 0.000002
760 0.000001
761 0.002468
762 0.001037
763 0.000712
764 0.000677
765 0.000643
766 0.000611
767 0.000260
768 0.000198
769 0.000255
770 0.007365
771 0.023769
772 0.004893
773 0.000843
774 0.000323
775 0.000303
776 0.000380
777 0.000002
778 0.000031
779 0.000021
780 0.000005
781 0.000001
782 0.000001
783 0.000001
