0 0.001846
1 0.001826
2 0.001625
3 0.002030
4 0.001816
5 0.002189
6 0.004425
7 0.007468
8 0.000099
9 0.000002
10 0.000001
11 0.000001
12 0.000001
13 0.000001
14 0.000001
15 0.000001
16 0.000001
17 0.000001
18 0.000002
19 0.000009
20 0.000033
21 0.000036
22 0.000056
23 0.000061
24 0.000049
25 0.000054
26 0.000083
27 0.000092
28 0.001486
29 0.001634
30 0.001415
31 0.001537
32 0.001746
33 0.001816
34 0.002505
35 0.001651
36 0.000023
37 0.000002
38 0.000001
39 0.000001
40 0.000001
41 0.000001
42 0.000001
43 0.000001
44 0.000001
45 0.000001
46 0.000001
47 0.000005
48 0.000021
49 0.000033
50 0.000137
51 0.000211
52 0.000044
53 0.000068
54 0.000054
55 0.000083
56 0.001633
57 0.001302
58 0.001219
59 0.001281
60 0.001415
61 0.001495
62 0.001660
63 0.000098
64 0.000006
65 0.000002
66 0.000002
67 0.000001
68 0.000001
69 0.000001
70 0.000001
71 0.000001
72 0.000001
73 0.000001
74 0.000001
75 0.000002
76 0.000080
77 0.000093
78 0.000114
79 0.000136
80 0.000211
81 0.000044
82 0.000068
83 0.000054
84 0.001536
85 0.001218
86 0.000957
87 0.000831
88 0.000963
89 0.001166
90 0.001470
91 0.000011
92 0.000002
93 0.000002
94 0.000002
95 0.000001
96 0.000001
97 0.000001
98 0.000001
99 0.000001
100 0.000001
101 0.000001
102 0.000001
103 0.000001
104 0.000019
105 0.000082
106 0.000102
107 0.000171
108 0.000178
109 0.000040
110 0.000044
111 0.000068
112 0.001218
113 0.001140
114 0.000830
115 0.000774
116 0.000000
117 0.000000
118 0.000000
119 0.000001
120 0.000001
121 0.000001
122 0.000002
123 0.000002
124 0.000001
125 0.000001
126 0.000001
127 0.000001
128 0.000001
129 0.000001
130 0.000001
131 0.000001
132 0.000005
133 0.000059
134 0.000089
135 0.000135
136 0.000196
137 0.000026
138 0.000040
139 0.000061
140 0.001140
141 0.000891
142 0.000774
143 0.000721
144 0.000000
145 0.000000
146 0.000000
147 0.000000
148 0.000000
149 0.000000
150 0.000001
151 0.000001
152 0.000001
153 0.000001
154 0.000001
155 0.000001
156 0.000001
157 0.000001
158 0.000001
159 0.000001
160 0.000001
161 0.000022
162 0.000086
163 0.000086
164 0.000027
165 0.000024
166 0.000036
167 0.000040
168 0.000891
169 0.000774
170 0.000721
171 0.000626
172 0.000000
173 0.000000
174 0.000001
175 0.000001
176 0.000000
177 0.000000
178 0.000000
179 0.000001
180 0.000001
181 0.000001
182 0.000001
183 0.000001
184 0.000001
185 0.000001
186 0.000001
187 0.000001
188 0.000001
189 0.000004
190 0.000069
191 0.000090
192 0.000018
193 0.000019
194 0.000021
195 0.000036
196 0.000817
197 0.000721
198 0.000550
199 0.000474
200 0.000001
201 0.000000
202 0.000000
203 0.000001
204 0.000001
205 0.000001
206 0.000000
207 0.000001
208 0.000001
209 0.000001
210 0.000001
211 0.000001
212 0.000001
213 0.000001
214 0.000001
215 0.000001
216 0.000001
217 0.000001
218 0.000001
219 0.000004
220 0.000018
221 0.000019
222 0.000019
223 0.000030
224 0.000780
225 0.000596
226 0.000490
227 0.000440
228 0.000303
229 0.000001
230 0.000000
231 0.000000
232 0.000001
233 0.000001
234 0.000001
235 0.000001
236 0.000001
237 0.000001
238 0.000001
239 0.000001
240 0.000001
241 0.000001
242 0.000001
243 0.000001
244 0.000001
245 0.000001
246 0.000001
247 0.000001
248 0.000001
249 0.000001
250 0.000001
251 0.000001
252 0.000727
253 0.000513
254 0.000476
255 0.000621
256 0.000531
257 0.000001
258 0.000000
259 0.000000
260 0.000000
261 0.000001
262 0.000001
263 0.000001
264 0.000001
265 0.000001
266 0.000001
267 0.000001
268 0.000001
269 0.000001
270 0.000001
271 0.000001
272 0.000001
273 0.000001
274 0.000001
275 0.000001
276 0.000001
277 0.000001
278 0.000001
279 0.000001
280 0.000474
281 0.000644
282 0.000816
283 0.000665
284 0.000680
285 0.000001
286 0.000000
287 0.000000
288 0.000000
289 0.000001
290 0.000001
291 0.000001
292 0.000001
293 0.000001
294 0.000001
295 0.000001
296 0.000001
297 0.000001
298 0.000001
299 0.000001
300 0.000001
301 0.000001
302 0.000001
303 0.000001
304 0.000001
305 0.000001
306 0.000001
307 0.000001
308 0.001023
309 0.000887
310 0.000675
311 0.000565
312 0.000005
313 0.000001
314 0.000001
315 0.000000
316 0.000000
317 0.000000
318 0.000001
319 0.000001
320 0.000001
321 0.000001
322 0.000001
323 0.000001
324 0.000001
325 0.000001
326 0.000001
327 0.000001
328 0.000001
329 0.000001
330 0.000001
331 0.000001
332 0.000001
333 0.000001
334 0.000001
335 0.000001
336 0.001033
337 0.000847
338 0.000660
339 0.000403
340 0.000001
341 0.000001
342 0.000001
343 0.000000
344 0.000000
345 0.000000
346 0.000001
347 0.000001
348 0.000001
349 0.000001
350 0.000002
351 0.000001
352 0.000001
353 0.000001
354 0.000001
355 0.000001
356 0.000001
357 0.000001
358 0.000001
359 0.000001
360 0.000001
361 0.000001
362 0.000001
363 0.000001
364 0.000777
365 0.000746
366 0.000654
367 0.000405
368 0.000001
369 0.000001
370 0.000001
371 0.000001
372 0.000000
373 0.000001
374 0.000001
375 0.000001
376 0.000001
377 0.000001
378 0.000001
379 0.000002
380 0.000002
381 0.000002
382 0.000001
383 0.000001
384 0.000001
385 0.000001
386 0.000001
387 0.000001
388 0.000001
389 0.000001
390 0.000001
391 0.000001
392 0.000441
393 0.000426
394 0.000424
395 0.000003
396 0.000001
397 0.000001
398 0.000001
399 0.000001
400 0.000000
401 0.000001
402 0.000001
403 0.000001
404 0.000001
405 0.000001
406 0.000001
407 0.000001
408 0.000002
409 0.000003
410 0.000003
411 0.000002
412 0.000001
413 0.000001
414 0.000001
415 0.000001
416 0.000001
417 0.000001
418 0.000002
419 0.000002
420 0.000431
421 0.000227
422 0.000216
423 0.000001
424 0.000001
425 0.000001
426 0.000001
427 0.000001
428 0.000001
429 0.000001
430 0.000001
431 0.000001
432 0.000001
433 0.000001
434 0.000001
435 0.000001
436 0.000001
437 0.000003
438 0.000006
439 0.000005
440 0.000002
441 0.000001
442 0.000001
443 0.000001
444 0.000001
445 0.000002
446 0.000001
447 0.000001
448 0.000420
449 0.000199
450 0.000162
451 0.000001
452 0.000001
453 0.000001
454 0.000001
455 0.000001
456 0.000001
457 0.000001
458 0.000001
459 0.000001
460 0.000001
461 0.000001
462 0.000001
463 0.000001
464 0.000001
465 0.000002
466 0.000009
467 0.000143
468 0.000015
469 0.000003
470 0.000001
471 0.000001
472 0.000001
473 0.000001
474 0.000001
475 0.000001
476 0.002346
477 0.000935
478 0.000014
479 0.000001
480 0.000001
481 0.000001
482 0.000001
483 0.000001
484 0.000001
485 0.000001
486 0.000001
487 0.000001
488 0.000001
489 0.000001
490 0.000001
491 0.000001
492 0.000001
493 0.000002
494 0.000005
495 0.000500
496 0.999980
497 0.000010
498 0.000001
499 0.000001
500 0.000001
501 0.000001
502 0.000001
503 0.000001
504 0.019305
505 0.009084
506 0.000002
507 0.000001
508 0.000001
509 0.000001
510 0.000001
511 0.000001
512 0.000001
513 0.000001
514 0.000001
515 0.000001
516 0.000001
517 0.000001
518 0.000001
519 0.000001
520 0.000001
521 0.000001
522 0.000001
523 0.000003
524 0.000009
525 0.000024
526 0.000003
527 0.000001
528 0.000001
529 0.000001
530 0.000001
531 0.000001
532 0.019294
533 0.019484
534 0.000002
535 0.000001
536 0.000001
537 0.000001
538 0.000001
539 0.000001
540 0.000001
541 0.000001
542 0.000001
543 0.000001
544 0.000001
545 0.000001
546 0.000001
547 0.000001
548 0.000001
549 0.000001
550 0.000001
551 0.000001
552 0.000001
553 0.000005
554 0.000016
555 0.000001
556 0.000001
557 0.000001
558 0.000006
559 0.000002
560 0.018477
561 0.018563
562 0.000001
563 0.000001
564 0.000001
565 0.000001
566 0.000001
567 0.000001
568 0.000001
569 0.000001
570 0.000001
571 0.000001
572 0.000001
573 0.000001
574 0.000001
575 0.000001
576 0.000001
577 0.000001
578 0.000000
579 0.000001
580 0.000001
581 0.000001
582 0.000012
583 0.000228
584 0.000022
585 0.001011
586 0.000081
587 0.000018
588 0.017767
589 0.018361
590 0.000023
591 0.000001
592 0.000001
593 0.000001
594 0.000001
595 0.000001
596 0.000001
597 0.000001
598 0.000001
599 0.000001
600 0.000001
601 0.000001
602 0.000001
603 0.000001
604 0.000000
605 0.000000
606 0.000000
607 0.000001
608 0.000001
609 0.000001
610 0.000001
611 0.000148
612 0.018943
613 0.010051
614 0.002152
615 0.000291
616 0.017444
617 0.017732
618 0.018355
619 0.000067
620 0.000001
621 0.000001
622 0.000001
623 0.000001
624 0.000003
625 0.000002
626 0.000001
627 0.000001
628 0.000001
629 0.000001
630 0.000001
631 0.000001
632 0.000001
633 0.000001
634 0.000000
635 0.000001
636 0.000001
637 0.000001
638 0.000001
639 0.000094
640 0.001139
641 0.020016
642 0.000001
643 0.000001
644 0.017293
645 0.017432
646 0.017567
647 0.018183
648 0.001390
649 0.000001
650 0.000001
651 0.000001
652 0.000003
653 0.000001
654 0.000001
655 0.000001
656 0.000001
657 0.000001
658 0.000001
659 0.000001
660 0.000001
661 0.000001
662 0.000001
663 0.000001
664 0.000001
665 0.000001
666 0.000001
667 0.000014
668 0.000114
669 0.000001
670 0.000001
671 0.000002
672 0.000001
673 0.017274
674 0.017417
675 0.018024
676 0.017725
677 0.018339
678 0.000003
679 0.000002
680 0.000004
681 0.000074
682 0.000095
683 0.000001
684 0.000001
685 0.000001
686 0.000001
687 0.000001
688 0.000001
689 0.000001
690 0.000001
691 0.000001
692 0.000001
693 0.000001
694 0.000001
695 0.000002
696 0.000001
697 0.000001
698 0.000001
699 0.000001
700 0.000001
701 0.000001
702 0.017272
703 0.017431
704 0.017564
705 0.017684
706 0.018237
707 0.018293
708 0.018591
709 0.019295
710 0.001245
711 0.000005
712 0.000001
713 0.000001
714 0.000001
715 0.000001
716 0.000001
717 0.000001
718 0.000001
719 0.000001
720 0.000001
721 0.000001
722 0.000002
723 0.000001
724 0.000001
725 0.000001
726 0.000001
727 0.000001
728 0.000001
729 0.000001
730 0.000001
731 0.000001
732 0.017402
733 0.017475
734 0.018007
735 0.018125
736 0.018319
737 0.019103
738 0.019680
739 0.000032
740 0.000001
741 0.000001
742 0.000001
743 0.000001
744 0.000001
745 0.000001
746 0.000001
747 0.000001
748 0.000001
749 0.000002
750 0.000000
751 0.000000
752 0.000000
753 0.000001
754 0.000001
755 0.000001
756 0.000001
757 0.000001
758 0.000001
759 0.000001
760 0.000001
761 0.017281
762 0.017361
763 0.017986
764 0.018228
765 0.018604
766 0.019039
767 0.000283
768 0.000003
769 0.000001
770 0.000001
771 0.000001
772 0.000001
773 0.000001
774 0.000001
775 0.000001
776 0.000001
777 0.000000
778 0.000001
779 0.000001
780 0.000001
781 0.000000
782 0.000000
783 0.000001
