0 0.002913
1 0.002790
2 0.002389
3 0.002561
4 0.002770
5 0.004292
6 0.007458
7 0.007981
8 0.001572
9 0.000204
10 0.000073
11 0.000034
12 0.000045
13 0.000093
14 0.000180
15 0.000198
16 0.000176
17 0.000135
18 0.000257
19 0.000625
20 0.000881
21 0.000927
22 0.001157
23 0.001215
24 0.001832
25 0.003207
26 0.005704
27 0.006510
28 0.002502
29 0.002673
30 0.002281
31 0.002178
32 0.002114
33 0.003220
34 0.005105
35 0.005112
36 0.000690
37 0.000146
38 0.000081
39 0.000048
40 0.000047
41 0.000134
42 0.000203
43 0.000188
44 0.000134
45 0.000078
46 0.000068
47 0.000232
48 0.000699
49 0.000880
50 0.000000
51 0.000000
52 0.003073
53 0.005654
54 0.006284
55 0.006510
56 0.002673
57 0.002281
58 0.002178
59 0.002081
60 0.001900
61 0.001935
62 0.003002
63 0.001358
64 0.000316
65 0.000101
66 0.000142
67 0.000087
68 0.000097
69 0.000138
70 0.000185
71 0.000143
72 0.000091
73 0.000035
74 0.000024
75 0.000078
76 0.000002
77 0.000000
78 0.000000
79 0.000000
80 0.000000
81 0.006285
82 0.006511
83 0.004187
84 0.002564
85 0.002178
86 0.001843
87 0.001672
88 0.001593
89 0.001518
90 0.001674
91 0.000322
92 0.000087
93 0.000093
94 0.000115
95 0.000237
96 0.000275
97 0.000244
98 0.000169
99 0.000128
100 0.000048
101 0.000008
102 0.000000
103 0.000000
104 0.000000
105 0.000000
106 0.000000
107 0.000000
108 0.000000
109 0.006284
110 0.004080
111 0.002836
112 0.004166
113 0.002086
114 0.001672
115 0.001593
116 0.000000
117 0.000000
118 0.000000
119 0.000000
120 0.000000
121 0.000020
122 0.000159
123 0.000536
124 0.001042
125 0.000472
126 0.000137
127 0.000004
128 0.000000
129 0.000000
130 0.000000
131 0.000000
132 0.000000
133 0.000001
134 0.000000
135 0.000000
136 0.000156
137 0.003306
138 0.002258
139 0.001704
140 0.007102
141 0.004374
142 0.001770
143 0.001518
144 0.000000
145 0.000000
146 0.000000
147 0.000000
148 0.000000
149 0.000000
150 0.000000
151 0.000001
152 0.000022
153 0.000003
154 0.000001
155 0.000000
156 0.000000
157 0.000000
158 0.000000
159 0.000000
160 0.000001
161 0.000001
162 0.000000
163 0.000000
164 0.003266
165 0.001773
166 0.001316
167 0.001045
168 0.012898
169 0.008244
170 0.005584
171 0.002171
172 0.000020
173 0.000000
174 0.000000
175 0.000000
176 0.000000
177 0.000000
178 0.000000
179 0.000000
180 0.000000
181 0.000000
182 0.000000
183 0.000000
184 0.000000
185 0.000000
186 0.000000
187 0.000001
188 0.000001
189 0.000000
190 0.000000
191 0.000001
192 0.001443
193 0.000961
194 0.000748
195 0.001050
196 0.010005
197 0.015583
198 0.009727
199 0.004911
200 0.000367
201 0.000001
202 0.000000
203 0.000000
204 0.000000
205 0.000001
206 0.000001
207 0.000000
208 0.000000
209 0.000000
210 0.000000
211 0.000000
212 0.000000
213 0.000000
214 0.000000
215 0.000001
216 0.000000
217 0.000000
218 0.000000
219 0.000028
220 0.000788
221 0.000707
222 0.000778
223 0.000919
224 0.010005
225 0.010005
226 0.013110
227 0.010540
228 0.005089
229 0.000027
230 0.000000
231 0.000000
232 0.000000
233 0.000000
234 0.000001
235 0.000001
236 0.000000
237 0.000000
238 0.000000
239 0.000000
240 0.000000
241 0.000000
242 0.000000
243 0.000000
244 0.000000
245 0.000000
246 0.000000
247 0.000025
248 0.000051
249 0.000078
250 0.000156
251 0.000249
252 0.005330
253 0.008347
254 0.010006
255 0.007399
256 0.002282
257 0.000002
258 0.000001
259 0.000000
260 0.000000
261 0.000000
262 0.000000
263 0.000001
264 0.000001
265 0.000001
266 0.000001
267 0.000000
268 0.000000
269 0.000000
270 0.000001
271 0.000000
272 0.000000
273 0.000000
274 0.000000
275 0.000004
276 0.000007
277 0.000013
278 0.000022
279 0.000041
280 0.004220
281 0.001416
282 0.001344
283 0.000869
284 0.000576
285 0.000001
286 0.000000
287 0.000001
288 0.000000
289 0.000000
290 0.000000
291 0.000000
292 0.000000
293 0.000001
294 0.000002
295 0.000005
296 0.000002
297 0.000005
298 0.000000
299 0.000000
300 0.000000
301 0.000000
302 0.000000
303 0.000004
304 0.000006
305 0.000009
306 0.000012
307 0.000016
308 0.001179
309 0.000606
310 0.000287
311 0.000145
312 0.000027
313 0.000001
314 0.000000
315 0.000001
316 0.000001
317 0.000000
318 0.000000
319 0.000000
320 0.000000
321 0.000000
322 0.000001
323 0.000025
324 0.999988
325 0.000017
326 0.000000
327 0.000000
328 0.000000
329 0.000000
330 0.000000
331 0.000001
332 0.000006
333 0.000009
334 0.000011
335 0.000020
336 0.001480
337 0.000760
338 0.000377
339 0.000317
340 0.000003
341 0.000000
342 0.000000
343 0.000002
344 0.000074
345 0.000003
346 0.000000
347 0.000000
348 0.000000
349 0.000000
350 0.000000
351 0.000053
352 0.001377
353 0.000048
354 0.000000
355 0.000000
356 0.000000
357 0.000000
358 0.000000
359 0.000000
360 0.000006
361 0.000008
362 0.000013
363 0.000016
364 0.001050
365 0.001500
366 0.001365
367 0.000458
368 0.000001
369 0.000000
370 0.000000
371 0.000017
372 0.999994
373 0.000042
374 0.000000
375 0.000000
376 0.000000
377 0.000000
378 0.000000
379 0.000003
380 0.000004
381 0.000004
382 0.000001
383 0.000000
384 0.000000
385 0.000000
386 0.000000
387 0.000000
388 0.000005
389 0.000011
390 0.000011
391 0.000016
392 0.000475
393 0.000486
394 0.000345
395 0.000172
396 0.000001
397 0.000001
398 0.000058
399 0.005295
400 0.000228
401 0.000008
402 0.000001
403 0.000000
404 0.000000
405 0.000000
406 0.000000
407 0.000000
408 0.000000
409 0.000000
410 0.000000
411 0.000000
412 0.000000
413 0.000000
414 0.000000
415 0.000000
416 0.000002
417 0.000031
418 0.000025
419 0.000018
420 0.000089
421 0.000132
422 0.000338
423 0.000018
424 0.000001
425 0.000011
426 0.002295
427 0.008983
428 0.000102
429 0.000005
430 0.000001
431 0.000001
432 0.000001
433 0.000000
434 0.000000
435 0.000000
436 0.000000
437 0.000000
438 0.000000
439 0.000000
440 0.000000
441 0.000000
442 0.000000
443 0.000000
444 0.000001
445 0.000092
446 0.000069
447 0.000048
448 0.000092
449 0.000110
450 0.000284
451 0.000002
452 0.000000
453 0.000011
454 0.999965
455 0.000864
456 0.000008
457 0.000002
458 0.000010
459 0.000016
460 0.000001
461 0.000001
462 0.000000
463 0.000000
464 0.000000
465 0.000000
466 0.000000
467 0.000000
468 0.000000
469 0.000000
470 0.000000
471 0.000000
472 0.000000
473 0.000052
474 0.000176
475 0.000177
476 0.000818
477 0.000811
478 0.000181
479 0.000000
480 0.000000
481 0.000024
482 0.000043
483 0.000001
484 0.000001
485 0.000005
486 0.000209
487 0.000039
488 0.000002
489 0.000000
490 0.000000
491 0.000000
492 0.000000
493 0.000000
494 0.000000
495 0.000000
496 0.000000
497 0.000000
498 0.000000
499 0.000000
500 0.000000
501 0.000013
502 0.000778
503 0.001673
504 0.008572
505 0.006795
506 0.000089
507 0.000000
508 0.000001
509 0.000050
510 0.000001
511 0.000000
512 0.000000
513 0.000001
514 0.000012
515 0.000011
516 0.000001
517 0.000000
518 0.000000
519 0.000000
520 0.000000
521 0.000000
522 0.000000
523 0.000000
524 0.000000
525 0.000000
526 0.000000
527 0.000000
528 0.000000
529 0.000015
530 0.003922
531 0.010011
532 0.010003
533 0.010003
534 0.000061
535 0.000003
536 0.000078
537 0.000005
538 0.000000
539 0.000000
540 0.000000
541 0.000000
542 0.000000
543 0.000001
544 0.000001
545 0.000000
546 0.000000
547 0.000000
548 0.000000
549 0.000000
550 0.000000
551 0.000000
552 0.000000
553 0.000000
554 0.000001
555 0.000001
556 0.000001
557 0.000081
558 0.006218
559 0.008163
560 0.010004
561 0.010009
562 0.000043
563 0.000017
564 0.000158
565 0.000003
566 0.000001
567 0.000001
568 0.000000
569 0.000000
570 0.000000
571 0.000000
572 0.000000
573 0.000000
574 0.000000
575 0.000000
576 0.000000
577 0.000000
578 0.000000
579 0.000000
580 0.000000
581 0.000000
582 0.000002
583 0.000005
584 0.000012
585 0.002002
586 0.003994
587 0.006075
588 0.010009
589 0.007307
590 0.000471
591 0.000271
592 0.000014
593 0.000001
594 0.000001
595 0.000001
596 0.000000
597 0.000000
598 0.000000
599 0.000000
600 0.000000
601 0.000000
602 0.000000
603 0.000000
604 0.000000
605 0.000000
606 0.000000
607 0.000001
608 0.000000
609 0.000000
610 0.000001
611 0.000009
612 0.000762
613 0.001120
614 0.002092
615 0.003532
616 0.007447
617 0.004045
618 0.001915
619 0.000603
620 0.000024
621 0.000001
622 0.000001
623 0.000000
624 0.000000
625 0.000000
626 0.000000
627 0.000000
628 0.000000
629 0.000000
630 0.000000
631 0.000000
632 0.000000
633 0.000000
634 0.000000
635 0.000001
636 0.000000
637 0.000001
638 0.000009
639 0.000508
640 0.000546
641 0.000881
642 0.000000
643 0.000000
644 0.004273
645 0.002413
646 0.002342
647 0.004041
648 0.002902
649 0.000019
650 0.000002
651 0.000001
652 0.000001
653 0.000002
654 0.000001
655 0.000003
656 0.000038
657 0.000318
658 0.000254
659 0.000009
660 0.000001
661 0.000000
662 0.000000
663 0.000000
664 0.000001
665 0.000015
666 0.000508
667 0.000624
668 0.000654
669 0.000000
670 0.000000
671 0.000000
672 0.000000
673 0.002485
674 0.004192
675 0.007392
676 0.009998
677 0.010000
678 0.000106
679 0.000055
680 0.000165
681 0.000376
682 0.000648
683 0.000232
684 0.000287
685 0.000411
686 0.000318
687 0.000195
688 0.000052
689 0.000088
690 0.000071
691 0.000033
692 0.000073
693 0.000484
694 0.000533
695 0.000654
696 0.000000
697 0.000000
698 0.000000
699 0.000000
700 0.000000
701 0.000000
702 0.007487
703 0.009998
704 0.010000
705 0.010002
706 0.010005
707 0.012662
708 0.007774
709 0.002951
710 0.000360
711 0.000249
712 0.000244
713 0.000528
714 0.000431
715 0.000392
716 0.000233
717 0.000289
718 0.000600
719 0.000395
720 0.000412
721 0.000508
722 0.000624
723 0.000000
724 0.000000
725 0.000000
726 0.000000
727 0.000000
728 0.000000
729 0.000000
730 0.000000
731 0.000000
732 0.010001
733 0.010004
734 0.010007
735 0.011031
736 0.004379
737 0.001767
738 0.000801
739 0.000320
740 0.000313
741 0.000471
742 0.000452
743 0.000431
744 0.000725
745 0.001099
746 0.001160
747 0.000555
748 0.000508
749 0.000624
750 0.000000
751 0.000000
752 0.000000
753 0.000000
754 0.000000
755 0.000000
756 0.000000
757 0.000000
758 0.000000
759 0.000000
760 0.000000
761 0.010006
762 0.013731
763 0.006051
764 0.002905
765 0.001050
766 0.001007
767 0.000412
768 0.000330
769 0.000394
770 0.000578
771 0.000552
772 0.001605
773 0.004091
774 0.001963
775 0.000836
776 0.000544
777 0.000000
778 0.000045
779 0.000030
780 0.000001
781 0.000000
782 0.000000
783 0.000000
