0 0.010008
1 0.006812
2 0.004012
3 0.002639
4 0.001946
5 0.001621
6 0.001456
7 0.001380
8 0.000368
9 0.000138
10 0.000201
11 0.000274
12 0.000304
13 0.000486
14 0.000671
15 0.000560
16 0.000196
17 0.000139
18 0.000474
19 0.002784
20 0.008058
21 0.009354
22 0.005850
23 0.003196
24 0.001937
25 0.001826
26 0.002041
27 0.002061
28 0.010010
29 0.010009
30 0.006631
31 0.003774
32 0.002129
33 0.001675
34 0.001380
35 0.000883
36 0.000130
37 0.000050
38 0.000088
39 0.000190
40 0.000263
41 0.000603
42 0.001753
43 0.001266
44 0.000258
45 0.000117
46 0.000222
47 0.001598
48 0.008753
49 0.005968
50 0.000004
51 0.000001
52 0.001814
53 0.001986
54 0.001721
55 0.001985
56 0.009228
57 0.010011
58 0.010010
59 0.006492
60 0.003525
61 0.001631
62 0.001309
63 0.000400
64 0.000066
65 0.000023
66 0.000048
67 0.000091
68 0.000270
69 0.000817
70 0.003053
71 0.002051
72 0.000569
73 0.000105
74 0.000129
75 0.000951
76 0.000019
77 0.000001
78 0.000001
79 0.000001
80 0.000001
81 0.001630
82 0.001841
83 0.001664
84 0.005593
85 0.008171
86 0.010012
87 0.010011
88 0.005425
89 0.002842
90 0.001406
91 0.000161
92 0.000026
93 0.000018
94 0.000019
95 0.000038
96 0.000204
97 0.001323
98 0.002875
99 0.004305
100 0.001129
101 0.000101
102 0.000001
103 0.000001
104 0.000001
105 0.000001
106 0.000001
107 0.000001
108 0.000007
109 0.001484
110 0.001524
111 0.002585
112 0.002819
113 0.004700
114 0.006897
115 0.010013
116 0.000001
117 0.000001
118 0.000001
119 0.000001
120 0.000001
121 0.000005
122 0.000014
123 0.000026
124 0.000201
125 0.001453
126 0.002916
127 0.000460
128 0.000016
129 0.000002
130 0.000001
131 0.000001
132 0.000001
133 0.000001
134 0.000001
135 0.000002
136 0.000161
137 0.001369
138 0.002380
139 0.004325
140 0.001905
141 0.002253
142 0.003729
143 0.005814
144 0.000001
145 0.000001
146 0.000001
147 0.000001
148 0.000001
149 0.000001
150 0.000001
151 0.000001
152 0.000002
153 0.000005
154 0.000016
155 0.000004
156 0.000005
157 0.000001
158 0.000001
159 0.000001
160 0.000001
161 0.000001
162 0.000002
163 0.000245
164 0.001401
165 0.002191
166 0.004087
167 0.006115
168 0.001536
169 0.001420
170 0.001690
171 0.002893
172 0.000001
173 0.000001
174 0.000002
175 0.000001
176 0.000001
177 0.000001
178 0.000001
179 0.000001
180 0.000001
181 0.000001
182 0.000001
183 0.000001
184 0.000001
185 0.000001
186 0.000001
187 0.000001
188 0.000001
189 0.000002
190 0.000008
191 0.000186
192 0.002374
193 0.003795
194 0.006743
195 0.008240
196 0.001380
197 0.001309
198 0.001087
199 0.001243
200 0.000016
201 0.000001
202 0.000001
203 0.000002
204 0.000002
205 0.000001
206 0.000001
207 0.000001
208 0.000001
209 0.000001
210 0.000001
211 0.000001
212 0.000001
213 0.000001
214 0.000001
215 0.000001
216 0.000001
217 0.000002
218 0.000059
219 0.000119
220 0.004429
221 0.008112
222 0.008361
223 0.006085
224 0.001309
225 0.001068
226 0.000955
227 0.000903
228 0.000761
229 0.000001
230 0.000001
231 0.000001
232 0.000002
233 0.000001
234 0.000001
235 0.000001
236 0.000002
237 0.000002
238 0.000001
239 0.000001
240 0.000001
241 0.000001
242 0.000001
243 0.000001
244 0.000001
245 0.000002
246 0.000003
247 0.000182
248 0.000593
249 0.000873
250 0.000899
251 0.000936
252 0.001241
253 0.000955
254 0.000903
255 0.000566
256 0.000159
257 0.000001
258 0.000001
259 0.000001
260 0.000002
261 0.000004
262 0.000005
263 0.000004
264 0.000004
265 0.000002
266 0.000002
267 0.000001
268 0.000001
269 0.000001
270 0.000001
271 0.000001
272 0.000002
273 0.000003
274 0.000001
275 0.000062
276 0.000066
277 0.000065
278 0.000069
279 0.000073
280 0.000955
281 0.000395
282 0.000241
283 0.000080
284 0.000044
285 0.000001
286 0.000001
287 0.000001
288 0.000001
289 0.000010
290 0.999973
291 0.000019
292 0.000002
293 0.000002
294 0.000002
295 0.000001
296 0.000001
297 0.000001
298 0.000001
299 0.000002
300 0.000004
301 0.000001
302 0.000001
303 0.000043
304 0.000029
305 0.000022
306 0.000019
307 0.000022
308 0.000295
309 0.000137
310 0.000060
311 0.000026
312 0.000006
313 0.000001
314 0.000001
315 0.000001
316 0.000001
317 0.000004
318 0.000066
319 0.000498
320 0.000009
321 0.000002
322 0.000001
323 0.000001
324 0.000001
325 0.000001
326 0.000003
327 0.000048
328 0.000010
329 0.000001
330 0.000001
331 0.000003
332 0.000015
333 0.000013
334 0.000016
335 0.000028
336 0.000131
337 0.000067
338 0.000063
339 0.000072
340 0.000005
341 0.000001
342 0.000001
343 0.000001
344 0.000001
345 0.000001
346 0.000003
347 0.000027
348 0.000310
349 0.000010
350 0.000001
351 0.000001
352 0.000001
353 0.000001
354 0.000008
355 0.999967
356 0.000121
357 0.000001
358 0.000001
359 0.000001
360 0.000015
361 0.000013
362 0.000020
363 0.000023
364 0.000283
365 0.000278
366 0.000254
367 0.000266
368 0.000003
369 0.000001
370 0.000001
371 0.000001
372 0.000001
373 0.000001
374 0.000001
375 0.000005
376 0.000035
377 0.000010
378 0.000002
379 0.000001
380 0.000001
381 0.000001
382 0.000006
383 0.000185
384 0.000264
385 0.000003
386 0.000001
387 0.000001
388 0.000016
389 0.000043
390 0.000028
391 0.000024
392 0.001677
393 0.001415
394 0.001390
395 0.000123
396 0.000001
397 0.000001
398 0.000001
399 0.000001
400 0.000001
401 0.000001
402 0.000001
403 0.000002
404 0.000003
405 0.000002
406 0.000002
407 0.000001
408 0.000001
409 0.000002
410 0.000003
411 0.000004
412 0.000006
413 0.000007
414 0.000001
415 0.000001
416 0.000007
417 0.000138
418 0.000104
419 0.000066
420 0.007965
421 0.008444
422 0.004557
423 0.000062
424 0.000001
425 0.000001
426 0.000001
427 0.000001
428 0.000001
429 0.000001
430 0.000002
431 0.000001
432 0.000001
433 0.000001
434 0.000002
435 0.000003
436 0.000004
437 0.000003
438 0.000002
439 0.000001
440 0.000002
441 0.000005
442 0.000002
443 0.000001
444 0.000002
445 0.000393
446 0.000323
447 0.000200
448 0.020498
449 0.017635
450 0.010618
451 0.000030
452 0.000001
453 0.000001
454 0.000002
455 0.000006
456 0.000003
457 0.000003
458 0.000001
459 0.000001
460 0.000001
461 0.000001
462 0.000001
463 0.000002
464 0.000004
465 0.000004
466 0.000002
467 0.000001
468 0.000001
469 0.000001
470 0.000002
471 0.000001
472 0.000001
473 0.000084
474 0.000406
475 0.000642
476 0.018652
477 0.016855
478 0.002632
479 0.000005
480 0.000001
481 0.000002
482 0.000034
483 0.000617
484 0.000027
485 0.000003
486 0.000001
487 0.000001
488 0.000001
489 0.000001
490 0.000001
491 0.000001
492 0.000002
493 0.000003
494 0.000002
495 0.000001
496 0.000001
497 0.000001
498 0.000001
499 0.000001
500 0.000001
501 0.000005
502 0.000833
503 0.002644
504 0.007739
505 0.006768
506 0.000186
507 0.000001
508 0.000001
509 0.000016
510 0.001140
511 0.999959
512 0.000029
513 0.000002
514 0.000001
515 0.000001
516 0.000001
517 0.000001
518 0.000001
519 0.000001
520 0.000001
521 0.000002
522 0.000001
523 0.000001
524 0.000001
525 0.000001
526 0.000001
527 0.000001
528 0.000001
529 0.000003
530 0.001309
531 0.004949
532 0.003711
533 0.002179
534 0.000020
535 0.000001
536 0.000004
537 0.000346
538 0.007500
539 0.000195
540 0.000006
541 0.000001
542 0.000001
543 0.000001
544 0.000001
545 0.000001
546 0.000001
547 0.000001
548 0.000001
549 0.000001
550 0.000001
551 0.000001
552 0.000001
553 0.000001
554 0.000001
555 0.000002
556 0.000002
557 0.000008
558 0.001182
559 0.002075
560 0.002079
561 0.001746
562 0.000031
563 0.000002
564 0.000038
565 0.001898
566 0.000187
567 0.000008
568 0.000001
569 0.000001
570 0.000001
571 0.000001
572 0.000001
573 0.000001
574 0.000001
575 0.000001
576 0.000001
577 0.000001
578 0.000001
579 0.000001
580 0.000001
581 0.000002
582 0.000002
583 0.000006
584 0.000014
585 0.001530
586 0.000792
587 0.001091
588 0.002031
589 0.002951
590 0.000416
591 0.000032
592 0.000626
593 0.000222
594 0.000007
595 0.000001
596 0.000001
597 0.000001
598 0.000001
599 0.000001
600 0.000001
601 0.000001
602 0.000001
603 0.000001
604 0.000002
605 0.000001
606 0.000001
607 0.000001
608 0.000001
609 0.000002
610 0.000004
611 0.000091
612 0.006694
613 0.003141
614 0.001863
615 0.001157
616 0.003316
617 0.005335
618 0.008426
619 0.003571
620 0.000825
621 0.000015
622 0.000001
623 0.000001
624 0.000001
625 0.000001
626 0.000001
627 0.000001
628 0.000001
629 0.000001
630 0.000001
631 0.000002
632 0.000003
633 0.000002
634 0.000001
635 0.000002
636 0.000002
637 0.000005
638 0.000141
639 0.010017
640 0.010009
641 0.008230
642 0.000001
643 0.000001
644 0.005283
645 0.008142
646 0.010010
647 0.006970
648 0.002374
649 0.000012
650 0.000002
651 0.000001
652 0.000001
653 0.000001
654 0.000001
655 0.000001
656 0.000006
657 0.000099
658 0.000111
659 0.000025
660 0.000007
661 0.000004
662 0.000003
663 0.000003
664 0.000005
665 0.000217
666 0.010025
667 0.010021
668 0.010016
669 0.000001
670 0.000001
671 0.000001
672 0.000001
673 0.010010
674 0.007909
675 0.004388
676 0.002696
677 0.001639
678 0.000031
679 0.000017
680 0.000034
681 0.000134
682 0.000322
683 0.000112
684 0.000085
685 0.000133
686 0.000149
687 0.000157
688 0.000106
689 0.000238
690 0.000141
691 0.000161
692 0.000790
693 0.008314
694 0.010022
695 0.010023
696 0.000001
697 0.000001
698 0.000001
699 0.000001
700 0.000001
701 0.000001
702 0.005053
703 0.003164
704 0.001968
705 0.001898
706 0.001635
707 0.001578
708 0.001470
709 0.001253
710 0.001246
711 0.000437
712 0.000164
713 0.000117
714 0.000189
715 0.000237
716 0.000099
717 0.000140
718 0.000612
719 0.001202
720 0.002741
721 0.005582
722 0.009101
723 0.000001
724 0.000001
725 0.000001
726 0.000001
727 0.000001
728 0.000001
729 0.000001
730 0.000001
731 0.000001
732 0.002029
733 0.001963
734 0.001694
735 0.001635
736 0.001578
737 0.002191
738 0.004483
739 0.001542
740 0.000309
741 0.000157
742 0.000199
743 0.000156
744 0.000127
745 0.000141
746 0.000430
747 0.000778
748 0.001572
749 0.003682
750 0.000001
751 0.000001
752 0.000001
753 0.000001
754 0.000001
755 0.000001
756 0.000001
757 0.000001
758 0.000001
759 0.000001
760 0.000001
761 0.002029
762 0.001963
763 0.001694
764 0.001836
765 0.003663
766 0.007703
767 0.003166
768 0.000588
769 0.000199
770 0.000228
771 0.000126
772 0.000134
773 0.000270
774 0.000365
775 0.000486
776 0.000824
777 0.000003
778 0.001068
779 0.001341
780 0.000124
781 0.000002
782 0.000001
783 0.000001
