0 0.001184
1 0.001042
2 0.000796
3 0.000898
4 0.000679
5 0.000509
6 0.000431
7 0.000397
8 0.000040
9 0.000005
10 0.000004
11 0.000003
12 0.000004
13 0.000003
14 0.000003
15 0.000003
16 0.000003
17 0.000002
18 0.000008
19 0.000083
20 0.000351
21 0.000375
22 0.000497
23 0.000529
24 0.000458
25 0.000630
26 0.001204
27 0.001835
28 0.001662
29 0.001020
30 0.000735
31 0.000679
32 0.000627
33 0.000536
34 0.000397
35 0.000211
36 0.000011
37 0.000003
38 0.000003
39 0.000003
40 0.000003
41 0.000003
42 0.000003
43 0.000003
44 0.000002
45 0.000002
46 0.000003
47 0.000029
48 0.000263
49 0.000351
50 0.000001
51 0.000001
52 0.000561
53 0.001113
54 0.001604
55 0.003125
56 0.003368
57 0.001593
58 0.000916
59 0.000628
60 0.000536
61 0.000397
62 0.000366
63 0.000057
64 0.000005
65 0.000002
66 0.000003
67 0.000002
68 0.000002
69 0.000002
70 0.000002
71 0.000002
72 0.000002
73 0.000002
74 0.000002
75 0.000008
76 0.000002
77 0.000001
78 0.000002
79 0.000001
80 0.000001
81 0.001531
82 0.003125
83 0.002911
84 0.009154
85 0.003295
86 0.001479
87 0.000660
88 0.000397
89 0.000366
90 0.000311
91 0.000015
92 0.000003
93 0.000002
94 0.000002
95 0.000002
96 0.000002
97 0.000002
98 0.000002
99 0.000002
100 0.000002
101 0.000002
102 0.000001
103 0.000001
104 0.000001
105 0.000001
106 0.000001
107 0.000001
108 0.000002
109 0.002862
110 0.002911
111 0.004557
112 0.012826
113 0.010611
114 0.003504
115 0.001406
116 0.000001
117 0.000001
118 0.000001
119 0.000001
120 0.000001
121 0.000002
122 0.000002
123 0.000002
124 0.000002
125 0.000002
126 0.000002
127 0.000002
128 0.000001
129 0.000001
130 0.000001
131 0.000001
132 0.000001
133 0.000002
134 0.000002
135 0.000002
136 0.000006
137 0.002824
138 0.004958
139 0.010434
140 0.012925
141 0.012502
142 0.012742
143 0.005041
144 0.000001
145 0.000001
146 0.000001
147 0.000001
148 0.000001
149 0.000001
150 0.000001
151 0.000001
152 0.000001
153 0.000001
154 0.000001
155 0.000001
156 0.000001
157 0.000001
158 0.000001
159 0.000001
160 0.000002
161 0.000002
162 0.000002
163 0.000001
164 0.003095
165 0.005391
166 0.011548
167 0.014458
168 0.008162
169 0.012451
170 0.012513
171 0.011387
172 0.000001
173 0.000002
174 0.000002
175 0.000001
176 0.000001
177 0.000001
178 0.000001
179 0.000001
180 0.000001
181 0.000001
182 0.000001
183 0.000001
184 0.000001
185 0.000001
186 0.000001
187 0.000001
188 0.000002
189 0.000002
190 0.000002
191 0.000002
192 0.007221
193 0.012111
194 0.012775
195 0.009716
196 0.005937
197 0.007190
198 0.011162
199 0.012068
200 0.000005
201 0.000002
202 0.000002
203 0.000001
204 0.000001
205 0.000001
206 0.000001
207 0.000001
208 0.000001
209 0.000001
210 0.000001
211 0.000001
212 0.000001
213 0.000001
214 0.000001
215 0.000002
216 0.000002
217 0.000002
218 0.000001
219 0.000011
220 0.014557
221 0.013672
222 0.007276
223 0.002090
224 0.004446
225 0.005550
226 0.006277
227 0.010015
228 0.011613
229 0.000001
230 0.000002
231 0.000003
232 0.000001
233 0.000001
234 0.000001
235 0.000001
236 0.000001
237 0.000001
238 0.000001
239 0.000001
240 0.000001
241 0.000001
242 0.000002
243 0.000002
244 0.000002
245 0.000001
246 0.000002
247 0.000044
248 0.000113
249 0.000081
250 0.000056
251 0.000061
252 0.001408
253 0.002537
254 0.005432
255 0.002658
256 0.000382
257 0.000002
258 0.000002
259 0.000003
260 0.000003
261 0.000001
262 0.000001
263 0.000001
264 0.000001
265 0.000001
266 0.000001
267 0.000001
268 0.000001
269 0.000001
270 0.000002
271 0.000002
272 0.000001
273 0.000001
274 0.000002
275 0.000004
276 0.000003
277 0.000002
278 0.000003
279 0.000003
280 0.000339
281 0.000122
282 0.000086
283 0.000030
284 0.000015
285 0.000002
286 0.000001
287 0.000002
288 0.000003
289 0.000003
290 0.000001
291 0.000001
292 0.000001
293 0.000001
294 0.000001
295 0.000001
296 0.000001
297 0.000002
298 0.000002
299 0.000002
300 0.000001
301 0.000001
302 0.000002
303 0.000002
304 0.000002
305 0.000002
306 0.000002
307 0.000002
308 0.000015
309 0.000005
310 0.000003
311 0.000003
312 0.000002
313 0.000002
314 0.000001
315 0.000001
316 0.000003
317 0.000005
318 0.000002
319 0.000002
320 0.000001
321 0.000001
322 0.000001
323 0.000001
324 0.000002
325 0.000003
326 0.000002
327 0.000001
328 0.000001
329 0.000001
330 0.000001
331 0.000002
332 0.000002
333 0.000002
334 0.000002
335 0.000002
336 0.000003
337 0.000002
338 0.000002
339 0.000002
340 0.000002
341 0.000002
342 0.000001
343 0.000001
344 0.000002
345 0.000004
346 0.000007
347 0.000003
348 0.000002
349 0.000001
350 0.000001
351 0.000002
352 0.000003
353 0.000003
354 0.000002
355 0.000001
356 0.000001
357 0.000001
358 0.000001
359 0.000001
360 0.000002
361 0.000002
362 0.000002
363 0.000002
364 0.000003
365 0.000003
366 0.000002
367 0.000002
368 0.000002
369 0.000001
370 0.000001
371 0.000001
372 0.000001
373 0.000003
374 0.000006
375 0.000007
376 0.000003
377 0.000003
378 0.000002
379 0.000004
380 0.000004
381 0.000003
382 0.000001
383 0.000001
384 0.000001
385 0.000001
386 0.000001
387 0.000001
388 0.000002
389 0.000002
390 0.000002
391 0.000002
392 0.000002
393 0.000002
394 0.000002
395 0.000002
396 0.000001
397 0.000001
398 0.000001
399 0.000001
400 0.000001
401 0.000002
402 0.000004
403 0.000012
404 0.000012
405 0.000011
406 0.000020
407 0.000008
408 0.000004
409 0.000002
410 0.000001
411 0.000001
412 0.000001
413 0.000001
414 0.000001
415 0.000001
416 0.000002
417 0.000002
418 0.000002
419 0.000002
420 0.000002
421 0.000002
422 0.000002
423 0.000002
424 0.000001
425 0.000001
426 0.000001
427 0.000001
428 0.000001
429 0.000001
430 0.000003
431 0.000011
432 0.000135
433 0.999925
434 0.000165
435 0.000020
436 0.000003
437 0.000001
438 0.000001
439 0.000001
440 0.000001
441 0.000001
442 0.000001
443 0.000001
444 0.000001
445 0.000002
446 0.000002
447 0.000002
448 0.000003
449 0.000002
450 0.000002
451 0.000002
452 0.000001
453 0.000001
454 0.000001
455 0.000001
456 0.000001
457 0.000001
458 0.000002
459 0.000010
460 0.000316
461 0.999816
462 0.000178
463 0.000013
464 0.000003
465 0.000002
466 0.000001
467 0.000001
468 0.000001
469 0.000001
470 0.000001
471 0.000001
472 0.000001
473 0.000002
474 0.000002
475 0.000002
476 0.000008
477 0.000004
478 0.000002
479 0.000001
480 0.000001
481 0.000001
482 0.000001
483 0.000001
484 0.000001
485 0.000002
486 0.000003
487 0.000006
488 0.000012
489 0.000016
490 0.000008
491 0.000006
492 0.000004
493 0.000002
494 0.000002
495 0.000001
496 0.000001
497 0.000001
498 0.000001
499 0.000001
500 0.000001
501 0.000002
502 0.000003
503 0.000005
504 0.000117
505 0.000036
506 0.000002
507 0.000001
508 0.000001
509 0.000001
510 0.000001
511 0.000001
512 0.000002
513 0.000003
514 0.000003
515 0.000003
516 0.000004
517 0.000003
518 0.000003
519 0.000003
520 0.000003
521 0.000003
522 0.000002
523 0.000002
524 0.000001
525 0.000001
526 0.000001
527 0.000001
528 0.000001
529 0.000002
530 0.000012
531 0.000040
532 0.000107
533 0.000093
534 0.000002
535 0.000001
536 0.000001
537 0.000001
538 0.000002
539 0.000002
540 0.000003
541 0.000003
542 0.000002
543 0.000002
544 0.000002
545 0.000002
546 0.000002
547 0.000002
548 0.000002
549 0.000002
550 0.000003
551 0.000002
552 0.000002
553 0.000001
554 0.000001
555 0.000001
556 0.000001
557 0.000002
558 0.000040
559 0.000043
560 0.000145
561 0.000135
562 0.000002
563 0.000001
564 0.000001
565 0.000002
566 0.000003
567 0.000004
568 0.000003
569 0.000002
570 0.000002
571 0.000002
572 0.000001
573 0.000001
574 0.000002
575 0.000002
576 0.000002
577 0.000002
578 0.000002
579 0.000003
580 0.000003
581 0.000002
582 0.000001
583 0.000001
584 0.000002
585 0.000040
586 0.000043
587 0.000059
588 0.000196
589 0.000145
590 0.000005
591 0.000002
592 0.000002
593 0.000002
594 0.000004
595 0.000004
596 0.000003
597 0.000002
598 0.000002
599 0.000001
600 0.000001
601 0.000001
602 0.000001
603 0.000002
604 0.000002
605 0.000002
606 0.000002
607 0.000002
608 0.000003
609 0.000002
610 0.000002
611 0.000002
612 0.000037
613 0.000040
614 0.000055
615 0.000059
616 0.000225
617 0.000196
618 0.000145
619 0.000007
620 0.000002
621 0.000003
622 0.000003
623 0.000002
624 0.000002
625 0.000002
626 0.000002
627 0.000001
628 0.000001
629 0.000001
630 0.000001
631 0.000002
632 0.000002
633 0.000002
634 0.000002
635 0.000002
636 0.000002
637 0.000002
638 0.000002
639 0.000063
640 0.000040
641 0.000055
642 0.000001
643 0.000001
644 0.000241
645 0.000225
646 0.000210
647 0.000249
648 0.000152
649 0.000003
650 0.000002
651 0.000002
652 0.000002
653 0.000002
654 0.000002
655 0.000002
656 0.000002
657 0.000002
658 0.000002
659 0.000002
660 0.000002
661 0.000002
662 0.000002
663 0.000002
664 0.000002
665 0.000013
666 0.001018
667 0.000285
668 0.000095
669 0.000001
670 0.000001
671 0.000001
672 0.000001
673 0.000241
674 0.000284
675 0.000719
676 0.002810
677 0.009986
678 0.000036
679 0.000020
680 0.000042
681 0.000047
682 0.000012
683 0.000002
684 0.000002
685 0.000002
686 0.000002
687 0.000002
688 0.000002
689 0.000015
690 0.000363
691 0.000136
692 0.000530
693 0.009991
694 0.004531
695 0.001096
696 0.000001
697 0.000001
698 0.000001
699 0.000001
700 0.000001
701 0.000001
702 0.000795
703 0.002220
704 0.009987
705 0.009997
706 0.010003
707 0.010074
708 0.003021
709 0.000476
710 0.000019
711 0.000002
712 0.000002
713 0.000002
714 0.000002
715 0.000002
716 0.000002
717 0.000013
718 0.002163
719 0.013191
720 0.010035
721 0.010003
722 0.009991
723 0.000001
724 0.000001
725 0.000001
726 0.000001
727 0.000001
728 0.000001
729 0.000001
730 0.000001
731 0.000001
732 0.009995
733 0.010003
734 0.010061
735 0.006118
736 0.000967
737 0.000186
738 0.000087
739 0.000004
740 0.000002
741 0.000002
742 0.000002
743 0.000002
744 0.000002
745 0.000015
746 0.000555
747 0.004917
748 0.010060
749 0.010007
750 0.000002
751 0.000002
752 0.000002
753 0.000002
754 0.000001
755 0.000001
756 0.000001
757 0.000001
758 0.000002
759 0.000002
760 0.000001
761 0.010020
762 0.010068
763 0.001852
764 0.000450
765 0.000136
766 0.000126
767 0.000015
768 0.000002
769 0.000002
770 0.000002
771 0.000002
772 0.000003
773 0.000017
774 0.000213
775 0.001204
776 0.007555
777 0.000002
778 0.000069
779 0.000034
780 0.000002
781 0.000001
782 0.000002
783 0.000001
