0 0.004015
1 0.002843
2 0.002226
3 0.002398
4 0.002016
5 0.001685
6 0.001517
7 0.001440
8 0.000176
9 0.000019
10 0.000013
11 0.000011
12 0.000014
13 0.000033
14 0.000086
15 0.000155
16 0.000362
17 0.000407
18 0.000659
19 0.000206
20 0.000467
21 0.000498
22 0.000651
23 0.000690
24 0.000601
25 0.000641
26 0.000826
27 0.000877
28 0.004833
29 0.003815
30 0.002518
31 0.002016
32 0.001920
33 0.001741
34 0.001440
35 0.000802
36 0.000051
37 0.000008
38 0.000007
39 0.000008
40 0.000008
41 0.000019
42 0.000045
43 0.000116
44 0.000120
45 0.000842
46 0.000587
47 0.000178
48 0.000355
49 0.000467
50 0.000000
51 0.000000
52 0.000564
53 0.000733
54 0.000641
55 0.001391
56 0.007134
57 0.004709
58 0.003492
59 0.002318
60 0.001741
61 0.001440
62 0.001367
63 0.000250
64 0.000020
65 0.000005
66 0.000006
67 0.000005
68 0.000005
69 0.000006
70 0.000017
71 0.000055
72 0.000112
73 0.000551
74 0.000499
75 0.000348
76 0.000001
77 0.000000
78 0.000000
79 0.000000
80 0.000000
81 0.000565
82 0.001267
83 0.002264
84 0.010328
85 0.007487
86 0.004424
87 0.002805
88 0.001785
89 0.001367
90 0.001232
91 0.000071
92 0.000006
93 0.000004
94 0.000004
95 0.000004
96 0.000004
97 0.000005
98 0.000007
99 0.000020
100 0.000098
101 0.000052
102 0.000003
103 0.000000
104 0.000000
105 0.000000
106 0.000000
107 0.000000
108 0.000060
109 0.001131
110 0.002122
111 0.004968
112 0.012723
113 0.010878
114 0.007847
115 0.004281
116 0.000000
117 0.000000
118 0.000000
119 0.000000
120 0.000000
121 0.000001
122 0.000003
123 0.000003
124 0.000003
125 0.000003
126 0.000003
127 0.000001
128 0.000000
129 0.000000
130 0.000000
131 0.000000
132 0.000000
133 0.000000
134 0.000000
135 0.000001
136 0.000788
137 0.001948
138 0.004748
139 0.008491
140 0.010613
141 0.012249
142 0.011346
143 0.008647
144 0.000000
145 0.000000
146 0.000000
147 0.000000
148 0.000000
149 0.000000
150 0.000000
151 0.000000
152 0.000000
153 0.000000
154 0.000000
155 0.000000
156 0.000000
157 0.000000
158 0.000000
159 0.000000
160 0.000000
161 0.000000
162 0.000001
163 0.000675
164 0.002264
165 0.004538
166 0.008294
167 0.007889
168 0.005509
169 0.010201
170 0.012242
171 0.012051
172 0.000000
173 0.000000
174 0.000000
175 0.000000
176 0.000000
177 0.000000
178 0.000000
179 0.000000
180 0.000000
181 0.000000
182 0.000000
183 0.000000
184 0.000000
185 0.000000
186 0.000000
187 0.000000
188 0.000000
189 0.000000
190 0.000147
191 0.001733
192 0.005947
193 0.008102
194 0.006834
195 0.005852
196 0.002959
197 0.004402
198 0.008680
199 0.011777
200 0.000008
201 0.000000
202 0.000000
203 0.000000
204 0.000000
205 0.000000
206 0.000000
207 0.000000
208 0.000000
209 0.000000
210 0.000000
211 0.000000
212 0.000000
213 0.000000
214 0.000000
215 0.000000
216 0.000000
217 0.000001
218 0.000127
219 0.001355
220 0.008647
221 0.006858
222 0.005373
223 0.004139
224 0.001645
225 0.002144
226 0.002975
227 0.006883
228 0.010985
229 0.000000
230 0.000000
231 0.000000
232 0.000000
233 0.000000
234 0.000000
235 0.000000
236 0.000000
237 0.000000
238 0.000000
239 0.000000
240 0.000000
241 0.000000
242 0.000000
243 0.000000
244 0.000001
245 0.000003
246 0.000004
247 0.000047
248 0.000102
249 0.000170
250 0.000313
251 0.000763
252 0.001298
253 0.001112
254 0.001507
255 0.001656
256 0.001014
257 0.000000
258 0.000000
259 0.000000
260 0.000000
261 0.000000
262 0.000000
263 0.000000
264 0.000000
265 0.000000
266 0.000000
267 0.000000
268 0.000000
269 0.000000
270 0.000000
271 0.000001
272 0.000190
273 0.000177
274 0.000031
275 0.000046
276 0.000029
277 0.000012
278 0.000031
279 0.000068
280 0.001003
281 0.000396
282 0.000229
283 0.000133
284 0.000157
285 0.000000
286 0.000000
287 0.000000
288 0.000000
289 0.000000
290 0.000000
291 0.000000
292 0.000000
293 0.000000
294 0.000000
295 0.000000
296 0.000000
297 0.000000
298 0.000000
299 0.000005
300 0.999990
301 0.011246
302 0.001218
303 0.001148
304 0.000471
305 0.000354
306 0.000182
307 0.000125
308 0.000255
309 0.000156
310 0.000084
311 0.000043
312 0.000003
313 0.000000
314 0.000000
315 0.000000
316 0.000000
317 0.000000
318 0.000000
319 0.000000
320 0.000000
321 0.000000
322 0.000000
323 0.000000
324 0.000000
325 0.000000
326 0.000000
327 0.000001
328 0.000108
329 0.002747
330 0.002268
331 0.001238
332 0.015477
333 0.004796
334 0.002252
335 0.000892
336 0.000156
337 0.000097
338 0.000066
339 0.000037
340 0.000000
341 0.000000
342 0.000000
343 0.000000
344 0.000000
345 0.000000
346 0.000000
347 0.000000
348 0.000000
349 0.000000
350 0.000000
351 0.000000
352 0.000000
353 0.000000
354 0.000000
355 0.000001
356 0.000002
357 0.000262
358 0.000132
359 0.000324
360 0.003380
361 0.005616
362 0.002362
363 0.002495
364 0.000150
365 0.000123
366 0.000058
367 0.000022
368 0.000000
369 0.000000
370 0.000000
371 0.000000
372 0.000000
373 0.000000
374 0.000000
375 0.000000
376 0.000000
377 0.000000
378 0.000000
379 0.000000
380 0.000000
381 0.000000
382 0.000000
383 0.000001
384 0.000001
385 0.000003
386 0.000013
387 0.000017
388 0.000034
389 0.000192
390 0.000314
391 0.000421
392 0.000086
393 0.000045
394 0.000023
395 0.000001
396 0.000000
397 0.000000
398 0.000000
399 0.000000
400 0.000000
401 0.000000
402 0.000000
403 0.000000
404 0.000000
405 0.000001
406 0.000001
407 0.000000
408 0.000000
409 0.000000
410 0.000001
411 0.000001
412 0.000001
413 0.000001
414 0.000003
415 0.000001
416 0.000001
417 0.000006
418 0.000010
419 0.000019
420 0.000041
421 0.000024
422 0.000019
423 0.000000
424 0.000000
425 0.000000
426 0.000000
427 0.000000
428 0.000000
429 0.000000
430 0.000000
431 0.000000
432 0.000000
433 0.000001
434 0.000053
435 0.000011
436 0.000002
437 0.000001
438 0.000001
439 0.000001
440 0.000000
441 0.000000
442 0.000000
443 0.000000
444 0.000000
445 0.000001
446 0.000001
447 0.000004
448 0.000053
449 0.000025
450 0.000016
451 0.000000
452 0.000000
453 0.000000
454 0.000000
455 0.000000
456 0.000000
457 0.000000
458 0.000000
459 0.000000
460 0.000000
461 0.000001
462 0.000035
463 0.975157
464 0.000053
465 0.000003
466 0.000001
467 0.000000
468 0.000000
469 0.000000
470 0.000000
471 0.000000
472 0.000000
473 0.000000
474 0.000001
475 0.000001
476 0.000206
477 0.000095
478 0.000008
479 0.000000
480 0.000000
481 0.000000
482 0.000000
483 0.000000
484 0.000000
485 0.000000
486 0.000000
487 0.000000
488 0.000000
489 0.000001
490 0.000002
491 0.000105
492 0.999945
493 0.000021
494 0.000001
495 0.000000
496 0.000000
497 0.000000
498 0.000000
499 0.000000
500 0.000000
501 0.000000
502 0.000003
503 0.000008
504 0.001207
505 0.000579
506 0.000003
507 0.000000
508 0.000000
509 0.000000
510 0.000000
511 0.000000
512 0.000000
513 0.000000
514 0.000000
515 0.000000
516 0.000000
517 0.000001
518 0.000001
519 0.000001
520 0.000002
521 0.000015
522 0.000001
523 0.000001
524 0.000000
525 0.000000
526 0.000000
527 0.000000
528 0.000000
529 0.000000
530 0.000022
531 0.000077
532 0.001146
533 0.001055
534 0.000003
535 0.000000
536 0.000000
537 0.000000
538 0.000000
539 0.000000
540 0.000000
541 0.000000
542 0.000000
543 0.000000
544 0.000000
545 0.000000
546 0.000000
547 0.000000
548 0.000000
549 0.000001
550 0.000001
551 0.000001
552 0.000000
553 0.000000
554 0.000000
555 0.000000
556 0.000001
557 0.000001
558 0.000077
559 0.000082
560 0.001357
561 0.001305
562 0.000003
563 0.000000
564 0.000000
565 0.000000
566 0.000000
567 0.000000
568 0.000000
569 0.000000
570 0.000000
571 0.000000
572 0.000000
573 0.000000
574 0.000000
575 0.000000
576 0.000000
577 0.000000
578 0.000000
579 0.000001
580 0.000002
581 0.000001
582 0.000000
583 0.000000
584 0.000001
585 0.000077
586 0.000082
587 0.000113
588 0.001600
589 0.001357
590 0.000034
591 0.000000
592 0.000000
593 0.000000
594 0.000000
595 0.000001
596 0.000001
597 0.000000
598 0.000000
599 0.000000
600 0.000000
601 0.000000
602 0.000000
603 0.000000
604 0.000000
605 0.000000
606 0.000000
607 0.000001
608 0.000012
609 0.000017
610 0.000005
611 0.000003
612 0.000091
613 0.000077
614 0.000105
615 0.000113
616 0.001722
617 0.001600
618 0.001357
619 0.000061
620 0.000001
621 0.000000
622 0.000001
623 0.000001
624 0.000000
625 0.000000
626 0.000000
627 0.000000
628 0.000000
629 0.000000
630 0.000000
631 0.000000
632 0.000000
633 0.000000
634 0.000000
635 0.000000
636 0.000002
637 0.000016
638 0.000042
639 0.000798
640 0.000274
641 0.000135
642 0.000000
643 0.000000
644 0.001787
645 0.001722
646 0.001660
647 0.001411
648 0.000389
649 0.000001
650 0.000000
651 0.000000
652 0.000000
653 0.000000
654 0.000000
655 0.000000
656 0.000001
657 0.000009
658 0.000011
659 0.000001
660 0.000000
661 0.000000
662 0.000000
663 0.000000
664 0.000002
665 0.000233
666 0.010002
667 0.003758
668 0.001153
669 0.000000
670 0.000000
671 0.000000
672 0.000000
673 0.001787
674 0.001722
675 0.001468
676 0.001600
677 0.001357
678 0.000005
679 0.000003
680 0.000018
681 0.000312
682 0.000883
683 0.000045
684 0.000009
685 0.000014
686 0.000016
687 0.000017
688 0.000019
689 0.000033
690 0.000006
691 0.000012
692 0.000125
693 0.003604
694 0.010001
695 0.010002
696 0.000000
697 0.000000
698 0.000000
699 0.000000
700 0.000000
701 0.000000
702 0.001787
703 0.001722
704 0.001660
705 0.001600
706 0.001357
707 0.002832
708 0.005444
709 0.010091
710 0.003045
711 0.000175
712 0.000018
713 0.000011
714 0.000022
715 0.000026
716 0.000026
717 0.000028
718 0.000044
719 0.000061
720 0.000243
721 0.001063
722 0.005132
723 0.000000
724 0.000000
725 0.000000
726 0.000000
727 0.000000
728 0.000000
729 0.000000
730 0.000000
731 0.000000
732 0.001722
733 0.001660
734 0.002313
735 0.004292
736 0.010014
737 0.010201
738 0.010323
739 0.000493
740 0.000045
741 0.000017
742 0.000024
743 0.000028
744 0.000036
745 0.000039
746 0.000048
747 0.000066
748 0.000117
749 0.000469
750 0.000000
751 0.000000
752 0.000000
753 0.000000
754 0.000000
755 0.000000
756 0.000000
757 0.000000
758 0.000000
759 0.000000
760 0.000000
761 0.002184
762 0.003921
763 0.007513
764 0.010107
765 0.010299
766 0.010000
767 0.001529
768 0.000113
769 0.000024
770 0.000026
771 0.000031
772 0.000039
773 0.000054
774 0.000048
775 0.000056
776 0.000077
777 0.000000
778 0.000029
779 0.000054
780 0.000001
781 0.000000
782 0.000000
783 0.000000
