0 0.004536
1 0.003747
2 0.003888
3 0.005331
4 0.006770
5 0.008802
6 0.008802
7 0.007929
8 0.001146
9 0.000124
10 0.000066
11 0.000061
12 0.000066
13 0.000068
14 0.000081
15 0.000181
16 0.000365
17 0.000405
18 0.000845
19 0.001937
20 0.003823
21 0.004552
22 0.005109
23 0.005715
24 0.006021
25 0.006553
26 0.006768
27 0.006168
28 0.005855
29 0.004471
30 0.003195
31 0.003656
32 0.005085
33 0.007435
34 0.008803
35 0.005880
36 0.000727
37 0.000095
38 0.000053
39 0.000045
40 0.000048
41 0.000059
42 0.000054
43 0.000100
44 0.000206
45 0.000573
46 0.001220
47 0.002882
48 0.004288
49 0.004813
50 0.000002
51 0.000000
52 0.006553
53 0.006768
54 0.005526
55 0.004444
56 0.008492
57 0.005877
58 0.004388
59 0.002970
60 0.003410
61 0.004870
62 0.007269
63 0.002738
64 0.000448
65 0.000102
66 0.000076
67 0.000037
68 0.000030
69 0.000035
70 0.000036
71 0.000051
72 0.000160
73 0.000766
74 0.001621
75 0.003384
76 0.000016
77 0.000000
78 0.000000
79 0.000000
80 0.000000
81 0.005441
82 0.004277
83 0.003458
84 0.010003
85 0.008699
86 0.005819
87 0.003738
88 0.002398
89 0.003179
90 0.004687
91 0.001022
92 0.000206
93 0.000137
94 0.000076
95 0.000043
96 0.000024
97 0.000032
98 0.000029
99 0.000032
100 0.000132
101 0.000352
102 0.000013
103 0.000000
104 0.000000
105 0.000000
106 0.000000
107 0.000001
108 0.000112
109 0.003518
110 0.003302
111 0.003640
112 0.010004
113 0.010004
114 0.008757
115 0.005595
116 0.000000
117 0.000000
118 0.000000
119 0.000001
120 0.000001
121 0.000045
122 0.000119
123 0.000063
124 0.000037
125 0.000021
126 0.000025
127 0.000005
128 0.000001
129 0.000000
130 0.000000
131 0.000000
132 0.000000
133 0.000000
134 0.000005
135 0.000076
136 0.003389
137 0.003176
138 0.003448
139 0.005589
140 0.010005
141 0.010005
142 0.010005
143 0.009807
144 0.000000
145 0.000000
146 0.000000
147 0.000000
148 0.000000
149 0.000000
150 0.000000
151 0.000000
152 0.000001
153 0.000000
154 0.000000
155 0.000000
156 0.000000
157 0.000000
158 0.000000
159 0.000000
160 0.000001
161 0.000016
162 0.000057
163 0.003992
164 0.003116
165 0.003291
166 0.005495
167 0.008087
168 0.006677
169 0.009224
170 0.010006
171 0.010006
172 0.000000
173 0.000000
174 0.000001
175 0.000000
176 0.000000
177 0.000000
178 0.000000
179 0.000000
180 0.000000
181 0.000000
182 0.000000
183 0.000000
184 0.000000
185 0.000000
186 0.000000
187 0.000007
188 0.000004
189 0.000046
190 0.000106
191 0.003207
192 0.003637
193 0.005340
194 0.007956
195 0.006392
196 0.004323
197 0.005864
198 0.007626
199 0.010007
200 0.001212
201 0.000000
202 0.000000
203 0.000001
204 0.000000
205 0.000000
206 0.000000
207 0.000000
208 0.000000
209 0.000000
210 0.000000
211 0.000000
212 0.000000
213 0.000000
214 0.000000
215 0.000001
216 0.000003
217 0.000007
218 0.001983
219 0.001928
220 0.006543
221 0.008421
222 0.005477
223 0.003464
224 0.002820
225 0.003441
226 0.004366
227 0.006549
228 0.009021
229 0.000000
230 0.000000
231 0.000000
232 0.000000
233 0.000000
234 0.000000
235 0.000000
236 0.000000
237 0.000000
238 0.000000
239 0.000000
240 0.000000
241 0.000001
242 0.000001
243 0.000001
244 0.000003
245 0.000042
246 0.000249
247 0.000872
248 0.001000
249 0.000701
250 0.000639
251 0.000589
252 0.002392
253 0.002118
254 0.002495
255 0.002548
256 0.001387
257 0.000001
258 0.000000
259 0.000000
260 0.000000
261 0.000000
262 0.000000
263 0.000000
264 0.000000
265 0.000000
266 0.000000
267 0.000000
268 0.000001
269 0.000002
270 0.000001
271 0.000006
272 0.000057
273 0.002719
274 0.001367
275 0.000540
276 0.000259
277 0.000135
278 0.000107
279 0.000127
280 0.001863
281 0.000889
282 0.000582
283 0.000243
284 0.000221
285 0.000001
286 0.000000
287 0.000000
288 0.000000
289 0.000000
290 0.000000
291 0.000000
292 0.000001
293 0.000045
294 0.000152
295 0.000047
296 0.000012
297 0.000000
298 0.000000
299 0.000002
300 0.000813
301 0.999980
302 0.002150
303 0.001017
304 0.000465
305 0.000182
306 0.000130
307 0.000125
308 0.000650
309 0.000319
310 0.000150
311 0.000072
312 0.000008
313 0.000000
314 0.000000
315 0.000000
316 0.000000
317 0.000000
318 0.000000
319 0.000000
320 0.000000
321 0.000017
322 0.001551
323 0.999984
324 0.000067
325 0.000000
326 0.000000
327 0.000001
328 0.000123
329 0.000225
330 0.000255
331 0.000449
332 0.000435
333 0.000363
334 0.000319
335 0.000406
336 0.001372
337 0.000236
338 0.000108
339 0.000062
340 0.000001
341 0.000000
342 0.000000
343 0.000000
344 0.000000
345 0.000000
346 0.000003
347 0.000024
348 0.000005
349 0.000008
350 0.000077
351 0.001328
352 0.000391
353 0.000001
354 0.000000
355 0.000001
356 0.000003
357 0.000007
358 0.000009
359 0.000028
360 0.000117
361 0.000282
362 0.000519
363 0.000548
364 0.003422
365 0.002156
366 0.000628
367 0.000106
368 0.000000
369 0.000000
370 0.000000
371 0.000000
372 0.000000
373 0.000000
374 0.000006
375 0.999988
376 0.000551
377 0.000033
378 0.000016
379 0.000010
380 0.000012
381 0.000003
382 0.000002
383 0.000001
384 0.000001
385 0.000001
386 0.000002
387 0.000006
388 0.000025
389 0.000073
390 0.000141
391 0.000326
392 0.004959
393 0.003620
394 0.001917
395 0.000140
396 0.000000
397 0.000000
398 0.000000
399 0.000000
400 0.000000
401 0.000000
402 0.000007
403 0.000475
404 0.016301
405 0.001257
406 0.000008
407 0.000000
408 0.000000
409 0.000001
410 0.000005
411 0.000002
412 0.000000
413 0.000001
414 0.000002
415 0.000003
416 0.000010
417 0.000032
418 0.000043
419 0.000077
420 0.001121
421 0.001713
422 0.003733
423 0.000058
424 0.000000
425 0.000000
426 0.000000
427 0.000000
428 0.000000
429 0.000000
430 0.000001
431 0.000016
432 0.000320
433 0.001222
434 0.000011
435 0.000000
436 0.000000
437 0.000000
438 0.000001
439 0.000003
440 0.000000
441 0.000000
442 0.000001
443 0.000003
444 0.000008
445 0.000048
446 0.000039
447 0.000041
448 0.000883
449 0.000841
450 0.000939
451 0.000002
452 0.000000
453 0.000000
454 0.000001
455 0.000077
456 0.000213
457 0.000003
458 0.000000
459 0.000000
460 0.000002
461 0.000004
462 0.000001
463 0.000000
464 0.000000
465 0.000000
466 0.000000
467 0.000001
468 0.000001
469 0.000000
470 0.000000
471 0.000002
472 0.000009
473 0.000067
474 0.000084
475 0.000092
476 0.000914
477 0.000834
478 0.000206
479 0.000001
480 0.000000
481 0.000000
482 0.000077
483 0.009722
484 0.006977
485 0.000124
486 0.000002
487 0.000000
488 0.000000
489 0.000000
490 0.000000
491 0.000000
492 0.000000
493 0.000000
494 0.000000
495 0.000000
496 0.000000
497 0.000000
498 0.000000
499 0.000001
500 0.000008
501 0.000090
502 0.000780
503 0.000976
504 0.001561
505 0.000903
506 0.000047
507 0.000000
508 0.000000
509 0.000002
510 0.000157
511 0.999980
512 0.015387
513 0.000122
514 0.000002
515 0.000000
516 0.000000
517 0.000000
518 0.000000
519 0.000000
520 0.000000
521 0.000000
522 0.000000
523 0.000000
524 0.000000
525 0.000000
526 0.000000
527 0.000001
528 0.000018
529 0.000148
530 0.004326
531 0.010006
532 0.001672
533 0.002523
534 0.000033
535 0.000000
536 0.000001
537 0.000031
538 0.005576
539 0.001090
540 0.000032
541 0.000001
542 0.000000
543 0.000000
544 0.000000
545 0.000000
546 0.000000
547 0.000000
548 0.000000
549 0.000000
550 0.000000
551 0.000000
552 0.000000
553 0.000000
554 0.000001
555 0.000002
556 0.000062
557 0.000674
558 0.010014
559 0.010012
560 0.003433
561 0.005419
562 0.000061
563 0.000001
564 0.000017
565 0.001637
566 0.001462
567 0.000041
568 0.000002
569 0.000000
570 0.000000
571 0.000000
572 0.000000
573 0.000000
574 0.000000
575 0.000000
576 0.000000
577 0.000000
578 0.000000
579 0.000000
580 0.000001
581 0.000001
582 0.000002
583 0.000009
584 0.000124
585 0.009892
586 0.018318
587 0.010012
588 0.006237
589 0.009999
590 0.000653
591 0.000061
592 0.000719
593 0.000814
594 0.000023
595 0.000002
596 0.000000
597 0.000000
598 0.000000
599 0.000000
600 0.000000
601 0.000000
602 0.000000
603 0.000000
604 0.000002
605 0.000004
606 0.000004
607 0.000002
608 0.000004
609 0.000003
610 0.000003
611 0.000026
612 0.002870
613 0.005325
614 0.010002
615 0.016169
616 0.009999
617 0.009999
618 0.010000
619 0.003182
620 0.001259
621 0.000020
622 0.000001
623 0.000000
624 0.000000
625 0.000000
626 0.000000
627 0.000000
628 0.000000
629 0.000000
630 0.000000
631 0.000002
632 0.000065
633 0.000049
634 0.000025
635 0.000017
636 0.000006
637 0.000009
638 0.000077
639 0.001025
640 0.000865
641 0.003028
642 0.000000
643 0.000000
644 0.009999
645 0.010000
646 0.010000
647 0.010001
648 0.005202
649 0.000026
650 0.000003
651 0.000001
652 0.000000
653 0.000001
654 0.000001
655 0.000002
656 0.000003
657 0.000019
658 0.000065
659 0.000103
660 0.000090
661 0.000085
662 0.000108
663 0.000026
664 0.000033
665 0.000453
666 0.003983
667 0.002205
668 0.001274
669 0.000000
670 0.000000
671 0.000000
672 0.000000
673 0.010000
674 0.010000
675 0.010001
676 0.010002
677 0.010004
678 0.000126
679 0.000037
680 0.000042
681 0.000121
682 0.001095
683 0.000280
684 0.000077
685 0.000047
686 0.000136
687 0.000303
688 0.000728
689 0.002389
690 0.001546
691 0.001398
692 0.002695
693 0.010011
694 0.007581
695 0.004141
696 0.000000
697 0.000000
698 0.000000
699 0.000000
700 0.000000
701 0.000000
702 0.010001
703 0.010001
704 0.010003
705 0.011061
706 0.006176
707 0.003055
708 0.001565
709 0.001371
710 0.000904
711 0.000657
712 0.000207
713 0.000112
714 0.000309
715 0.000388
716 0.000473
717 0.001262
718 0.003547
719 0.008401
720 0.010011
721 0.010012
722 0.010009
723 0.000000
724 0.000000
725 0.000000
726 0.000000
727 0.000000
728 0.000000
729 0.000000
730 0.000000
731 0.000000
732 0.010834
733 0.007116
734 0.003963
735 0.002019
736 0.001714
737 0.001475
738 0.001372
739 0.001397
740 0.000641
741 0.000541
742 0.000371
743 0.000406
744 0.000494
745 0.000814
746 0.001894
747 0.005088
748 0.010007
749 0.010010
750 0.000000
751 0.000001
752 0.000000
753 0.000000
754 0.000000
755 0.000000
756 0.000000
757 0.000000
758 0.000000
759 0.000000
760 0.000000
761 0.005149
762 0.002926
763 0.001800
764 0.001774
765 0.001715
766 0.001617
767 0.001818
768 0.001670
769 0.001556
770 0.000399
771 0.000425
772 0.000516
773 0.000626
774 0.001188
775 0.002721
776 0.006113
777 0.000271
778 0.001711
779 0.001387
780 0.000125
781 0.000004
782 0.000000
783 0.000000
