0 0.004159
1 0.004079
2 0.003695
3 0.003998
4 0.003640
5 0.004102
6 0.005956
7 0.010398
8 0.006567
9 0.003639
10 0.004060
11 0.004526
12 0.002252
13 0.000801
14 0.000266
15 0.000130
16 0.000095
17 0.000080
18 0.000252
19 0.000773
20 0.001488
21 0.001549
22 0.001840
23 0.001911
24 0.001750
25 0.002261
26 0.003664
27 0.005188
28 0.003715
29 0.003902
30 0.003514
31 0.003457
32 0.003469
33 0.003810
34 0.004698
35 0.005670
36 0.005242
37 0.003819
38 0.004127
39 0.003231
40 0.001673
41 0.000792
42 0.000337
43 0.000144
44 0.000073
45 0.000080
46 0.000123
47 0.000508
48 0.001245
49 0.001488
50 0.000024
51 0.000000
52 0.002108
53 0.003498
54 0.004969
55 0.008481
56 0.003902
57 0.003466
58 0.003349
59 0.003283
60 0.003339
61 0.003645
62 0.004093
63 0.003354
64 0.003237
65 0.004742
66 0.004620
67 0.002124
68 0.000918
69 0.000636
70 0.000427
71 0.000180
72 0.000072
73 0.000058
74 0.000069
75 0.000238
76 0.000051
77 0.000000
78 0.000000
79 0.000000
80 0.000000
81 0.004836
82 0.008481
83 0.008491
84 0.003779
85 0.003348
86 0.002951
87 0.002751
88 0.002808
89 0.003334
90 0.004399
91 0.002421
92 0.002238
93 0.003697
94 0.003411
95 0.001232
96 0.000611
97 0.000622
98 0.000595
99 0.000258
100 0.000106
101 0.000027
102 0.000002
103 0.000000
104 0.000000
105 0.000000
106 0.000000
107 0.000000
108 0.003596
109 0.008434
110 0.008491
111 0.014088
112 0.004382
113 0.003235
114 0.002740
115 0.002641
116 0.000000
117 0.000000
118 0.000002
119 0.000005
120 0.000058
121 0.001667
122 0.001903
123 0.000813
124 0.000465
125 0.000468
126 0.000624
127 0.000080
128 0.000008
129 0.000001
130 0.000000
131 0.000000
132 0.000000
133 0.000000
134 0.000000
135 0.002350
136 0.005552
137 0.008362
138 0.017322
139 0.016347
140 0.006208
141 0.004158
142 0.002640
143 0.002544
144 0.000000
145 0.000000
146 0.000001
147 0.000002
148 0.000002
149 0.000003
150 0.000002
151 0.000004
152 0.000017
153 0.000012
154 0.000024
155 0.000011
156 0.000001
157 0.000000
158 0.000000
159 0.000000
160 0.000000
161 0.000001
162 0.000745
163 0.006339
164 0.008511
165 0.018525
166 0.014414
167 0.010390
168 0.009056
169 0.005940
170 0.004318
171 0.002710
172 0.000033
173 0.000000
174 0.000000
175 0.000011
176 0.000033
177 0.000006
178 0.000000
179 0.000000
180 0.000000
181 0.000000
182 0.000000
183 0.000000
184 0.000000
185 0.000000
186 0.000000
187 0.000000
188 0.000000
189 0.000127
190 0.006649
191 0.010409
192 0.016573
193 0.012096
194 0.008365
195 0.005591
196 0.010000
197 0.010000
198 0.006582
199 0.004146
200 0.002590
201 0.000002
202 0.000000
203 0.000000
204 0.000014
205 0.000006
206 0.000002
207 0.000000
208 0.000000
209 0.000000
210 0.000000
211 0.000000
212 0.000000
213 0.000000
214 0.000000
215 0.000000
216 0.000001
217 0.000180
218 0.004237
219 0.006634
220 0.010614
221 0.008194
222 0.005354
223 0.004704
224 0.006508
225 0.008948
226 0.010000
227 0.007361
228 0.004522
229 0.000106
230 0.000000
231 0.000000
232 0.000000
233 0.000000
234 0.000001
235 0.000002
236 0.000002
237 0.000000
238 0.000000
239 0.000000
240 0.000000
241 0.000000
242 0.000000
243 0.000000
244 0.000003
245 0.000025
246 0.000464
247 0.001221
248 0.001576
249 0.001185
250 0.001932
251 0.003801
252 0.003747
253 0.004996
254 0.006988
255 0.007672
256 0.002991
257 0.000830
258 0.000003
259 0.000000
260 0.000000
261 0.000000
262 0.000000
263 0.000001
264 0.000001
265 0.000001
266 0.000000
267 0.000000
268 0.000000
269 0.000001
270 0.000008
271 0.000027
272 0.000008
273 0.000006
274 0.000033
275 0.000384
276 0.000243
277 0.000546
278 0.001231
279 0.001730
280 0.002040
281 0.001483
282 0.001491
283 0.002074
284 0.003330
285 0.001754
286 0.000158
287 0.000001
288 0.000000
289 0.000000
290 0.000000
291 0.000000
292 0.000000
293 0.000000
294 0.000001
295 0.000001
296 0.000018
297 0.000287
298 0.999996
299 0.000889
300 0.000023
301 0.000006
302 0.000021
303 0.000434
304 0.000560
305 0.000854
306 0.000825
307 0.000593
308 0.000925
309 0.000888
310 0.000739
311 0.001003
312 0.001075
313 0.003050
314 0.999999
315 0.000003
316 0.000000
317 0.000000
318 0.000000
319 0.000000
320 0.000000
321 0.000000
322 0.000001
323 0.000026
324 0.001706
325 0.060439
326 0.029188
327 0.006326
328 0.000182
329 0.000005
330 0.000022
331 0.000718
332 0.002879
333 0.001258
334 0.000666
335 0.000335
336 0.001458
337 0.001155
338 0.001223
339 0.001370
340 0.000511
341 0.001024
342 0.000439
343 0.000001
344 0.000000
345 0.000000
346 0.000000
347 0.000000
348 0.000000
349 0.000000
350 0.000002
351 0.000499
352 0.049181
353 0.155049
354 0.040853
355 0.035455
356 0.000703
357 0.000017
358 0.000024
359 0.000281
360 0.003111
361 0.001322
362 0.000562
363 0.000269
364 0.002291
365 0.003015
366 0.002324
367 0.001329
368 0.000088
369 0.000070
370 0.000011
371 0.000000
372 0.000000
373 0.000000
374 0.000000
375 0.000000
376 0.000000
377 0.000000
378 0.000023
379 0.003627
380 0.039465
381 0.020989
382 0.014154
383 0.020827
384 0.005225
385 0.000094
386 0.000002
387 0.000028
388 0.000533
389 0.000769
390 0.000686
391 0.000595
392 0.001558
393 0.001772
394 0.001107
395 0.000212
396 0.000034
397 0.000006
398 0.000000
399 0.000000
400 0.000000
401 0.000000
402 0.000000
403 0.000000
404 0.000000
405 0.000000
406 0.000068
407 0.004259
408 0.008927
409 0.010861
410 0.011268
411 0.999998
412 0.005689
413 0.000091
414 0.000001
415 0.000001
416 0.000035
417 0.000716
418 0.000651
419 0.000682
420 0.001049
421 0.000471
422 0.000331
423 0.000042
424 0.000014
425 0.000001
426 0.000000
427 0.000000
428 0.000000
429 0.000000
430 0.000000
431 0.000000
432 0.000000
433 0.000004
434 0.000053
435 0.000169
436 0.001804
437 0.008732
438 0.007266
439 0.004955
440 0.001599
441 0.000059
442 0.000001
443 0.000000
444 0.000004
445 0.000556
446 0.000955
447 0.001808
448 0.000566
449 0.000242
450 0.000119
451 0.000013
452 0.000002
453 0.000000
454 0.000000
455 0.000000
456 0.000000
457 0.000000
458 0.000000
459 0.000000
460 0.000001
461 0.000008
462 0.000008
463 0.000044
464 0.000156
465 0.000836
466 0.001804
467 0.001091
468 0.000168
469 0.000089
470 0.000003
471 0.000000
472 0.000003
473 0.000563
474 0.002451
475 0.003632
476 0.000806
477 0.000382
478 0.000094
479 0.000017
480 0.000001
481 0.000000
482 0.000000
483 0.000000
484 0.000000
485 0.000000
486 0.000000
487 0.000000
488 0.000001
489 0.000002
490 0.000005
491 0.000001
492 0.000003
493 0.000004
494 0.000044
495 0.000157
496 0.000324
497 0.000208
498 0.000074
499 0.000005
500 0.000003
501 0.000328
502 0.007115
503 0.007491
504 0.002273
505 0.001350
506 0.000144
507 0.000017
508 0.000000
509 0.000000
510 0.000000
511 0.000000
512 0.000000
513 0.000000
514 0.000000
515 0.000000
516 0.000000
517 0.000000
518 0.000000
519 0.000000
520 0.000000
521 0.000000
522 0.000004
523 0.000236
524 0.002656
525 0.002695
526 0.001933
527 0.000121
528 0.000010
529 0.000247
530 0.008671
531 0.007689
532 0.002191
533 0.002065
534 0.000336
535 0.000016
536 0.000001
537 0.000000
538 0.000000
539 0.000000
540 0.000000
541 0.000000
542 0.000001
543 0.000000
544 0.000000
545 0.000000
546 0.000000
547 0.000000
548 0.000000
549 0.000000
550 0.000001
551 0.000049
552 0.003947
553 0.999995
554 0.003776
555 0.001110
556 0.000093
557 0.000364
558 0.010001
559 0.010001
560 0.002471
561 0.002403
562 0.000252
563 0.000011
564 0.000001
565 0.000000
566 0.000001
567 0.000001
568 0.000003
569 0.000004
570 0.000002
571 0.000000
572 0.000000
573 0.000000
574 0.000000
575 0.000000
576 0.000000
577 0.000000
578 0.000000
579 0.000003
580 0.000057
581 0.001591
582 0.010044
583 0.003182
584 0.000499
585 0.009218
586 0.009200
587 0.010001
588 0.002778
589 0.002471
590 0.000281
591 0.000013
592 0.000002
593 0.000001
594 0.000004
595 0.000026
596 0.000039
597 0.000020
598 0.000003
599 0.000001
600 0.000000
601 0.000000
602 0.000000
603 0.000000
604 0.000000
605 0.000000
606 0.000000
607 0.000000
608 0.000001
609 0.000072
610 0.001579
611 0.009437
612 0.009201
613 0.009218
614 0.009200
615 0.009148
616 0.002927
617 0.002778
618 0.002471
619 0.000371
620 0.000012
621 0.000002
622 0.000003
623 0.000022
624 0.000015
625 0.000027
626 0.000017
627 0.000061
628 0.000030
629 0.000011
630 0.000002
631 0.000001
632 0.000000
633 0.000000
634 0.000000
635 0.000000
636 0.000001
637 0.000006
638 0.000347
639 0.007146
640 0.010001
641 0.009200
642 0.000000
643 0.000000
644 0.003005
645 0.002927
646 0.002852
647 0.002541
648 0.001238
649 0.000031
650 0.000009
651 0.000017
652 0.000030
653 0.000116
654 0.000685
655 0.002499
656 0.001302
657 0.001107
658 0.000508
659 0.000125
660 0.000026
661 0.000008
662 0.000003
663 0.000002
664 0.000004
665 0.000116
666 0.002618
667 0.004590
668 0.007264
669 0.000000
670 0.000000
671 0.000000
672 0.000000
673 0.003005
674 0.002927
675 0.002679
676 0.003860
677 0.005501
678 0.000267
679 0.000191
680 0.000896
681 0.002368
682 0.010001
683 0.009738
684 0.005327
685 0.001982
686 0.001180
687 0.000825
688 0.000882
689 0.001131
690 0.000309
691 0.000194
692 0.000377
693 0.001466
694 0.001779
695 0.003048
696 0.000000
697 0.000000
698 0.000000
699 0.000000
700 0.000000
701 0.000000
702 0.003035
703 0.003642
704 0.005606
705 0.008640
706 0.010001
707 0.010001
708 0.010001
709 0.010001
710 0.010001
711 0.007478
712 0.006257
713 0.003152
714 0.002352
715 0.001097
716 0.001015
717 0.001049
718 0.001243
719 0.001282
720 0.001324
721 0.001511
722 0.001722
723 0.000000
724 0.000000
725 0.000000
726 0.000000
727 0.000000
728 0.000000
729 0.000000
730 0.000000
731 0.000000
732 0.007982
733 0.010001
734 0.010001
735 0.010001
736 0.010001
737 0.010001
738 0.009797
739 0.006426
740 0.006357
741 0.007308
742 0.003475
743 0.001767
744 0.001167
745 0.001204
746 0.001282
747 0.001466
748 0.001511
749 0.001722
750 0.000000
751 0.000000
752 0.000000
753 0.000000
754 0.000000
755 0.000000
756 0.000000
757 0.000000
758 0.000000
759 0.000000
760 0.000000
761 0.010001
762 0.010001
763 0.010001
764 0.010001
765 0.010001
766 0.007726
767 0.006567
768 0.006561
769 0.010000
770 0.005153
771 0.002553
772 0.001340
773 0.001381
774 0.001282
775 0.001366
776 0.001558
777 0.000000
778 0.000183
779 0.000128
780 0.000001
781 0.000000
782 0.000000
783 0.000000
