0 0.003739
1 0.004782
2 0.005954
3 0.008556
4 0.008441
5 0.008329
6 0.008240
7 0.005992
8 0.000931
9 0.000096
10 0.000057
11 0.000052
12 0.000056
13 0.000063
14 0.000130
15 0.000347
16 0.000407
17 0.000258
18 0.000445
19 0.001247
20 0.003797
21 0.004894
22 0.007033
23 0.008392
24 0.008535
25 0.007097
26 0.006401
27 0.006970
28 0.004785
29 0.003531
30 0.004136
31 0.005792
32 0.008438
33 0.008444
34 0.008331
35 0.006022
36 0.000639
37 0.000084
38 0.000040
39 0.000039
40 0.000040
41 0.000049
42 0.000074
43 0.000179
44 0.000376
45 0.000574
46 0.000661
47 0.001414
48 0.004609
49 0.006623
50 0.000016
51 0.000000
52 0.007097
53 0.006401
54 0.006858
55 0.007563
56 0.007053
57 0.004665
58 0.003322
59 0.003935
60 0.005558
61 0.008321
62 0.008328
63 0.002657
64 0.000495
65 0.000102
66 0.000079
67 0.000028
68 0.000024
69 0.000028
70 0.000034
71 0.000084
72 0.000328
73 0.000859
74 0.000874
75 0.001670
76 0.000087
77 0.000000
78 0.000000
79 0.000000
80 0.000000
81 0.006858
82 0.007563
83 0.007911
84 0.010003
85 0.006917
86 0.004437
87 0.002950
88 0.003581
89 0.005334
90 0.008322
91 0.001186
92 0.000211
93 0.000142
94 0.000080
95 0.000039
96 0.000020
97 0.000026
98 0.000023
99 0.000042
100 0.000239
101 0.000829
102 0.000034
103 0.000001
104 0.000000
105 0.000000
106 0.000000
107 0.000001
108 0.001634
109 0.007441
110 0.007911
111 0.008208
112 0.010006
113 0.010004
114 0.006663
115 0.004092
116 0.000000
117 0.000001
118 0.000000
119 0.000001
120 0.000001
121 0.000049
122 0.000121
123 0.000063
124 0.000029
125 0.000017
126 0.000017
127 0.000007
128 0.000006
129 0.000003
130 0.000001
131 0.000000
132 0.000000
133 0.000001
134 0.000018
135 0.000827
136 0.001290
137 0.007783
138 0.008074
139 0.006907
140 0.010007
141 0.010007
142 0.010006
143 0.007314
144 0.000001
145 0.000001
146 0.000000
147 0.000000
148 0.000000
149 0.000000
150 0.000001
151 0.000001
152 0.000001
153 0.000000
154 0.000001
155 0.000000
156 0.000000
157 0.000000
158 0.000000
159 0.000000
160 0.000002
161 0.000196
162 0.000665
163 0.001279
164 0.008074
165 0.007943
166 0.005715
167 0.003732
168 0.008762
169 0.011925
170 0.010008
171 0.010007
172 0.000000
173 0.000000
174 0.000002
175 0.000000
176 0.000001
177 0.000000
178 0.000000
179 0.000000
180 0.000000
181 0.000000
182 0.000000
183 0.000000
184 0.000000
185 0.000000
186 0.000001
187 0.000014
188 0.000138
189 0.000901
190 0.001353
191 0.001462
192 0.007553
193 0.004623
194 0.002493
195 0.001811
196 0.005641
197 0.008027
198 0.010342
199 0.010010
200 0.000399
201 0.000000
202 0.000000
203 0.000002
204 0.000000
205 0.000000
206 0.000000
207 0.000000
208 0.000000
209 0.000000
210 0.000000
211 0.000000
212 0.000000
213 0.000000
214 0.000001
215 0.000034
216 0.000068
217 0.000061
218 0.000385
219 0.000536
220 0.004007
221 0.002095
222 0.001411
223 0.001129
224 0.002538
225 0.004300
226 0.006003
227 0.009620
228 0.012170
229 0.000000
230 0.000000
231 0.000000
232 0.000000
233 0.000000
234 0.000000
235 0.000000
236 0.000000
237 0.000000
238 0.000000
239 0.000000
240 0.000001
241 0.000001
242 0.000008
243 0.000068
244 0.000243
245 0.000051
246 0.000038
247 0.000395
248 0.000200
249 0.000146
250 0.000221
251 0.000335
252 0.001956
253 0.001853
254 0.003017
255 0.003764
256 0.002724
257 0.000001
258 0.000000
259 0.000000
260 0.000000
261 0.000000
262 0.000000
263 0.000000
264 0.000000
265 0.000000
266 0.000000
267 0.000000
268 0.000001
269 0.000002
270 0.000015
271 0.000713
272 0.999980
273 0.000184
274 0.000032
275 0.000204
276 0.000095
277 0.000089
278 0.000098
279 0.000126
280 0.001586
281 0.000837
282 0.000618
283 0.000490
284 0.000548
285 0.000002
286 0.000000
287 0.000000
288 0.000000
289 0.000001
290 0.000000
291 0.000000
292 0.000001
293 0.000020
294 0.000024
295 0.000004
296 0.000001
297 0.000001
298 0.000003
299 0.000055
300 0.000202
301 0.000116
302 0.000038
303 0.000453
304 0.000451
305 0.000319
306 0.000216
307 0.000195
308 0.000777
309 0.000429
310 0.000222
311 0.000121
312 0.000018
313 0.000001
314 0.000000
315 0.000000
316 0.000000
317 0.000001
318 0.000001
319 0.000001
320 0.000001
321 0.000129
322 0.002619
323 0.000423
324 0.000025
325 0.000002
326 0.000001
327 0.000002
328 0.000004
329 0.000008
330 0.000028
331 0.000056
332 0.000375
333 0.000524
334 0.000540
335 0.000720
336 0.000582
337 0.000289
338 0.000197
339 0.000108
340 0.000002
341 0.000000
342 0.000000
343 0.000000
344 0.000000
345 0.000001
346 0.000007
347 0.000017
348 0.000012
349 0.000017
350 0.000323
351 0.999951
352 0.001607
353 0.000019
354 0.000001
355 0.000001
356 0.000001
357 0.000001
358 0.000004
359 0.000007
360 0.000080
361 0.000196
362 0.000419
363 0.000521
364 0.001442
365 0.000862
366 0.000283
367 0.000133
368 0.000001
369 0.000000
370 0.000000
371 0.000000
372 0.000000
373 0.000000
374 0.000014
375 0.999980
376 0.000290
377 0.000039
378 0.000024
379 0.000376
380 0.003977
381 0.000153
382 0.000003
383 0.000001
384 0.000001
385 0.000000
386 0.000001
387 0.000002
388 0.000009
389 0.000053
390 0.000103
391 0.000244
392 0.002537
393 0.001339
394 0.000737
395 0.000051
396 0.000000
397 0.000000
398 0.000000
399 0.000000
400 0.000000
401 0.000000
402 0.000008
403 0.000527
404 0.012480
405 0.000303
406 0.000027
407 0.000005
408 0.000011
409 0.000054
410 0.000010
411 0.000001
412 0.000000
413 0.000000
414 0.000001
415 0.000001
416 0.000002
417 0.000017
418 0.000031
419 0.000059
420 0.002004
421 0.002517
422 0.001752
423 0.000018
424 0.000000
425 0.000000
426 0.000000
427 0.000000
428 0.000000
429 0.000001
430 0.000001
431 0.000012
432 0.000272
433 0.001263
434 0.000024
435 0.000001
436 0.000001
437 0.000002
438 0.000009
439 0.000002
440 0.000000
441 0.000000
442 0.000001
443 0.000001
444 0.000002
445 0.000012
446 0.000017
447 0.000023
448 0.001695
449 0.001535
450 0.001749
451 0.000005
452 0.000000
453 0.000000
454 0.000000
455 0.000001
456 0.000002
457 0.000001
458 0.000001
459 0.000001
460 0.000002
461 0.000010
462 0.000010
463 0.000002
464 0.000001
465 0.000001
466 0.000001
467 0.000001
468 0.000001
469 0.000000
470 0.000001
471 0.000001
472 0.000002
473 0.000008
474 0.000018
475 0.000029
476 0.001618
477 0.001543
478 0.000410
479 0.000001
480 0.000000
481 0.000000
482 0.000004
483 0.000144
484 0.000208
485 0.000004
486 0.000001
487 0.000000
488 0.000000
489 0.000001
490 0.000001
491 0.000001
492 0.000001
493 0.000001
494 0.000001
495 0.000001
496 0.000001
497 0.000001
498 0.000000
499 0.000001
500 0.000003
501 0.000014
502 0.000159
503 0.000211
504 0.002534
505 0.001580
506 0.000074
507 0.000001
508 0.000000
509 0.000001
510 0.000037
511 0.999979
512 0.000845
513 0.000004
514 0.000001
515 0.000000
516 0.000000
517 0.000000
518 0.000000
519 0.000001
520 0.000001
521 0.000001
522 0.000000
523 0.000000
524 0.000000
525 0.000001
526 0.000000
527 0.000001
528 0.000005
529 0.000120
530 0.001734
531 0.002569
532 0.002667
533 0.003624
534 0.000041
535 0.000001
536 0.000000
537 0.000008
538 0.001359
539 0.000690
540 0.000019
541 0.000001
542 0.000001
543 0.000000
544 0.000000
545 0.000000
546 0.000000
547 0.000000
548 0.000001
549 0.000001
550 0.000000
551 0.000000
552 0.000000
553 0.000000
554 0.000001
555 0.000001
556 0.000043
557 0.000267
558 0.009506
559 0.005802
560 0.004553
561 0.006379
562 0.000061
563 0.000001
564 0.000005
565 0.000423
566 0.000671
567 0.000019
568 0.000001
569 0.000000
570 0.000000
571 0.000000
572 0.000000
573 0.000000
574 0.000000
575 0.000000
576 0.000000
577 0.000000
578 0.000000
579 0.000000
580 0.000001
581 0.000001
582 0.000002
583 0.000006
584 0.000096
585 0.010026
586 0.010035
587 0.010031
588 0.007074
589 0.009999
590 0.000644
591 0.000020
592 0.000233
593 0.000533
594 0.000014
595 0.000001
596 0.000001
597 0.000000
598 0.000000
599 0.000000
600 0.000000
601 0.000000
602 0.000000
603 0.000001
604 0.000001
605 0.000001
606 0.000001
607 0.000001
608 0.000002
609 0.000001
610 0.000002
611 0.000035
612 0.003060
613 0.006019
614 0.010023
615 0.010031
616 0.010000
617 0.010000
618 0.010001
619 0.003154
620 0.000912
621 0.000019
622 0.000001
623 0.000001
624 0.000001
625 0.000000
626 0.000000
627 0.000000
628 0.000000
629 0.000000
630 0.000001
631 0.000004
632 0.000014
633 0.000005
634 0.000002
635 0.000004
636 0.000003
637 0.000004
638 0.000044
639 0.001030
640 0.001660
641 0.003185
642 0.000001
643 0.000001
644 0.010000
645 0.010001
646 0.010000
647 0.010000
648 0.005151
649 0.000026
650 0.000003
651 0.000001
652 0.000001
653 0.000004
654 0.000009
655 0.000007
656 0.000023
657 0.000174
658 0.000193
659 0.000087
660 0.000049
661 0.000040
662 0.000043
663 0.000017
664 0.000020
665 0.000286
666 0.003118
667 0.001691
668 0.001110
669 0.000000
670 0.000000
671 0.000001
672 0.000000
673 0.010000
674 0.010000
675 0.010000
676 0.010000
677 0.010003
678 0.000138
679 0.000087
680 0.000228
681 0.001386
682 0.006976
683 0.001311
684 0.000452
685 0.000230
686 0.000252
687 0.000311
688 0.000349
689 0.001189
690 0.001401
691 0.001188
692 0.002417
693 0.010014
694 0.006130
695 0.003245
696 0.000000
697 0.000000
698 0.000000
699 0.000000
700 0.000000
701 0.000000
702 0.010000
703 0.010000
704 0.010002
705 0.010006
706 0.010011
707 0.013055
708 0.013330
709 0.013468
710 0.006997
711 0.003021
712 0.000754
713 0.000223
714 0.000311
715 0.000351
716 0.000224
717 0.000490
718 0.003424
719 0.008357
720 0.010018
721 0.010017
722 0.010013
723 0.000001
724 0.000000
725 0.000000
726 0.000000
727 0.000000
728 0.000000
729 0.000000
730 0.000000
731 0.000000
732 0.010005
733 0.010009
734 0.012789
735 0.012916
736 0.013044
737 0.009998
738 0.009998
739 0.005574
740 0.001336
741 0.000556
742 0.000328
743 0.000264
744 0.000235
745 0.000419
746 0.001784
747 0.004975
748 0.010013
749 0.010017
750 0.000001
751 0.000001
752 0.000001
753 0.000001
754 0.000000
755 0.000000
756 0.000000
757 0.000000
758 0.000000
759 0.000000
760 0.000000
761 0.011499
762 0.012658
763 0.012779
764 0.009998
765 0.009998
766 0.009998
767 0.007893
768 0.002376
769 0.000884
770 0.000392
771 0.000225
772 0.000247
773 0.000451
774 0.001099
775 0.002600
776 0.006015
777 0.000021
778 0.001624
779 0.001291
780 0.000112
781 0.000001
782 0.000000
783 0.000000
