0 0.009492
1 0.009483
2 0.009430
3 0.007722
4 0.005774
5 0.003966
6 0.003480
7 0.003377
8 0.001013
9 0.000262
10 0.000203
11 0.000239
12 0.000456
13 0.001550
14 0.005588
15 0.009350
16 0.004313
17 0.001238
18 0.000756
19 0.001252
20 0.002113
21 0.003194
22 0.005364
23 0.006529
24 0.006305
25 0.006305
26 0.006421
27 0.005035
28 0.010297
29 0.009493
30 0.009439
31 0.009430
32 0.007045
33 0.005091
34 0.003377
35 0.002408
36 0.000482
37 0.000151
38 0.000143
39 0.000221
40 0.000506
41 0.003195
42 0.008841
43 0.006146
44 0.002480
45 0.000862
46 0.000691
47 0.001015
48 0.002695
49 0.004615
50 0.000000
51 0.000000
52 0.006305
53 0.006831
54 0.004642
55 0.003670
56 0.009216
57 0.010597
58 0.009449
59 0.009439
60 0.009430
61 0.006293
62 0.004502
63 0.001238
64 0.000269
65 0.000106
66 0.000141
67 0.000231
68 0.000905
69 0.004541
70 0.009178
71 0.003407
72 0.001101
73 0.000718
74 0.000589
75 0.001246
76 0.000001
77 0.000000
78 0.000000
79 0.000000
80 0.000000
81 0.004961
82 0.003789
83 0.002410
84 0.007100
85 0.008700
86 0.010612
87 0.009403
88 0.009393
89 0.008637
90 0.006071
91 0.000833
92 0.000127
93 0.000090
94 0.000174
95 0.000395
96 0.001639
97 0.005833
98 0.004871
99 0.001912
100 0.000653
101 0.000218
102 0.000001
103 0.000000
104 0.000000
105 0.000000
106 0.000000
107 0.000000
108 0.000000
109 0.003607
110 0.002416
111 0.002263
112 0.004391
113 0.006570
114 0.008234
115 0.011164
116 0.000000
117 0.000000
118 0.000000
119 0.000000
120 0.000000
121 0.000028
122 0.000233
123 0.000887
124 0.002918
125 0.004072
126 0.001793
127 0.000027
128 0.000000
129 0.000000
130 0.000000
131 0.000000
132 0.000000
133 0.000000
134 0.000000
135 0.000000
136 0.000709
137 0.002207
138 0.001909
139 0.002193
140 0.003985
141 0.003883
142 0.006057
143 0.007752
144 0.000000
145 0.000000
146 0.000000
147 0.000000
148 0.000000
149 0.000000
150 0.000000
151 0.000002
152 0.000024
153 0.000002
154 0.000001
155 0.000000
156 0.000000
157 0.000000
158 0.000000
159 0.000000
160 0.000000
161 0.000000
162 0.000000
163 0.000000
164 0.002251
165 0.001589
166 0.001799
167 0.001869
168 0.003587
169 0.003377
170 0.003346
171 0.005596
172 0.000000
173 0.000000
174 0.000000
175 0.000000
176 0.000000
177 0.000000
178 0.000000
179 0.000000
180 0.000000
181 0.000000
182 0.000000
183 0.000000
184 0.000000
185 0.000000
186 0.000000
187 0.000001
188 0.000000
189 0.000000
190 0.000000
191 0.000007
192 0.001384
193 0.001405
194 0.001463
195 0.001982
196 0.003421
197 0.003285
198 0.002919
199 0.002795
200 0.000039
201 0.000000
202 0.000000
203 0.000001
204 0.000000
205 0.000000
206 0.000000
207 0.000000
208 0.000000
209 0.000000
210 0.000000
211 0.000000
212 0.000000
213 0.000000
214 0.000000
215 0.000000
216 0.000000
217 0.000000
218 0.000000
219 0.000134
220 0.001349
221 0.001405
222 0.001660
223 0.001939
224 0.003479
225 0.002957
226 0.002773
227 0.002650
228 0.002259
229 0.000000
230 0.000000
231 0.000000
232 0.000000
233 0.000001
234 0.000000
235 0.000000
236 0.000000
237 0.000000
238 0.000000
239 0.000000
240 0.000000
241 0.000000
242 0.000000
243 0.000000
244 0.000000
245 0.000000
246 0.000000
247 0.000043
248 0.000088
249 0.000152
250 0.000305
251 0.000505
252 0.003678
253 0.003091
254 0.002826
255 0.001480
256 0.000256
257 0.000000
258 0.000000
259 0.000000
260 0.000000
261 0.000001
262 0.000001
263 0.000000
264 0.000000
265 0.000000
266 0.000000
267 0.000000
268 0.000000
269 0.000000
270 0.000000
271 0.000000
272 0.000000
273 0.000000
274 0.000001
275 0.000007
276 0.000013
277 0.000025
278 0.000042
279 0.000072
280 0.003682
281 0.001103
282 0.000458
283 0.000122
284 0.000044
285 0.000000
286 0.000000
287 0.000000
288 0.000000
289 0.000001
290 0.000001
291 0.000001
292 0.000000
293 0.000001
294 0.000001
295 0.000001
296 0.000000
297 0.000000
298 0.000000
299 0.000000
300 0.000000
301 0.000000
302 0.000005
303 0.000009
304 0.000012
305 0.000017
306 0.000021
307 0.000040
308 0.000728
309 0.000293
310 0.000098
311 0.000035
312 0.000004
313 0.000000
314 0.000000
315 0.000000
316 0.000000
317 0.000000
318 0.000001
319 0.000001
320 0.000022
321 0.000158
322 0.000076
323 0.000003
324 0.000000
325 0.000000
326 0.000000
327 0.000000
328 0.000000
329 0.000001
330 0.000019
331 0.000010
332 0.000013
333 0.000021
334 0.000040
335 0.000096
336 0.000334
337 0.000146
338 0.000083
339 0.000044
340 0.000001
341 0.000000
342 0.000000
343 0.000000
344 0.000000
345 0.000000
346 0.000000
347 0.000005
348 0.000321
349 0.999983
350 0.000248
351 0.000001
352 0.000000
353 0.000000
354 0.000000
355 0.000000
356 0.000000
357 0.000002
358 0.000013
359 0.000026
360 0.000024
361 0.000051
362 0.000113
363 0.000194
364 0.000379
365 0.000295
366 0.000118
367 0.000060
368 0.000001
369 0.000000
370 0.000000
371 0.000000
372 0.000000
373 0.000000
374 0.000000
375 0.000007
376 0.000299
377 0.001007
378 0.000043
379 0.000000
380 0.000000
381 0.000000
382 0.000000
383 0.000000
384 0.000001
385 0.000008
386 0.000068
387 0.000102
388 0.000036
389 0.000153
390 0.000221
391 0.000202
392 0.000631
393 0.000278
394 0.000123
395 0.000020
396 0.000000
397 0.000000
398 0.000034
399 0.000003
400 0.000000
401 0.000000
402 0.000000
403 0.000005
404 0.000053
405 0.000005
406 0.000001
407 0.000000
408 0.000000
409 0.000000
410 0.000000
411 0.000000
412 0.000002
413 0.000091
414 0.001395
415 0.000935
416 0.000520
417 0.000216
418 0.000123
419 0.000086
420 0.000242
421 0.000285
422 0.000295
423 0.000011
424 0.000000
425 0.000005
426 0.001675
427 0.000082
428 0.000000
429 0.000000
430 0.000001
431 0.000003
432 0.000001
433 0.000000
434 0.000000
435 0.000000
436 0.000000
437 0.000000
438 0.000000
439 0.000001
440 0.000005
441 0.000249
442 0.999967
443 0.004443
444 0.001311
445 0.000278
446 0.000102
447 0.000057
448 0.000138
449 0.000147
450 0.000142
451 0.000004
452 0.000006
453 0.000526
454 0.999976
455 0.000081
456 0.000001
457 0.000000
458 0.000001
459 0.000000
460 0.000000
461 0.000000
462 0.000000
463 0.000000
464 0.000000
465 0.000000
466 0.000001
467 0.000003
468 0.000006
469 0.000047
470 0.000467
471 0.006028
472 0.001475
473 0.000281
474 0.000276
475 0.000251
476 0.000156
477 0.000115
478 0.000097
479 0.000003
480 0.000030
481 0.007853
482 0.000994
483 0.000200
484 0.000002
485 0.000001
486 0.000000
487 0.000000
488 0.000000
489 0.000000
490 0.000000
491 0.000000
492 0.000000
493 0.000000
494 0.000006
495 0.000018
496 0.000002
497 0.000002
498 0.000016
499 0.000439
500 0.001841
501 0.002510
502 0.002805
503 0.002611
504 0.000690
505 0.001091
506 0.000114
507 0.000019
508 0.000149
509 0.000969
510 0.000067
511 0.000032
512 0.000014
513 0.000001
514 0.000000
515 0.000000
516 0.000000
517 0.000000
518 0.000000
519 0.000000
520 0.000000
521 0.000001
522 0.000004
523 0.000007
524 0.000002
525 0.000001
526 0.000004
527 0.000170
528 0.004706
529 0.003125
530 0.009171
531 0.010018
532 0.001958
533 0.004206
534 0.000238
535 0.000085
536 0.002616
537 0.000064
538 0.000008
539 0.000018
540 0.000008
541 0.000000
542 0.000000
543 0.000000
544 0.000000
545 0.000000
546 0.000001
547 0.000001
548 0.000000
549 0.000001
550 0.000001
551 0.000002
552 0.000006
553 0.000008
554 0.000007
555 0.000152
556 0.003181
557 0.002217
558 0.008207
559 0.008298
560 0.006616
561 0.010008
562 0.000255
563 0.000281
564 0.000536
565 0.000064
566 0.000011
567 0.000007
568 0.000001
569 0.000000
570 0.000000
571 0.000000
572 0.000000
573 0.000000
574 0.000001
575 0.000001
576 0.000002
577 0.000005
578 0.000006
579 0.000004
580 0.000011
581 0.000031
582 0.000034
583 0.000079
584 0.002317
585 0.008188
586 0.008284
587 0.008381
588 0.010009
589 0.010007
590 0.002633
591 0.001036
592 0.000147
593 0.000010
594 0.000013
595 0.000002
596 0.000001
597 0.000000
598 0.000000
599 0.000000
600 0.000000
601 0.000000
602 0.000000
603 0.000001
604 0.000054
605 0.999970
606 0.000512
607 0.000055
608 0.000017
609 0.000020
610 0.000066
611 0.000643
612 0.010001
613 0.008171
614 0.008277
615 0.008371
616 0.010006
617 0.010005
618 0.010009
619 0.004526
620 0.000085
621 0.000027
622 0.000007
623 0.000002
624 0.000001
625 0.000000
626 0.000000
627 0.000000
628 0.000000
629 0.000000
630 0.000000
631 0.000001
632 0.000037
633 0.000739
634 0.003885
635 0.002098
636 0.000363
637 0.000142
638 0.000481
639 0.010011
640 0.010007
641 0.010001
642 0.000002
643 0.000001
644 0.010004
645 0.010007
646 0.010012
647 0.010012
648 0.007947
649 0.000160
650 0.000010
651 0.000001
652 0.000001
653 0.000001
654 0.000000
655 0.000000
656 0.000001
657 0.000001
658 0.000002
659 0.000004
660 0.000039
661 0.000332
662 0.001174
663 0.000677
664 0.000931
665 0.002946
666 0.003712
667 0.006829
668 0.010010
669 0.000002
670 0.000002
671 0.000001
672 0.000000
673 0.010011
674 0.010011
675 0.014658
676 0.016079
677 0.007600
678 0.000076
679 0.000015
680 0.000026
681 0.000099
682 0.000055
683 0.000007
684 0.000002
685 0.000002
686 0.000004
687 0.000025
688 0.000415
689 0.001458
690 0.001314
691 0.002645
692 0.002272
693 0.003634
694 0.003786
695 0.003868
696 0.000002
697 0.000003
698 0.000003
699 0.000001
700 0.000000
701 0.000000
702 0.012391
703 0.016377
704 0.008293
705 0.002820
706 0.000792
707 0.000532
708 0.000473
709 0.000371
710 0.000136
711 0.000019
712 0.000004
713 0.000003
714 0.000014
715 0.000095
716 0.000224
717 0.000656
718 0.001938
719 0.005233
720 0.010019
721 0.005364
722 0.003786
723 0.000002
724 0.000001
725 0.000001
726 0.000002
727 0.000002
728 0.000000
729 0.000000
730 0.000000
731 0.000000
732 0.003951
733 0.000950
734 0.000599
735 0.000556
736 0.000527
737 0.000416
738 0.000371
739 0.000052
740 0.000010
741 0.000006
742 0.000029
743 0.000217
744 0.000272
745 0.000310
746 0.000928
747 0.002875
748 0.007883
749 0.010015
750 0.000002
751 0.000003
752 0.000002
753 0.000001
754 0.000002
755 0.000002
756 0.000000
757 0.000000
758 0.000000
759 0.000000
760 0.000000
761 0.000787
762 0.000737
763 0.000587
764 0.000556
765 0.000527
766 0.000499
767 0.000145
768 0.000020
769 0.000018
770 0.000080
771 0.000229
772 0.000286
773 0.000356
774 0.000548
775 0.001401
776 0.003620
777 0.000767
778 0.001563
779 0.000541
780 0.000309
781 0.000163
782 0.000001
783 0.000002
