0 0.007904
1 0.004888
2 0.004178
3 0.004341
4 0.003907
5 0.003507
6 0.003291
7 0.003188
8 0.000985
9 0.000259
10 0.000229
11 0.000334
12 0.000530
13 0.000672
14 0.000700
15 0.001102
16 0.000696
17 0.000349
18 0.000596
19 0.002242
20 0.004829
21 0.004830
22 0.005110
23 0.005143
24 0.007141
25 0.011039
26 0.014316
27 0.012973
28 0.013385
29 0.007854
30 0.004689
31 0.003998
32 0.003836
33 0.003576
34 0.003188
35 0.002286
36 0.000468
37 0.000148
38 0.000139
39 0.000200
40 0.000337
41 0.000644
42 0.000644
43 0.000895
44 0.001012
45 0.000989
46 0.000619
47 0.002027
48 0.004573
49 0.004837
50 0.000000
51 0.000000
52 0.011039
53 0.014316
54 0.011850
55 0.007497
56 0.022203
57 0.014107
58 0.008599
59 0.004642
60 0.003825
61 0.003271
62 0.003088
63 0.001188
64 0.000262
65 0.000104
66 0.000129
67 0.000123
68 0.000187
69 0.000375
70 0.000542
71 0.000611
72 0.001735
73 0.001824
74 0.000961
75 0.001246
76 0.000003
77 0.000000
78 0.000000
79 0.000000
80 0.000000
81 0.011850
82 0.007497
83 0.004025
84 0.025400
85 0.025490
86 0.015450
87 0.007985
88 0.004196
89 0.003399
90 0.003018
91 0.000571
92 0.000123
93 0.000086
94 0.000084
95 0.000086
96 0.000114
97 0.000245
98 0.000447
99 0.000686
100 0.001842
101 0.001605
102 0.000003
103 0.000000
104 0.000000
105 0.000000
106 0.000000
107 0.000000
108 0.000000
109 0.006609
110 0.003930
111 0.002761
112 0.018076
113 0.025879
114 0.027584
115 0.015450
116 0.000000
117 0.000000
118 0.000000
119 0.000000
120 0.000001
121 0.000031
122 0.000075
123 0.000076
124 0.000081
125 0.000126
126 0.000286
127 0.000078
128 0.000003
129 0.000000
130 0.000000
131 0.000000
132 0.000000
133 0.000000
134 0.000000
135 0.000000
136 0.006569
137 0.003382
138 0.002343
139 0.003119
140 0.012659
141 0.018077
142 0.025880
143 0.029462
144 0.000001
145 0.000000
146 0.000000
147 0.000000
148 0.000000
149 0.000000
150 0.000000
151 0.000000
152 0.000002
153 0.000000
154 0.000001
155 0.000000
156 0.000000
157 0.000000
158 0.000000
159 0.000000
160 0.000000
161 0.000000
162 0.000000
163 0.000014
164 0.003171
165 0.002197
166 0.002922
167 0.004024
168 0.010000
169 0.012659
170 0.016491
171 0.023621
172 0.000051
173 0.000002
174 0.000000
175 0.000000
176 0.000000
177 0.000000
178 0.000000
179 0.000000
180 0.000000
181 0.000000
182 0.000000
183 0.000000
184 0.000000
185 0.000000
186 0.000000
187 0.000000
188 0.000000
189 0.000000
190 0.000000
191 0.002787
192 0.002081
193 0.002674
194 0.004210
195 0.007175
196 0.010000
197 0.010000
198 0.011656
199 0.016491
200 0.003773
201 0.000028
202 0.000001
203 0.000000
204 0.000000
205 0.000000
206 0.000000
207 0.000000
208 0.000000
209 0.000000
210 0.000000
211 0.000000
212 0.000000
213 0.000000
214 0.000000
215 0.000000
216 0.000000
217 0.000000
218 0.000008
219 0.001136
220 0.002879
221 0.004827
222 0.007378
223 0.008518
224 0.008425
225 0.010000
226 0.010000
227 0.010806
228 0.015040
229 0.000016
230 0.000000
231 0.000000
232 0.000000
233 0.000000
234 0.000000
235 0.000000
236 0.000000
237 0.000000
238 0.000000
239 0.000000
240 0.000000
241 0.000000
242 0.000000
243 0.000000
244 0.000000
245 0.000000
246 0.000050
247 0.000303
248 0.000840
249 0.001889
250 0.002715
251 0.002575
252 0.005359
253 0.007008
254 0.009291
255 0.006543
256 0.001955
257 0.000002
258 0.000000
259 0.000000
260 0.000000
261 0.000000
262 0.000000
263 0.000000
264 0.000000
265 0.000000
266 0.000000
267 0.000000
268 0.000000
269 0.000000
270 0.000000
271 0.000000
272 0.000000
273 0.000000
274 0.000016
275 0.000175
276 0.000354
277 0.000417
278 0.000395
279 0.000377
280 0.002934
281 0.001711
282 0.001303
283 0.000621
284 0.000348
285 0.000003
286 0.000000
287 0.000000
288 0.000000
289 0.000000
290 0.000000
291 0.000000
292 0.000000
293 0.000000
294 0.000000
295 0.000001
296 0.000000
297 0.000000
298 0.000000
299 0.000000
300 0.000000
301 0.000013
302 0.000015
303 0.000346
304 0.000236
305 0.000168
306 0.000132
307 0.000103
308 0.000589
309 0.000250
310 0.000141
311 0.000086
312 0.000021
313 0.000001
314 0.000000
315 0.000000
316 0.000000
317 0.000000
318 0.000000
319 0.000001
320 0.000002
321 0.000001
322 0.000000
323 0.000000
324 0.000000
325 0.000000
326 0.000000
327 0.000000
328 0.000049
329 0.000193
330 0.000054
331 0.000065
332 0.000121
333 0.000085
334 0.000070
335 0.000112
336 0.000248
337 0.000094
338 0.000055
339 0.000039
340 0.000003
341 0.000000
342 0.000000
343 0.000000
344 0.000000
345 0.000001
346 0.000013
347 0.000454
348 0.000206
349 0.000029
350 0.000001
351 0.000000
352 0.000000
353 0.000000
354 0.000000
355 0.000001
356 1.000000
357 0.001929
358 0.000074
359 0.000022
360 0.000129
361 0.000087
362 0.000096
363 0.000130
364 0.000341
365 0.000218
366 0.000105
367 0.000050
368 0.000000
369 0.000000
370 0.000000
371 0.000000
372 0.000000
373 0.000009
374 0.001464
375 0.003185
376 0.003403
377 0.001044
378 0.000004
379 0.000000
380 0.000000
381 0.000000
382 0.000000
383 0.000002
384 0.000831
385 0.003704
386 0.000070
387 0.000028
388 0.000168
389 0.000344
390 0.000512
391 0.001008
392 0.000586
393 0.000343
394 0.000188
395 0.000024
396 0.000000
397 0.000000
398 0.000000
399 0.000000
400 0.000000
401 0.000032
402 0.999999
403 0.011034
404 0.007709
405 0.000395
406 0.000010
407 0.000000
408 0.000000
409 0.000000
410 0.000000
411 0.000001
412 0.000012
413 0.000103
414 0.000046
415 0.000025
416 0.000229
417 0.004722
418 0.005139
419 0.004632
420 0.000586
421 0.000540
422 0.000395
423 0.000013
424 0.000000
425 0.000000
426 0.000000
427 0.000001
428 0.000001
429 0.000019
430 0.001652
431 0.016598
432 0.000468
433 0.000021
434 0.000002
435 0.000001
436 0.000000
437 0.000000
438 0.000000
439 0.000000
440 0.000000
441 0.000003
442 0.000076
443 0.000037
444 0.000273
445 0.016738
446 0.024124
447 0.014417
448 0.000522
449 0.000410
450 0.000420
451 0.000006
452 0.000000
453 0.000000
454 0.000001
455 0.000012
456 0.000013
457 0.000013
458 0.000133
459 0.000283
460 0.000013
461 0.000001
462 0.000001
463 0.000005
464 0.000007
465 0.000003
466 0.000001
467 0.000000
468 0.000000
469 0.000002
470 0.000044
471 0.000110
472 0.000297
473 0.003701
474 0.007228
475 0.009744
476 0.000499
477 0.000469
478 0.000319
479 0.000005
480 0.000001
481 0.000002
482 0.000015
483 0.000170
484 0.000449
485 0.000080
486 0.000006
487 0.000001
488 0.000000
489 0.000000
490 0.000000
491 0.000000
492 0.000008
493 0.000113
494 0.000174
495 0.000010
496 0.000001
497 0.000001
498 0.000022
499 0.000175
500 0.000031
501 0.000215
502 0.003463
503 0.004897
504 0.000934
505 0.001593
506 0.000232
507 0.000004
508 0.000001
509 0.000004
510 0.000056
511 0.002161
512 0.999999
513 0.000099
514 0.000001
515 0.000000
516 0.000000
517 0.000000
518 0.000000
519 0.000000
520 0.000006
521 0.004079
522 0.030062
523 0.001577
524 0.000061
525 0.000002
526 0.000002
527 0.000022
528 0.000012
529 0.000050
530 0.001848
531 0.003004
532 0.003010
533 0.006190
534 0.000294
535 0.000006
536 0.000002
537 0.000016
538 0.000699
539 0.004653
540 0.000688
541 0.000014
542 0.000001
543 0.000000
544 0.000000
545 0.000000
546 0.000000
547 0.000000
548 0.000004
549 0.000526
550 0.013869
551 0.999984
552 0.000445
553 0.000021
554 0.000002
555 0.000010
556 0.000029
557 0.000073
558 0.001127
559 0.001688
560 0.009267
561 0.016310
562 0.000354
563 0.000007
564 0.000010
565 0.000311
566 0.005740
567 0.000468
568 0.000023
569 0.000002
570 0.000000
571 0.000000
572 0.000000
573 0.000001
574 0.000002
575 0.000002
576 0.000007
577 0.000003
578 0.000027
579 0.000708
580 0.006257
581 0.000617
582 0.000052
583 0.000011
584 0.000084
585 0.001122
586 0.001162
587 0.001348
588 0.018362
589 0.014348
590 0.001225
591 0.000034
592 0.000161
593 0.003999
594 0.000568
595 0.000046
596 0.000004
597 0.000002
598 0.000001
599 0.000000
600 0.000001
601 0.000003
602 0.000030
603 0.000014
604 0.000015
605 0.000003
606 0.000003
607 0.000017
608 0.000297
609 0.003416
610 0.001787
611 0.000397
612 0.002250
613 0.001418
614 0.001303
615 0.001348
616 0.012373
617 0.010001
618 0.010000
619 0.002840
620 0.003342
621 0.000835
622 0.000030
623 0.000006
624 0.000015
625 0.000011
626 0.000006
627 0.000002
628 0.000001
629 0.000002
630 0.000041
631 0.000380
632 0.000243
633 0.000023
634 0.000011
635 0.000006
636 0.000016
637 0.000299
638 0.005080
639 0.006517
640 0.003839
641 0.002672
642 0.000000
643 0.000000
644 0.010000
645 0.010000
646 0.010000
647 0.010000
648 0.009071
649 0.000872
650 0.000036
651 0.000017
652 0.000023
653 0.000026
654 0.000023
655 0.000010
656 0.000008
657 0.000081
658 0.001072
659 0.002287
660 0.001141
661 0.000705
662 0.000143
663 0.000039
664 0.000020
665 0.000520
666 0.008502
667 0.010008
668 0.007578
669 0.000000
670 0.000000
671 0.000000
672 0.000000
673 0.010000
674 0.010000
675 0.009788
676 0.006698
677 0.003267
678 0.000437
679 0.000027
680 0.000049
681 0.000165
682 0.000561
683 0.000156
684 0.000043
685 0.000124
686 0.001300
687 0.007173
688 0.010001
689 0.010000
690 0.001930
691 0.000592
692 0.000906
693 0.003005
694 0.005100
695 0.008802
696 0.000000
697 0.000000
698 0.000000
699 0.000000
700 0.000000
701 0.000000
702 0.010000
703 0.007170
704 0.003608
705 0.001804
706 0.001054
707 0.001003
708 0.000919
709 0.000755
710 0.000618
711 0.000330
712 0.000173
713 0.000212
714 0.001571
715 0.004548
716 0.010001
717 0.010000
718 0.010000
719 0.004887
720 0.002828
721 0.002707
722 0.003469
723 0.000000
724 0.000000
725 0.000000
726 0.000000
727 0.000000
728 0.000000
729 0.000000
730 0.000000
731 0.000000
732 0.002025
733 0.001317
734 0.001094
735 0.001047
736 0.001003
737 0.000828
738 0.000755
739 0.000721
740 0.000578
741 0.000601
742 0.001069
743 0.002572
744 0.007317
745 0.010000
746 0.010000
747 0.008665
748 0.004376
749 0.002956
750 0.000000
751 0.000000
752 0.000002
753 0.000000
754 0.000000
755 0.000000
756 0.000000
757 0.000000
758 0.000001
759 0.000000
760 0.000000
761 0.001368
762 0.001313
763 0.001094
764 0.001047
765 0.001003
766 0.000960
767 0.001452
768 0.001580
769 0.001612
770 0.000748
771 0.001742
772 0.004713
773 0.010000
774 0.010000
775 0.010000
776 0.007596
777 0.000044
778 0.000528
779 0.000449
780 0.000246
781 0.000002
782 0.000001
783 0.000000
