0 0.003366
1 0.003236
2 0.002806
3 0.003061
4 0.003781
5 0.005658
6 0.008404
7 0.009214
8 0.002709
9 0.000534
10 0.001537
11 0.004863
12 0.002730
13 0.000480
14 0.000336
15 0.000261
16 0.000130
17 0.000067
18 0.000190
19 0.000776
20 0.001759
21 0.002748
22 0.004676
23 0.007098
24 0.007333
25 0.007333
26 0.006648
27 0.004871
28 0.002929
29 0.003111
30 0.002689
31 0.002689
32 0.002799
33 0.004185
34 0.006277
35 0.006639
36 0.001481
37 0.001418
38 0.007843
39 0.007454
40 0.001334
41 0.000384
42 0.000301
43 0.000156
44 0.000074
45 0.000048
46 0.000082
47 0.000478
48 0.002502
49 0.004335
50 0.000000
51 0.000000
52 0.007333
53 0.006760
54 0.004489
55 0.003335
56 0.003111
57 0.002689
58 0.002670
59 0.002689
60 0.002689
61 0.002779
62 0.004157
63 0.002416
64 0.000888
65 0.003783
66 0.028902
67 0.007282
68 0.000462
69 0.000256
70 0.000184
71 0.000085
72 0.000045
73 0.000034
74 0.000044
75 0.000339
76 0.000004
77 0.000000
78 0.000000
79 0.000000
80 0.000000
81 0.004542
82 0.003313
83 0.002110
84 0.002992
85 0.002605
86 0.002319
87 0.002352
88 0.002419
89 0.002419
90 0.002779
91 0.000843
92 0.000667
93 0.017007
94 0.083557
95 0.008560
96 0.000648
97 0.000256
98 0.000117
99 0.000049
100 0.000031
101 0.000011
102 0.000000
103 0.000000
104 0.000000
105 0.000000
106 0.000000
107 0.000000
108 0.000000
109 0.003039
110 0.002030
111 0.002123
112 0.002578
113 0.002471
114 0.002102
115 0.002177
116 0.000000
117 0.000000
118 0.000000
119 0.000000
120 0.000016
121 0.020468
122 0.056021
123 0.006185
124 0.001117
125 0.000245
126 0.000057
127 0.000002
128 0.000000
129 0.000000
130 0.000000
131 0.000000
132 0.000000
133 0.000000
134 0.000000
135 0.000000
136 0.000043
137 0.001734
138 0.001790
139 0.002067
140 0.002471
141 0.002109
142 0.001926
143 0.001919
144 0.000000
145 0.000000
146 0.000000
147 0.000000
148 0.000000
149 0.000005
150 0.000016
151 0.000017
152 0.000042
153 0.000001
154 0.000000
155 0.000000
156 0.000000
157 0.000000
158 0.000000
159 0.000000
160 0.000000
161 0.000000
162 0.000000
163 0.000000
164 0.001864
165 0.001451
166 0.001687
167 0.001754
168 0.003789
169 0.002177
170 0.001840
171 0.001681
172 0.000017
173 0.000000
174 0.000000
175 0.000000
176 0.000001
177 0.000009
178 0.000000
179 0.000000
180 0.000000
181 0.000000
182 0.000000
183 0.000000
184 0.000000
185 0.000000
186 0.000000
187 0.000000
188 0.000000
189 0.000000
190 0.000000
191 0.000000
192 0.001288
193 0.001309
194 0.001364
195 0.001848
196 0.005944
197 0.003956
198 0.002278
199 0.001405
200 0.001825
201 0.000001
202 0.000000
203 0.000000
204 0.000005
205 0.000001
206 0.000000
207 0.000000
208 0.000000
209 0.000000
210 0.000000
211 0.000000
212 0.000000
213 0.000000
214 0.000000
215 0.000000
216 0.000000
217 0.000000
218 0.000000
219 0.000018
220 0.001256
221 0.001309
222 0.001530
223 0.001788
224 0.010000
225 0.006614
226 0.004221
227 0.002335
228 0.001216
229 0.000025
230 0.000000
231 0.000000
232 0.000000
233 0.000000
234 0.000000
235 0.000000
236 0.000000
237 0.000000
238 0.000000
239 0.000000
240 0.000000
241 0.000000
242 0.000000
243 0.000000
244 0.000000
245 0.000000
246 0.000000
247 0.000099
248 0.000175
249 0.000257
250 0.000454
251 0.000655
252 0.010000
253 0.010000
254 0.008607
255 0.002957
256 0.000439
257 0.000016
258 0.000000
259 0.000000
260 0.000000
261 0.000000
262 0.000000
263 0.000000
264 0.000000
265 0.000002
266 0.000017
267 0.000017
268 0.000001
269 0.000000
270 0.000000
271 0.000000
272 0.000000
273 0.000000
274 0.000000
275 0.000024
276 0.000040
277 0.000065
278 0.000097
279 0.000153
280 0.012686
281 0.006663
282 0.002214
283 0.000872
284 0.000248
285 0.000002
286 0.000001
287 0.000000
288 0.000000
289 0.000000
290 0.000000
291 0.000000
292 0.000000
293 0.000004
294 0.000331
295 1.000000
296 0.000002
297 0.000000
298 0.000000
299 0.000000
300 0.000000
301 0.000000
302 0.000000
303 0.000027
304 0.000037
305 0.000048
306 0.000055
307 0.000071
308 0.001746
309 0.001301
310 0.000936
311 0.000550
312 0.000050
313 0.000004
314 0.000045
315 0.000006
316 0.000000
317 0.000000
318 0.000000
319 0.000000
320 0.000001
321 0.000019
322 0.000301
323 0.000022
324 0.000000
325 0.000000
326 0.000000
327 0.000000
328 0.000000
329 0.000000
330 0.000000
331 0.000005
332 0.000036
333 0.000044
334 0.000054
335 0.000084
336 0.000236
337 0.000339
338 0.000366
339 0.000384
340 0.000020
341 0.000039
342 0.001319
343 0.001199
344 0.000001
345 0.000000
346 0.000000
347 0.000000
348 0.000001
349 0.000027
350 0.000008
351 0.000000
352 0.000000
353 0.000000
354 0.000000
355 0.000000
356 0.000000
357 0.000000
358 0.000000
359 0.000001
360 0.000055
361 0.000043
362 0.000062
363 0.000070
364 0.000103
365 0.000109
366 0.000093
367 0.000214
368 0.000010
369 0.000279
370 0.081231
371 0.999989
372 0.000010
373 0.000000
374 0.000000
375 0.000000
376 0.000000
377 0.000001
378 0.000000
379 0.000000
380 0.000000
381 0.000000
382 0.000000
383 0.000000
384 0.000000
385 0.000000
386 0.000000
387 0.000001
388 0.000050
389 0.000127
390 0.000134
391 0.000176
392 0.000065
393 0.000037
394 0.000053
395 0.000026
396 0.000028
397 0.001189
398 0.434030
399 0.003635
400 0.000046
401 0.000000
402 0.000000
403 0.000000
404 0.000000
405 0.000000
406 0.000000
407 0.000000
408 0.000000
409 0.000001
410 0.000000
411 0.000000
412 0.000000
413 0.000000
414 0.000000
415 0.000000
416 0.000027
417 0.000697
418 0.000848
419 0.000850
420 0.000071
421 0.000091
422 0.000142
423 0.000013
424 0.000026
425 0.001006
426 0.005897
427 0.000110
428 0.000035
429 0.000008
430 0.000002
431 0.000000
432 0.000000
433 0.000000
434 0.000000
435 0.000000
436 0.000000
437 0.000003
438 0.000000
439 0.000000
440 0.000000
441 0.000000
442 0.000000
443 0.000000
444 0.000009
445 0.003794
446 0.005864
447 0.003783
448 0.000278
449 0.000282
450 0.000446
451 0.000010
452 0.000020
453 0.001336
454 0.000021
455 0.000001
456 0.000003
457 0.000015
458 0.000009
459 0.000000
460 0.000000
461 0.000000
462 0.000000
463 0.000000
464 0.000000
465 0.000001
466 0.000000
467 0.000000
468 0.000000
469 0.000000
470 0.000000
471 0.000000
472 0.000005
473 0.001925
474 0.010275
475 0.011224
476 0.002522
477 0.001464
478 0.000282
479 0.000019
480 0.000100
481 0.000055
482 0.000001
483 0.000000
484 0.000000
485 0.000003
486 0.000000
487 0.000000
488 0.000000
489 0.000000
490 0.000000
491 0.000000
492 0.000000
493 0.000000
494 0.000000
495 0.000003
496 0.000021
497 0.000002
498 0.000000
499 0.000000
500 0.000001
501 0.000346
502 0.012512
503 0.013490
504 0.010001
505 0.005818
506 0.000202
507 0.000043
508 0.000627
509 0.000009
510 0.000000
511 0.000000
512 0.000000
513 0.000000
514 0.000000
515 0.000000
516 0.000000
517 0.000000
518 0.000000
519 0.000000
520 0.000000
521 0.000000
522 0.000000
523 0.000003
524 1.000000
525 0.000228
526 0.000003
527 0.000000
528 0.000000
529 0.000076
530 0.011220
531 0.009874
532 0.008958
533 0.008575
534 0.000239
535 0.000469
536 0.000552
537 0.000003
538 0.000001
539 0.000000
540 0.000000
541 0.000000
542 0.000000
543 0.000000
544 0.000000
545 0.000000
546 0.000000
547 0.000000
548 0.000000
549 0.000000
550 0.000000
551 0.000001
552 0.000371
553 0.015157
554 0.000123
555 0.000003
556 0.000002
557 0.000065
558 0.004003
559 0.006080
560 0.007937
561 0.008081
562 0.000289
563 0.000764
564 0.000186
565 0.000005
566 0.000004
567 0.000001
568 0.000000
569 0.000000
570 0.000000
571 0.000000
572 0.000000
573 0.000000
574 0.000000
575 0.000003
576 0.000000
577 0.000000
578 0.000000
579 0.000000
580 0.000005
581 0.000128
582 0.005151
583 0.000114
584 0.000047
585 0.003518
586 0.003569
587 0.003591
588 0.007823
589 0.008553
590 0.003034
591 0.001077
592 0.000017
593 0.000005
594 0.000005
595 0.000001
596 0.000000
597 0.000000
598 0.000000
599 0.000001
600 0.000002
601 0.000032
602 0.000023
603 0.000000
604 0.000000
605 0.000000
606 0.000000
607 0.000000
608 0.000000
609 0.000003
610 0.000362
611 0.007856
612 0.008605
613 0.004889
614 0.003870
615 0.003591
616 0.008636
617 0.010000
618 0.010000
619 0.001817
620 0.000062
621 0.000012
622 0.000003
623 0.000001
624 0.000002
625 0.000028
626 0.000396
627 0.005443
628 0.049531
629 0.018361
630 0.000275
631 0.000000
632 0.000000
633 0.000000
634 0.000000
635 0.000000
636 0.000000
637 0.000002
638 0.000171
639 0.008502
640 0.012320
641 0.010000
642 0.000000
643 0.000000
644 0.010000
645 0.010000
646 0.010000
647 0.010000
648 0.005357
649 0.000053
650 0.000030
651 0.000205
652 0.000900
653 0.004175
654 0.012441
655 0.018206
656 0.068111
657 0.063554
658 0.002050
659 0.000002
660 0.000000
661 0.000000
662 0.000000
663 0.000000
664 0.000001
665 0.000044
666 0.002469
667 0.004935
668 0.008721
669 0.000000
670 0.000000
671 0.000000
672 0.000000
673 0.010000
674 0.010000
675 0.010000
676 0.006619
677 0.003100
678 0.001529
679 0.004291
680 0.007706
681 0.001652
682 0.001092
683 0.008182
684 0.079408
685 0.050358
686 0.000987
687 0.000019
688 0.000008
689 0.000057
690 0.000146
691 0.000081
692 0.000175
693 0.000943
694 0.001255
695 0.002989
696 0.000000
697 0.000000
698 0.000000
699 0.000000
700 0.000000
701 0.000000
702 0.010000
703 0.007635
704 0.003685
705 0.001673
706 0.000929
707 0.000847
708 0.000815
709 0.000888
710 0.003024
711 0.021802
712 0.173791
713 0.022224
714 0.000484
715 0.000040
716 0.000025
717 0.000109
718 0.000771
719 0.000801
720 0.000832
721 0.000978
722 0.001148
723 0.000000
724 0.000000
725 0.000000
726 0.000000
727 0.000000
728 0.000000
729 0.000000
730 0.000000
731 0.000000
732 0.002008
733 0.001182
734 0.000927
735 0.000907
736 0.000997
737 0.001542
738 0.008794
739 0.062455
740 0.083186
741 0.008402
742 0.000300
743 0.000079
744 0.000081
745 0.000262
746 0.000806
747 0.000943
748 0.000978
749 0.001148
750 0.000000
751 0.000000
752 0.000000
753 0.000000
754 0.000000
755 0.000000
756 0.000000
757 0.000000
758 0.000000
759 0.000000
760 0.000000
761 0.001173
762 0.001136
763 0.001006
764 0.001244
765 0.003900
766 0.022802
767 0.130185
768 0.030430
769 0.002224
770 0.000395
771 0.000164
772 0.000240
773 0.000643
774 0.000825
775 0.000867
776 0.001015
777 0.000000
778 0.000082
779 0.000053
780 0.000000
781 0.000000
782 0.000000
783 0.000000
