0 0.002541
1 0.002420
2 0.002027
3 0.002195
4 0.001824
5 0.001505
6 0.001345
7 0.001271
8 0.000283
9 0.000052
10 0.000036
11 0.000030
12 0.000032
13 0.000030
14 0.000028
15 0.000030
16 0.000040
17 0.000128
18 0.001683
19 0.013930
20 0.009785
21 0.003331
22 0.001583
23 0.001492
24 0.001344
25 0.001407
26 0.001697
27 0.001775
28 0.002137
29 0.002304
30 0.001922
31 0.001824
32 0.001730
33 0.001558
34 0.001271
35 0.000840
36 0.000104
37 0.000024
38 0.000021
39 0.000023
40 0.000021
41 0.000025
42 0.000026
43 0.000030
44 0.000068
45 0.000285
46 0.001098
47 0.002745
48 0.003729
49 0.001459
50 0.000000
51 0.000000
52 0.001279
53 0.001553
54 0.001406
55 0.001697
56 0.002304
57 0.001922
58 0.001824
59 0.001730
60 0.001558
61 0.001271
62 0.001202
63 0.000354
64 0.000050
65 0.000015
66 0.000019
67 0.000015
68 0.000012
69 0.000016
70 0.000020
71 0.000039
72 0.000198
73 0.000471
74 0.000301
75 0.000462
76 0.000000
77 0.000000
78 0.000000
79 0.000000
80 0.000000
81 0.001278
82 0.001553
83 0.001406
84 0.002195
85 0.001824
86 0.001505
87 0.001345
88 0.001271
89 0.001202
90 0.001076
91 0.000131
92 0.000018
93 0.000011
94 0.000010
95 0.000010
96 0.000011
97 0.000019
98 0.000026
99 0.000107
100 0.000367
101 0.000068
102 0.000000
103 0.000000
104 0.000000
105 0.000000
106 0.000000
107 0.000000
108 0.000000
109 0.001219
110 0.001278
111 0.001553
112 0.001824
113 0.001730
114 0.001345
115 0.001272
116 0.000000
117 0.000000
118 0.000000
119 0.000000
120 0.000000
121 0.000001
122 0.000009
123 0.000009
124 0.000015
125 0.000019
126 0.000063
127 0.000003
128 0.000000
129 0.000000
130 0.000000
131 0.000000
132 0.000000
133 0.000000
134 0.000000
135 0.000000
136 0.000016
137 0.000995
138 0.001219
139 0.001486
140 0.001731
141 0.001423
142 0.001272
143 0.001202
144 0.000000
145 0.000000
146 0.000000
147 0.000000
148 0.000000
149 0.000000
150 0.000000
151 0.000000
152 0.000000
153 0.000000
154 0.000000
155 0.000000
156 0.000000
157 0.000000
158 0.000000
159 0.000000
160 0.000000
161 0.000000
162 0.000000
163 0.000000
164 0.001009
165 0.000946
166 0.001162
167 0.001219
168 0.001423
169 0.001272
170 0.001202
171 0.001076
172 0.000000
173 0.000000
174 0.000000
175 0.000000
176 0.000000
177 0.000000
178 0.000000
179 0.000000
180 0.000000
181 0.000000
182 0.000000
183 0.000000
184 0.000000
185 0.000000
186 0.000000
187 0.000000
188 0.000000
189 0.000000
190 0.000000
191 0.000026
192 0.000813
193 0.000855
194 0.000899
195 0.001311
196 0.001525
197 0.001203
198 0.000971
199 0.000863
200 0.000000
201 0.000000
202 0.000000
203 0.000000
204 0.000000
205 0.000000
206 0.000000
207 0.000000
208 0.000000
209 0.000000
210 0.000000
211 0.000000
212 0.000000
213 0.000000
214 0.000000
215 0.000000
216 0.000000
217 0.000000
218 0.000000
219 0.000001
220 0.000813
221 0.000867
222 0.001021
223 0.001263
224 0.002027
225 0.001369
226 0.001005
227 0.000813
228 0.000607
229 0.000000
230 0.000000
231 0.000000
232 0.000000
233 0.000000
234 0.000000
235 0.000000
236 0.000000
237 0.000000
238 0.000000
239 0.000000
240 0.000000
241 0.000000
242 0.000000
243 0.000000
244 0.000000
245 0.000000
246 0.000001
247 0.000001
248 0.000003
249 0.000007
250 0.000022
251 0.000060
252 0.002829
253 0.001873
254 0.001435
255 0.000410
256 0.000025
257 0.000000
258 0.000000
259 0.000000
260 0.000000
261 0.000000
262 0.000000
263 0.000000
264 0.000000
265 0.000000
266 0.000000
267 0.000000
268 0.000000
269 0.000000
270 0.000000
271 0.000000
272 0.000000
273 0.000000
274 0.000000
275 0.000000
276 0.000001
277 0.000001
278 0.000001
279 0.000002
280 0.002576
281 0.000488
282 0.000133
283 0.000013
284 0.000002
285 0.000000
286 0.000000
287 0.000000
288 0.000000
289 0.000000
290 0.000000
291 0.000000
292 0.000000
293 0.000000
294 0.000000
295 0.000000
296 0.000000
297 0.000000
298 0.000000
299 0.000000
300 0.000000
301 0.000000
302 0.000000
303 0.000000
304 0.000001
305 0.000001
306 0.000001
307 0.000001
308 0.000161
309 0.000041
310 0.000010
311 0.000003
312 0.000000
313 0.000000
314 0.000000
315 0.000000
316 0.000000
317 0.000000
318 0.000001
319 0.000000
320 0.000000
321 0.000000
322 0.000000
323 0.000000
324 0.000000
325 0.000000
326 0.000000
327 0.000000
328 0.000000
329 0.000000
330 0.000000
331 0.000000
332 0.000001
333 0.000001
334 0.000001
335 0.000001
336 0.000017
337 0.000007
338 0.000005
339 0.000003
340 0.000000
341 0.000000
342 0.000000
343 0.000000
344 0.000000
345 0.000001
346 0.000001
347 0.000001
348 0.000000
349 0.000000
350 0.000000
351 0.000000
352 0.000000
353 0.000000
354 0.000000
355 0.000000
356 0.000000
357 0.000000
358 0.000000
359 0.000000
360 0.000001
361 0.000001
362 0.000001
363 0.000001
364 0.000009
365 0.000009
366 0.000007
367 0.000005
368 0.000000
369 0.000000
370 0.000000
371 0.000000
372 0.000000
373 0.000001
374 0.000001
375 0.000001
376 0.000000
377 0.000000
378 0.000000
379 0.000000
380 0.000000
381 0.000000
382 0.000000
383 0.000000
384 0.000000
385 0.000000
386 0.000000
387 0.000000
388 0.000000
389 0.000001
390 0.000001
391 0.000001
392 0.000021
393 0.000011
394 0.000005
395 0.000001
396 0.000000
397 0.000000
398 0.000000
399 0.000001
400 0.000001
401 0.000001
402 0.000001
403 0.000001
404 0.000000
405 0.000000
406 0.000000
407 0.000000
408 0.000000
409 0.000000
410 0.000000
411 0.000000
412 0.000000
413 0.000000
414 0.000000
415 0.000000
416 0.000000
417 0.000001
418 0.000002
419 0.000002
420 0.000049
421 0.000024
422 0.000013
423 0.000000
424 0.000000
425 0.000000
426 0.000000
427 0.000002
428 0.000003
429 0.000002
430 0.000001
431 0.000000
432 0.000000
433 0.000000
434 0.000000
435 0.000000
436 0.000000
437 0.000000
438 0.000000
439 0.000000
440 0.000000
441 0.000000
442 0.000000
443 0.000000
444 0.000000
445 0.000002
446 0.000004
447 0.000005
448 0.000089
449 0.000065
450 0.000039
451 0.000000
452 0.000000
453 0.000000
454 0.000004
455 0.000112
456 0.000004
457 0.000001
458 0.000000
459 0.000000
460 0.000000
461 0.000000
462 0.000000
463 0.000000
464 0.000000
465 0.000000
466 0.000000
467 0.000000
468 0.000000
469 0.000000
470 0.000000
471 0.000000
472 0.000000
473 0.000001
474 0.000005
475 0.000007
476 0.000102
477 0.000089
478 0.000021
479 0.000000
480 0.000000
481 0.000002
482 0.001287
483 0.013424
484 0.000001
485 0.000000
486 0.000000
487 0.000000
488 0.000000
489 0.000000
490 0.000000
491 0.000000
492 0.000000
493 0.000000
494 0.000000
495 0.000000
496 0.000000
497 0.000000
498 0.000000
499 0.000000
500 0.000000
501 0.000000
502 0.000008
503 0.000011
504 0.000139
505 0.000102
506 0.000004
507 0.000000
508 0.000001
509 0.000134
510 0.999984
511 0.000030
512 0.000000
513 0.000000
514 0.000000
515 0.000000
516 0.000000
517 0.000000
518 0.000000
519 0.000000
520 0.000000
521 0.000001
522 0.000000
523 0.000000
524 0.000000
525 0.000000
526 0.000000
527 0.000000
528 0.000000
529 0.000000
530 0.000013
531 0.000018
532 0.000127
533 0.000124
534 0.000003
535 0.000000
536 0.000026
537 0.013946
538 0.000030
539 0.000001
540 0.000000
541 0.000000
542 0.000000
543 0.000000
544 0.000000
545 0.000000
546 0.000001
547 0.000001
548 0.000003
549 0.000003
550 0.000001
551 0.000000
552 0.000000
553 0.000000
554 0.000000
555 0.000000
556 0.000000
557 0.000000
558 0.000018
559 0.000019
560 0.000220
561 0.000545
562 0.000014
563 0.000005
564 0.000789
565 0.000072
566 0.000001
567 0.000000
568 0.000000
569 0.000000
570 0.000000
571 0.000000
572 0.000000
573 0.000001
574 0.000001
575 0.000003
576 0.999987
577 0.000681
578 0.000003
579 0.000000
580 0.000000
581 0.000000
582 0.000000
583 0.000000
584 0.000000
585 0.000018
586 0.000019
587 0.000026
588 0.000784
589 0.002182
590 0.000520
591 0.000157
592 0.000270
593 0.000001
594 0.000000
595 0.000000
596 0.000000
597 0.000000
598 0.000000
599 0.000001
600 0.000001
601 0.000001
602 0.000001
603 0.000002
604 0.000564
605 0.003629
606 0.000042
607 0.000002
608 0.000001
609 0.000000
610 0.000000
611 0.000000
612 0.000016
613 0.000018
614 0.000024
615 0.000026
616 0.003166
617 0.008477
618 0.010019
619 0.001430
620 0.000017
621 0.000000
622 0.000000
623 0.000000
624 0.000001
625 0.000001
626 0.000001
627 0.000001
628 0.000001
629 0.000000
630 0.000001
631 0.000001
632 0.000009
633 0.000014
634 0.000005
635 0.000086
636 0.000012
637 0.000001
638 0.000001
639 0.000016
640 0.000018
641 0.000024
642 0.000000
643 0.000000
644 0.008639
645 0.010018
646 0.003078
647 0.000775
648 0.000111
649 0.000003
650 0.000005
651 0.000008
652 0.000019
653 0.000019
654 0.000001
655 0.000000
656 0.000000
657 0.000000
658 0.000001
659 0.000007
660 0.000007
661 0.000006
662 0.000003
663 0.000003
664 0.000003
665 0.000051
666 0.000021
667 0.000023
668 0.000024
669 0.000000
670 0.000000
671 0.000000
672 0.000001
673 0.003229
674 0.001096
675 0.000309
676 0.000230
677 0.000171
678 0.000460
679 0.000059
680 0.000032
681 0.000024
682 0.000002
683 0.000000
684 0.000000
685 0.000001
686 0.000003
687 0.000162
688 0.000041
689 0.000059
690 0.000111
691 0.000594
692 0.000185
693 0.000237
694 0.000069
695 0.000024
696 0.000000
697 0.000000
698 0.000000
699 0.000000
700 0.000001
701 0.000001
702 0.000441
703 0.000263
704 0.000246
705 0.000230
706 0.000171
707 0.000159
708 0.000139
709 0.000102
710 0.000011
711 0.000001
712 0.000000
713 0.000001
714 0.000006
715 0.000167
716 0.000028
717 0.000004
718 0.000213
719 0.001965
720 0.010021
721 0.001295
722 0.000262
723 0.000000
724 0.000000
725 0.000000
726 0.000000
727 0.000000
728 0.000001
729 0.000001
730 0.000001
731 0.000001
732 0.000263
733 0.000246
734 0.000183
735 0.000171
736 0.000159
737 0.000118
738 0.000102
739 0.000002
740 0.000001
741 0.000003
742 0.000035
743 0.000085
744 0.000039
745 0.000003
746 0.000057
747 0.000520
748 0.005739
749 0.010019
750 0.000001
751 0.000002
752 0.000001
753 0.000001
754 0.000000
755 0.000000
756 0.000001
757 0.000001
758 0.000000
759 0.000000
760 0.000001
761 0.000263
762 0.000246
763 0.000183
764 0.000171
765 0.000159
766 0.000149
767 0.000027
768 0.000007
769 0.000006
770 0.000199
771 0.000047
772 0.000003
773 0.000006
774 0.000024
775 0.000122
776 0.000861
777 0.000012
778 0.000921
779 0.000114
780 0.000001
781 0.000002
782 0.000001
783 0.000000
