0 0.003198
1 0.003068
2 0.002642
3 0.002825
4 0.002416
5 0.002052
6 0.002002
7 0.002602
8 0.001213
9 0.000576
10 0.000714
11 0.000812
12 0.000537
13 0.000241
14 0.000112
15 0.000117
16 0.000094
17 0.000070
18 0.000257
19 0.001033
20 0.001975
21 0.001835
22 0.001984
23 0.002240
24 0.003133
25 0.005091
26 0.008454
27 0.009573
28 0.002763
29 0.002944
30 0.002526
31 0.002416
32 0.002310
33 0.002114
34 0.001810
35 0.001359
36 0.000370
37 0.000212
38 0.000454
39 0.000666
40 0.000868
41 0.000464
42 0.000208
43 0.000098
44 0.000070
45 0.000069
46 0.000112
47 0.000538
48 0.001567
49 0.001654
50 0.000000
51 0.000000
52 0.004973
53 0.008441
54 0.009393
55 0.009645
56 0.002944
57 0.002526
58 0.002416
59 0.002310
60 0.002114
61 0.001777
62 0.001694
63 0.000610
64 0.000130
65 0.000089
66 0.000222
67 0.000538
68 0.000837
69 0.000925
70 0.000353
71 0.000092
72 0.000065
73 0.000055
74 0.000052
75 0.000204
76 0.000002
77 0.000000
78 0.000000
79 0.000000
80 0.000000
81 0.009393
82 0.009645
83 0.007868
84 0.002825
85 0.002416
86 0.002052
87 0.001864
88 0.001777
89 0.001694
90 0.001540
91 0.000260
92 0.000052
93 0.000046
94 0.000098
95 0.000243
96 0.000953
97 0.001998
98 0.000826
99 0.000178
100 0.000058
101 0.000018
102 0.000000
103 0.000000
104 0.000000
105 0.000000
106 0.000000
107 0.000000
108 0.000000
109 0.008642
110 0.007719
111 0.011060
112 0.002416
113 0.002310
114 0.001864
115 0.001777
116 0.000000
117 0.000000
118 0.000000
119 0.000000
120 0.000000
121 0.000007
122 0.000052
123 0.000156
124 0.000767
125 0.002023
126 0.001728
127 0.000024
128 0.000000
129 0.000000
130 0.000000
131 0.000000
132 0.000000
133 0.000000
134 0.000000
135 0.000000
136 0.000163
137 0.008223
138 0.013410
139 0.031506
140 0.002310
141 0.001956
142 0.001777
143 0.001694
144 0.000000
145 0.000000
146 0.000000
147 0.000000
148 0.000000
149 0.000000
150 0.000000
151 0.000000
152 0.000001
153 0.000003
154 0.000006
155 0.000000
156 0.000000
157 0.000000
158 0.000000
159 0.000000
160 0.000000
161 0.000002
162 0.000000
163 0.000000
164 0.008094
165 0.017051
166 0.040012
167 0.089286
168 0.001956
169 0.001777
170 0.001694
171 0.001540
172 0.000000
173 0.000000
174 0.000000
175 0.000000
176 0.000000
177 0.000000
178 0.000000
179 0.000000
180 0.000000
181 0.000000
182 0.000000
183 0.000000
184 0.000000
185 0.000000
186 0.000000
187 0.000000
188 0.000009
189 0.000000
190 0.000000
191 0.000002
192 0.024408
193 0.050144
194 0.135621
195 0.085854
196 0.001777
197 0.001694
198 0.001411
199 0.001274
200 0.000002
201 0.000000
202 0.000000
203 0.000000
204 0.000000
205 0.000000
206 0.000000
207 0.000000
208 0.000000
209 0.000000
210 0.000000
211 0.000000
212 0.000000
213 0.000000
214 0.000000
215 0.000000
216 0.000000
217 0.000000
218 0.000000
219 0.000623
220 0.067582
221 0.153477
222 0.073646
223 0.017432
224 0.001694
225 0.001411
226 0.001274
227 0.001211
228 0.000941
229 0.000000
230 0.000000
231 0.000000
232 0.000000
233 0.000000
234 0.000000
235 0.000000
236 0.000000
237 0.000000
238 0.000000
239 0.000000
240 0.000000
241 0.000000
242 0.000000
243 0.000000
244 0.000000
245 0.000000
246 0.000000
247 0.001777
248 0.003873
249 0.002062
250 0.000973
251 0.000746
252 0.001615
253 0.001274
254 0.001211
255 0.000722
256 0.000158
257 0.000000
258 0.000000
259 0.000000
260 0.000000
261 0.000000
262 0.000000
263 0.000000
264 0.000000
265 0.000000
266 0.000001
267 0.000053
268 0.000133
269 0.000262
270 0.000001
271 0.000000
272 0.000000
273 0.000000
274 0.000000
275 0.000218
276 0.000056
277 0.000026
278 0.000020
279 0.000021
280 0.001274
281 0.000460
282 0.000243
283 0.000086
284 0.000043
285 0.000000
286 0.000000
287 0.000000
288 0.000000
289 0.000000
290 0.000000
291 0.000000
292 0.000000
293 0.000000
294 0.000001
295 0.000305
296 0.149784
297 1.000000
298 0.000007
299 0.000000
300 0.000000
301 0.000000
302 0.000000
303 0.000029
304 0.000008
305 0.000004
306 0.000004
307 0.000006
308 0.000278
309 0.000149
310 0.000062
311 0.000027
312 0.000003
313 0.000000
314 0.000000
315 0.000000
316 0.000000
317 0.000000
318 0.000000
319 0.000000
320 0.000000
321 0.000000
322 0.000000
323 0.000024
324 0.000616
325 0.000656
326 0.000220
327 0.000000
328 0.000000
329 0.000000
330 0.000001
331 0.000006
332 0.000012
333 0.000006
334 0.000004
335 0.000008
336 0.000169
337 0.000062
338 0.000041
339 0.000022
340 0.000001
341 0.000000
342 0.000000
343 0.000000
344 0.000000
345 0.000000
346 0.000000
347 0.000000
348 0.000000
349 0.000000
350 0.000000
351 0.000001
352 0.000021
353 0.000013
354 0.000003
355 0.000000
356 0.000000
357 0.000000
358 0.000000
359 0.000003
360 0.000090
361 0.000043
362 0.000032
363 0.000017
364 0.000371
365 0.000185
366 0.000053
367 0.000017
368 0.000000
369 0.000000
370 0.000000
371 0.000000
372 0.000000
373 0.000000
374 0.000000
375 0.000000
376 0.000000
377 0.000000
378 0.000000
379 0.000001
380 0.000000
381 0.000000
382 0.000000
383 0.000000
384 0.000000
385 0.000000
386 0.000000
387 0.000001
388 0.000208
389 0.000484
390 0.000205
391 0.000114
392 0.000733
393 0.000288
394 0.000105
395 0.000009
396 0.000000
397 0.000000
398 0.000000
399 0.000000
400 0.000000
401 0.000000
402 0.000000
403 0.000000
404 0.000000
405 0.000000
406 0.000000
407 0.000000
408 0.000000
409 0.000000
410 0.000000
411 0.000000
412 0.000000
413 0.000001
414 0.000000
415 0.000001
416 0.000046
417 0.000660
418 0.000842
419 0.001308
420 0.000704
421 0.000491
422 0.000378
423 0.000007
424 0.000000
425 0.000000
426 0.000000
427 0.000000
428 0.000000
429 0.000000
430 0.000000
431 0.000000
432 0.000000
433 0.000000
434 0.000000
435 0.000000
436 0.000000
437 0.000000
438 0.000000
439 0.000000
440 0.000000
441 0.000008
442 0.000000
443 0.000000
444 0.000012
445 0.014903
446 0.005242
447 0.003548
448 0.000587
449 0.000495
450 0.000537
451 0.000004
452 0.000000
453 0.000001
454 0.000032
455 0.000012
456 0.000000
457 0.000000
458 0.000000
459 0.000000
460 0.000000
461 0.000000
462 0.000000
463 0.000000
464 0.000000
465 0.000000
466 0.000000
467 0.000000
468 0.000007
469 0.000012
470 0.000000
471 0.000000
472 0.000001
473 0.002871
474 0.044592
475 0.062282
476 0.000606
477 0.000527
478 0.000165
479 0.000001
480 0.000001
481 0.000060
482 1.000000
483 0.000135
484 0.000000
485 0.000000
486 0.000000
487 0.000000
488 0.000000
489 0.000000
490 0.000000
491 0.000000
492 0.000000
493 0.000000
494 0.000000
495 0.000000
496 0.000004
497 0.002733
498 0.000022
499 0.000000
500 0.000000
501 0.000253
502 0.015061
503 0.036683
504 0.000883
505 0.000555
506 0.000053
507 0.000001
508 0.000006
509 0.000680
510 0.000445
511 0.000154
512 0.000001
513 0.000000
514 0.000000
515 0.000000
516 0.000000
517 0.000000
518 0.000000
519 0.000000
520 0.000000
521 0.000000
522 0.000000
523 0.000000
524 0.000000
525 0.000551
526 0.992701
527 0.000025
528 0.000000
529 0.000013
530 0.009378
531 0.009758
532 0.001093
533 0.001890
534 0.000073
535 0.000006
536 0.000078
537 0.000725
538 0.000137
539 0.000023
540 0.000004
541 0.000000
542 0.000000
543 0.000000
544 0.000000
545 0.000000
546 0.000000
547 0.000000
548 0.000000
549 0.000000
550 0.000000
551 0.000000
552 0.000000
553 0.000006
554 0.002832
555 0.002456
556 0.000024
557 0.000036
558 0.000958
559 0.002631
560 0.002740
561 0.005028
562 0.000160
563 0.000060
564 0.000630
565 0.000256
566 0.000042
567 0.000010
568 0.000004
569 0.000000
570 0.000000
571 0.000000
572 0.000000
573 0.000000
574 0.000000
575 0.000000
576 0.000000
577 0.000000
578 0.000000
579 0.000000
580 0.000000
581 0.000000
582 0.000024
583 0.010967
584 0.001835
585 0.010459
586 0.003189
587 0.001467
588 0.005984
589 0.010000
590 0.001464
591 0.000429
592 0.000277
593 0.000008
594 0.000009
595 0.000004
596 0.000002
597 0.000000
598 0.000000
599 0.000000
600 0.000000
601 0.000000
602 0.000000
603 0.000000
604 0.000000
605 0.000000
606 0.000000
607 0.000000
608 0.000000
609 0.000000
610 0.000002
611 0.000295
612 0.002247
613 0.006617
614 0.010512
615 0.005654
616 0.010000
617 0.010000
618 0.005078
619 0.004286
620 0.000126
621 0.000007
622 0.000004
623 0.000002
624 0.000002
625 0.000001
626 0.000000
627 0.000000
628 0.000000
629 0.000000
630 0.000000
631 0.000000
632 0.000000
633 0.000000
634 0.000000
635 0.000000
636 0.000000
637 0.000000
638 0.000002
639 0.000270
640 0.000785
641 0.002355
642 0.000000
643 0.000000
644 0.010000
645 0.005996
646 0.004594
647 0.004521
648 0.003370
649 0.000089
650 0.000015
651 0.000006
652 0.000011
653 0.000038
654 0.000002
655 0.000000
656 0.000000
657 0.000001
658 0.000001
659 0.000000
660 0.000000
661 0.000000
662 0.000000
663 0.000000
664 0.000000
665 0.000004
666 0.000118
667 0.000164
668 0.000301
669 0.000000
670 0.000000
671 0.000000
672 0.000000
673 0.004746
674 0.004669
675 0.006748
676 0.010000
677 0.010000
678 0.000328
679 0.000199
680 0.000375
681 0.001038
682 0.000191
683 0.000004
684 0.000001
685 0.000001
686 0.000001
687 0.000001
688 0.000001
689 0.000006
690 0.000011
691 0.000007
692 0.000017
693 0.000110
694 0.000125
695 0.000166
696 0.000000
697 0.000000
698 0.000000
699 0.000000
700 0.000000
701 0.000000
702 0.006860
703 0.010000
704 0.010000
705 0.010000
706 0.010000
707 0.010000
708 0.008412
709 0.003022
710 0.000326
711 0.000014
712 0.000002
713 0.000001
714 0.000002
715 0.000002
716 0.000002
717 0.000010
718 0.000077
719 0.000083
720 0.000089
721 0.000118
722 0.000156
723 0.000000
724 0.000000
725 0.000000
726 0.000000
727 0.000000
728 0.000000
729 0.000000
730 0.000000
731 0.000000
732 0.010000
733 0.010000
734 0.010000
735 0.010000
736 0.004424
737 0.001688
738 0.000726
739 0.000047
740 0.000005
741 0.000002
742 0.000002
743 0.000002
744 0.000006
745 0.000026
746 0.000083
747 0.000110
748 0.000118
749 0.000156
750 0.000000
751 0.000000
752 0.000000
753 0.000000
754 0.000000
755 0.000000
756 0.000000
757 0.000000
758 0.000000
759 0.000000
760 0.000000
761 0.010000
762 0.010000
763 0.006222
764 0.002831
765 0.001116
766 0.000923
767 0.000165
768 0.000013
769 0.000003
770 0.000002
771 0.000003
772 0.000011
773 0.000065
774 0.000083
775 0.000095
776 0.000125
777 0.000000
778 0.000016
779 0.000015
780 0.000001
781 0.000000
782 0.000000
783 0.000000
