0 0.009838
1 0.009967
2 0.010000
3 0.010000
4 0.010298
5 0.006312
6 0.004191
7 0.002390
8 0.000479
9 0.000085
10 0.000063
11 0.000058
12 0.000142
13 0.000585
14 0.002101
15 0.001913
16 0.000717
17 0.000227
18 0.000264
19 0.001288
20 0.005375
21 0.011402
22 0.011096
23 0.007711
24 0.005704
25 0.004968
26 0.003833
27 0.002897
28 0.009715
29 0.009838
30 0.009935
31 0.010000
32 0.011425
33 0.009757
34 0.005711
35 0.001950
36 0.000185
37 0.000043
38 0.000040
39 0.000051
40 0.000148
41 0.000796
42 0.001654
43 0.000999
44 0.000411
45 0.000188
46 0.000395
47 0.002206
48 0.010292
49 0.012000
50 0.007572
51 0.000000
52 0.004968
53 0.003741
54 0.002368
55 0.001909
56 0.009658
57 0.009715
58 0.009806
59 0.009935
60 0.010000
61 0.012723
62 0.008766
63 0.001664
64 0.000126
65 0.000028
66 0.000036
67 0.000063
68 0.000201
69 0.000727
70 0.000787
71 0.000495
72 0.000219
73 0.000317
74 0.000813
75 0.004349
76 0.013037
77 0.000023
78 0.000002
79 0.000000
80 0.000000
81 0.002241
82 0.001766
83 0.001295
84 0.010150
85 0.009747
86 0.009685
87 0.009806
88 0.009935
89 0.010000
90 0.013260
91 0.001085
92 0.000103
93 0.000026
94 0.000026
95 0.000098
96 0.000320
97 0.000591
98 0.000294
99 0.000169
100 0.000198
101 0.000720
102 0.002032
103 0.000498
104 0.000030
105 0.000002
106 0.000001
107 0.000000
108 0.000007
109 0.001392
110 0.001173
111 0.001435
112 0.010944
113 0.010244
114 0.009836
115 0.009685
116 0.000000
117 0.000000
118 0.000000
119 0.000000
120 0.000001
121 0.000023
122 0.000043
123 0.000163
124 0.000615
125 0.000281
126 0.000085
127 0.000034
128 0.000434
129 0.001554
130 0.000056
131 0.000019
132 0.000005
133 0.000001
134 0.000001
135 0.000001
136 0.000092
137 0.000906
138 0.001117
139 0.001392
140 0.009252
141 0.010498
142 0.010340
143 0.009959
144 0.000000
145 0.000000
146 0.000000
147 0.000000
148 0.000000
149 0.000000
150 0.000000
151 0.000001
152 0.000008
153 0.000008
154 0.000024
155 0.000101
156 0.000062
157 0.000020
158 0.000024
159 0.000003
160 0.000001
161 0.000009
162 0.000001
163 0.000002
164 0.000920
165 0.000860
166 0.001081
167 0.001135
168 0.006363
169 0.008870
170 0.010098
171 0.010471
172 0.000000
173 0.000000
174 0.000003
175 0.000001
176 0.000000
177 0.000000
178 0.000000
179 0.000000
180 0.000000
181 0.000000
182 0.000000
183 0.000000
184 0.000000
185 0.000002
186 0.000001
187 0.000002
188 0.000004
189 0.000001
190 0.000003
191 0.000002
192 0.000748
193 0.000788
194 0.000833
195 0.001403
196 0.003820
197 0.005515
198 0.008082
199 0.009680
200 0.000253
201 0.000000
202 0.000000
203 0.000002
204 0.000029
205 0.000013
206 0.000011
207 0.000001
208 0.000000
209 0.000000
210 0.000000
211 0.000000
212 0.000000
213 0.000000
214 0.000000
215 0.000000
216 0.000000
217 0.000000
218 0.000000
219 0.000040
220 0.000748
221 0.000792
222 0.001197
223 0.002064
224 0.002619
225 0.003039
226 0.004152
227 0.007043
228 0.008925
229 0.000000
230 0.000000
231 0.000000
232 0.000019
233 0.000656
234 0.999999
235 0.000044
236 0.000000
237 0.000000
238 0.000000
239 0.000000
240 0.000000
241 0.000000
242 0.000000
243 0.000000
244 0.000000
245 0.000000
246 0.000000
247 0.000054
248 0.000102
249 0.000253
250 0.000681
251 0.001793
252 0.002185
253 0.001940
254 0.002388
255 0.003442
256 0.005208
257 0.000001
258 0.000000
259 0.000000
260 0.000001
261 0.000295
262 0.000147
263 0.000012
264 0.000001
265 0.000002
266 0.000002
267 0.000001
268 0.000000
269 0.000000
270 0.000000
271 0.000000
272 0.000000
273 0.000000
274 0.000000
275 0.000013
276 0.000039
277 0.000136
278 0.000360
279 0.000784
280 0.001793
281 0.001523
282 0.001579
283 0.001682
284 0.002399
285 0.000007
286 0.000000
287 0.000000
288 0.000000
289 0.000005
290 0.000009
291 0.000002
292 0.000107
293 0.001627
294 0.001707
295 0.000016
296 0.000000
297 0.000000
298 0.000000
299 0.000000
300 0.000000
301 0.000000
302 0.000001
303 0.000037
304 0.000101
305 0.000269
306 0.000377
307 0.000461
308 0.002008
309 0.001642
310 0.001272
311 0.001064
312 0.000194
313 0.000004
314 0.000000
315 0.000000
316 0.000000
317 0.000000
318 0.000002
319 0.000198
320 0.003494
321 0.068428
322 0.002482
323 0.000004
324 0.000000
325 0.000000
326 0.000000
327 0.000000
328 0.000000
329 0.000000
330 0.000024
331 0.000092
332 0.000317
333 0.000356
334 0.000469
335 0.000513
336 0.002392
337 0.001851
338 0.001422
339 0.001007
340 0.000011
341 0.000000
342 0.000000
343 0.000000
344 0.000000
345 0.000000
346 0.000002
347 0.002956
348 0.101046
349 0.011199
350 0.000126
351 0.000001
352 0.000000
353 0.000000
354 0.000001
355 0.000000
356 0.000000
357 0.000003
358 0.000164
359 0.000231
360 0.000382
361 0.000451
362 0.000484
363 0.000297
364 0.002131
365 0.002117
366 0.001238
367 0.000454
368 0.000001
369 0.000000
370 0.000000
371 0.000000
372 0.000000
373 0.000000
374 0.000003
375 0.005410
376 0.999996
377 0.000245
378 0.000004
379 0.000001
380 0.000001
381 0.000004
382 0.000000
383 0.000000
384 0.000000
385 0.000190
386 0.001101
387 0.000947
388 0.000535
389 0.000362
390 0.000160
391 0.000106
392 0.001113
393 0.000723
394 0.000371
395 0.000023
396 0.000000
397 0.000000
398 0.000000
399 0.000000
400 0.000000
401 0.000000
402 0.000002
403 0.000132
404 0.000080
405 0.000009
406 0.000001
407 0.000004
408 0.000036
409 0.000049
410 0.000001
411 0.000000
412 0.000001
413 0.000381
414 0.999998
415 0.000737
416 0.000357
417 0.000271
418 0.000125
419 0.000052
420 0.000395
421 0.000164
422 0.000103
423 0.000001
424 0.000000
425 0.000000
426 0.000000
427 0.000000
428 0.000000
429 0.000000
430 0.000000
431 0.000000
432 0.000000
433 0.000000
434 0.000004
435 0.000101
436 0.000800
437 0.000429
438 0.000005
439 0.000000
440 0.000000
441 0.000029
442 0.000228
443 0.000154
444 0.000166
445 0.000197
446 0.000134
447 0.000100
448 0.000211
449 0.000091
450 0.000067
451 0.000000
452 0.000000
453 0.000000
454 0.000000
455 0.000000
456 0.000000
457 0.000000
458 0.000000
459 0.000000
460 0.000000
461 0.000000
462 0.000036
463 0.003244
464 0.015384
465 0.001290
466 0.000009
467 0.000000
468 0.000000
469 0.000000
470 0.000003
471 0.000033
472 0.000058
473 0.000138
474 0.000269
475 0.000308
476 0.000486
477 0.000271
478 0.000054
479 0.000000
480 0.000000
481 0.000000
482 0.000000
483 0.000000
484 0.000000
485 0.000000
486 0.000000
487 0.000000
488 0.000000
489 0.000000
490 0.000013
491 0.004010
492 0.999999
493 0.000223
494 0.000001
495 0.000000
496 0.000000
497 0.000000
498 0.000000
499 0.000005
500 0.000052
501 0.000164
502 0.000938
503 0.001923
504 0.001820
505 0.001926
506 0.000103
507 0.000001
508 0.000000
509 0.000000
510 0.000000
511 0.000001
512 0.000000
513 0.000000
514 0.000000
515 0.000000
516 0.000000
517 0.000000
518 0.000001
519 0.000008
520 0.000007
521 0.000002
522 0.000000
523 0.000000
524 0.000000
525 0.000000
526 0.000000
527 0.000003
528 0.000088
529 0.000376
530 0.004448
531 0.010000
532 0.003931
533 0.012369
534 0.000299
535 0.000004
536 0.000001
537 0.000000
538 0.000001
539 0.000001
540 0.000000
541 0.000000
542 0.000000
543 0.000000
544 0.000000
545 0.000000
546 0.000000
547 0.000000
548 0.000000
549 0.000000
550 0.000000
551 0.000000
552 0.000002
553 0.000001
554 0.000001
555 0.000006
556 0.000184
557 0.001923
558 0.010000
559 0.010000
560 0.021230
561 0.047845
562 0.000361
563 0.000004
564 0.000001
565 0.000004
566 0.000004
567 0.000000
568 0.000000
569 0.000000
570 0.000000
571 0.000000
572 0.000000
573 0.000000
574 0.000000
575 0.000000
576 0.000000
577 0.000000
578 0.000000
579 0.000001
580 0.000032
581 0.000031
582 0.000010
583 0.000016
584 0.000397
585 0.010000
586 0.010000
587 0.010000
588 0.049421
589 0.045116
590 0.001531
591 0.000007
592 0.000005
593 0.000004
594 0.000002
595 0.000001
596 0.000001
597 0.000000
598 0.000000
599 0.000000
600 0.000000
601 0.000000
602 0.000000
603 0.000000
604 0.000000
605 0.000000
606 0.000000
607 0.000004
608 0.000023
609 0.000119
610 0.000092
611 0.000345
612 0.012729
613 0.010554
614 0.010000
615 0.010000
616 0.036432
617 0.018360
618 0.010002
619 0.001008
620 0.000016
621 0.000009
622 0.000003
623 0.000002
624 0.000001
625 0.000000
626 0.000000
627 0.000000
628 0.000000
629 0.000000
630 0.000000
631 0.000000
632 0.000000
633 0.000000
634 0.000000
635 0.000001
636 0.000006
637 0.000044
638 0.000502
639 0.012729
640 0.012520
641 0.012341
642 0.000000
643 0.000000
644 0.017752
645 0.010002
646 0.010002
647 0.010001
648 0.002850
649 0.000011
650 0.000002
651 0.000000
652 0.000000
653 0.000001
654 0.000001
655 0.000002
656 0.000024
657 0.000278
658 0.000167
659 0.000008
660 0.000001
661 0.000001
662 0.000002
663 0.000005
664 0.000024
665 0.000567
666 0.010000
667 0.011880
668 0.012341
669 0.000000
670 0.000000
671 0.000000
672 0.000000
673 0.010001
674 0.010001
675 0.007195
676 0.004625
677 0.002675
678 0.000024
679 0.000013
680 0.000028
681 0.000143
682 0.000827
683 0.000415
684 0.000278
685 0.000356
686 0.000143
687 0.000051
688 0.000028
689 0.000123
690 0.000324
691 0.000421
692 0.001776
693 0.010001
694 0.010000
695 0.010000
696 0.000000
697 0.000000
698 0.000000
699 0.000000
700 0.000000
701 0.000000
702 0.008099
703 0.005289
704 0.003113
705 0.002239
706 0.001964
707 0.001904
708 0.001794
709 0.002093
710 0.002393
711 0.001200
712 0.000421
713 0.000242
714 0.000123
715 0.000047
716 0.000060
717 0.000176
718 0.000849
719 0.001777
720 0.003684
721 0.007608
722 0.010001
723 0.000000
724 0.000000
725 0.000000
726 0.000000
727 0.000000
728 0.000000
729 0.000000
730 0.000000
731 0.000000
732 0.002374
733 0.002306
734 0.002026
735 0.001964
736 0.001935
737 0.003314
738 0.006462
739 0.002473
740 0.000700
741 0.000211
742 0.000091
743 0.000053
744 0.000111
745 0.000332
746 0.000739
747 0.001195
748 0.002437
749 0.004973
750 0.000000
751 0.000000
752 0.000000
753 0.000000
754 0.000000
755 0.000000
756 0.000000
757 0.000000
758 0.000000
759 0.000000
760 0.000000
761 0.002374
762 0.002306
763 0.002036
764 0.002752
765 0.005153
766 0.010230
767 0.004248
768 0.001027
769 0.000182
770 0.000071
771 0.000067
772 0.000177
773 0.000614
774 0.000739
775 0.000807
776 0.001445
777 0.000000
778 0.000500
779 0.000567
780 0.000004
781 0.000000
782 0.000000
783 0.000000
