0 0.002979
1 0.002190
2 0.001818
3 0.001976
4 0.001628
5 0.001333
6 0.001186
7 0.001119
8 0.000266
9 0.000084
10 0.000162
11 0.001090
12 0.002738
13 0.006739
14 0.004864
15 0.002210
16 0.000218
17 0.000073
18 0.000137
19 0.000735
20 0.001664
21 0.001533
22 0.001642
23 0.001711
24 0.001555
25 0.002053
26 0.003450
27 0.004994
28 0.004282
29 0.002734
30 0.001721
31 0.001628
32 0.001541
33 0.001382
34 0.001119
35 0.000721
36 0.000102
37 0.000027
38 0.000097
39 0.000689
40 0.003585
41 0.003786
42 0.013526
43 0.003057
44 0.000187
45 0.000033
46 0.000051
47 0.000319
48 0.001286
49 0.001339
50 0.000009
51 0.000001
52 0.001903
53 0.003283
54 0.004765
55 0.007990
56 0.007420
57 0.004038
58 0.002510
59 0.001542
60 0.001382
61 0.001119
62 0.001056
63 0.000321
64 0.000051
65 0.000018
66 0.000076
67 0.000491
68 0.001950
69 0.005369
70 0.017614
71 0.004097
72 0.000291
73 0.000023
74 0.000022
75 0.000101
76 0.000019
77 0.000001
78 0.000002
79 0.000001
80 0.000001
81 0.004629
82 0.007991
83 0.007846
84 0.010008
85 0.007271
86 0.003809
87 0.001887
88 0.001119
89 0.001056
90 0.000941
91 0.000126
92 0.000020
93 0.000022
94 0.000073
95 0.000379
96 0.000846
97 0.006638
98 0.006485
99 0.005743
100 0.000386
101 0.000015
102 0.000001
103 0.000001
104 0.000001
105 0.000001
106 0.000001
107 0.000001
108 0.000001
109 0.007845
110 0.007846
111 0.006173
112 0.008590
113 0.010008
114 0.007054
115 0.003491
116 0.000001
117 0.000001
118 0.000001
119 0.000001
120 0.000001
121 0.000015
122 0.000113
123 0.000214
124 0.000690
125 0.002511
126 0.004873
127 0.000401
128 0.000016
129 0.000002
130 0.000001
131 0.000001
132 0.000001
133 0.000003
134 0.000001
135 0.000002
136 0.000356
137 0.007702
138 0.005219
139 0.003924
140 0.004490
141 0.007184
142 0.010009
143 0.008307
144 0.000002
145 0.000002
146 0.000001
147 0.000001
148 0.000001
149 0.000001
150 0.000001
151 0.000002
152 0.000008
153 0.000008
154 0.000023
155 0.000009
156 0.000005
157 0.000001
158 0.000001
159 0.000001
160 0.000002
161 0.000002
162 0.000002
163 0.000001
164 0.007847
165 0.004356
166 0.003228
167 0.002243
168 0.001991
169 0.003519
170 0.005813
171 0.010010
172 0.000003
173 0.000003
174 0.000002
175 0.000001
176 0.000001
177 0.000001
178 0.000001
179 0.000001
180 0.000001
181 0.000001
182 0.000001
183 0.000001
184 0.000001
185 0.000001
186 0.000001
187 0.000001
188 0.000003
189 0.000002
190 0.000001
191 0.000007
192 0.003759
193 0.002552
194 0.001512
195 0.001625
196 0.001119
197 0.001470
198 0.002335
199 0.004581
200 0.000193
201 0.000004
202 0.000004
203 0.000001
204 0.000001
205 0.000001
206 0.000002
207 0.000002
208 0.000002
209 0.000001
210 0.000001
211 0.000001
212 0.000001
213 0.000001
214 0.000001
215 0.000002
216 0.000003
217 0.000001
218 0.000001
219 0.000148
220 0.002164
221 0.001258
222 0.001287
223 0.001458
224 0.001056
225 0.000847
226 0.000895
227 0.001734
228 0.002878
229 0.000001
230 0.000002
231 0.000005
232 0.000001
233 0.000001
234 0.000001
235 0.000002
236 0.000003
237 0.000002
238 0.000002
239 0.000001
240 0.000001
241 0.000001
242 0.000003
243 0.000003
244 0.000002
245 0.000001
246 0.000001
247 0.000132
248 0.000128
249 0.000194
250 0.000342
251 0.000503
252 0.000997
253 0.000750
254 0.000706
255 0.000459
256 0.000278
257 0.000001
258 0.000001
259 0.000006
260 0.000023
261 0.000004
262 0.000002
263 0.000001
264 0.000001
265 0.000001
266 0.000002
267 0.000002
268 0.000002
269 0.000005
270 0.000032
271 0.000007
272 0.000001
273 0.000001
274 0.000001
275 0.000016
276 0.000027
277 0.000044
278 0.000067
279 0.000109
280 0.000750
281 0.000321
282 0.000200
283 0.000096
284 0.000086
285 0.000001
286 0.000001
287 0.000005
288 0.999958
289 0.000274
290 0.000004
291 0.000001
292 0.000001
293 0.000001
294 0.000001
295 0.000001
296 0.000003
297 0.000038
298 0.999967
299 0.000009
300 0.000001
301 0.000001
302 0.000001
303 0.000038
304 0.000032
305 0.000032
306 0.000037
307 0.000050
308 0.000243
309 0.000161
310 0.000110
311 0.000082
312 0.000023
313 0.000002
314 0.000001
315 0.000002
316 0.000075
317 0.000905
318 0.000013
319 0.000002
320 0.000001
321 0.000001
322 0.000001
323 0.000001
324 0.000003
325 0.000029
326 0.000130
327 0.000013
328 0.000001
329 0.000001
330 0.000002
331 0.000017
332 0.000110
333 0.000081
334 0.000065
335 0.000068
336 0.000380
337 0.000226
338 0.000212
339 0.000256
340 0.000012
341 0.000002
342 0.000001
343 0.000001
344 0.000005
345 0.000035
346 0.000037
347 0.000003
348 0.000001
349 0.000001
350 0.000001
351 0.000002
352 0.000003
353 0.000004
354 0.000003
355 0.000002
356 0.000002
357 0.000002
358 0.000002
359 0.000005
360 0.000351
361 0.000238
362 0.000217
363 0.000150
364 0.002536
365 0.002234
366 0.001231
367 0.000506
368 0.000003
369 0.000001
370 0.000002
371 0.000002
372 0.000002
373 0.000008
374 0.000012
375 0.000004
376 0.000001
377 0.000001
378 0.000001
379 0.000002
380 0.000002
381 0.000001
382 0.000001
383 0.000001
384 0.000002
385 0.000002
386 0.000002
387 0.000002
388 0.000127
389 0.000501
390 0.000554
391 0.000447
392 0.010091
393 0.008197
394 0.004494
395 0.000194
396 0.000001
397 0.000001
398 0.000003
399 0.000003
400 0.000003
401 0.000003
402 0.000003
403 0.000003
404 0.000002
405 0.000002
406 0.000002
407 0.000002
408 0.000002
409 0.000001
410 0.000001
411 0.000001
412 0.000001
413 0.000003
414 0.000001
415 0.000001
416 0.000008
417 0.000709
418 0.000528
419 0.000555
420 0.006222
421 0.009081
422 0.005174
423 0.000055
424 0.000002
425 0.000002
426 0.000030
427 0.000013
428 0.000002
429 0.000001
430 0.000001
431 0.000002
432 0.000003
433 0.000003
434 0.000003
435 0.000002
436 0.000001
437 0.000001
438 0.000001
439 0.000001
440 0.000001
441 0.000002
442 0.000001
443 0.000001
444 0.000001
445 0.000230
446 0.000466
447 0.000811
448 0.001287
449 0.000803
450 0.000713
451 0.000006
452 0.000002
453 0.000029
454 0.001008
455 0.000207
456 0.000002
457 0.000001
458 0.000001
459 0.000002
460 0.000002
461 0.000003
462 0.000002
463 0.000002
464 0.000001
465 0.000001
466 0.000001
467 0.000001
468 0.000001
469 0.000002
470 0.000002
471 0.000001
472 0.000001
473 0.000019
474 0.000159
475 0.000470
476 0.000582
477 0.000314
478 0.000063
479 0.000002
480 0.000002
481 0.000285
482 0.999930
483 0.000290
484 0.000002
485 0.000001
486 0.000001
487 0.000001
488 0.000002
489 0.000002
490 0.000002
491 0.000001
492 0.000001
493 0.000001
494 0.000001
495 0.000001
496 0.000001
497 0.000001
498 0.000002
499 0.000001
500 0.000001
501 0.000002
502 0.000238
503 0.000707
504 0.001880
505 0.000928
506 0.000031
507 0.000002
508 0.000008
509 0.000527
510 0.000102
511 0.000005
512 0.000002
513 0.000002
514 0.000001
515 0.000002
516 0.000002
517 0.000002
518 0.000001
519 0.000001
520 0.000001
521 0.000001
522 0.000001
523 0.000001
524 0.000001
525 0.000001
526 0.000001
527 0.000001
528 0.000001
529 0.000002
530 0.000410
531 0.001108
532 0.002040
533 0.003106
534 0.000069
535 0.000011
536 0.000304
537 0.000181
538 0.000004
539 0.000001
540 0.000001
541 0.000001
542 0.000001
543 0.000002
544 0.000002
545 0.000002
546 0.000001
547 0.000001
548 0.000001
549 0.000001
550 0.000001
551 0.000001
552 0.000001
553 0.000001
554 0.000001
555 0.000002
556 0.000002
557 0.000008
558 0.000914
559 0.000951
560 0.004110
561 0.006556
562 0.000112
563 0.000078
564 0.001598
565 0.000056
566 0.000002
567 0.000001
568 0.000001
569 0.000001
570 0.000001
571 0.000001
572 0.000002
573 0.000002
574 0.000002
575 0.000001
576 0.000001
577 0.000001
578 0.000001
579 0.000001
580 0.000001
581 0.000001
582 0.000001
583 0.000002
584 0.000004
585 0.000914
586 0.000951
587 0.001124
588 0.007266
589 0.010021
590 0.001170
591 0.000356
592 0.000367
593 0.000004
594 0.000001
595 0.000001
596 0.000001
597 0.000001
598 0.000001
599 0.000001
600 0.000001
601 0.000001
602 0.000001
603 0.000002
604 0.000001
605 0.000001
606 0.000001
607 0.000001
608 0.000001
609 0.000001
610 0.000001
611 0.000007
612 0.000879
613 0.000914
614 0.001082
615 0.001124
616 0.010019
617 0.010010
618 0.005490
619 0.007345
620 0.000104
621 0.000002
622 0.000001
623 0.000001
624 0.000002
625 0.000001
626 0.000001
627 0.000001
628 0.000001
629 0.000001
630 0.000001
631 0.000002
632 0.000002
633 0.000002
634 0.000002
635 0.000002
636 0.000001
637 0.000002
638 0.000011
639 0.000879
640 0.000914
641 0.001082
642 0.000001
643 0.000001
644 0.010009
645 0.006364
646 0.003589
647 0.002012
648 0.000786
649 0.000014
650 0.000004
651 0.000003
652 0.000003
653 0.000007
654 0.000006
655 0.000007
656 0.000016
657 0.000087
658 0.000117
659 0.000023
660 0.000004
661 0.000004
662 0.000004
663 0.000002
664 0.000003
665 0.000054
666 0.001988
667 0.001190
668 0.001083
669 0.000001
670 0.000001
671 0.000001
672 0.000001
673 0.003745
674 0.002386
675 0.001866
676 0.002806
677 0.004340
678 0.000165
679 0.000124
680 0.000258
681 0.001227
682 0.003174
683 0.000510
684 0.000077
685 0.000042
686 0.000082
687 0.000252
688 0.000485
689 0.001668
690 0.001302
691 0.000518
692 0.001369
693 0.006279
694 0.003572
695 0.002098
696 0.000001
697 0.000001
698 0.000001
699 0.000001
700 0.000001
701 0.000001
702 0.002216
703 0.002654
704 0.004487
705 0.007889
706 0.010007
707 0.010013
708 0.010014
709 0.010010
710 0.005739
711 0.000710
712 0.000082
713 0.000031
714 0.000068
715 0.000197
716 0.000653
717 0.002827
718 0.010033
719 0.010030
720 0.010017
721 0.010005
722 0.006378
723 0.000001
724 0.000001
725 0.000001
726 0.000001
727 0.000001
728 0.000001
729 0.000001
730 0.000001
731 0.000001
732 0.007117
733 0.010006
734 0.010012
735 0.010013
736 0.010010
737 0.010004
738 0.007695
739 0.000847
740 0.000098
741 0.000042
742 0.000047
743 0.000118
744 0.000656
745 0.004601
746 0.010023
747 0.010031
748 0.010025
749 0.010013
750 0.000001
751 0.000001
752 0.000001
753 0.000001
754 0.000001
755 0.000001
756 0.000001
757 0.000001
758 0.000001
759 0.000001
760 0.000001
761 0.010010
762 0.010012
763 0.010011
764 0.010006
765 0.010000
766 0.005357
767 0.001060
768 0.000147
769 0.000062
770 0.000052
771 0.000096
772 0.000666
773 0.005352
774 0.010015
775 0.010027
776 0.010029
777 0.000004
778 0.000301
779 0.000172
780 0.000005
781 0.000002
782 0.000001
783 0.000001
