0 0.010013
1 0.010031
2 0.004125
3 0.001149
4 0.000240
5 0.000058
6 0.000045
7 0.000040
8 0.000001
9 0.000001
10 0.000001
11 0.000001
12 0.000001
13 0.000001
14 0.000002
15 0.000006
16 0.000003
17 0.000001
18 0.000001
19 0.000002
20 0.000027
21 0.000030
22 0.000048
23 0.000054
24 0.000042
25 0.000047
26 0.000074
27 0.000082
28 0.001906
29 0.010014
30 0.010032
31 0.003891
32 0.000672
33 0.000124
34 0.000040
35 0.000011
36 0.000001
37 0.000001
38 0.000001
39 0.000001
40 0.000001
41 0.000001
42 0.000005
43 0.000005
44 0.000001
45 0.000001
46 0.000001
47 0.000001
48 0.000017
49 0.000027
50 0.000001
51 0.000000
52 0.000038
53 0.000059
54 0.000047
55 0.000074
56 0.000583
57 0.001708
58 0.006172
59 0.010035
60 0.003566
61 0.000355
62 0.000070
63 0.000002
64 0.000001
65 0.000001
66 0.000001
67 0.000001
68 0.000001
69 0.000002
70 0.000006
71 0.000002
72 0.000001
73 0.000001
74 0.000001
75 0.000001
76 0.000001
77 0.000001
78 0.000000
79 0.000000
80 0.000000
81 0.000038
82 0.000060
83 0.000047
84 0.000137
85 0.000340
86 0.001004
87 0.005900
88 0.010040
89 0.002025
90 0.000279
91 0.000001
92 0.000001
93 0.000001
94 0.000001
95 0.000001
96 0.000001
97 0.000004
98 0.000005
99 0.000001
100 0.000001
101 0.000001
102 0.000001
103 0.000001
104 0.000001
105 0.000000
106 0.000000
107 0.000000
108 0.000000
109 0.000034
110 0.000038
111 0.000060
112 0.000089
113 0.000079
114 0.000177
115 0.000828
116 0.000000
117 0.000001
118 0.000000
119 0.000000
120 0.000000
121 0.000001
122 0.000001
123 0.000001
124 0.000002
125 0.000006
126 0.000001
127 0.000001
128 0.000001
129 0.000001
130 0.000001
131 0.000001
132 0.000001
133 0.000000
134 0.000000
135 0.000000
136 0.000001
137 0.000022
138 0.000034
139 0.000054
140 0.000079
141 0.000051
142 0.000040
143 0.000100
144 0.000000
145 0.000001
146 0.000001
147 0.000000
148 0.000000
149 0.000000
150 0.000000
151 0.000000
152 0.000001
153 0.000001
154 0.000001
155 0.000001
156 0.000001
157 0.000001
158 0.000001
159 0.000000
160 0.000000
161 0.000000
162 0.000000
163 0.000000
164 0.000022
165 0.000019
166 0.000030
167 0.000034
168 0.000051
169 0.000040
170 0.000036
171 0.000028
172 0.000000
173 0.000000
174 0.000001
175 0.000002
176 0.000001
177 0.000000
178 0.000000
179 0.000000
180 0.000000
181 0.000000
182 0.000001
183 0.000001
184 0.000001
185 0.000001
186 0.000000
187 0.000000
188 0.000000
189 0.000000
190 0.000000
191 0.000000
192 0.000014
193 0.000016
194 0.000017
195 0.000030
196 0.000040
197 0.000036
198 0.000023
199 0.000018
200 0.000000
201 0.000000
202 0.000000
203 0.000001
204 0.000003
205 0.000002
206 0.000001
207 0.000001
208 0.000001
209 0.000001
210 0.000000
211 0.000000
212 0.000000
213 0.000000
214 0.000000
215 0.000000
216 0.000000
217 0.000000
218 0.000000
219 0.000001
220 0.000014
221 0.000016
222 0.000016
223 0.000025
224 0.000036
225 0.000023
226 0.000018
227 0.000016
228 0.000010
229 0.000000
230 0.000000
231 0.000000
232 0.000001
233 0.000007
234 0.000030
235 0.000006
236 0.000001
237 0.000001
238 0.000000
239 0.000000
240 0.000000
241 0.000000
242 0.000000
243 0.000000
244 0.000000
245 0.000000
246 0.000000
247 0.000001
248 0.000001
249 0.000001
250 0.000003
251 0.000005
252 0.000032
253 0.000018
254 0.000016
255 0.000005
256 0.000001
257 0.000000
258 0.000000
259 0.000000
260 0.000000
261 0.000003
262 0.999982
263 0.000144
264 0.000002
265 0.000001
266 0.000000
267 0.000000
268 0.000000
269 0.000000
270 0.000000
271 0.000000
272 0.000000
273 0.000000
274 0.000000
275 0.000000
276 0.000001
277 0.000001
278 0.000001
279 0.000001
280 0.000018
281 0.000003
282 0.000001
283 0.000001
284 0.000001
285 0.000001
286 0.000000
287 0.000000
288 0.000000
289 0.000001
290 0.000002
291 0.000003
292 0.000002
293 0.000001
294 0.000000
295 0.000000
296 0.000000
297 0.000000
298 0.000000
299 0.000000
300 0.000000
301 0.000000
302 0.000000
303 0.000000
304 0.000001
305 0.000001
306 0.000001
307 0.000001
308 0.000001
309 0.000002
310 0.000002
311 0.000001
312 0.000001
313 0.000001
314 0.000000
315 0.000000
316 0.000000
317 0.000001
318 0.000001
319 0.000001
320 0.000001
321 0.000001
322 0.000001
323 0.000000
324 0.000000
325 0.000000
326 0.000000
327 0.000000
328 0.000000
329 0.000000
330 0.000000
331 0.000000
332 0.000000
333 0.000001
334 0.000001
335 0.000001
336 0.000002
337 0.000002
338 0.000005
339 0.000011
340 0.000001
341 0.000001
342 0.000000
343 0.000000
344 0.000000
345 0.000000
346 0.000000
347 0.000000
348 0.000001
349 0.000001
350 0.000001
351 0.000001
352 0.000000
353 0.000000
354 0.000000
355 0.000000
356 0.000000
357 0.000000
358 0.000000
359 0.000000
360 0.000000
361 0.000001
362 0.000001
363 0.000001
364 0.000009
365 0.000017
366 0.000006
367 0.000004
368 0.000001
369 0.000001
370 0.000000
371 0.000000
372 0.000000
373 0.000000
374 0.000000
375 0.000000
376 0.000000
377 0.000001
378 0.000001
379 0.000001
380 0.000001
381 0.000000
382 0.000000
383 0.000000
384 0.000000
385 0.000000
386 0.000000
387 0.000000
388 0.000001
389 0.000001
390 0.000001
391 0.000001
392 0.000006
393 0.000005
394 0.000004
395 0.000001
396 0.000001
397 0.000001
398 0.000001
399 0.000000
400 0.000000
401 0.000000
402 0.000000
403 0.000000
404 0.000000
405 0.000000
406 0.000000
407 0.000001
408 0.000001
409 0.000001
410 0.000000
411 0.000000
412 0.000000
413 0.000001
414 0.000001
415 0.000001
416 0.000001
417 0.000001
418 0.000001
419 0.000001
420 0.000006
421 0.000003
422 0.000001
423 0.000001
424 0.000001
425 0.000000
426 0.000001
427 0.000001
428 0.000000
429 0.000000
430 0.000000
431 0.000000
432 0.000000
433 0.000000
434 0.000000
435 0.000000
436 0.000001
437 0.000001
438 0.000000
439 0.000000
440 0.000001
441 0.000001
442 0.000001
443 0.000001
444 0.000001
445 0.000001
446 0.000001
447 0.000001
448 0.000006
449 0.000001
450 0.000001
451 0.000001
452 0.000000
453 0.000001
454 0.000001
455 0.000001
456 0.000000
457 0.000000
458 0.000000
459 0.000000
460 0.000000
461 0.000000
462 0.000000
463 0.000000
464 0.000000
465 0.000001
466 0.000001
467 0.000001
468 0.000001
469 0.000001
470 0.000001
471 0.000001
472 0.000001
473 0.000001
474 0.000001
475 0.000001
476 0.000011
477 0.000001
478 0.000001
479 0.000001
480 0.000000
481 0.000001
482 0.000001
483 0.000000
484 0.000000
485 0.000000
486 0.000000
487 0.000000
488 0.000000
489 0.000000
490 0.000000
491 0.000000
492 0.000000
493 0.000000
494 0.000000
495 0.000001
496 0.000001
497 0.000001
498 0.000001
499 0.000001
500 0.000001
501 0.000001
502 0.000004
503 0.000010
504 0.000113
505 0.000014
506 0.000001
507 0.000000
508 0.000001
509 0.000001
510 0.000001
511 0.000000
512 0.000000
513 0.000000
514 0.000000
515 0.000000
516 0.000000
517 0.000000
518 0.000000
519 0.000000
520 0.000000
521 0.000000
522 0.000000
523 0.000001
524 0.000001
525 0.000001
526 0.000001
527 0.000001
528 0.000001
529 0.000001
530 0.000417
531 0.002193
532 0.000055
533 0.000046
534 0.000001
535 0.000000
536 0.000001
537 0.000001
538 0.000000
539 0.000000
540 0.000000
541 0.000000
542 0.000000
543 0.000000
544 0.000000
545 0.000000
546 0.000000
547 0.000000
548 0.000000
549 0.000000
550 0.000000
551 0.000001
552 0.000001
553 0.000001
554 0.000001
555 0.000001
556 0.000001
557 0.000001
558 0.011873
559 0.006419
560 0.000080
561 0.000073
562 0.000001
563 0.000000
564 0.000001
565 0.000000
566 0.000000
567 0.000000
568 0.000000
569 0.000000
570 0.000000
571 0.000000
572 0.000000
573 0.000000
574 0.000000
575 0.000000
576 0.000000
577 0.000000
578 0.000000
579 0.000000
580 0.000001
581 0.000001
582 0.000001
583 0.000001
584 0.000001
585 0.010020
586 0.010018
587 0.013172
588 0.000115
589 0.000080
590 0.000001
591 0.000000
592 0.000000
593 0.000000
594 0.000000
595 0.000000
596 0.000000
597 0.000000
598 0.000000
599 0.000000
600 0.000000
601 0.000000
602 0.000000
603 0.000000
604 0.000000
605 0.000000
606 0.000000
607 0.000001
608 0.000001
609 0.000001
610 0.000001
611 0.000001
612 0.010016
613 0.010020
614 0.010018
615 0.010017
616 0.000136
617 0.000115
618 0.000080
619 0.000001
620 0.000001
621 0.000000
622 0.000000
623 0.000000
624 0.000000
625 0.000000
626 0.000000
627 0.000000
628 0.000000
629 0.000000
630 0.000000
631 0.000000
632 0.000000
633 0.000000
634 0.000000
635 0.000001
636 0.000001
637 0.000001
638 0.000001
639 0.010003
640 0.010010
641 0.010014
642 0.000001
643 0.000001
644 0.000148
645 0.000136
646 0.000125
647 0.000087
648 0.000005
649 0.000001
650 0.000000
651 0.000000
652 0.000000
653 0.000000
654 0.000000
655 0.000000
656 0.000000
657 0.000000
658 0.000000
659 0.000000
660 0.000000
661 0.000000
662 0.000000
663 0.000001
664 0.000001
665 0.000001
666 0.002056
667 0.006317
668 0.010002
669 0.000000
670 0.000001
671 0.000001
672 0.000000
673 0.000148
674 0.000136
675 0.000095
676 0.000115
677 0.000080
678 0.000001
679 0.000001
680 0.000001
681 0.000001
682 0.000005
683 0.000001
684 0.000000
685 0.000000
686 0.000000
687 0.000000
688 0.000000
689 0.000002
690 0.000001
691 0.000001
692 0.000002
693 0.000379
694 0.000922
695 0.002675
696 0.000000
697 0.000000
698 0.000000
699 0.000001
700 0.000000
701 0.000000
702 0.000148
703 0.000136
704 0.000125
705 0.000115
706 0.000080
707 0.000073
708 0.000061
709 0.000042
710 0.000013
711 0.000002
712 0.000001
713 0.000001
714 0.000001
715 0.000001
716 0.000001
717 0.000004
718 0.000188
719 0.000199
720 0.000211
721 0.000271
722 0.000509
723 0.000000
724 0.000000
725 0.000000
726 0.000000
727 0.000000
728 0.000000
729 0.000000
730 0.000000
731 0.000000
732 0.000136
733 0.000125
734 0.000087
735 0.000080
736 0.000073
737 0.000050
738 0.000042
739 0.000005
740 0.000001
741 0.000001
742 0.000001
743 0.000001
744 0.000001
745 0.000019
746 0.000199
747 0.000256
748 0.000271
749 0.000346
750 0.000000
751 0.000000
752 0.000000
753 0.000001
754 0.000000
755 0.000000
756 0.000000
757 0.000000
758 0.000000
759 0.000000
760 0.000000
761 0.000136
762 0.000125
763 0.000087
764 0.000080
765 0.000073
766 0.000067
767 0.000017
768 0.000002
769 0.000001
770 0.000001
771 0.000001
772 0.000004
773 0.000094
774 0.000199
775 0.000224
776 0.000287
777 0.000001
778 0.000001
779 0.000001
780 0.000001
781 0.000001
782 0.000001
783 0.000000
