0 0.003885
1 0.004938
2 0.005892
3 0.008066
4 0.007915
5 0.007766
6 0.007766
7 0.005370
8 0.000837
9 0.000102
10 0.000073
11 0.000067
12 0.000071
13 0.000086
14 0.000176
15 0.000444
16 0.000456
17 0.000269
18 0.000417
19 0.001166
20 0.003825
21 0.006135
22 0.007603
23 0.007329
24 0.006629
25 0.006668
26 0.007646
27 0.007545
28 0.004876
29 0.003629
30 0.004303
31 0.005745
32 0.007912
33 0.007917
34 0.007768
35 0.005130
36 0.000525
37 0.000080
38 0.000049
39 0.000050
40 0.000052
41 0.000067
42 0.000115
43 0.000285
44 0.000423
45 0.000515
46 0.000582
47 0.001289
48 0.005787
49 0.007169
50 0.000009
51 0.000000
52 0.006669
53 0.007646
54 0.007430
55 0.007755
56 0.006867
57 0.004638
58 0.003392
59 0.004094
60 0.005531
61 0.007762
62 0.007767
63 0.002465
64 0.000394
65 0.000088
66 0.000071
67 0.000037
68 0.000033
69 0.000038
70 0.000061
71 0.000167
72 0.000384
73 0.000765
74 0.000753
75 0.002056
76 0.000071
77 0.000000
78 0.000000
79 0.000000
80 0.000000
81 0.007430
82 0.007755
83 0.008014
84 0.010002
85 0.006694
86 0.004412
87 0.003010
88 0.003731
89 0.005292
90 0.007762
91 0.001121
92 0.000197
93 0.000116
94 0.000071
95 0.000042
96 0.000027
97 0.000034
98 0.000038
99 0.000091
100 0.000440
101 0.000689
102 0.000027
103 0.000001
104 0.000000
105 0.000000
106 0.000000
107 0.000001
108 0.000599
109 0.007635
110 0.008014
111 0.008244
112 0.010005
113 0.010003
114 0.006443
115 0.004095
116 0.000000
117 0.000000
118 0.000000
119 0.000002
120 0.000002
121 0.000046
122 0.000104
123 0.000058
124 0.000035
125 0.000023
126 0.000025
127 0.000013
128 0.000008
129 0.000002
130 0.000000
131 0.000000
132 0.000000
133 0.000000
134 0.000004
135 0.000131
136 0.000671
137 0.007887
138 0.008113
139 0.008020
140 0.010005
141 0.010005
142 0.010004
143 0.007047
144 0.000000
145 0.000000
146 0.000000
147 0.000000
148 0.000000
149 0.000000
150 0.000000
151 0.000001
152 0.000001
153 0.000000
154 0.000001
155 0.000000
156 0.000000
157 0.000000
158 0.000000
159 0.000000
160 0.000001
161 0.000051
162 0.000091
163 0.000664
164 0.008114
165 0.007985
166 0.007736
167 0.006393
168 0.019126
169 0.013714
170 0.010006
171 0.010005
172 0.000000
173 0.000000
174 0.000001
175 0.000000
176 0.000000
177 0.000000
178 0.000000
179 0.000000
180 0.000000
181 0.000000
182 0.000000
183 0.000000
184 0.000000
185 0.000000
186 0.000001
187 0.000004
188 0.000036
189 0.000222
190 0.000702
191 0.000743
192 0.007925
193 0.007463
194 0.004511
195 0.003272
196 0.013718
197 0.018562
198 0.020871
199 0.010008
200 0.001248
201 0.000000
202 0.000000
203 0.000001
204 0.000000
205 0.000000
206 0.000000
207 0.000000
208 0.000000
209 0.000000
210 0.000000
211 0.000000
212 0.000000
213 0.000000
214 0.000001
215 0.000011
216 0.000022
217 0.000025
218 0.000217
219 0.000573
220 0.007735
221 0.003955
222 0.002775
223 0.001872
224 0.005849
225 0.011087
226 0.015007
227 0.020442
228 0.014420
229 0.000001
230 0.000000
231 0.000000
232 0.000000
233 0.000000
234 0.000000
235 0.000000
236 0.000000
237 0.000000
238 0.000000
239 0.000000
240 0.000001
241 0.000001
242 0.000006
243 0.000044
244 0.000200
245 0.000030
246 0.000034
247 0.000942
248 0.000466
249 0.000344
250 0.000360
251 0.000412
252 0.002374
253 0.003195
254 0.008094
255 0.009713
256 0.006096
257 0.000002
258 0.000000
259 0.000000
260 0.000000
261 0.000000
262 0.000000
263 0.000000
264 0.000000
265 0.000000
266 0.000000
267 0.000000
268 0.000001
269 0.000001
270 0.000018
271 0.000959
272 0.999981
273 0.000154
274 0.000036
275 0.000494
276 0.000234
277 0.000134
278 0.000129
279 0.000159
280 0.001829
281 0.001003
282 0.000793
283 0.001191
284 0.001273
285 0.000007
286 0.000000
287 0.000000
288 0.000000
289 0.000000
290 0.000000
291 0.000000
292 0.000001
293 0.000009
294 0.000008
295 0.000002
296 0.000000
297 0.000001
298 0.000004
299 0.000160
300 0.000548
301 0.000131
302 0.000059
303 0.000947
304 0.000522
305 0.000379
306 0.000252
307 0.000231
308 0.000741
309 0.000427
310 0.000230
311 0.000133
312 0.000036
313 0.000001
314 0.000000
315 0.000000
316 0.000000
317 0.000001
318 0.000000
319 0.000000
320 0.000002
321 0.000131
322 0.001176
323 0.000103
324 0.000006
325 0.000001
326 0.000001
327 0.000008
328 0.000007
329 0.000014
330 0.000058
331 0.000096
332 0.000474
333 0.000633
334 0.000589
335 0.000778
336 0.000500
337 0.000235
338 0.000178
339 0.000108
340 0.000003
341 0.000000
342 0.000000
343 0.000000
344 0.000000
345 0.000000
346 0.000005
347 0.000009
348 0.000020
349 0.000054
350 0.000217
351 0.003043
352 0.000265
353 0.000026
354 0.000002
355 0.000001
356 0.000000
357 0.000001
358 0.000006
359 0.000010
360 0.000141
361 0.000327
362 0.000561
363 0.000679
364 0.000934
365 0.000565
366 0.000256
367 0.000109
368 0.000001
369 0.000000
370 0.000000
371 0.000000
372 0.000000
373 0.000000
374 0.000050
375 0.999982
376 0.000550
377 0.000031
378 0.000022
379 0.000136
380 0.999958
381 0.000194
382 0.000004
383 0.000000
384 0.000000
385 0.000001
386 0.000001
387 0.000003
388 0.000018
389 0.000096
390 0.000178
391 0.000404
392 0.001831
393 0.000909
394 0.000471
395 0.000034
396 0.000000
397 0.000000
398 0.000000
399 0.000000
400 0.000000
401 0.000000
402 0.000048
403 0.002379
404 0.015073
405 0.000278
406 0.000017
407 0.000018
408 0.000046
409 0.000275
410 0.000012
411 0.000001
412 0.000000
413 0.000000
414 0.000001
415 0.000001
416 0.000002
417 0.000030
418 0.000052
419 0.000107
420 0.001787
421 0.001625
422 0.001243
423 0.000013
424 0.000000
425 0.000000
426 0.000000
427 0.000000
428 0.000000
429 0.000000
430 0.000004
431 0.000046
432 0.000855
433 0.002396
434 0.000046
435 0.000003
436 0.000002
437 0.000004
438 0.000012
439 0.000001
440 0.000000
441 0.000000
442 0.000001
443 0.000001
444 0.000001
445 0.000017
446 0.000022
447 0.000040
448 0.004566
449 0.003904
450 0.003561
451 0.000005
452 0.000000
453 0.000000
454 0.000000
455 0.000001
456 0.000002
457 0.000002
458 0.000001
459 0.000001
460 0.000009
461 0.000037
462 0.000042
463 0.000003
464 0.000001
465 0.000001
466 0.000001
467 0.000001
468 0.000001
469 0.000000
470 0.000001
471 0.000001
472 0.000002
473 0.000009
474 0.000019
475 0.000039
476 0.004346
477 0.004342
478 0.001200
479 0.000003
480 0.000000
481 0.000001
482 0.000002
483 0.000026
484 0.000220
485 0.000016
486 0.000001
487 0.000000
488 0.000000
489 0.000001
490 0.000001
491 0.000002
492 0.000001
493 0.000001
494 0.000000
495 0.000000
496 0.000001
497 0.000000
498 0.000000
499 0.000001
500 0.000003
501 0.000013
502 0.000158
503 0.000212
504 0.002268
505 0.001656
506 0.000236
507 0.000001
508 0.000001
509 0.000002
510 0.000040
511 0.004220
512 0.999977
513 0.000027
514 0.000000
515 0.000000
516 0.000000
517 0.000000
518 0.000000
519 0.000001
520 0.000001
521 0.000001
522 0.000000
523 0.000000
524 0.000000
525 0.000000
526 0.000000
527 0.000001
528 0.000008
529 0.000110
530 0.001533
531 0.002251
532 0.002397
533 0.003341
534 0.000047
535 0.000001
536 0.000000
537 0.000012
538 0.001072
539 0.014113
540 0.001259
541 0.000013
542 0.000001
543 0.000000
544 0.000000
545 0.000000
546 0.000000
547 0.000000
548 0.000001
549 0.000000
550 0.000000
551 0.000000
552 0.000000
553 0.000001
554 0.000001
555 0.000003
556 0.000068
557 0.000348
558 0.007447
559 0.004795
560 0.004277
561 0.006158
562 0.000073
563 0.000001
564 0.000004
565 0.000151
566 0.003323
567 0.000619
568 0.000025
569 0.000001
570 0.000000
571 0.000000
572 0.000000
573 0.000000
574 0.000000
575 0.000000
576 0.000000
577 0.000000
578 0.000000
579 0.000000
580 0.000001
581 0.000002
582 0.000005
583 0.000010
584 0.000159
585 0.010026
586 0.010031
587 0.010266
588 0.006886
589 0.010003
590 0.000708
591 0.000008
592 0.000121
593 0.001695
594 0.000097
595 0.000004
596 0.000001
597 0.000000
598 0.000000
599 0.000000
600 0.000000
601 0.000000
602 0.000000
603 0.000001
604 0.000001
605 0.000000
606 0.000000
607 0.000002
608 0.000003
609 0.000002
610 0.000005
611 0.000060
612 0.003872
613 0.007292
614 0.010023
615 0.010028
616 0.010003
617 0.010004
618 0.010003
619 0.002006
620 0.000846
621 0.000106
622 0.000003
623 0.000001
624 0.000000
625 0.000000
626 0.000000
627 0.000000
628 0.000000
629 0.000001
630 0.000003
631 0.000023
632 0.000031
633 0.000008
634 0.000003
635 0.000004
636 0.000004
637 0.000007
638 0.000065
639 0.001380
640 0.002172
641 0.003998
642 0.000000
643 0.000001
644 0.010003
645 0.010002
646 0.010002
647 0.010002
648 0.005912
649 0.000038
650 0.000003
651 0.000001
652 0.000001
653 0.000003
654 0.000016
655 0.000017
656 0.000040
657 0.000229
658 0.000252
659 0.000285
660 0.000133
661 0.000095
662 0.000099
663 0.000053
664 0.000031
665 0.000372
666 0.003357
667 0.001899
668 0.001474
669 0.000000
670 0.000000
671 0.000000
672 0.000000
673 0.010002
674 0.010002
675 0.009303
676 0.006725
677 0.006956
678 0.000108
679 0.000090
680 0.000198
681 0.001067
682 0.009999
683 0.002596
684 0.000646
685 0.000295
686 0.000323
687 0.000321
688 0.000253
689 0.000763
690 0.002753
691 0.001414
692 0.002697
693 0.010010
694 0.006300
695 0.003485
696 0.000000
697 0.000000
698 0.000000
699 0.000000
700 0.000000
701 0.000000
702 0.010002
703 0.007345
704 0.006902
705 0.006961
706 0.009572
707 0.010008
708 0.010006
709 0.010002
710 0.010000
711 0.005787
712 0.001372
713 0.000378
714 0.000394
715 0.000296
716 0.000173
717 0.000498
718 0.003716
719 0.008527
720 0.010016
721 0.010013
722 0.010009
723 0.000001
724 0.000000
725 0.000000
726 0.000000
727 0.000000
728 0.000000
729 0.000000
730 0.000000
731 0.000000
732 0.006869
733 0.009439
734 0.010007
735 0.010006
736 0.010003
737 0.010000
738 0.010001
739 0.010002
740 0.002383
741 0.000775
742 0.000411
743 0.000223
744 0.000186
745 0.000483
746 0.002025
747 0.005262
748 0.010014
749 0.010013
750 0.000001
751 0.000001
752 0.000001
753 0.000001
754 0.000000
755 0.000000
756 0.000000
757 0.000000
758 0.000000
759 0.000000
760 0.000000
761 0.010006
762 0.010006
763 0.010004
764 0.010000
765 0.010000
766 0.010002
767 0.010005
768 0.004151
769 0.001302
770 0.000403
771 0.000192
772 0.000201
773 0.000540
774 0.001288
775 0.002876
776 0.006280
777 0.000102
778 0.008912
779 0.008120
780 0.001119
781 0.000001
782 0.000000
783 0.000000
