0 0.001902
1 0.001792
2 0.001444
3 0.001868
4 0.002280
5 0.003024
6 0.004241
7 0.002760
8 0.000062
9 0.000002
10 0.000001
11 0.000001
12 0.000001
13 0.000001
14 0.000001
15 0.000001
16 0.000001
17 0.000000
18 0.000003
19 0.000024
20 0.000087
21 0.000095
22 0.000141
23 0.000153
24 0.000125
25 0.000138
26 0.000199
27 0.000218
28 0.001540
29 0.001688
30 0.001353
31 0.001269
32 0.001674
33 0.002786
34 0.004647
35 0.001795
36 0.000020
37 0.000001
38 0.000001
39 0.000001
40 0.000001
41 0.000001
42 0.000001
43 0.000000
44 0.000000
45 0.000000
46 0.000001
47 0.000011
48 0.000059
49 0.000087
50 0.000456
51 0.000651
52 0.000114
53 0.000167
54 0.000138
55 0.000199
56 0.001688
57 0.001353
58 0.001269
59 0.001190
60 0.001053
61 0.001710
62 0.002971
63 0.000341
64 0.000010
65 0.000001
66 0.000001
67 0.000000
68 0.000000
69 0.000000
70 0.000000
71 0.000000
72 0.000000
73 0.000000
74 0.000000
75 0.000003
76 0.000283
77 0.000312
78 0.000371
79 0.000438
80 0.000651
81 0.000114
82 0.000167
83 0.000138
84 0.001591
85 0.001269
86 0.001004
87 0.000875
88 0.000817
89 0.000930
90 0.001657
91 0.000043
92 0.000003
93 0.000001
94 0.000001
95 0.000001
96 0.000000
97 0.000000
98 0.000000
99 0.000000
100 0.000000
101 0.000000
102 0.000001
103 0.000002
104 0.000064
105 0.000277
106 0.000339
107 0.000530
108 0.000555
109 0.000104
110 0.000114
111 0.000167
112 0.001269
113 0.001190
114 0.000875
115 0.000817
116 0.000000
117 0.000000
118 0.000000
119 0.000000
120 0.000000
121 0.000000
122 0.000001
123 0.000001
124 0.000000
125 0.000000
126 0.000000
127 0.000000
128 0.000000
129 0.000000
130 0.000000
131 0.000001
132 0.000014
133 0.000200
134 0.000296
135 0.000431
136 0.000451
137 0.000071
138 0.000140
139 0.000546
140 0.001190
141 0.000937
142 0.000817
143 0.000763
144 0.000000
145 0.000000
146 0.000000
147 0.000000
148 0.000000
149 0.000000
150 0.000000
151 0.000000
152 0.000000
153 0.000000
154 0.000000
155 0.000000
156 0.000000
157 0.000000
158 0.000000
159 0.000000
160 0.000002
161 0.000077
162 0.000290
163 0.000285
164 0.000073
165 0.000117
166 0.000486
167 0.001497
168 0.000937
169 0.000817
170 0.000763
171 0.000666
172 0.000000
173 0.000000
174 0.000000
175 0.000000
176 0.000000
177 0.000000
178 0.000000
179 0.000000
180 0.000000
181 0.000000
182 0.000000
183 0.000000
184 0.000000
185 0.000000
186 0.000000
187 0.000000
188 0.000000
189 0.000015
190 0.000237
191 0.000287
192 0.000119
193 0.000389
194 0.001881
195 0.990263
196 0.000892
197 0.000763
198 0.000587
199 0.000508
200 0.000000
201 0.000000
202 0.000000
203 0.000000
204 0.000000
205 0.000000
206 0.000000
207 0.000000
208 0.000000
209 0.000000
210 0.000000
211 0.000000
212 0.000000
213 0.000000
214 0.000000
215 0.000000
216 0.000000
217 0.000000
218 0.000001
219 0.000012
220 0.000490
221 0.002314
222 0.006391
223 0.002129
224 0.000887
225 0.000683
226 0.000538
227 0.000473
228 0.000330
229 0.000000
230 0.000000
231 0.000000
232 0.000000
233 0.000000
234 0.000000
235 0.000000
236 0.000000
237 0.000000
238 0.000000
239 0.000000
240 0.000000
241 0.000000
242 0.000000
243 0.000000
244 0.000000
245 0.000000
246 0.000000
247 0.000000
248 0.000001
249 0.000001
250 0.000002
251 0.000004
252 0.000828
253 0.000591
254 0.000549
255 0.000750
256 0.000676
257 0.000000
258 0.000000
259 0.000000
260 0.000000
261 0.000000
262 0.000000
263 0.000000
264 0.000000
265 0.000000
266 0.000000
267 0.000000
268 0.000000
269 0.000000
270 0.000000
271 0.000000
272 0.000000
273 0.000000
274 0.000000
275 0.000000
276 0.000000
277 0.000000
278 0.000000
279 0.000000
280 0.000508
281 0.000829
282 0.001094
283 0.000931
284 0.000966
285 0.000000
286 0.000000
287 0.000000
288 0.000000
289 0.000000
290 0.000000
291 0.000000
292 0.000000
293 0.000000
294 0.000000
295 0.000000
296 0.000000
297 0.000000
298 0.000000
299 0.000000
300 0.000000
301 0.000000
302 0.000000
303 0.000000
304 0.000000
305 0.000000
306 0.000000
307 0.000000
308 0.001437
309 0.001162
310 0.000922
311 0.000813
312 0.000016
313 0.000000
314 0.000000
315 0.000000
316 0.000000
317 0.000000
318 0.000000
319 0.000000
320 0.000000
321 0.000000
322 0.000000
323 0.000000
324 0.000000
325 0.000000
326 0.000000
327 0.000000
328 0.000000
329 0.000000
330 0.000000
331 0.000000
332 0.000000
333 0.000000
334 0.000000
335 0.000000
336 0.001644
337 0.001247
338 0.000998
339 0.000562
340 0.000001
341 0.000000
342 0.000000
343 0.000000
344 0.000000
345 0.000000
346 0.000000
347 0.000000
348 0.000000
349 0.000000
350 0.000000
351 0.000000
352 0.000000
353 0.000000
354 0.000000
355 0.000000
356 0.000000
357 0.000000
358 0.000000
359 0.000000
360 0.000000
361 0.000000
362 0.000000
363 0.000000
364 0.001227
365 0.001209
366 0.001073
367 0.000633
368 0.000000
369 0.000000
370 0.000000
371 0.000000
372 0.000000
373 0.000000
374 0.000000
375 0.000000
376 0.000000
377 0.000000
378 0.000000
379 0.000000
380 0.000000
381 0.000000
382 0.000000
383 0.000000
384 0.000000
385 0.000000
386 0.000000
387 0.000000
388 0.000000
389 0.000000
390 0.000000
391 0.000000
392 0.000628
393 0.000621
394 0.000686
395 0.000008
396 0.000000
397 0.000000
398 0.000000
399 0.000000
400 0.000000
401 0.000000
402 0.000000
403 0.000000
404 0.000000
405 0.000000
406 0.000000
407 0.000000
408 0.000000
409 0.000001
410 0.000000
411 0.000000
412 0.000000
413 0.000000
414 0.000000
415 0.000000
416 0.000000
417 0.000000
418 0.000000
419 0.000000
420 0.000575
421 0.000309
422 0.000316
423 0.000000
424 0.000000
425 0.000000
426 0.000000
427 0.000000
428 0.000000
429 0.000000
430 0.000000
431 0.000000
432 0.000000
433 0.000000
434 0.000000
435 0.000000
436 0.000000
437 0.000000
438 0.000000
439 0.000000
440 0.000000
441 0.000000
442 0.000000
443 0.000000
444 0.000000
445 0.000000
446 0.000000
447 0.000000
448 0.000557
449 0.000273
450 0.000224
451 0.000000
452 0.000000
453 0.000000
454 0.000000
455 0.000000
456 0.000000
457 0.000000
458 0.000000
459 0.000000
460 0.000000
461 0.000000
462 0.000000
463 0.000000
464 0.000000
465 0.000000
466 0.000000
467 0.000001
468 0.000001
469 0.000000
470 0.000000
471 0.000000
472 0.000000
473 0.000000
474 0.000000
475 0.000000
476 0.002922
477 0.001191
478 0.000034
479 0.000000
480 0.000000
481 0.000000
482 0.000000
483 0.000000
484 0.000000
485 0.000000
486 0.000000
487 0.000000
488 0.000000
489 0.000000
490 0.000000
491 0.000000
492 0.000000
493 0.000000
494 0.000000
495 0.000001
496 0.000960
497 0.000002
498 0.000000
499 0.000000
500 0.000000
501 0.000000
502 0.000000
503 0.000001
504 0.023062
505 0.010875
506 0.000006
507 0.000000
508 0.000000
509 0.000000
510 0.000000
511 0.000000
512 0.000000
513 0.000000
514 0.000000
515 0.000000
516 0.000000
517 0.000000
518 0.000000
519 0.000000
520 0.000000
521 0.000000
522 0.000000
523 0.000000
524 0.000009
525 0.999998
526 0.000002
527 0.000000
528 0.000000
529 0.000000
530 0.000001
531 0.000001
532 0.022965
533 0.023235
534 0.000004
535 0.000000
536 0.000000
537 0.000000
538 0.000000
539 0.000000
540 0.000000
541 0.000000
542 0.000000
543 0.000000
544 0.000000
545 0.000000
546 0.000000
547 0.000000
548 0.000000
549 0.000000
550 0.000000
551 0.000000
552 0.000000
553 0.000001
554 0.001177
555 0.000001
556 0.000000
557 0.000000
558 0.000002
559 0.000001
560 0.021808
561 0.021947
562 0.000003
563 0.000000
564 0.000000
565 0.000000
566 0.000000
567 0.000000
568 0.000000
569 0.000000
570 0.000000
571 0.000000
572 0.000000
573 0.000000
574 0.000000
575 0.000000
576 0.000000
577 0.000000
578 0.000000
579 0.000000
580 0.000000
581 0.000000
582 0.000001
583 0.000120
584 0.000012
585 0.000217
586 0.000021
587 0.000005
588 0.020826
589 0.021690
590 0.000083
591 0.000000
592 0.000000
593 0.000000
594 0.000000
595 0.000000
596 0.000000
597 0.000000
598 0.000000
599 0.000000
600 0.000000
601 0.000000
602 0.000000
603 0.000000
604 0.000000
605 0.000000
606 0.000000
607 0.000000
608 0.000000
609 0.000000
610 0.000000
611 0.000020
612 0.001843
613 0.004248
614 0.000452
615 0.000071
616 0.020395
617 0.020804
618 0.021684
619 0.000213
620 0.000001
621 0.000000
622 0.000000
623 0.000000
624 0.000000
625 0.000000
626 0.000000
627 0.000000
628 0.000000
629 0.000000
630 0.000000
631 0.000000
632 0.000000
633 0.000000
634 0.000000
635 0.000000
636 0.000000
637 0.000000
638 0.000000
639 0.000011
640 0.000113
641 0.001949
642 0.000000
643 0.000000
644 0.020183
645 0.020378
646 0.020567
647 0.021436
648 0.003407
649 0.000001
650 0.000000
651 0.000000
652 0.000001
653 0.000029
654 0.000000
655 0.000000
656 0.000000
657 0.000000
658 0.000000
659 0.000000
660 0.000000
661 0.000000
662 0.000000
663 0.000000
664 0.000000
665 0.000000
666 0.000001
667 0.000002
668 0.000013
669 0.000000
670 0.000000
671 0.000000
672 0.000000
673 0.020152
674 0.020354
675 0.021207
676 0.020793
677 0.021657
678 0.000008
679 0.000004
680 0.000012
681 0.000345
682 0.000081
683 0.000001
684 0.000000
685 0.000000
686 0.000000
687 0.000000
688 0.000000
689 0.000000
690 0.000000
691 0.000000
692 0.000000
693 0.000001
694 0.000001
695 0.000001
696 0.000000
697 0.000000
698 0.000000
699 0.000000
700 0.000000
701 0.000000
702 0.020149
703 0.020376
704 0.020561
705 0.020725
706 0.021488
707 0.021544
708 0.021962
709 0.022967
710 0.001102
711 0.000005
712 0.000000
713 0.000000
714 0.000000
715 0.000000
716 0.000000
717 0.000000
718 0.000000
719 0.000000
720 0.000000
721 0.000001
722 0.000001
723 0.000000
724 0.000000
725 0.000000
726 0.000000
727 0.000000
728 0.000000
729 0.000000
730 0.000000
731 0.000000
732 0.020329
733 0.020415
734 0.021142
735 0.021298
736 0.021578
737 0.022718
738 0.023608
739 0.000028
740 0.000001
741 0.000000
742 0.000000
743 0.000000
744 0.000001
745 0.000000
746 0.000000
747 0.000001
748 0.000001
749 0.000001
750 0.000000
751 0.000000
752 0.000000
753 0.000000
754 0.000000
755 0.000000
756 0.000000
757 0.000000
758 0.000000
759 0.000000
760 0.000000
761 0.020129
762 0.020223
763 0.021101
764 0.021459
765 0.022046
766 0.022738
767 0.000253
768 0.000002
769 0.000000
770 0.000000
771 0.000000
772 0.000001
773 0.000001
774 0.000000
775 0.000000
776 0.000001
777 0.000000
778 0.000000
779 0.000000
780 0.000000
781 0.000000
782 0.000000
783 0.000000
