0 0.003553
1 0.002083
2 0.000853
3 0.000945
4 0.000716
5 0.000538
6 0.000456
7 0.000420
8 0.000036
9 0.000003
10 0.000002
11 0.000001
12 0.000002
13 0.000001
14 0.000001
15 0.000001
16 0.000001
17 0.000001
18 0.000005
19 0.000066
20 0.000287
21 0.000307
22 0.000412
23 0.000440
24 0.000378
25 0.000405
26 0.000536
27 0.000574
28 0.009898
29 0.003804
30 0.002000
31 0.000729
32 0.000662
33 0.000567
34 0.000420
35 0.000216
36 0.000008
37 0.000001
38 0.000001
39 0.000001
40 0.000001
41 0.000001
42 0.000001
43 0.000001
44 0.000001
45 0.000001
46 0.000001
47 0.000023
48 0.000213
49 0.000287
50 0.000000
51 0.000000
52 0.000352
53 0.000470
54 0.000405
55 0.000536
56 0.016934
57 0.011027
58 0.004195
59 0.002015
60 0.000587
61 0.000420
62 0.000387
63 0.000052
64 0.000003
65 0.000001
66 0.000001
67 0.000001
68 0.000001
69 0.000001
70 0.000001
71 0.000000
72 0.000000
73 0.000000
74 0.000000
75 0.000005
76 0.000000
77 0.000000
78 0.000000
79 0.000000
80 0.000000
81 0.000352
82 0.000470
83 0.000512
84 0.027602
85 0.018361
86 0.013980
87 0.003687
88 0.001676
89 0.000415
90 0.000329
91 0.000012
92 0.000001
93 0.000000
94 0.000000
95 0.000000
96 0.000000
97 0.000000
98 0.000000
99 0.000000
100 0.000000
101 0.000000
102 0.000000
103 0.000000
104 0.000000
105 0.000000
106 0.000000
107 0.000000
108 0.000000
109 0.000329
110 0.000453
111 0.000982
112 0.014507
113 0.026283
114 0.019064
115 0.016837
116 0.000000
117 0.000000
118 0.000000
119 0.000000
120 0.000000
121 0.000000
122 0.000000
123 0.000000
124 0.000000
125 0.000000
126 0.000000
127 0.000000
128 0.000000
129 0.000000
130 0.000000
131 0.000000
132 0.000000
133 0.000000
134 0.000000
135 0.000000
136 0.000000
137 0.000364
138 0.000913
139 0.002188
140 0.007478
141 0.013762
142 0.024978
143 0.021571
144 0.000000
145 0.000000
146 0.000000
147 0.000000
148 0.000000
149 0.000000
150 0.000000
151 0.000000
152 0.000000
153 0.000000
154 0.000000
155 0.000000
156 0.000000
157 0.000000
158 0.000000
159 0.000000
160 0.000000
161 0.000000
162 0.000000
163 0.000000
164 0.000388
165 0.000868
166 0.001993
167 0.004937
168 0.004655
169 0.007088
170 0.011332
171 0.022888
172 0.000000
173 0.000000
174 0.000000
175 0.000000
176 0.000000
177 0.000000
178 0.000000
179 0.000000
180 0.000000
181 0.000000
182 0.000000
183 0.000000
184 0.000000
185 0.000000
186 0.000000
187 0.000000
188 0.000000
189 0.000000
190 0.000000
191 0.000000
192 0.000995
193 0.001825
194 0.008645
195 0.018670
196 0.002930
197 0.004489
198 0.005851
199 0.010741
200 0.000001
201 0.000000
202 0.000000
203 0.000000
204 0.000000
205 0.000000
206 0.000000
207 0.000000
208 0.000000
209 0.000000
210 0.000000
211 0.000000
212 0.000000
213 0.000000
214 0.000000
215 0.000000
216 0.000000
217 0.000000
218 0.000000
219 0.000001
220 0.002750
221 0.013479
222 0.018908
223 0.017353
224 0.001059
225 0.001762
226 0.003254
227 0.005052
228 0.008615
229 0.000000
230 0.000000
231 0.000000
232 0.000000
233 0.000000
234 0.000000
235 0.000000
236 0.000000
237 0.000000
238 0.000000
239 0.000000
240 0.000000
241 0.000000
242 0.000000
243 0.000000
244 0.000000
245 0.000000
246 0.000000
247 0.000004
248 0.000057
249 0.000152
250 0.000409
251 0.000749
252 0.000422
253 0.000584
254 0.001024
255 0.001069
256 0.000171
257 0.000000
258 0.000000
259 0.000000
260 0.000000
261 0.000000
262 0.000000
263 0.000000
264 0.000000
265 0.000000
266 0.000000
267 0.000000
268 0.000000
269 0.000000
270 0.000000
271 0.000000
272 0.000000
273 0.000000
274 0.000000
275 0.000001
276 0.000002
277 0.000004
278 0.000006
279 0.000003
280 0.000239
281 0.000035
282 0.000019
283 0.000005
284 0.000003
285 0.000000
286 0.000000
287 0.000000
288 0.000000
289 0.000000
290 0.000000
291 0.000000
292 0.000000
293 0.000000
294 0.000000
295 0.000000
296 0.000000
297 0.000000
298 0.000000
299 0.000000
300 0.000000
301 0.000000
302 0.000000
303 0.000001
304 0.000001
305 0.000001
306 0.000000
307 0.000000
308 0.000016
309 0.000003
310 0.000001
311 0.000000
312 0.000000
313 0.000000
314 0.000000
315 0.000000
316 0.000000
317 0.000000
318 0.000000
319 0.000000
320 0.000000
321 0.000000
322 0.000000
323 0.000000
324 0.000000
325 0.000000
326 0.000000
327 0.000000
328 0.000000
329 0.000000
330 0.000000
331 0.000000
332 0.000000
333 0.000000
334 0.000000
335 0.000000
336 0.000001
337 0.000001
338 0.000000
339 0.000000
340 0.000000
341 0.000000
342 0.000000
343 0.000000
344 0.000000
345 0.000000
346 0.000000
347 0.000000
348 0.000000
349 0.000000
350 0.000000
351 0.000000
352 0.000000
353 0.000000
354 0.000000
355 0.000000
356 0.000000
357 0.000000
358 0.000000
359 0.000000
360 0.000000
361 0.000000
362 0.000000
363 0.000000
364 0.000001
365 0.000001
366 0.000000
367 0.000000
368 0.000000
369 0.000000
370 0.000000
371 0.000000
372 0.000000
373 0.000000
374 0.000000
375 0.000000
376 0.000000
377 0.000000
378 0.000000
379 0.000000
380 0.000000
381 0.000000
382 0.000000
383 0.000000
384 0.000000
385 0.000000
386 0.000000
387 0.000000
388 0.000000
389 0.000000
390 0.000000
391 0.000000
392 0.000001
393 0.000000
394 0.000000
395 0.000000
396 0.000000
397 0.000000
398 0.000000
399 0.000000
400 0.000000
401 0.000000
402 0.000000
403 0.000000
404 0.000000
405 0.000000
406 0.000000
407 0.000000
408 0.000000
409 0.000000
410 0.000000
411 0.000000
412 0.000000
413 0.000000
414 0.000000
415 0.000000
416 0.000000
417 0.000000
418 0.000000
419 0.000000
420 0.000001
421 0.000000
422 0.000000
423 0.000000
424 0.000000
425 0.000000
426 0.000000
427 0.000000
428 0.000000
429 0.000000
430 0.000000
431 0.000000
432 0.000000
433 0.000000
434 0.000100
435 0.000156
436 0.000000
437 0.000000
438 0.000000
439 0.000000
440 0.000000
441 0.000000
442 0.000000
443 0.000000
444 0.000000
445 0.000000
446 0.000000
447 0.000000
448 0.000001
449 0.000000
450 0.000000
451 0.000000
452 0.000000
453 0.000000
454 0.000000
455 0.000000
456 0.000000
457 0.000000
458 0.000000
459 0.000000
460 0.000000
461 0.000000
462 0.890429
463 0.999999
464 0.000000
465 0.000000
466 0.000000
467 0.000000
468 0.000000
469 0.000000
470 0.000000
471 0.000000
472 0.000000
473 0.000000
474 0.000000
475 0.000000
476 0.000007
477 0.000002
478 0.000000
479 0.000000
480 0.000000
481 0.000000
482 0.000000
483 0.000000
484 0.000000
485 0.000000
486 0.000000
487 0.000000
488 0.000000
489 0.000000
490 0.000000
491 0.000001
492 0.000000
493 0.000000
494 0.000000
495 0.000000
496 0.000000
497 0.000000
498 0.000000
499 0.000000
500 0.000000
501 0.000000
502 0.000000
503 0.000001
504 0.000119
505 0.000036
506 0.000000
507 0.000000
508 0.000000
509 0.000000
510 0.000000
511 0.000000
512 0.000000
513 0.000000
514 0.000000
515 0.000000
516 0.000000
517 0.000000
518 0.000000
519 0.000000
520 0.000000
521 0.000000
522 0.000000
523 0.000000
524 0.000000
525 0.000000
526 0.000000
527 0.000000
528 0.000000
529 0.000000
530 0.000003
531 0.000012
532 0.000108
533 0.000093
534 0.000000
535 0.000000
536 0.000000
537 0.000000
538 0.000000
539 0.000000
540 0.000000
541 0.000000
542 0.000000
543 0.000000
544 0.000000
545 0.000000
546 0.000000
547 0.000000
548 0.000000
549 0.000000
550 0.000000
551 0.000000
552 0.000000
553 0.000000
554 0.000000
555 0.000000
556 0.000000
557 0.000000
558 0.000012
559 0.000013
560 0.000148
561 0.000138
562 0.000000
563 0.000000
564 0.000000
565 0.000000
566 0.000000
567 0.000000
568 0.000000
569 0.000000
570 0.000000
571 0.000000
572 0.000000
573 0.000000
574 0.000000
575 0.000000
576 0.000000
577 0.000000
578 0.000000
579 0.000000
580 0.000000
581 0.000000
582 0.000000
583 0.000000
584 0.000000
585 0.000012
586 0.000013
587 0.000020
588 0.000202
589 0.000148
590 0.000002
591 0.000000
592 0.000000
593 0.000000
594 0.000000
595 0.000000
596 0.000000
597 0.000000
598 0.000000
599 0.000000
600 0.000000
601 0.000000
602 0.000000
603 0.000000
604 0.000000
605 0.000000
606 0.000000
607 0.000000
608 0.000000
609 0.000000
610 0.000000
611 0.000000
612 0.000015
613 0.000012
614 0.000018
615 0.000020
616 0.000233
617 0.000202
618 0.000148
619 0.000004
620 0.000000
621 0.000000
622 0.000000
623 0.000000
624 0.000000
625 0.000000
626 0.000000
627 0.000000
628 0.000000
629 0.000000
630 0.000000
631 0.000000
632 0.000000
633 0.000000
634 0.000000
635 0.000000
636 0.000000
637 0.000000
638 0.000002
639 0.000272
640 0.000063
641 0.000025
642 0.000000
643 0.000000
644 0.000250
645 0.000233
646 0.000217
647 0.000159
648 0.000032
649 0.000000
650 0.000000
651 0.000000
652 0.000000
653 0.000001
654 0.000000
655 0.000000
656 0.000000
657 0.000000
658 0.000000
659 0.000000
660 0.000000
661 0.000000
662 0.000000
663 0.000000
664 0.000000
665 0.000027
666 0.010000
667 0.002417
668 0.000454
669 0.000000
670 0.000000
671 0.000000
672 0.000000
673 0.000250
674 0.000233
675 0.000171
676 0.000202
677 0.000148
678 0.000001
679 0.000002
680 0.000026
681 0.000274
682 0.000321
683 0.000004
684 0.000000
685 0.000000
686 0.000000
687 0.000000
688 0.000000
689 0.000000
690 0.000004
691 0.000013
692 0.000553
693 0.012075
694 0.010000
695 0.010000
696 0.000000
697 0.000000
698 0.000000
699 0.000000
700 0.000000
701 0.000000
702 0.000250
703 0.000233
704 0.000217
705 0.000492
706 0.001205
707 0.007300
708 0.008689
709 0.010000
710 0.001824
711 0.000009
712 0.000000
713 0.000000
714 0.000000
715 0.000000
716 0.000000
717 0.000000
718 0.000020
719 0.000175
720 0.001527
721 0.010840
722 0.011579
723 0.000000
724 0.000000
725 0.000000
726 0.000000
727 0.000000
728 0.000000
729 0.000000
730 0.000000
731 0.000000
732 0.000442
733 0.001333
734 0.003986
735 0.008165
736 0.010000
737 0.010000
738 0.007034
739 0.000015
740 0.000000
741 0.000000
742 0.000000
743 0.000000
744 0.000000
745 0.000001
746 0.000006
747 0.000049
748 0.000443
749 0.004026
750 0.000000
751 0.000000
752 0.000000
753 0.000000
754 0.000000
755 0.000000
756 0.000000
757 0.000000
758 0.000000
759 0.000000
760 0.000000
761 0.003096
762 0.007944
763 0.009415
764 0.010000
765 0.010000
766 0.002706
767 0.000032
768 0.000000
769 0.000000
770 0.000000
771 0.000000
772 0.000000
773 0.000004
774 0.000006
775 0.000014
776 0.000087
777 0.000000
778 0.000043
779 0.000037
780 0.000000
781 0.000000
782 0.000000
783 0.000000
