0 0.001866
1 0.001760
2 0.001426
3 0.001567
4 0.001259
5 0.001005
6 0.000882
7 0.000826
8 0.000134
9 0.000047
10 0.000089
11 0.000195
12 0.000240
13 0.000381
14 0.000187
15 0.000096
16 0.000059
17 0.000102
18 0.000335
19 0.001405
20 0.002483
21 0.001782
22 0.001720
23 0.002476
24 0.003735
25 0.007262
26 0.007441
27 0.007657
28 0.001519
29 0.001661
30 0.001340
31 0.001259
32 0.001184
33 0.001047
34 0.000826
35 0.000484
36 0.000042
37 0.000012
38 0.000028
39 0.000090
40 0.000198
41 0.000325
42 0.000679
43 0.000380
44 0.000159
45 0.000071
46 0.000077
47 0.000410
48 0.001563
49 0.001470
50 0.000000
51 0.000000
52 0.007262
53 0.007441
54 0.006426
55 0.004140
56 0.001661
57 0.001340
58 0.001259
59 0.001184
60 0.001047
61 0.000826
62 0.000774
63 0.000174
64 0.000018
65 0.000005
66 0.000012
67 0.000031
68 0.000110
69 0.000249
70 0.001272
71 0.001580
72 0.000380
73 0.000040
74 0.000025
75 0.000098
76 0.000001
77 0.000000
78 0.000000
79 0.000000
80 0.000000
81 0.006305
82 0.003982
83 0.002155
84 0.001567
85 0.001259
86 0.001005
87 0.000882
88 0.000826
89 0.000774
90 0.000681
91 0.000055
92 0.000006
93 0.000004
94 0.000003
95 0.000009
96 0.000034
97 0.000404
98 0.002034
99 0.978426
100 0.000752
101 0.000018
102 0.000000
103 0.000000
104 0.000000
105 0.000000
106 0.000000
107 0.000000
108 0.000000
109 0.003139
110 0.001991
111 0.001343
112 0.001259
113 0.001184
114 0.000882
115 0.000826
116 0.000000
117 0.000000
118 0.000000
119 0.000000
120 0.000000
121 0.000001
122 0.000003
123 0.000003
124 0.000017
125 0.000301
126 0.004789
127 0.000571
128 0.000002
129 0.000000
130 0.000000
131 0.000000
132 0.000000
133 0.000000
134 0.000000
135 0.000000
136 0.000057
137 0.001549
138 0.001017
139 0.001049
140 0.001184
141 0.000941
142 0.000826
143 0.000774
144 0.000000
145 0.000000
146 0.000000
147 0.000000
148 0.000000
149 0.000000
150 0.000000
151 0.000000
152 0.000000
153 0.000000
154 0.000010
155 0.000000
156 0.000000
157 0.000000
158 0.000000
159 0.000000
160 0.000000
161 0.000000
162 0.000000
163 0.000000
164 0.001503
165 0.000793
166 0.000792
167 0.000836
168 0.000941
169 0.000826
170 0.000774
171 0.000681
172 0.000000
173 0.000000
174 0.000000
175 0.000000
176 0.000000
177 0.000000
178 0.000000
179 0.000000
180 0.000000
181 0.000000
182 0.000000
183 0.000000
184 0.000000
185 0.000000
186 0.000000
187 0.000000
188 0.000000
189 0.000000
190 0.000000
191 0.000000
192 0.000533
193 0.000560
194 0.000593
195 0.000861
196 0.000826
197 0.000774
198 0.000605
199 0.000528
200 0.000091
201 0.000000
202 0.000000
203 0.000000
204 0.000000
205 0.000000
206 0.000000
207 0.000000
208 0.000000
209 0.000000
210 0.000000
211 0.000000
212 0.000000
213 0.000000
214 0.000000
215 0.000000
216 0.000000
217 0.000000
218 0.000000
219 0.000006
220 0.000529
221 0.000560
222 0.000634
223 0.000807
224 0.001958
225 0.000873
226 0.000528
227 0.000494
228 0.000354
229 0.000000
230 0.000000
231 0.000000
232 0.000000
233 0.000000
234 0.000000
235 0.000000
236 0.000000
237 0.000000
238 0.000000
239 0.000000
240 0.000000
241 0.000003
242 0.000003
243 0.000000
244 0.000000
245 0.000000
246 0.000000
247 0.000007
248 0.000018
249 0.000033
250 0.000082
251 0.000153
252 0.005211
253 0.002121
254 0.001091
255 0.000274
256 0.000058
257 0.000000
258 0.000000
259 0.000000
260 0.000000
261 0.000000
262 0.000000
263 0.000000
264 0.000000
265 0.000000
266 0.000000
267 0.000000
268 0.000003
269 0.999998
270 0.000050
271 0.000000
272 0.000000
273 0.000000
274 0.000000
275 0.000001
276 0.000002
277 0.000003
278 0.000007
279 0.000014
280 0.010003
281 0.002743
282 0.000665
283 0.000091
284 0.000018
285 0.000000
286 0.000000
287 0.000000
288 0.000000
289 0.000000
290 0.000000
291 0.000000
292 0.000000
293 0.000000
294 0.000000
295 0.000000
296 0.000001
297 0.000002
298 0.000002
299 0.000000
300 0.000000
301 0.000000
302 0.000000
303 0.000020
304 0.000013
305 0.000009
306 0.000006
307 0.000005
308 0.001755
309 0.001079
310 0.000548
311 0.000099
312 0.000003
313 0.000000
314 0.000000
315 0.000000
316 0.000000
317 0.000000
318 0.000000
319 0.000000
320 0.000000
321 0.000000
322 0.000000
323 0.000000
324 0.000000
325 0.000000
326 0.000000
327 0.000000
328 0.000000
329 0.000000
330 0.000000
331 0.000018
332 0.000119
333 0.000065
334 0.000042
335 0.000037
336 0.000185
337 0.000222
338 0.000281
339 0.000263
340 0.000002
341 0.000000
342 0.000000
343 0.000000
344 0.000000
345 0.000000
346 0.000000
347 0.000000
348 0.000000
349 0.000000
350 0.000000
351 0.000000
352 0.000000
353 0.000000
354 0.000000
355 0.000000
356 0.000000
357 0.000000
358 0.000000
359 0.000001
360 0.000238
361 0.000268
362 0.000347
363 0.000165
364 0.000041
365 0.000066
366 0.000078
367 0.000110
368 0.000000
369 0.000000
370 0.000000
371 0.000000
372 0.000000
373 0.000000
374 0.000000
375 0.000000
376 0.000000
377 0.000000
378 0.000000
379 0.000000
380 0.000000
381 0.000000
382 0.000000
383 0.000000
384 0.000000
385 0.000000
386 0.000000
387 0.000000
388 0.000012
389 0.000181
390 0.000268
391 0.000368
392 0.000017
393 0.000012
394 0.000010
395 0.000002
396 0.000000
397 0.000000
398 0.000000
399 0.000001
400 0.000003
401 0.000000
402 0.000000
403 0.000000
404 0.000000
405 0.000000
406 0.000000
407 0.000000
408 0.000000
409 0.000000
410 0.000000
411 0.000000
412 0.000000
413 0.000000
414 0.000000
415 0.000000
416 0.000000
417 0.000027
418 0.000068
419 0.000160
420 0.000013
421 0.000007
422 0.000005
423 0.000000
424 0.000000
425 0.000000
426 0.000000
427 0.000006
428 0.999998
429 0.000002
430 0.000000
431 0.000000
432 0.000000
433 0.000000
434 0.000000
435 0.000000
436 0.000000
437 0.000000
438 0.000000
439 0.000000
440 0.000000
441 0.000000
442 0.000000
443 0.000000
444 0.000000
445 0.000005
446 0.000014
447 0.000035
448 0.000021
449 0.000008
450 0.000005
451 0.000000
452 0.000000
453 0.000000
454 0.000000
455 0.000006
456 0.000021
457 0.000002
458 0.000000
459 0.000000
460 0.000000
461 0.000000
462 0.000000
463 0.000000
464 0.000000
465 0.000000
466 0.000000
467 0.000000
468 0.000000
469 0.000000
470 0.000000
471 0.000000
472 0.000000
473 0.000000
474 0.000003
475 0.000014
476 0.000110
477 0.000043
478 0.000005
479 0.000000
480 0.000000
481 0.000000
482 0.000000
483 0.000000
484 0.000000
485 0.000000
486 0.000000
487 0.000000
488 0.000000
489 0.000000
490 0.000000
491 0.000000
492 0.000000
493 0.000000
494 0.000000
495 0.000000
496 0.000000
497 0.000000
498 0.000000
499 0.000000
500 0.000000
501 0.000000
502 0.000012
503 0.000028
504 0.000907
505 0.000691
506 0.000011
507 0.000000
508 0.000000
509 0.000000
510 0.000000
511 0.000000
512 0.000000
513 0.000000
514 0.000000
515 0.000000
516 0.000000
517 0.000000
518 0.000000
519 0.000000
520 0.000000
521 0.000000
522 0.000000
523 0.000000
524 0.000000
525 0.000000
526 0.000000
527 0.000000
528 0.000000
529 0.000000
530 0.000072
531 0.000206
532 0.001601
533 0.002796
534 0.000028
535 0.000000
536 0.000000
537 0.000001
538 0.000000
539 0.000000
540 0.000000
541 0.000000
542 0.000000
543 0.000000
544 0.000000
545 0.000000
546 0.000000
547 0.000000
548 0.000000
549 0.000000
550 0.000000
551 0.000000
552 0.000000
553 0.000000
554 0.000000
555 0.000000
556 0.000000
557 0.000001
558 0.000206
559 0.000220
560 0.004078
561 0.007504
562 0.000044
563 0.000001
564 0.000008
565 0.000008
566 0.000001
567 0.000000
568 0.000000
569 0.000000
570 0.000000
571 0.000000
572 0.000000
573 0.000000
574 0.000000
575 0.000000
576 0.000000
577 0.000000
578 0.000000
579 0.000000
580 0.000000
581 0.000000
582 0.000000
583 0.000000
584 0.000000
585 0.000206
586 0.000220
587 0.000287
588 0.008870
589 0.010001
590 0.000453
591 0.000015
592 0.000013
593 0.000002
594 0.000000
595 0.000000
596 0.000000
597 0.000000
598 0.000000
599 0.000000
600 0.000000
601 0.000000
602 0.000000
603 0.000000
604 0.000000
605 0.000000
606 0.000000
607 0.000000
608 0.000000
609 0.000000
610 0.000000
611 0.000001
612 0.000194
613 0.000206
614 0.000270
615 0.000287
616 0.010001
617 0.010001
618 0.010000
619 0.000775
620 0.000021
621 0.000001
622 0.000001
623 0.000000
624 0.000000
625 0.000000
626 0.000000
627 0.000000
628 0.000000
629 0.000000
630 0.000000
631 0.000000
632 0.000000
633 0.000000
634 0.000000
635 0.000000
636 0.000000
637 0.000000
638 0.000001
639 0.000194
640 0.000206
641 0.000270
642 0.000000
643 0.000000
644 0.010000
645 0.010000
646 0.010000
647 0.010001
648 0.003469
649 0.000018
650 0.000002
651 0.000001
652 0.000000
653 0.000000
654 0.000001
655 0.000004
656 0.000023
657 0.000020
658 0.000003
659 0.000000
660 0.000000
661 0.000000
662 0.000000
663 0.000000
664 0.000000
665 0.000002
666 0.000194
667 0.000255
668 0.000270
669 0.000000
670 0.000000
671 0.000000
672 0.000000
673 0.010000
674 0.010001
675 0.010001
676 0.010001
677 0.010001
678 0.000095
679 0.000037
680 0.000032
681 0.000072
682 0.000551
683 0.000525
684 0.000403
685 0.000087
686 0.000011
687 0.000002
688 0.000001
689 0.000010
690 0.000010
691 0.000005
692 0.000014
693 0.000182
694 0.000206
695 0.000270
696 0.000000
697 0.000000
698 0.000000
699 0.000000
700 0.000000
701 0.000000
702 0.010001
703 0.010001
704 0.010001
705 0.010000
706 0.010000
707 0.003851
708 0.001676
709 0.000743
710 0.000607
711 0.000551
712 0.000525
713 0.000278
714 0.000043
715 0.000007
716 0.000004
717 0.000017
718 0.000129
719 0.000138
720 0.000147
721 0.000194
722 0.000255
723 0.000000
724 0.000000
725 0.000000
726 0.000000
727 0.000000
728 0.000000
729 0.000000
730 0.000000
731 0.000000
732 0.010000
733 0.010000
734 0.005404
735 0.002492
736 0.000988
737 0.000815
738 0.000742
739 0.000709
740 0.000677
741 0.000525
742 0.000105
743 0.000022
744 0.000012
745 0.000044
746 0.000138
747 0.000182
748 0.000194
749 0.000255
750 0.000000
751 0.000000
752 0.000000
753 0.000000
754 0.000000
755 0.000000
756 0.000000
757 0.000000
758 0.000000
759 0.000000
760 0.000000
761 0.007430
762 0.003519
763 0.001434
764 0.001032
765 0.000988
766 0.000945
767 0.000905
768 0.000709
769 0.000677
770 0.000314
771 0.000062
772 0.000047
773 0.000108
774 0.000138
775 0.000157
776 0.000206
777 0.000000
778 0.000006
779 0.000004
780 0.000000
781 0.000000
782 0.000000
783 0.000000
