0 0.001158
1 0.001076
2 0.000828
3 0.000931
4 0.000710
5 0.001230
6 0.002783
7 0.010004
8 0.000995
9 0.000127
10 0.000021
11 0.000004
12 0.000003
13 0.000002
14 0.000002
15 0.000003
16 0.000008
17 0.000018
18 0.000164
19 0.005000
20 0.017099
21 0.007583
22 0.001306
23 0.000551
24 0.000431
25 0.000462
26 0.000611
27 0.000653
28 0.000896
29 0.001001
30 0.000767
31 0.000710
32 0.000658
33 0.000565
34 0.001298
35 0.001789
36 0.000331
37 0.000070
38 0.000031
39 0.000009
40 0.000002
41 0.000002
42 0.000002
43 0.000005
44 0.000010
45 0.000022
46 0.000104
47 0.001826
48 0.007055
49 0.001440
50 0.000190
51 0.000000
52 0.000401
53 0.000535
54 0.000461
55 0.000611
56 0.001001
57 0.000767
58 0.000710
59 0.000657
60 0.000565
61 0.000423
62 0.000487
63 0.000179
64 0.000039
65 0.000029
66 0.000075
67 0.000015
68 0.000004
69 0.000001
70 0.000003
71 0.000006
72 0.000023
73 0.000031
74 0.000062
75 0.000267
76 0.001221
77 0.000003
78 0.000001
79 0.000000
80 0.000000
81 0.000401
82 0.000535
83 0.000461
84 0.000931
85 0.000710
86 0.000538
87 0.000457
88 0.000422
89 0.000390
90 0.000334
91 0.000020
92 0.000005
93 0.000011
94 0.000030
95 0.000035
96 0.000007
97 0.000003
98 0.000004
99 0.000012
100 0.000020
101 0.000026
102 0.000011
103 0.000016
104 0.000002
105 0.000001
106 0.000001
107 0.000000
108 0.000000
109 0.000374
110 0.000401
111 0.000535
112 0.000710
113 0.000658
114 0.000458
115 0.000422
116 0.000001
117 0.000000
118 0.000002
119 0.000001
120 0.000001
121 0.000001
122 0.000014
123 0.000030
124 0.000021
125 0.000014
126 0.000009
127 0.000009
128 0.000025
129 0.000013
130 0.000003
131 0.000002
132 0.000001
133 0.000000
134 0.000000
135 0.000000
136 0.000005
137 0.000278
138 0.000374
139 0.000569
140 0.000658
141 0.000496
142 0.000422
143 0.000390
144 0.000000
145 0.000001
146 0.000001
147 0.000001
148 0.000002
149 0.000001
150 0.000001
151 0.000001
152 0.000003
153 0.000006
154 0.000055
155 0.000018
156 0.000022
157 0.000002
158 0.000002
159 0.000001
160 0.000000
161 0.000000
162 0.000000
163 0.000000
164 0.000284
165 0.000259
166 0.000396
167 0.000424
168 0.000496
169 0.000423
170 0.000390
171 0.000334
172 0.000002
173 0.000000
174 0.000000
175 0.000000
176 0.000001
177 0.000001
178 0.000002
179 0.000003
180 0.000004
181 0.000028
182 0.000018
183 0.000004
184 0.000001
185 0.000001
186 0.000001
187 0.000000
188 0.000000
189 0.000000
190 0.000000
191 0.000000
192 0.000226
193 0.000254
194 0.000273
195 0.000453
196 0.000511
197 0.000395
198 0.000289
199 0.000246
200 0.000062
201 0.000001
202 0.000000
203 0.000000
204 0.000000
205 0.000000
206 0.000001
207 0.000003
208 0.000020
209 0.999986
210 0.000125
211 0.000003
212 0.000001
213 0.000001
214 0.000000
215 0.000000
216 0.000000
217 0.000000
218 0.000000
219 0.000003
220 0.000236
221 0.000254
222 0.000306
223 0.000367
224 0.001555
225 0.000567
226 0.000258
227 0.000227
228 0.000152
229 0.000002
230 0.000001
231 0.000000
232 0.000000
233 0.000000
234 0.000000
235 0.000001
236 0.000001
237 0.000004
238 0.000023
239 0.000005
240 0.000001
241 0.000001
242 0.000001
243 0.000000
244 0.000000
245 0.000000
246 0.000000
247 0.000027
248 0.000029
249 0.000030
250 0.000062
251 0.000098
252 0.005389
253 0.001971
254 0.000937
255 0.000267
256 0.000110
257 0.000002
258 0.000001
259 0.000001
260 0.000000
261 0.000000
262 0.000000
263 0.000000
264 0.000001
265 0.000001
266 0.000001
267 0.000001
268 0.000001
269 0.000001
270 0.000001
271 0.000000
272 0.000000
273 0.000000
274 0.000001
275 0.000026
276 0.000027
277 0.000026
278 0.000030
279 0.000039
280 0.010030
281 0.006945
282 0.003114
283 0.001138
284 0.000388
285 0.000001
286 0.000002
287 0.000001
288 0.000000
289 0.000000
290 0.000000
291 0.000000
292 0.000001
293 0.000001
294 0.000001
295 0.000001
296 0.000001
297 0.000001
298 0.000000
299 0.000000
300 0.000000
301 0.000001
302 0.000001
303 0.000102
304 0.000142
305 0.000100
306 0.000063
307 0.000059
308 0.006289
309 0.008522
310 0.008358
311 0.005537
312 0.000138
313 0.000001
314 0.000001
315 0.000001
316 0.000001
317 0.000000
318 0.000000
319 0.000001
320 0.000001
321 0.000001
322 0.000000
323 0.000000
324 0.000000
325 0.000000
326 0.000000
327 0.000000
328 0.000000
329 0.000001
330 0.000001
331 0.000004
332 0.000101
333 0.000123
334 0.000132
335 0.000195
336 0.001015
337 0.002509
338 0.007061
339 0.010050
340 0.000077
341 0.000001
342 0.000001
343 0.000002
344 0.000001
345 0.000001
346 0.000001
347 0.000001
348 0.000001
349 0.000000
350 0.000000
351 0.000000
352 0.000000
353 0.000000
354 0.000000
355 0.000000
356 0.000000
357 0.000001
358 0.000001
359 0.000001
360 0.000079
361 0.000089
362 0.000123
363 0.000132
364 0.000212
365 0.000436
366 0.000939
367 0.002320
368 0.000004
369 0.000001
370 0.000001
371 0.000002
372 0.000003
373 0.000002
374 0.000001
375 0.000001
376 0.000000
377 0.000000
378 0.000000
379 0.000000
380 0.000000
381 0.000000
382 0.000000
383 0.000000
384 0.000000
385 0.000000
386 0.000001
387 0.000001
388 0.000007
389 0.000081
390 0.000093
391 0.000132
392 0.000094
393 0.000079
394 0.000112
395 0.000006
396 0.000001
397 0.000001
398 0.000001
399 0.000003
400 0.000059
401 0.000162
402 0.000002
403 0.000001
404 0.000000
405 0.000000
406 0.000000
407 0.000000
408 0.000000
409 0.000000
410 0.000000
411 0.000000
412 0.000000
413 0.000000
414 0.000001
415 0.000001
416 0.000001
417 0.000028
418 0.000054
419 0.000084
420 0.000101
421 0.000043
422 0.000016
423 0.000001
424 0.000001
425 0.000001
426 0.000001
427 0.000004
428 0.999976
429 0.000397
430 0.000002
431 0.000001
432 0.000000
433 0.000000
434 0.000000
435 0.000000
436 0.000000
437 0.000000
438 0.000000
439 0.000000
440 0.000001
441 0.000001
442 0.000000
443 0.000001
444 0.000001
445 0.000007
446 0.000016
447 0.000029
448 0.000074
449 0.000014
450 0.000004
451 0.000001
452 0.000001
453 0.000001
454 0.000001
455 0.000003
456 0.000012
457 0.000005
458 0.000001
459 0.000001
460 0.000001
461 0.000000
462 0.000000
463 0.000000
464 0.000000
465 0.000000
466 0.000000
467 0.000000
468 0.000001
469 0.000001
470 0.000000
471 0.000000
472 0.000001
473 0.000001
474 0.000004
475 0.000015
476 0.000172
477 0.000028
478 0.000002
479 0.000001
480 0.000001
481 0.000001
482 0.000002
483 0.000002
484 0.000002
485 0.000001
486 0.000001
487 0.000001
488 0.000001
489 0.000001
490 0.000001
491 0.000000
492 0.000000
493 0.000000
494 0.000000
495 0.000000
496 0.000001
497 0.000001
498 0.000001
499 0.000000
500 0.000001
501 0.000001
502 0.000014
503 0.000043
504 0.000855
505 0.000470
506 0.000003
507 0.000001
508 0.000001
509 0.000001
510 0.000002
511 0.000001
512 0.000001
513 0.000001
514 0.000001
515 0.000001
516 0.000001
517 0.000001
518 0.000001
519 0.000001
520 0.000000
521 0.000000
522 0.000000
523 0.000000
524 0.000001
525 0.000001
526 0.000001
527 0.000001
528 0.000001
529 0.000001
530 0.000138
531 0.000564
532 0.001330
533 0.002439
534 0.000006
535 0.000001
536 0.000001
537 0.000002
538 0.000002
539 0.000001
540 0.000001
541 0.000001
542 0.000001
543 0.000001
544 0.000000
545 0.000000
546 0.000001
547 0.000001
548 0.000001
549 0.000001
550 0.000000
551 0.000000
552 0.000000
553 0.000001
554 0.000001
555 0.000001
556 0.000001
557 0.000001
558 0.000564
559 0.000591
560 0.003684
561 0.007227
562 0.000010
563 0.000001
564 0.000002
565 0.000002
566 0.000001
567 0.000001
568 0.000001
569 0.000001
570 0.000001
571 0.000001
572 0.000001
573 0.000000
574 0.000000
575 0.000000
576 0.000001
577 0.000001
578 0.000001
579 0.000001
580 0.000001
581 0.000001
582 0.000001
583 0.000001
584 0.000001
585 0.000564
586 0.000591
587 0.000723
588 0.008658
589 0.010014
590 0.000157
591 0.000002
592 0.000002
593 0.000001
594 0.000001
595 0.000001
596 0.000001
597 0.000001
598 0.000001
599 0.000001
600 0.000001
601 0.000000
602 0.000000
603 0.000000
604 0.000000
605 0.000000
606 0.000001
607 0.000001
608 0.000001
609 0.000001
610 0.000001
611 0.000001
612 0.000537
613 0.000564
614 0.000691
615 0.000723
616 0.010013
617 0.009280
618 0.003979
619 0.000069
620 0.000001
621 0.000001
622 0.000001
623 0.000001
624 0.000001
625 0.000001
626 0.000001
627 0.000001
628 0.000001
629 0.000001
630 0.000001
631 0.000000
632 0.000000
633 0.000000
634 0.000001
635 0.000001
636 0.000001
637 0.000001
638 0.000001
639 0.000537
640 0.000564
641 0.000691
642 0.000000
643 0.000000
644 0.009379
645 0.004956
646 0.002199
647 0.000975
648 0.000178
649 0.000001
650 0.000001
651 0.000001
652 0.000001
653 0.000001
654 0.000001
655 0.000001
656 0.000010
657 0.000039
658 0.000009
659 0.000001
660 0.000001
661 0.000001
662 0.000001
663 0.000001
664 0.000001
665 0.000002
666 0.000537
667 0.000660
668 0.000691
669 0.000000
670 0.000001
671 0.000000
672 0.000001
673 0.002350
674 0.001244
675 0.000920
676 0.001022
677 0.000836
678 0.000002
679 0.000001
680 0.000002
681 0.000015
682 0.000425
683 0.000404
684 0.000306
685 0.000116
686 0.000021
687 0.000006
688 0.000004
689 0.000027
690 0.000018
691 0.000007
692 0.000023
693 0.000512
694 0.000564
695 0.000691
696 0.000000
697 0.000000
698 0.000000
699 0.000000
700 0.000001
701 0.000001
702 0.001170
703 0.001118
704 0.001069
705 0.001022
706 0.000836
707 0.000797
708 0.000725
709 0.000586
710 0.000472
711 0.000426
712 0.000405
713 0.000284
714 0.000065
715 0.000016
716 0.000010
717 0.000050
718 0.000395
719 0.000415
720 0.000436
721 0.000537
722 0.000660
723 0.000000
724 0.000001
725 0.000001
726 0.000000
727 0.000000
728 0.000001
729 0.000001
730 0.000001
731 0.000001
732 0.001118
733 0.001069
734 0.000876
735 0.000836
736 0.000797
737 0.000647
738 0.000586
739 0.000558
740 0.000532
741 0.000405
742 0.000124
743 0.000037
744 0.000030
745 0.000125
746 0.000415
747 0.000512
748 0.000537
749 0.000660
750 0.000001
751 0.000001
752 0.000001
753 0.000001
754 0.000001
755 0.000000
756 0.000001
757 0.000001
758 0.000000
759 0.000000
760 0.000001
761 0.001118
762 0.001069
763 0.000876
764 0.000836
765 0.000797
766 0.000760
767 0.000725
768 0.000558
769 0.000532
770 0.000294
771 0.000086
772 0.000100
773 0.000302
774 0.000416
775 0.000459
776 0.000564
777 0.000001
778 0.000007
779 0.000004
780 0.000001
781 0.000001
782 0.000001
783 0.000000
