0 0.002515
1 0.002397
2 0.002017
3 0.002179
4 0.001821
5 0.001513
6 0.001359
7 0.002246
8 0.000675
9 0.000238
10 0.000615
11 0.001263
12 0.000816
13 0.000256
14 0.000190
15 0.000126
16 0.000057
17 0.000022
18 0.000062
19 0.000280
20 0.000753
21 0.001091
22 0.002599
23 0.005086
24 0.006896
25 0.006914
26 0.010847
27 0.006864
28 0.002124
29 0.002285
30 0.001916
31 0.001821
32 0.001731
33 0.001565
34 0.001288
35 0.000745
36 0.000144
37 0.000107
38 0.001109
39 0.003514
40 0.001336
41 0.000414
42 0.000170
43 0.000080
44 0.000027
45 0.000014
46 0.000020
47 0.000145
48 0.000828
49 0.002033
50 0.000004
51 0.000000
52 0.006914
53 0.011184
54 0.005886
55 0.003897
56 0.003353
57 0.001916
58 0.001821
59 0.001731
60 0.001565
61 0.001288
62 0.001221
63 0.000276
64 0.000034
65 0.000098
66 0.001546
67 0.005127
68 0.002404
69 0.000622
70 0.000147
71 0.000036
72 0.000013
73 0.000007
74 0.000010
75 0.000059
76 0.000005
77 0.000000
78 0.000000
79 0.000000
80 0.000000
81 0.005763
82 0.003779
83 0.001681
84 0.005605
85 0.003121
86 0.001731
87 0.001359
88 0.001288
89 0.001221
90 0.001099
91 0.000091
92 0.000010
93 0.000165
94 0.001524
95 0.003352
96 0.003261
97 0.001382
98 0.000186
99 0.000017
100 0.000008
101 0.000003
102 0.000000
103 0.000000
104 0.000000
105 0.000002
106 0.000000
107 0.000000
108 0.000000
109 0.002969
110 0.001512
111 0.001115
112 0.010002
113 0.005399
114 0.002806
115 0.001489
116 0.000000
117 0.000000
118 0.000000
119 0.000000
120 0.000000
121 0.000115
122 0.001325
123 0.001070
124 0.002811
125 0.002422
126 0.000161
127 0.000002
128 0.000000
129 0.000000
130 0.000000
131 0.000000
132 0.000001
133 0.000001
134 0.000000
135 0.000000
136 0.000085
137 0.001140
138 0.000841
139 0.001136
140 0.010004
141 0.010003
142 0.005105
143 0.003066
144 0.000000
145 0.000000
146 0.000000
147 0.000000
148 0.000000
149 0.000000
150 0.000000
151 0.000001
152 0.000016
153 0.000007
154 0.000001
155 0.000000
156 0.000000
157 0.000000
158 0.000000
159 0.000001
160 0.000001
161 0.000000
162 0.000000
163 0.000000
164 0.000849
165 0.000626
166 0.000853
167 0.000902
168 0.008384
169 0.010004
170 0.010004
171 0.005767
172 0.000454
173 0.000000
174 0.000000
175 0.000000
176 0.000000
177 0.000000
178 0.000000
179 0.000000
180 0.000000
181 0.000000
182 0.000000
183 0.000000
184 0.000000
185 0.000000
186 0.000001
187 0.000003
188 0.000000
189 0.000000
190 0.000000
191 0.000000
192 0.000555
193 0.000598
194 0.000633
195 0.000997
196 0.004238
197 0.006688
198 0.008963
199 0.010004
200 0.000279
201 0.000410
202 0.000000
203 0.000000
204 0.000000
205 0.000000
206 0.000000
207 0.000000
208 0.000000
209 0.000000
210 0.000000
211 0.000000
212 0.000000
213 0.000000
214 0.000001
215 0.000000
216 0.000000
217 0.000000
218 0.000000
219 0.000014
220 0.000564
221 0.000601
222 0.000732
223 0.000874
224 0.001886
225 0.002855
226 0.004373
227 0.008327
228 0.010004
229 0.000148
230 0.000001
231 0.000000
232 0.000000
233 0.000000
234 0.000000
235 0.000000
236 0.000000
237 0.000000
238 0.000001
239 0.000002
240 0.000005
241 0.000005
242 0.000000
243 0.000000
244 0.000000
245 0.000000
246 0.000000
247 0.000037
248 0.000068
249 0.000103
250 0.000194
251 0.000286
252 0.001348
253 0.001248
254 0.001794
255 0.002296
256 0.001328
257 0.000006
258 0.000001
259 0.000002
260 0.000000
261 0.000000
262 0.000000
263 0.000000
264 0.000000
265 0.000000
266 0.000001
267 0.000018
268 0.999994
269 0.000073
270 0.000000
271 0.000000
272 0.000000
273 0.000000
274 0.000000
275 0.000007
276 0.000014
277 0.000023
278 0.000035
279 0.000058
280 0.002793
281 0.000680
282 0.000222
283 0.000145
284 0.000182
285 0.000000
286 0.000001
287 0.001359
288 0.000038
289 0.000000
290 0.000000
291 0.000000
292 0.000000
293 0.000000
294 0.000000
295 0.000004
296 0.000194
297 0.000006
298 0.000000
299 0.000000
300 0.000000
301 0.000000
302 0.000000
303 0.000029
304 0.000026
305 0.000021
306 0.000018
307 0.000026
308 0.001800
309 0.000659
310 0.000194
311 0.000056
312 0.000007
313 0.000001
314 0.000004
315 0.001001
316 0.999992
317 0.000007
318 0.000000
319 0.000000
320 0.000000
321 0.000000
322 0.000000
323 0.000001
324 0.000000
325 0.000000
326 0.000000
327 0.000000
328 0.000000
329 0.000000
330 0.000001
331 0.000017
332 0.000086
333 0.000063
334 0.000051
335 0.000055
336 0.001556
337 0.001161
338 0.000748
339 0.000560
340 0.000005
341 0.000002
342 0.000006
343 0.000546
344 0.005903
345 0.000116
346 0.000000
347 0.000000
348 0.000000
349 0.000000
350 0.000000
351 0.000000
352 0.000000
353 0.000000
354 0.000000
355 0.000000
356 0.000000
357 0.000000
358 0.000000
359 0.000003
360 0.000230
361 0.000185
362 0.000174
363 0.000118
364 0.002134
365 0.004524
366 0.004514
367 0.004556
368 0.000006
369 0.000010
370 0.000069
371 0.000070
372 0.000033
373 0.000007
374 0.000001
375 0.000001
376 0.000000
377 0.000000
378 0.000000
379 0.000000
380 0.000000
381 0.000000
382 0.000000
383 0.000000
384 0.000000
385 0.000000
386 0.000000
387 0.000001
388 0.000067
389 0.000230
390 0.000261
391 0.000362
392 0.001282
393 0.002412
394 0.005935
395 0.001219
396 0.000017
397 0.000084
398 0.005320
399 0.000016
400 0.000001
401 0.000001
402 0.000003
403 0.000005
404 0.000002
405 0.000000
406 0.000000
407 0.000000
408 0.000000
409 0.000000
410 0.000000
411 0.000000
412 0.000000
413 0.000000
414 0.000000
415 0.000000
416 0.000002
417 0.000138
418 0.000245
419 0.000261
420 0.000474
421 0.000946
422 0.001512
423 0.000024
424 0.000021
425 0.002471
426 0.999977
427 0.000005
428 0.000000
429 0.000001
430 0.000001
431 0.000007
432 0.000002
433 0.000000
434 0.000000
435 0.000000
436 0.000000
437 0.000000
438 0.000000
439 0.000000
440 0.000000
441 0.000000
442 0.000000
443 0.000000
444 0.000000
445 0.000041
446 0.000087
447 0.000161
448 0.000580
449 0.000305
450 0.000271
451 0.000001
452 0.000008
453 0.017373
454 0.002216
455 0.000003
456 0.000001
457 0.000002
458 0.000004
459 0.000001
460 0.000000
461 0.000000
462 0.000000
463 0.000000
464 0.000000
465 0.000000
466 0.000000
467 0.000000
468 0.000000
469 0.000000
470 0.000000
471 0.000000
472 0.000000
473 0.000004
474 0.000029
475 0.000096
476 0.002110
477 0.001050
478 0.000121
479 0.000003
480 0.000015
481 0.000647
482 0.000003
483 0.000000
484 0.000000
485 0.000003
486 0.000019
487 0.000001
488 0.000000
489 0.000000
490 0.000000
491 0.000000
492 0.000000
493 0.000000
494 0.000000
495 0.000000
496 0.000000
497 0.000000
498 0.000000
499 0.000000
500 0.000000
501 0.000001
502 0.000057
503 0.000200
504 0.010005
505 0.006378
506 0.000060
507 0.000011
508 0.001466
509 0.000012
510 0.000000
511 0.000000
512 0.000000
513 0.000000
514 0.000001
515 0.000001
516 0.000000
517 0.000000
518 0.000000
519 0.000000
520 0.000000
521 0.000000
522 0.000000
523 0.000000
524 0.000000
525 0.000000
526 0.000000
527 0.000000
528 0.000000
529 0.000001
530 0.000330
531 0.000905
532 0.010009
533 0.010008
534 0.000046
535 0.000128
536 0.002944
537 0.000002
538 0.000000
539 0.000000
540 0.000000
541 0.000000
542 0.000000
543 0.000000
544 0.000000
545 0.000000
546 0.000000
547 0.000000
548 0.000000
549 0.000000
550 0.000000
551 0.000000
552 0.000000
553 0.000000
554 0.000000
555 0.000000
556 0.000000
557 0.000011
558 0.000905
559 0.000941
560 0.010007
561 0.010004
562 0.000123
563 0.002064
564 0.000231
565 0.000001
566 0.000000
567 0.000000
568 0.000000
569 0.000000
570 0.000000
571 0.000000
572 0.000000
573 0.000000
574 0.000000
575 0.000000
576 0.000000
577 0.000000
578 0.000000
579 0.000000
580 0.000000
581 0.000000
582 0.000000
583 0.000001
584 0.000006
585 0.000905
586 0.000941
587 0.001113
588 0.010003
589 0.010000
590 0.007678
591 0.003543
592 0.000012
593 0.000000
594 0.000000
595 0.000000
596 0.000000
597 0.000000
598 0.000000
599 0.000000
600 0.000000
601 0.000000
602 0.000000
603 0.000000
604 0.000000
605 0.000000
606 0.000000
607 0.000000
608 0.000000
609 0.000000
610 0.000001
611 0.000009
612 0.000869
613 0.000905
614 0.001072
615 0.001113
616 0.010000
617 0.010000
618 0.010001
619 0.020324
620 0.000008
621 0.000001
622 0.000000
623 0.000000
624 0.000000
625 0.000000
626 0.000000
627 0.000000
628 0.000000
629 0.000000
630 0.000000
631 0.000000
632 0.000000
633 0.000000
634 0.000000
635 0.000000
636 0.000000
637 0.000001
638 0.000011
639 0.000869
640 0.000905
641 0.001072
642 0.000000
643 0.000000
644 0.010000
645 0.010001
646 0.010002
647 0.010003
648 0.003779
649 0.000014
650 0.000002
651 0.000000
652 0.000000
653 0.000000
654 0.000000
655 0.000005
656 0.000140
657 0.002183
658 0.000410
659 0.000024
660 0.000002
661 0.000002
662 0.000001
663 0.000001
664 0.000001
665 0.000018
666 0.000869
667 0.001032
668 0.001072
669 0.000000
670 0.000000
671 0.000000
672 0.000000
673 0.010002
674 0.010002
675 0.010003
676 0.010002
677 0.010855
678 0.000052
679 0.000014
680 0.000012
681 0.000062
682 0.000259
683 0.000360
684 0.001172
685 0.003444
686 0.000933
687 0.000429
688 0.000338
689 0.001356
690 0.001258
691 0.000242
692 0.000281
693 0.001098
694 0.000905
695 0.001072
696 0.000000
697 0.000000
698 0.000000
699 0.000000
700 0.000000
701 0.000000
702 0.010002
703 0.010002
704 0.010389
705 0.007406
706 0.003964
707 0.001632
708 0.001265
709 0.001065
710 0.000512
711 0.000181
712 0.001022
713 0.002354
714 0.002198
715 0.000548
716 0.000692
717 0.002446
718 0.009999
719 0.007276
720 0.003436
721 0.001975
722 0.001179
723 0.000000
724 0.000000
725 0.000000
726 0.000000
727 0.000000
728 0.000000
729 0.000000
730 0.000000
731 0.000000
732 0.007696
733 0.004350
734 0.002270
735 0.001426
736 0.001365
737 0.001154
738 0.001065
739 0.000245
740 0.000486
741 0.001393
742 0.002878
743 0.001206
744 0.001191
745 0.004225
746 0.010000
747 0.009999
748 0.006321
749 0.003561
750 0.000000
751 0.000000
752 0.000000
753 0.000000
754 0.000000
755 0.000000
756 0.000000
757 0.000000
758 0.000000
759 0.000000
760 0.000000
761 0.002969
762 0.001737
763 0.001474
764 0.001418
765 0.001365
766 0.001314
767 0.000529
768 0.000283
769 0.001195
770 0.002697
771 0.002340
772 0.002013
773 0.007152
774 0.010001
775 0.009999
776 0.009999
777 0.000001
778 0.000135
779 0.000049
780 0.000000
781 0.000000
782 0.000000
783 0.000000
