0 0.002209
1 0.002094
2 0.001728
3 0.002595
4 0.003394
5 0.005231
6 0.005797
7 0.005797
8 0.001323
9 0.000143
10 0.000080
11 0.000103
12 0.000358
13 0.000353
14 0.000234
15 0.000105
16 0.000086
17 0.000062
18 0.000338
19 0.001462
20 0.002509
21 0.001603
22 0.001695
23 0.001758
24 0.001599
25 0.001670
26 0.001984
27 0.002067
28 0.001830
29 0.001986
30 0.001632
31 0.001552
32 0.002355
33 0.003812
34 0.005797
35 0.004055
36 0.000744
37 0.000134
38 0.000127
39 0.000195
40 0.000318
41 0.000333
42 0.000145
43 0.000091
44 0.000061
45 0.000070
46 0.000100
47 0.000497
48 0.001402
49 0.001352
50 0.000000
51 0.000000
52 0.001531
53 0.001829
54 0.001670
55 0.002190
56 0.001986
57 0.001632
58 0.001541
59 0.001456
60 0.001390
61 0.002171
62 0.003715
63 0.002043
64 0.000397
65 0.000222
66 0.000339
67 0.000572
68 0.000248
69 0.000167
70 0.000090
71 0.000064
72 0.000069
73 0.000052
74 0.000033
75 0.000110
76 0.000001
77 0.000000
78 0.000000
79 0.000000
80 0.000000
81 0.001531
82 0.002032
83 0.002786
84 0.001884
85 0.001541
86 0.001252
87 0.001109
88 0.001045
89 0.001262
90 0.002096
91 0.000628
92 0.000194
93 0.000301
94 0.001086
95 0.001310
96 0.000465
97 0.000117
98 0.000079
99 0.000056
100 0.000064
101 0.000011
102 0.000000
103 0.000000
104 0.000000
105 0.000000
106 0.000000
107 0.000000
108 0.000000
109 0.001829
110 0.002636
111 0.004315
112 0.002253
113 0.001456
114 0.001109
115 0.001045
116 0.000000
117 0.000000
118 0.000000
119 0.000000
120 0.000001
121 0.000175
122 0.003088
123 0.002935
124 0.000709
125 0.000122
126 0.000059
127 0.000003
128 0.000000
129 0.000000
130 0.000000
131 0.000000
132 0.000000
133 0.000000
134 0.000000
135 0.000000
136 0.000017
137 0.002419
138 0.004063
139 0.007262
140 0.004176
141 0.002231
142 0.001109
143 0.000984
144 0.000000
145 0.000000
146 0.000000
147 0.000000
148 0.000000
149 0.000000
150 0.000001
151 0.000006
152 0.000011
153 0.000001
154 0.000000
155 0.000000
156 0.000000
157 0.000000
158 0.000000
159 0.000000
160 0.000000
161 0.000000
162 0.000000
163 0.000000
164 0.002609
165 0.003827
166 0.007028
167 0.007028
168 0.008243
169 0.004494
170 0.002769
171 0.001365
172 0.000042
173 0.000000
174 0.000000
175 0.000000
176 0.000000
177 0.000000
178 0.000000
179 0.000000
180 0.000000
181 0.000000
182 0.000000
183 0.000000
184 0.000000
185 0.000000
186 0.000000
187 0.000000
188 0.000000
189 0.000000
190 0.000000
191 0.000000
192 0.004393
193 0.006803
194 0.006803
195 0.006678
196 0.010000
197 0.010464
198 0.005845
199 0.002880
200 0.000396
201 0.000001
202 0.000000
203 0.000000
204 0.000000
205 0.000000
206 0.000000
207 0.000000
208 0.000000
209 0.000000
210 0.000000
211 0.000000
212 0.000000
213 0.000000
214 0.000000
215 0.000000
216 0.000000
217 0.000000
218 0.000000
219 0.000053
220 0.007097
221 0.007097
222 0.005817
223 0.003812
224 0.010000
225 0.010000
226 0.010127
227 0.007243
228 0.003005
229 0.000023
230 0.000000
231 0.000000
232 0.000000
233 0.000000
234 0.000000
235 0.000000
236 0.000000
237 0.000000
238 0.000000
239 0.000000
240 0.000000
241 0.000000
242 0.000000
243 0.000000
244 0.000000
245 0.000000
246 0.000000
247 0.000378
248 0.000696
249 0.000660
250 0.000679
251 0.000702
252 0.010000
253 0.010000
254 0.010000
255 0.006032
256 0.001166
257 0.000003
258 0.000000
259 0.000000
260 0.000000
261 0.000000
262 0.000000
263 0.000000
264 0.000000
265 0.000000
266 0.000000
267 0.000000
268 0.000000
269 0.000000
270 0.000000
271 0.000000
272 0.000000
273 0.000000
274 0.000000
275 0.000071
276 0.000065
277 0.000062
278 0.000066
279 0.000077
280 0.010000
281 0.003843
282 0.001759
283 0.000573
284 0.000242
285 0.000001
286 0.000000
287 0.000000
288 0.000000
289 0.000000
290 0.000000
291 0.000000
292 0.000000
293 0.000000
294 0.000000
295 0.000000
296 0.000000
297 0.000000
298 0.000000
299 0.000000
300 0.000000
301 0.000000
302 0.000000
303 0.000041
304 0.000030
305 0.000023
306 0.000024
307 0.000033
308 0.001734
309 0.000782
310 0.000341
311 0.000154
312 0.000017
313 0.000000
314 0.000000
315 0.000001
316 0.000000
317 0.000000
318 0.000000
319 0.000000
320 0.000000
321 0.000000
322 0.000000
323 0.000000
324 0.000000
325 0.000000
326 0.000000
327 0.000000
328 0.000000
329 0.000000
330 0.000000
331 0.000002
332 0.000015
333 0.000019
334 0.000024
335 0.000040
336 0.000184
337 0.000188
338 0.000198
339 0.000140
340 0.000004
341 0.000000
342 0.000002
343 0.000060
344 0.000077
345 0.000003
346 0.000000
347 0.000000
348 0.000000
349 0.000000
350 0.000000
351 0.000000
352 0.000001
353 0.000000
354 0.000000
355 0.000000
356 0.000000
357 0.000000
358 0.000000
359 0.000000
360 0.000013
361 0.000019
362 0.000028
363 0.000033
364 0.000041
365 0.000064
366 0.000070
367 0.000098
368 0.000001
369 0.000002
370 0.000128
371 0.002305
372 1.000000
373 0.006573
374 0.000001
375 0.000000
376 0.000000
377 0.000000
378 0.000000
379 0.000000
380 0.000007
381 1.000000
382 0.000000
383 0.000000
384 0.000000
385 0.000000
386 0.000000
387 0.000000
388 0.000003
389 0.000021
390 0.000024
391 0.000034
392 0.000014
393 0.000010
394 0.000013
395 0.000008
396 0.000001
397 0.000011
398 0.999999
399 0.016069
400 0.441153
401 0.006440
402 0.000003
403 0.000000
404 0.000000
405 0.000000
406 0.000000
407 0.000000
408 0.000004
409 0.000176
410 0.000001
411 0.000000
412 0.000000
413 0.000000
414 0.000000
415 0.000000
416 0.000000
417 0.000018
418 0.000024
419 0.000028
420 0.000012
421 0.000011
422 0.000017
423 0.000001
424 0.000001
425 0.000019
426 0.004277
427 0.316270
428 0.015152
429 0.000113
430 0.000000
431 0.000000
432 0.000000
433 0.000000
434 0.000000
435 0.000000
436 0.000000
437 0.000000
438 0.000000
439 0.000000
440 0.000000
441 0.000000
442 0.000000
443 0.000000
444 0.000000
445 0.000020
446 0.000023
447 0.000027
448 0.000042
449 0.000036
450 0.000063
451 0.000001
452 0.000000
453 0.000028
454 0.000564
455 0.001009
456 0.000027
457 0.000000
458 0.000000
459 0.000000
460 0.000000
461 0.000000
462 0.000000
463 0.000000
464 0.000000
465 0.000000
466 0.000000
467 0.000000
468 0.000000
469 0.000000
470 0.000000
471 0.000000
472 0.000000
473 0.000010
474 0.000036
475 0.000039
476 0.000610
477 0.000599
478 0.000108
479 0.000001
480 0.000001
481 0.000057
482 0.000046
483 0.000001
484 0.000000
485 0.000000
486 0.000000
487 0.000000
488 0.000000
489 0.000000
490 0.000000
491 0.000000
492 0.000000
493 0.000000
494 0.000000
495 0.000000
496 0.000000
497 0.000000
498 0.000000
499 0.000000
500 0.000000
501 0.000003
502 0.000288
503 0.000342
504 0.010000
505 0.005459
506 0.000111
507 0.000008
508 0.000023
509 0.000212
510 0.000001
511 0.000000
512 0.000000
513 0.000000
514 0.000000
515 0.000000
516 0.000000
517 0.000000
518 0.000000
519 0.000000
520 0.000000
521 0.000000
522 0.000000
523 0.000000
524 0.000000
525 0.000000
526 0.000000
527 0.000000
528 0.000000
529 0.000009
530 0.002733
531 0.003555
532 0.010000
533 0.011680
534 0.000403
535 0.000124
536 0.001806
537 0.000051
538 0.000000
539 0.000000
540 0.000000
541 0.000000
542 0.000000
543 0.000000
544 0.000000
545 0.000000
546 0.000000
547 0.000000
548 0.000000
549 0.000000
550 0.000000
551 0.000000
552 0.000000
553 0.000000
554 0.000001
555 0.000000
556 0.000001
557 0.000059
558 0.010000
559 0.008397
560 0.013470
561 0.018243
562 0.000513
563 0.000338
564 0.001369
565 0.000017
566 0.000000
567 0.000000
568 0.000000
569 0.000000
570 0.000000
571 0.000000
572 0.000000
573 0.000000
574 0.000000
575 0.000000
576 0.000000
577 0.000000
578 0.000000
579 0.000000
580 0.000000
581 0.000000
582 0.000004
583 0.000005
584 0.000012
585 0.007460
586 0.010000
587 0.010000
588 0.017344
589 0.011697
590 0.000885
591 0.000767
592 0.000046
593 0.000001
594 0.000000
595 0.000000
596 0.000000
597 0.000000
598 0.000000
599 0.000000
600 0.000000
601 0.000000
602 0.000000
603 0.000000
604 0.000000
605 0.000000
606 0.000000
607 0.000000
608 0.000000
609 0.000000
610 0.000003
611 0.000005
612 0.001942
613 0.003812
614 0.007553
615 0.010493
616 0.010556
617 0.005042
618 0.001408
619 0.000102
620 0.000007
621 0.000000
622 0.000000
623 0.000000
624 0.000000
625 0.000000
626 0.000000
627 0.000002
628 0.000002
629 0.000002
630 0.000000
631 0.000000
632 0.000000
633 0.000000
634 0.000000
635 0.000000
636 0.000000
637 0.000000
638 0.000004
639 0.000610
640 0.001088
641 0.002077
642 0.000000
643 0.000000
644 0.004807
645 0.001725
646 0.000950
647 0.000762
648 0.000329
649 0.000004
650 0.000000
651 0.000000
652 0.000000
653 0.000002
654 0.000023
655 0.000125
656 0.001363
657 0.004727
658 0.000830
659 0.000002
660 0.000000
661 0.000000
662 0.000000
663 0.000000
664 0.000000
665 0.000008
666 0.000610
667 0.000739
668 0.000771
669 0.000000
670 0.000000
671 0.000000
672 0.000000
673 0.001044
674 0.000983
675 0.000801
676 0.000895
677 0.000724
678 0.000013
679 0.000012
680 0.000069
681 0.000856
682 0.007173
683 0.007240
684 0.007905
685 0.002319
686 0.000459
687 0.000094
688 0.000021
689 0.000051
690 0.000047
691 0.000021
692 0.000061
693 0.000584
694 0.000638
695 0.000771
696 0.000000
697 0.000000
698 0.000000
699 0.000000
700 0.000000
701 0.000000
702 0.001031
703 0.000983
704 0.000938
705 0.000895
706 0.000853
707 0.002290
708 0.005549
709 0.010000
710 0.007884
711 0.007308
712 0.003545
713 0.001203
714 0.000260
715 0.000213
716 0.000105
717 0.000184
718 0.000566
719 0.000480
720 0.000502
721 0.000610
722 0.000739
723 0.000000
724 0.000000
725 0.000000
726 0.000000
727 0.000000
728 0.000000
729 0.000000
730 0.000000
731 0.000000
732 0.000983
733 0.000938
734 0.001728
735 0.003999
736 0.010000
737 0.010000
738 0.010000
739 0.007129
740 0.001911
741 0.000623
742 0.000252
743 0.000238
744 0.000436
745 0.000757
746 0.001073
747 0.000584
748 0.000610
749 0.000739
750 0.000000
751 0.000000
752 0.000000
753 0.000000
754 0.000000
755 0.000000
756 0.000000
757 0.000000
758 0.000000
759 0.000000
760 0.000000
761 0.001579
762 0.003495
763 0.008325
764 0.010000
765 0.010000
766 0.010000
767 0.004119
768 0.001082
769 0.000360
770 0.000338
771 0.000320
772 0.001142
773 0.003150
774 0.001752
775 0.000824
776 0.000638
777 0.000000
778 0.000022
779 0.000013
780 0.000000
781 0.000000
782 0.000000
783 0.000000
