0 0.005826
1 0.008925
2 0.010000
3 0.010000
4 0.011448
5 0.014062
6 0.013626
7 0.007919
8 0.001045
9 0.000121
10 0.000063
11 0.000049
12 0.000052
13 0.000051
14 0.000074
15 0.000147
16 0.000367
17 0.000358
18 0.000975
19 0.001544
20 0.001678
21 0.001248
22 0.001516
23 0.001583
24 0.001433
25 0.001500
26 0.001800
27 0.001880
28 0.003700
29 0.005601
30 0.007847
31 0.010000
32 0.010000
33 0.012014
34 0.014341
35 0.008382
36 0.000848
37 0.000099
38 0.000059
39 0.000043
40 0.000037
41 0.000044
42 0.000100
43 0.000247
44 0.000351
45 0.000309
46 0.000195
47 0.000488
48 0.000974
49 0.001192
50 0.000039
51 0.000000
52 0.001368
53 0.001652
54 0.001500
55 0.001800
56 0.002869
57 0.003454
58 0.004772
59 0.007722
60 0.010000
61 0.010447
62 0.012615
63 0.004581
64 0.000698
65 0.000143
66 0.000086
67 0.000049
68 0.000028
69 0.000048
70 0.000133
71 0.000358
72 0.000326
73 0.000127
74 0.000056
75 0.000131
76 0.000045
77 0.000002
78 0.000000
79 0.000000
80 0.000000
81 0.001368
82 0.001652
83 0.001500
84 0.002753
85 0.002352
86 0.002858
87 0.004451
88 0.007539
89 0.010000
90 0.010447
91 0.002008
92 0.000427
93 0.000201
94 0.000119
95 0.000060
96 0.000050
97 0.000080
98 0.000231
99 0.000347
100 0.000197
101 0.000024
102 0.000001
103 0.000002
104 0.000000
105 0.000000
106 0.000000
107 0.000000
108 0.000000
109 0.001307
110 0.001368
111 0.001652
112 0.002352
113 0.002250
114 0.001817
115 0.002554
116 0.000000
117 0.000000
118 0.000001
119 0.000000
120 0.000003
121 0.000104
122 0.000179
123 0.000121
124 0.000157
125 0.000296
126 0.000370
127 0.000021
128 0.000003
129 0.000001
130 0.000000
131 0.000000
132 0.000000
133 0.000000
134 0.000000
135 0.000000
136 0.000530
137 0.001073
138 0.001307
139 0.001623
140 0.002250
141 0.001905
142 0.001732
143 0.001652
144 0.000000
145 0.000000
146 0.000000
147 0.000000
148 0.000000
149 0.000000
150 0.000000
151 0.000001
152 0.000013
153 0.000012
154 0.000042
155 0.000003
156 0.000001
157 0.000000
158 0.000000
159 0.000000
160 0.000000
161 0.000000
162 0.000000
163 0.000001
164 0.001089
165 0.001022
166 0.001330
167 0.001506
168 0.001905
169 0.001732
170 0.001652
171 0.001503
172 0.000001
173 0.000000
174 0.000000
175 0.000003
176 0.000002
177 0.000001
178 0.000000
179 0.000000
180 0.000000
181 0.000000
182 0.000000
183 0.000000
184 0.000000
185 0.000000
186 0.000000
187 0.000000
188 0.000000
189 0.000000
190 0.000000
191 0.000128
192 0.000884
193 0.001051
194 0.001275
195 0.001796
196 0.001732
197 0.001652
198 0.001378
199 0.001247
200 0.000224
201 0.000000
202 0.000000
203 0.000000
204 0.000002
205 0.000012
206 0.000009
207 0.000008
208 0.000003
209 0.000002
210 0.000000
211 0.000000
212 0.000000
213 0.000000
214 0.000000
215 0.000000
216 0.000000
217 0.000000
218 0.000001
219 0.000211
220 0.001073
221 0.001335
222 0.001589
223 0.002041
224 0.001652
225 0.001378
226 0.001247
227 0.001186
228 0.000925
229 0.000001
230 0.000000
231 0.000000
232 0.000000
233 0.000001
234 0.000223
235 0.003324
236 0.828083
237 0.000091
238 0.000000
239 0.000000
240 0.000000
241 0.000000
242 0.000000
243 0.000000
244 0.000000
245 0.000000
246 0.000001
247 0.000094
248 0.000201
249 0.000330
250 0.000594
251 0.000870
252 0.001576
253 0.001247
254 0.001186
255 0.000724
256 0.000187
257 0.000001
258 0.000000
259 0.000000
260 0.000000
261 0.000000
262 0.000040
263 0.999979
264 0.000836
265 0.000007
266 0.000000
267 0.000000
268 0.000000
269 0.000000
270 0.000000
271 0.000000
272 0.000000
273 0.000000
274 0.000001
275 0.000028
276 0.000056
277 0.000098
278 0.000177
279 0.000343
280 0.001247
281 0.000485
282 0.000281
283 0.000288
284 0.000337
285 0.000002
286 0.000000
287 0.000000
288 0.000000
289 0.000000
290 0.000001
291 0.000003
292 0.000003
293 0.000000
294 0.000000
295 0.000000
296 0.000000
297 0.000000
298 0.000000
299 0.000000
300 0.000000
301 0.000000
302 0.000000
303 0.000052
304 0.000066
305 0.000116
306 0.000170
307 0.000272
308 0.000341
309 0.000460
310 0.000432
311 0.000363
312 0.000097
313 0.000004
314 0.000000
315 0.000000
316 0.000000
317 0.000000
318 0.000000
319 0.000000
320 0.000000
321 0.000000
322 0.000000
323 0.000000
324 0.000001
325 0.000000
326 0.000000
327 0.000000
328 0.000000
329 0.000000
330 0.000001
331 0.000031
332 0.000232
333 0.000235
334 0.000293
335 0.000464
336 0.000653
337 0.000669
338 0.001002
339 0.001370
340 0.000024
341 0.000000
342 0.000000
343 0.000000
344 0.000000
345 0.000000
346 0.000000
347 0.000000
348 0.000000
349 0.000000
350 0.000000
351 0.000001
352 0.000000
353 0.000000
354 0.000000
355 0.000000
356 0.000000
357 0.000000
358 0.000001
359 0.000017
360 0.001078
361 0.001037
362 0.000868
363 0.000654
364 0.001481
365 0.001888
366 0.001087
367 0.000580
368 0.000002
369 0.000000
370 0.000000
371 0.000000
372 0.000000
373 0.000000
374 0.000000
375 0.000000
376 0.000000
377 0.000000
378 0.000000
379 0.000000
380 0.000001
381 0.000000
382 0.000001
383 0.000003
384 0.000002
385 0.000001
386 0.000001
387 0.000019
388 0.001747
389 0.003136
390 0.001281
391 0.000605
392 0.002126
393 0.001084
394 0.000622
395 0.000071
396 0.000000
397 0.000000
398 0.000000
399 0.000000
400 0.000000
401 0.000000
402 0.000000
403 0.000000
404 0.000000
405 0.000000
406 0.000000
407 0.000000
408 0.000000
409 0.000001
410 0.000033
411 0.000190
412 0.000037
413 0.000002
414 0.000001
415 0.000003
416 0.000171
417 0.002668
418 0.001252
419 0.000547
420 0.004105
421 0.002042
422 0.001277
423 0.000010
424 0.000000
425 0.000000
426 0.000000
427 0.000000
428 0.000000
429 0.000000
430 0.000000
431 0.000000
432 0.000000
433 0.000000
434 0.000000
435 0.000000
436 0.000000
437 0.000001
438 0.000206
439 0.005526
440 0.000360
441 0.000014
442 0.000000
443 0.000000
444 0.000006
445 0.000987
446 0.000582
447 0.000542
448 0.006559
449 0.006205
450 0.001864
451 0.000002
452 0.000000
453 0.000000
454 0.000000
455 0.000000
456 0.000000
457 0.000000
458 0.000000
459 0.000000
460 0.000000
461 0.000000
462 0.000000
463 0.000000
464 0.000000
465 0.000000
466 0.000080
467 0.999995
468 0.000876
469 0.000009
470 0.000000
471 0.000000
472 0.000000
473 0.000125
474 0.000538
475 0.000804
476 0.006831
477 0.003334
478 0.000428
479 0.000001
480 0.000000
481 0.000000
482 0.000000
483 0.000000
484 0.000000
485 0.000000
486 0.000000
487 0.000000
488 0.000000
489 0.000000
490 0.000000
491 0.000000
492 0.000000
493 0.000000
494 0.000002
495 0.000039
496 0.000101
497 0.000011
498 0.000000
499 0.000000
500 0.000000
501 0.000018
502 0.001406
503 0.003196
504 0.004098
505 0.001799
506 0.000038
507 0.000000
508 0.000000
509 0.000000
510 0.000000
511 0.000000
512 0.000000
513 0.000000
514 0.000000
515 0.000000
516 0.000000
517 0.000000
518 0.000000
519 0.000000
520 0.000000
521 0.000000
522 0.000000
523 0.000000
524 0.000001
525 0.000014
526 0.000004
527 0.000001
528 0.000000
529 0.000025
530 0.004493
531 0.011566
532 0.001872
533 0.001021
534 0.000011
535 0.000000
536 0.000000
537 0.000000
538 0.000000
539 0.000000
540 0.000000
541 0.000000
542 0.000003
543 0.000008
544 0.000001
545 0.000000
546 0.000000
547 0.000000
548 0.000000
549 0.000000
550 0.000000
551 0.000000
552 0.000000
553 0.000003
554 0.000083
555 0.000008
556 0.000003
557 0.000170
558 0.010001
559 0.010001
560 0.001312
561 0.001262
562 0.000012
563 0.000000
564 0.000000
565 0.000000
566 0.000000
567 0.000000
568 0.000001
569 0.000075
570 0.999996
571 0.000440
572 0.000001
573 0.000000
574 0.000000
575 0.000000
576 0.000000
577 0.000000
578 0.000000
579 0.000000
580 0.000000
581 0.000001
582 0.000060
583 0.000059
584 0.000109
585 0.010000
586 0.010001
587 0.010001
588 0.001548
589 0.001312
590 0.000096
591 0.000001
592 0.000000
593 0.000000
594 0.000000
595 0.000004
596 0.000200
597 0.012076
598 0.000514
599 0.000014
600 0.000000
601 0.000000
602 0.000000
603 0.000000
604 0.000000
605 0.000000
606 0.000000
607 0.000000
608 0.000000
609 0.000000
610 0.000006
611 0.000197
612 0.006966
613 0.010000
614 0.010000
615 0.010001
616 0.001666
617 0.001547
618 0.001312
619 0.000158
620 0.000003
621 0.000002
622 0.000016
623 0.001183
624 0.001148
625 0.000082
626 0.000004
627 0.000001
628 0.000000
629 0.000000
630 0.000000
631 0.000000
632 0.000000
633 0.000000
634 0.000000
635 0.000000
636 0.000000
637 0.000001
638 0.000025
639 0.002317
640 0.004049
641 0.007072
642 0.000000
643 0.000000
644 0.001729
645 0.001666
646 0.001606
647 0.001365
648 0.000753
649 0.000175
650 0.000234
651 0.000136
652 0.000042
653 0.000008
654 0.000003
655 0.000009
656 0.000060
657 0.000193
658 0.000094
659 0.000036
660 0.000044
661 0.000022
662 0.000003
663 0.000001
664 0.000001
665 0.000031
666 0.000992
667 0.001419
668 0.002440
669 0.000000
670 0.000000
671 0.000000
672 0.000000
673 0.001729
674 0.001666
675 0.001419
676 0.001784
677 0.002918
678 0.000199
679 0.000103
680 0.000131
681 0.000267
682 0.000980
683 0.000722
684 0.000708
685 0.000379
686 0.000278
687 0.000278
688 0.000507
689 0.000690
690 0.000201
691 0.000080
692 0.000162
693 0.000955
694 0.001030
695 0.001211
696 0.000000
697 0.000000
698 0.000000
699 0.000000
700 0.000000
701 0.000000
702 0.001729
703 0.001692
704 0.003065
705 0.005836
706 0.010002
707 0.008152
708 0.004006
709 0.001674
710 0.000832
711 0.000753
712 0.000722
713 0.000700
714 0.000963
715 0.001046
716 0.000629
717 0.000627
718 0.000776
719 0.000808
720 0.000840
721 0.000992
722 0.001168
723 0.000000
724 0.000000
725 0.000000
726 0.000000
727 0.000000
728 0.000000
729 0.000000
730 0.000000
731 0.000000
732 0.005240
733 0.010002
734 0.010002
735 0.005545
736 0.002413
737 0.001106
738 0.000980
739 0.000941
740 0.000904
741 0.001522
742 0.002160
743 0.002228
744 0.000815
745 0.000746
746 0.000808
747 0.000955
748 0.000992
749 0.001168
750 0.000000
751 0.000000
752 0.000000
753 0.000000
754 0.000000
755 0.000000
756 0.000000
757 0.000000
758 0.000000
759 0.000000
760 0.000000
761 0.010002
762 0.007296
763 0.003264
764 0.001669
765 0.001262
766 0.001214
767 0.001168
768 0.000951
769 0.002297
770 0.005658
771 0.003191
772 0.001314
773 0.000889
774 0.000808
775 0.000874
776 0.001030
777 0.000000
778 0.000330
779 0.000275
780 0.000009
781 0.000000
782 0.000000
783 0.000000
