0 0.004009
1 0.004009
2 0.003700
3 0.004009
4 0.003561
5 0.002926
6 0.002505
7 0.003446
8 0.001661
9 0.000855
10 0.001085
11 0.002585
12 0.002710
13 0.000901
14 0.000488
15 0.000254
16 0.000135
17 0.000084
18 0.000277
19 0.000945
20 0.001925
21 0.002681
22 0.004619
23 0.006920
24 0.007894
25 0.007894
26 0.007317
27 0.005797
28 0.003700
29 0.004009
30 0.003700
31 0.003700
32 0.003700
33 0.003396
34 0.002658
35 0.001637
36 0.000571
37 0.000363
38 0.001536
39 0.005276
40 0.003776
41 0.001054
42 0.000332
43 0.000153
44 0.000079
45 0.000082
46 0.000130
47 0.000593
48 0.002332
49 0.004125
50 0.000015
51 0.000000
52 0.007894
53 0.007581
54 0.005247
55 0.003992
56 0.004009
57 0.003700
58 0.003700
59 0.003700
60 0.003700
61 0.003416
62 0.002975
63 0.001010
64 0.000215
65 0.000212
66 0.001788
67 0.007095
68 0.004677
69 0.001059
70 0.000230
71 0.000085
72 0.000066
73 0.000060
74 0.000072
75 0.000374
76 0.000041
77 0.000002
78 0.000001
79 0.000000
80 0.000000
81 0.005561
82 0.004065
83 0.002674
84 0.003882
85 0.003700
86 0.003415
87 0.003415
88 0.003416
89 0.003416
90 0.003416
91 0.000577
92 0.000107
93 0.000205
94 0.001652
95 0.005927
96 0.005090
97 0.001393
98 0.000269
99 0.000054
100 0.000055
101 0.000026
102 0.000001
103 0.000000
104 0.000001
105 0.000003
106 0.000000
107 0.000001
108 0.000008
109 0.003757
110 0.002706
111 0.002438
112 0.003945
113 0.003459
114 0.003415
115 0.003415
116 0.000000
117 0.000000
118 0.000001
119 0.000000
120 0.000001
121 0.000154
122 0.001432
123 0.002819
124 0.002701
125 0.001515
126 0.000260
127 0.000012
128 0.000001
129 0.000000
130 0.000000
131 0.000000
132 0.000001
133 0.000010
134 0.000003
135 0.000003
136 0.001473
137 0.002373
138 0.002030
139 0.002380
140 0.005374
141 0.003820
142 0.003008
143 0.003298
144 0.000000
145 0.000000
146 0.000000
147 0.000000
148 0.000000
149 0.000000
150 0.000001
151 0.000005
152 0.000021
153 0.000013
154 0.000006
155 0.000000
156 0.000000
157 0.000000
158 0.000000
159 0.000001
160 0.000005
161 0.000014
162 0.000003
163 0.000011
164 0.002203
165 0.001675
166 0.001971
167 0.002044
168 0.007988
169 0.005116
170 0.003945
171 0.002780
172 0.000054
173 0.000000
174 0.000000
175 0.000000
176 0.000000
177 0.000002
178 0.000001
179 0.000000
180 0.000000
181 0.000000
182 0.000000
183 0.000000
184 0.000000
185 0.000000
186 0.000002
187 0.000005
188 0.000009
189 0.000001
190 0.000005
191 0.000107
192 0.001496
193 0.001555
194 0.001616
195 0.002071
196 0.010000
197 0.008843
198 0.005374
199 0.003760
200 0.002434
201 0.000001
202 0.000000
203 0.000000
204 0.000000
205 0.000000
206 0.000000
207 0.000000
208 0.000000
209 0.000000
210 0.000000
211 0.000000
212 0.000000
213 0.000000
214 0.000001
215 0.000000
216 0.000000
217 0.000000
218 0.000002
219 0.000336
220 0.001496
221 0.001555
222 0.001705
223 0.001990
224 0.015676
225 0.010000
226 0.010000
227 0.005836
228 0.003884
229 0.000170
230 0.000000
231 0.000000
232 0.000000
233 0.000000
234 0.000000
235 0.000000
236 0.000000
237 0.000001
238 0.000001
239 0.000005
240 0.000013
241 0.000015
242 0.000000
243 0.000000
244 0.000000
245 0.000000
246 0.000001
247 0.000131
248 0.000222
249 0.000311
250 0.000538
251 0.000770
252 0.011880
253 0.017566
254 0.014444
255 0.007525
256 0.002049
257 0.000082
258 0.000000
259 0.000000
260 0.000000
261 0.000000
262 0.000000
263 0.000000
264 0.000000
265 0.000001
266 0.000031
267 0.000527
268 0.999999
269 0.000106
270 0.000000
271 0.000000
272 0.000000
273 0.000000
274 0.000001
275 0.000031
276 0.000050
277 0.000083
278 0.000122
279 0.000196
280 0.005921
281 0.005090
282 0.005960
283 0.005257
284 0.001568
285 0.000026
286 0.000002
287 0.000000
288 0.000000
289 0.000000
290 0.000000
291 0.000000
292 0.000000
293 0.000001
294 0.000031
295 0.004022
296 0.001503
297 0.000141
298 0.000002
299 0.000000
300 0.000000
301 0.000000
302 0.000002
303 0.000115
304 0.000095
305 0.000080
306 0.000074
307 0.000098
308 0.000694
309 0.000980
310 0.001574
311 0.001791
312 0.000724
313 0.000041
314 0.000027
315 0.000012
316 0.000000
317 0.000000
318 0.000000
319 0.000000
320 0.000001
321 0.000006
322 0.000072
323 0.000219
324 0.000133
325 0.000016
326 0.000001
327 0.000000
328 0.000000
329 0.000000
330 0.000005
331 0.000093
332 0.000313
333 0.000243
334 0.000209
335 0.000236
336 0.000425
337 0.000292
338 0.000295
339 0.001374
340 0.000184
341 0.000054
342 0.000935
343 1.000000
344 0.000003
345 0.000000
346 0.000000
347 0.000000
348 0.000006
349 0.000064
350 0.000107
351 0.000009
352 0.000002
353 0.000005
354 0.000001
355 0.000000
356 0.000000
357 0.000000
358 0.000001
359 0.000024
360 0.000995
361 0.000916
362 0.001264
363 0.001189
364 0.000409
365 0.000447
366 0.000444
367 0.000423
368 0.000023
369 0.000031
370 0.006417
371 0.015916
372 0.000041
373 0.000000
374 0.000000
375 0.000000
376 0.000003
377 0.000091
378 0.000015
379 0.000007
380 0.000003
381 0.000004
382 0.000000
383 0.000000
384 0.000000
385 0.000000
386 0.000000
387 0.000006
388 0.000811
389 0.002950
390 0.004244
391 0.006291
392 0.000416
393 0.000449
394 0.000555
395 0.000161
396 0.000003
397 0.000007
398 0.002385
399 0.000924
400 0.000101
401 0.000005
402 0.000001
403 0.000001
404 0.000001
405 0.000001
406 0.000003
407 0.000003
408 0.000030
409 0.000005
410 0.000001
411 0.000000
412 0.000000
413 0.000000
414 0.000000
415 0.000001
416 0.000139
417 0.005199
418 0.007653
419 0.006482
420 0.000587
421 0.000624
422 0.000732
423 0.000037
424 0.000001
425 0.000006
426 0.000022
427 0.000005
428 0.000009
429 0.000018
430 0.000021
431 0.000010
432 0.000000
433 0.000000
434 0.000000
435 0.000002
436 0.000014
437 0.000020
438 0.000003
439 0.000005
440 0.000001
441 0.000000
442 0.000000
443 0.000000
444 0.000014
445 0.002616
446 0.003800
447 0.005062
448 0.001168
449 0.000715
450 0.000676
451 0.000004
452 0.000001
453 0.000010
454 0.000001
455 0.000000
456 0.000001
457 0.000030
458 0.000020
459 0.000003
460 0.000000
461 0.000000
462 0.000000
463 0.000001
464 0.000002
465 0.000005
466 0.000071
467 0.000181
468 0.000090
469 0.000001
470 0.000000
471 0.000000
472 0.000002
473 0.000353
474 0.001747
475 0.002998
476 0.003162
477 0.001856
478 0.000269
479 0.000002
480 0.000002
481 0.000003
482 0.000000
483 0.000000
484 0.000001
485 0.000001
486 0.000001
487 0.000000
488 0.000000
489 0.000000
490 0.000001
491 0.000000
492 0.000000
493 0.000002
494 0.000282
495 0.007355
496 0.001380
497 0.000104
498 0.000001
499 0.000000
500 0.000001
501 0.000040
502 0.001079
503 0.001658
504 0.009201
505 0.004676
506 0.000207
507 0.000005
508 0.000009
509 0.000002
510 0.000000
511 0.000000
512 0.000000
513 0.000000
514 0.000000
515 0.000000
516 0.000000
517 0.000000
518 0.000001
519 0.000002
520 0.000000
521 0.000001
522 0.000063
523 0.999999
524 0.018636
525 0.001323
526 0.000036
527 0.000001
528 0.000000
529 0.000020
530 0.001180
531 0.001134
532 0.006736
533 0.006725
534 0.000171
535 0.000085
536 0.000045
537 0.000001
538 0.000001
539 0.000001
540 0.000000
541 0.000000
542 0.000000
543 0.000000
544 0.000000
545 0.000000
546 0.000001
547 0.000002
548 0.000000
549 0.000001
550 0.000007
551 0.000234
552 0.011702
553 0.029174
554 0.001207
555 0.000008
556 0.000002
557 0.000035
558 0.001114
559 0.001155
560 0.005735
561 0.007227
562 0.000307
563 0.000120
564 0.000036
565 0.000005
566 0.000005
567 0.000002
568 0.000000
569 0.000000
570 0.000000
571 0.000000
572 0.000001
573 0.000001
574 0.000000
575 0.000000
576 0.000000
577 0.000000
578 0.000002
579 0.000015
580 0.000188
581 0.009268
582 0.013891
583 0.000046
584 0.000044
585 0.001838
586 0.001217
587 0.001346
588 0.007904
589 0.010000
590 0.001314
591 0.000214
592 0.000013
593 0.000004
594 0.000006
595 0.000002
596 0.000002
597 0.000009
598 0.000035
599 0.000213
600 0.000302
601 0.000032
602 0.000000
603 0.000000
604 0.000000
605 0.000000
606 0.000001
607 0.000001
608 0.000006
609 0.000106
610 0.004531
611 0.002601
612 0.005038
613 0.003035
614 0.002140
615 0.001542
616 0.010000
617 0.010000
618 0.010000
619 0.001924
620 0.000076
621 0.000014
622 0.000006
623 0.000012
624 0.000079
625 0.000712
626 0.999976
627 0.041225
628 0.017649
629 0.000566
630 0.000004
631 0.000000
632 0.000000
633 0.000000
634 0.000000
635 0.000000
636 0.000001
637 0.000009
638 0.000825
639 0.010001
640 0.008618
641 0.005901
642 0.000000
643 0.000000
644 0.010000
645 0.010000
646 0.010000
647 0.010000
648 0.005494
649 0.000249
650 0.000158
651 0.000547
652 0.004638
653 0.007783
654 0.021208
655 0.049630
656 0.037779
657 0.003379
658 0.000239
659 0.000009
660 0.000003
661 0.000003
662 0.000002
663 0.000001
664 0.000003
665 0.000107
666 0.003359
667 0.006638
668 0.010001
669 0.000000
670 0.000000
671 0.000000
672 0.000000
673 0.010000
674 0.010000
675 0.010000
676 0.010000
677 0.006535
678 0.004129
679 0.004055
680 0.007141
681 0.011911
682 0.036708
683 0.042829
684 0.011815
685 0.001971
686 0.000391
687 0.000183
688 0.000233
689 0.000760
690 0.000184
691 0.000112
692 0.000229
693 0.001177
694 0.002058
695 0.003961
696 0.000000
697 0.000000
698 0.000000
699 0.000000
700 0.000000
701 0.000000
702 0.010000
703 0.010000
704 0.007293
705 0.004334
706 0.004290
707 0.006416
708 0.010000
709 0.021481
710 0.048374
711 0.029541
712 0.003910
713 0.001331
714 0.000892
715 0.000601
716 0.000736
717 0.000694
718 0.000851
719 0.000883
720 0.000917
721 0.001075
722 0.001423
723 0.000000
724 0.000000
725 0.000000
726 0.000000
727 0.000000
728 0.000000
729 0.000000
730 0.000000
731 0.000000
732 0.004851
733 0.004391
734 0.005300
735 0.008958
736 0.014301
737 0.043878
738 0.037904
739 0.009773
740 0.001965
741 0.001319
742 0.001217
743 0.001679
744 0.002006
745 0.001059
746 0.000883
747 0.001037
748 0.001075
749 0.001256
750 0.000000
751 0.000000
752 0.000000
753 0.000000
754 0.000000
755 0.000000
756 0.000000
757 0.000000
758 0.000000
759 0.000000
760 0.000000
761 0.004985
762 0.008103
763 0.010001
764 0.026668
765 0.044296
766 0.018539
767 0.003279
768 0.001678
769 0.001552
770 0.002054
771 0.003996
772 0.003579
773 0.001843
774 0.000883
775 0.000953
776 0.001114
777 0.000000
778 0.000122
779 0.000085
780 0.000001
781 0.000000
782 0.000000
783 0.000000
