0 0.010096
1 0.010100
2 0.010112
3 0.010107
4 0.010118
5 0.010128
6 0.010134
7 0.010136
8 0.010174
9 0.010185
10 0.010187
11 0.010190
12 0.010191
13 0.010193
14 0.010195
15 0.010198
16 0.010201
17 0.010205
18 0.010187
19 0.010132
20 0.010018
21 0.010017
22 0.010016
23 0.010015
24 0.010016
25 0.010015
26 0.010014
27 0.010014
28 0.010108
29 0.010103
30 0.010115
31 0.010118
32 0.010121
33 0.010126
34 0.010136
35 0.010159
36 0.010182
37 0.010190
38 0.010191
39 0.010192
40 0.010194
41 0.010194
42 0.010196
43 0.010200
44 0.010204
45 0.010205
46 0.010199
47 0.010171
48 0.010019
49 0.010018
50 0.010230
51 0.010336
52 0.010016
53 0.010015
54 0.010015
55 0.010014
56 0.010103
57 0.010114
58 0.010118
59 0.010120
60 0.010126
61 0.010135
62 0.010137
63 0.010172
64 0.010186
65 0.010192
66 0.010192
67 0.010195
68 0.010198
69 0.010199
70 0.010200
71 0.010203
72 0.010205
73 0.010207
74 0.010208
75 0.010187
76 0.010074
77 0.010373
78 0.010516
79 0.010337
80 0.010336
81 0.010016
82 0.010015
83 0.010016
84 0.010107
85 0.010118
86 0.010127
87 0.010132
88 0.010134
89 0.010137
90 0.010141
91 0.010180
92 0.010192
93 0.010194
94 0.010196
95 0.010197
96 0.010199
97 0.010199
98 0.010201
99 0.010205
100 0.010206
101 0.010214
102 0.010239
103 0.010436
104 0.010472
105 0.010445
106 0.010503
107 0.010428
108 0.010134
109 0.010016
110 0.010016
111 0.010015
112 0.010118
113 0.010121
114 0.010132
115 0.010134
116 0.011181
117 0.010823
118 0.010475
119 0.010369
120 0.010312
121 0.010251
122 0.010197
123 0.010197
124 0.010200
125 0.010201
126 0.010204
127 0.010218
128 0.010232
129 0.010391
130 0.010526
131 0.010507
132 0.010513
133 0.010492
134 0.010338
135 0.010230
136 0.010054
137 0.010018
138 0.010017
139 0.010015
140 0.010121
141 0.010130
142 0.010135
143 0.010137
144 0.011275
145 0.011216
146 0.010775
147 0.010609
148 0.010459
149 0.010416
150 0.010379
151 0.010343
152 0.010311
153 0.010291
154 0.010229
155 0.010330
156 0.010446
157 0.010522
158 0.010517
159 0.010563
160 0.010492
161 0.010350
162 0.010241
163 0.010115
164 0.010018
165 0.010018
166 0.010017
167 0.010017
168 0.010131
169 0.010135
170 0.010137
171 0.010141
172 0.010369
173 0.011232
174 0.011382
175 0.010768
176 0.010534
177 0.010432
178 0.010423
179 0.010440
180 0.010424
181 0.010401
182 0.010525
183 0.010581
184 0.010617
185 0.010623
186 0.010509
187 0.010454
188 0.010397
189 0.010322
190 0.010137
191 0.010083
192 0.010019
193 0.010019
194 0.010019
195 0.010113
196 0.010136
197 0.010138
198 0.010145
199 0.010148
200 0.010240
201 0.010889
202 0.011252
203 0.011473
204 0.010733
205 0.010610
206 0.010518
207 0.010424
208 0.010410
209 0.010402
210 0.010397
211 0.010689
212 0.010615
213 0.010521
214 0.010435
215 0.010467
216 0.010405
217 0.010365
218 0.010208
219 0.010124
220 0.010019
221 0.010019
222 0.010115
223 0.010114
224 0.010138
225 0.010145
226 0.010149
227 0.010150
228 0.010157
229 0.010389
230 0.011069
231 0.011154
232 0.011068
233 0.010743
234 0.010749
235 0.010405
236 0.010396
237 0.010387
238 0.010377
239 0.010374
240 0.010505
241 0.010423
242 0.010496
243 0.010450
244 0.010444
245 0.010336
246 0.010267
247 0.010139
248 0.010223
249 0.010212
250 0.010463
251 0.010608
252 0.010140
253 0.010149
254 0.010150
255 0.010164
256 0.010177
257 0.010337
258 0.010458
259 0.011172
260 0.011192
261 0.010919
262 0.010400
263 0.010386
264 0.010372
265 0.010369
266 0.010363
267 0.010359
268 0.010362
269 0.010496
270 0.010442
271 0.010444
272 0.010372
273 0.010348
274 0.010282
275 0.010273
276 0.010264
277 0.010675
278 0.010666
279 0.010556
280 0.010150
281 0.010170
282 0.010173
283 0.010182
284 0.010185
285 0.010284
286 0.010421
287 0.010756
288 0.011198
289 0.010402
290 0.010380
291 0.010369
292 0.010361
293 0.010353
294 0.010352
295 0.010353
296 0.010349
297 0.010354
298 0.010439
299 0.010362
300 0.010370
301 0.010354
302 0.010383
303 0.010527
304 0.010685
305 0.010680
306 0.010573
307 0.010472
308 0.010172
309 0.010177
310 0.010184
311 0.010190
312 0.010276
313 0.010257
314 0.010353
315 0.010428
316 0.010412
317 0.010390
318 0.010369
319 0.010354
320 0.010345
321 0.010343
322 0.010340
323 0.010342
324 0.010346
325 0.010347
326 0.010353
327 0.010360
328 0.010456
329 0.010449
330 0.010714
331 0.010700
332 0.010534
333 0.010575
334 0.010307
335 0.010142
336 0.010182
337 0.010186
338 0.010187
339 0.010192
340 0.010283
341 0.010297
342 0.010314
343 0.010392
344 0.010398
345 0.010378
346 0.010364
347 0.010347
348 0.010344
349 0.010336
350 0.010334
351 0.010334
352 0.010337
353 0.010346
354 0.010348
355 0.010452
356 0.010705
357 0.010767
358 0.010734
359 0.010590
360 0.010435
361 0.010154
362 0.010147
363 0.010145
364 0.010185
365 0.010186
366 0.010188
367 0.010192
368 0.010291
369 0.010305
370 0.010273
371 0.010359
372 0.010388
373 0.010368
374 0.010359
375 0.010347
376 0.010337
377 0.010331
378 0.010332
379 0.010328
380 0.010335
381 0.010431
382 0.010442
383 0.010771
384 0.010770
385 0.010661
386 0.010665
387 0.010293
388 0.010230
389 0.010150
390 0.010148
391 0.010143
392 0.010187
393 0.010190
394 0.010192
395 0.010279
396 0.010301
397 0.010251
398 0.010249
399 0.010325
400 0.010375
401 0.010366
402 0.010354
403 0.010345
404 0.010335
405 0.010330
406 0.010325
407 0.010329
408 0.010424
409 0.010676
410 0.010689
411 0.010699
412 0.010672
413 0.010570
414 0.010350
415 0.010328
416 0.010256
417 0.010152
418 0.010147
419 0.010145
420 0.010187
421 0.010193
422 0.010195
423 0.010287
424 0.010307
425 0.010257
426 0.010255
427 0.010301
428 0.010353
429 0.010366
430 0.010353
431 0.010342
432 0.010337
433 0.010330
434 0.010327
435 0.010331
436 0.010508
437 0.010578
438 0.010682
439 0.010598
440 0.010357
441 0.010346
442 0.010361
443 0.010386
444 0.010289
445 0.010150
446 0.010147
447 0.010144
448 0.010210
449 0.010217
450 0.010197
451 0.010294
452 0.010315
453 0.010261
454 0.010264
455 0.010280
456 0.010332
457 0.010360
458 0.010350
459 0.010348
460 0.010342
461 0.010335
462 0.010476
463 0.010476
464 0.010481
465 0.010488
466 0.010410
467 0.010359
468 0.010354
469 0.010356
470 0.010900
471 0.010564
472 0.010343
473 0.010225
474 0.010207
475 0.010261
476 0.010186
477 0.010201
478 0.010294
479 0.010324
480 0.010261
481 0.010263
482 0.010267
483 0.010269
484 0.010320
485 0.010353
486 0.010351
487 0.010349
488 0.010341
489 0.010341
490 0.010369
491 0.010483
492 0.010486
493 0.010350
494 0.010360
495 0.010357
496 0.010359
497 0.011696
498 0.011398
499 0.010728
500 0.010478
501 0.010369
502 0.010255
503 0.010246
504 0.010009
505 0.010121
506 0.010283
507 0.010312
508 0.010272
509 0.010280
510 0.010291
511 0.010273
512 0.010339
513 0.010344
514 0.010361
515 0.010354
516 0.010347
517 0.010348
518 0.010348
519 0.010349
520 0.010352
521 0.010357
522 0.010360
523 0.010365
524 0.011378
525 0.012163
526 0.011837
527 0.011311
528 0.010663
529 0.010381
530 0.010229
531 0.010050
532 0.010009
533 0.010010
534 0.010109
535 0.010177
536 0.010247
537 0.010260
538 0.010270
539 0.010313
540 0.010336
541 0.010390
542 0.010361
543 0.010356
544 0.010355
545 0.010354
546 0.010354
547 0.010356
548 0.010365
549 0.010366
550 0.010429
551 0.010980
552 0.011552
553 0.011592
554 0.012198
555 0.011745
556 0.010877
557 0.010278
558 0.010049
559 0.010049
560 0.010009
561 0.010009
562 0.010109
563 0.010109
564 0.010118
565 0.010122
566 0.010269
567 0.010287
568 0.010301
569 0.010318
570 0.010358
571 0.010374
572 0.010384
573 0.010362
574 0.010363
575 0.010366
576 0.010580
577 0.010589
578 0.010634
579 0.010859
580 0.010963
581 0.011606
582 0.011543
583 0.012094
584 0.011406
585 0.010047
586 0.010047
587 0.010045
588 0.010008
589 0.010008
590 0.010050
591 0.010093
592 0.010107
593 0.010150
594 0.010153
595 0.010155
596 0.010125
597 0.010271
598 0.010312
599 0.010343
600 0.010356
601 0.010564
602 0.010587
603 0.010582
604 0.010590
605 0.010592
606 0.010588
607 0.010337
608 0.010683
609 0.010786
610 0.011446
611 0.011657
612 0.010047
613 0.010047
614 0.010044
615 0.010044
616 0.010008
617 0.010008
618 0.010008
619 0.010045
620 0.010121
621 0.010138
622 0.010146
623 0.010119
624 0.010120
625 0.010257
626 0.010422
627 0.010590
628 0.010641
629 0.010512
630 0.010538
631 0.010564
632 0.010357
633 0.010374
634 0.010344
635 0.010328
636 0.010311
637 0.010542
638 0.010695
639 0.010045
640 0.010045
641 0.010043
642 0.012005
643 0.012262
644 0.010007
645 0.010008
646 0.010008
647 0.010008
648 0.010068
649 0.010081
650 0.010100
651 0.010179
652 0.010339
653 0.010338
654 0.010499
655 0.010587
656 0.010516
657 0.010125
658 0.010122
659 0.010263
660 0.010287
661 0.010280
662 0.010294
663 0.010300
664 0.010284
665 0.010230
666 0.010046
667 0.010042
668 0.010042
669 0.012002
670 0.012051
671 0.012102
672 0.010696
673 0.010007
674 0.010007
675 0.010008
676 0.010008
677 0.010008
678 0.010223
679 0.010261
680 0.010294
681 0.010238
682 0.010058
683 0.010103
684 0.010124
685 0.010118
686 0.010117
687 0.010115
688 0.010114
689 0.010096
690 0.010211
691 0.010219
692 0.010206
693 0.010048
694 0.010046
695 0.010042
696 0.012001
697 0.012002
698 0.012011
699 0.012156
700 0.010696
701 0.010696
702 0.010007
703 0.010007
704 0.010008
705 0.010008
706 0.010008
707 0.010009
708 0.010009
709 0.010010
710 0.010035
711 0.010083
712 0.010114
713 0.010119
714 0.010111
715 0.010109
716 0.010106
717 0.010092
718 0.010055
719 0.010053
720 0.010052
721 0.010048
722 0.010044
723 0.012020
724 0.011943
725 0.012080
726 0.011999
727 0.012000
728 0.010696
729 0.010696
730 0.010696
731 0.010696
732 0.010007
733 0.010008
734 0.010008
735 0.010009
736 0.010009
737 0.010009
738 0.010010
739 0.010066
740 0.010100
741 0.010114
742 0.010110
743 0.010108
744 0.010097
745 0.010081
746 0.010054
747 0.010050
748 0.010049
749 0.010045
750 0.011006
751 0.010493
752 0.010786
753 0.011353
754 0.012064
755 0.011998
756 0.010695
757 0.010695
758 0.010772
759 0.010783
760 0.010696
761 0.010008
762 0.010008
763 0.010008
764 0.010009
765 0.010009
766 0.010009
767 0.010046
768 0.010088
769 0.010108
770 0.010108
771 0.010106
772 0.010092
773 0.010065
774 0.010055
775 0.010053
776 0.010049
777 0.010372
778 0.010241
779 0.010246
780 0.010319
781 0.010426
782 0.011118
783 0.011999
