0 0.002345
1 0.002229
2 0.001858
3 0.002016
4 0.001667
5 0.001372
6 0.002129
7 0.004333
8 0.001391
9 0.000217
10 0.000134
11 0.000110
12 0.000106
13 0.000129
14 0.000150
15 0.000111
16 0.000069
17 0.000027
18 0.000069
19 0.000272
20 0.000746
21 0.000822
22 0.001719
23 0.003151
24 0.004772
25 0.006464
26 0.006683
27 0.005797
28 0.001962
29 0.002119
30 0.001760
31 0.001667
32 0.001580
33 0.001421
34 0.001330
35 0.001372
36 0.000287
37 0.000116
38 0.000253
39 0.000287
40 0.000253
41 0.000144
42 0.000133
43 0.000098
44 0.000034
45 0.000016
46 0.000018
47 0.000136
48 0.000638
49 0.001475
50 0.000000
51 0.000000
52 0.006465
53 0.006683
54 0.004783
55 0.003243
56 0.002120
57 0.001760
58 0.001667
59 0.001580
60 0.001420
61 0.001156
62 0.001093
63 0.000282
64 0.000065
65 0.000049
66 0.000421
67 0.000941
68 0.000481
69 0.000195
70 0.000098
71 0.000045
72 0.000017
73 0.000007
74 0.000008
75 0.000046
76 0.000001
77 0.000000
78 0.000001
79 0.000000
80 0.000000
81 0.004694
82 0.003098
83 0.001725
84 0.002313
85 0.001667
86 0.001371
87 0.001223
88 0.001156
89 0.001093
90 0.000977
91 0.000079
92 0.000013
93 0.000053
94 0.000412
95 0.002138
96 0.001231
97 0.000430
98 0.000090
99 0.000021
100 0.000009
101 0.000002
102 0.000000
103 0.000000
104 0.000000
105 0.000001
106 0.000000
107 0.000000
108 0.000000
109 0.002446
110 0.001593
111 0.001108
112 0.003954
113 0.002110
114 0.001224
115 0.001156
116 0.000000
117 0.000000
118 0.000000
119 0.000000
120 0.000000
121 0.000015
122 0.000368
123 0.001566
124 0.002983
125 0.000884
126 0.000080
127 0.000001
128 0.000000
129 0.000000
130 0.000000
131 0.000000
132 0.000001
133 0.000001
134 0.000000
135 0.000000
136 0.000049
137 0.001219
138 0.000834
139 0.001131
140 0.007211
141 0.003733
142 0.001841
143 0.001093
144 0.000000
145 0.000001
146 0.000000
147 0.000000
148 0.000000
149 0.000000
150 0.000000
151 0.000001
152 0.000029
153 0.000006
154 0.000001
155 0.000000
156 0.000000
157 0.000000
158 0.000000
159 0.000001
160 0.000001
161 0.000000
162 0.000000
163 0.000000
164 0.001103
165 0.000620
166 0.000848
167 0.000896
168 0.010007
169 0.006997
170 0.004070
171 0.001909
172 0.000139
173 0.000001
174 0.000000
175 0.000000
176 0.000000
177 0.000000
178 0.000000
179 0.000000
180 0.000000
181 0.000000
182 0.000000
183 0.000000
184 0.000000
185 0.000000
186 0.000001
187 0.000002
188 0.000001
189 0.000000
190 0.000000
191 0.000000
192 0.000547
193 0.000592
194 0.000628
195 0.000902
196 0.008357
197 0.010008
198 0.008272
199 0.003788
200 0.000170
201 0.000005
202 0.000001
203 0.000000
204 0.000000
205 0.000001
206 0.000001
207 0.000000
208 0.000000
209 0.000000
210 0.000000
211 0.000000
212 0.000000
213 0.000001
214 0.000001
215 0.000001
216 0.000000
217 0.000000
218 0.000000
219 0.000009
220 0.000559
221 0.000592
222 0.000653
223 0.000779
224 0.003427
225 0.005703
226 0.010008
227 0.010007
228 0.004314
229 0.000031
230 0.000001
231 0.000000
232 0.000000
233 0.000000
234 0.000000
235 0.000001
236 0.000001
237 0.000001
238 0.000001
239 0.000001
240 0.000001
241 0.000001
242 0.000001
243 0.000000
244 0.000000
245 0.000000
246 0.000000
247 0.000025
248 0.000050
249 0.000073
250 0.000144
251 0.000223
252 0.001683
253 0.002190
254 0.003699
255 0.005335
256 0.002003
257 0.000002
258 0.000001
259 0.000001
260 0.000000
261 0.000000
262 0.000000
263 0.000000
264 0.000001
265 0.000001
266 0.000003
267 0.000021
268 0.000038
269 0.000003
270 0.000000
271 0.000000
272 0.000000
273 0.000000
274 0.000000
275 0.000004
276 0.000008
277 0.000013
278 0.000022
279 0.000041
280 0.002620
281 0.000667
282 0.000317
283 0.000209
284 0.000213
285 0.000000
286 0.000001
287 0.000003
288 0.000001
289 0.000000
290 0.000000
291 0.000000
292 0.000000
293 0.000001
294 0.000002
295 0.000133
296 0.999986
297 0.000003
298 0.000000
299 0.000000
300 0.000000
301 0.000000
302 0.000000
303 0.000005
304 0.000007
305 0.000009
306 0.000012
307 0.000017
308 0.001498
309 0.000432
310 0.000085
311 0.000032
312 0.000003
313 0.000000
314 0.000001
315 0.000012
316 0.000013
317 0.000001
318 0.000000
319 0.000000
320 0.000000
321 0.000000
322 0.000001
323 0.000007
324 0.000005
325 0.000001
326 0.000000
327 0.000000
328 0.000000
329 0.000000
330 0.000000
331 0.000001
332 0.000008
333 0.000009
334 0.000012
335 0.000021
336 0.000769
337 0.000441
338 0.000168
339 0.000051
340 0.000001
341 0.000000
342 0.000001
343 0.000049
344 0.999985
345 0.000004
346 0.000000
347 0.000000
348 0.000000
349 0.000001
350 0.000001
351 0.000001
352 0.000000
353 0.000000
354 0.000000
355 0.000000
356 0.000000
357 0.000000
358 0.000000
359 0.000001
360 0.000027
361 0.000019
362 0.000019
363 0.000016
364 0.000452
365 0.000639
366 0.000417
367 0.000550
368 0.000001
369 0.000001
370 0.000004
371 0.000082
372 0.000165
373 0.000013
374 0.000001
375 0.000000
376 0.000001
377 0.000001
378 0.000001
379 0.000000
380 0.000000
381 0.000000
382 0.000000
383 0.000000
384 0.000000
385 0.000000
386 0.000000
387 0.000001
388 0.000027
389 0.000072
390 0.000049
391 0.000043
392 0.000108
393 0.000216
394 0.000662
395 0.000252
396 0.000002
397 0.000006
398 0.000354
399 0.000066
400 0.000004
401 0.000004
402 0.000002
403 0.000001
404 0.000001
405 0.000001
406 0.000000
407 0.000000
408 0.000000
409 0.000000
410 0.000000
411 0.000000
412 0.000000
413 0.000000
414 0.000000
415 0.000000
416 0.000004
417 0.000212
418 0.000165
419 0.000105
420 0.000064
421 0.000176
422 0.000473
423 0.000016
424 0.000002
425 0.000075
426 0.999963
427 0.000291
428 0.000004
429 0.000003
430 0.000004
431 0.000003
432 0.000001
433 0.000000
434 0.000000
435 0.000000
436 0.000000
437 0.000000
438 0.000000
439 0.000000
440 0.000000
441 0.000000
442 0.000000
443 0.000000
444 0.000001
445 0.000160
446 0.000212
447 0.000240
448 0.000233
449 0.000203
450 0.000196
451 0.000001
452 0.000001
453 0.000171
454 0.003398
455 0.000136
456 0.000012
457 0.000007
458 0.000007
459 0.000002
460 0.000001
461 0.000000
462 0.000000
463 0.000000
464 0.000000
465 0.000000
466 0.000000
467 0.000000
468 0.000000
469 0.000000
470 0.000000
471 0.000000
472 0.000000
473 0.000014
474 0.000136
475 0.000294
476 0.001816
477 0.000867
478 0.000096
479 0.000001
480 0.000002
481 0.000255
482 0.000012
483 0.000002
484 0.000002
485 0.000005
486 0.000011
487 0.000002
488 0.000001
489 0.000000
490 0.000000
491 0.000000
492 0.000000
493 0.000000
494 0.000000
495 0.000000
496 0.000000
497 0.000000
498 0.000000
499 0.000000
500 0.000000
501 0.000001
502 0.000221
503 0.000844
504 0.010004
505 0.005737
506 0.000052
507 0.000002
508 0.000021
509 0.000041
510 0.000001
511 0.000001
512 0.000001
513 0.000001
514 0.000001
515 0.000001
516 0.000001
517 0.000000
518 0.000000
519 0.000000
520 0.000000
521 0.000000
522 0.000000
523 0.000000
524 0.000000
525 0.000000
526 0.000000
527 0.000000
528 0.000000
529 0.000001
530 0.000577
531 0.002604
532 0.010008
533 0.010012
534 0.000039
535 0.000023
536 0.002380
537 0.000007
538 0.000001
539 0.000000
540 0.000000
541 0.000000
542 0.000000
543 0.000001
544 0.000001
545 0.000000
546 0.000000
547 0.000000
548 0.000000
549 0.000000
550 0.000000
551 0.000000
552 0.000000
553 0.000000
554 0.000000
555 0.000000
556 0.000000
557 0.000006
558 0.000746
559 0.001223
560 0.010011
561 0.007390
562 0.000073
563 0.000257
564 0.000572
565 0.000010
566 0.000001
567 0.000000
568 0.000000
569 0.000000
570 0.000000
571 0.000000
572 0.000000
573 0.000000
574 0.000000
575 0.000000
576 0.000000
577 0.000000
578 0.000000
579 0.000000
580 0.000000
581 0.000000
582 0.000000
583 0.000000
584 0.000003
585 0.000642
586 0.000672
587 0.000814
588 0.007308
589 0.006819
590 0.002390
591 0.006185
592 0.000055
593 0.000001
594 0.000001
595 0.000000
596 0.000000
597 0.000000
598 0.000000
599 0.000000
600 0.000000
601 0.000000
602 0.000000
603 0.000000
604 0.000000
605 0.000000
606 0.000000
607 0.000000
608 0.000000
609 0.000000
610 0.000001
611 0.000005
612 0.000614
613 0.000642
614 0.000779
615 0.000814
616 0.006370
617 0.006614
618 0.008288
619 0.002797
620 0.000038
621 0.000001
622 0.000001
623 0.000000
624 0.000000
625 0.000000
626 0.000000
627 0.000000
628 0.000000
629 0.000000
630 0.000000
631 0.000000
632 0.000000
633 0.000000
634 0.000000
635 0.000000
636 0.000000
637 0.000001
638 0.000006
639 0.000614
640 0.000642
641 0.000779
642 0.000000
643 0.000000
644 0.006259
645 0.007804
646 0.010004
647 0.010006
648 0.003739
649 0.000013
650 0.000001
651 0.000001
652 0.000000
653 0.000000
654 0.000000
655 0.000002
656 0.000045
657 0.000315
658 0.000285
659 0.000015
660 0.000001
661 0.000000
662 0.000000
663 0.000000
664 0.000001
665 0.000010
666 0.000614
667 0.000746
668 0.000779
669 0.000000
670 0.000000
671 0.000000
672 0.000000
673 0.010004
674 0.010005
675 0.010007
676 0.010005
677 0.010003
678 0.000068
679 0.000016
680 0.000015
681 0.000048
682 0.000169
683 0.000308
684 0.000337
685 0.000499
686 0.000315
687 0.000300
688 0.000189
689 0.000337
690 0.000162
691 0.000030
692 0.000067
693 0.000587
694 0.000642
695 0.000779
696 0.000000
697 0.000000
698 0.000000
699 0.000000
700 0.000000
701 0.000000
702 0.010006
703 0.010005
704 0.010003
705 0.010000
706 0.005447
707 0.002196
708 0.000983
709 0.000813
710 0.000363
711 0.000320
712 0.000306
713 0.000874
714 0.000431
715 0.000391
716 0.000504
717 0.001155
718 0.002375
719 0.001060
720 0.000504
721 0.000614
722 0.000746
723 0.000000
724 0.000000
725 0.000000
726 0.000000
727 0.000000
728 0.000000
729 0.000000
730 0.000000
731 0.000000
732 0.010000
733 0.006447
734 0.003092
735 0.001476
736 0.001070
737 0.000889
738 0.000813
739 0.000224
740 0.000395
741 0.000506
742 0.000452
743 0.000431
744 0.000915
745 0.003768
746 0.004860
747 0.002105
748 0.000974
749 0.000746
750 0.000000
751 0.000000
752 0.000000
753 0.000000
754 0.000000
755 0.000000
756 0.000000
757 0.000000
758 0.000000
759 0.000000
760 0.000000
761 0.004272
762 0.002089
763 0.001165
764 0.001117
765 0.001070
766 0.001026
767 0.000368
768 0.000403
769 0.000426
770 0.000911
771 0.000556
772 0.001644
773 0.006798
774 0.008325
775 0.003547
776 0.001889
777 0.000000
778 0.000028
779 0.000017
780 0.000000
781 0.000001
782 0.000000
783 0.000000
