0 0.005732
1 0.006184
2 0.006740
3 0.009588
4 0.014451
5 0.018022
6 0.012855
7 0.006117
8 0.001381
9 0.000411
10 0.000505
11 0.001101
12 0.002146
13 0.014647
14 0.008260
15 0.001196
16 0.000289
17 0.000176
18 0.000417
19 0.001262
20 0.001892
21 0.001962
22 0.002625
23 0.004159
24 0.005910
25 0.009157
26 0.009388
27 0.008358
28 0.004703
29 0.005666
30 0.005921
31 0.006740
32 0.010049
33 0.016125
34 0.016728
35 0.009313
36 0.001247
37 0.000312
38 0.000283
39 0.001014
40 0.002890
41 0.012838
42 0.013001
43 0.003716
44 0.000187
45 0.000119
46 0.000210
47 0.000828
48 0.001610
49 0.002193
50 0.000049
51 0.000026
52 0.009157
53 0.009388
54 0.007391
55 0.005413
56 0.004282
57 0.004545
58 0.005124
59 0.005921
60 0.006740
61 0.010844
62 0.016932
63 0.007257
64 0.001616
65 0.000353
66 0.000480
67 0.000911
68 0.003596
69 0.004249
70 0.016398
71 0.004138
72 0.000295
73 0.000085
74 0.000121
75 0.000405
76 0.000098
77 0.000010
78 0.000038
79 0.000036
80 0.000041
81 0.007304
82 0.005256
83 0.003440
84 0.003835
85 0.003729
86 0.004012
87 0.004791
88 0.005689
89 0.007152
90 0.010844
91 0.004067
92 0.001210
93 0.000660
94 0.000790
95 0.001753
96 0.002319
97 0.004394
98 0.005733
99 0.004610
100 0.001086
101 0.000050
102 0.000004
103 0.000001
104 0.000007
105 0.000033
106 0.000070
107 0.000837
108 0.002291
109 0.004514
110 0.003266
111 0.002451
112 0.003409
113 0.003297
114 0.003119
115 0.003782
116 0.000000
117 0.000000
118 0.000000
119 0.000001
120 0.000003
121 0.000513
122 0.002826
123 0.003866
124 0.003027
125 0.002016
126 0.001599
127 0.001416
128 0.000112
129 0.000003
130 0.000000
131 0.000001
132 0.000009
133 0.000533
134 0.003546
135 0.002250
136 0.001674
137 0.002744
138 0.002038
139 0.002461
140 0.003417
141 0.002910
142 0.002709
143 0.002770
144 0.000000
145 0.000000
146 0.000000
147 0.000000
148 0.000000
149 0.000000
150 0.000003
151 0.000008
152 0.000045
153 0.000017
154 0.000061
155 0.000028
156 0.000013
157 0.000002
158 0.000001
159 0.000008
160 0.000502
161 0.811294
162 0.002010
163 0.001156
164 0.002532
165 0.001680
166 0.002104
167 0.002327
168 0.005094
169 0.003519
170 0.002702
171 0.002435
172 0.000013
173 0.000000
174 0.000000
175 0.000000
176 0.000000
177 0.000000
178 0.000000
179 0.000001
180 0.000000
181 0.000000
182 0.000000
183 0.000000
184 0.000001
185 0.000007
186 0.000046
187 0.000118
188 0.000987
189 0.001924
190 0.001173
191 0.000696
192 0.001519
193 0.001748
194 0.002044
195 0.002752
196 0.008565
197 0.006124
198 0.003937
199 0.002368
200 0.001208
201 0.000000
202 0.000000
203 0.000000
204 0.000000
205 0.000000
206 0.000000
207 0.000000
208 0.000000
209 0.000000
210 0.000000
211 0.000000
212 0.000001
213 0.000011
214 0.000023
215 0.000007
216 0.000006
217 0.000015
218 0.000143
219 0.000268
220 0.001780
221 0.002123
222 0.002565
223 0.003086
224 0.011829
225 0.010343
226 0.007032
227 0.004129
228 0.002407
229 0.000041
230 0.000000
231 0.000000
232 0.000000
233 0.000000
234 0.000000
235 0.000000
236 0.000000
237 0.000001
238 0.000010
239 0.000054
240 0.000159
241 0.001474
242 0.000173
243 0.000004
244 0.000000
245 0.000000
246 0.000005
247 0.000081
248 0.000193
249 0.000352
250 0.000700
251 0.001295
252 0.011468
253 0.012130
254 0.012035
255 0.006463
256 0.002137
257 0.000114
258 0.000000
259 0.000000
260 0.000000
261 0.000000
262 0.000000
263 0.000000
264 0.000000
265 0.000000
266 0.000006
267 0.000109
268 0.001180
269 0.999983
270 0.003664
271 0.000075
272 0.000001
273 0.000000
274 0.000002
275 0.000034
276 0.000037
277 0.000087
278 0.000171
279 0.000356
280 0.006040
281 0.006384
282 0.006384
283 0.004677
284 0.002675
285 0.000034
286 0.000001
287 0.000000
288 0.000000
289 0.000000
290 0.000000
291 0.000000
292 0.000001
293 0.000001
294 0.000008
295 0.000041
296 0.000201
297 0.000134
298 0.001562
299 0.000495
300 0.000019
301 0.000001
302 0.000010
303 0.000379
304 0.000282
305 0.000293
306 0.000273
307 0.000306
308 0.002361
309 0.002045
310 0.002290
311 0.002839
312 0.000789
313 0.000025
314 0.000008
315 0.000001
316 0.000000
317 0.000000
318 0.000000
319 0.000000
320 0.000002
321 0.000025
322 0.000086
323 0.000135
324 0.000012
325 0.000013
326 0.000011
327 0.000116
328 0.000017
329 0.000002
330 0.000042
331 0.001090
332 0.003011
333 0.002284
334 0.001816
335 0.001355
336 0.001640
337 0.001292
338 0.001288
339 0.001287
340 0.000115
341 0.000011
342 0.000055
343 0.000800
344 0.000007
345 0.000000
346 0.000000
347 0.000000
348 0.000000
349 0.000033
350 0.000421
351 0.000270
352 0.000061
353 0.000003
354 0.000002
355 0.000023
356 0.000008
357 0.000002
358 0.000006
359 0.000280
360 0.009113
361 0.009111
362 0.008051
363 0.002852
364 0.003936
365 0.002013
366 0.001036
367 0.000907
368 0.000018
369 0.000005
370 0.000285
371 0.989069
372 0.000141
373 0.000000
374 0.000000
375 0.000000
376 0.000000
377 0.000003
378 0.000037
379 0.000379
380 0.000389
381 0.000058
382 0.000016
383 0.000004
384 0.000006
385 0.000003
386 0.000001
387 0.000024
388 0.001649
389 0.004277
390 0.003168
391 0.002277
392 0.005223
393 0.004710
394 0.005444
395 0.000631
396 0.000006
397 0.000006
398 0.000342
399 0.003214
400 0.000449
401 0.000001
402 0.000000
403 0.000000
404 0.000000
405 0.000000
406 0.000001
407 0.000023
408 0.000916
409 0.003450
410 0.000487
411 0.000037
412 0.000004
413 0.000006
414 0.000001
415 0.000001
416 0.000031
417 0.000426
418 0.000547
419 0.000697
420 0.005494
421 0.009852
422 0.014125
423 0.000929
424 0.000028
425 0.000018
426 0.000393
427 0.000113
428 0.000031
429 0.000003
430 0.000001
431 0.000000
432 0.000000
433 0.000000
434 0.000000
435 0.000001
436 0.000140
437 0.008319
438 0.014774
439 0.000444
440 0.000041
441 0.000008
442 0.000000
443 0.000000
444 0.000001
445 0.000056
446 0.000107
447 0.000208
448 0.005310
449 0.006331
450 0.017742
451 0.000341
452 0.000029
453 0.000433
454 0.001061
455 0.000049
456 0.000003
457 0.000005
458 0.000003
459 0.000000
460 0.000000
461 0.000000
462 0.000000
463 0.000000
464 0.000006
465 0.000266
466 1.000000
467 0.002000
468 0.000045
469 0.000004
470 0.000000
471 0.000000
472 0.000000
473 0.000010
474 0.000035
475 0.000110
476 0.009377
477 0.009125
478 0.003051
479 0.000024
480 0.000048
481 0.002993
482 0.000528
483 0.000060
484 0.000036
485 0.000053
486 0.000002
487 0.000000
488 0.000000
489 0.000001
490 0.000002
491 0.000001
492 0.000001
493 0.000004
494 0.000023
495 0.000515
496 0.000060
497 0.000007
498 0.000001
499 0.000000
500 0.000000
501 0.000003
502 0.000092
503 0.000165
504 0.010696
505 0.008883
506 0.000664
507 0.000027
508 0.000093
509 0.000151
510 0.000045
511 0.000045
512 0.000100
513 0.000110
514 0.000269
515 0.000044
516 0.000010
517 0.000002
518 0.000002
519 0.000001
520 0.000000
521 0.000000
522 0.000000
523 0.000001
524 0.000063
525 0.000025
526 0.000005
527 0.000001
528 0.000000
529 0.000008
530 0.000309
531 0.000573
532 0.008889
533 0.009156
534 0.000279
535 0.000034
536 0.000268
537 0.000041
538 0.000004
539 0.000005
540 0.000013
541 0.000831
542 0.009333
543 0.042145
544 0.005237
545 0.000125
546 0.000002
547 0.000000
548 0.000000
549 0.000000
550 0.000000
551 0.000000
552 0.000002
553 0.000181
554 0.000044
555 0.000008
556 0.000007
557 0.000102
558 0.001169
559 0.000744
560 0.009495
561 0.010745
562 0.000378
563 0.000160
564 0.000093
565 0.000010
566 0.000005
567 0.000010
568 0.000067
569 0.000534
570 0.999997
571 0.051657
572 0.004062
573 0.000123
574 0.000003
575 0.000001
576 0.000000
577 0.000000
578 0.000000
579 0.000000
580 0.000001
581 0.000030
582 0.000284
583 0.000136
584 0.000238
585 0.005203
586 0.002719
587 0.001738
588 0.010836
589 0.013319
590 0.001729
591 0.000222
592 0.000059
593 0.000004
594 0.000011
595 0.000133
596 0.001212
597 0.002515
598 0.000286
599 0.000053
600 0.000007
601 0.000004
602 0.000005
603 0.000009
604 0.000008
605 0.000009
606 0.000002
607 0.000000
608 0.000001
609 0.000004
610 0.000101
611 0.000773
612 0.010000
613 0.009862
614 0.006267
615 0.003877
616 0.013478
617 0.012666
618 0.011387
619 0.001968
620 0.000072
621 0.000056
622 0.000290
623 0.001284
624 0.000418
625 0.000051
626 0.000010
627 0.000008
628 0.000021
629 0.000020
630 0.000010
631 0.000034
632 0.000344
633 0.000148
634 0.000054
635 0.000039
636 0.000005
637 0.000003
638 0.000093
639 0.004113
640 0.008344
641 0.010000
642 0.000000
643 0.000000
644 0.012577
645 0.011280
646 0.010000
647 0.010000
648 0.006424
649 0.001870
650 0.000991
651 0.000103
652 0.000025
653 0.000023
654 0.000086
655 0.000310
656 0.001882
657 0.005653
658 0.001363
659 0.000125
660 0.000034
661 0.000019
662 0.000083
663 0.000101
664 0.000023
665 0.000040
666 0.000896
667 0.002114
668 0.004243
669 0.000000
670 0.000000
671 0.000000
672 0.000000
673 0.010000
674 0.010000
675 0.010000
676 0.010000
677 0.010000
678 0.000732
679 0.000264
680 0.000554
681 0.002035
682 0.010805
683 0.008230
684 0.008652
685 0.010021
686 0.002679
687 0.000692
688 0.000180
689 0.000242
690 0.000135
691 0.000073
692 0.000128
693 0.000521
694 0.000581
695 0.001138
696 0.000000
697 0.000000
698 0.000000
699 0.000000
700 0.000000
701 0.000000
702 0.010000
703 0.010000
704 0.010000
705 0.010000
706 0.010000
707 0.010981
708 0.011678
709 0.010976
710 0.008888
711 0.008212
712 0.009100
713 0.011513
714 0.005360
715 0.001363
716 0.000316
717 0.000221
718 0.000402
719 0.000423
720 0.000444
721 0.000546
722 0.000670
723 0.000000
724 0.000000
725 0.000000
726 0.000000
727 0.000000
728 0.000000
729 0.000000
730 0.000000
731 0.000000
732 0.010000
733 0.010000
734 0.010000
735 0.011447
736 0.011032
737 0.009812
738 0.008226
739 0.008644
740 0.009531
741 0.010147
742 0.008515
743 0.002503
744 0.000654
745 0.000285
746 0.000423
747 0.000521
748 0.000546
749 0.000670
750 0.000000
751 0.000002
752 0.000000
753 0.000000
754 0.000000
755 0.000000
756 0.000000
757 0.000000
758 0.000000
759 0.000000
760 0.000000
761 0.010000
762 0.011138
763 0.011126
764 0.010570
765 0.008595
766 0.008366
767 0.009065
768 0.009828
769 0.010000
770 0.010219
771 0.003534
772 0.001059
773 0.000539
774 0.000432
775 0.000467
776 0.000573
777 0.000547
778 0.000283
779 0.000251
780 0.000192
781 0.000036
782 0.000000
783 0.000000
