0 0.006165
1 0.006572
2 0.008999
3 0.012842
4 0.023075
5 0.022976
6 0.014513
7 0.005195
8 0.001209
9 0.000442
10 0.000528
11 0.000858
12 0.000930
13 0.001714
14 0.004254
15 0.003896
16 0.000757
17 0.000558
18 0.001252
19 0.002659
20 0.003258
21 0.002626
22 0.002552
23 0.002633
24 0.002447
25 0.003026
26 0.004487
27 0.005933
28 0.005882
29 0.006165
30 0.006295
31 0.008999
32 0.013556
33 0.027030
34 0.022750
35 0.010123
36 0.001135
37 0.000246
38 0.000313
39 0.000499
40 0.000847
41 0.001246
42 0.006049
43 0.006861
44 0.001976
45 0.000555
46 0.000690
47 0.001497
48 0.002360
49 0.002139
50 0.000002
51 0.000000
52 0.002855
53 0.004321
54 0.005726
55 0.008451
56 0.006121
57 0.005882
58 0.005900
59 0.006295
60 0.008999
61 0.015929
62 0.030464
63 0.011844
64 0.002126
65 0.000332
66 0.000268
67 0.000318
68 0.000520
69 0.001451
70 0.004593
71 0.010599
72 0.004879
73 0.000541
74 0.000356
75 0.000673
76 0.000013
77 0.000000
78 0.000000
79 0.000000
80 0.000000
81 0.005603
82 0.008451
83 0.008334
84 0.005598
85 0.005858
86 0.005630
87 0.005668
88 0.006392
89 0.009613
90 0.016291
91 0.009129
92 0.002303
93 0.000898
94 0.000304
95 0.000245
96 0.000429
97 0.001730
98 0.003411
99 0.012554
100 0.007415
101 0.000673
102 0.000002
103 0.000000
104 0.000000
105 0.000000
106 0.000000
107 0.000000
108 0.000049
109 0.008334
110 0.008334
111 0.007362
112 0.004549
113 0.005106
114 0.005393
115 0.005630
116 0.000000
117 0.000000
118 0.000000
119 0.000000
120 0.000010
121 0.000721
122 0.000981
123 0.000305
124 0.000589
125 0.001396
126 0.003880
127 0.001146
128 0.000114
129 0.000001
130 0.000000
131 0.000000
132 0.000000
133 0.000000
134 0.000000
135 0.000038
136 0.003501
137 0.008218
138 0.006781
139 0.005662
140 0.004120
141 0.004047
142 0.004560
143 0.005134
144 0.000000
145 0.000000
146 0.000000
147 0.000000
148 0.000000
149 0.000000
150 0.000000
151 0.000002
152 0.000010
153 0.000014
154 0.000034
155 0.000004
156 0.000001
157 0.000000
158 0.000000
159 0.000000
160 0.000000
161 0.000000
162 0.000014
163 0.000074
164 0.008334
165 0.006247
166 0.005221
167 0.004277
168 0.005909
169 0.004169
170 0.003741
171 0.004194
172 0.000083
173 0.000000
174 0.000000
175 0.000000
176 0.000000
177 0.000000
178 0.000000
179 0.000000
180 0.000000
181 0.000000
182 0.000000
183 0.000000
184 0.000000
185 0.000000
186 0.000000
187 0.000000
188 0.000000
189 0.000004
190 0.000077
191 0.001969
192 0.005896
193 0.004817
194 0.003701
195 0.004051
196 0.008472
197 0.006817
198 0.004942
199 0.003430
200 0.001429
201 0.000001
202 0.000000
203 0.000000
204 0.000000
205 0.000000
206 0.000000
207 0.000000
208 0.000000
209 0.000000
210 0.000000
211 0.000000
212 0.000000
213 0.000000
214 0.000000
215 0.000000
216 0.000000
217 0.000002
218 0.000017
219 0.001417
220 0.004681
221 0.003598
222 0.004324
223 0.006449
224 0.010454
225 0.010115
226 0.007716
227 0.005159
228 0.003519
229 0.000081
230 0.000000
231 0.000000
232 0.000000
233 0.000000
234 0.000000
235 0.000000
236 0.000000
237 0.000000
238 0.000000
239 0.000000
240 0.000000
241 0.000000
242 0.000000
243 0.000000
244 0.000000
245 0.000000
246 0.000011
247 0.000228
248 0.000337
249 0.000784
250 0.001858
251 0.003904
252 0.010000
253 0.010000
254 0.011167
255 0.006072
256 0.001644
257 0.000026
258 0.000000
259 0.000000
260 0.000000
261 0.000000
262 0.000000
263 0.000000
264 0.000000
265 0.000001
266 0.000002
267 0.000000
268 0.000000
269 0.000000
270 0.000023
271 0.000010
272 0.000000
273 0.000000
274 0.000003
275 0.000044
276 0.000095
277 0.000274
278 0.000580
279 0.000951
280 0.011728
281 0.006307
282 0.003606
283 0.002087
284 0.001054
285 0.000010
286 0.000000
287 0.000000
288 0.000000
289 0.000000
290 0.000000
291 0.000000
292 0.000000
293 0.000000
294 0.000000
295 0.000000
296 0.000000
297 0.000013
298 1.000000
299 0.000121
300 0.000002
301 0.000001
302 0.000008
303 0.000265
304 0.000245
305 0.000298
306 0.000344
307 0.000309
308 0.003050
309 0.002258
310 0.001793
311 0.000927
312 0.000193
313 0.000008
314 0.000000
315 0.000000
316 0.000000
317 0.000000
318 0.000000
319 0.000001
320 0.000001
321 0.000000
322 0.000000
323 0.000001
324 0.000009
325 0.000177
326 0.000039
327 0.000177
328 0.000027
329 0.000052
330 0.000079
331 0.000786
332 0.001846
333 0.000885
334 0.000533
335 0.000348
336 0.001325
337 0.000886
338 0.000848
339 0.000793
340 0.000062
341 0.000003
342 0.000000
343 0.000000
344 0.000001
345 0.000000
346 0.000000
347 0.000000
348 0.000000
349 0.000000
350 0.000001
351 0.000051
352 0.000863
353 0.000082
354 0.000002
355 0.000006
356 0.000110
357 0.000132
358 0.000111
359 0.000824
360 0.006276
361 0.003028
362 0.001934
363 0.001387
364 0.001113
365 0.000835
366 0.000635
367 0.000456
368 0.000009
369 0.000001
370 0.000001
371 0.000019
372 0.000302
373 0.000040
374 0.000000
375 0.000000
376 0.000000
377 0.000000
378 0.000014
379 0.001701
380 0.007389
381 0.000271
382 0.000004
383 0.000001
384 0.000265
385 0.000173
386 0.000040
387 0.000101
388 0.003881
389 0.008805
390 0.008804
391 0.004282
392 0.001408
393 0.000829
394 0.000509
395 0.000098
396 0.000003
397 0.000001
398 0.000006
399 0.000286
400 0.999998
401 0.000124
402 0.000000
403 0.000000
404 0.000000
405 0.000000
406 0.000056
407 0.001241
408 0.010346
409 0.002596
410 0.000393
411 0.000026
412 0.000015
413 0.000093
414 0.000016
415 0.000007
416 0.000330
417 0.004353
418 0.005330
419 0.003385
420 0.001087
421 0.001025
422 0.000940
423 0.000077
424 0.000002
425 0.000001
426 0.000021
427 0.000463
428 0.000470
429 0.000028
430 0.000000
431 0.000000
432 0.000000
433 0.000001
434 0.000012
435 0.000195
436 0.001560
437 0.011638
438 0.022965
439 0.005177
440 0.000036
441 0.000035
442 0.000013
443 0.000002
444 0.000010
445 0.000564
446 0.000598
447 0.000791
448 0.003326
449 0.003160
450 0.002245
451 0.000058
452 0.000003
453 0.000006
454 0.000036
455 0.000141
456 0.000010
457 0.000001
458 0.000001
459 0.000001
460 0.000001
461 0.000002
462 0.000005
463 0.000036
464 0.000069
465 0.001948
466 0.078713
467 0.036605
468 0.001629
469 0.000022
470 0.000008
471 0.000001
472 0.000001
473 0.000031
474 0.000111
475 0.000320
476 0.006167
477 0.009533
478 0.006760
479 0.000113
480 0.000006
481 0.000021
482 0.000109
483 0.000009
484 0.000001
485 0.000001
486 0.000008
487 0.000010
488 0.000013
489 0.000013
490 0.000005
491 0.000004
492 0.000007
493 0.000059
494 1.000000
495 0.176526
496 0.003742
497 0.000223
498 0.000002
499 0.000001
500 0.000000
501 0.000006
502 0.000115
503 0.000316
504 0.005118
505 0.014786
506 0.003147
507 0.000042
508 0.000021
509 0.000117
510 0.000072
511 0.000003
512 0.000003
513 0.000043
514 0.000426
515 0.000391
516 0.000060
517 0.000007
518 0.000005
519 0.000001
520 0.000001
521 0.000007
522 0.000101
523 0.001540
524 0.006867
525 0.000392
526 0.000021
527 0.000001
528 0.000001
529 0.000010
530 0.000341
531 0.000617
532 0.008595
533 0.010000
534 0.000364
535 0.000007
536 0.000046
537 0.000113
538 0.000010
539 0.000014
540 0.000287
541 0.011331
542 1.000000
543 0.001446
544 0.000093
545 0.000007
546 0.000001
547 0.000000
548 0.000000
549 0.000000
550 0.000001
551 0.000005
552 0.000785
553 0.012134
554 0.000514
555 0.000020
556 0.000017
557 0.000057
558 0.000682
559 0.000673
560 0.010000
561 0.010000
562 0.000259
563 0.000014
564 0.000025
565 0.000007
566 0.000014
567 0.000329
568 0.012840
569 0.014492
570 0.006728
571 0.001876
572 0.000356
573 0.000003
574 0.000000
575 0.000000
576 0.000000
577 0.000000
578 0.000000
579 0.000001
580 0.000040
581 0.007342
582 0.007345
583 0.000292
584 0.000129
585 0.001829
586 0.001013
587 0.000906
588 0.010000
589 0.007251
590 0.000727
591 0.000034
592 0.000023
593 0.000022
594 0.000180
595 0.004876
596 0.002409
597 0.001416
598 0.000313
599 0.000084
600 0.000057
601 0.000005
602 0.000000
603 0.000000
604 0.000000
605 0.000000
606 0.000000
607 0.000001
608 0.000007
609 0.000122
610 0.006321
611 0.004749
612 0.006112
613 0.003396
614 0.002203
615 0.001430
616 0.007394
617 0.004830
618 0.002841
619 0.000445
620 0.000176
621 0.000639
622 0.002434
623 0.001096
624 0.000234
625 0.000035
626 0.000021
627 0.000036
628 0.000060
629 0.000032
630 0.000013
631 0.000017
632 0.000016
633 0.000004
634 0.000002
635 0.000002
636 0.000003
637 0.000022
638 0.000752
639 0.010000
640 0.009996
641 0.007023
642 0.000000
643 0.000009
644 0.005051
645 0.003372
646 0.002457
647 0.002188
648 0.002611
649 0.003101
650 0.000293
651 0.000045
652 0.000037
653 0.000069
654 0.000120
655 0.000442
656 0.001177
657 0.001797
658 0.000854
659 0.000352
660 0.000087
661 0.000060
662 0.000021
663 0.000008
664 0.000008
665 0.000142
666 0.002555
667 0.005974
668 0.010000
669 0.000001
670 0.000001
671 0.000028
672 0.000000
673 0.002603
674 0.002552
675 0.002757
676 0.004443
677 0.006598
678 0.000532
679 0.000346
680 0.000622
681 0.002099
682 0.010000
683 0.007879
684 0.003403
685 0.002358
686 0.002429
687 0.001522
688 0.000494
689 0.000378
690 0.000140
691 0.000100
692 0.000169
693 0.000672
694 0.001370
695 0.003150
696 0.000001
697 0.000001
698 0.000001
699 0.000003
700 0.000000
701 0.000000
702 0.002908
703 0.004166
704 0.006710
705 0.010000
706 0.010000
707 0.010000
708 0.010000
709 0.010000
710 0.010000
711 0.005572
712 0.002583
713 0.003122
714 0.006416
715 0.002927
716 0.000974
717 0.000393
718 0.000437
719 0.000458
720 0.000481
721 0.000597
722 0.000856
723 0.000000
724 0.000003
725 0.000005
726 0.000001
727 0.000001
728 0.000000
729 0.000000
730 0.000000
731 0.000000
732 0.010000
733 0.010000
734 0.010000
735 0.010000
736 0.010000
737 0.010000
738 0.008013
739 0.004112
740 0.002701
741 0.004589
742 0.010000
743 0.005960
744 0.001980
745 0.000711
746 0.000460
747 0.000562
748 0.000589
749 0.000719
750 0.000000
751 0.000000
752 0.000000
753 0.000005
754 0.000003
755 0.000001
756 0.000000
757 0.000000
758 0.000001
759 0.000003
760 0.000000
761 0.010000
762 0.010000
763 0.010000
764 0.010000
765 0.010000
766 0.005869
767 0.003184
768 0.003427
769 0.007297
770 0.010000
771 0.008955
772 0.003365
773 0.001387
774 0.000534
775 0.000505
776 0.000617
777 0.000028
778 0.000933
779 0.000861
780 0.000290
781 0.000009
782 0.000001
783 0.000001
