0 0.010066
1 0.010069
2 0.010079
3 0.010075
4 0.010085
5 0.010095
6 0.010101
7 0.010103
8 0.010334
9 0.010319
10 0.010207
11 0.010208
12 0.010207
13 0.010208
14 0.010209
15 0.010210
16 0.010213
17 0.010216
18 0.010201
19 0.010182
20 0.010127
21 0.010125
22 0.010117
23 0.010114
24 0.010119
25 0.010116
26 0.010107
27 0.010105
28 0.010076
29 0.010072
30 0.010082
31 0.010085
32 0.010088
33 0.010093
34 0.010103
35 0.010322
36 0.010342
37 0.010353
38 0.010211
39 0.010210
40 0.010211
41 0.010209
42 0.010210
43 0.010212
44 0.010216
45 0.010215
46 0.010210
47 0.010190
48 0.010134
49 0.010127
50 0.010166
51 0.010092
52 0.010120
53 0.010112
54 0.010116
55 0.010107
56 0.010072
57 0.010082
58 0.010085
59 0.010087
60 0.010093
61 0.010102
62 0.010105
63 0.010332
64 0.010347
65 0.010214
66 0.010211
67 0.010213
68 0.010215
69 0.010214
70 0.010214
71 0.010216
72 0.010216
73 0.010218
74 0.010217
75 0.010200
76 0.010170
77 0.010178
78 0.010246
79 0.010093
80 0.010091
81 0.010120
82 0.010111
83 0.010116
84 0.010075
85 0.010085
86 0.010094
87 0.010099
88 0.010102
89 0.010104
90 0.010109
91 0.010339
92 0.010354
93 0.010215
94 0.010216
95 0.010216
96 0.010216
97 0.010214
98 0.010215
99 0.010218
100 0.010218
101 0.010246
102 0.010251
103 0.010241
104 0.010217
105 0.010189
106 0.010254
107 0.010238
108 0.010155
109 0.010122
110 0.010120
111 0.010112
112 0.010085
113 0.010087
114 0.010099
115 0.010102
116 0.011499
117 0.011077
118 0.010757
119 0.010688
120 0.010635
121 0.010427
122 0.010217
123 0.010217
124 0.010216
125 0.010217
126 0.010218
127 0.010246
128 0.010247
129 0.010250
130 0.010255
131 0.010250
132 0.010230
133 0.010237
134 0.010236
135 0.010227
136 0.010139
137 0.010129
138 0.010122
139 0.010114
140 0.010088
141 0.010097
142 0.010102
143 0.010104
144 0.011555
145 0.011418
146 0.011010
147 0.010878
148 0.010641
149 0.010595
150 0.010556
151 0.010517
152 0.010484
153 0.010476
154 0.010248
155 0.010249
156 0.010253
157 0.010257
158 0.010242
159 0.010245
160 0.010291
161 0.010260
162 0.010232
163 0.010159
164 0.010129
165 0.010131
166 0.010124
167 0.010123
168 0.010098
169 0.010103
170 0.010105
171 0.010109
172 0.010511
173 0.011439
174 0.011735
175 0.011002
176 0.010708
177 0.010512
178 0.010521
179 0.010633
180 0.010605
181 0.010534
182 0.010506
183 0.010478
184 0.010444
185 0.010425
186 0.010412
187 0.010318
188 0.010306
189 0.010276
190 0.010165
191 0.010153
192 0.010136
193 0.010135
194 0.010134
195 0.010125
196 0.010103
197 0.010105
198 0.010113
199 0.010117
200 0.010376
201 0.011006
202 0.011547
203 0.011846
204 0.010868
205 0.010766
206 0.010568
207 0.010494
208 0.010464
209 0.010424
210 0.010409
211 0.010515
212 0.010494
213 0.010477
214 0.010465
215 0.010493
216 0.010477
217 0.010396
218 0.010279
219 0.010222
220 0.010136
221 0.010135
222 0.010135
223 0.011072
224 0.010106
225 0.010114
226 0.010118
227 0.010120
228 0.010129
229 0.010656
230 0.011350
231 0.011484
232 0.011394
233 0.010855
234 0.010753
235 0.010443
236 0.010425
237 0.010408
238 0.010390
239 0.010381
240 0.010370
241 0.010364
242 0.010432
243 0.010462
244 0.010485
245 0.010378
246 0.010293
247 0.010257
248 0.010246
249 0.010970
250 0.011642
251 0.012297
252 0.010108
253 0.010118
254 0.010120
255 0.010157
256 0.010167
257 0.010622
258 0.010757
259 0.011400
260 0.011517
261 0.011074
262 0.010444
263 0.010422
264 0.010400
265 0.010389
266 0.010379
267 0.010367
268 0.010363
269 0.010438
270 0.010432
271 0.010427
272 0.010352
273 0.010333
274 0.010289
275 0.010254
276 0.011185
277 0.011928
278 0.011920
279 0.011881
280 0.010119
281 0.010161
282 0.010160
283 0.010169
284 0.010171
285 0.010565
286 0.010695
287 0.010793
288 0.011400
289 0.010455
290 0.010423
291 0.010404
292 0.010390
293 0.010376
294 0.010369
295 0.010364
296 0.010352
297 0.010351
298 0.010429
299 0.010348
300 0.010351
301 0.010345
302 0.010567
303 0.011343
304 0.011900
305 0.011895
306 0.011890
307 0.010680
308 0.010157
309 0.010161
310 0.010170
311 0.010176
312 0.010386
313 0.010381
314 0.010523
315 0.010596
316 0.010474
317 0.010442
318 0.010414
319 0.010389
320 0.010373
321 0.010364
322 0.010357
323 0.010353
324 0.010351
325 0.010346
326 0.010347
327 0.010346
328 0.010348
329 0.011257
330 0.011577
331 0.011524
332 0.011492
333 0.011101
334 0.010456
335 0.010229
336 0.010167
337 0.010170
338 0.010148
339 0.010155
340 0.010400
341 0.010428
342 0.010484
343 0.010561
344 0.010459
345 0.010430
346 0.010410
347 0.010383
348 0.010374
349 0.010361
350 0.010352
351 0.010346
352 0.010344
353 0.010348
354 0.010344
355 0.010611
356 0.011447
357 0.011530
358 0.011593
359 0.011547
360 0.010447
361 0.010236
362 0.010231
363 0.010230
364 0.010146
365 0.010148
366 0.010151
367 0.010157
368 0.010416
369 0.010444
370 0.010445
371 0.010530
372 0.010452
373 0.010420
374 0.010403
375 0.010384
376 0.010368
377 0.010355
378 0.010352
379 0.010341
380 0.010343
381 0.010344
382 0.011204
383 0.011403
384 0.011446
385 0.011446
386 0.010779
387 0.010310
388 0.010255
389 0.010233
390 0.010232
391 0.010229
392 0.010152
393 0.010155
394 0.010158
395 0.010393
396 0.010436
397 0.010298
398 0.010290
399 0.010499
400 0.010548
401 0.010420
402 0.010401
403 0.010384
404 0.010367
405 0.010356
406 0.010345
407 0.010344
408 0.010344
409 0.011316
410 0.011326
411 0.011403
412 0.011410
413 0.010425
414 0.010366
415 0.010344
416 0.010277
417 0.010235
418 0.010231
419 0.010230
420 0.010151
421 0.010161
422 0.010164
423 0.010409
424 0.010449
425 0.010310
426 0.010301
427 0.010479
428 0.010527
429 0.010421
430 0.010401
431 0.010382
432 0.010373
433 0.010358
434 0.010348
435 0.010924
436 0.011210
437 0.011217
438 0.011318
439 0.010631
440 0.010365
441 0.010363
442 0.010375
443 0.010657
444 0.010309
445 0.010233
446 0.010231
447 0.010229
448 0.010154
449 0.010164
450 0.010167
451 0.010423
452 0.010464
453 0.010314
454 0.010315
455 0.010462
456 0.010510
457 0.010417
458 0.010399
459 0.010391
460 0.010377
461 0.010365
462 0.010855
463 0.010969
464 0.011121
465 0.011216
466 0.010359
467 0.010365
468 0.010368
469 0.010372
470 0.011068
471 0.010837
472 0.010391
473 0.010251
474 0.010287
475 0.010280
476 0.010109
477 0.010137
478 0.010385
479 0.010438
480 0.010318
481 0.010318
482 0.010320
483 0.010321
484 0.010503
485 0.010531
486 0.010403
487 0.010394
488 0.010515
489 0.010723
490 0.010833
491 0.010859
492 0.010539
493 0.010363
494 0.010367
495 0.010367
496 0.010377
497 0.011423
498 0.011335
499 0.010891
500 0.010697
501 0.010327
502 0.010273
503 0.010266
504 0.010002
505 0.010039
506 0.010242
507 0.010383
508 0.010309
509 0.010314
510 0.010324
511 0.010324
512 0.010495
513 0.010526
514 0.010417
515 0.010740
516 0.010731
517 0.010730
518 0.010727
519 0.010373
520 0.010372
521 0.010371
522 0.010372
523 0.010380
524 0.011004
525 0.011362
526 0.011540
527 0.011323
528 0.010869
529 0.010327
530 0.010254
531 0.010086
532 0.010002
533 0.010002
534 0.010232
535 0.010296
536 0.010286
537 0.010296
538 0.010304
539 0.010313
540 0.010469
541 0.010521
542 0.010874
543 0.010740
544 0.010738
545 0.010459
546 0.010386
547 0.010383
548 0.010386
549 0.010382
550 0.010442
551 0.011048
552 0.011034
553 0.011038
554 0.011459
555 0.011491
556 0.010965
557 0.010501
558 0.010084
559 0.010083
560 0.010002
561 0.010002
562 0.010235
563 0.010256
564 0.010268
565 0.010271
566 0.010279
567 0.010290
568 0.010301
569 0.010485
570 0.010586
571 0.010669
572 0.010412
573 0.010405
574 0.010400
575 0.010397
576 0.010511
577 0.010507
578 0.010512
579 0.010827
580 0.011010
581 0.010999
582 0.011066
583 0.011393
584 0.011385
585 0.010082
586 0.010082
587 0.010077
588 0.010002
589 0.010002
590 0.010158
591 0.010232
592 0.010253
593 0.010265
594 0.010269
595 0.010269
596 0.010270
597 0.010506
598 0.010579
599 0.010484
600 0.010390
601 0.010571
602 0.010577
603 0.010578
604 0.010572
605 0.010488
606 0.010480
607 0.010330
608 0.010736
609 0.010930
610 0.010926
611 0.011206
612 0.010082
613 0.010081
614 0.010077
615 0.010076
616 0.010002
617 0.010002
618 0.010002
619 0.010145
620 0.010222
621 0.010248
622 0.010259
623 0.010332
624 0.010363
625 0.010548
626 0.010689
627 0.010731
628 0.010572
629 0.010499
630 0.010509
631 0.010518
632 0.010325
633 0.010340
634 0.010333
635 0.010322
636 0.010307
637 0.010541
638 0.010701
639 0.010080
640 0.010080
641 0.010075
642 0.011765
643 0.011991
644 0.010002
645 0.010002
646 0.010002
647 0.010002
648 0.010077
649 0.010285
650 0.010343
651 0.010421
652 0.010543
653 0.010468
654 0.010644
655 0.010558
656 0.010445
657 0.010140
658 0.010136
659 0.010239
660 0.010260
661 0.010275
662 0.010291
663 0.010297
664 0.010282
665 0.010232
666 0.010081
667 0.010075
668 0.010074
669 0.011761
670 0.011812
671 0.011787
672 0.011541
673 0.010001
674 0.010001
675 0.010002
676 0.010002
677 0.010002
678 0.010375
679 0.010444
680 0.010398
681 0.010334
682 0.010088
683 0.010145
684 0.010141
685 0.010133
686 0.010129
687 0.010127
688 0.010123
689 0.010110
690 0.010217
691 0.010224
692 0.010212
693 0.010084
694 0.010080
695 0.010074
696 0.011760
697 0.011760
698 0.011778
699 0.011900
700 0.011541
701 0.011541
702 0.010001
703 0.010001
704 0.010001
705 0.010002
706 0.010002
707 0.010002
708 0.010002
709 0.010002
710 0.010060
711 0.010121
712 0.010160
713 0.010136
714 0.010123
715 0.010120
716 0.010117
717 0.010112
718 0.010093
719 0.010091
720 0.010089
721 0.010083
722 0.010077
723 0.011776
724 0.011599
725 0.011768
726 0.011757
727 0.011759
728 0.011541
729 0.011541
730 0.011541
731 0.011541
732 0.010002
733 0.010002
734 0.010002
735 0.010002
736 0.010002
737 0.010002
738 0.010002
739 0.010100
740 0.010144
741 0.010129
742 0.010123
743 0.010119
744 0.010111
745 0.010105
746 0.010093
747 0.010087
748 0.010085
749 0.010079
750 0.010944
751 0.010454
752 0.010787
753 0.011017
754 0.011812
755 0.011756
756 0.011541
757 0.011541
758 0.011785
759 0.011835
760 0.011541
761 0.010002
762 0.010002
763 0.010002
764 0.010002
765 0.010002
766 0.010002
767 0.010074
768 0.010128
769 0.010123
770 0.010121
771 0.010118
772 0.010109
773 0.010096
774 0.010093
775 0.010090
776 0.010084
777 0.010343
778 0.010221
779 0.010226
780 0.010293
781 0.010392
782 0.010936
783 0.011758
