0 0.003544
1 0.008208
2 0.010008
3 0.010003
4 0.003746
5 0.001103
6 0.000377
7 0.000345
8 0.000039
9 0.000005
10 0.000004
11 0.000003
12 0.000006
13 0.000015
14 0.000039
15 0.000024
16 0.000007
17 0.000002
18 0.000008
19 0.000105
20 0.000469
21 0.000499
22 0.000651
23 0.000690
24 0.000603
25 0.001151
26 0.002283
27 0.005575
28 0.002461
29 0.003283
30 0.006360
31 0.010009
32 0.007724
33 0.002636
34 0.000710
35 0.000176
36 0.000010
37 0.000002
38 0.000002
39 0.000003
40 0.000006
41 0.000026
42 0.000033
43 0.000010
44 0.000003
45 0.000002
46 0.000002
47 0.000033
48 0.000357
49 0.000469
50 0.000037
51 0.000001
52 0.001125
53 0.002357
54 0.006833
55 0.016638
56 0.002552
57 0.002249
58 0.002407
59 0.006162
60 0.010011
61 0.005710
62 0.001868
63 0.000111
64 0.000005
65 0.000002
66 0.000002
67 0.000003
68 0.000008
69 0.000026
70 0.000015
71 0.000004
72 0.000002
73 0.000001
74 0.000001
75 0.000007
76 0.000065
77 0.000001
78 0.000001
79 0.000001
80 0.000001
81 0.007137
82 0.016640
83 0.019862
84 0.005363
85 0.002284
86 0.001983
87 0.002105
88 0.005879
89 0.010011
90 0.005447
91 0.000084
92 0.000003
93 0.000001
94 0.000001
95 0.000004
96 0.000012
97 0.000026
98 0.000007
99 0.000002
100 0.000001
101 0.000001
102 0.000001
103 0.000002
104 0.000001
105 0.000001
106 0.000001
107 0.000000
108 0.000000
109 0.017065
110 0.019866
111 0.013233
112 0.009913
113 0.005590
114 0.001973
115 0.001736
116 0.000001
117 0.000001
118 0.000000
119 0.000000
120 0.000001
121 0.000001
122 0.000002
123 0.000006
124 0.000028
125 0.000011
126 0.000002
127 0.000001
128 0.000001
129 0.000002
130 0.000001
131 0.000001
132 0.000001
133 0.000001
134 0.000000
135 0.000001
136 0.000116
137 0.018302
138 0.012155
139 0.005773
140 0.013093
141 0.010312
142 0.006182
143 0.002316
144 0.000001
145 0.000001
146 0.000001
147 0.000000
148 0.000000
149 0.000000
150 0.000001
151 0.000001
152 0.000001
153 0.000001
154 0.000001
155 0.000002
156 0.000001
157 0.000001
158 0.000001
159 0.000001
160 0.000001
161 0.000001
162 0.000001
163 0.000001
164 0.019821
165 0.011157
166 0.004536
167 0.001958
168 0.009434
169 0.012831
170 0.011256
171 0.008842
172 0.000001
173 0.000001
174 0.000004
175 0.000002
176 0.000001
177 0.000000
178 0.000000
179 0.000001
180 0.000001
181 0.000001
182 0.000001
183 0.000001
184 0.000001
185 0.000001
186 0.000000
187 0.000001
188 0.000001
189 0.000001
190 0.000001
191 0.000001
192 0.009112
193 0.003463
194 0.001176
195 0.001447
196 0.002649
197 0.006271
198 0.012320
199 0.011619
200 0.000220
201 0.000001
202 0.000001
203 0.000006
204 0.000004
205 0.000005
206 0.000002
207 0.000001
208 0.000001
209 0.000001
210 0.000001
211 0.000001
212 0.000000
213 0.000000
214 0.000001
215 0.000001
216 0.000001
217 0.000000
218 0.000001
219 0.000089
220 0.002510
221 0.001009
222 0.001781
223 0.006680
224 0.000621
225 0.001374
226 0.003050
227 0.012286
228 0.011904
229 0.000001
230 0.000001
231 0.000001
232 0.000005
233 0.000050
234 0.999975
235 0.000007
236 0.000001
237 0.000001
238 0.000000
239 0.000000
240 0.000000
241 0.000001
242 0.000001
243 0.000001
244 0.000001
245 0.000000
246 0.000001
247 0.000150
248 0.000114
249 0.000651
250 0.001938
251 0.002889
252 0.000290
253 0.000308
254 0.000618
255 0.002045
256 0.006623
257 0.000001
258 0.000001
259 0.000001
260 0.000003
261 0.000039
262 0.000052
263 0.000007
264 0.000001
265 0.000001
266 0.000000
267 0.000000
268 0.000001
269 0.000001
270 0.000001
271 0.000001
272 0.000000
273 0.000000
274 0.000001
275 0.000027
276 0.000128
277 0.000213
278 0.000334
279 0.000429
280 0.000189
281 0.000134
282 0.000150
283 0.000265
284 0.000965
285 0.000003
286 0.000001
287 0.000001
288 0.000003
289 0.000007
290 0.000003
291 0.000002
292 0.000002
293 0.000001
294 0.000001
295 0.000001
296 0.000001
297 0.000001
298 0.000001
299 0.000001
300 0.000000
301 0.000000
302 0.000001
303 0.000079
304 0.000106
305 0.000143
306 0.000077
307 0.000017
308 0.000175
309 0.000145
310 0.000093
311 0.000066
312 0.000012
313 0.000002
314 0.000001
315 0.000001
316 0.000002
317 0.000003
318 0.000002
319 0.000001
320 0.000001
321 0.000001
322 0.000001
323 0.000002
324 0.000002
325 0.000001
326 0.000001
327 0.000000
328 0.000000
329 0.000001
330 0.000001
331 0.000003
332 0.000084
333 0.000020
334 0.000011
335 0.000019
336 0.000116
337 0.000096
338 0.000086
339 0.000054
340 0.000001
341 0.000001
342 0.000001
343 0.000001
344 0.000001
345 0.000002
346 0.000002
347 0.000001
348 0.000001
349 0.000001
350 0.000004
351 0.000010
352 0.000003
353 0.000001
354 0.000001
355 0.000001
356 0.000001
357 0.000001
358 0.000001
359 0.000001
360 0.000006
361 0.000008
362 0.000013
363 0.000014
364 0.000096
365 0.000088
366 0.000070
367 0.000017
368 0.000001
369 0.000001
370 0.000001
371 0.000001
372 0.000001
373 0.000001
374 0.000001
375 0.000002
376 0.000002
377 0.000004
378 0.000038
379 0.000013
380 0.000002
381 0.000001
382 0.000001
383 0.000001
384 0.000001
385 0.000001
386 0.000001
387 0.000001
388 0.000002
389 0.000008
390 0.000010
391 0.000015
392 0.000069
393 0.000032
394 0.000009
395 0.000001
396 0.000001
397 0.000001
398 0.000001
399 0.000001
400 0.000001
401 0.000001
402 0.000001
403 0.000003
404 0.000040
405 0.000200
406 0.000187
407 0.000003
408 0.000001
409 0.000001
410 0.000001
411 0.000001
412 0.000001
413 0.000001
414 0.000001
415 0.000001
416 0.000001
417 0.000016
418 0.000014
419 0.000011
420 0.000019
421 0.000005
422 0.000002
423 0.000001
424 0.000001
425 0.000001
426 0.000001
427 0.000001
428 0.000001
429 0.000001
430 0.000001
431 0.000004
432 0.000265
433 0.999963
434 0.000008
435 0.000001
436 0.000001
437 0.000001
438 0.000001
439 0.000001
440 0.000001
441 0.000001
442 0.000001
443 0.000001
444 0.000001
445 0.000034
446 0.000030
447 0.000024
448 0.000006
449 0.000002
450 0.000001
451 0.000001
452 0.000001
453 0.000001
454 0.000001
455 0.000001
456 0.000001
457 0.000001
458 0.000001
459 0.000003
460 0.000008
461 0.000006
462 0.000003
463 0.000002
464 0.000001
465 0.000001
466 0.000001
467 0.000001
468 0.000001
469 0.000001
470 0.000001
471 0.000001
472 0.000001
473 0.000006
474 0.000059
475 0.000075
476 0.000024
477 0.000008
478 0.000001
479 0.000001
480 0.000001
481 0.000001
482 0.000001
483 0.000001
484 0.000001
485 0.000001
486 0.000001
487 0.000001
488 0.000001
489 0.000001
490 0.000001
491 0.000001
492 0.000001
493 0.000001
494 0.000001
495 0.000001
496 0.000001
497 0.000001
498 0.000001
499 0.000001
500 0.000001
501 0.000001
502 0.000425
503 0.001067
504 0.000451
505 0.000140
506 0.000001
507 0.000001
508 0.000001
509 0.000001
510 0.000001
511 0.000001
512 0.000001
513 0.000001
514 0.000001
515 0.000001
516 0.000001
517 0.000001
518 0.000001
519 0.000001
520 0.000001
521 0.000001
522 0.000001
523 0.000001
524 0.000001
525 0.000001
526 0.000001
527 0.000001
528 0.000001
529 0.000001
530 0.003249
531 0.010001
532 0.000419
533 0.000374
534 0.000002
535 0.000001
536 0.000001
537 0.000001
538 0.000001
539 0.000001
540 0.000002
541 0.000001
542 0.000001
543 0.000001
544 0.000001
545 0.000001
546 0.000001
547 0.000001
548 0.000001
549 0.000001
550 0.000001
551 0.000001
552 0.000001
553 0.000001
554 0.000001
555 0.000001
556 0.000001
557 0.000007
558 0.010012
559 0.010007
560 0.000531
561 0.000503
562 0.000002
563 0.000001
564 0.000001
565 0.000001
566 0.000001
567 0.000002
568 0.000001
569 0.000001
570 0.000001
571 0.000001
572 0.000001
573 0.000001
574 0.000001
575 0.000001
576 0.000001
577 0.000001
578 0.000001
579 0.000001
580 0.000001
581 0.000001
582 0.000001
583 0.000001
584 0.000003
585 0.010015
586 0.010016
587 0.010013
588 0.000670
589 0.000531
590 0.000014
591 0.000001
592 0.000001
593 0.000001
594 0.000002
595 0.000002
596 0.000001
597 0.000001
598 0.000001
599 0.000001
600 0.000001
601 0.000001
602 0.000001
603 0.000001
604 0.000001
605 0.000001
606 0.000001
607 0.000001
608 0.000001
609 0.000001
610 0.000001
611 0.000003
612 0.005835
613 0.009818
614 0.010014
615 0.010015
616 0.000744
617 0.000671
618 0.000532
619 0.000025
620 0.000001
621 0.000002
622 0.000001
623 0.000001
624 0.000001
625 0.000001
626 0.000001
627 0.000001
628 0.000001
629 0.000001
630 0.000001
631 0.000001
632 0.000001
633 0.000001
634 0.000001
635 0.000001
636 0.000001
637 0.000001
638 0.000003
639 0.002478
640 0.003354
641 0.005987
642 0.000001
643 0.000001
644 0.000784
645 0.000745
646 0.000708
647 0.000935
648 0.000536
649 0.000004
650 0.000002
651 0.000001
652 0.000001
653 0.000001
654 0.000001
655 0.000001
656 0.000001
657 0.000004
658 0.000004
659 0.000001
660 0.000001
661 0.000001
662 0.000001
663 0.000001
664 0.000001
665 0.000014
666 0.004094
667 0.002572
668 0.002615
669 0.000001
670 0.000001
671 0.000001
672 0.000001
673 0.000786
674 0.001031
675 0.002031
676 0.005174
677 0.010030
678 0.000048
679 0.000020
680 0.000014
681 0.000030
682 0.000080
683 0.000017
684 0.000005
685 0.000006
686 0.000005
687 0.000005
688 0.000012
689 0.000337
690 0.000674
691 0.000301
692 0.000465
693 0.010007
694 0.007422
695 0.004220
696 0.000001
697 0.000001
698 0.000001
699 0.000001
700 0.000001
701 0.000001
702 0.002180
703 0.004421
704 0.010027
705 0.010023
706 0.010013
707 0.003482
708 0.001192
709 0.000353
710 0.000160
711 0.000036
712 0.000010
713 0.000007
714 0.000008
715 0.000008
716 0.000011
717 0.000455
718 0.010100
719 0.021840
720 0.021143
721 0.010015
722 0.010005
723 0.000001
724 0.000001
725 0.000001
726 0.000001
727 0.000001
728 0.000001
729 0.000001
730 0.000001
731 0.000001
732 0.010024
733 0.010013
734 0.005405
735 0.001965
736 0.000604
737 0.000396
738 0.000353
739 0.000082
740 0.000023
741 0.000010
742 0.000009
743 0.000009
744 0.000027
745 0.000266
746 0.005826
747 0.014292
748 0.030044
749 0.010021
750 0.000001
751 0.000001
752 0.000001
753 0.000001
754 0.000001
755 0.000001
756 0.000001
757 0.000001
758 0.000001
759 0.000001
760 0.000001
761 0.008199
762 0.003055
763 0.000962
764 0.000531
765 0.000503
766 0.000476
767 0.000192
768 0.000039
769 0.000016
770 0.000012
771 0.000013
772 0.000059
773 0.000480
774 0.002552
775 0.008250
776 0.017234
777 0.000001
778 0.000049
779 0.000022
780 0.000001
781 0.000001
782 0.000001
783 0.000001
