0 0.003370
1 0.003910
2 0.004890
3 0.007305
4 0.008813
5 0.010004
6 0.011737
7 0.010338
8 0.001545
9 0.000110
10 0.000056
11 0.000044
12 0.000046
13 0.000045
14 0.000045
15 0.000095
16 0.000220
17 0.000394
18 0.001126
19 0.001896
20 0.001628
21 0.001121
22 0.001366
23 0.001429
24 0.001286
25 0.001350
26 0.001638
27 0.001714
28 0.002815
29 0.003120
30 0.003328
31 0.004758
32 0.007305
33 0.009387
34 0.010004
35 0.009134
36 0.001010
37 0.000130
38 0.000053
39 0.000041
40 0.000032
41 0.000039
42 0.000061
43 0.000142
44 0.000314
45 0.000358
46 0.000264
47 0.000503
48 0.000875
49 0.001059
50 0.000013
51 0.000000
52 0.001225
53 0.001495
54 0.001350
55 0.001638
56 0.002891
57 0.002582
58 0.002575
59 0.003151
60 0.004568
61 0.007305
62 0.009388
63 0.003101
64 0.000666
65 0.000157
66 0.000125
67 0.000051
68 0.000032
69 0.000028
70 0.000078
71 0.000211
72 0.000370
73 0.000166
74 0.000071
75 0.000135
76 0.000016
77 0.000002
78 0.000000
79 0.000000
80 0.000000
81 0.001225
82 0.001495
83 0.001350
84 0.002775
85 0.002376
86 0.002108
87 0.002147
88 0.002740
89 0.004445
90 0.007305
91 0.001327
92 0.000245
93 0.000183
94 0.000143
95 0.000107
96 0.000055
97 0.000069
98 0.000127
99 0.000387
100 0.000240
101 0.000033
102 0.000001
103 0.000001
104 0.000001
105 0.000000
106 0.000000
107 0.000000
108 0.000000
109 0.001167
110 0.001225
111 0.001495
112 0.002376
113 0.002274
114 0.001841
115 0.001837
116 0.000000
117 0.000001
118 0.000001
119 0.000000
120 0.000001
121 0.000067
122 0.000170
123 0.000155
124 0.000170
125 0.000283
126 0.000380
127 0.000025
128 0.000002
129 0.000001
130 0.000001
131 0.000000
132 0.000000
133 0.000000
134 0.000000
135 0.000000
136 0.000464
137 0.000947
138 0.001167
139 0.001467
140 0.002274
141 0.001930
142 0.001757
143 0.001677
144 0.000000
145 0.000000
146 0.000001
147 0.000001
148 0.000000
149 0.000000
150 0.000000
151 0.000001
152 0.000014
153 0.000011
154 0.000042
155 0.000002
156 0.000001
157 0.000001
158 0.000000
159 0.000000
160 0.000000
161 0.000000
162 0.000000
163 0.000000
164 0.000961
165 0.000900
166 0.001189
167 0.001355
168 0.001930
169 0.001757
170 0.001677
171 0.001528
172 0.000001
173 0.000000
174 0.000001
175 0.000022
176 0.000051
177 0.000000
178 0.000000
179 0.000000
180 0.000000
181 0.000000
182 0.000000
183 0.000001
184 0.000000
185 0.000000
186 0.000000
187 0.000000
188 0.000000
189 0.000000
190 0.000000
191 0.000053
192 0.000771
193 0.000927
194 0.001136
195 0.001620
196 0.001757
197 0.001677
198 0.001403
199 0.001271
200 0.000206
201 0.000000
202 0.000000
203 0.000000
204 0.000006
205 0.000201
206 0.000013
207 0.000002
208 0.000001
209 0.000002
210 0.000001
211 0.000000
212 0.000000
213 0.000000
214 0.000000
215 0.000000
216 0.000000
217 0.000000
218 0.000000
219 0.000168
220 0.000947
221 0.001193
222 0.001408
223 0.001838
224 0.001677
225 0.001403
226 0.001271
227 0.001211
228 0.000949
229 0.000000
230 0.000000
231 0.000000
232 0.000000
233 0.000001
234 0.000490
235 0.006899
236 0.999987
237 0.000108
238 0.000002
239 0.000000
240 0.000000
241 0.000000
242 0.000000
243 0.000000
244 0.000000
245 0.000000
246 0.000000
247 0.000074
248 0.000162
249 0.000268
250 0.000499
251 0.000694
252 0.001601
253 0.001271
254 0.001211
255 0.000743
256 0.000189
257 0.000001
258 0.000000
259 0.000000
260 0.000000
261 0.000000
262 0.000038
263 0.116835
264 0.016780
265 0.000067
266 0.000001
267 0.000000
268 0.000000
269 0.000000
270 0.000000
271 0.000000
272 0.000000
273 0.000000
274 0.000001
275 0.000022
276 0.000044
277 0.000077
278 0.000126
279 0.000252
280 0.001271
281 0.000500
282 0.000282
283 0.000144
284 0.000130
285 0.000001
286 0.000000
287 0.000000
288 0.000000
289 0.000000
290 0.000000
291 0.000023
292 0.000039
293 0.000006
294 0.000001
295 0.000001
296 0.000001
297 0.000000
298 0.000000
299 0.000000
300 0.000000
301 0.000000
302 0.000001
303 0.000042
304 0.000050
305 0.000084
306 0.000126
307 0.000206
308 0.000299
309 0.000228
310 0.000164
311 0.000127
312 0.000032
313 0.000001
314 0.000000
315 0.000000
316 0.000000
317 0.000000
318 0.000000
319 0.000000
320 0.000000
321 0.000000
322 0.000001
323 0.000001
324 0.000004
325 0.000001
326 0.000000
327 0.000000
328 0.000000
329 0.000000
330 0.000001
331 0.000031
332 0.000198
333 0.000186
334 0.000223
335 0.000411
336 0.000218
337 0.000218
338 0.000330
339 0.000532
340 0.000015
341 0.000001
342 0.000000
343 0.000000
344 0.000000
345 0.000000
346 0.000000
347 0.000000
348 0.000000
349 0.000000
350 0.000000
351 0.000003
352 0.000003
353 0.000004
354 0.000000
355 0.000000
356 0.000001
357 0.000001
358 0.000002
359 0.000025
360 0.001222
361 0.001046
362 0.000910
363 0.000627
364 0.000455
365 0.000793
366 0.000737
367 0.000566
368 0.000002
369 0.000000
370 0.000000
371 0.000000
372 0.000000
373 0.000000
374 0.000000
375 0.000000
376 0.000000
377 0.000000
378 0.000000
379 0.000000
380 0.000004
381 0.000002
382 0.000003
383 0.000009
384 0.000003
385 0.000001
386 0.000001
387 0.000018
388 0.002327
389 0.004530
390 0.001648
391 0.000683
392 0.001541
393 0.000944
394 0.000566
395 0.000059
396 0.000000
397 0.000000
398 0.000000
399 0.000000
400 0.000000
401 0.000000
402 0.000000
403 0.000000
404 0.000000
405 0.000000
406 0.000000
407 0.000000
408 0.000000
409 0.000004
410 0.000039
411 0.000428
412 0.000875
413 0.000008
414 0.000001
415 0.000003
416 0.000133
417 0.002133
418 0.001304
419 0.000679
420 0.004125
421 0.002047
422 0.001216
423 0.000006
424 0.000000
425 0.000000
426 0.000000
427 0.000000
428 0.000000
429 0.000000
430 0.000000
431 0.000000
432 0.000000
433 0.000000
434 0.000000
435 0.000000
436 0.000000
437 0.000001
438 0.000062
439 0.019320
440 0.011061
441 0.000391
442 0.000002
443 0.000000
444 0.000004
445 0.000562
446 0.000352
447 0.000391
448 0.006569
449 0.004688
450 0.001286
451 0.000001
452 0.000000
453 0.000000
454 0.000000
455 0.000000
456 0.000000
457 0.000000
458 0.000000
459 0.000000
460 0.000000
461 0.000000
462 0.000000
463 0.000000
464 0.000000
465 0.000000
466 0.000008
467 0.999981
468 0.012540
469 0.000239
470 0.000003
471 0.000000
472 0.000001
473 0.000069
474 0.000278
475 0.000470
476 0.004602
477 0.002257
478 0.000270
479 0.000000
480 0.000000
481 0.000000
482 0.000000
483 0.000000
484 0.000000
485 0.000000
486 0.000000
487 0.000000
488 0.000000
489 0.000000
490 0.000000
491 0.000000
492 0.000000
493 0.000000
494 0.000001
495 0.000017
496 0.000157
497 0.000141
498 0.000006
499 0.000000
500 0.000000
501 0.000043
502 0.000932
503 0.001882
504 0.002841
505 0.001255
506 0.000027
507 0.000000
508 0.000000
509 0.000000
510 0.000000
511 0.000000
512 0.000000
513 0.000000
514 0.000000
515 0.000000
516 0.000000
517 0.000000
518 0.000000
519 0.000000
520 0.000000
521 0.000000
522 0.000000
523 0.000000
524 0.000001
525 0.000036
526 0.000047
527 0.000006
528 0.000001
529 0.000071
530 0.011428
531 0.019476
532 0.001328
533 0.001019
534 0.000008
535 0.000000
536 0.000000
537 0.000000
538 0.000000
539 0.000000
540 0.000000
541 0.000001
542 0.000003
543 0.000004
544 0.000001
545 0.000000
546 0.000000
547 0.000000
548 0.000000
549 0.000000
550 0.000000
551 0.000000
552 0.000000
553 0.000003
554 0.000186
555 0.000030
556 0.000015
557 0.000502
558 0.026682
559 0.026860
560 0.001305
561 0.001243
562 0.000009
563 0.000000
564 0.000000
565 0.000000
566 0.000000
567 0.000000
568 0.000002
569 0.000079
570 0.999991
571 0.000063
572 0.000001
573 0.000000
574 0.000000
575 0.000000
576 0.000000
577 0.000000
578 0.000000
579 0.000000
580 0.000000
581 0.000001
582 0.000063
583 0.000096
584 0.000130
585 0.013786
586 0.026854
587 0.027022
588 0.001524
589 0.001287
590 0.000081
591 0.000001
592 0.000000
593 0.000000
594 0.000000
595 0.000005
596 0.000222
597 0.003736
598 0.000103
599 0.000003
600 0.000000
601 0.000000
602 0.000000
603 0.000000
604 0.000000
605 0.000000
606 0.000000
607 0.000000
608 0.000000
609 0.000000
610 0.000008
611 0.000264
612 0.006954
613 0.010005
614 0.010006
615 0.027020
616 0.001638
617 0.001520
618 0.001287
619 0.000132
620 0.000002
621 0.000001
622 0.000017
623 0.000523
624 0.000296
625 0.000016
626 0.000001
627 0.000000
628 0.000000
629 0.000000
630 0.000000
631 0.000000
632 0.000001
633 0.000000
634 0.000000
635 0.000000
636 0.000000
637 0.000001
638 0.000026
639 0.002204
640 0.003940
641 0.007064
642 0.000000
643 0.000001
644 0.001700
645 0.001638
646 0.001578
647 0.001339
648 0.000681
649 0.000186
650 0.000175
651 0.000035
652 0.000009
653 0.000002
654 0.000002
655 0.000007
656 0.000036
657 0.000069
658 0.000029
659 0.000024
660 0.000043
661 0.000024
662 0.000004
663 0.000001
664 0.000001
665 0.000030
666 0.000903
667 0.001328
668 0.002325
669 0.000000
670 0.000000
671 0.000001
672 0.000000
673 0.001700
674 0.001638
675 0.001413
676 0.002133
677 0.003511
678 0.000193
679 0.000077
680 0.000094
681 0.000206
682 0.000853
683 0.000704
684 0.000507
685 0.000168
686 0.000093
687 0.000156
688 0.000451
689 0.000622
690 0.000193
691 0.000085
692 0.000152
693 0.000869
694 0.000939
695 0.001108
696 0.000000
697 0.000000
698 0.000000
699 0.000000
700 0.000000
701 0.000000
702 0.001700
703 0.001980
704 0.003613
705 0.007084
706 0.010005
707 0.007509
708 0.003539
709 0.001464
710 0.000801
711 0.000735
712 0.000704
713 0.000348
714 0.000356
715 0.000449
716 0.000543
717 0.000564
718 0.000702
719 0.000731
720 0.000762
721 0.000903
722 0.001068
723 0.000000
724 0.000000
725 0.000000
726 0.000000
727 0.000000
728 0.000000
729 0.000000
730 0.000000
731 0.000000
732 0.006218
733 0.010005
734 0.010004
735 0.004947
736 0.002123
737 0.001042
738 0.000959
739 0.000920
740 0.000886
741 0.000915
742 0.000922
743 0.001086
744 0.000648
745 0.000674
746 0.000731
747 0.000869
748 0.000903
749 0.001068
750 0.000000
751 0.000000
752 0.000000
753 0.000000
754 0.000000
755 0.000000
756 0.000000
757 0.000000
758 0.000001
759 0.000001
760 0.000000
761 0.010004
762 0.006666
763 0.002931
764 0.001475
765 0.001238
766 0.001190
767 0.001144
768 0.000931
769 0.002142
770 0.002800
771 0.001617
772 0.000687
773 0.000804
774 0.000731
775 0.000793
776 0.000939
777 0.000000
778 0.000322
779 0.000269
780 0.000011
781 0.000000
782 0.000000
783 0.000000
