0 0.004275
1 0.004145
2 0.003708
3 0.003898
4 0.003469
5 0.003071
6 0.002859
7 0.002759
8 0.000685
9 0.000151
10 0.000134
11 0.000230
12 0.000423
13 0.000573
14 0.000432
15 0.000218
16 0.000086
17 0.000073
18 0.000224
19 0.000660
20 0.001257
21 0.001312
22 0.001574
23 0.001639
24 0.002131
25 0.003576
26 0.006124
27 0.007973
28 0.004026
29 0.004020
30 0.003586
31 0.003469
32 0.003355
33 0.003140
34 0.002759
35 0.001911
36 0.000294
37 0.000081
38 0.000075
39 0.000126
40 0.000277
41 0.000547
42 0.000547
43 0.000247
44 0.000100
45 0.000073
46 0.000112
47 0.000443
48 0.001041
49 0.001257
50 0.000001
51 0.000000
52 0.003424
53 0.006031
54 0.007843
55 0.008080
56 0.004932
57 0.003787
58 0.003469
59 0.003355
60 0.003140
61 0.002759
62 0.002663
63 0.000867
64 0.000154
65 0.000054
66 0.000071
67 0.000082
68 0.000169
69 0.000329
70 0.000462
71 0.000322
72 0.000134
73 0.000053
74 0.000064
75 0.000210
76 0.000005
77 0.000000
78 0.000000
79 0.000000
80 0.000000
81 0.007843
82 0.008080
83 0.028408
84 0.006007
85 0.004599
86 0.003457
87 0.002859
88 0.002759
89 0.002663
90 0.002480
91 0.000369
92 0.000068
93 0.000044
94 0.000044
95 0.000057
96 0.000092
97 0.000235
98 0.000381
99 0.000457
100 0.000204
101 0.000034
102 0.000000
103 0.000000
104 0.000000
105 0.000000
106 0.000000
107 0.000000
108 0.000013
109 0.011840
110 0.028001
111 0.021161
112 0.006894
113 0.005733
114 0.004206
115 0.003156
116 0.000000
117 0.000000
118 0.000000
119 0.000000
120 0.000000
121 0.000009
122 0.000038
123 0.000039
124 0.000057
125 0.000107
126 0.000250
127 0.000054
128 0.000003
129 0.000000
130 0.000000
131 0.000000
132 0.000000
133 0.000000
134 0.000000
135 0.000013
136 0.002774
137 0.025005
138 0.017295
139 0.012112
140 0.007252
141 0.006691
142 0.005427
143 0.004340
144 0.000000
145 0.000000
146 0.000000
147 0.000000
148 0.000000
149 0.000000
150 0.000000
151 0.000000
152 0.000000
153 0.000000
154 0.000001
155 0.000000
156 0.000000
157 0.000000
158 0.000000
159 0.000000
160 0.000000
161 0.000000
162 0.000013
163 0.000026
164 0.024059
165 0.013936
166 0.009836
167 0.004737
168 0.008182
169 0.007119
170 0.006757
171 0.005722
172 0.000000
173 0.000000
174 0.000000
175 0.000000
176 0.000000
177 0.000000
178 0.000000
179 0.000000
180 0.000000
181 0.000000
182 0.000000
183 0.000000
184 0.000000
185 0.000000
186 0.000000
187 0.000000
188 0.000001
189 0.000012
190 0.000027
191 0.001230
192 0.010872
193 0.007988
194 0.004525
195 0.005134
196 0.009843
197 0.008784
198 0.007291
199 0.006762
200 0.000015
201 0.000000
202 0.000000
203 0.000000
204 0.000000
205 0.000000
206 0.000000
207 0.000000
208 0.000000
209 0.000000
210 0.000000
211 0.000000
212 0.000000
213 0.000000
214 0.000000
215 0.000000
216 0.000000
217 0.000000
218 0.000004
219 0.000996
220 0.008693
221 0.004475
222 0.006033
223 0.013773
224 0.007801
225 0.009072
226 0.009384
227 0.007431
228 0.006688
229 0.000000
230 0.000000
231 0.000000
232 0.000000
233 0.000000
234 0.000000
235 0.000000
236 0.000000
237 0.000000
238 0.000000
239 0.000000
240 0.000000
241 0.000000
242 0.000000
243 0.000001
244 0.000000
245 0.000000
246 0.000000
247 0.000123
248 0.000208
249 0.000736
250 0.003041
251 0.005713
252 0.005002
253 0.006782
254 0.007972
255 0.006757
256 0.002246
257 0.000000
258 0.000000
259 0.000000
260 0.000000
261 0.000000
262 0.000000
263 0.000000
264 0.000000
265 0.000000
266 0.000000
267 0.000000
268 0.000000
269 0.000015
270 1.000000
271 0.000068
272 0.000000
273 0.000000
274 0.000005
275 0.000088
276 0.000155
277 0.000394
278 0.000290
279 0.000371
280 0.003351
281 0.001958
282 0.001800
283 0.001117
284 0.000801
285 0.000000
286 0.000000
287 0.000000
288 0.000000
289 0.000000
290 0.000000
291 0.000000
292 0.000000
293 0.000000
294 0.000000
295 0.000000
296 0.000000
297 0.000029
298 0.001069
299 0.000014
300 0.000001
301 0.000001
302 0.000050
303 0.006336
304 0.003820
305 0.001010
306 0.000526
307 0.000205
308 0.001207
309 0.000701
310 0.000377
311 0.000321
312 0.000067
313 0.000002
314 0.000000
315 0.000000
316 0.000000
317 0.000000
318 0.000000
319 0.000000
320 0.000000
321 0.000000
322 0.000000
323 0.000000
324 0.000000
325 0.000001
326 0.000002
327 0.000002
328 0.000000
329 0.000002
330 0.000529
331 0.005093
332 0.017590
333 0.005999
334 0.001776
335 0.000550
336 0.000660
337 0.000494
338 0.000340
339 0.000220
340 0.000008
341 0.000000
342 0.000000
343 0.000000
344 0.000000
345 0.000000
346 0.000000
347 0.000000
348 0.000000
349 0.000000
350 0.000000
351 0.000000
352 0.000000
353 0.000000
354 0.000000
355 0.000000
356 0.000001
357 0.000004
358 0.000005
359 0.000195
360 0.005018
361 0.002702
362 0.001775
363 0.001265
364 0.000601
365 0.000583
366 0.000382
367 0.000253
368 0.000001
369 0.000000
370 0.000000
371 0.000000
372 0.000000
373 0.000000
374 0.000000
375 0.000000
376 0.000000
377 0.000000
378 0.000000
379 0.000000
380 0.000000
381 0.000000
382 0.000000
383 0.000000
384 0.000006
385 0.000002
386 0.000000
387 0.000002
388 0.000083
389 0.000388
390 0.000623
391 0.000714
392 0.000319
393 0.000295
394 0.000237
395 0.000041
396 0.000000
397 0.000000
398 0.000000
399 0.000000
400 0.000000
401 0.000000
402 0.000000
403 0.000000
404 0.000018
405 0.000075
406 0.000004
407 0.000000
408 0.000000
409 0.000000
410 0.000000
411 0.000000
412 0.000001
413 0.000001
414 0.000000
415 0.000000
416 0.000002
417 0.000033
418 0.000074
419 0.000177
420 0.000182
421 0.000155
422 0.000143
423 0.000006
424 0.000000
425 0.000000
426 0.000000
427 0.000000
428 0.000000
429 0.000000
430 0.000000
431 0.000000
432 0.000318
433 0.002211
434 0.000690
435 0.000025
436 0.000001
437 0.000000
438 0.000000
439 0.000000
440 0.000000
441 0.000000
442 0.000000
443 0.000000
444 0.000000
445 0.000008
446 0.000035
447 0.000131
448 0.000179
449 0.000113
450 0.000098
451 0.000001
452 0.000000
453 0.000000
454 0.000000
455 0.000000
456 0.000000
457 0.000000
458 0.000000
459 0.000000
460 0.000030
461 0.011471
462 0.024163
463 0.004078
464 0.000026
465 0.000000
466 0.000000
467 0.000000
468 0.000000
469 0.000000
470 0.000000
471 0.000000
472 0.000000
473 0.000008
474 0.000035
475 0.000100
476 0.000467
477 0.000270
478 0.000049
479 0.000000
480 0.000000
481 0.000000
482 0.000000
483 0.000000
484 0.000000
485 0.000000
486 0.000000
487 0.000000
488 0.000021
489 0.003398
490 0.216081
491 1.000000
492 0.000028
493 0.000000
494 0.000000
495 0.000000
496 0.000000
497 0.000000
498 0.000000
499 0.000000
500 0.000000
501 0.000005
502 0.000143
503 0.000158
504 0.001562
505 0.000928
506 0.000029
507 0.000000
508 0.000000
509 0.000000
510 0.000000
511 0.000000
512 0.000000
513 0.000000
514 0.000000
515 0.000001
516 0.000016
517 0.002665
518 0.002789
519 0.000139
520 0.000019
521 0.000001
522 0.000000
523 0.000000
524 0.000000
525 0.000000
526 0.000000
527 0.000001
528 0.000000
529 0.000003
530 0.000157
531 0.000206
532 0.001493
533 0.001388
534 0.000022
535 0.000001
536 0.000000
537 0.000000
538 0.000000
539 0.000000
540 0.000000
541 0.000000
542 0.000000
543 0.000001
544 0.000002
545 0.000003
546 0.000008
547 0.000013
548 0.000020
549 0.000154
550 0.000036
551 0.000002
552 0.000000
553 0.000000
554 0.000000
555 0.000001
556 0.000001
557 0.000009
558 0.000205
559 0.000218
560 0.001731
561 0.001672
562 0.000024
563 0.000001
564 0.000000
565 0.000001
566 0.000001
567 0.000002
568 0.000022
569 0.000001
570 0.000000
571 0.000000
572 0.000000
573 0.000000
574 0.000003
575 0.000170
576 0.002114
577 0.019149
578 0.005545
579 0.000609
580 0.000005
581 0.000001
582 0.000000
583 0.000000
584 0.000005
585 0.000205
586 0.000218
587 0.000282
588 0.002000
589 0.001731
590 0.000142
591 0.000003
592 0.000002
593 0.000001
594 0.000006
595 0.000149
596 0.000341
597 0.000047
598 0.000000
599 0.000000
600 0.000000
601 0.000000
602 0.000001
603 0.000051
604 0.007584
605 1.000000
606 0.006564
607 0.002049
608 0.000254
609 0.000020
610 0.000005
611 0.000007
612 0.000193
613 0.000205
614 0.000266
615 0.000282
616 0.002133
617 0.002000
618 0.001731
619 0.000316
620 0.000019
621 0.000025
622 0.000114
623 0.000196
624 0.000634
625 0.001063
626 0.000135
627 0.000065
628 0.000061
629 0.000033
630 0.000001
631 0.000001
632 0.000026
633 0.000168
634 0.000935
635 0.008862
636 0.004071
637 0.000423
638 0.000088
639 0.000387
640 0.000205
641 0.000266
642 0.000000
643 0.000000
644 0.002203
645 0.002133
646 0.002867
647 0.004401
648 0.003479
649 0.000137
650 0.001861
651 0.011944
652 0.015140
653 0.060049
654 0.008253
655 0.001021
656 0.000022
657 0.000012
658 0.000009
659 0.000012
660 0.000042
661 0.000073
662 0.000476
663 0.000419
664 0.002073
665 0.009050
666 0.003009
667 0.001208
668 0.000528
669 0.000000
670 0.000000
671 0.000000
672 0.000000
673 0.003019
674 0.004551
675 0.007056
676 0.010000
677 0.010000
678 0.020442
679 0.117871
680 0.312809
681 0.011247
682 0.001504
683 0.000133
684 0.000022
685 0.000011
686 0.000014
687 0.000040
688 0.000352
689 0.001870
690 0.002054
691 0.002126
692 0.003690
693 0.010000
694 0.008349
695 0.003142
696 0.000000
697 0.000000
698 0.000000
699 0.000000
700 0.000000
701 0.000000
702 0.007161
703 0.010000
704 0.010000
705 0.010000
706 0.010000
707 0.010000
708 0.010000
709 0.010000
710 0.003982
711 0.000404
712 0.000028
713 0.000010
714 0.000030
715 0.000102
716 0.000105
717 0.000753
718 0.003153
719 0.011569
720 0.010000
721 0.010000
722 0.010000
723 0.000000
724 0.000000
725 0.000000
726 0.000000
727 0.000000
728 0.000000
729 0.000000
730 0.000000
731 0.000000
732 0.010000
733 0.010000
734 0.010000
735 0.010000
736 0.010000
737 0.010000
738 0.010000
739 0.000720
740 0.000040
741 0.000018
742 0.000049
743 0.000088
744 0.000116
745 0.000309
746 0.001287
747 0.005436
748 0.016466
749 0.010000
750 0.000000
751 0.000004
752 0.000001
753 0.000000
754 0.000000
755 0.000000
756 0.000000
757 0.000000
758 0.000029
759 0.000073
760 0.000000
761 0.010000
762 0.010000
763 0.010000
764 0.010000
765 0.010000
766 0.010000
767 0.001218
768 0.000069
769 0.000036
770 0.000094
771 0.000094
772 0.000123
773 0.000161
774 0.000663
775 0.002173
776 0.007286
777 0.000027
778 0.001126
779 0.000777
780 0.000030
781 0.000006
782 0.000000
783 0.000000
