0 0.003270
1 0.003141
2 0.003732
3 0.005642
4 0.007878
5 0.010005
6 0.009982
7 0.007411
8 0.000989
9 0.000103
10 0.000055
11 0.000049
12 0.000052
13 0.000051
14 0.000075
15 0.000384
16 0.001318
17 0.002363
18 0.003347
19 0.006713
20 0.010542
21 0.010348
22 0.006982
23 0.004699
24 0.002822
25 0.002086
26 0.001838
27 0.001784
28 0.003375
29 0.003017
30 0.002600
31 0.003493
32 0.005434
33 0.008772
34 0.010006
35 0.006612
36 0.000736
37 0.000089
38 0.000040
39 0.000037
40 0.000036
41 0.000044
42 0.000082
43 0.000497
44 0.002103
45 0.002433
46 0.003391
47 0.006940
48 0.009651
49 0.007318
50 0.000095
51 0.000000
52 0.001965
53 0.001694
54 0.001414
55 0.001706
56 0.004697
57 0.003242
58 0.002490
59 0.002384
60 0.003164
61 0.005159
62 0.008852
63 0.003148
64 0.000563
65 0.000110
66 0.000070
67 0.000026
68 0.000022
69 0.000030
70 0.000090
71 0.000511
72 0.002259
73 0.002579
74 0.003497
75 0.006123
76 0.000213
77 0.000056
78 0.000001
79 0.000000
80 0.000000
81 0.001286
82 0.001562
83 0.001688
84 0.006594
85 0.004524
86 0.003087
87 0.002001
88 0.001856
89 0.003050
90 0.005063
91 0.001298
92 0.000268
93 0.000161
94 0.000077
95 0.000036
96 0.000018
97 0.000046
98 0.000119
99 0.000559
100 0.001456
101 0.002174
102 0.000103
103 0.000093
104 0.000031
105 0.000001
106 0.000000
107 0.000000
108 0.000000
109 0.001227
110 0.001556
111 0.002488
112 0.008062
113 0.006648
114 0.004478
115 0.003006
116 0.000000
117 0.000000
118 0.000000
119 0.000000
120 0.000002
121 0.000068
122 0.000131
123 0.000058
124 0.000039
125 0.000066
126 0.000196
127 0.000039
128 0.000034
129 0.000082
130 0.000106
131 0.000016
132 0.000001
133 0.000001
134 0.000000
135 0.000000
136 0.000194
137 0.001359
138 0.002231
139 0.003737
140 0.008977
141 0.008062
142 0.007059
143 0.005094
144 0.000000
145 0.000001
146 0.000000
147 0.000000
148 0.000000
149 0.000000
150 0.000000
151 0.000000
152 0.000003
153 0.000002
154 0.000008
155 0.000005
156 0.000017
157 0.000033
158 0.000058
159 0.000005
160 0.000001
161 0.000000
162 0.000000
163 0.000000
164 0.001425
165 0.002002
166 0.003659
167 0.006487
168 0.010001
169 0.008977
170 0.008281
171 0.007968
172 0.000001
173 0.000000
174 0.000001
175 0.000001
176 0.000001
177 0.000000
178 0.000000
179 0.000000
180 0.000000
181 0.000000
182 0.000000
183 0.000000
184 0.000001
185 0.000006
186 0.000003
187 0.000001
188 0.000001
189 0.000000
190 0.000000
191 0.000014
192 0.002124
193 0.003608
194 0.007472
195 0.009157
196 0.010001
197 0.010001
198 0.009222
199 0.008282
200 0.000227
201 0.000001
202 0.000000
203 0.000000
204 0.000000
205 0.000001
206 0.000003
207 0.000001
208 0.000001
209 0.000001
210 0.000000
211 0.000000
212 0.000000
213 0.000000
214 0.000000
215 0.000001
216 0.000000
217 0.000000
218 0.000000
219 0.000287
220 0.004563
221 0.008242
222 0.009346
223 0.010914
224 0.016529
225 0.010002
226 0.010001
227 0.009474
228 0.008507
229 0.000001
230 0.000000
231 0.000000
232 0.000000
233 0.000000
234 0.000001
235 0.000096
236 0.999984
237 0.001418
238 0.000023
239 0.000001
240 0.000000
241 0.000000
242 0.000000
243 0.000000
244 0.000000
245 0.000000
246 0.000001
247 0.000525
248 0.001322
249 0.002253
250 0.003542
251 0.004270
252 0.036695
253 0.027801
254 0.013788
255 0.007294
256 0.002737
257 0.000000
258 0.000000
259 0.000000
260 0.000000
261 0.000000
262 0.000000
263 0.000011
264 0.000477
265 0.006205
266 0.000506
267 0.000003
268 0.000000
269 0.000000
270 0.000000
271 0.000000
272 0.000000
273 0.000000
274 0.000006
275 0.000235
276 0.000381
277 0.000620
278 0.000781
279 0.001019
280 0.026297
281 0.019568
282 0.011343
283 0.004280
284 0.001777
285 0.000004
286 0.000000
287 0.000000
288 0.000001
289 0.000001
290 0.000000
291 0.000001
292 0.000005
293 0.000081
294 0.000314
295 0.000002
296 0.000001
297 0.000000
298 0.000000
299 0.000000
300 0.000000
301 0.000002
302 0.000096
303 0.000446
304 0.000381
305 0.000409
306 0.000325
307 0.000213
308 0.001555
309 0.002935
310 0.005393
311 0.006571
312 0.001630
313 0.000037
314 0.000000
315 0.000000
316 0.000001
317 0.000005
318 0.000004
319 0.000001
320 0.000001
321 0.000003
322 0.000002
323 0.000002
324 0.000001
325 0.000001
326 0.000000
327 0.000000
328 0.000001
329 0.000207
330 0.002786
331 0.001650
332 0.000841
333 0.000305
334 0.000140
335 0.000111
336 0.000377
337 0.000548
338 0.001819
339 0.010300
340 0.000687
341 0.000023
342 0.000000
343 0.000000
344 0.000000
345 0.000025
346 0.000288
347 0.000080
348 0.000004
349 0.000000
350 0.000000
351 0.000001
352 0.000005
353 0.000003
354 0.000000
355 0.000000
356 0.000001
357 0.000445
358 0.999893
359 0.002317
360 0.000842
361 0.000328
362 0.000151
363 0.000078
364 0.000544
365 0.000925
366 0.001201
367 0.001752
368 0.000026
369 0.000002
370 0.000001
371 0.000000
372 0.000000
373 0.000066
374 0.003569
375 0.005952
376 0.000006
377 0.000000
378 0.000000
379 0.000001
380 0.000007
381 0.000003
382 0.000000
383 0.000000
384 0.000001
385 0.000173
386 0.004208
387 0.000581
388 0.000553
389 0.000343
390 0.000243
391 0.000213
392 0.000812
393 0.000768
394 0.000739
395 0.000085
396 0.000000
397 0.000000
398 0.000000
399 0.000000
400 0.000001
401 0.000443
402 0.999987
403 0.000202
404 0.000006
405 0.000001
406 0.000001
407 0.000001
408 0.000001
409 0.000001
410 0.000001
411 0.000000
412 0.000000
413 0.000008
414 0.000081
415 0.000046
416 0.000148
417 0.000380
418 0.000423
419 0.000447
420 0.000775
421 0.000512
422 0.000496
423 0.000004
424 0.000000
425 0.000000
426 0.000000
427 0.000000
428 0.000002
429 0.000109
430 0.000163
431 0.000013
432 0.000002
433 0.000019
434 0.000088
435 0.000017
436 0.000001
437 0.000000
438 0.000000
439 0.000000
440 0.000000
441 0.000000
442 0.000005
443 0.000051
444 0.000053
445 0.000298
446 0.000380
447 0.000423
448 0.000794
449 0.000355
450 0.000146
451 0.000000
452 0.000000
453 0.000000
454 0.000000
455 0.000001
456 0.000001
457 0.000001
458 0.000001
459 0.000001
460 0.000009
461 0.000384
462 0.999987
463 0.000094
464 0.000001
465 0.000000
466 0.000000
467 0.000000
468 0.000000
469 0.000000
470 0.000001
471 0.000012
472 0.000034
473 0.000177
474 0.000320
475 0.000522
476 0.001453
477 0.000451
478 0.000043
479 0.000000
480 0.000000
481 0.000000
482 0.000000
483 0.000002
484 0.000000
485 0.000000
486 0.000000
487 0.000001
488 0.000019
489 0.001445
490 0.000477
491 0.000017
492 0.000001
493 0.000000
494 0.000000
495 0.000000
496 0.000000
497 0.000000
498 0.000000
499 0.000002
500 0.000110
501 0.000242
502 0.001010
503 0.002017
504 0.003144
505 0.001511
506 0.000045
507 0.000000
508 0.000000
509 0.000000
510 0.000001
511 0.000001
512 0.000000
513 0.000000
514 0.000000
515 0.000001
516 0.000011
517 0.000007
518 0.000001
519 0.000001
520 0.000000
521 0.000000
522 0.000000
523 0.000000
524 0.000000
525 0.000000
526 0.000000
527 0.000001
528 0.000012
529 0.000381
530 0.007299
531 0.013115
532 0.003033
533 0.004639
534 0.000072
535 0.000001
536 0.000001
537 0.000003
538 0.000002
539 0.000000
540 0.000000
541 0.000000
542 0.000000
543 0.000001
544 0.000001
545 0.000000
546 0.000000
547 0.000000
548 0.000000
549 0.000000
550 0.000000
551 0.000000
552 0.000000
553 0.000000
554 0.000000
555 0.000000
556 0.000016
557 0.000502
558 0.011552
559 0.015131
560 0.006416
561 0.010180
562 0.000116
563 0.000002
564 0.000005
565 0.000013
566 0.000002
567 0.000000
568 0.000000
569 0.000000
570 0.000000
571 0.000000
572 0.000000
573 0.000000
574 0.000000
575 0.000000
576 0.000000
577 0.000000
578 0.000000
579 0.000001
580 0.000001
581 0.000000
582 0.000000
583 0.000001
584 0.000017
585 0.002761
586 0.005877
587 0.009412
588 0.011868
589 0.012814
590 0.000704
591 0.000009
592 0.000008
593 0.000003
594 0.000001
595 0.000001
596 0.000002
597 0.000000
598 0.000000
599 0.000000
600 0.000000
601 0.000000
602 0.000000
603 0.000000
604 0.000000
605 0.000000
606 0.000000
607 0.000002
608 0.000004
609 0.000002
610 0.000002
611 0.000016
612 0.001013
613 0.001299
614 0.002444
615 0.005030
616 0.011625
617 0.010006
618 0.010005
619 0.000785
620 0.000011
621 0.000002
622 0.000001
623 0.000001
624 0.000001
625 0.000000
626 0.000000
627 0.000000
628 0.000000
629 0.000000
630 0.000000
631 0.000000
632 0.000000
633 0.000000
634 0.000000
635 0.000001
636 0.000003
637 0.000006
638 0.000058
639 0.001502
640 0.001107
641 0.001238
642 0.000000
643 0.000000
644 0.010006
645 0.010005
646 0.006982
647 0.003840
648 0.001009
649 0.000009
650 0.000001
651 0.000001
652 0.000001
653 0.000004
654 0.000004
655 0.000002
656 0.000007
657 0.000094
658 0.000283
659 0.000049
660 0.000016
661 0.000011
662 0.000005
663 0.000004
664 0.000011
665 0.000294
666 0.004974
667 0.002966
668 0.001823
669 0.000000
670 0.000000
671 0.000000
672 0.000000
673 0.007088
674 0.004462
675 0.002507
676 0.001953
677 0.001699
678 0.000048
679 0.000050
680 0.000216
681 0.001149
682 0.001943
683 0.000169
684 0.000028
685 0.000077
686 0.000196
687 0.000564
688 0.001101
689 0.005155
690 0.002096
691 0.000997
692 0.002155
693 0.010007
694 0.008269
695 0.005119
696 0.000000
697 0.000000
698 0.000000
699 0.000000
700 0.000000
701 0.000000
702 0.002948
703 0.002083
704 0.002017
705 0.003065
706 0.004795
707 0.010005
708 0.010009
709 0.008732
710 0.002035
711 0.000238
712 0.000049
713 0.000054
714 0.000162
715 0.000497
716 0.001614
717 0.005671
718 0.010000
719 0.010000
720 0.010004
721 0.010006
722 0.010006
723 0.000000
724 0.000000
725 0.000000
726 0.000000
727 0.000000
728 0.000000
729 0.000000
730 0.000000
731 0.000000
732 0.002872
733 0.004919
734 0.007854
735 0.010007
736 0.010007
737 0.005258
738 0.002399
739 0.000333
740 0.000096
741 0.000048
742 0.000111
743 0.000325
744 0.002045
745 0.006085
746 0.010002
747 0.010000
748 0.010001
749 0.010004
750 0.000000
751 0.000000
752 0.000000
753 0.000000
754 0.000000
755 0.000000
756 0.000000
757 0.000000
758 0.000000
759 0.000000
760 0.000000
761 0.007034
762 0.010005
763 0.010008
764 0.007785
765 0.003696
766 0.001775
767 0.000673
768 0.000161
769 0.000069
770 0.000092
771 0.000239
772 0.001834
773 0.007350
774 0.010005
775 0.010001
776 0.010000
777 0.000000
778 0.000586
779 0.000366
780 0.000002
781 0.000000
782 0.000000
783 0.000000
