0 0.000230
1 0.000204
2 0.000136
3 0.000163
4 0.000394
5 0.001685
6 0.010036
7 0.010065
8 0.000033
9 0.000003
10 0.000003
11 0.000003
12 0.000003
13 0.000003
14 0.000003
15 0.000003
16 0.000003
17 0.000004
18 0.000033
19 0.002103
20 0.009645
21 0.001059
22 0.000345
23 0.000079
24 0.000064
25 0.000070
26 0.000103
27 0.000113
28 0.000153
29 0.000182
30 0.000120
31 0.000107
32 0.000131
33 0.000442
34 0.002279
35 0.003285
36 0.000030
37 0.000004
38 0.000003
39 0.000003
40 0.000003
41 0.000003
42 0.000003
43 0.000003
44 0.000003
45 0.000006
46 0.000014
47 0.000289
48 0.000872
49 0.000272
50 0.000004
51 0.000002
52 0.000059
53 0.000086
54 0.000070
55 0.000103
56 0.000182
57 0.000120
58 0.000107
59 0.000095
60 0.000076
61 0.000095
62 0.000377
63 0.000096
64 0.000017
65 0.000004
66 0.000003
67 0.000003
68 0.000003
69 0.000003
70 0.000003
71 0.000003
72 0.000005
73 0.000007
74 0.000010
75 0.000008
76 0.000004
77 0.000006
78 0.000002
79 0.000002
80 0.000002
81 0.000058
82 0.000086
83 0.000070
84 0.000163
85 0.000107
86 0.000071
87 0.000056
88 0.000050
89 0.000045
90 0.000070
91 0.000006
92 0.000004
93 0.000006
94 0.000004
95 0.000003
96 0.000003
97 0.000003
98 0.000003
99 0.000004
100 0.000006
101 0.000005
102 0.000003
103 0.000005
104 0.000005
105 0.000003
106 0.000002
107 0.000002
108 0.000001
109 0.000053
110 0.000058
111 0.000086
112 0.000107
113 0.000095
114 0.000056
115 0.000050
116 0.000002
117 0.000002
118 0.000004
119 0.000002
120 0.000002
121 0.000003
122 0.000006
123 0.000004
124 0.000003
125 0.000003
126 0.000003
127 0.000004
128 0.000004
129 0.000005
130 0.000007
131 0.000005
132 0.000003
133 0.000002
134 0.000001
135 0.000001
136 0.000003
137 0.000037
138 0.000053
139 0.000079
140 0.000095
141 0.000063
142 0.000050
143 0.000045
144 0.000001
145 0.000002
146 0.000002
147 0.000003
148 0.000003
149 0.000002
150 0.000002
151 0.000002
152 0.000002
153 0.000002
154 0.000003
155 0.000005
156 0.000008
157 0.000008
158 0.000005
159 0.000003
160 0.000002
161 0.000001
162 0.000001
163 0.000002
164 0.000038
165 0.000034
166 0.000049
167 0.000053
168 0.000063
169 0.000050
170 0.000045
171 0.000036
172 0.000001
173 0.000001
174 0.000001
175 0.000003
176 0.000004
177 0.000005
178 0.000004
179 0.000002
180 0.000002
181 0.000002
182 0.000003
183 0.000006
184 0.000007
185 0.000005
186 0.000003
187 0.000002
188 0.000001
189 0.000001
190 0.000001
191 0.000002
192 0.000026
193 0.000028
194 0.000031
195 0.000049
196 0.000050
197 0.000045
198 0.000030
199 0.000024
200 0.000002
201 0.000001
202 0.000001
203 0.000001
204 0.000002
205 0.000004
206 0.000006
207 0.000009
208 0.000009
209 0.000008
210 0.000009
211 0.000006
212 0.000003
213 0.000002
214 0.000001
215 0.000001
216 0.000001
217 0.000001
218 0.000002
219 0.000002
220 0.000026
221 0.000028
222 0.000028
223 0.000041
224 0.000045
225 0.000030
226 0.000024
227 0.000022
228 0.000014
229 0.000002
230 0.000001
231 0.000001
232 0.000001
233 0.000002
234 0.000003
235 0.000010
236 0.000135
237 0.999956
238 0.000107
239 0.000007
240 0.000002
241 0.000002
242 0.000001
243 0.000001
244 0.000001
245 0.000001
246 0.000002
247 0.000003
248 0.000003
249 0.000003
250 0.000005
251 0.000007
252 0.000040
253 0.000024
254 0.000022
255 0.000011
256 0.000004
257 0.000002
258 0.000001
259 0.000001
260 0.000002
261 0.000002
262 0.000002
263 0.000004
264 0.000011
265 0.000041
266 0.000028
267 0.000006
268 0.000003
269 0.000002
270 0.000002
271 0.000001
272 0.000001
273 0.000001
274 0.000002
275 0.000002
276 0.000002
277 0.000003
278 0.000003
279 0.000003
280 0.000024
281 0.000007
282 0.000005
283 0.000003
284 0.000005
285 0.000003
286 0.000002
287 0.000002
288 0.000002
289 0.000002
290 0.000002
291 0.000003
292 0.000003
293 0.000003
294 0.000004
295 0.000004
296 0.000003
297 0.000003
298 0.000002
299 0.000002
300 0.000002
301 0.000002
302 0.000002
303 0.000003
304 0.000003
305 0.000003
306 0.000003
307 0.000003
308 0.000005
309 0.000004
310 0.000005
311 0.000006
312 0.000004
313 0.000004
314 0.000002
315 0.000002
316 0.000002
317 0.000002
318 0.000002
319 0.000002
320 0.000002
321 0.000002
322 0.000002
323 0.000002
324 0.000003
325 0.000002
326 0.000002
327 0.000002
328 0.000002
329 0.000002
330 0.000004
331 0.000003
332 0.000004
333 0.000003
334 0.000003
335 0.000003
336 0.000007
337 0.000010
338 0.000014
339 0.000023
340 0.000005
341 0.000004
342 0.000002
343 0.000002
344 0.000002
345 0.000002
346 0.000002
347 0.000002
348 0.000002
349 0.000002
350 0.000002
351 0.000002
352 0.000002
353 0.000002
354 0.000002
355 0.000002
356 0.000002
357 0.000003
358 0.000004
359 0.000004
360 0.000011
361 0.000006
362 0.000006
363 0.000004
364 0.000021
365 0.000046
366 0.000059
367 0.000008
368 0.000004
369 0.000003
370 0.000003
371 0.000002
372 0.000002
373 0.000002
374 0.000002
375 0.000002
376 0.000002
377 0.000002
378 0.000002
379 0.000002
380 0.000002
381 0.000002
382 0.000002
383 0.000002
384 0.000002
385 0.000003
386 0.000004
387 0.000004
388 0.000005
389 0.000011
390 0.000012
391 0.000013
392 0.000046
393 0.000013
394 0.000008
395 0.000004
396 0.000003
397 0.000003
398 0.000003
399 0.000002
400 0.000002
401 0.000002
402 0.000002
403 0.000002
404 0.000002
405 0.000002
406 0.000002
407 0.000002
408 0.000002
409 0.000002
410 0.000002
411 0.000002
412 0.000002
413 0.000003
414 0.000003
415 0.000003
416 0.000004
417 0.000011
418 0.000012
419 0.000012
420 0.000010
421 0.000007
422 0.000006
423 0.000003
424 0.000003
425 0.000002
426 0.000002
427 0.000002
428 0.000002
429 0.000002
430 0.000002
431 0.000002
432 0.000002
433 0.000002
434 0.000002
435 0.000002
436 0.000002
437 0.000002
438 0.000002
439 0.000002
440 0.000002
441 0.000002
442 0.000003
443 0.000003
444 0.000003
445 0.000007
446 0.000010
447 0.000012
448 0.000013
449 0.000006
450 0.000005
451 0.000003
452 0.000002
453 0.000002
454 0.000002
455 0.000003
456 0.000002
457 0.000002
458 0.000002
459 0.000002
460 0.000002
461 0.000002
462 0.000002
463 0.000002
464 0.000002
465 0.000002
466 0.000002
467 0.000002
468 0.000002
469 0.000002
470 0.000002
471 0.000002
472 0.000003
473 0.000003
474 0.000005
475 0.000016
476 0.000140
477 0.000032
478 0.000004
479 0.000003
480 0.000002
481 0.000002
482 0.000003
483 0.000003
484 0.000002
485 0.000002
486 0.000002
487 0.000002
488 0.000002
489 0.000002
490 0.000002
491 0.000002
492 0.000002
493 0.000002
494 0.000002
495 0.000002
496 0.000003
497 0.000003
498 0.000002
499 0.000002
500 0.000003
501 0.000003
502 0.000006
503 0.000033
504 0.010008
505 0.000603
506 0.000003
507 0.000002
508 0.000002
509 0.000003
510 0.000003
511 0.000003
512 0.000002
513 0.000002
514 0.000002
515 0.000002
516 0.000002
517 0.000002
518 0.000002
519 0.000002
520 0.000002
521 0.000002
522 0.000002
523 0.000002
524 0.000003
525 0.000003
526 0.000003
527 0.000002
528 0.000003
529 0.000003
530 0.000025
531 0.000437
532 0.002325
533 0.000849
534 0.000003
535 0.000002
536 0.000002
537 0.000003
538 0.000003
539 0.000002
540 0.000002
541 0.000002
542 0.000002
543 0.000002
544 0.000002
545 0.000002
546 0.000002
547 0.000002
548 0.000002
549 0.000002
550 0.000002
551 0.000002
552 0.000002
553 0.000003
554 0.000003
555 0.000003
556 0.000003
557 0.000003
558 0.000090
559 0.000128
560 0.000780
561 0.000313
562 0.000003
563 0.000002
564 0.000002
565 0.000003
566 0.000003
567 0.000002
568 0.000002
569 0.000002
570 0.000002
571 0.000002
572 0.000002
573 0.000002
574 0.000002
575 0.000002
576 0.000002
577 0.000002
578 0.000002
579 0.000002
580 0.000002
581 0.000002
582 0.000003
583 0.000003
584 0.000003
585 0.000088
586 0.000095
587 0.000129
588 0.000436
589 0.000333
590 0.000003
591 0.000002
592 0.000002
593 0.000002
594 0.000002
595 0.000002
596 0.000002
597 0.000002
598 0.000002
599 0.000002
600 0.000002
601 0.000002
602 0.000002
603 0.000002
604 0.000002
605 0.000002
606 0.000002
607 0.000002
608 0.000002
609 0.000002
610 0.000003
611 0.000003
612 0.000082
613 0.000088
614 0.000120
615 0.000129
616 0.000492
617 0.000436
618 0.000333
619 0.000004
620 0.000002
621 0.000002
622 0.000002
623 0.000002
624 0.000002
625 0.000002
626 0.000002
627 0.000002
628 0.000002
629 0.000002
630 0.000002
631 0.000002
632 0.000002
633 0.000002
634 0.000002
635 0.000002
636 0.000002
637 0.000002
638 0.000003
639 0.000082
640 0.000088
641 0.000120
642 0.000002
643 0.000003
644 0.000522
645 0.000491
646 0.000462
647 0.000354
648 0.000024
649 0.000003
650 0.000002
651 0.000002
652 0.000002
653 0.000002
654 0.000002
655 0.000002
656 0.000002
657 0.000002
658 0.000002
659 0.000002
660 0.000002
661 0.000002
662 0.000002
663 0.000002
664 0.000002
665 0.000003
666 0.000082
667 0.000112
668 0.000120
669 0.000002
670 0.000002
671 0.000003
672 0.000002
673 0.000522
674 0.000491
675 0.000378
676 0.000435
677 0.000333
678 0.000003
679 0.000003
680 0.000003
681 0.000003
682 0.000016
683 0.000003
684 0.000002
685 0.000002
686 0.000002
687 0.000002
688 0.000002
689 0.000003
690 0.000003
691 0.000003
692 0.000003
693 0.000076
694 0.000088
695 0.000120
696 0.000002
697 0.000002
698 0.000002
699 0.000002
700 0.000002
701 0.000002
702 0.000522
703 0.000491
704 0.000462
705 0.000435
706 0.000333
707 0.000312
708 0.000275
709 0.000207
710 0.000052
711 0.000005
712 0.000002
713 0.000002
714 0.000002
715 0.000002
716 0.000003
717 0.000005
718 0.000051
719 0.000055
720 0.000059
721 0.000081
722 0.000112
723 0.000002
724 0.000002
725 0.000002
726 0.000002
727 0.000002
728 0.000002
729 0.000002
730 0.000002
731 0.000002
732 0.000491
733 0.000462
734 0.000354
735 0.000333
736 0.000312
737 0.000237
738 0.000207
739 0.000013
740 0.000003
741 0.000002
742 0.000002
743 0.000002
744 0.000003
745 0.000012
746 0.000055
747 0.000076
748 0.000081
749 0.000112
750 0.000002
751 0.000002
752 0.000002
753 0.000002
754 0.000002
755 0.000002
756 0.000002
757 0.000002
758 0.000002
759 0.000002
760 0.000002
761 0.000491
762 0.000462
763 0.000354
764 0.000333
765 0.000312
766 0.000293
767 0.000049
768 0.000005
769 0.000003
770 0.000003
771 0.000003
772 0.000005
773 0.000037
774 0.000055
775 0.000064
776 0.000088
777 0.000002
778 0.000003
779 0.000003
780 0.000003
781 0.000002
782 0.000002
783 0.000002
