0 0.010128
1 0.010132
2 0.010142
3 0.010138
4 0.010147
5 0.010154
6 0.010158
7 0.010160
8 0.010245
9 0.010226
10 0.010199
11 0.010201
12 0.010201
13 0.010203
14 0.010204
15 0.010207
16 0.010210
17 0.010214
18 0.010197
19 0.010175
20 0.010072
21 0.010071
22 0.010064
23 0.010062
24 0.010066
25 0.010064
26 0.010058
27 0.010056
28 0.010139
29 0.010135
30 0.010144
31 0.010146
32 0.010149
33 0.010153
34 0.010159
35 0.010269
36 0.010282
37 0.010259
38 0.010202
39 0.010202
40 0.010204
41 0.010204
42 0.010206
43 0.010209
44 0.010214
45 0.010214
46 0.010208
47 0.010186
48 0.010078
49 0.010072
50 0.010241
51 0.010442
52 0.010067
53 0.010061
54 0.010064
55 0.010058
56 0.010135
57 0.010144
58 0.010146
59 0.010148
60 0.010152
61 0.010158
62 0.010160
63 0.010274
64 0.010285
65 0.010204
66 0.010202
67 0.010205
68 0.010208
69 0.010208
70 0.010210
71 0.010213
72 0.010214
73 0.010217
74 0.010218
75 0.010249
76 0.010232
77 0.010467
78 0.010584
79 0.010443
80 0.010442
81 0.010067
82 0.010060
83 0.010064
84 0.010138
85 0.010146
86 0.010153
87 0.010156
88 0.010158
89 0.010160
90 0.010163
91 0.010280
92 0.010290
93 0.010206
94 0.010207
95 0.010207
96 0.010210
97 0.010209
98 0.010211
99 0.010214
100 0.010216
101 0.010288
102 0.010311
103 0.010394
104 0.010614
105 0.010600
106 0.010561
107 0.010585
108 0.010301
109 0.010068
110 0.010067
111 0.010061
112 0.010147
113 0.010148
114 0.010156
115 0.010158
116 0.011374
117 0.010985
118 0.010631
119 0.010547
120 0.010450
121 0.010295
122 0.010208
123 0.010208
124 0.010210
125 0.010211
126 0.010214
127 0.010291
128 0.010304
129 0.010320
130 0.010416
131 0.010649
132 0.010652
133 0.010560
134 0.010548
135 0.010378
136 0.010246
137 0.010074
138 0.010068
139 0.010062
140 0.010149
141 0.010155
142 0.010158
143 0.010159
144 0.011475
145 0.011404
146 0.010998
147 0.010745
148 0.010527
149 0.010478
150 0.010436
151 0.010396
152 0.010360
153 0.010401
154 0.010302
155 0.010315
156 0.010355
157 0.010490
158 0.010564
159 0.010640
160 0.010656
161 0.010471
162 0.010381
163 0.010292
164 0.010074
165 0.010076
166 0.010070
167 0.010069
168 0.010156
169 0.010159
170 0.010160
171 0.010162
172 0.010402
173 0.011437
174 0.011699
175 0.010993
176 0.010612
177 0.010478
178 0.010534
179 0.010570
180 0.010549
181 0.010520
182 0.010528
183 0.010560
184 0.010625
185 0.010681
186 0.010690
187 0.010596
188 0.010495
189 0.010420
190 0.010304
191 0.010271
192 0.010080
193 0.010079
194 0.010078
195 0.010070
196 0.010159
197 0.010161
198 0.010165
199 0.010167
200 0.010253
201 0.010957
202 0.011573
203 0.011807
204 0.010871
205 0.010656
206 0.010533
207 0.010529
208 0.010510
209 0.010446
210 0.010439
211 0.010701
212 0.010760
213 0.010714
214 0.010751
215 0.010504
216 0.010542
217 0.010475
218 0.010358
219 0.010319
220 0.010080
221 0.010079
222 0.010140
223 0.010901
224 0.010161
225 0.010166
226 0.010168
227 0.010169
228 0.010173
229 0.010549
230 0.011309
231 0.011426
232 0.011378
233 0.010885
234 0.010761
235 0.010450
236 0.010438
237 0.010427
238 0.010415
239 0.010413
240 0.010621
241 0.010617
242 0.010504
243 0.010541
244 0.010437
245 0.010522
246 0.010455
247 0.010240
248 0.010229
249 0.010803
250 0.011422
251 0.011611
252 0.010163
253 0.010169
254 0.010170
255 0.010177
256 0.010187
257 0.010486
258 0.010625
259 0.011320
260 0.011478
261 0.011169
262 0.010443
263 0.010426
264 0.010410
265 0.010406
266 0.010400
267 0.010395
268 0.010397
269 0.010503
270 0.010503
271 0.010402
272 0.010408
273 0.010507
274 0.010446
275 0.010292
276 0.011034
277 0.011451
278 0.011444
279 0.011441
280 0.010169
281 0.010181
282 0.010184
283 0.010191
284 0.010195
285 0.010424
286 0.010581
287 0.010774
288 0.011348
289 0.010446
290 0.010420
291 0.010407
292 0.010397
293 0.010388
294 0.010387
295 0.010386
296 0.010382
297 0.010388
298 0.010445
299 0.010397
300 0.010406
301 0.010517
302 0.010755
303 0.011424
304 0.011425
305 0.011420
306 0.011354
307 0.010417
308 0.010183
309 0.010188
310 0.010194
311 0.010200
312 0.010373
313 0.010390
314 0.010392
315 0.010477
316 0.010458
317 0.010432
318 0.010408
319 0.010389
320 0.010378
321 0.010375
322 0.010372
323 0.010374
324 0.010378
325 0.010379
326 0.010386
327 0.010394
328 0.010474
329 0.011252
330 0.011572
331 0.011512
332 0.011415
333 0.010808
334 0.010218
335 0.010212
336 0.010192
337 0.010196
338 0.010197
339 0.010201
340 0.010379
341 0.010395
342 0.010346
343 0.010436
344 0.010442
345 0.010419
346 0.010402
347 0.010381
348 0.010377
349 0.010367
350 0.010365
351 0.010364
352 0.010367
353 0.010377
354 0.010380
355 0.010684
356 0.011522
357 0.011599
358 0.011590
359 0.011476
360 0.010421
361 0.010218
362 0.010214
363 0.010213
364 0.010195
365 0.010196
366 0.010198
367 0.010201
368 0.010388
369 0.010403
370 0.010299
371 0.010397
372 0.010432
373 0.010407
374 0.010395
375 0.010381
376 0.010369
377 0.010361
378 0.010362
379 0.010357
380 0.010365
381 0.010369
382 0.011069
383 0.011422
384 0.011485
385 0.011511
386 0.010929
387 0.010361
388 0.010296
389 0.010215
390 0.010214
391 0.010211
392 0.010197
393 0.010199
394 0.010201
395 0.010376
396 0.010399
397 0.010276
398 0.010273
399 0.010358
400 0.010417
401 0.010405
402 0.010390
403 0.010379
404 0.010366
405 0.010360
406 0.010354
407 0.010358
408 0.010417
409 0.011352
410 0.011404
411 0.011418
412 0.011354
413 0.010638
414 0.010376
415 0.010398
416 0.010323
417 0.010216
418 0.010213
419 0.010212
420 0.010196
421 0.010202
422 0.010204
423 0.010383
424 0.010406
425 0.010284
426 0.010280
427 0.010332
428 0.010391
429 0.010405
430 0.010389
431 0.010376
432 0.010370
433 0.010361
434 0.010356
435 0.010703
436 0.011269
437 0.011283
438 0.011358
439 0.010815
440 0.010386
441 0.010372
442 0.010388
443 0.010599
444 0.010358
445 0.010214
446 0.010212
447 0.010211
448 0.010288
449 0.010203
450 0.010205
451 0.010391
452 0.010413
453 0.010287
454 0.010291
455 0.010309
456 0.010367
457 0.010398
458 0.010386
459 0.010383
460 0.010375
461 0.010366
462 0.011097
463 0.011105
464 0.011113
465 0.011279
466 0.010548
467 0.010390
468 0.010382
469 0.010383
470 0.011392
471 0.010703
472 0.010383
473 0.010291
474 0.010268
475 0.010320
476 0.010273
477 0.010282
478 0.010429
479 0.010491
480 0.010289
481 0.010290
482 0.010294
483 0.010297
484 0.010354
485 0.010391
486 0.010387
487 0.010384
488 0.010424
489 0.010543
490 0.010680
491 0.010904
492 0.010759
493 0.010381
494 0.010392
495 0.010387
496 0.010388
497 0.011869
498 0.011628
499 0.011097
500 0.010692
501 0.010381
502 0.010315
503 0.010309
504 0.010013
505 0.010240
506 0.010361
507 0.010453
508 0.010368
509 0.010376
510 0.010387
511 0.010300
512 0.010339
513 0.010381
514 0.010399
515 0.010505
516 0.010498
517 0.010500
518 0.010551
519 0.010381
520 0.010384
521 0.010389
522 0.010392
523 0.010396
524 0.011428
525 0.011682
526 0.012124
527 0.011720
528 0.010855
529 0.010391
530 0.010295
531 0.010068
532 0.010013
533 0.010013
534 0.010213
535 0.010282
536 0.010344
537 0.010355
538 0.010365
539 0.010376
540 0.010400
541 0.010461
542 0.010512
543 0.010507
544 0.010506
545 0.010389
546 0.010387
547 0.010390
548 0.010398
549 0.010399
550 0.010460
551 0.011297
552 0.011385
553 0.011538
554 0.011918
555 0.011997
556 0.011376
557 0.010443
558 0.010066
559 0.010066
560 0.010012
561 0.010012
562 0.010180
563 0.010220
564 0.010228
565 0.010231
566 0.010338
567 0.010350
568 0.010363
569 0.010418
570 0.010485
571 0.010590
572 0.010401
573 0.010399
574 0.010399
575 0.010402
576 0.010712
577 0.010722
578 0.010650
579 0.010891
580 0.011272
581 0.011366
582 0.011518
583 0.011997
584 0.011778
585 0.010064
586 0.010064
587 0.010061
588 0.010011
589 0.010012
590 0.010149
591 0.010203
592 0.010217
593 0.010226
594 0.010229
595 0.010230
596 0.010231
597 0.010400
598 0.010447
599 0.010480
600 0.010459
601 0.010759
602 0.010783
603 0.010714
604 0.010723
605 0.010725
606 0.010719
607 0.010357
608 0.010563
609 0.011056
610 0.011232
611 0.011517
612 0.010064
613 0.010064
614 0.010060
615 0.010060
616 0.010011
617 0.010011
618 0.010012
619 0.010139
620 0.010196
621 0.010214
622 0.010222
623 0.010228
624 0.010260
625 0.010278
626 0.010359
627 0.010610
628 0.010688
629 0.010705
630 0.010732
631 0.010758
632 0.010442
633 0.010378
634 0.010366
635 0.010347
636 0.010329
637 0.010413
638 0.010917
639 0.010062
640 0.010062
641 0.010059
642 0.012300
643 0.012562
644 0.010010
645 0.010011
646 0.010011
647 0.010011
648 0.010088
649 0.010190
650 0.010244
651 0.010253
652 0.010431
653 0.010429
654 0.010535
655 0.010560
656 0.010566
657 0.010175
658 0.010172
659 0.010345
660 0.010280
661 0.010296
662 0.010311
663 0.010317
664 0.010299
665 0.010239
666 0.010063
667 0.010058
668 0.010057
669 0.012297
670 0.012318
671 0.012509
672 0.011114
673 0.010010
674 0.010010
675 0.010011
676 0.010011
677 0.010011
678 0.010211
679 0.010350
680 0.010374
681 0.010360
682 0.010091
683 0.010149
684 0.010174
685 0.010168
686 0.010166
687 0.010164
688 0.010163
689 0.010140
690 0.010220
691 0.010229
692 0.010215
693 0.010066
694 0.010063
695 0.010058
696 0.012296
697 0.012296
698 0.012272
699 0.012439
700 0.011113
701 0.011114
702 0.010010
703 0.010010
704 0.010010
705 0.010011
706 0.010012
707 0.010012
708 0.010013
709 0.010013
710 0.010055
711 0.010125
712 0.010162
713 0.010169
714 0.010159
715 0.010157
716 0.010153
717 0.010135
718 0.010074
719 0.010072
720 0.010070
721 0.010065
722 0.010060
723 0.012290
724 0.012056
725 0.012306
726 0.012293
727 0.012295
728 0.011113
729 0.011113
730 0.011114
731 0.011114
732 0.010010
733 0.010011
734 0.010012
735 0.010012
736 0.010012
737 0.010013
738 0.010014
739 0.010102
740 0.010146
741 0.010162
742 0.010158
743 0.010156
744 0.010142
745 0.010118
746 0.010073
747 0.010068
748 0.010067
749 0.010062
750 0.011153
751 0.010577
752 0.010767
753 0.011344
754 0.012341
755 0.012292
756 0.011113
757 0.011113
758 0.011290
759 0.011327
760 0.011114
761 0.010011
762 0.010011
763 0.010012
764 0.010012
765 0.010012
766 0.010013
767 0.010072
768 0.010130
769 0.010155
770 0.010156
771 0.010153
772 0.010135
773 0.010094
774 0.010074
775 0.010071
776 0.010066
777 0.010453
778 0.010318
779 0.010323
780 0.010397
781 0.010508
782 0.011185
783 0.012294
