0 0.002375
1 0.002778
2 0.005408
3 0.012839
4 0.025992
5 0.022469
6 0.010716
7 0.003923
8 0.000374
9 0.000029
10 0.000013
11 0.000010
12 0.000011
13 0.000011
14 0.000020
15 0.000038
16 0.000054
17 0.000039
18 0.000166
19 0.000724
20 0.001145
21 0.000767
22 0.000728
23 0.000771
24 0.000674
25 0.000717
26 0.000924
27 0.000980
28 0.001983
29 0.002145
30 0.002263
31 0.005206
32 0.014191
33 0.031268
34 0.018733
35 0.005200
36 0.000190
37 0.000018
38 0.000011
39 0.000007
40 0.000007
41 0.000012
42 0.000026
43 0.000049
44 0.000038
45 0.000037
46 0.000056
47 0.000240
48 0.000630
49 0.000526
50 0.000000
51 0.000000
52 0.000633
53 0.000822
54 0.000722
55 0.000924
56 0.002144
57 0.001776
58 0.001682
59 0.002101
60 0.004919
61 0.016005
62 0.032701
63 0.003951
64 0.000178
65 0.000018
66 0.000015
67 0.000007
68 0.000004
69 0.000012
70 0.000029
71 0.000041
72 0.000036
73 0.000029
74 0.000017
75 0.000054
76 0.000000
77 0.000000
78 0.000000
79 0.000000
80 0.000000
81 0.000637
82 0.000822
83 0.000717
84 0.002038
85 0.001681
86 0.001378
87 0.001323
88 0.001930
89 0.005349
90 0.016006
91 0.002361
92 0.000137
93 0.000033
94 0.000013
95 0.000008
96 0.000007
97 0.000018
98 0.000042
99 0.000036
100 0.000032
101 0.000004
102 0.000000
103 0.000000
104 0.000000
105 0.000000
106 0.000000
107 0.000000
108 0.000001
109 0.000599
110 0.000633
111 0.000817
112 0.001681
113 0.001592
114 0.001226
115 0.001157
116 0.000000
117 0.000000
118 0.000000
119 0.000000
120 0.000001
121 0.000016
122 0.000026
123 0.000011
124 0.000022
125 0.000028
126 0.000039
127 0.000001
128 0.000000
129 0.000000
130 0.000000
131 0.000000
132 0.000000
133 0.000000
134 0.000001
135 0.000001
136 0.000197
137 0.000457
138 0.000595
139 0.000771
140 0.001592
141 0.001299
142 0.001157
143 0.001092
144 0.000001
145 0.000000
146 0.000000
147 0.000000
148 0.000000
149 0.000000
150 0.000000
151 0.000000
152 0.000001
153 0.000000
154 0.000001
155 0.000000
156 0.000000
157 0.000000
158 0.000000
159 0.000000
160 0.000000
161 0.000000
162 0.000001
163 0.000001
164 0.000466
165 0.000428
166 0.000560
167 0.000595
168 0.002038
169 0.001157
170 0.001092
171 0.000973
172 0.000002
173 0.000001
174 0.000000
175 0.000000
176 0.000000
177 0.000000
178 0.000000
179 0.000000
180 0.000000
181 0.000000
182 0.000000
183 0.000000
184 0.000000
185 0.000000
186 0.000000
187 0.000000
188 0.000000
189 0.000000
190 0.000001
191 0.000017
192 0.000353
193 0.000376
194 0.000401
195 0.000578
196 0.003574
197 0.002095
198 0.001030
199 0.000775
200 0.000174
201 0.000001
202 0.000000
203 0.000000
204 0.000000
205 0.000000
206 0.000000
207 0.000000
208 0.000000
209 0.000000
210 0.000000
211 0.000000
212 0.000000
213 0.000000
214 0.000000
215 0.000000
216 0.000000
217 0.000001
218 0.000001
219 0.000046
220 0.000353
221 0.000376
222 0.000404
223 0.000532
224 0.008344
225 0.004027
226 0.002214
227 0.001035
228 0.000540
229 0.000003
230 0.000001
231 0.000000
232 0.000000
233 0.000000
234 0.000000
235 0.000000
236 0.000000
237 0.000000
238 0.000000
239 0.000000
240 0.000000
241 0.000000
242 0.000000
243 0.000000
244 0.000000
245 0.000001
246 0.000001
247 0.000006
248 0.000014
249 0.000024
250 0.000059
251 0.000105
252 0.010001
253 0.009999
254 0.005512
255 0.001210
256 0.000077
257 0.000001
258 0.000001
259 0.000000
260 0.000000
261 0.000000
262 0.000000
263 0.000001
264 0.000000
265 0.000000
266 0.000000
267 0.000000
268 0.000000
269 0.000000
270 0.000000
271 0.000000
272 0.000000
273 0.000001
274 0.000001
275 0.000001
276 0.000002
277 0.000003
278 0.000007
279 0.000024
280 0.027094
281 0.003640
282 0.000973
283 0.000122
284 0.000018
285 0.000000
286 0.000001
287 0.000001
288 0.000000
289 0.000000
290 0.000001
291 0.000001
292 0.000001
293 0.000001
294 0.000001
295 0.000000
296 0.000000
297 0.000000
298 0.000000
299 0.000000
300 0.000001
301 0.000001
302 0.000000
303 0.000001
304 0.000002
305 0.000004
306 0.000008
307 0.000020
308 0.001763
309 0.000794
310 0.000249
311 0.000034
312 0.000002
313 0.000000
314 0.000001
315 0.000001
316 0.000000
317 0.000000
318 0.000001
319 0.000001
320 0.000001
321 0.000001
322 0.000001
323 0.000000
324 0.000000
325 0.000000
326 0.000000
327 0.000000
328 0.000001
329 0.000001
330 0.000000
331 0.000001
332 0.000004
333 0.000009
334 0.000026
335 0.000119
336 0.000096
337 0.000071
338 0.000081
339 0.000092
340 0.000001
341 0.000000
342 0.000001
343 0.000001
344 0.000001
345 0.000001
346 0.000001
347 0.000001
348 0.000001
349 0.000001
350 0.000001
351 0.000001
352 0.000000
353 0.000000
354 0.000000
355 0.000000
356 0.000001
357 0.000001
358 0.000000
359 0.000000
360 0.000014
361 0.000053
362 0.000130
363 0.000148
364 0.000007
365 0.000012
366 0.000033
367 0.000044
368 0.000001
369 0.000000
370 0.000000
371 0.000002
372 0.000006
373 0.000002
374 0.000001
375 0.000000
376 0.000000
377 0.000000
378 0.000001
379 0.000001
380 0.000001
381 0.000001
382 0.000000
383 0.000001
384 0.000001
385 0.000000
386 0.000000
387 0.000001
388 0.000021
389 0.000137
390 0.000072
391 0.000039
392 0.000006
393 0.000003
394 0.000002
395 0.000001
396 0.000000
397 0.000000
398 0.000001
399 0.000017
400 0.999986
401 0.000004
402 0.000001
403 0.000000
404 0.000000
405 0.000000
406 0.000000
407 0.000001
408 0.000001
409 0.000001
410 0.000001
411 0.000001
412 0.000001
413 0.000000
414 0.000000
415 0.000001
416 0.000002
417 0.000027
418 0.000015
419 0.000007
420 0.000005
421 0.000003
422 0.000002
423 0.000000
424 0.000000
425 0.000000
426 0.000001
427 0.000197
428 0.000991
429 0.000005
430 0.000001
431 0.000000
432 0.000000
433 0.000000
434 0.000000
435 0.000000
436 0.000001
437 0.000002
438 0.000009
439 0.000015
440 0.000002
441 0.000001
442 0.000000
443 0.000000
444 0.000000
445 0.000004
446 0.000003
447 0.000003
448 0.000007
449 0.000003
450 0.000004
451 0.000000
452 0.000000
453 0.000001
454 0.000001
455 0.000008
456 0.000003
457 0.000002
458 0.000001
459 0.000000
460 0.000000
461 0.000000
462 0.000000
463 0.000000
464 0.000001
465 0.000002
466 0.000048
467 0.999987
468 0.000043
469 0.000001
470 0.000000
471 0.000000
472 0.000000
473 0.000001
474 0.000002
475 0.000005
476 0.000040
477 0.000042
478 0.000010
479 0.000000
480 0.000000
481 0.000001
482 0.000002
483 0.000001
484 0.000001
485 0.000001
486 0.000001
487 0.000001
488 0.000000
489 0.000000
490 0.000000
491 0.000000
492 0.000001
493 0.000001
494 0.000005
495 0.000079
496 0.000096
497 0.000001
498 0.000000
499 0.000000
500 0.000000
501 0.000000
502 0.000011
503 0.000027
504 0.000977
505 0.001379
506 0.000023
507 0.000000
508 0.000001
509 0.000001
510 0.000001
511 0.000001
512 0.000000
513 0.000001
514 0.000001
515 0.000001
516 0.000000
517 0.000001
518 0.000001
519 0.000001
520 0.000001
521 0.000001
522 0.000001
523 0.000001
524 0.000003
525 0.000004
526 0.000001
527 0.000000
528 0.000000
529 0.000001
530 0.000119
531 0.000252
532 0.003545
533 0.010003
534 0.000025
535 0.000001
536 0.000001
537 0.000001
538 0.000001
539 0.000000
540 0.000000
541 0.000000
542 0.000001
543 0.000001
544 0.000001
545 0.000001
546 0.000001
547 0.000001
548 0.000000
549 0.000001
550 0.000001
551 0.000001
552 0.000001
553 0.000012
554 0.000036
555 0.000002
556 0.000001
557 0.000018
558 0.001039
559 0.000584
560 0.010004
561 0.010009
562 0.000021
563 0.000001
564 0.000001
565 0.000001
566 0.000000
567 0.000000
568 0.000000
569 0.000001
570 0.000001
571 0.000001
572 0.000001
573 0.000000
574 0.000000
575 0.000000
576 0.000000
577 0.000001
578 0.000001
579 0.000000
580 0.000000
581 0.000002
582 0.000573
583 0.000750
584 0.000059
585 0.007861
586 0.003164
587 0.001697
588 0.010009
589 0.007736
590 0.000089
591 0.000001
592 0.000001
593 0.000000
594 0.000000
595 0.000000
596 0.000000
597 0.000001
598 0.000001
599 0.000001
600 0.000001
601 0.000000
602 0.000000
603 0.000000
604 0.000000
605 0.000001
606 0.000001
607 0.000000
608 0.000000
609 0.000001
610 0.000007
611 0.002861
612 0.027290
613 0.010009
614 0.010004
615 0.005029
616 0.006526
617 0.002809
618 0.000946
619 0.000021
620 0.000001
621 0.000000
622 0.000000
623 0.000000
624 0.000001
625 0.000001
626 0.000001
627 0.000001
628 0.000001
629 0.000001
630 0.000000
631 0.000000
632 0.000000
633 0.000001
634 0.000000
635 0.000000
636 0.000000
637 0.000000
638 0.000014
639 0.004493
640 0.011309
641 0.027995
642 0.000001
643 0.000001
644 0.002549
645 0.001107
646 0.000426
647 0.000319
648 0.000095
649 0.000001
650 0.000000
651 0.000000
652 0.000000
653 0.000000
654 0.000001
655 0.000001
656 0.000005
657 0.000027
658 0.000006
659 0.000001
660 0.000001
661 0.000001
662 0.000000
663 0.000000
664 0.000000
665 0.000004
666 0.000251
667 0.002021
668 0.004884
669 0.000001
670 0.000001
671 0.000001
672 0.000000
673 0.000472
674 0.000443
675 0.000341
676 0.000392
677 0.000300
678 0.000002
679 0.000001
680 0.000002
681 0.000008
682 0.000123
683 0.000115
684 0.000081
685 0.000070
686 0.000041
687 0.000065
688 0.000129
689 0.000137
690 0.000016
691 0.000009
692 0.000024
693 0.000225
694 0.000254
695 0.000342
696 0.000000
697 0.000000
698 0.000001
699 0.000001
700 0.000000
701 0.000000
702 0.000471
703 0.000443
704 0.000417
705 0.000392
706 0.000300
707 0.000281
708 0.000248
709 0.000187
710 0.000141
711 0.000123
712 0.000116
713 0.000102
714 0.000407
715 0.000652
716 0.000323
717 0.000118
718 0.000163
719 0.000174
720 0.000184
721 0.000238
722 0.000306
723 0.000000
724 0.000001
725 0.000001
726 0.000000
727 0.000001
728 0.000000
729 0.000000
730 0.000000
731 0.000000
732 0.000443
733 0.000417
734 0.000319
735 0.000300
736 0.000281
737 0.000213
738 0.000187
739 0.000175
740 0.000165
741 0.000231
742 0.001266
743 0.003483
744 0.000831
745 0.000233
746 0.000174
747 0.000225
748 0.000238
749 0.000306
750 0.000000
751 0.000000
752 0.000000
753 0.000001
754 0.000001
755 0.000000
756 0.000000
757 0.000000
758 0.000000
759 0.000000
760 0.000000
761 0.000443
762 0.000417
763 0.000319
764 0.000300
765 0.000281
766 0.000264
767 0.000248
768 0.000176
769 0.000675
770 0.004116
771 0.007683
772 0.001734
773 0.000574
774 0.000174
775 0.000196
776 0.000252
777 0.000000
778 0.000010
779 0.000006
780 0.000000
781 0.000000
782 0.000000
783 0.000000
