0 0.012788
1 0.007980
2 0.006220
3 0.006328
4 0.004855
5 0.003449
6 0.002545
7 0.002447
8 0.000588
9 0.000128
10 0.000098
11 0.000089
12 0.000095
13 0.000095
14 0.000092
15 0.000142
16 0.000281
17 0.000549
18 0.000798
19 0.001000
20 0.001307
21 0.001364
22 0.001638
23 0.001705
24 0.001553
25 0.001621
26 0.001926
27 0.002006
28 0.017372
29 0.012788
30 0.008627
31 0.006220
32 0.005728
33 0.004387
34 0.002978
35 0.001597
36 0.000249
37 0.000070
38 0.000065
39 0.000069
40 0.000070
41 0.000083
42 0.000077
43 0.000076
44 0.000151
45 0.000458
46 0.000689
47 0.001027
48 0.001081
49 0.001307
50 0.000000
51 0.000000
52 0.001487
53 0.001776
54 0.001622
55 0.002765
56 0.015290
57 0.017372
58 0.013389
59 0.008627
60 0.006221
61 0.005090
62 0.003812
63 0.000917
64 0.000129
65 0.000047
66 0.000059
67 0.000051
68 0.000046
69 0.000052
70 0.000052
71 0.000049
72 0.000092
73 0.000228
74 0.000610
75 0.000783
76 0.000001
77 0.000000
78 0.000000
79 0.000000
80 0.000000
81 0.001487
82 0.002597
83 0.003882
84 0.007752
85 0.013794
86 0.017914
87 0.012847
88 0.008279
89 0.005972
90 0.004997
91 0.000537
92 0.000071
93 0.000038
94 0.000037
95 0.000038
96 0.000038
97 0.000047
98 0.000043
99 0.000038
100 0.000046
101 0.000050
102 0.000000
103 0.000000
104 0.000000
105 0.000000
106 0.000000
107 0.000000
108 0.000066
109 0.002415
110 0.003719
111 0.006593
112 0.003912
113 0.006804
114 0.012218
115 0.017915
116 0.000000
117 0.000000
118 0.000000
119 0.000001
120 0.000001
121 0.000012
122 0.000032
123 0.000032
124 0.000034
125 0.000033
126 0.000033
127 0.000002
128 0.000000
129 0.000000
130 0.000000
131 0.000000
132 0.000000
133 0.000000
134 0.000000
135 0.000001
136 0.002271
137 0.003525
138 0.006423
139 0.008714
140 0.003038
141 0.003336
142 0.005781
143 0.009916
144 0.000000
145 0.000000
146 0.000000
147 0.000000
148 0.000000
149 0.000000
150 0.000000
151 0.000000
152 0.000000
153 0.000000
154 0.000000
155 0.000000
156 0.000000
157 0.000000
158 0.000000
159 0.000000
160 0.000000
161 0.000000
162 0.000000
163 0.005723
164 0.003896
165 0.006259
166 0.008614
167 0.006943
168 0.002642
169 0.002461
170 0.002629
171 0.004611
172 0.000000
173 0.000000
174 0.000000
175 0.000000
176 0.000000
177 0.000000
178 0.000000
179 0.000000
180 0.000000
181 0.000000
182 0.000000
183 0.000000
184 0.000000
185 0.000000
186 0.000000
187 0.000000
188 0.000000
189 0.000000
190 0.000282
191 0.003917
192 0.007213
193 0.008517
194 0.005019
195 0.003581
196 0.002447
197 0.002355
198 0.002035
199 0.002111
200 0.000015
201 0.000000
202 0.000000
203 0.000000
204 0.000000
205 0.000000
206 0.000000
207 0.000000
208 0.000000
209 0.000000
210 0.000000
211 0.000000
212 0.000000
213 0.000000
214 0.000000
215 0.000000
216 0.000000
217 0.000002
218 0.000880
219 0.002935
220 0.008092
221 0.004401
222 0.003283
223 0.003093
224 0.002355
225 0.002035
226 0.001877
227 0.001803
228 0.001497
229 0.000000
230 0.000000
231 0.000000
232 0.000000
233 0.000000
234 0.000000
235 0.000000
236 0.000000
237 0.000000
238 0.000000
239 0.000000
240 0.000000
241 0.000000
242 0.000000
243 0.000000
244 0.000001
245 0.001440
246 0.001557
247 0.001266
248 0.000660
249 0.000575
250 0.000583
251 0.000841
252 0.002267
253 0.001877
254 0.001803
255 0.001059
256 0.000240
257 0.000000
258 0.000000
259 0.000000
260 0.000000
261 0.000000
262 0.000000
263 0.000000
264 0.000000
265 0.000000
266 0.000000
267 0.000000
268 0.000000
269 0.000000
270 0.000000
271 0.000000
272 0.000034
273 0.999990
274 0.003433
275 0.000925
276 0.000553
277 0.000507
278 0.000783
279 0.001724
280 0.001877
281 0.000680
282 0.000351
283 0.000100
284 0.000041
285 0.000000
286 0.000000
287 0.000000
288 0.000000
289 0.000000
290 0.000000
291 0.000000
292 0.000000
293 0.000000
294 0.000000
295 0.000000
296 0.000000
297 0.000000
298 0.000000
299 0.000000
300 0.000021
301 0.000123
302 0.000616
303 0.001213
304 0.002553
305 0.005501
306 0.006807
307 0.004457
308 0.000403
309 0.000169
310 0.000059
311 0.000025
312 0.000003
313 0.000000
314 0.000000
315 0.000000
316 0.000000
317 0.000000
318 0.000000
319 0.000000
320 0.000000
321 0.000000
322 0.000000
323 0.000000
324 0.000000
325 0.000000
326 0.000000
327 0.000000
328 0.000001
329 0.000002
330 0.000040
331 0.000165
332 0.001128
333 0.003086
334 0.005784
335 0.019447
336 0.000108
337 0.000058
338 0.000040
339 0.000022
340 0.000001
341 0.000000
342 0.000000
343 0.000000
344 0.000000
345 0.000000
346 0.000000
347 0.000000
348 0.000000
349 0.000000
350 0.000000
351 0.000000
352 0.000000
353 0.000000
354 0.000000
355 0.000001
356 0.000001
357 0.000000
358 0.000005
359 0.000060
360 0.000233
361 0.001231
362 0.002381
363 0.003434
364 0.000112
365 0.000077
366 0.000046
367 0.000027
368 0.000000
369 0.000000
370 0.000000
371 0.000000
372 0.000000
373 0.000000
374 0.000000
375 0.000000
376 0.000000
377 0.000000
378 0.000000
379 0.000000
380 0.000000
381 0.000000
382 0.000000
383 0.000000
384 0.000000
385 0.000000
386 0.000002
387 0.000052
388 0.000136
389 0.000230
390 0.000277
391 0.000508
392 0.000179
393 0.000095
394 0.000046
395 0.000005
396 0.000000
397 0.000000
398 0.000000
399 0.000000
400 0.000000
401 0.000000
402 0.000000
403 0.000000
404 0.000000
405 0.000000
406 0.000000
407 0.000002
408 0.000002
409 0.000001
410 0.000000
411 0.000000
412 0.000000
413 0.000000
414 0.000001
415 0.000006
416 0.000044
417 0.000103
418 0.000070
419 0.000054
420 0.000234
421 0.000160
422 0.000096
423 0.000002
424 0.000000
425 0.000000
426 0.000000
427 0.000000
428 0.000000
429 0.000000
430 0.000000
431 0.000000
432 0.000000
433 0.000000
434 0.000000
435 0.000006
436 0.001540
437 0.000174
438 0.000006
439 0.000001
440 0.000000
441 0.000000
442 0.000000
443 0.000001
444 0.000009
445 0.000042
446 0.000046
447 0.000051
448 0.000309
449 0.000227
450 0.000171
451 0.000001
452 0.000000
453 0.000000
454 0.000000
455 0.000000
456 0.000000
457 0.000000
458 0.000000
459 0.000000
460 0.000000
461 0.000000
462 0.000000
463 0.000003
464 0.001035
465 0.999989
466 0.001089
467 0.000009
468 0.000000
469 0.000000
470 0.000000
471 0.000000
472 0.000002
473 0.000026
474 0.000049
475 0.000073
476 0.000473
477 0.000373
478 0.000086
479 0.000000
480 0.000000
481 0.000000
482 0.000000
483 0.000000
484 0.000000
485 0.000000
486 0.000000
487 0.000000
488 0.000000
489 0.000000
490 0.000000
491 0.000001
492 0.000022
493 0.000436
494 0.016663
495 0.000283
496 0.000001
497 0.000000
498 0.000000
499 0.000000
500 0.000001
501 0.000016
502 0.000101
503 0.000138
504 0.000841
505 0.000601
506 0.000025
507 0.000000
508 0.000000
509 0.000000
510 0.000000
511 0.000000
512 0.000000
513 0.000000
514 0.000000
515 0.000000
516 0.000000
517 0.000000
518 0.000000
519 0.000000
520 0.000000
521 0.000003
522 0.000087
523 0.000774
524 0.000047
525 0.000001
526 0.000000
527 0.000000
528 0.000000
529 0.000013
530 0.000196
531 0.000280
532 0.000791
533 0.000719
534 0.000010
535 0.000000
536 0.000000
537 0.000000
538 0.000000
539 0.000000
540 0.000000
541 0.000000
542 0.000000
543 0.000001
544 0.000003
545 0.000002
546 0.000001
547 0.000000
548 0.000000
549 0.000000
550 0.000001
551 0.000015
552 0.000462
553 0.000083
554 0.000002
555 0.000001
556 0.000002
557 0.000012
558 0.000280
559 0.000296
560 0.000964
561 0.000921
562 0.000012
563 0.000000
564 0.000000
565 0.000000
566 0.000000
567 0.000000
568 0.000000
569 0.000000
570 0.000000
571 0.000001
572 0.000049
573 0.000174
574 0.000034
575 0.000002
576 0.000001
577 0.000000
578 0.000000
579 0.000001
580 0.000030
581 0.000579
582 0.000285
583 0.000012
584 0.000033
585 0.000839
586 0.000407
587 0.000376
588 0.001168
589 0.000964
590 0.000080
591 0.000001
592 0.000000
593 0.000000
594 0.000000
595 0.000001
596 0.000001
597 0.000002
598 0.000001
599 0.000004
600 0.000474
601 0.999988
602 0.003073
603 0.000142
604 0.000009
605 0.000003
606 0.000000
607 0.000000
608 0.000001
609 0.000045
610 0.001194
611 0.001506
612 0.004500
613 0.001911
614 0.001068
615 0.000624
616 0.001273
617 0.001168
618 0.000964
619 0.000128
620 0.000004
621 0.000001
622 0.000001
623 0.000008
624 0.000046
625 0.000077
626 0.000015
627 0.000013
628 0.000330
629 0.005764
630 0.002195
631 0.000215
632 0.000329
633 0.000046
634 0.000016
635 0.000008
636 0.000002
637 0.000006
638 0.000247
639 0.010012
640 0.010011
641 0.005804
642 0.000000
643 0.000000
644 0.001330
645 0.001273
646 0.001220
647 0.001009
648 0.000463
649 0.000016
650 0.000018
651 0.000202
652 0.000726
653 0.000897
654 0.000152
655 0.000032
656 0.000137
657 0.001394
658 0.010010
659 0.001177
660 0.000172
661 0.000038
662 0.000264
663 0.000119
664 0.000054
665 0.000324
666 0.001634
667 0.005037
668 0.010012
669 0.000000
670 0.000000
671 0.000000
672 0.000000
673 0.001330
674 0.001273
675 0.001056
676 0.001168
677 0.000964
678 0.002102
679 0.001043
680 0.001249
681 0.000629
682 0.000408
683 0.000153
684 0.000100
685 0.000691
686 0.004382
687 0.005872
688 0.001328
689 0.000444
690 0.000085
691 0.000062
692 0.000055
693 0.000307
694 0.000741
695 0.002140
696 0.000000
697 0.000000
698 0.000000
699 0.000000
700 0.000000
701 0.000000
702 0.001330
703 0.001273
704 0.001220
705 0.001168
706 0.000964
707 0.000921
708 0.000841
709 0.001813
710 0.002103
711 0.000525
712 0.000094
713 0.000282
714 0.002040
715 0.010012
716 0.003598
717 0.000894
718 0.000337
719 0.000196
720 0.000207
721 0.000265
722 0.000413
723 0.000000
724 0.000000
725 0.000000
726 0.000000
727 0.000000
728 0.000000
729 0.000000
730 0.000000
731 0.000000
732 0.001274
733 0.001220
734 0.001009
735 0.000964
736 0.001704
737 0.003682
738 0.009998
739 0.001155
740 0.000188
741 0.000162
742 0.001008
743 0.004600
744 0.010014
745 0.002304
746 0.000805
747 0.000307
748 0.000265
749 0.000338
750 0.000001
751 0.000000
752 0.000000
753 0.000001
754 0.000000
755 0.000000
756 0.000000
757 0.000000
758 0.000001
759 0.000001
760 0.000000
761 0.001274
762 0.001220
763 0.001355
764 0.002799
765 0.007183
766 0.009999
767 0.002634
768 0.000382
769 0.000115
770 0.000526
771 0.002237
772 0.010012
773 0.006130
774 0.001540
775 0.000581
776 0.000283
777 0.000066
778 0.000168
779 0.000156
780 0.000050
781 0.000004
782 0.000001
783 0.000000
