0 0.006068
1 0.007025
2 0.008619
3 0.011756
4 0.015122
5 0.012762
6 0.009386
7 0.005266
8 0.001595
9 0.000511
10 0.000694
11 0.001432
12 0.008006
13 0.029874
14 0.015760
15 0.000862
16 0.000292
17 0.000159
18 0.000351
19 0.001029
20 0.002653
21 0.004205
22 0.007468
23 0.008343
24 0.008408
25 0.005713
26 0.004304
27 0.003362
28 0.004790
29 0.005964
30 0.006802
31 0.008619
32 0.012154
33 0.015716
34 0.012266
35 0.006862
36 0.001071
37 0.000368
38 0.000442
39 0.001674
40 0.003639
41 0.036317
42 0.024727
43 0.001840
44 0.000181
45 0.000118
46 0.000175
47 0.000844
48 0.003571
49 0.006514
50 0.000017
51 0.000000
52 0.005789
53 0.004273
54 0.002901
55 0.002646
56 0.004154
57 0.004602
58 0.005359
59 0.006802
60 0.008619
61 0.012902
62 0.015225
63 0.005499
64 0.001179
65 0.000335
66 0.000669
67 0.001437
68 0.004371
69 0.016382
70 0.029451
71 0.006528
72 0.000180
73 0.000087
74 0.000114
75 0.000671
76 0.000071
77 0.000008
78 0.000000
79 0.000000
80 0.000000
81 0.002830
82 0.002492
83 0.002294
84 0.003824
85 0.003597
86 0.004038
87 0.005024
88 0.006707
89 0.009176
90 0.012902
91 0.003439
92 0.001007
93 0.000539
94 0.001237
95 0.002178
96 0.003096
97 0.004656
98 0.017359
99 0.007220
100 0.000723
101 0.000041
102 0.000002
103 0.000001
104 0.000004
105 0.000001
106 0.000000
107 0.000001
108 0.000021
109 0.002075
110 0.002135
111 0.002474
112 0.003443
113 0.003286
114 0.002984
115 0.003774
116 0.000000
117 0.000000
118 0.000001
119 0.000007
120 0.000006
121 0.000736
122 0.002781
123 0.005484
124 0.002940
125 0.002786
126 0.004316
127 0.001300
128 0.000045
129 0.000000
130 0.000000
131 0.000001
132 0.000001
133 0.000002
134 0.000001
135 0.000002
136 0.000143
137 0.001765
138 0.002060
139 0.002424
140 0.005735
141 0.003189
142 0.002699
143 0.002607
144 0.000000
145 0.000000
146 0.000000
147 0.000000
148 0.000000
149 0.000003
150 0.000037
151 0.000053
152 0.000082
153 0.000013
154 0.000020
155 0.000013
156 0.000007
157 0.000002
158 0.000001
159 0.000002
160 0.000001
161 0.000002
162 0.000001
163 0.000030
164 0.001785
165 0.001701
166 0.002015
167 0.002483
168 0.008746
169 0.006536
170 0.003688
171 0.002427
172 0.000062
173 0.000000
174 0.000000
175 0.000000
176 0.000000
177 0.000000
178 0.000002
179 0.000003
180 0.000000
181 0.000000
182 0.000000
183 0.000000
184 0.000003
185 0.000027
186 0.000044
187 0.000001
188 0.000000
189 0.000001
190 0.000015
191 0.000074
192 0.001535
193 0.001599
194 0.002417
195 0.003913
196 0.013706
197 0.011153
198 0.007138
199 0.003730
200 0.001357
201 0.000001
202 0.000000
203 0.000000
204 0.000000
205 0.000000
206 0.000000
207 0.000000
208 0.000000
209 0.000000
210 0.000000
211 0.000001
212 0.000164
213 0.000621
214 0.000003
215 0.000000
216 0.000000
217 0.000000
218 0.000008
219 0.000084
220 0.001704
221 0.002629
222 0.003755
223 0.005768
224 0.010003
225 0.014212
226 0.011755
227 0.007285
228 0.004311
229 0.000108
230 0.000000
231 0.000000
232 0.000000
233 0.000000
234 0.000000
235 0.000000
236 0.000000
237 0.000000
238 0.000019
239 0.000256
240 0.999996
241 0.000880
242 0.000003
243 0.000000
244 0.000000
245 0.000000
246 0.000002
247 0.000179
248 0.000347
249 0.000760
250 0.001792
251 0.003188
252 0.010002
253 0.010003
254 0.011655
255 0.009585
256 0.002532
257 0.000108
258 0.000000
259 0.000000
260 0.000000
261 0.000000
262 0.000000
263 0.000000
264 0.000000
265 0.000002
266 0.000016
267 0.000439
268 0.000031
269 0.000054
270 0.000016
271 0.000004
272 0.000000
273 0.000000
274 0.000001
275 0.000390
276 0.000509
277 0.000881
278 0.001101
279 0.001525
280 0.005221
281 0.004241
282 0.003831
283 0.002486
284 0.002049
285 0.000027
286 0.000001
287 0.000000
288 0.000000
289 0.000000
290 0.000000
291 0.000000
292 0.000002
293 0.000004
294 0.000048
295 0.000007
296 0.000001
297 0.000000
298 0.000007
299 0.000008
300 0.000001
301 0.000000
302 0.000016
303 0.004859
304 0.004528
305 0.004026
306 0.003997
307 0.003020
308 0.001496
309 0.001264
310 0.001066
311 0.001112
312 0.000278
313 0.000017
314 0.000017
315 0.000008
316 0.000001
317 0.000000
318 0.000000
319 0.000000
320 0.000007
321 0.000089
322 0.000043
323 0.000003
324 0.000000
325 0.000000
326 0.000001
327 0.000035
328 0.000001
329 0.000000
330 0.000043
331 0.001908
332 0.014096
333 0.013884
334 0.014748
335 0.012788
336 0.001074
337 0.000579
338 0.000604
339 0.000628
340 0.000064
341 0.000013
342 0.000087
343 0.001720
344 0.000028
345 0.000000
346 0.000000
347 0.000000
348 0.000001
349 0.000031
350 0.000016
351 0.000004
352 0.000001
353 0.000001
354 0.000002
355 0.000013
356 0.000001
357 0.000000
358 0.000006
359 0.000182
360 0.007653
361 0.016094
362 0.016005
363 0.012080
364 0.002818
365 0.002173
366 0.001137
367 0.001154
368 0.000024
369 0.000009
370 0.000403
371 0.999995
372 0.000195
373 0.000001
374 0.000000
375 0.000000
376 0.000000
377 0.000000
378 0.000001
379 0.000005
380 0.000059
381 0.000043
382 0.000084
383 0.000003
384 0.000006
385 0.000002
386 0.000001
387 0.000018
388 0.001230
389 0.004538
390 0.004504
391 0.005081
392 0.003882
393 0.005305
394 0.007698
395 0.001980
396 0.000022
397 0.000013
398 0.000310
399 0.001107
400 0.000131
401 0.000007
402 0.000001
403 0.000000
404 0.000000
405 0.000000
406 0.000000
407 0.000003
408 0.000504
409 0.005395
410 0.001464
411 0.000034
412 0.000004
413 0.000024
414 0.000003
415 0.000001
416 0.000042
417 0.000642
418 0.000632
419 0.000591
420 0.004180
421 0.009071
422 0.021286
423 0.001401
424 0.000041
425 0.000067
426 0.001022
427 0.000062
428 0.000019
429 0.000009
430 0.000008
431 0.000001
432 0.000000
433 0.000000
434 0.000000
435 0.000001
436 0.000143
437 0.999989
438 0.025701
439 0.000580
440 0.000021
441 0.000054
442 0.000002
443 0.000000
444 0.000002
445 0.000097
446 0.000071
447 0.000116
448 0.008448
449 0.009493
450 0.008076
451 0.000115
452 0.000043
453 0.000491
454 0.000439
455 0.000063
456 0.000015
457 0.000010
458 0.000003
459 0.000000
460 0.000000
461 0.000000
462 0.000000
463 0.000001
464 0.000033
465 0.001073
466 0.016937
467 0.004797
468 0.000137
469 0.000026
470 0.000001
471 0.000000
472 0.000000
473 0.000015
474 0.000046
475 0.000083
476 0.011486
477 0.007716
478 0.002841
479 0.000036
480 0.000022
481 0.000382
482 0.000175
483 0.000041
484 0.000059
485 0.000027
486 0.000004
487 0.000000
488 0.000000
489 0.000001
490 0.000006
491 0.000005
492 0.000005
493 0.000021
494 0.000035
495 0.000302
496 0.000379
497 0.000033
498 0.000001
499 0.000000
500 0.000000
501 0.000005
502 0.000130
503 0.000228
504 0.010001
505 0.009314
506 0.000712
507 0.000034
508 0.000077
509 0.000058
510 0.000011
511 0.000012
512 0.000046
513 0.000020
514 0.000009
515 0.000032
516 0.000107
517 0.000027
518 0.000017
519 0.000018
520 0.000004
521 0.000000
522 0.000000
523 0.000001
524 0.000134
525 0.000060
526 0.000007
527 0.000001
528 0.000000
529 0.000010
530 0.000428
531 0.000851
532 0.010000
533 0.010001
534 0.000290
535 0.000031
536 0.000160
537 0.000024
538 0.000007
539 0.000004
540 0.000002
541 0.000014
542 0.000979
543 0.012755
544 0.057869
545 0.013855
546 0.001211
547 0.000003
548 0.000000
549 0.000000
550 0.000000
551 0.000000
552 0.000003
553 0.000262
554 0.000125
555 0.000008
556 0.000006
557 0.000110
558 0.001396
559 0.000964
560 0.010001
561 0.010001
562 0.000313
563 0.000112
564 0.000060
565 0.000010
566 0.000004
567 0.000004
568 0.000020
569 0.000375
570 0.010090
571 0.999986
572 0.044900
573 0.006801
574 0.000114
575 0.000004
576 0.000002
577 0.000000
578 0.000000
579 0.000000
580 0.000001
581 0.000053
582 0.000432
583 0.000309
584 0.000215
585 0.005099
586 0.002899
587 0.001961
588 0.010001
589 0.010001
590 0.001353
591 0.000204
592 0.000053
593 0.000003
594 0.000008
595 0.000075
596 0.000762
597 0.011171
598 0.001045
599 0.000174
600 0.000050
601 0.000008
602 0.000015
603 0.000049
604 0.000014
605 0.000005
606 0.000005
607 0.000001
608 0.000001
609 0.000004
610 0.000197
611 0.000841
612 0.010007
613 0.009182
614 0.005942
615 0.003931
616 0.010001
617 0.010001
618 0.010000
619 0.001994
620 0.000056
621 0.000077
622 0.000289
623 0.001973
624 0.001101
625 0.000087
626 0.000031
627 0.000026
628 0.000036
629 0.000061
630 0.000039
631 0.000049
632 0.000138
633 0.000039
634 0.000041
635 0.000059
636 0.000019
637 0.000005
638 0.000116
639 0.004395
640 0.008127
641 0.010007
642 0.000000
643 0.000000
644 0.010001
645 0.010000
646 0.010000
647 0.006753
648 0.007280
649 0.003564
650 0.002089
651 0.000112
652 0.000040
653 0.000043
654 0.000114
655 0.000464
656 0.002213
657 0.009345
658 0.005982
659 0.000663
660 0.000042
661 0.000008
662 0.000026
663 0.000145
664 0.000048
665 0.000059
666 0.001192
667 0.002494
668 0.004535
669 0.000000
670 0.000000
671 0.000001
672 0.000000
673 0.010000
674 0.007535
675 0.004672
676 0.003166
677 0.002374
678 0.000323
679 0.000188
680 0.000511
681 0.002357
682 0.013056
683 0.013141
684 0.010003
685 0.010006
686 0.015227
687 0.002211
688 0.000157
689 0.000140
690 0.000249
691 0.000134
692 0.000198
693 0.000784
694 0.000854
695 0.001470
696 0.000000
697 0.000000
698 0.000000
699 0.000000
700 0.000000
701 0.000000
702 0.005275
703 0.003621
704 0.002735
705 0.003551
706 0.005123
707 0.009074
708 0.010004
709 0.012399
710 0.012627
711 0.010334
712 0.010004
713 0.010007
714 0.019364
715 0.002784
716 0.000186
717 0.000218
718 0.000670
719 0.000664
720 0.000687
721 0.000817
722 0.000975
723 0.000000
724 0.000000
725 0.000001
726 0.000000
727 0.000000
728 0.000000
729 0.000000
730 0.000000
731 0.000000
732 0.003378
733 0.005240
734 0.007536
735 0.010002
736 0.011751
737 0.011960
738 0.012395
739 0.010002
740 0.010005
741 0.021076
742 0.015969
743 0.002780
744 0.000468
745 0.000472
746 0.000747
747 0.000821
748 0.000826
749 0.000977
750 0.000000
751 0.000003
752 0.000001
753 0.000001
754 0.000000
755 0.000000
756 0.000000
757 0.000000
758 0.000000
759 0.000000
760 0.000000
761 0.006952
762 0.010001
763 0.011509
764 0.011655
765 0.011748
766 0.010001
767 0.010003
768 0.010006
769 0.027218
770 0.011851
771 0.001753
772 0.001019
773 0.001236
774 0.000809
775 0.000783
776 0.000881
777 0.000520
778 0.000425
779 0.000379
780 0.000053
781 0.000045
782 0.000000
783 0.000000
