0 0.007443
1 0.005813
2 0.004661
3 0.004845
4 0.004427
5 0.004030
6 0.003813
7 0.003709
8 0.001172
9 0.000329
10 0.000262
11 0.000304
12 0.000390
13 0.000569
14 0.000805
15 0.001603
16 0.004983
17 0.009283
18 0.011287
19 0.005912
20 0.003708
21 0.003905
22 0.005696
23 0.006208
24 0.005971
25 0.005971
26 0.007706
27 0.007055
28 0.008787
29 0.007281
30 0.005578
31 0.004439
32 0.004315
33 0.004099
34 0.003709
35 0.002673
36 0.000588
37 0.000198
38 0.000189
39 0.000215
40 0.000285
41 0.000616
42 0.000936
43 0.003019
44 0.009093
45 0.013560
46 0.004911
47 0.002287
48 0.003523
49 0.005089
50 0.000000
51 0.000000
52 0.005971
53 0.008434
54 0.007066
55 0.005682
56 0.009757
57 0.008709
58 0.007180
59 0.005448
60 0.004120
61 0.003709
62 0.003608
63 0.001427
64 0.000339
65 0.000143
66 0.000176
67 0.000158
68 0.000233
69 0.000493
70 0.001522
71 0.005288
72 0.014687
73 0.009464
74 0.002559
75 0.001989
76 0.000000
77 0.000000
78 0.000000
79 0.000000
80 0.000000
81 0.008316
82 0.006287
83 0.003844
84 0.009757
85 0.009735
86 0.008746
87 0.006482
88 0.004766
89 0.003627
90 0.003415
91 0.000713
92 0.000168
93 0.000121
94 0.000119
95 0.000132
96 0.000209
97 0.000575
98 0.002574
99 0.010110
100 0.010843
101 0.000949
102 0.000000
103 0.000000
104 0.000000
105 0.000000
106 0.000000
107 0.000000
108 0.000000
109 0.006491
110 0.004221
111 0.002535
112 0.009104
113 0.009735
114 0.009713
115 0.008630
116 0.000000
117 0.000000
118 0.000000
119 0.000000
120 0.000000
121 0.000024
122 0.000107
123 0.000146
124 0.000261
125 0.000894
126 0.004716
127 0.000113
128 0.000000
129 0.000000
130 0.000000
131 0.000000
132 0.000000
133 0.000000
134 0.000000
135 0.000000
136 0.000669
137 0.004051
138 0.002194
139 0.002365
140 0.006908
141 0.008425
142 0.009713
143 0.009713
144 0.000000
145 0.000000
146 0.000000
147 0.000000
148 0.000000
149 0.000000
150 0.000000
151 0.000000
152 0.000001
153 0.000000
154 0.000000
155 0.000000
156 0.000000
157 0.000000
158 0.000000
159 0.000000
160 0.000000
161 0.000000
162 0.000000
163 0.000000
164 0.004079
165 0.001841
166 0.001963
167 0.002035
168 0.004821
169 0.006199
170 0.007699
171 0.009713
172 0.000000
173 0.000000
174 0.000000
175 0.000000
176 0.000000
177 0.000000
178 0.000000
179 0.000000
180 0.000000
181 0.000000
182 0.000000
183 0.000000
184 0.000000
185 0.000000
186 0.000000
187 0.000000
188 0.000000
189 0.000000
190 0.000000
191 0.000001
192 0.001642
193 0.001555
194 0.001615
195 0.002061
196 0.003731
197 0.004202
198 0.005174
199 0.006937
200 0.000017
201 0.000000
202 0.000000
203 0.000000
204 0.000000
205 0.000000
206 0.000000
207 0.000000
208 0.000000
209 0.000000
210 0.000000
211 0.000000
212 0.000000
213 0.000000
214 0.000000
215 0.000000
216 0.000000
217 0.000000
218 0.000000
219 0.000049
220 0.001497
221 0.001555
222 0.001744
223 0.002032
224 0.004484
225 0.003384
226 0.003473
227 0.004596
228 0.005765
229 0.000000
230 0.000000
231 0.000000
232 0.000000
233 0.000000
234 0.000000
235 0.000000
236 0.000000
237 0.000000
238 0.000000
239 0.000000
240 0.000000
241 0.000000
242 0.000000
243 0.000000
244 0.000000
245 0.000000
246 0.000000
247 0.000016
248 0.000041
249 0.000080
250 0.000186
251 0.000360
252 0.008930
253 0.005422
254 0.003610
255 0.001489
256 0.000211
257 0.000000
258 0.000000
259 0.000000
260 0.000000
261 0.000000
262 0.000000
263 0.000000
264 0.000000
265 0.000000
266 0.000000
267 0.000000
268 0.000000
269 0.000000
270 0.000000
271 0.000000
272 0.000000
273 0.000000
274 0.000000
275 0.000002
276 0.000004
277 0.000008
278 0.000015
279 0.000030
280 0.016511
281 0.002636
282 0.000504
283 0.000056
284 0.000011
285 0.000000
286 0.000000
287 0.000000
288 0.000000
289 0.000000
290 0.000000
291 0.000000
292 0.000000
293 0.000000
294 0.000000
295 0.000000
296 0.000000
297 0.000000
298 0.000000
299 0.000000
300 0.000000
301 0.000000
302 0.000000
303 0.000003
304 0.000003
305 0.000005
306 0.000010
307 0.000019
308 0.001402
309 0.000411
310 0.000080
311 0.000017
312 0.000001
313 0.000000
314 0.000000
315 0.000000
316 0.000000
317 0.000000
318 0.000000
319 0.000000
320 0.000000
321 0.000000
322 0.000000
323 0.000000
324 0.000000
325 0.000000
326 0.000000
327 0.000000
328 0.000000
329 0.000000
330 0.000002
331 0.000001
332 0.000006
333 0.000012
334 0.000022
335 0.000049
336 0.000173
337 0.000084
338 0.000055
339 0.000028
340 0.000001
341 0.000000
342 0.000000
343 0.000000
344 0.000000
345 0.000000
346 0.000000
347 0.000089
348 0.000004
349 0.000001
350 0.000000
351 0.000000
352 0.000000
353 0.000000
354 0.000000
355 0.000000
356 0.000000
357 0.000000
358 0.000002
359 0.000006
360 0.000017
361 0.000035
362 0.000069
363 0.000087
364 0.000100
365 0.000096
366 0.000050
367 0.000048
368 0.000001
369 0.000000
370 0.000000
371 0.000000
372 0.000000
373 0.000000
374 0.000000
375 0.000038
376 0.999998
377 0.000036
378 0.000000
379 0.000000
380 0.000000
381 0.000000
382 0.000000
383 0.000000
384 0.000000
385 0.000020
386 0.000044
387 0.000032
388 0.000028
389 0.000095
390 0.000072
391 0.000055
392 0.000075
393 0.000052
394 0.000037
395 0.000008
396 0.000000
397 0.000000
398 0.000000
399 0.000000
400 0.000000
401 0.000000
402 0.000000
403 0.000005
404 0.000699
405 0.000062
406 0.000000
407 0.000000
408 0.000000
409 0.000000
410 0.000000
411 0.000000
412 0.000004
413 0.001241
414 0.003262
415 0.000336
416 0.000077
417 0.000063
418 0.000033
419 0.000025
420 0.000052
421 0.000057
422 0.000037
423 0.000002
424 0.000000
425 0.000000
426 0.000004
427 0.000028
428 0.000001
429 0.000000
430 0.000000
431 0.000001
432 0.000001
433 0.000000
434 0.000000
435 0.000000
436 0.000000
437 0.000000
438 0.000000
439 0.000000
440 0.000003
441 0.000421
442 0.999993
443 0.000771
444 0.000197
445 0.000126
446 0.000042
447 0.000017
448 0.000043
449 0.000031
450 0.000027
451 0.000001
452 0.000000
453 0.000001
454 0.000246
455 0.003174
456 0.000011
457 0.000000
458 0.000002
459 0.000000
460 0.000000
461 0.000000
462 0.000000
463 0.000000
464 0.000000
465 0.000000
466 0.000000
467 0.000000
468 0.000000
469 0.000002
470 0.000054
471 0.000592
472 0.000509
473 0.000154
474 0.000180
475 0.000119
476 0.000048
477 0.000040
478 0.000011
479 0.000000
480 0.000000
481 0.000019
482 0.999997
483 0.021499
484 0.000022
485 0.000002
486 0.000000
487 0.000000
488 0.000000
489 0.000000
490 0.000000
491 0.000000
492 0.000000
493 0.000000
494 0.000000
495 0.000000
496 0.000000
497 0.000000
498 0.000001
499 0.000059
500 0.000291
501 0.000766
502 0.002762
503 0.001741
504 0.000149
505 0.000082
506 0.000012
507 0.000000
508 0.000003
509 0.000495
510 0.003489
511 0.001854
512 0.000090
513 0.000000
514 0.000000
515 0.000000
516 0.000000
517 0.000000
518 0.000000
519 0.000000
520 0.000000
521 0.000001
522 0.000006
523 0.000009
524 0.000000
525 0.000000
526 0.000000
527 0.000008
528 0.000110
529 0.000314
530 0.006009
531 0.010006
532 0.000172
533 0.000418
534 0.000036
535 0.000007
536 0.000135
537 0.003753
538 0.001371
539 0.000531
540 0.000005
541 0.000000
542 0.000000
543 0.000000
544 0.000000
545 0.000000
546 0.000000
547 0.000000
548 0.000001
549 0.000025
550 0.001826
551 0.000423
552 0.000012
553 0.000001
554 0.000000
555 0.000002
556 0.000076
557 0.000219
558 0.002028
559 0.004474
560 0.000826
561 0.002341
562 0.000188
563 0.000093
564 0.002637
565 0.005225
566 0.000483
567 0.000028
568 0.000001
569 0.000000
570 0.000000
571 0.000000
572 0.000000
573 0.000000
574 0.000000
575 0.000000
576 0.000001
577 0.000215
578 0.022453
579 0.019743
580 0.001386
581 0.000051
582 0.000002
583 0.000002
584 0.000035
585 0.000246
586 0.000633
587 0.001680
588 0.003247
589 0.010000
590 0.001711
591 0.001080
592 0.006905
593 0.000410
594 0.000037
595 0.000002
596 0.000001
597 0.000000
598 0.000000
599 0.000000
600 0.000000
601 0.000000
602 0.000000
603 0.000000
604 0.000000
605 0.000069
606 0.999982
607 0.017382
608 0.034118
609 0.005109
610 0.000212
611 0.000046
612 0.000236
613 0.000161
614 0.000261
615 0.000530
616 0.010001
617 0.010001
618 0.010001
619 0.020667
620 0.001699
621 0.000117
622 0.000004
623 0.000001
624 0.000000
625 0.000001
626 0.000000
627 0.000000
628 0.000000
629 0.000000
630 0.000000
631 0.000000
632 0.000000
633 0.000003
634 0.000353
635 0.003108
636 0.012604
637 0.037595
638 0.026294
639 0.001561
640 0.000615
641 0.000329
642 0.000000
643 0.000000
644 0.010001
645 0.010001
646 0.010002
647 0.010002
648 0.010686
649 0.000103
650 0.000004
651 0.000002
652 0.000003
653 0.000007
654 0.000001
655 0.000000
656 0.000000
657 0.000000
658 0.000000
659 0.000000
660 0.000000
661 0.000012
662 0.000039
663 0.000259
664 0.001331
665 0.007492
666 0.010000
667 0.005846
668 0.002125
669 0.000000
670 0.000000
671 0.000000
672 0.000000
673 0.010001
674 0.010002
675 0.018747
676 0.010479
677 0.002893
678 0.000015
679 0.000004
680 0.000029
681 0.000022
682 0.000009
683 0.000001
684 0.000000
685 0.000000
686 0.000000
687 0.000001
688 0.000006
689 0.000141
690 0.000203
691 0.000637
692 0.004187
693 0.010000
694 0.010000
695 0.010000
696 0.000000
697 0.000000
698 0.000000
699 0.000000
700 0.000000
701 0.000000
702 0.015560
703 0.012821
704 0.003793
705 0.000659
706 0.000190
707 0.000172
708 0.000149
709 0.000108
710 0.000028
711 0.000002
712 0.000000
713 0.000000
714 0.000000
715 0.000003
716 0.000034
717 0.000070
718 0.000267
719 0.000932
720 0.003489
721 0.010001
722 0.010000
723 0.000001
724 0.000000
725 0.000000
726 0.000000
727 0.000000
728 0.000000
729 0.000000
730 0.000000
731 0.000000
732 0.001104
733 0.000278
734 0.000199
735 0.000185
736 0.000172
737 0.000125
738 0.000108
739 0.000008
740 0.000001
741 0.000000
742 0.000001
743 0.000007
744 0.000116
745 0.000094
746 0.000107
747 0.000475
748 0.001656
749 0.006182
750 0.000055
751 0.000340
752 0.000656
753 0.000011
754 0.000000
755 0.000000
756 0.000000
757 0.000000
758 0.000000
759 0.000000
760 0.000000
761 0.000292
762 0.000271
763 0.000199
764 0.000185
765 0.000172
766 0.000160
767 0.000031
768 0.000002
769 0.000001
770 0.000003
771 0.000022
772 0.000094
773 0.000124
774 0.000107
775 0.000205
776 0.000662
777 0.000040
778 0.001498
779 0.001357
780 0.000161
781 0.000467
782 0.000033
783 0.000000
