0 0.002237
1 0.002121
2 0.001749
3 0.001907
4 0.001559
5 0.001265
6 0.001119
7 0.001053
8 0.000257
9 0.000052
10 0.000037
11 0.000030
12 0.000031
13 0.000028
14 0.000026
15 0.000024
16 0.000045
17 0.000130
18 0.001727
19 0.007859
20 0.006534
21 0.002832
22 0.002441
23 0.002221
24 0.001798
25 0.001674
26 0.001900
27 0.001981
28 0.001853
29 0.002011
30 0.001651
31 0.001559
32 0.001472
33 0.001314
34 0.001053
35 0.000715
36 0.000097
37 0.000025
38 0.000022
39 0.000023
40 0.000021
41 0.000024
42 0.000026
43 0.000032
44 0.000072
45 0.000278
46 0.000546
47 0.001502
48 0.003070
49 0.002183
50 0.000000
51 0.000000
52 0.001553
53 0.001750
54 0.001595
55 0.001900
56 0.002011
57 0.001651
58 0.001559
59 0.001472
60 0.001314
61 0.001053
62 0.000991
63 0.000313
64 0.000049
65 0.000016
66 0.000020
67 0.000015
68 0.000012
69 0.000017
70 0.000026
71 0.000055
72 0.000210
73 0.000293
74 0.000129
75 0.000285
76 0.000000
77 0.000000
78 0.000000
79 0.000000
80 0.000000
81 0.001461
82 0.001750
83 0.001595
84 0.001907
85 0.001559
86 0.001265
87 0.001119
88 0.001053
89 0.000991
90 0.000878
91 0.000120
92 0.000018
93 0.000012
94 0.000011
95 0.000010
96 0.000009
97 0.000027
98 0.000047
99 0.000142
100 0.000311
101 0.000027
102 0.000000
103 0.000000
104 0.000000
105 0.000000
106 0.000000
107 0.000000
108 0.000000
109 0.001398
110 0.001460
111 0.001750
112 0.001559
113 0.001472
114 0.001119
115 0.001053
116 0.000000
117 0.000000
118 0.000000
119 0.000000
120 0.000000
121 0.000001
122 0.000009
123 0.000009
124 0.000017
125 0.000041
126 0.000133
127 0.000002
128 0.000000
129 0.000000
130 0.000000
131 0.000000
132 0.000000
133 0.000000
134 0.000000
135 0.000000
136 0.000002
137 0.001158
138 0.001398
139 0.001679
140 0.001472
141 0.001190
142 0.001053
143 0.000991
144 0.000000
145 0.000000
146 0.000000
147 0.000000
148 0.000000
149 0.000000
150 0.000000
151 0.000000
152 0.000000
153 0.000000
154 0.000000
155 0.000000
156 0.000000
157 0.000000
158 0.000000
159 0.000000
160 0.000000
161 0.000000
162 0.000000
163 0.000000
164 0.001174
165 0.001105
166 0.001338
167 0.001398
168 0.001190
169 0.001053
170 0.000991
171 0.000878
172 0.000000
173 0.000000
174 0.000000
175 0.000000
176 0.000000
177 0.000000
178 0.000000
179 0.000000
180 0.000000
181 0.000000
182 0.000000
183 0.000000
184 0.000000
185 0.000000
186 0.000000
187 0.000000
188 0.000000
189 0.000000
190 0.000000
191 0.000000
192 0.000962
193 0.001007
194 0.001055
195 0.001458
196 0.001283
197 0.000991
198 0.000786
199 0.000691
200 0.000006
201 0.000000
202 0.000000
203 0.000000
204 0.000000
205 0.000000
206 0.000000
207 0.000000
208 0.000000
209 0.000000
210 0.000000
211 0.000000
212 0.000000
213 0.000000
214 0.000000
215 0.000000
216 0.000000
217 0.000000
218 0.000000
219 0.000001
220 0.000962
221 0.001007
222 0.001142
223 0.001391
224 0.001749
225 0.001140
226 0.000815
227 0.000648
228 0.000472
229 0.000000
230 0.000000
231 0.000000
232 0.000000
233 0.000000
234 0.000000
235 0.000000
236 0.000000
237 0.000000
238 0.000000
239 0.000000
240 0.000000
241 0.000000
242 0.000000
243 0.000000
244 0.000000
245 0.000000
246 0.000000
247 0.000002
248 0.000005
249 0.000011
250 0.000033
251 0.000083
252 0.002515
253 0.001604
254 0.001201
255 0.000327
256 0.000016
257 0.000000
258 0.000000
259 0.000000
260 0.000000
261 0.000000
262 0.000000
263 0.000000
264 0.000000
265 0.000000
266 0.000000
267 0.000000
268 0.000000
269 0.000000
270 0.000000
271 0.000000
272 0.000000
273 0.000000
274 0.000000
275 0.000000
276 0.000001
277 0.000001
278 0.000002
279 0.000004
280 0.002271
281 0.000397
282 0.000098
283 0.000009
284 0.000002
285 0.000000
286 0.000000
287 0.000000
288 0.000000
289 0.000000
290 0.000000
291 0.000000
292 0.000000
293 0.000000
294 0.000000
295 0.000000
296 0.000000
297 0.000000
298 0.000000
299 0.000000
300 0.000000
301 0.000000
302 0.000000
303 0.000001
304 0.000001
305 0.000001
306 0.000001
307 0.000001
308 0.000131
309 0.000033
310 0.000008
311 0.000002
312 0.000000
313 0.000000
314 0.000000
315 0.000000
316 0.000000
317 0.000000
318 0.000001
319 0.000000
320 0.000000
321 0.000000
322 0.000000
323 0.000000
324 0.000000
325 0.000000
326 0.000000
327 0.000000
328 0.000000
329 0.000000
330 0.000000
331 0.000000
332 0.000001
333 0.000001
334 0.000001
335 0.000002
336 0.000030
337 0.000008
338 0.000004
339 0.000002
340 0.000000
341 0.000000
342 0.000000
343 0.000000
344 0.000000
345 0.000001
346 0.000001
347 0.000001
348 0.000000
349 0.000000
350 0.000000
351 0.000000
352 0.000000
353 0.000000
354 0.000000
355 0.000000
356 0.000000
357 0.000000
358 0.000000
359 0.000000
360 0.000001
361 0.000001
362 0.000001
363 0.000001
364 0.000034
365 0.000022
366 0.000008
367 0.000004
368 0.000000
369 0.000000
370 0.000000
371 0.000000
372 0.000001
373 0.000001
374 0.000002
375 0.000001
376 0.000000
377 0.000000
378 0.000000
379 0.000000
380 0.000000
381 0.000000
382 0.000000
383 0.000000
384 0.000000
385 0.000000
386 0.000000
387 0.000000
388 0.000000
389 0.000001
390 0.000001
391 0.000003
392 0.000047
393 0.000026
394 0.000013
395 0.000002
396 0.000000
397 0.000000
398 0.000000
399 0.000001
400 0.000002
401 0.000002
402 0.000002
403 0.000001
404 0.000000
405 0.000000
406 0.000000
407 0.000000
408 0.000000
409 0.000000
410 0.000000
411 0.000000
412 0.000000
413 0.000000
414 0.000000
415 0.000000
416 0.000000
417 0.000002
418 0.000003
419 0.000004
420 0.000016
421 0.000023
422 0.000022
423 0.000001
424 0.000000
425 0.000000
426 0.000001
427 0.000007
428 0.000008
429 0.000002
430 0.000001
431 0.000000
432 0.000000
433 0.000000
434 0.000000
435 0.000000
436 0.000000
437 0.000000
438 0.000000
439 0.000000
440 0.000000
441 0.000000
442 0.000000
443 0.000000
444 0.000000
445 0.000004
446 0.000007
447 0.000008
448 0.000007
449 0.000005
450 0.000006
451 0.000000
452 0.000000
453 0.000000
454 0.000021
455 0.002703
456 0.000016
457 0.000001
458 0.000000
459 0.000000
460 0.000000
461 0.000000
462 0.000000
463 0.000000
464 0.000000
465 0.000000
466 0.000000
467 0.000000
468 0.000000
469 0.000000
470 0.000000
471 0.000000
472 0.000000
473 0.000002
474 0.000008
475 0.000011
476 0.000012
477 0.000006
478 0.000002
479 0.000000
480 0.000000
481 0.000003
482 0.001841
483 0.999979
484 0.000002
485 0.000000
486 0.000000
487 0.000000
488 0.000000
489 0.000000
490 0.000000
491 0.000000
492 0.000000
493 0.000000
494 0.000000
495 0.000000
496 0.000000
497 0.000000
498 0.000000
499 0.000000
500 0.000000
501 0.000000
502 0.000013
503 0.000017
504 0.000099
505 0.000038
506 0.000001
507 0.000000
508 0.000001
509 0.000068
510 0.005702
511 0.000004
512 0.000000
513 0.000000
514 0.000000
515 0.000000
516 0.000000
517 0.000001
518 0.000001
519 0.000001
520 0.000001
521 0.000001
522 0.000000
523 0.000000
524 0.000000
525 0.000000
526 0.000000
527 0.000000
528 0.000000
529 0.000000
530 0.000021
531 0.000027
532 0.000089
533 0.000215
534 0.000009
535 0.000001
536 0.000065
537 0.002582
538 0.000004
539 0.000000
540 0.000000
541 0.000000
542 0.000000
543 0.000000
544 0.000000
545 0.000001
546 0.000003
547 0.000210
548 0.000019
549 0.000002
550 0.000000
551 0.000000
552 0.000000
553 0.000000
554 0.000000
555 0.000000
556 0.000000
557 0.000000
558 0.000027
559 0.000029
560 0.000461
561 0.001299
562 0.000051
563 0.000022
564 0.001023
565 0.000263
566 0.000001
567 0.000000
568 0.000000
569 0.000000
570 0.000000
571 0.000000
572 0.000000
573 0.000001
574 0.000003
575 0.000306
576 0.999988
577 0.000003
578 0.000001
579 0.000000
580 0.000000
581 0.000000
582 0.000000
583 0.000000
584 0.000000
585 0.000027
586 0.000029
587 0.000039
588 0.001934
589 0.006129
590 0.001137
591 0.000136
592 0.000260
593 0.000002
594 0.000000
595 0.000000
596 0.000000
597 0.000000
598 0.000001
599 0.000001
600 0.000001
601 0.000001
602 0.000001
603 0.000003
604 0.000023
605 0.000002
606 0.000001
607 0.000001
608 0.000000
609 0.000000
610 0.000000
611 0.000000
612 0.000025
613 0.000027
614 0.000037
615 0.000039
616 0.009104
617 0.010031
618 0.010024
619 0.001180
620 0.000023
621 0.000000
622 0.000000
623 0.000001
624 0.000003
625 0.000002
626 0.000001
627 0.000000
628 0.000000
629 0.000000
630 0.000000
631 0.000001
632 0.000001
633 0.000001
634 0.000001
635 0.000005
636 0.000001
637 0.000000
638 0.000001
639 0.000025
640 0.000027
641 0.000037
642 0.000000
643 0.000000
644 0.010029
645 0.010023
646 0.002854
647 0.000645
648 0.000091
649 0.000004
650 0.000014
651 0.000020
652 0.000043
653 0.000006
654 0.000000
655 0.000000
656 0.000000
657 0.000000
658 0.000002
659 0.000004
660 0.000001
661 0.000000
662 0.000002
663 0.000001
664 0.000001
665 0.000005
666 0.000032
667 0.000034
668 0.000037
669 0.000000
670 0.000000
671 0.000000
672 0.000000
673 0.003005
674 0.000939
675 0.000238
676 0.000172
677 0.000124
678 0.000030
679 0.000005
680 0.000008
681 0.000017
682 0.000002
683 0.000000
684 0.000000
685 0.000001
686 0.000005
687 0.000003
688 0.000003
689 0.000034
690 0.004294
691 0.000474
692 0.000180
693 0.000308
694 0.000097
695 0.000037
696 0.000000
697 0.000000
698 0.000000
699 0.000000
700 0.000000
701 0.000000
702 0.000350
703 0.000199
704 0.000185
705 0.000172
706 0.000124
707 0.000115
708 0.000099
709 0.000070
710 0.000009
711 0.000001
712 0.000001
713 0.000002
714 0.000010
715 0.000001
716 0.000001
717 0.000028
718 0.008554
719 0.129773
720 0.010022
721 0.001500
722 0.000340
723 0.000000
724 0.000000
725 0.000000
726 0.000000
727 0.000000
728 0.000000
729 0.000000
730 0.000000
731 0.000000
732 0.000199
733 0.000185
734 0.000134
735 0.000124
736 0.000115
737 0.000082
738 0.000071
739 0.000003
740 0.000002
741 0.000006
742 0.000007
743 0.000001
744 0.000001
745 0.000039
746 0.001851
747 0.024108
748 0.031543
749 0.010017
750 0.000001
751 0.000001
752 0.000001
753 0.000000
754 0.000000
755 0.000000
756 0.000000
757 0.000000
758 0.000000
759 0.000000
760 0.000000
761 0.000199
762 0.000185
763 0.000134
764 0.000124
765 0.000115
766 0.000107
767 0.000028
768 0.000010
769 0.000010
770 0.000003
771 0.000001
772 0.000001
773 0.000010
774 0.000670
775 0.004490
776 0.043283
777 0.000001
778 0.000153
779 0.000016
780 0.000000
781 0.000001
782 0.000000
783 0.000000
