0 0.010040
1 0.010042
2 0.010048
3 0.010047
4 0.010054
5 0.010063
6 0.010068
7 0.010072
8 0.000174
9 0.000011
10 0.000007
11 0.000008
12 0.000010
13 0.000013
14 0.000014
15 0.000020
16 0.000017
17 0.000018
18 0.000026
19 0.000028
20 0.000039
21 0.000043
22 0.000062
23 0.000067
24 0.000056
25 0.000061
26 0.000087
27 0.000096
28 0.010044
29 0.010042
30 0.010048
31 0.010051
32 0.010055
33 0.010060
34 0.010069
35 0.002808
36 0.000043
37 0.000005
38 0.000005
39 0.000006
40 0.000008
41 0.000012
42 0.000012
43 0.000014
44 0.000016
45 0.000022
46 0.000024
47 0.000034
48 0.000028
49 0.000039
50 0.000058
51 0.000072
52 0.000051
53 0.000073
54 0.000061
55 0.000087
56 0.010042
57 0.010047
58 0.010049
59 0.010052
60 0.010056
61 0.010065
62 0.010069
63 0.000370
64 0.000014
65 0.000003
66 0.000005
67 0.000005
68 0.000006
69 0.000008
70 0.000010
71 0.000012
72 0.000014
73 0.000014
74 0.000022
75 0.000024
76 0.000041
77 0.000040
78 0.000046
79 0.000050
80 0.000072
81 0.000051
82 0.000073
83 0.000061
84 0.010044
85 0.010049
86 0.010054
87 0.010059
88 0.010062
89 0.010065
90 0.010071
91 0.000073
92 0.000005
93 0.000003
94 0.000003
95 0.000004
96 0.000005
97 0.000008
98 0.000008
99 0.000010
100 0.000012
101 0.000015
102 0.000024
103 0.000024
104 0.000035
105 0.000035
106 0.000042
107 0.000061
108 0.000062
109 0.000047
110 0.000051
111 0.000073
112 0.010051
113 0.010051
114 0.010058
115 0.010060
116 0.013501
117 0.012706
118 0.002879
119 0.000022
120 0.000002
121 0.000002
122 0.000003
123 0.000003
124 0.000005
125 0.000005
126 0.000008
127 0.000010
128 0.000015
129 0.000017
130 0.000021
131 0.000023
132 0.000033
133 0.000028
134 0.000036
135 0.000051
136 0.000052
137 0.000033
138 0.000049
139 0.000163
140 0.010053
141 0.010058
142 0.010061
143 0.010062
144 0.013634
145 0.013525
146 0.000340
147 0.000008
148 0.000002
149 0.000002
150 0.000003
151 0.000003
152 0.000004
153 0.000006
154 0.000007
155 0.000010
156 0.000009
157 0.000013
158 0.000014
159 0.000022
160 0.000024
161 0.000023
162 0.000035
163 0.000034
164 0.000033
165 0.000039
166 0.000138
167 0.000414
168 0.010059
169 0.010062
170 0.010064
171 0.010066
172 0.011486
173 0.013592
174 0.000064
175 0.000003
176 0.000001
177 0.000002
178 0.000002
179 0.000004
180 0.000004
181 0.000005
182 0.000006
183 0.000010
184 0.000009
185 0.000012
186 0.000013
187 0.000015
188 0.000020
189 0.000023
190 0.000029
191 0.000033
192 0.000040
193 0.000108
194 0.000534
195 0.003735
196 0.010063
197 0.010064
198 0.010071
199 0.010074
200 0.010669
201 0.012756
202 0.000011
203 0.000001
204 0.000001
205 0.000002
206 0.000002
207 0.000002
208 0.000003
209 0.000005
210 0.000005
211 0.000008
212 0.000009
213 0.000009
214 0.000010
215 0.000014
216 0.000016
217 0.000020
218 0.000022
219 0.000045
220 0.000147
221 0.000794
222 0.003394
223 0.007541
224 0.010065
225 0.010071
226 0.010075
227 0.010077
228 0.010086
229 0.000197
230 0.000003
231 0.000001
232 0.000001
233 0.000001
234 0.000002
235 0.000002
236 0.000003
237 0.000003
238 0.000005
239 0.000005
240 0.000007
241 0.000008
242 0.000009
243 0.000013
244 0.000013
245 0.000016
246 0.000055
247 0.000196
248 0.001122
249 0.005909
250 0.002702
251 0.000591
252 0.010067
253 0.010076
254 0.010077
255 0.010466
256 0.011272
257 0.000022
258 0.000001
259 0.000001
260 0.000001
261 0.000001
262 0.000001
263 0.000002
264 0.000003
265 0.000003
266 0.000003
267 0.000005
268 0.000005
269 0.000006
270 0.000008
271 0.000011
272 0.000012
273 0.000047
274 0.000202
275 0.000906
276 0.999962
277 0.000839
278 0.000228
279 0.000088
280 0.010076
281 0.010741
282 0.011158
283 0.011759
284 0.012148
285 0.000004
286 0.000000
287 0.000001
288 0.000001
289 0.000001
290 0.000001
291 0.000001
292 0.000002
293 0.000002
294 0.000002
295 0.000003
296 0.000005
297 0.000005
298 0.000007
299 0.000012
300 0.000034
301 0.000205
302 0.001294
303 0.001457
304 0.000438
305 0.000095
306 0.000037
307 0.000022
308 0.011177
309 0.011611
310 0.012014
311 0.012351
312 0.000125
313 0.000001
314 0.000000
315 0.000000
316 0.000001
317 0.000001
318 0.000001
319 0.000001
320 0.000001
321 0.000002
322 0.000002
323 0.000003
324 0.000003
325 0.000005
326 0.000009
327 0.000034
328 0.000178
329 0.001125
330 0.000368
331 0.000140
332 0.000039
333 0.000019
334 0.000015
335 0.000022
336 0.011874
337 0.012133
338 0.012247
339 0.012373
340 0.000007
341 0.000000
342 0.000000
343 0.000000
344 0.000000
345 0.000001
346 0.000001
347 0.000001
348 0.000001
349 0.000001
350 0.000002
351 0.000002
352 0.000003
353 0.000006
354 0.000026
355 0.000136
356 0.000373
357 0.000133
358 0.000033
359 0.000018
360 0.000009
361 0.000010
362 0.000014
363 0.000015
364 0.011986
365 0.012037
366 0.012157
367 0.012220
368 0.000001
369 0.000000
370 0.000000
371 0.000000
372 0.000000
373 0.000000
374 0.000001
375 0.000001
376 0.000001
377 0.000001
378 0.000001
379 0.000002
380 0.000005
381 0.000014
382 0.000090
383 0.000103
384 0.000045
385 0.000020
386 0.000007
387 0.000008
388 0.000009
389 0.000009
390 0.000010
391 0.000015
392 0.011894
393 0.012018
394 0.012141
395 0.000087
396 0.000000
397 0.000000
398 0.000000
399 0.000000
400 0.000000
401 0.000000
402 0.000000
403 0.000000
404 0.000001
405 0.000001
406 0.000001
407 0.000003
408 0.000009
409 0.000032
410 0.000031
411 0.000013
412 0.000007
413 0.000004
414 0.000004
415 0.000006
416 0.000008
417 0.000008
418 0.000009
419 0.000010
420 0.011882
421 0.011930
422 0.012056
423 0.000004
424 0.000000
425 0.000000
426 0.000000
427 0.000000
428 0.000000
429 0.000000
430 0.000000
431 0.000000
432 0.000000
433 0.000001
434 0.000002
435 0.000006
436 0.000013
437 0.000009
438 0.000005
439 0.000003
440 0.000003
441 0.000003
442 0.000005
443 0.000004
444 0.000006
445 0.000006
446 0.000008
447 0.000009
448 0.011843
449 0.011906
450 0.012035
451 0.000001
452 0.000000
453 0.000000
454 0.000000
455 0.000000
456 0.000000
457 0.000000
458 0.000000
459 0.000000
460 0.000001
461 0.000001
462 0.000002
463 0.000004
464 0.000003
465 0.000002
466 0.000002
467 0.000002
468 0.000002
469 0.000003
470 0.000004
471 0.000004
472 0.000005
473 0.000005
474 0.000006
475 0.000013
476 0.011763
477 0.011843
478 0.000361
479 0.000000
480 0.000000
481 0.000000
482 0.000000
483 0.000000
484 0.000000
485 0.000000
486 0.000000
487 0.000000
488 0.000001
489 0.000001
490 0.000001
491 0.000001
492 0.000001
493 0.000001
494 0.000001
495 0.000002
496 0.000002
497 0.000002
498 0.000003
499 0.000003
500 0.000006
501 0.000014
502 0.000038
503 0.000138
504 0.011553
505 0.011744
506 0.000009
507 0.000000
508 0.000000
509 0.000000
510 0.000000
511 0.000000
512 0.000000
513 0.000000
514 0.000000
515 0.000000
516 0.000001
517 0.000001
518 0.000000
519 0.000001
520 0.000001
521 0.000001
522 0.000001
523 0.000001
524 0.000001
525 0.000002
526 0.000006
527 0.000015
528 0.000050
529 0.000181
530 0.000936
531 0.010404
532 0.011589
533 0.011639
534 0.000002
535 0.000000
536 0.000000
537 0.000000
538 0.000000
539 0.000000
540 0.000000
541 0.000000
542 0.000000
543 0.000000
544 0.000000
545 0.000000
546 0.000000
547 0.000000
548 0.000001
549 0.000001
550 0.000001
551 0.000002
552 0.000006
553 0.000024
554 0.000087
555 0.000451
556 0.003522
557 0.010917
558 0.010387
559 0.010388
560 0.011500
561 0.011523
562 0.000002
563 0.000000
564 0.000000
565 0.000000
566 0.000000
567 0.000000
568 0.000000
569 0.000000
570 0.000000
571 0.000000
572 0.000000
573 0.000000
574 0.000000
575 0.000000
576 0.000001
577 0.000002
578 0.000006
579 0.000025
580 0.000198
581 0.003269
582 0.012694
583 0.012499
584 0.012035
585 0.010361
586 0.010367
587 0.010352
588 0.011405
589 0.011499
590 0.000022
591 0.000000
592 0.000000
593 0.000000
594 0.000000
595 0.000000
596 0.000000
597 0.000000
598 0.000000
599 0.000000
600 0.000000
601 0.000000
602 0.000001
603 0.000002
604 0.000008
605 0.000091
606 0.001487
607 0.010836
608 0.010981
609 0.011382
610 0.012288
611 0.012794
612 0.010343
613 0.010349
614 0.010336
615 0.010339
616 0.011360
617 0.011403
618 0.011498
619 0.000049
620 0.000001
621 0.000000
622 0.000000
623 0.000000
624 0.000000
625 0.000000
626 0.000000
627 0.000000
628 0.000000
629 0.000002
630 0.000011
631 0.000463
632 0.013409
633 0.013228
634 0.012192
635 0.010784
636 0.010729
637 0.010727
638 0.010823
639 0.010325
640 0.010326
641 0.010312
642 0.012763
643 0.013009
644 0.011336
645 0.011357
646 0.011379
647 0.011473
648 0.000774
649 0.000001
650 0.000000
651 0.000000
652 0.000000
653 0.000000
654 0.000001
655 0.000004
656 0.000076
657 0.012620
658 0.012627
659 0.012863
660 0.013036
661 0.012519
662 0.011583
663 0.010696
664 0.010640
665 0.010465
666 0.010321
667 0.010297
668 0.010295
669 0.012716
670 0.012757
671 0.012917
672 0.000000
673 0.011334
674 0.011356
675 0.011449
676 0.011402
677 0.011496
678 0.000003
679 0.000002
680 0.000005
681 0.000056
682 0.011968
683 0.012239
684 0.012475
685 0.012460
686 0.012540
687 0.012534
688 0.012620
689 0.011897
690 0.010464
691 0.010466
692 0.010424
693 0.010336
694 0.010319
695 0.010292
696 0.012703
697 0.012708
698 0.012709
699 0.012856
700 0.000000
701 0.000000
702 0.011334
703 0.011357
704 0.011379
705 0.011398
706 0.011486
707 0.011498
708 0.011534
709 0.011616
710 0.011804
711 0.012086
712 0.012290
713 0.012355
714 0.012368
715 0.012380
716 0.012262
717 0.011547
718 0.010376
719 0.010369
720 0.010360
721 0.010334
722 0.010307
723 0.012732
724 0.012470
725 0.012661
726 0.012674
727 0.012694
728 0.000000
729 0.000000
730 0.000000
731 0.000000
732 0.011355
733 0.011370
734 0.011456
735 0.011470
736 0.011482
737 0.011563
738 0.011596
739 0.011869
740 0.012088
741 0.012272
742 0.012337
743 0.012330
744 0.011952
745 0.011137
746 0.010372
747 0.010347
748 0.010339
749 0.010314
750 0.011790
751 0.011123
752 0.011264
753 0.012133
754 0.012756
755 0.012668
756 0.000000
757 0.000000
758 0.000000
759 0.000000
760 0.000000
761 0.011343
762 0.011356
763 0.011440
764 0.011453
765 0.011464
766 0.011475
767 0.011650
768 0.011980
769 0.012123
770 0.012216
771 0.012211
772 0.011641
773 0.010683
774 0.010374
775 0.010360
776 0.010336
777 0.010857
778 0.010475
779 0.010484
780 0.010690
781 0.010949
782 0.011770
783 0.012678
