0 0.002370
1 0.002252
2 0.001871
3 0.002033
4 0.002015
5 0.002159
6 0.002854
7 0.005659
8 0.002634
9 0.001039
10 0.000378
11 0.000081
12 0.000032
13 0.000021
14 0.000020
15 0.000018
16 0.000014
17 0.000011
18 0.000057
19 0.000337
20 0.000925
21 0.000973
22 0.001207
23 0.001266
24 0.001134
25 0.001193
26 0.001460
27 0.001532
28 0.001978
29 0.002140
30 0.001771
31 0.001676
32 0.001668
33 0.001915
34 0.002179
35 0.001930
36 0.000569
37 0.000375
38 0.000553
39 0.000218
40 0.000049
41 0.000023
42 0.000016
43 0.000013
44 0.000010
45 0.000011
46 0.000020
47 0.000164
48 0.000740
49 0.000925
50 0.000000
51 0.000000
52 0.001077
53 0.001327
54 0.001193
55 0.001460
56 0.002140
57 0.001771
58 0.001676
59 0.001587
60 0.001423
61 0.001305
62 0.001631
63 0.000587
64 0.000132
65 0.000114
66 0.000440
67 0.000441
68 0.000106
69 0.000024
70 0.000011
71 0.000008
72 0.000008
73 0.000007
74 0.000009
75 0.000054
76 0.000001
77 0.000000
78 0.000000
79 0.000000
80 0.000000
81 0.001077
82 0.001327
83 0.001224
84 0.002033
85 0.001676
86 0.001372
87 0.001220
88 0.001151
89 0.001086
90 0.001125
91 0.000165
92 0.000034
93 0.000051
94 0.000159
95 0.000430
96 0.000350
97 0.000075
98 0.000017
99 0.000006
100 0.000006
101 0.000001
102 0.000000
103 0.000000
104 0.000000
105 0.000000
106 0.000000
107 0.000000
108 0.000000
109 0.001040
110 0.001140
111 0.001662
112 0.001676
113 0.001587
114 0.001220
115 0.001151
116 0.000000
117 0.000000
118 0.000000
119 0.000000
120 0.000000
121 0.000003
122 0.000063
123 0.000195
124 0.000494
125 0.000219
126 0.000031
127 0.000000
128 0.000000
129 0.000000
130 0.000000
131 0.000000
132 0.000000
133 0.000000
134 0.000000
135 0.000001
136 0.000034
137 0.000927
138 0.001713
139 0.005008
140 0.001587
141 0.001293
142 0.001151
143 0.001086
144 0.000000
145 0.000000
146 0.000000
147 0.000000
148 0.000000
149 0.000000
150 0.000000
151 0.000000
152 0.000001
153 0.000001
154 0.000001
155 0.000000
156 0.000000
157 0.000000
158 0.000000
159 0.000000
160 0.000000
161 0.000000
162 0.000000
163 0.000000
164 0.000998
165 0.001773
166 0.005668
167 0.015365
168 0.001293
169 0.001151
170 0.001086
171 0.000967
172 0.000000
173 0.000000
174 0.000000
175 0.000000
176 0.000000
177 0.000000
178 0.000000
179 0.000000
180 0.000000
181 0.000000
182 0.000000
183 0.000000
184 0.000000
185 0.000000
186 0.000000
187 0.000000
188 0.000000
189 0.000000
190 0.000000
191 0.000001
192 0.002379
193 0.006480
194 0.027374
195 0.069630
196 0.001151
197 0.001086
198 0.000870
199 0.000769
200 0.000011
201 0.000000
202 0.000000
203 0.000000
204 0.000000
205 0.000000
206 0.000000
207 0.000000
208 0.000000
209 0.000000
210 0.000000
211 0.000000
212 0.000000
213 0.000000
214 0.000000
215 0.000000
216 0.000000
217 0.000000
218 0.000000
219 0.000087
220 0.009966
221 0.040307
222 0.071532
223 0.034693
224 0.001086
225 0.000870
226 0.000769
227 0.000723
228 0.000534
229 0.000000
230 0.000000
231 0.000000
232 0.000000
233 0.000000
234 0.000000
235 0.000000
236 0.000000
237 0.000000
238 0.000000
239 0.000000
240 0.000000
241 0.000000
242 0.000000
243 0.000000
244 0.000000
245 0.000000
246 0.000000
247 0.000024
248 0.000271
249 0.000757
250 0.000859
251 0.000912
252 0.001025
253 0.000769
254 0.000723
255 0.000247
256 0.000019
257 0.000000
258 0.000000
259 0.000000
260 0.000000
261 0.000000
262 0.000000
263 0.000000
264 0.000000
265 0.000000
266 0.000000
267 0.000000
268 0.000000
269 0.000001
270 0.000000
271 0.000000
272 0.000000
273 0.000000
274 0.000001
275 0.000010
276 0.000013
277 0.000013
278 0.000010
279 0.000007
280 0.000769
281 0.000108
282 0.000033
283 0.000005
284 0.000002
285 0.000000
286 0.000000
287 0.000000
288 0.000000
289 0.000000
290 0.000000
291 0.000000
292 0.000000
293 0.000000
294 0.000000
295 0.000000
296 0.000001
297 0.000001
298 0.000001
299 0.000000
300 0.000000
301 0.000000
302 0.000001
303 0.000009
304 0.000004
305 0.000002
306 0.000002
307 0.000002
308 0.000036
309 0.000009
310 0.000002
311 0.000001
312 0.000001
313 0.000000
314 0.000000
315 0.000000
316 0.000000
317 0.000000
318 0.000000
319 0.000000
320 0.000000
321 0.000000
322 0.000001
323 0.000001
324 0.000001
325 0.000001
326 0.000001
327 0.000000
328 0.000000
329 0.000000
330 0.000001
331 0.000001
332 0.000002
333 0.000002
334 0.000003
335 0.000005
336 0.000004
337 0.000002
338 0.000001
339 0.000001
340 0.000000
341 0.000000
342 0.000000
343 0.000000
344 0.000000
345 0.000000
346 0.000000
347 0.000000
348 0.000000
349 0.000000
350 0.000001
351 0.000001
352 0.000001
353 0.000001
354 0.000001
355 0.000001
356 0.000001
357 0.000000
358 0.000000
359 0.000000
360 0.000002
361 0.000003
362 0.000006
363 0.000010
364 0.000003
365 0.000002
366 0.000002
367 0.000001
368 0.000000
369 0.000000
370 0.000000
371 0.000000
372 0.000000
373 0.000000
374 0.000000
375 0.000000
376 0.000000
377 0.000000
378 0.000001
379 0.000001
380 0.000001
381 0.000002
382 0.000003
383 0.000002
384 0.000001
385 0.000000
386 0.000000
387 0.000000
388 0.000001
389 0.000009
390 0.000011
391 0.000022
392 0.000003
393 0.000002
394 0.000001
395 0.000001
396 0.000000
397 0.000000
398 0.000000
399 0.000000
400 0.000000
401 0.000000
402 0.000000
403 0.000000
404 0.000000
405 0.000000
406 0.000001
407 0.000001
408 0.000001
409 0.000002
410 0.000004
411 0.000004
412 0.000001
413 0.000001
414 0.000000
415 0.000001
416 0.000001
417 0.000015
418 0.000020
419 0.000013
420 0.000011
421 0.000005
422 0.000002
423 0.000000
424 0.000000
425 0.000000
426 0.000000
427 0.000000
428 0.000000
429 0.000000
430 0.000000
431 0.000000
432 0.000000
433 0.000001
434 0.000001
435 0.000001
436 0.000001
437 0.000001
438 0.000002
439 0.000005
440 0.000007
441 0.000002
442 0.000001
443 0.000001
444 0.000001
445 0.000009
446 0.000005
447 0.000003
448 0.000051
449 0.000020
450 0.000008
451 0.000000
452 0.000000
453 0.000000
454 0.000000
455 0.000000
456 0.000000
457 0.000000
458 0.000000
459 0.000000
460 0.000001
461 0.000001
462 0.000001
463 0.000001
464 0.000001
465 0.000001
466 0.000001
467 0.000005
468 0.999978
469 0.000052
470 0.000001
471 0.000001
472 0.000000
473 0.000001
474 0.000001
475 0.000001
476 0.000077
477 0.000062
478 0.000012
479 0.000000
480 0.000000
481 0.000000
482 0.000000
483 0.000000
484 0.000000
485 0.000000
486 0.000000
487 0.000001
488 0.000001
489 0.000001
490 0.000001
491 0.000001
492 0.000000
493 0.000001
494 0.000001
495 0.000002
496 0.000069
497 0.001227
498 0.000003
499 0.000001
500 0.000000
501 0.000001
502 0.000003
503 0.000004
504 0.000125
505 0.000087
506 0.000003
507 0.000000
508 0.000000
509 0.000000
510 0.000000
511 0.000000
512 0.000000
513 0.000001
514 0.000002
515 0.000002
516 0.000002
517 0.000001
518 0.000001
519 0.000001
520 0.000001
521 0.000001
522 0.000001
523 0.000001
524 0.000001
525 0.000008
526 0.000012
527 0.000001
528 0.000000
529 0.000001
530 0.000054
531 0.000058
532 0.000114
533 0.000100
534 0.000001
535 0.000000
536 0.000000
537 0.000000
538 0.000000
539 0.000000
540 0.000001
541 0.000011
542 0.000022
543 0.000004
544 0.000001
545 0.000001
546 0.000001
547 0.000001
548 0.000001
549 0.000000
550 0.000000
551 0.000000
552 0.000000
553 0.000001
554 0.000022
555 0.000012
556 0.000002
557 0.000028
558 0.000832
559 0.000299
560 0.000152
561 0.000142
562 0.000001
563 0.000000
564 0.000000
565 0.000000
566 0.000000
567 0.000001
568 0.000027
569 0.999977
570 0.000021
571 0.000002
572 0.000001
573 0.000001
574 0.000001
575 0.000000
576 0.000000
577 0.000000
578 0.000000
579 0.000000
580 0.000000
581 0.000000
582 0.000002
583 0.000228
584 0.000105
585 0.010042
586 0.006449
587 0.001916
588 0.000202
589 0.000152
590 0.000009
591 0.000000
592 0.000000
593 0.000000
594 0.000002
595 0.000054
596 0.001322
597 0.000118
598 0.000002
599 0.000001
600 0.000001
601 0.000001
602 0.000000
603 0.000000
604 0.000000
605 0.000000
606 0.000000
607 0.000000
608 0.000000
609 0.000000
610 0.000001
611 0.000060
612 0.000387
613 0.001837
614 0.010042
615 0.010037
616 0.000230
617 0.000202
618 0.000152
619 0.000014
620 0.000001
621 0.000003
622 0.000069
623 0.000238
624 0.000058
625 0.000001
626 0.000001
627 0.000001
628 0.000000
629 0.000000
630 0.000001
631 0.000001
632 0.000001
633 0.000001
634 0.000000
635 0.000000
636 0.000000
637 0.000000
638 0.000001
639 0.000030
640 0.000107
641 0.000428
642 0.000001
643 0.000001
644 0.000246
645 0.000230
646 0.000215
647 0.000162
648 0.000204
649 0.000166
650 0.000041
651 0.000007
652 0.000001
653 0.000001
654 0.000001
655 0.000001
656 0.000001
657 0.000001
658 0.000001
659 0.000001
660 0.000001
661 0.000001
662 0.000001
663 0.000000
664 0.000000
665 0.000001
666 0.000023
667 0.000033
668 0.000036
669 0.000001
670 0.000001
671 0.000001
672 0.000000
673 0.000246
674 0.000230
675 0.000338
676 0.001137
677 0.003626
678 0.000128
679 0.000036
680 0.000013
681 0.000016
682 0.000062
683 0.000008
684 0.000001
685 0.000001
686 0.000001
687 0.000001
688 0.000001
689 0.000003
690 0.000003
691 0.000001
692 0.000003
693 0.000021
694 0.000025
695 0.000035
696 0.000001
697 0.000001
698 0.000001
699 0.000001
700 0.000000
701 0.000000
702 0.000381
703 0.000948
704 0.003769
705 0.010040
706 0.009439
707 0.001562
708 0.000386
709 0.000094
710 0.000071
711 0.000062
712 0.000002
713 0.000001
714 0.000001
715 0.000001
716 0.000001
717 0.000009
718 0.000014
719 0.000015
720 0.000016
721 0.000023
722 0.000032
723 0.000001
724 0.000001
725 0.000001
726 0.000001
727 0.000001
728 0.000000
729 0.000000
730 0.000000
731 0.000000
732 0.010035
733 0.010687
734 0.002561
735 0.000695
736 0.000142
737 0.000107
738 0.000094
739 0.000088
740 0.000008
741 0.000001
742 0.000001
743 0.000001
744 0.000002
745 0.000013
746 0.000015
747 0.000021
748 0.000023
749 0.000032
750 0.000000
751 0.000000
752 0.000000
753 0.000000
754 0.000001
755 0.000001
756 0.000000
757 0.000000
758 0.000003
759 0.000004
760 0.000000
761 0.003968
762 0.001089
763 0.000214
764 0.000152
765 0.000142
766 0.000133
767 0.000125
768 0.000034
769 0.000002
770 0.000001
771 0.000001
772 0.000006
773 0.000018
774 0.000015
775 0.000018
776 0.000025
777 0.000001
778 0.000008
779 0.000006
780 0.000001
781 0.000000
782 0.000000
783 0.000001
