0 0.002960
1 0.002836
2 0.002429
3 0.002604
4 0.002216
5 0.001876
6 0.001702
7 0.001869
8 0.000485
9 0.000130
10 0.000118
11 0.000125
12 0.000140
13 0.000297
14 0.000259
15 0.000187
16 0.000041
17 0.000080
18 0.001111
19 0.016611
20 0.020862
21 0.006632
22 0.002015
23 0.001759
24 0.001380
25 0.001270
26 0.001470
27 0.001542
28 0.002544
29 0.002717
30 0.002320
31 0.002216
32 0.002117
33 0.001933
34 0.001621
35 0.000991
36 0.000142
37 0.000049
38 0.000078
39 0.000097
40 0.000117
41 0.000158
42 0.000422
43 0.000391
44 0.000116
45 0.000226
46 0.001501
47 0.006664
48 0.007894
49 0.002125
50 0.000000
51 0.000000
52 0.001165
53 0.001337
54 0.001202
55 0.001470
56 0.002717
57 0.002320
58 0.002216
59 0.002117
60 0.001933
61 0.001621
62 0.001545
63 0.000398
64 0.000051
65 0.000022
66 0.000049
67 0.000081
68 0.000085
69 0.000116
70 0.000538
71 0.000940
72 0.002016
73 0.000574
74 0.000916
75 0.001393
76 0.000001
77 0.000000
78 0.000000
79 0.000000
80 0.000000
81 0.001086
82 0.001337
83 0.001202
84 0.002604
85 0.002216
86 0.001876
87 0.001702
88 0.001621
89 0.001545
90 0.001404
91 0.000145
92 0.000019
93 0.000013
94 0.000021
95 0.000039
96 0.000076
97 0.000180
98 0.000326
99 0.003891
100 0.009619
101 0.000906
102 0.000000
103 0.000000
104 0.000000
105 0.000000
106 0.000000
107 0.000000
108 0.000000
109 0.001033
110 0.001086
111 0.001337
112 0.002216
113 0.002117
114 0.001702
115 0.001621
116 0.000000
117 0.000000
118 0.000000
119 0.000000
120 0.000000
121 0.000001
122 0.000012
123 0.000021
124 0.000063
125 0.000270
126 0.000648
127 0.000252
128 0.000020
129 0.000000
130 0.000000
131 0.000000
132 0.000000
133 0.000000
134 0.000000
135 0.000000
136 0.003277
137 0.000833
138 0.001033
139 0.001275
140 0.002117
141 0.001786
142 0.001621
143 0.001545
144 0.000000
145 0.000000
146 0.000000
147 0.000000
148 0.000000
149 0.000000
150 0.000000
151 0.000000
152 0.000000
153 0.000000
154 0.000001
155 0.000000
156 0.000000
157 0.000000
158 0.000000
159 0.000000
160 0.000000
161 0.000000
162 0.000000
163 0.000000
164 0.000846
165 0.000789
166 0.000982
167 0.001033
168 0.001786
169 0.001621
170 0.001545
171 0.001404
172 0.000000
173 0.000000
174 0.000000
175 0.000000
176 0.000000
177 0.000000
178 0.000000
179 0.000000
180 0.000000
181 0.000000
182 0.000000
183 0.000000
184 0.000000
185 0.000000
186 0.000000
187 0.000000
188 0.000000
189 0.000000
190 0.000000
191 0.000131
192 0.000673
193 0.000710
194 0.000748
195 0.001073
196 0.001621
197 0.001545
198 0.001285
199 0.001161
200 0.000015
201 0.000000
202 0.000000
203 0.000000
204 0.000000
205 0.000000
206 0.000000
207 0.000000
208 0.000000
209 0.000000
210 0.000000
211 0.000000
212 0.000000
213 0.000000
214 0.000000
215 0.000000
216 0.000000
217 0.000000
218 0.000000
219 0.000173
220 0.000673
221 0.000710
222 0.000819
223 0.001601
224 0.001545
225 0.001285
226 0.001161
227 0.001104
228 0.000860
229 0.000000
230 0.000000
231 0.000000
232 0.000000
233 0.000000
234 0.000000
235 0.000000
236 0.000000
237 0.000000
238 0.000000
239 0.000000
240 0.000000
241 0.000000
242 0.000000
243 0.000000
244 0.000000
245 0.000000
246 0.000000
247 0.000001
248 0.000003
249 0.000009
250 0.000045
251 0.000188
252 0.001472
253 0.001161
254 0.001104
255 0.000550
256 0.000071
257 0.000000
258 0.000000
259 0.000000
260 0.000000
261 0.000000
262 0.000000
263 0.000000
264 0.000000
265 0.000000
266 0.000000
267 0.000000
268 0.000000
269 0.000000
270 0.000000
271 0.000000
272 0.000000
273 0.000000
274 0.000000
275 0.000000
276 0.000000
277 0.000001
278 0.000004
279 0.000015
280 0.001161
281 0.000288
282 0.000115
283 0.000023
284 0.000008
285 0.000000
286 0.000000
287 0.000000
288 0.000000
289 0.000000
290 0.000000
291 0.000000
292 0.000000
293 0.000000
294 0.000000
295 0.000000
296 0.000000
297 0.000000
298 0.000000
299 0.000000
300 0.000000
301 0.000000
302 0.000000
303 0.000000
304 0.000001
305 0.000002
306 0.000005
307 0.000005
308 0.000254
309 0.000051
310 0.000013
311 0.000004
312 0.000000
313 0.000000
314 0.000000
315 0.000000
316 0.000000
317 0.000000
318 0.000000
319 0.000000
320 0.000000
321 0.000000
322 0.000000
323 0.000000
324 0.000000
325 0.000000
326 0.000000
327 0.000000
328 0.000000
329 0.000000
330 0.000000
331 0.000000
332 0.000003
333 0.000004
334 0.000005
335 0.000005
336 0.000138
337 0.000042
338 0.000018
339 0.000004
340 0.000000
341 0.000000
342 0.000000
343 0.000000
344 0.000000
345 0.000000
346 0.000000
347 0.000000
348 0.000000
349 0.000000
350 0.000000
351 0.000000
352 0.000000
353 0.000000
354 0.000000
355 0.000000
356 0.000000
357 0.000001
358 0.000000
359 0.000000
360 0.000004
361 0.000004
362 0.000003
363 0.000002
364 0.000236
365 0.000166
366 0.000065
367 0.000026
368 0.000000
369 0.000000
370 0.000000
371 0.000000
372 0.000000
373 0.000000
374 0.000000
375 0.000000
376 0.000000
377 0.000000
378 0.000000
379 0.000000
380 0.000000
381 0.000000
382 0.000000
383 0.000000
384 0.000200
385 0.000044
386 0.000000
387 0.000000
388 0.000001
389 0.000002
390 0.000001
391 0.000001
392 0.000185
393 0.000114
394 0.000142
395 0.000013
396 0.000000
397 0.000000
398 0.000000
399 0.000000
400 0.000000
401 0.000000
402 0.000000
403 0.000000
404 0.000000
405 0.000000
406 0.000000
407 0.000000
408 0.000000
409 0.000000
410 0.000000
411 0.000001
412 0.999998
413 0.003500
414 0.000003
415 0.000000
416 0.000000
417 0.000001
418 0.000001
419 0.000001
420 0.000050
421 0.000067
422 0.000088
423 0.000001
424 0.000000
425 0.000000
426 0.000000
427 0.000002
428 0.000009
429 0.000000
430 0.000000
431 0.000000
432 0.000000
433 0.000000
434 0.000000
435 0.000000
436 0.000000
437 0.000000
438 0.000000
439 0.000000
440 0.000861
441 0.192370
442 0.000058
443 0.000000
444 0.000000
445 0.000002
446 0.000001
447 0.000001
448 0.000029
449 0.000021
450 0.000022
451 0.000000
452 0.000000
453 0.000000
454 0.000020
455 0.001713
456 0.000574
457 0.000000
458 0.000000
459 0.000000
460 0.000000
461 0.000000
462 0.000000
463 0.000000
464 0.000000
465 0.000000
466 0.000000
467 0.000000
468 0.000001
469 0.000023
470 0.000184
471 0.000001
472 0.000000
473 0.000004
474 0.000006
475 0.000004
476 0.000064
477 0.000030
478 0.000005
479 0.000000
480 0.000000
481 0.000000
482 0.000109
483 0.999997
484 0.000004
485 0.000000
486 0.000000
487 0.000000
488 0.000000
489 0.000000
490 0.000000
491 0.000000
492 0.000000
493 0.000000
494 0.000000
495 0.000000
496 0.000000
497 0.000000
498 0.000005
499 0.000003
500 0.000002
501 0.000012
502 0.000297
503 0.000164
504 0.000320
505 0.000171
506 0.000005
507 0.000000
508 0.000000
509 0.000006
510 0.000911
511 0.000002
512 0.000000
513 0.000000
514 0.000000
515 0.000000
516 0.000000
517 0.000000
518 0.000000
519 0.000000
520 0.000000
521 0.000000
522 0.000000
523 0.000000
524 0.000000
525 0.000000
526 0.000000
527 0.000007
528 0.000000
529 0.000012
530 0.004223
531 0.010003
532 0.000298
533 0.000908
534 0.000014
535 0.000000
536 0.000006
537 0.000214
538 0.000004
539 0.000000
540 0.000000
541 0.000000
542 0.000000
543 0.000000
544 0.000000
545 0.000000
546 0.000000
547 0.000000
548 0.000000
549 0.000000
550 0.000000
551 0.000000
552 0.000000
553 0.000000
554 0.000000
555 0.000001
556 0.000001
557 0.000011
558 0.002787
559 0.009327
560 0.001630
561 0.003595
562 0.000053
563 0.000003
564 0.000067
565 0.000165
566 0.000001
567 0.000000
568 0.000000
569 0.000000
570 0.000000
571 0.000000
572 0.000000
573 0.000000
574 0.000000
575 0.000000
576 0.000000
577 0.000000
578 0.000000
579 0.000000
580 0.000000
581 0.000000
582 0.000000
583 0.000000
584 0.000006
585 0.000110
586 0.000392
587 0.001788
588 0.004867
589 0.011703
590 0.000821
591 0.000060
592 0.000091
593 0.000002
594 0.000000
595 0.000000
596 0.000000
597 0.000000
598 0.000000
599 0.000000
600 0.000000
601 0.000000
602 0.000000
603 0.000000
604 0.000000
605 0.000000
606 0.000000
607 0.000000
608 0.000000
609 0.000000
610 0.000000
611 0.000000
612 0.000021
613 0.000036
614 0.000107
615 0.000278
616 0.015771
617 0.010004
618 0.010003
619 0.001491
620 0.000028
621 0.000000
622 0.000000
623 0.000000
624 0.000000
625 0.000000
626 0.000000
627 0.000000
628 0.000000
629 0.000000
630 0.000000
631 0.000000
632 0.000000
633 0.000000
634 0.000000
635 0.000000
636 0.000000
637 0.000000
638 0.000000
639 0.000019
640 0.000021
641 0.000029
642 0.000000
643 0.000000
644 0.010004
645 0.010003
646 0.003953
647 0.001310
648 0.000220
649 0.000001
650 0.000000
651 0.000000
652 0.000000
653 0.000000
654 0.000000
655 0.000000
656 0.000000
657 0.000000
658 0.000000
659 0.000000
660 0.000000
661 0.000000
662 0.000000
663 0.000000
664 0.000000
665 0.000001
666 0.000019
667 0.000027
668 0.000029
669 0.000000
670 0.000000
671 0.000000
672 0.000000
673 0.004107
674 0.001733
675 0.000621
676 0.000486
677 0.000381
678 0.000004
679 0.000002
680 0.000004
681 0.000018
682 0.000005
683 0.000000
684 0.000000
685 0.000000
686 0.000000
687 0.000000
688 0.000004
689 0.000010
690 0.000002
691 0.000001
692 0.000003
693 0.000018
694 0.000021
695 0.000029
696 0.000000
697 0.000000
698 0.000000
699 0.000000
700 0.000000
701 0.000000
702 0.000830
703 0.000544
704 0.000514
705 0.000486
706 0.000381
707 0.000359
708 0.000320
709 0.000248
710 0.000029
711 0.000001
712 0.000000
713 0.000000
714 0.000000
715 0.000002
716 0.000008
717 0.000008
718 0.000012
719 0.000013
720 0.000014
721 0.000019
722 0.000027
723 0.000000
724 0.000000
725 0.000000
726 0.000000
727 0.000000
728 0.000000
729 0.000000
730 0.000000
731 0.000000
732 0.000544
733 0.000514
734 0.000403
735 0.000381
736 0.000359
737 0.000280
738 0.000248
739 0.000004
740 0.000000
741 0.000000
742 0.000001
743 0.000004
744 0.000011
745 0.000011
746 0.000013
747 0.000018
748 0.000019
749 0.000027
750 0.000000
751 0.000000
752 0.000000
753 0.000000
754 0.000000
755 0.000000
756 0.000000
757 0.000000
758 0.000000
759 0.000000
760 0.000000
761 0.000544
762 0.000514
763 0.000403
764 0.000381
765 0.000359
766 0.000339
767 0.000020
768 0.000001
769 0.000000
770 0.000001
771 0.000008
772 0.000011
773 0.000016
774 0.000013
775 0.000015
776 0.000021
777 0.000000
778 0.000002
779 0.000001
780 0.000000
781 0.000000
782 0.000000
783 0.000000
