0 0.000436
1 0.000394
2 0.000276
3 0.000324
4 0.000225
5 0.000156
6 0.000126
7 0.000114
8 0.000018
9 0.000005
10 0.000008
11 0.000043
12 0.000090
13 0.000027
14 0.000008
15 0.000004
16 0.000003
17 0.000002
18 0.000005
19 0.000085
20 0.000645
21 0.000682
22 0.000866
23 0.000913
24 0.000808
25 0.000855
26 0.001072
27 0.001131
28 0.000307
29 0.000357
30 0.000249
31 0.000225
32 0.000203
33 0.000166
34 0.000114
35 0.000062
36 0.000006
37 0.000004
38 0.000010
39 0.000065
40 0.000053
41 0.000013
42 0.000005
43 0.000003
44 0.000002
45 0.000002
46 0.000003
47 0.000020
48 0.000505
49 0.000645
50 0.000002
51 0.000001
52 0.000763
53 0.000963
54 0.000855
55 0.001072
56 0.000357
57 0.000249
58 0.000225
59 0.000203
60 0.000166
61 0.000114
62 0.000103
63 0.000021
64 0.000004
65 0.000004
66 0.000026
67 0.000056
68 0.000021
69 0.000006
70 0.000003
71 0.000002
72 0.000002
73 0.000002
74 0.000002
75 0.000005
76 0.000002
77 0.000003
78 0.000002
79 0.000001
80 0.000001
81 0.000763
82 0.000963
83 0.000855
84 0.000324
85 0.000225
86 0.000156
87 0.000126
88 0.000114
89 0.000103
90 0.000084
91 0.000007
92 0.000003
93 0.000006
94 0.000042
95 0.000046
96 0.000010
97 0.000004
98 0.000003
99 0.000002
100 0.000002
101 0.000002
102 0.000002
103 0.000002
104 0.000002
105 0.000002
106 0.000001
107 0.000001
108 0.000001
109 0.000721
110 0.000763
111 0.000963
112 0.000225
113 0.000203
114 0.000126
115 0.000114
116 0.000032
117 0.000019
118 0.000011
119 0.000003
120 0.000003
121 0.000011
122 0.000051
123 0.000030
124 0.000005
125 0.000003
126 0.000002
127 0.000002
128 0.000002
129 0.000001
130 0.000002
131 0.000002
132 0.000002
133 0.000002
134 0.000001
135 0.000001
136 0.000003
137 0.000568
138 0.000721
139 0.000913
140 0.000203
141 0.000140
142 0.000114
143 0.000103
144 0.000033
145 0.000017
146 0.000005
147 0.000002
148 0.000003
149 0.000012
150 0.000016
151 0.000006
152 0.000003
153 0.000002
154 0.000002
155 0.000001
156 0.000001
157 0.000002
158 0.000002
159 0.000002
160 0.000002
161 0.000001
162 0.000001
163 0.000001
164 0.000577
165 0.000535
166 0.000682
167 0.000721
168 0.000141
169 0.000114
170 0.000103
171 0.000085
172 0.000072
173 0.000028
174 0.000003
175 0.000003
176 0.000005
177 0.000019
178 0.000006
179 0.000002
180 0.000002
181 0.000001
182 0.000001
183 0.000002
184 0.000002
185 0.000002
186 0.000002
187 0.000001
188 0.000001
189 0.000001
190 0.000001
191 0.000002
192 0.000449
193 0.000476
194 0.000505
195 0.000682
196 0.000371
197 0.000138
198 0.000071
199 0.000058
200 0.002507
201 0.000029
202 0.000002
203 0.000003
204 0.000006
205 0.000006
206 0.000003
207 0.000002
208 0.000001
209 0.000001
210 0.000002
211 0.000003
212 0.000003
213 0.000002
214 0.000001
215 0.000001
216 0.000001
217 0.000001
218 0.000001
219 0.000003
220 0.000449
221 0.000476
222 0.000476
223 0.000610
224 0.001960
225 0.000440
226 0.000141
227 0.000053
228 0.000033
229 0.000010
230 0.000003
231 0.000003
232 0.000006
233 0.000004
234 0.000002
235 0.000002
236 0.000002
237 0.000003
238 0.000003
239 0.000002
240 0.000002
241 0.000001
242 0.000001
243 0.000001
244 0.000001
245 0.000001
246 0.000001
247 0.000193
248 0.000212
249 0.000200
250 0.000299
251 0.000332
252 0.009980
253 0.002615
254 0.000745
255 0.000076
256 0.000004
257 0.000003
258 0.000003
259 0.000004
260 0.000006
261 0.000003
262 0.000002
263 0.000002
264 0.000003
265 0.000003
266 0.000002
267 0.000002
268 0.000001
269 0.000001
270 0.000001
271 0.000001
272 0.000001
273 0.000001
274 0.000002
275 0.000099
276 0.000140
277 0.000149
278 0.000167
279 0.000240
280 0.010041
281 0.002531
282 0.000411
283 0.000012
284 0.000003
285 0.000002
286 0.000004
287 0.000007
288 0.000006
289 0.000003
290 0.000003
291 0.000003
292 0.000003
293 0.000002
294 0.000001
295 0.000001
296 0.000001
297 0.000001
298 0.000001
299 0.000001
300 0.000001
301 0.000001
302 0.000002
303 0.000095
304 0.000125
305 0.000136
306 0.000149
307 0.000194
308 0.000392
309 0.000155
310 0.000043
311 0.000015
312 0.000002
313 0.000002
314 0.000007
315 0.000021
316 0.000009
317 0.000005
318 0.000004
319 0.000003
320 0.000002
321 0.000001
322 0.000001
323 0.000001
324 0.000001
325 0.000001
326 0.000001
327 0.000001
328 0.000001
329 0.000001
330 0.000002
331 0.000003
332 0.000099
333 0.000130
334 0.000141
335 0.000199
336 0.000006
337 0.000007
338 0.000011
339 0.000013
340 0.000003
341 0.000004
342 0.000227
343 0.000240
344 0.000009
345 0.000004
346 0.000003
347 0.000002
348 0.000001
349 0.000001
350 0.000001
351 0.000001
352 0.000001
353 0.000001
354 0.000001
355 0.000001
356 0.000001
357 0.000001
358 0.000002
359 0.000002
360 0.000088
361 0.000102
362 0.000136
363 0.000146
364 0.000003
365 0.000003
366 0.000004
367 0.000013
368 0.000004
369 0.000016
370 0.999862
371 0.000840
372 0.000007
373 0.000002
374 0.000002
375 0.000001
376 0.000001
377 0.000001
378 0.000001
379 0.000001
380 0.000001
381 0.000001
382 0.000001
383 0.000001
384 0.000001
385 0.000002
386 0.000002
387 0.000002
388 0.000007
389 0.000093
390 0.000105
391 0.000147
392 0.000002
393 0.000003
394 0.000003
395 0.000004
396 0.000005
397 0.000044
398 0.999905
399 0.000088
400 0.000004
401 0.000002
402 0.000002
403 0.000001
404 0.000001
405 0.000001
406 0.000001
407 0.000001
408 0.000001
409 0.000001
410 0.000001
411 0.000001
412 0.000001
413 0.000002
414 0.000002
415 0.000002
416 0.000002
417 0.000086
418 0.000100
419 0.000107
420 0.000003
421 0.000003
422 0.000005
423 0.000003
424 0.000005
425 0.000063
426 0.000112
427 0.000007
428 0.000004
429 0.000003
430 0.000002
431 0.000002
432 0.000001
433 0.000001
434 0.000001
435 0.000001
436 0.000001
437 0.000001
438 0.000001
439 0.000001
440 0.000001
441 0.000002
442 0.000001
443 0.000002
444 0.000002
445 0.000068
446 0.000089
447 0.000101
448 0.000011
449 0.000011
450 0.000010
451 0.000003
452 0.000007
453 0.000024
454 0.000006
455 0.000003
456 0.000002
457 0.000003
458 0.000003
459 0.000002
460 0.000002
461 0.000001
462 0.000001
463 0.000001
464 0.000001
465 0.000001
466 0.000001
467 0.000001
468 0.000001
469 0.000001
470 0.000002
471 0.000001
472 0.000002
473 0.000004
474 0.000073
475 0.000142
476 0.000327
477 0.000086
478 0.000009
479 0.000003
480 0.000011
481 0.000008
482 0.000002
483 0.000001
484 0.000002
485 0.000002
486 0.000002
487 0.000002
488 0.000003
489 0.000002
490 0.000002
491 0.000001
492 0.000001
493 0.000001
494 0.000001
495 0.000001
496 0.000001
497 0.000002
498 0.000001
499 0.000001
500 0.000002
501 0.000002
502 0.000302
503 0.000696
504 0.010015
505 0.003453
506 0.000005
507 0.000004
508 0.000012
509 0.000004
510 0.000001
511 0.000001
512 0.000001
513 0.000001
514 0.000002
515 0.000002
516 0.000002
517 0.000002
518 0.000002
519 0.000002
520 0.000001
521 0.000001
522 0.000001
523 0.000001
524 0.000001
525 0.000002
526 0.000002
527 0.000002
528 0.000002
529 0.000002
530 0.001887
531 0.004923
532 0.006881
533 0.001647
534 0.000008
535 0.000009
536 0.000007
537 0.000002
538 0.000001
539 0.000001
540 0.000001
541 0.000001
542 0.000001
543 0.000001
544 0.000001
545 0.000002
546 0.000002
547 0.000002
548 0.000002
549 0.000002
550 0.000001
551 0.000001
552 0.000002
553 0.000002
554 0.000002
555 0.000002
556 0.000002
557 0.000003
558 0.004923
559 0.004955
560 0.001330
561 0.000403
562 0.000005
563 0.000015
564 0.000004
565 0.000001
566 0.000001
567 0.000001
568 0.000001
569 0.000001
570 0.000001
571 0.000001
572 0.000001
573 0.000001
574 0.000002
575 0.000002
576 0.000002
577 0.000002
578 0.000002
579 0.000002
580 0.000002
581 0.000002
582 0.000002
583 0.000002
584 0.000003
585 0.004923
586 0.004955
587 0.005098
588 0.000450
589 0.000124
590 0.000063
591 0.000014
592 0.000002
593 0.000001
594 0.000001
595 0.000001
596 0.000001
597 0.000001
598 0.000001
599 0.000001
600 0.000001
601 0.000001
602 0.000001
603 0.000001
604 0.000002
605 0.000002
606 0.000003
607 0.000003
608 0.000002
609 0.000002
610 0.000002
611 0.000003
612 0.004892
613 0.004923
614 0.005064
615 0.005098
616 0.000192
617 0.000167
618 0.000124
619 0.000023
620 0.000002
621 0.000001
622 0.000001
623 0.000001
624 0.000001
625 0.000001
626 0.000001
627 0.000001
628 0.000001
629 0.000002
630 0.000002
631 0.000002
632 0.000002
633 0.000002
634 0.000002
635 0.000002
636 0.000002
637 0.000002
638 0.000004
639 0.004892
640 0.004923
641 0.005064
642 0.000002
643 0.000001
644 0.000205
645 0.000191
646 0.000179
647 0.000133
648 0.000045
649 0.000002
650 0.000001
651 0.000001
652 0.000001
653 0.000001
654 0.000002
655 0.000002
656 0.000004
657 0.000010
658 0.000009
659 0.000002
660 0.000002
661 0.000002
662 0.000002
663 0.000002
664 0.000002
665 0.000005
666 0.004892
667 0.005032
668 0.005064
669 0.000002
670 0.000002
671 0.000001
672 0.000002
673 0.000205
674 0.000191
675 0.000142
676 0.000167
677 0.000124
678 0.000002
679 0.000002
680 0.000002
681 0.000005
682 0.000337
683 0.000112
684 0.000045
685 0.000013
686 0.000010
687 0.000009
688 0.000007
689 0.000053
690 0.000082
691 0.000018
692 0.000080
693 0.004861
694 0.004923
695 0.005064
696 0.000002
697 0.000002
698 0.000002
699 0.000001
700 0.000002
701 0.000002
702 0.000205
703 0.000191
704 0.000179
705 0.000167
706 0.000124
707 0.000115
708 0.000101
709 0.000075
710 0.000056
711 0.000198
712 0.000085
713 0.000021
714 0.000014
715 0.000013
716 0.000018
717 0.000162
718 0.004704
719 0.004733
720 0.004762
721 0.004892
722 0.005032
723 0.000002
724 0.000002
725 0.000002
726 0.000002
727 0.000002
728 0.000002
729 0.000002
730 0.000002
731 0.000002
732 0.000191
733 0.000179
734 0.000133
735 0.000124
736 0.000115
737 0.000086
738 0.000075
739 0.000481
740 0.000159
741 0.000069
742 0.000015
743 0.000015
744 0.000043
745 0.000541
746 0.004733
747 0.004861
748 0.004892
749 0.005032
750 0.000003
751 0.000003
752 0.000003
753 0.000002
754 0.000002
755 0.000002
756 0.000002
757 0.000002
758 0.000001
759 0.000001
760 0.000002
761 0.000191
762 0.000179
763 0.000133
764 0.000124
765 0.000115
766 0.000108
767 0.000102
768 0.000235
769 0.000122
770 0.000022
771 0.000021
772 0.000113
773 0.001955
774 0.004733
775 0.004792
776 0.004923
777 0.000002
778 0.000013
779 0.000007
780 0.000002
781 0.000003
782 0.000003
783 0.000002
