0 0.009994
1 0.003872
2 0.001160
3 0.000482
4 0.000265
5 0.000187
6 0.000154
7 0.000140
8 0.000008
9 0.000003
10 0.000003
11 0.000004
12 0.000007
13 0.000019
14 0.000011
15 0.000007
16 0.000004
17 0.000003
18 0.000004
19 0.000012
20 0.000079
21 0.000087
22 0.000129
23 0.000141
24 0.000115
25 0.000126
26 0.000184
27 0.000202
28 0.010001
29 0.009994
30 0.003630
31 0.001016
32 0.000311
33 0.000199
34 0.000140
35 0.000051
36 0.000004
37 0.000003
38 0.000003
39 0.000005
40 0.000009
41 0.000015
42 0.000009
43 0.000005
44 0.000003
45 0.000003
46 0.000003
47 0.000005
48 0.000054
49 0.000079
50 0.000004
51 0.000002
52 0.000104
53 0.000154
54 0.000126
55 0.000184
56 0.010219
57 0.010001
58 0.009993
59 0.003405
60 0.000836
61 0.000182
62 0.000127
63 0.000011
64 0.000003
65 0.000003
66 0.000003
67 0.000005
68 0.000014
69 0.000009
70 0.000007
71 0.000004
72 0.000003
73 0.000003
74 0.000003
75 0.000003
76 0.000003
77 0.000003
78 0.000002
79 0.000002
80 0.000002
81 0.000104
82 0.000154
83 0.000126
84 0.010203
85 0.010264
86 0.010001
87 0.009991
88 0.002155
89 0.000534
90 0.000139
91 0.000004
92 0.000003
93 0.000003
94 0.000004
95 0.000007
96 0.000012
97 0.000009
98 0.000004
99 0.000003
100 0.000003
101 0.000003
102 0.000003
103 0.000004
104 0.000003
105 0.000002
106 0.000002
107 0.000002
108 0.000002
109 0.000095
110 0.000104
111 0.000154
112 0.001896
113 0.007056
114 0.010303
115 0.010002
116 0.000002
117 0.000002
118 0.000001
119 0.000002
120 0.000002
121 0.000003
122 0.000005
123 0.000013
124 0.000010
125 0.000006
126 0.000003
127 0.000003
128 0.000003
129 0.000004
130 0.000003
131 0.000003
132 0.000002
133 0.000002
134 0.000001
135 0.000002
136 0.000003
137 0.000064
138 0.000095
139 0.000141
140 0.000533
141 0.001248
142 0.004635
143 0.010313
144 0.000007
145 0.000004
146 0.000002
147 0.000001
148 0.000001
149 0.000002
150 0.000002
151 0.000003
152 0.000003
153 0.000002
154 0.000003
155 0.000003
156 0.000004
157 0.000003
158 0.000003
159 0.000002
160 0.000002
161 0.000002
162 0.000002
163 0.000002
164 0.000066
165 0.000059
166 0.000087
167 0.000095
168 0.000170
169 0.000316
170 0.000758
171 0.002911
172 0.000002
173 0.000009
174 0.000008
175 0.000002
176 0.000001
177 0.000001
178 0.000002
179 0.000002
180 0.000002
181 0.000002
182 0.000002
183 0.000003
184 0.000003
185 0.000002
186 0.000002
187 0.000002
188 0.000002
189 0.000002
190 0.000002
191 0.000002
192 0.000044
193 0.000049
194 0.000053
195 0.000087
196 0.000140
197 0.000127
198 0.000152
199 0.000450
200 0.000032
201 0.000003
202 0.000010
203 0.000011
204 0.000003
205 0.000002
206 0.000002
207 0.000002
208 0.000002
209 0.000002
210 0.000002
211 0.000002
212 0.000002
213 0.000002
214 0.000002
215 0.000002
216 0.000002
217 0.000002
218 0.000002
219 0.000003
220 0.000044
221 0.000049
222 0.000049
223 0.000072
224 0.000127
225 0.000090
226 0.000074
227 0.000088
228 0.000186
229 0.000002
230 0.000003
231 0.000015
232 0.000024
233 0.000010
234 0.000005
235 0.000003
236 0.000002
237 0.000002
238 0.000002
239 0.000002
240 0.000002
241 0.000002
242 0.000002
243 0.000002
244 0.000002
245 0.000002
246 0.000002
247 0.000005
248 0.000007
249 0.000008
250 0.000016
251 0.000022
252 0.000116
253 0.000074
254 0.000068
255 0.000032
256 0.000009
257 0.000002
258 0.000002
259 0.000008
260 0.000165
261 0.999910
262 0.000020
263 0.000004
264 0.000002
265 0.000002
266 0.000002
267 0.000002
268 0.000002
269 0.000002
270 0.000002
271 0.000002
272 0.000002
273 0.000002
274 0.000002
275 0.000002
276 0.000003
277 0.000004
278 0.000004
279 0.000007
280 0.000074
281 0.000018
282 0.000015
283 0.000010
284 0.000010
285 0.000003
286 0.000002
287 0.000007
288 0.000117
289 0.994523
290 0.000041
291 0.000004
292 0.000002
293 0.000002
294 0.000002
295 0.000002
296 0.000002
297 0.000002
298 0.000002
299 0.000002
300 0.000002
301 0.000002
302 0.000002
303 0.000003
304 0.000003
305 0.000003
306 0.000003
307 0.000004
308 0.000019
309 0.000016
310 0.000012
311 0.000010
312 0.000005
313 0.000004
314 0.000003
315 0.000003
316 0.000012
317 0.000012
318 0.000009
319 0.000005
320 0.000003
321 0.000002
322 0.000002
323 0.000002
324 0.000002
325 0.000002
326 0.000002
327 0.000002
328 0.000002
329 0.000002
330 0.000002
331 0.000002
332 0.000003
333 0.000003
334 0.000003
335 0.000005
336 0.000014
337 0.000015
338 0.000027
339 0.000025
340 0.000004
341 0.000003
342 0.000003
343 0.000003
344 0.000003
345 0.000004
346 0.000004
347 0.000005
348 0.000004
349 0.000003
350 0.000002
351 0.000002
352 0.000002
353 0.000002
354 0.000002
355 0.000002
356 0.000002
357 0.000002
358 0.000002
359 0.000002
360 0.000003
361 0.000003
362 0.000004
363 0.000004
364 0.000038
365 0.000036
366 0.000031
367 0.000021
368 0.000003
369 0.000003
370 0.000004
371 0.000003
372 0.000002
373 0.000002
374 0.000003
375 0.000003
376 0.000004
377 0.000003
378 0.000002
379 0.000002
380 0.000002
381 0.000002
382 0.000002
383 0.000002
384 0.000002
385 0.000002
386 0.000002
387 0.000002
388 0.000002
389 0.000003
390 0.000003
391 0.000004
392 0.000028
393 0.000024
394 0.000020
395 0.000004
396 0.000002
397 0.000003
398 0.000005
399 0.000003
400 0.000002
401 0.000002
402 0.000002
403 0.000003
404 0.000003
405 0.000004
406 0.000003
407 0.000002
408 0.000002
409 0.000002
410 0.000002
411 0.000002
412 0.000002
413 0.000002
414 0.000002
415 0.000002
416 0.000002
417 0.000003
418 0.000003
419 0.000003
420 0.000029
421 0.000016
422 0.000011
423 0.000003
424 0.000002
425 0.000003
426 0.000005
427 0.000003
428 0.000002
429 0.000002
430 0.000002
431 0.000002
432 0.000003
433 0.000003
434 0.000003
435 0.000003
436 0.000002
437 0.000002
438 0.000002
439 0.000002
440 0.000002
441 0.000002
442 0.000002
443 0.000002
444 0.000002
445 0.000003
446 0.000003
447 0.000003
448 0.000036
449 0.000008
450 0.000004
451 0.000002
452 0.000003
453 0.000004
454 0.000004
455 0.000002
456 0.000002
457 0.000002
458 0.000002
459 0.000002
460 0.000002
461 0.000003
462 0.000003
463 0.000003
464 0.000003
465 0.000002
466 0.000002
467 0.000002
468 0.000002
469 0.000002
470 0.000002
471 0.000002
472 0.000002
473 0.000003
474 0.000003
475 0.000004
476 0.000090
477 0.000012
478 0.000003
479 0.000002
480 0.000003
481 0.000004
482 0.000003
483 0.000002
484 0.000002
485 0.000002
486 0.000002
487 0.000002
488 0.000002
489 0.000002
490 0.000002
491 0.000003
492 0.000003
493 0.000003
494 0.000002
495 0.000002
496 0.000002
497 0.000002
498 0.000002
499 0.000002
500 0.000002
501 0.000003
502 0.000008
503 0.000024
504 0.000856
505 0.000089
506 0.000003
507 0.000003
508 0.000004
509 0.000003
510 0.000002
511 0.000002
512 0.000002
513 0.000002
514 0.000002
515 0.000002
516 0.000002
517 0.000002
518 0.000002
519 0.000002
520 0.000003
521 0.000003
522 0.000003
523 0.000003
524 0.000003
525 0.000002
526 0.000002
527 0.000002
528 0.000003
529 0.000003
530 0.000127
531 0.000897
532 0.000278
533 0.000246
534 0.000003
535 0.000003
536 0.000004
537 0.000003
538 0.000002
539 0.000002
540 0.000002
541 0.000002
542 0.000002
543 0.000002
544 0.000002
545 0.000002
546 0.000002
547 0.000002
548 0.000002
549 0.000002
550 0.000002
551 0.000003
552 0.000003
553 0.000003
554 0.000003
555 0.000003
556 0.000003
557 0.000004
558 0.001023
559 0.000934
560 0.000357
561 0.000337
562 0.000003
563 0.000003
564 0.000003
565 0.000002
566 0.000002
567 0.000002
568 0.000002
569 0.000002
570 0.000002
571 0.000002
572 0.000002
573 0.000002
574 0.000002
575 0.000002
576 0.000002
577 0.000002
578 0.000003
579 0.000003
580 0.000004
581 0.000003
582 0.000003
583 0.000003
584 0.000004
585 0.003522
586 0.002061
587 0.001427
588 0.000459
589 0.000357
590 0.000004
591 0.000002
592 0.000002
593 0.000002
594 0.000002
595 0.000002
596 0.000002
597 0.000002
598 0.000002
599 0.000002
600 0.000002
601 0.000002
602 0.000002
603 0.000002
604 0.000002
605 0.000002
606 0.000003
607 0.000003
608 0.000003
609 0.000003
610 0.000003
611 0.000006
612 0.009988
613 0.006329
614 0.004133
615 0.002774
616 0.000514
617 0.000459
618 0.000357
619 0.000005
620 0.000002
621 0.000002
622 0.000002
623 0.000002
624 0.000002
625 0.000002
626 0.000002
627 0.000002
628 0.000002
629 0.000002
630 0.000002
631 0.000002
632 0.000002
633 0.000003
634 0.000003
635 0.000003
636 0.000003
637 0.000004
638 0.000009
639 0.009996
640 0.009992
641 0.009990
642 0.000002
643 0.000003
644 0.000544
645 0.000514
646 0.000486
647 0.000379
648 0.000042
649 0.000002
650 0.000002
651 0.000002
652 0.000002
653 0.000002
654 0.000002
655 0.000002
656 0.000002
657 0.000004
658 0.000004
659 0.000003
660 0.000003
661 0.000003
662 0.000003
663 0.000004
664 0.000004
665 0.000011
666 0.010003
667 0.010001
668 0.009997
669 0.000002
670 0.000002
671 0.000002
672 0.000002
673 0.000544
674 0.000514
675 0.000402
676 0.000459
677 0.000357
678 0.000003
679 0.000003
680 0.000003
681 0.000004
682 0.000052
683 0.000012
684 0.000005
685 0.000005
686 0.000005
687 0.000005
688 0.000006
689 0.000076
690 0.000103
691 0.000043
692 0.000189
693 0.010033
694 0.010003
695 0.010003
696 0.000002
697 0.000002
698 0.000002
699 0.000002
700 0.000002
701 0.000002
702 0.000544
703 0.000514
704 0.000486
705 0.000459
706 0.000357
707 0.000337
708 0.000300
709 0.000231
710 0.000105
711 0.000024
712 0.000008
713 0.000006
714 0.000007
715 0.000007
716 0.000009
717 0.000109
718 0.003263
719 0.007225
720 0.009998
721 0.010039
722 0.010004
723 0.000002
724 0.000003
725 0.000002
726 0.000002
727 0.000002
728 0.000002
729 0.000002
730 0.000002
731 0.000002
732 0.000514
733 0.000486
734 0.000379
735 0.000357
736 0.000337
737 0.000261
738 0.000231
739 0.000054
740 0.000016
741 0.000008
742 0.000007
743 0.000007
744 0.000019
745 0.000181
746 0.001842
747 0.004568
748 0.009969
749 0.010018
750 0.000003
751 0.000003
752 0.000003
753 0.000003
754 0.000002
755 0.000002
756 0.000002
757 0.000002
758 0.000002
759 0.000002
760 0.000002
761 0.000514
762 0.000486
763 0.000379
764 0.000357
765 0.000337
766 0.000317
767 0.000128
768 0.000027
769 0.000012
770 0.000010
771 0.000010
772 0.000042
773 0.000411
774 0.001205
775 0.002580
776 0.005448
777 0.000003
778 0.000027
779 0.000015
780 0.000003
781 0.000003
782 0.000003
783 0.000002
