0 0.010593
1 0.020643
2 0.021849
3 0.013175
4 0.005309
5 0.002019
6 0.001185
7 0.000826
8 0.000108
9 0.000012
10 0.000008
11 0.000007
12 0.000007
13 0.000012
14 0.000030
15 0.000053
16 0.000047
17 0.000033
18 0.000118
19 0.000403
20 0.000658
21 0.000537
22 0.000697
23 0.000738
24 0.000645
25 0.000687
26 0.000879
27 0.000932
28 0.006596
29 0.010593
30 0.019658
31 0.021851
32 0.012104
33 0.004431
34 0.001682
35 0.000592
36 0.000030
37 0.000005
38 0.000005
39 0.000005
40 0.000006
41 0.000018
42 0.000044
43 0.000051
44 0.000033
45 0.000026
46 0.000021
47 0.000107
48 0.000386
49 0.000505
50 0.000000
51 0.000000
52 0.000607
53 0.000782
54 0.000687
55 0.000879
56 0.006281
57 0.006596
58 0.010060
59 0.019660
60 0.021854
61 0.010963
62 0.003801
63 0.000418
64 0.000018
65 0.000003
66 0.000004
67 0.000003
68 0.000006
69 0.000019
70 0.000044
71 0.000035
72 0.000031
73 0.000010
74 0.000006
75 0.000020
76 0.000000
77 0.000000
78 0.000000
79 0.000000
80 0.000000
81 0.000607
82 0.000782
83 0.000687
84 0.007661
85 0.006281
86 0.006263
87 0.011216
88 0.021432
89 0.020776
90 0.013588
91 0.000311
92 0.000016
93 0.000003
94 0.000002
95 0.000003
96 0.000008
97 0.000034
98 0.000045
99 0.000031
100 0.000015
101 0.000002
102 0.000000
103 0.000000
104 0.000000
105 0.000000
106 0.000000
107 0.000000
108 0.000001
109 0.000571
110 0.000607
111 0.000782
112 0.009478
113 0.007661
114 0.006280
115 0.006263
116 0.000000
117 0.000000
118 0.000000
119 0.000000
120 0.000000
121 0.000003
122 0.000002
123 0.000005
124 0.000017
125 0.000041
126 0.000034
127 0.000001
128 0.000000
129 0.000000
130 0.000000
131 0.000000
132 0.000000
133 0.000000
134 0.000000
135 0.000001
136 0.000004
137 0.000439
138 0.000658
139 0.001306
140 0.010007
141 0.009479
142 0.007662
143 0.006583
144 0.000001
145 0.000000
146 0.000000
147 0.000000
148 0.000000
149 0.000000
150 0.000000
151 0.000000
152 0.000000
153 0.000000
154 0.000000
155 0.000000
156 0.000000
157 0.000000
158 0.000000
159 0.000000
160 0.000000
161 0.000000
162 0.000001
163 0.000001
164 0.000448
165 0.000555
166 0.001136
167 0.001872
168 0.006770
169 0.010008
170 0.010006
171 0.008071
172 0.000000
173 0.000001
174 0.000001
175 0.000000
176 0.000000
177 0.000000
178 0.000000
179 0.000000
180 0.000000
181 0.000000
182 0.000000
183 0.000000
184 0.000000
185 0.000000
186 0.000000
187 0.000000
188 0.000000
189 0.000001
190 0.000001
191 0.000000
192 0.000552
193 0.000952
194 0.001951
195 0.007379
196 0.003019
197 0.005310
198 0.010008
199 0.010008
200 0.000049
201 0.000001
202 0.000002
203 0.000001
204 0.000000
205 0.000000
206 0.000000
207 0.000000
208 0.000000
209 0.000000
210 0.000000
211 0.000000
212 0.000000
213 0.000000
214 0.000000
215 0.000000
216 0.000000
217 0.000001
218 0.000000
219 0.000004
220 0.001127
221 0.002743
222 0.009049
223 0.012595
224 0.001123
225 0.001895
226 0.003281
227 0.007889
228 0.010010
229 0.000000
230 0.000001
231 0.000002
232 0.000001
233 0.000000
234 0.000000
235 0.000000
236 0.000000
237 0.000000
238 0.000000
239 0.000000
240 0.000000
241 0.000000
242 0.000000
243 0.000000
244 0.000001
245 0.000000
246 0.000000
247 0.000039
248 0.000242
249 0.001197
250 0.002280
251 0.003262
252 0.000732
253 0.000643
254 0.001101
255 0.001318
256 0.000497
257 0.000000
258 0.000000
259 0.000001
260 0.000001
261 0.000001
262 0.000001
263 0.000001
264 0.000000
265 0.000000
266 0.000000
267 0.000000
268 0.000000
269 0.000000
270 0.000000
271 0.000000
272 0.000001
273 0.000000
274 0.000000
275 0.000030
276 0.000097
277 0.000192
278 0.000189
279 0.000110
280 0.000527
281 0.000131
282 0.000058
283 0.000022
284 0.000022
285 0.000000
286 0.000000
287 0.000001
288 0.000002
289 0.000003
290 0.000003
291 0.000002
292 0.000001
293 0.000000
294 0.000000
295 0.000000
296 0.000000
297 0.000000
298 0.000000
299 0.000001
300 0.000000
301 0.000000
302 0.000000
303 0.000092
304 0.000088
305 0.000045
306 0.000019
307 0.000010
308 0.000062
309 0.000023
310 0.000007
311 0.000003
312 0.000001
313 0.000000
314 0.000000
315 0.000000
316 0.000002
317 0.000070
318 0.000010
319 0.000001
320 0.000001
321 0.000000
322 0.000000
323 0.000000
324 0.000000
325 0.000000
326 0.000001
327 0.000001
328 0.000000
329 0.000000
330 0.000000
331 0.000004
332 0.000023
333 0.000008
334 0.000006
335 0.000007
336 0.000013
337 0.000006
338 0.000004
339 0.000002
340 0.000000
341 0.000000
342 0.000000
343 0.000000
344 0.000003
345 0.999985
346 0.000004
347 0.000001
348 0.000001
349 0.000001
350 0.000001
351 0.000000
352 0.000000
353 0.000001
354 0.000001
355 0.000001
356 0.000000
357 0.000000
358 0.000000
359 0.000000
360 0.000004
361 0.000003
362 0.000005
363 0.000006
364 0.000010
365 0.000008
366 0.000004
367 0.000002
368 0.000000
369 0.000000
370 0.000000
371 0.000001
372 0.000001
373 0.000004
374 0.000002
375 0.000001
376 0.000000
377 0.000001
378 0.000001
379 0.000001
380 0.000001
381 0.000002
382 0.000001
383 0.000001
384 0.000000
385 0.000000
386 0.000000
387 0.000000
388 0.000001
389 0.000003
390 0.000004
391 0.000006
392 0.000008
393 0.000004
394 0.000005
395 0.000001
396 0.000000
397 0.000000
398 0.000001
399 0.000001
400 0.000001
401 0.000001
402 0.000001
403 0.000001
404 0.000000
405 0.000000
406 0.000001
407 0.000003
408 0.000015
409 0.000047
410 0.000001
411 0.000000
412 0.000000
413 0.000000
414 0.000000
415 0.000000
416 0.000000
417 0.000003
418 0.000004
419 0.000005
420 0.000009
421 0.000011
422 0.000018
423 0.000001
424 0.000001
425 0.000000
426 0.000001
427 0.000001
428 0.000000
429 0.000000
430 0.000000
431 0.000001
432 0.000001
433 0.000001
434 0.000001
435 0.000009
436 0.999983
437 0.000445
438 0.000002
439 0.000000
440 0.000000
441 0.000000
442 0.000000
443 0.000000
444 0.000000
445 0.000003
446 0.000004
447 0.000004
448 0.000043
449 0.000040
450 0.000079
451 0.000001
452 0.000000
453 0.000001
454 0.000001
455 0.000001
456 0.000000
457 0.000000
458 0.000000
459 0.000001
460 0.000001
461 0.000001
462 0.000002
463 0.000010
464 0.000151
465 0.000107
466 0.000002
467 0.000001
468 0.000000
469 0.000000
470 0.000000
471 0.000000
472 0.000000
473 0.000001
474 0.000003
475 0.000008
476 0.000818
477 0.000551
478 0.000046
479 0.000000
480 0.000000
481 0.000001
482 0.000001
483 0.000000
484 0.000000
485 0.000000
486 0.000000
487 0.000001
488 0.000001
489 0.000002
490 0.000002
491 0.000002
492 0.000001
493 0.000002
494 0.000001
495 0.000001
496 0.000001
497 0.000000
498 0.000000
499 0.000000
500 0.000000
501 0.000000
502 0.000016
503 0.000041
504 0.010015
505 0.004854
506 0.000020
507 0.000000
508 0.000000
509 0.000001
510 0.000000
511 0.000000
512 0.000000
513 0.000000
514 0.000000
515 0.000001
516 0.000001
517 0.000001
518 0.000001
519 0.000001
520 0.000001
521 0.000000
522 0.000001
523 0.000001
524 0.000001
525 0.000001
526 0.000000
527 0.000000
528 0.000000
529 0.000001
530 0.000121
531 0.000372
532 0.010011
533 0.006329
534 0.000007
535 0.000000
536 0.000000
537 0.000000
538 0.000000
539 0.000000
540 0.000000
541 0.000000
542 0.000000
543 0.000001
544 0.000001
545 0.000001
546 0.000001
547 0.000001
548 0.000000
549 0.000000
550 0.000000
551 0.000001
552 0.000002
553 0.000001
554 0.000001
555 0.000000
556 0.000000
557 0.000002
558 0.000373
559 0.000393
560 0.005256
561 0.002252
562 0.000003
563 0.000000
564 0.000000
565 0.000000
566 0.000000
567 0.000000
568 0.000001
569 0.000001
570 0.000000
571 0.000000
572 0.000000
573 0.000001
574 0.000001
575 0.000001
576 0.000000
577 0.000000
578 0.000000
579 0.000000
580 0.000001
581 0.000020
582 0.000025
583 0.000001
584 0.000004
585 0.001116
586 0.000560
587 0.000493
588 0.002384
589 0.000881
590 0.000014
591 0.000000
592 0.000000
593 0.000000
594 0.000000
595 0.000001
596 0.000001
597 0.000000
598 0.000000
599 0.000000
600 0.000000
601 0.000001
602 0.000001
603 0.000001
604 0.000000
605 0.000000
606 0.000000
607 0.000000
608 0.000000
609 0.000002
610 0.000076
611 0.000039
612 0.005305
613 0.002407
614 0.001394
615 0.000837
616 0.001012
617 0.000642
618 0.000508
619 0.000026
620 0.000001
621 0.000000
622 0.000001
623 0.000001
624 0.000000
625 0.000000
626 0.000000
627 0.000000
628 0.000000
629 0.000001
630 0.000001
631 0.000001
632 0.000000
633 0.000000
634 0.000000
635 0.000000
636 0.000000
637 0.000001
638 0.000025
639 0.010014
640 0.010012
641 0.006636
642 0.000000
643 0.000000
644 0.000751
645 0.000713
646 0.000676
647 0.000537
648 0.000141
649 0.000001
650 0.000000
651 0.000000
652 0.000000
653 0.000000
654 0.000001
655 0.000001
656 0.000004
657 0.000178
658 0.000131
659 0.000004
660 0.000001
661 0.000001
662 0.000001
663 0.000001
664 0.000001
665 0.000010
666 0.001934
667 0.005363
668 0.010013
669 0.000000
670 0.000000
671 0.000000
672 0.000000
673 0.000751
674 0.000713
675 0.000567
676 0.000641
677 0.000508
678 0.000002
679 0.000001
680 0.000006
681 0.000123
682 0.002039
683 0.000248
684 0.000086
685 0.000048
686 0.000037
687 0.000047
688 0.000069
689 0.000471
690 0.001067
691 0.000182
692 0.000188
693 0.001041
694 0.001120
695 0.002477
696 0.000000
697 0.000000
698 0.000000
699 0.000000
700 0.000000
701 0.000000
702 0.000751
703 0.000713
704 0.000676
705 0.000642
706 0.000508
707 0.000842
708 0.002128
709 0.006270
710 0.004626
711 0.000668
712 0.000090
713 0.000012
714 0.000010
715 0.000033
716 0.000183
717 0.001119
718 0.010013
719 0.010008
720 0.004248
721 0.001933
722 0.001120
723 0.000000
724 0.000000
725 0.000000
726 0.000000
727 0.000000
728 0.000000
729 0.000000
730 0.000000
731 0.000000
732 0.000713
733 0.000676
734 0.000642
735 0.001563
736 0.005186
737 0.010004
738 0.010015
739 0.001700
740 0.000091
741 0.000009
742 0.000005
743 0.000016
744 0.000197
745 0.002564
746 0.010016
747 0.010011
748 0.010005
749 0.004372
750 0.000001
751 0.000000
752 0.000000
753 0.000001
754 0.000000
755 0.000000
756 0.000000
757 0.000000
758 0.000000
759 0.000000
760 0.000000
761 0.000713
762 0.001393
763 0.003543
764 0.010000
765 0.010009
766 0.010017
767 0.002701
768 0.000095
769 0.000006
770 0.000004
771 0.000013
772 0.000222
773 0.005806
774 0.010016
775 0.010014
776 0.010009
777 0.000000
778 0.000072
779 0.000019
780 0.000000
781 0.000000
782 0.000001
783 0.000000
