0 0.010034
1 0.010043
2 0.003979
3 0.001050
4 0.000206
5 0.000048
6 0.000038
7 0.000033
8 0.000002
9 0.000002
10 0.000002
11 0.000002
12 0.000002
13 0.000002
14 0.000004
15 0.000007
16 0.000003
17 0.000002
18 0.000002
19 0.000003
20 0.000020
21 0.000022
22 0.000036
23 0.000040
24 0.000031
25 0.000035
26 0.000055
27 0.000062
28 0.001791
29 0.010037
30 0.010051
31 0.003744
32 0.000600
33 0.000104
34 0.000033
35 0.000010
36 0.000002
37 0.000002
38 0.000002
39 0.000002
40 0.000002
41 0.000003
42 0.000006
43 0.000005
44 0.000002
45 0.000002
46 0.000002
47 0.000002
48 0.000013
49 0.000020
50 0.000003
51 0.000001
52 0.000028
53 0.000044
54 0.000035
55 0.000055
56 0.000522
57 0.001599
58 0.006075
59 0.010054
60 0.003418
61 0.000309
62 0.000058
63 0.000003
64 0.000002
65 0.000002
66 0.000002
67 0.000002
68 0.000003
69 0.000004
70 0.000007
71 0.000003
72 0.000002
73 0.000002
74 0.000002
75 0.000002
76 0.000002
77 0.000002
78 0.000001
79 0.000001
80 0.000001
81 0.000028
82 0.000044
83 0.000035
84 0.000116
85 0.000298
86 0.000921
87 0.005801
88 0.010058
89 0.001895
90 0.000240
91 0.000002
92 0.000002
93 0.000002
94 0.000002
95 0.000002
96 0.000003
97 0.000006
98 0.000005
99 0.000002
100 0.000002
101 0.000002
102 0.000002
103 0.000003
104 0.000002
105 0.000001
106 0.000001
107 0.000001
108 0.000001
109 0.000025
110 0.000028
111 0.000044
112 0.000074
113 0.000066
114 0.000152
115 0.000755
116 0.000001
117 0.000002
118 0.000001
119 0.000001
120 0.000001
121 0.000002
122 0.000002
123 0.000003
124 0.000004
125 0.000008
126 0.000003
127 0.000002
128 0.000002
129 0.000003
130 0.000003
131 0.000002
132 0.000002
133 0.000001
134 0.000001
135 0.000001
136 0.000002
137 0.000016
138 0.000025
139 0.000040
140 0.000066
141 0.000042
142 0.000034
143 0.000085
144 0.000002
145 0.000001
146 0.000002
147 0.000001
148 0.000001
149 0.000001
150 0.000001
151 0.000001
152 0.000002
153 0.000002
154 0.000002
155 0.000002
156 0.000003
157 0.000002
158 0.000002
159 0.000001
160 0.000001
161 0.000001
162 0.000001
163 0.000001
164 0.000016
165 0.000014
166 0.000022
167 0.000025
168 0.000042
169 0.000033
170 0.000030
171 0.000024
172 0.000001
173 0.000001
174 0.000003
175 0.000003
176 0.000001
177 0.000001
178 0.000001
179 0.000001
180 0.000001
181 0.000001
182 0.000002
183 0.000002
184 0.000002
185 0.000002
186 0.000001
187 0.000001
188 0.000001
189 0.000001
190 0.000001
191 0.000001
192 0.000010
193 0.000012
194 0.000013
195 0.000022
196 0.000033
197 0.000030
198 0.000019
199 0.000016
200 0.000001
201 0.000001
202 0.000001
203 0.000004
204 0.000005
205 0.000002
206 0.000001
207 0.000001
208 0.000002
209 0.000002
210 0.000001
211 0.000001
212 0.000001
213 0.000001
214 0.000001
215 0.000001
216 0.000001
217 0.000001
218 0.000001
219 0.000002
220 0.000010
221 0.000012
222 0.000012
223 0.000018
224 0.000030
225 0.000019
226 0.000016
227 0.000014
228 0.000009
229 0.000001
230 0.000001
231 0.000001
232 0.000007
233 0.000019
234 0.000014
235 0.000005
236 0.000002
237 0.000001
238 0.000001
239 0.000001
240 0.000001
241 0.000001
242 0.000001
243 0.000001
244 0.000001
245 0.000001
246 0.000001
247 0.000002
248 0.000002
249 0.000002
250 0.000003
251 0.000004
252 0.000027
253 0.000016
254 0.000014
255 0.000006
256 0.000002
257 0.000001
258 0.000001
259 0.000001
260 0.000002
261 0.000140
262 0.999972
263 0.000015
264 0.000002
265 0.000001
266 0.000001
267 0.000001
268 0.000001
269 0.000001
270 0.000001
271 0.000001
272 0.000001
273 0.000001
274 0.000001
275 0.000001
276 0.000001
277 0.000001
278 0.000002
279 0.000002
280 0.000016
281 0.000004
282 0.000003
283 0.000003
284 0.000003
285 0.000002
286 0.000001
287 0.000001
288 0.000002
289 0.000006
290 0.000020
291 0.000009
292 0.000003
293 0.000001
294 0.000001
295 0.000001
296 0.000001
297 0.000001
298 0.000001
299 0.000001
300 0.000001
301 0.000001
302 0.000001
303 0.000001
304 0.000001
305 0.000001
306 0.000001
307 0.000001
308 0.000003
309 0.000004
310 0.000004
311 0.000003
312 0.000003
313 0.000003
314 0.000001
315 0.000001
316 0.000001
317 0.000002
318 0.000002
319 0.000003
320 0.000003
321 0.000002
322 0.000001
323 0.000001
324 0.000001
325 0.000001
326 0.000001
327 0.000001
328 0.000001
329 0.000001
330 0.000001
331 0.000001
332 0.000001
333 0.000001
334 0.000001
335 0.000002
336 0.000005
337 0.000005
338 0.000008
339 0.000013
340 0.000003
341 0.000002
342 0.000001
343 0.000001
344 0.000001
345 0.000001
346 0.000001
347 0.000001
348 0.000002
349 0.000003
350 0.000002
351 0.000002
352 0.000001
353 0.000001
354 0.000001
355 0.000001
356 0.000001
357 0.000001
358 0.000001
359 0.000001
360 0.000001
361 0.000001
362 0.000002
363 0.000002
364 0.000013
365 0.000018
366 0.000007
367 0.000006
368 0.000002
369 0.000002
370 0.000002
371 0.000001
372 0.000001
373 0.000001
374 0.000001
375 0.000001
376 0.000001
377 0.000002
378 0.000002
379 0.000002
380 0.000002
381 0.000001
382 0.000001
383 0.000001
384 0.000001
385 0.000001
386 0.000001
387 0.000001
388 0.000001
389 0.000002
390 0.000002
391 0.000002
392 0.000006
393 0.000006
394 0.000005
395 0.000003
396 0.000002
397 0.000001
398 0.000002
399 0.000002
400 0.000001
401 0.000001
402 0.000001
403 0.000001
404 0.000001
405 0.000001
406 0.000002
407 0.000002
408 0.000002
409 0.000002
410 0.000001
411 0.000001
412 0.000001
413 0.000001
414 0.000001
415 0.000001
416 0.000002
417 0.000002
418 0.000002
419 0.000002
420 0.000007
421 0.000004
422 0.000003
423 0.000002
424 0.000001
425 0.000001
426 0.000002
427 0.000002
428 0.000001
429 0.000001
430 0.000001
431 0.000001
432 0.000001
433 0.000001
434 0.000001
435 0.000002
436 0.000002
437 0.000002
438 0.000001
439 0.000001
440 0.000001
441 0.000002
442 0.000001
443 0.000001
444 0.000001
445 0.000002
446 0.000002
447 0.000002
448 0.000005
449 0.000002
450 0.000002
451 0.000002
452 0.000001
453 0.000002
454 0.000002
455 0.000002
456 0.000001
457 0.000001
458 0.000001
459 0.000001
460 0.000001
461 0.000001
462 0.000001
463 0.000001
464 0.000002
465 0.000002
466 0.000002
467 0.000002
468 0.000002
469 0.000002
470 0.000002
471 0.000001
472 0.000001
473 0.000002
474 0.000002
475 0.000002
476 0.000009
477 0.000002
478 0.000002
479 0.000001
480 0.000001
481 0.000002
482 0.000002
483 0.000001
484 0.000001
485 0.000001
486 0.000001
487 0.000001
488 0.000001
489 0.000001
490 0.000001
491 0.000001
492 0.000001
493 0.000002
494 0.000002
495 0.000002
496 0.000002
497 0.000002
498 0.000002
499 0.000002
500 0.000002
501 0.000002
502 0.000002
503 0.000004
504 0.000126
505 0.000013
506 0.000002
507 0.000001
508 0.000002
509 0.000002
510 0.000002
511 0.000001
512 0.000001
513 0.000001
514 0.000001
515 0.000001
516 0.000001
517 0.000001
518 0.000001
519 0.000001
520 0.000001
521 0.000001
522 0.000002
523 0.000002
524 0.000002
525 0.000002
526 0.000002
527 0.000002
528 0.000002
529 0.000002
530 0.000102
531 0.000687
532 0.000064
533 0.000054
534 0.000002
535 0.000001
536 0.000002
537 0.000002
538 0.000001
539 0.000001
540 0.000001
541 0.000001
542 0.000001
543 0.000001
544 0.000001
545 0.000001
546 0.000001
547 0.000001
548 0.000001
549 0.000001
550 0.000001
551 0.000002
552 0.000002
553 0.000002
554 0.000002
555 0.000002
556 0.000002
557 0.000003
558 0.003933
559 0.002063
560 0.000090
561 0.000083
562 0.000002
563 0.000001
564 0.000002
565 0.000001
566 0.000001
567 0.000001
568 0.000001
569 0.000001
570 0.000001
571 0.000001
572 0.000001
573 0.000001
574 0.000001
575 0.000001
576 0.000001
577 0.000001
578 0.000001
579 0.000002
580 0.000002
581 0.000003
582 0.000002
583 0.000002
584 0.000003
585 0.010025
586 0.010015
587 0.006344
588 0.000128
589 0.000090
590 0.000002
591 0.000001
592 0.000001
593 0.000001
594 0.000001
595 0.000001
596 0.000001
597 0.000001
598 0.000001
599 0.000001
600 0.000001
601 0.000001
602 0.000001
603 0.000001
604 0.000001
605 0.000001
606 0.000001
607 0.000002
608 0.000002
609 0.000002
610 0.000002
611 0.000003
612 0.010031
613 0.010029
614 0.010024
615 0.010018
616 0.000151
617 0.000128
618 0.000090
619 0.000002
620 0.000001
621 0.000001
622 0.000001
623 0.000001
624 0.000001
625 0.000001
626 0.000001
627 0.000001
628 0.000001
629 0.000001
630 0.000001
631 0.000001
632 0.000001
633 0.000001
634 0.000001
635 0.000002
636 0.000002
637 0.000002
638 0.000003
639 0.010019
640 0.010028
641 0.010028
642 0.000001
643 0.000002
644 0.000163
645 0.000151
646 0.000139
647 0.000098
648 0.000006
649 0.000002
650 0.000001
651 0.000001
652 0.000001
653 0.000001
654 0.000001
655 0.000001
656 0.000001
657 0.000001
658 0.000001
659 0.000001
660 0.000001
661 0.000001
662 0.000001
663 0.000002
664 0.000002
665 0.000002
666 0.001955
667 0.006241
668 0.010017
669 0.000001
670 0.000002
671 0.000002
672 0.000001
673 0.000163
674 0.000151
675 0.000107
676 0.000128
677 0.000090
678 0.000002
679 0.000002
680 0.000002
681 0.000002
682 0.000006
683 0.000002
684 0.000001
685 0.000001
686 0.000001
687 0.000001
688 0.000001
689 0.000003
690 0.000002
691 0.000002
692 0.000003
693 0.000336
694 0.000849
695 0.002567
696 0.000001
697 0.000001
698 0.000001
699 0.000002
700 0.000001
701 0.000001
702 0.000163
703 0.000151
704 0.000139
705 0.000128
706 0.000090
707 0.000083
708 0.000071
709 0.000049
710 0.000015
711 0.000003
712 0.000002
713 0.000001
714 0.000002
715 0.000002
716 0.000002
717 0.000005
718 0.000161
719 0.000171
720 0.000182
721 0.000237
722 0.000457
723 0.000001
724 0.000001
725 0.000001
726 0.000001
727 0.000001
728 0.000001
729 0.000001
730 0.000001
731 0.000001
732 0.000151
733 0.000139
734 0.000098
735 0.000090
736 0.000083
737 0.000058
738 0.000049
739 0.000006
740 0.000002
741 0.000002
742 0.000002
743 0.000002
744 0.000002
745 0.000018
746 0.000171
747 0.000222
748 0.000236
749 0.000305
750 0.000002
751 0.000001
752 0.000001
753 0.000002
754 0.000001
755 0.000001
756 0.000001
757 0.000001
758 0.000001
759 0.000001
760 0.000001
761 0.000151
762 0.000139
763 0.000098
764 0.000090
765 0.000083
766 0.000077
767 0.000019
768 0.000003
769 0.000002
770 0.000002
771 0.000002
772 0.000004
773 0.000083
774 0.000171
775 0.000194
776 0.000250
777 0.000002
778 0.000002
779 0.000002
780 0.000002
781 0.000002
782 0.000002
783 0.000001
