0 0.001094
1 0.001014
2 0.000774
3 0.000873
4 0.000660
5 0.000495
6 0.000652
7 0.002020
8 0.000438
9 0.000060
10 0.000028
11 0.000008
12 0.000004
13 0.000004
14 0.000004
15 0.000004
16 0.000006
17 0.000011
18 0.000122
19 0.001601
20 0.004865
21 0.002000
22 0.000826
23 0.000408
24 0.000310
25 0.000335
26 0.000458
27 0.000493
28 0.000839
29 0.000941
30 0.000714
31 0.000660
32 0.000609
33 0.000521
34 0.000386
35 0.000356
36 0.000043
37 0.000021
38 0.000029
39 0.000014
40 0.000005
41 0.000003
42 0.000003
43 0.000005
44 0.000007
45 0.000016
46 0.000039
47 0.000474
48 0.001846
49 0.000727
50 0.000036
51 0.000002
52 0.000287
53 0.000395
54 0.000335
55 0.000458
56 0.000941
57 0.000714
58 0.000659
59 0.000609
60 0.000521
61 0.000386
62 0.000355
63 0.000043
64 0.000007
65 0.000006
66 0.000026
67 0.000026
68 0.000007
69 0.000004
70 0.000004
71 0.000005
72 0.000014
73 0.000018
74 0.000016
75 0.000063
76 0.000069
77 0.000011
78 0.000003
79 0.000002
80 0.000002
81 0.000287
82 0.000395
83 0.000335
84 0.000873
85 0.000659
86 0.000495
87 0.000419
88 0.000385
89 0.000355
90 0.000302
91 0.000011
92 0.000003
93 0.000004
94 0.000007
95 0.000021
96 0.000014
97 0.000006
98 0.000005
99 0.000009
100 0.000017
101 0.000007
102 0.000004
103 0.000009
104 0.000009
105 0.000004
106 0.000002
107 0.000001
108 0.000001
109 0.000265
110 0.000287
111 0.000395
112 0.000660
113 0.000609
114 0.000419
115 0.000385
116 0.000002
117 0.000002
118 0.000007
119 0.000003
120 0.000002
121 0.000003
122 0.000004
123 0.000008
124 0.000027
125 0.000020
126 0.000019
127 0.000004
128 0.000005
129 0.000007
130 0.000009
131 0.000008
132 0.000004
133 0.000002
134 0.000001
135 0.000001
136 0.000006
137 0.000191
138 0.000265
139 0.000418
140 0.000609
141 0.000455
142 0.000386
143 0.000355
144 0.000001
145 0.000002
146 0.000002
147 0.000003
148 0.000006
149 0.000007
150 0.000003
151 0.000002
152 0.000004
153 0.000007
154 0.000017
155 0.000010
156 0.000011
157 0.000009
158 0.000009
159 0.000004
160 0.000002
161 0.000001
162 0.000001
163 0.000001
164 0.000195
165 0.000176
166 0.000279
167 0.000301
168 0.000455
169 0.000386
170 0.000355
171 0.000302
172 0.000004
173 0.000002
174 0.000001
175 0.000001
176 0.000003
177 0.000005
178 0.000007
179 0.000009
180 0.000007
181 0.000015
182 0.000039
183 0.000017
184 0.000009
185 0.000006
186 0.000003
187 0.000002
188 0.000001
189 0.000001
190 0.000001
191 0.000002
192 0.000151
193 0.000170
194 0.000184
195 0.000304
196 0.000386
197 0.000356
198 0.000261
199 0.000220
200 0.000053
201 0.000003
202 0.000001
203 0.000001
204 0.000001
205 0.000001
206 0.000003
207 0.000009
208 0.000018
209 0.000230
210 0.999950
211 0.000033
212 0.000007
213 0.000002
214 0.000002
215 0.000001
216 0.000001
217 0.000001
218 0.000001
219 0.000004
220 0.000154
221 0.000167
222 0.000185
223 0.000230
224 0.001166
225 0.000414
226 0.000220
227 0.000202
228 0.000134
229 0.000005
230 0.000002
231 0.000001
232 0.000001
233 0.000001
234 0.000002
235 0.000002
236 0.000006
237 0.000014
238 0.000028
239 0.000032
240 0.000006
241 0.000003
242 0.000002
243 0.000002
244 0.000001
245 0.000001
246 0.000002
247 0.000049
248 0.000052
249 0.000048
250 0.000067
251 0.000069
252 0.004210
253 0.001296
254 0.000556
255 0.000117
256 0.000031
257 0.000005
258 0.000003
259 0.000002
260 0.000001
261 0.000002
262 0.000002
263 0.000002
264 0.000003
265 0.000003
266 0.000003
267 0.000004
268 0.000004
269 0.000002
270 0.000002
271 0.000002
272 0.000002
273 0.000002
274 0.000002
275 0.000043
276 0.000044
277 0.000041
278 0.000046
279 0.000064
280 0.010067
281 0.002530
282 0.000621
283 0.000253
284 0.000081
285 0.000003
286 0.000006
287 0.000003
288 0.000002
289 0.000002
290 0.000002
291 0.000002
292 0.000002
293 0.000002
294 0.000002
295 0.000002
296 0.000002
297 0.000002
298 0.000002
299 0.000002
300 0.000002
301 0.000002
302 0.000003
303 0.000061
304 0.000085
305 0.000092
306 0.000091
307 0.000104
308 0.002710
309 0.004458
310 0.004358
311 0.001219
312 0.000032
313 0.000004
314 0.000006
315 0.000004
316 0.000002
317 0.000002
318 0.000002
319 0.000003
320 0.000002
321 0.000002
322 0.000002
323 0.000002
324 0.000002
325 0.000002
326 0.000002
327 0.000001
328 0.000002
329 0.000002
330 0.000003
331 0.000007
332 0.000059
333 0.000079
334 0.000085
335 0.000130
336 0.000547
337 0.001438
338 0.006249
339 0.012844
340 0.000021
341 0.000004
342 0.000004
343 0.000006
344 0.000003
345 0.000002
346 0.000003
347 0.000003
348 0.000002
349 0.000002
350 0.000002
351 0.000002
352 0.000002
353 0.000002
354 0.000002
355 0.000001
356 0.000001
357 0.000002
358 0.000003
359 0.000003
360 0.000066
361 0.000104
362 0.000105
363 0.000085
364 0.000207
365 0.000414
366 0.000917
367 0.002335
368 0.000006
369 0.000004
370 0.000003
371 0.000008
372 0.000009
373 0.000004
374 0.000003
375 0.000002
376 0.000002
377 0.000002
378 0.000002
379 0.000002
380 0.000002
381 0.000002
382 0.000002
383 0.000002
384 0.000002
385 0.000002
386 0.000002
387 0.000002
388 0.000005
389 0.000035
390 0.000068
391 0.000126
392 0.000082
393 0.000072
394 0.000102
395 0.000011
396 0.000003
397 0.000003
398 0.000003
399 0.000011
400 0.000073
401 0.000017
402 0.000003
403 0.000002
404 0.000002
405 0.000002
406 0.000002
407 0.000002
408 0.000002
409 0.000002
410 0.000002
411 0.000002
412 0.000002
413 0.000002
414 0.000002
415 0.000002
416 0.000002
417 0.000010
418 0.000018
419 0.000027
420 0.000089
421 0.000046
422 0.000039
423 0.000003
424 0.000002
425 0.000002
426 0.000003
427 0.000014
428 0.999938
429 0.000052
430 0.000003
431 0.000002
432 0.000002
433 0.000002
434 0.000002
435 0.000002
436 0.000002
437 0.000002
438 0.000002
439 0.000002
440 0.000002
441 0.000002
442 0.000002
443 0.000002
444 0.000002
445 0.000003
446 0.000005
447 0.000010
448 0.000100
449 0.000042
450 0.000024
451 0.000002
452 0.000002
453 0.000002
454 0.000003
455 0.000011
456 0.000034
457 0.000013
458 0.000003
459 0.000002
460 0.000002
461 0.000002
462 0.000002
463 0.000002
464 0.000002
465 0.000002
466 0.000002
467 0.000002
468 0.000002
469 0.000002
470 0.000002
471 0.000002
472 0.000002
473 0.000002
474 0.000003
475 0.000005
476 0.000707
477 0.000142
478 0.000006
479 0.000002
480 0.000002
481 0.000003
482 0.000006
483 0.000006
484 0.000005
485 0.000004
486 0.000003
487 0.000002
488 0.000002
489 0.000002
490 0.000002
491 0.000002
492 0.000002
493 0.000002
494 0.000002
495 0.000002
496 0.000002
497 0.000002
498 0.000002
499 0.000002
500 0.000002
501 0.000002
502 0.000010
503 0.000028
504 0.005150
505 0.001591
506 0.000005
507 0.000002
508 0.000002
509 0.000004
510 0.000006
511 0.000004
512 0.000002
513 0.000003
514 0.000003
515 0.000002
516 0.000002
517 0.000002
518 0.000002
519 0.000002
520 0.000002
521 0.000002
522 0.000002
523 0.000002
524 0.000002
525 0.000002
526 0.000002
527 0.000002
528 0.000002
529 0.000002
530 0.000105
531 0.000474
532 0.004259
533 0.004108
534 0.000006
535 0.000002
536 0.000003
537 0.000006
538 0.000004
539 0.000002
540 0.000002
541 0.000002
542 0.000003
543 0.000002
544 0.000002
545 0.000002
546 0.000002
547 0.000002
548 0.000002
549 0.000002
550 0.000002
551 0.000002
552 0.000002
553 0.000002
554 0.000002
555 0.000002
556 0.000002
557 0.000003
558 0.000474
559 0.000498
560 0.004345
561 0.008010
562 0.000007
563 0.000002
564 0.000005
565 0.000005
566 0.000003
567 0.000002
568 0.000002
569 0.000002
570 0.000003
571 0.000002
572 0.000002
573 0.000002
574 0.000002
575 0.000002
576 0.000002
577 0.000002
578 0.000002
579 0.000002
580 0.000002
581 0.000002
582 0.000002
583 0.000002
584 0.000003
585 0.000474
586 0.000498
587 0.000615
588 0.009130
589 0.010025
590 0.000094
591 0.000003
592 0.000004
593 0.000003
594 0.000002
595 0.000002
596 0.000002
597 0.000002
598 0.000003
599 0.000003
600 0.000002
601 0.000002
602 0.000002
603 0.000002
604 0.000002
605 0.000002
606 0.000002
607 0.000002
608 0.000002
609 0.000002
610 0.000002
611 0.000003
612 0.000451
613 0.000474
614 0.000587
615 0.000615
616 0.010023
617 0.008576
618 0.003939
619 0.000054
620 0.000003
621 0.000002
622 0.000002
623 0.000002
624 0.000002
625 0.000002
626 0.000002
627 0.000003
628 0.000003
629 0.000002
630 0.000002
631 0.000002
632 0.000002
633 0.000002
634 0.000002
635 0.000002
636 0.000002
637 0.000002
638 0.000003
639 0.000451
640 0.000474
641 0.000587
642 0.000002
643 0.000002
644 0.008659
645 0.004808
646 0.002294
647 0.001090
648 0.000209
649 0.000002
650 0.000002
651 0.000002
652 0.000002
653 0.000002
654 0.000002
655 0.000004
656 0.000011
657 0.000039
658 0.000010
659 0.000002
660 0.000002
661 0.000002
662 0.000002
663 0.000002
664 0.000002
665 0.000003
666 0.000451
667 0.000559
668 0.000587
669 0.000002
670 0.000002
671 0.000002
672 0.000002
673 0.002438
674 0.001363
675 0.001138
676 0.001254
677 0.001042
678 0.000003
679 0.000003
680 0.000003
681 0.000015
682 0.000559
683 0.000536
684 0.000414
685 0.000126
686 0.000024
687 0.000008
688 0.000006
689 0.000029
690 0.000015
691 0.000007
692 0.000019
693 0.000429
694 0.000474
695 0.000587
696 0.000002
697 0.000002
698 0.000002
699 0.000002
700 0.000002
701 0.000002
702 0.001420
703 0.001362
704 0.001307
705 0.001254
706 0.001042
707 0.000998
708 0.000914
709 0.000751
710 0.000615
711 0.000561
712 0.000537
713 0.000324
714 0.000074
715 0.000019
716 0.000013
717 0.000049
718 0.000327
719 0.000344
720 0.000362
721 0.000451
722 0.000559
723 0.000002
724 0.000002
725 0.000002
726 0.000002
727 0.000002
728 0.000002
729 0.000002
730 0.000002
731 0.000002
732 0.001362
733 0.001307
734 0.001089
735 0.001042
736 0.000997
737 0.000824
738 0.000751
739 0.000719
740 0.000690
741 0.000536
742 0.000145
743 0.000042
744 0.000032
745 0.000114
746 0.000344
747 0.000429
748 0.000451
749 0.000559
750 0.000002
751 0.000002
752 0.000002
753 0.000002
754 0.000002
755 0.000002
756 0.000002
757 0.000002
758 0.000001
759 0.000001
760 0.000002
761 0.001362
762 0.001307
763 0.001089
764 0.001042
765 0.000997
766 0.000955
767 0.000915
768 0.000721
769 0.000690
770 0.000352
771 0.000100
772 0.000100
773 0.000263
774 0.000344
775 0.000382
776 0.000474
777 0.000002
778 0.000006
779 0.000004
780 0.000002
781 0.000002
782 0.000002
783 0.000002
