0 0.003919
1 0.003715
2 0.003279
3 0.003468
4 0.003043
5 0.003218
6 0.004544
7 0.007667
8 0.002438
9 0.000570
10 0.000297
11 0.000156
12 0.000094
13 0.000088
14 0.000084
15 0.000082
16 0.000067
17 0.000056
18 0.000189
19 0.000634
20 0.002119
21 0.003631
22 0.007250
23 0.007259
24 0.010129
25 0.008016
26 0.007116
27 0.005263
28 0.003635
29 0.003727
30 0.003159
31 0.003043
32 0.002932
33 0.002723
34 0.003228
35 0.003390
36 0.000986
37 0.000355
38 0.000332
39 0.000206
40 0.000111
41 0.000078
42 0.000070
43 0.000061
44 0.000050
45 0.000056
46 0.000088
47 0.000595
48 0.002984
49 0.006142
50 0.000004
51 0.000000
52 0.007811
53 0.007078
54 0.004504
55 0.002608
56 0.004069
57 0.003523
58 0.003279
59 0.002932
60 0.002723
61 0.002357
62 0.002265
63 0.001028
64 0.000323
65 0.000226
66 0.000335
67 0.000266
68 0.000125
69 0.000063
70 0.000047
71 0.000044
72 0.000044
73 0.000040
74 0.000063
75 0.000470
76 0.000028
77 0.000000
78 0.000003
79 0.000000
80 0.000000
81 0.004441
82 0.002518
83 0.001899
84 0.004121
85 0.003739
86 0.003159
87 0.002740
88 0.002357
89 0.002265
90 0.002093
91 0.000307
92 0.000098
93 0.000126
94 0.000253
95 0.000282
96 0.000189
97 0.000100
98 0.000042
99 0.000034
100 0.000036
101 0.000018
102 0.000001
103 0.000000
104 0.000000
105 0.000005
106 0.000000
107 0.000001
108 0.000001
109 0.002224
110 0.001845
111 0.001761
112 0.003810
113 0.003810
114 0.003425
115 0.003016
116 0.000000
117 0.000000
118 0.000000
119 0.000000
120 0.000000
121 0.000023
122 0.000136
123 0.000253
124 0.000304
125 0.000131
126 0.000053
127 0.000003
128 0.000000
129 0.000000
130 0.000000
131 0.000000
132 0.000001
133 0.000011
134 0.000006
135 0.000001
136 0.001253
137 0.001592
138 0.001419
139 0.001681
140 0.003810
141 0.003523
142 0.003523
143 0.003523
144 0.000000
145 0.000000
146 0.000000
147 0.000000
148 0.000000
149 0.000000
150 0.000000
151 0.000000
152 0.000003
153 0.000002
154 0.000001
155 0.000000
156 0.000000
157 0.000000
158 0.000000
159 0.000002
160 0.000043
161 0.000016
162 0.000001
163 0.000001
164 0.001539
165 0.001160
166 0.001343
167 0.001615
168 0.003524
169 0.003524
170 0.003523
171 0.003523
172 0.000000
173 0.000000
174 0.000000
175 0.000000
176 0.000000
177 0.000000
178 0.000000
179 0.000000
180 0.000000
181 0.000000
182 0.000000
183 0.000000
184 0.000000
185 0.000000
186 0.000003
187 0.000119
188 0.000023
189 0.000001
190 0.000000
191 0.000041
192 0.000988
193 0.001016
194 0.001460
195 0.002419
196 0.004097
197 0.003524
198 0.003260
199 0.003259
200 0.000038
201 0.000000
202 0.000000
203 0.000000
204 0.000000
205 0.000000
206 0.000000
207 0.000000
208 0.000000
209 0.000000
210 0.000000
211 0.000000
212 0.000000
213 0.000001
214 0.000005
215 0.000002
216 0.000000
217 0.000000
218 0.000000
219 0.000254
220 0.001060
221 0.001561
222 0.002246
223 0.004190
224 0.005278
225 0.004188
226 0.003602
227 0.003260
228 0.003016
229 0.000000
230 0.000000
231 0.000000
232 0.000000
233 0.000000
234 0.000000
235 0.000000
236 0.000000
237 0.000000
238 0.000001
239 0.000001
240 0.000007
241 0.000004
242 0.000001
243 0.000000
244 0.000000
245 0.000000
246 0.000000
247 0.000050
248 0.000143
249 0.000351
250 0.001278
251 0.003485
252 0.006824
253 0.005397
254 0.004633
255 0.002689
256 0.000800
257 0.000000
258 0.000000
259 0.000000
260 0.000000
261 0.000000
262 0.000000
263 0.000000
264 0.000000
265 0.000001
266 0.000006
267 0.999981
268 0.003122
269 0.000043
270 0.000000
271 0.000000
272 0.000000
273 0.000000
274 0.000001
275 0.000017
276 0.000047
277 0.000231
278 0.000574
279 0.001001
280 0.006679
281 0.003349
282 0.001814
283 0.000671
284 0.000368
285 0.000001
286 0.000000
287 0.000000
288 0.000000
289 0.000000
290 0.000000
291 0.000000
292 0.000000
293 0.000000
294 0.000006
295 0.000639
296 0.002512
297 0.000128
298 0.000001
299 0.000000
300 0.000000
301 0.000000
302 0.000001
303 0.000101
304 0.000161
305 0.000334
306 0.000374
307 0.000326
308 0.002866
309 0.001368
310 0.000782
311 0.000487
312 0.000054
313 0.000001
314 0.000000
315 0.000000
316 0.000000
317 0.000000
318 0.000000
319 0.000000
320 0.000000
321 0.000001
322 0.000003
323 0.000012
324 0.000035
325 0.000003
326 0.000001
327 0.000000
328 0.000000
329 0.000001
330 0.000013
331 0.000350
332 0.001328
333 0.000713
334 0.000539
335 0.000279
336 0.002132
337 0.001733
338 0.000926
339 0.000565
340 0.000015
341 0.000001
342 0.000000
343 0.000000
344 0.000000
345 0.000000
346 0.000001
347 0.000001
348 0.000002
349 0.000003
350 0.000001
351 0.000001
352 0.000001
353 0.000001
354 0.000000
355 0.000000
356 0.000001
357 0.000004
358 0.000026
359 0.000333
360 0.007303
361 0.002614
362 0.000724
363 0.000309
364 0.001023
365 0.001469
366 0.001398
367 0.000885
368 0.000003
369 0.000000
370 0.000000
371 0.000000
372 0.000000
373 0.000000
374 0.000002
375 0.000009
376 0.000110
377 0.000014
378 0.000001
379 0.000000
380 0.000000
381 0.000000
382 0.000000
383 0.000000
384 0.000001
385 0.000003
386 0.000005
387 0.000117
388 0.002088
389 0.003034
390 0.002044
391 0.000881
392 0.000255
393 0.000292
394 0.000293
395 0.000075
396 0.000001
397 0.000000
398 0.000001
399 0.000000
400 0.000000
401 0.000000
402 0.000003
403 0.000139
404 0.000175
405 0.000047
406 0.000001
407 0.000001
408 0.000000
409 0.000000
410 0.000000
411 0.000001
412 0.000002
413 0.000001
414 0.000001
415 0.000002
416 0.000190
417 0.002634
418 0.001835
419 0.002726
420 0.000109
421 0.000073
422 0.000074
423 0.000005
424 0.000000
425 0.000000
426 0.000001
427 0.000000
428 0.000000
429 0.000000
430 0.000007
431 0.000254
432 0.000133
433 0.000025
434 0.000024
435 0.000002
436 0.000001
437 0.000000
438 0.000001
439 0.000003
440 0.000003
441 0.000000
442 0.000000
443 0.000000
444 0.000004
445 0.001489
446 0.005142
447 0.005145
448 0.000132
449 0.000074
450 0.000077
451 0.000001
452 0.000000
453 0.000000
454 0.000001
455 0.000001
456 0.000000
457 0.000001
458 0.000007
459 0.000046
460 0.000297
461 0.000208
462 0.000315
463 0.000283
464 0.000003
465 0.000001
466 0.000001
467 0.000001
468 0.000001
469 0.000000
470 0.000000
471 0.000000
472 0.000001
473 0.000319
474 0.001746
475 0.004778
476 0.000380
477 0.000346
478 0.000108
479 0.000001
480 0.000000
481 0.000000
482 0.000000
483 0.000001
484 0.000001
485 0.000001
486 0.000002
487 0.000093
488 0.001374
489 0.008308
490 0.004127
491 0.000383
492 0.000029
493 0.000001
494 0.000001
495 0.000001
496 0.000000
497 0.000001
498 0.000001
499 0.000000
500 0.000001
501 0.000030
502 0.001211
503 0.002334
504 0.002739
505 0.002886
506 0.000137
507 0.000001
508 0.000000
509 0.000000
510 0.000000
511 0.000001
512 0.000000
513 0.000000
514 0.000001
515 0.000013
516 0.002053
517 0.999981
518 0.000972
519 0.000030
520 0.000006
521 0.000032
522 0.000012
523 0.000005
524 0.000001
525 0.000001
526 0.000001
527 0.000000
528 0.000000
529 0.000011
530 0.000734
531 0.001067
532 0.005289
533 0.008740
534 0.000148
535 0.000002
536 0.000001
537 0.000001
538 0.000001
539 0.000002
540 0.000001
541 0.000000
542 0.000001
543 0.000003
544 0.000016
545 0.000028
546 0.000023
547 0.000009
548 0.000012
549 0.000185
550 0.999979
551 0.000387
552 0.000008
553 0.000002
554 0.000001
555 0.000001
556 0.000001
557 0.000018
558 0.000575
559 0.000602
560 0.010001
561 0.010006
562 0.000127
563 0.000004
564 0.000002
565 0.000004
566 0.000010
567 0.000039
568 0.000036
569 0.000004
570 0.000002
571 0.000001
572 0.000001
573 0.000001
574 0.000002
575 0.000002
576 0.000027
577 0.000408
578 0.002316
579 0.007557
580 0.000517
581 0.000018
582 0.000004
583 0.000001
584 0.000009
585 0.000575
586 0.000602
587 0.000730
588 0.010005
589 0.010010
590 0.000843
591 0.000018
592 0.000006
593 0.000007
594 0.000187
595 0.000426
596 0.001519
597 0.000073
598 0.000008
599 0.000002
600 0.000001
601 0.000001
602 0.000001
603 0.000001
604 0.000002
605 0.000011
606 0.000107
607 0.000567
608 0.003253
609 0.001395
610 0.000087
611 0.000055
612 0.000641
613 0.000575
614 0.000699
615 0.000730
616 0.010009
617 0.010011
618 0.010013
619 0.001381
620 0.000092
621 0.000225
622 0.000677
623 0.001051
624 0.000700
625 0.001716
626 0.000114
627 0.000025
628 0.000006
629 0.000002
630 0.000001
631 0.000001
632 0.000002
633 0.000002
634 0.000004
635 0.000014
636 0.000242
637 0.001344
638 0.004988
639 0.002357
640 0.001251
641 0.000813
642 0.000000
643 0.000000
644 0.010011
645 0.010012
646 0.010010
647 0.018524
648 0.011398
649 0.000247
650 0.001056
651 0.001052
652 0.001923
653 0.004975
654 0.000733
655 0.000031
656 0.000009
657 0.000011
658 0.000038
659 0.000069
660 0.000126
661 0.000054
662 0.000010
663 0.000008
664 0.000016
665 0.000599
666 0.010005
667 0.005765
668 0.002922
669 0.000001
670 0.000001
671 0.000000
672 0.000000
673 0.010009
674 0.014973
675 0.016473
676 0.011527
677 0.005118
678 0.005192
679 0.003449
680 0.006412
681 0.002367
682 0.001893
683 0.000115
684 0.000015
685 0.000014
686 0.000034
687 0.000384
688 0.004579
689 0.010022
690 0.001518
691 0.000580
692 0.001102
693 0.004069
694 0.007430
695 0.010004
696 0.000001
697 0.000001
698 0.000001
699 0.000000
700 0.000000
701 0.000000
702 0.015307
703 0.010693
704 0.004838
705 0.003608
706 0.005726
707 0.011451
708 0.010011
709 0.010010
710 0.002273
711 0.000185
712 0.000023
713 0.000016
714 0.000045
715 0.000449
716 0.003062
717 0.008855
718 0.010011
719 0.005016
720 0.004068
721 0.003902
722 0.004457
723 0.000001
724 0.000002
725 0.000001
726 0.000001
727 0.000001
728 0.000000
729 0.000000
730 0.000000
731 0.000000
732 0.003008
733 0.005227
734 0.008631
735 0.010456
736 0.010010
737 0.006754
738 0.003037
739 0.000252
740 0.000049
741 0.000022
742 0.000064
743 0.000378
744 0.001799
745 0.005636
746 0.010012
747 0.010010
748 0.004409
749 0.003742
750 0.000002
751 0.000001
752 0.000002
753 0.000001
754 0.000001
755 0.000001
756 0.000000
757 0.000000
758 0.000006
759 0.000005
760 0.000000
761 0.006957
762 0.010493
763 0.010011
764 0.010007
765 0.004674
766 0.002204
767 0.000519
768 0.000091
769 0.000048
770 0.000121
771 0.000361
772 0.001097
773 0.003260
774 0.007871
775 0.010012
776 0.008309
777 0.000001
778 0.000316
779 0.000212
780 0.000003
781 0.000001
782 0.000002
783 0.000001
