0 0.016344
1 0.009557
2 0.007032
3 0.007118
4 0.006867
5 0.005215
6 0.003649
7 0.002262
8 0.000486
9 0.000111
10 0.000095
11 0.000205
12 0.000521
13 0.000825
14 0.000599
15 0.000176
16 0.000064
17 0.000041
18 0.000161
19 0.000665
20 0.001480
21 0.001541
22 0.001831
23 0.001902
24 0.001741
25 0.001814
26 0.002133
27 0.002216
28 0.017973
29 0.016747
30 0.010503
31 0.007032
32 0.006900
33 0.006860
34 0.005033
35 0.002431
36 0.000295
37 0.000059
38 0.000092
39 0.000252
40 0.000694
41 0.000810
42 0.000320
43 0.000078
44 0.000038
45 0.000040
46 0.000067
47 0.000377
48 0.001237
49 0.001480
50 0.000016
51 0.000000
52 0.001671
53 0.001976
54 0.001814
55 0.002133
56 0.015604
57 0.018428
58 0.017182
59 0.010503
60 0.007032
61 0.006689
62 0.006651
63 0.002049
64 0.000265
65 0.000063
66 0.000133
67 0.000340
68 0.000681
69 0.000401
70 0.000113
71 0.000037
72 0.000032
73 0.000028
74 0.000033
75 0.000153
76 0.000020
77 0.000000
78 0.000000
79 0.000000
80 0.000000
81 0.001671
82 0.001976
83 0.002630
84 0.010000
85 0.016012
86 0.018920
87 0.017382
88 0.010182
89 0.006817
90 0.006689
91 0.001269
92 0.000212
93 0.000132
94 0.000244
95 0.000709
96 0.000612
97 0.000226
98 0.000054
99 0.000025
100 0.000026
101 0.000008
102 0.000000
103 0.000000
104 0.000000
105 0.000000
106 0.000000
107 0.000000
108 0.000000
109 0.001774
110 0.002481
111 0.003919
112 0.008844
113 0.010000
114 0.016681
115 0.019720
116 0.000000
117 0.000000
118 0.000000
119 0.000000
120 0.000002
121 0.000178
122 0.000913
123 0.001230
124 0.000352
125 0.000083
126 0.000023
127 0.000001
128 0.000001
129 0.000000
130 0.000000
131 0.000000
132 0.000000
133 0.000000
134 0.000000
135 0.000000
136 0.000015
137 0.002267
138 0.003666
139 0.005874
140 0.005358
141 0.007708
142 0.010000
143 0.015624
144 0.000006
145 0.000000
146 0.000000
147 0.000000
148 0.000000
149 0.000000
150 0.000002
151 0.000010
152 0.000005
153 0.000000
154 0.000000
155 0.000000
156 0.000000
157 0.000000
158 0.000000
159 0.000000
160 0.000000
161 0.000000
162 0.000000
163 0.000000
164 0.002410
165 0.003431
166 0.005636
167 0.006318
168 0.002829
169 0.004429
170 0.006545
171 0.010000
172 0.000006
173 0.000029
174 0.000009
175 0.000000
176 0.000000
177 0.000000
178 0.000000
179 0.000000
180 0.000000
181 0.000000
182 0.000000
183 0.000000
184 0.000000
185 0.000000
186 0.000000
187 0.000000
188 0.000000
189 0.000000
190 0.000000
191 0.000000
192 0.003691
193 0.005390
194 0.006103
195 0.006756
196 0.001795
197 0.002222
198 0.003208
199 0.005440
200 0.000248
201 0.000007
202 0.000052
203 0.000010
204 0.000001
205 0.000000
206 0.000000
207 0.000000
208 0.000000
209 0.000000
210 0.000000
211 0.000000
212 0.000000
213 0.000000
214 0.000000
215 0.000000
216 0.000000
217 0.000000
218 0.000000
219 0.000045
220 0.006406
221 0.006406
222 0.006785
223 0.004898
224 0.002395
225 0.001562
226 0.001491
227 0.002534
228 0.003781
229 0.000001
230 0.000000
231 0.000084
232 0.000211
233 0.000053
234 0.000001
235 0.000000
236 0.000000
237 0.000000
238 0.000000
239 0.000000
240 0.000000
241 0.000000
242 0.000000
243 0.000000
244 0.000000
245 0.000000
246 0.000000
247 0.000586
248 0.000961
249 0.001131
250 0.001170
251 0.001155
252 0.003633
253 0.002281
254 0.001650
255 0.000677
256 0.000330
257 0.000001
258 0.000000
259 0.000004
260 0.002679
261 0.045734
262 0.000373
263 0.000000
264 0.000000
265 0.000000
266 0.000000
267 0.000000
268 0.000000
269 0.000000
270 0.000000
271 0.000000
272 0.000000
273 0.000000
274 0.000000
275 0.000178
276 0.000162
277 0.000154
278 0.000186
279 0.000234
280 0.005017
281 0.001326
282 0.000643
283 0.001174
284 0.000666
285 0.000003
286 0.000000
287 0.000002
288 0.999996
289 0.003882
290 0.000031
291 0.000000
292 0.000000
293 0.000000
294 0.000000
295 0.000000
296 0.000000
297 0.000000
298 0.000000
299 0.000000
300 0.000000
301 0.000000
302 0.000000
303 0.000108
304 0.000079
305 0.000089
306 0.000093
307 0.000157
308 0.001823
309 0.005572
310 0.003996
311 0.002162
312 0.000542
313 0.000021
314 0.000000
315 0.000000
316 0.000009
317 0.000012
318 0.000000
319 0.000000
320 0.000000
321 0.000000
322 0.000000
323 0.000000
324 0.000000
325 0.000000
326 0.000000
327 0.000000
328 0.000000
329 0.000000
330 0.000000
331 0.000010
332 0.000077
333 0.000096
334 0.000158
335 0.000283
336 0.006771
337 0.007437
338 0.013531
339 0.016045
340 0.000146
341 0.000005
342 0.000000
343 0.000000
344 0.000000
345 0.000000
346 0.000000
347 0.000000
348 0.000000
349 0.000000
350 0.000000
351 0.000000
352 0.000000
353 0.000000
354 0.000000
355 0.000000
356 0.000000
357 0.000000
358 0.000000
359 0.000001
360 0.000106
361 0.000190
362 0.000256
363 0.000276
364 0.012551
365 0.014578
366 0.005427
367 0.005101
368 0.000024
369 0.000001
370 0.000000
371 0.000000
372 0.000000
373 0.000000
374 0.000000
375 0.000000
376 0.000000
377 0.000000
378 0.000000
379 0.000005
380 0.000064
381 0.000062
382 0.000000
383 0.000000
384 0.000000
385 0.000000
386 0.000000
387 0.000001
388 0.000057
389 0.000253
390 0.000263
391 0.000333
392 0.001329
393 0.001789
394 0.002081
395 0.000225
396 0.000001
397 0.000000
398 0.000002
399 0.000000
400 0.000000
401 0.000000
402 0.000000
403 0.000000
404 0.000000
405 0.000000
406 0.000001
407 0.000104
408 0.999996
409 0.000132
410 0.000000
411 0.000000
412 0.000000
413 0.000000
414 0.000000
415 0.000000
416 0.000008
417 0.000298
418 0.000432
419 0.000374
420 0.000752
421 0.000333
422 0.000179
423 0.000003
424 0.000000
425 0.000000
426 0.000002
427 0.000000
428 0.000000
429 0.000000
430 0.000000
431 0.000000
432 0.000000
433 0.000000
434 0.000003
435 0.000158
436 0.000503
437 0.000032
438 0.000000
439 0.000000
440 0.000000
441 0.000000
442 0.000000
443 0.000000
444 0.000002
445 0.000587
446 0.000386
447 0.000245
448 0.000269
449 0.000068
450 0.000020
451 0.000000
452 0.000000
453 0.000000
454 0.000000
455 0.000000
456 0.000000
457 0.000000
458 0.000000
459 0.000000
460 0.000000
461 0.000001
462 0.000001
463 0.000007
464 0.000006
465 0.000001
466 0.000000
467 0.000000
468 0.000000
469 0.000000
470 0.000000
471 0.000000
472 0.000000
473 0.000080
474 0.000157
475 0.000132
476 0.000273
477 0.000064
478 0.000008
479 0.000000
480 0.000000
481 0.000000
482 0.000000
483 0.000000
484 0.000000
485 0.000000
486 0.000000
487 0.000000
488 0.000004
489 0.000001
490 0.000005
491 0.000001
492 0.000000
493 0.000000
494 0.000000
495 0.000004
496 0.000030
497 0.000001
498 0.000000
499 0.000000
500 0.000000
501 0.000003
502 0.000133
503 0.000238
504 0.000560
505 0.000271
506 0.000008
507 0.000000
508 0.000000
509 0.000000
510 0.000000
511 0.000000
512 0.000000
513 0.000000
514 0.000000
515 0.000000
516 0.000007
517 0.000096
518 0.000038
519 0.000014
520 0.000001
521 0.000000
522 0.000000
523 0.000001
524 0.000053
525 0.000005
526 0.000000
527 0.000000
528 0.000000
529 0.000005
530 0.000531
531 0.001055
532 0.000518
533 0.000464
534 0.000009
535 0.000001
536 0.000001
537 0.000000
538 0.000000
539 0.000000
540 0.000000
541 0.000000
542 0.000000
543 0.000000
544 0.000003
545 0.000609
546 0.999997
547 0.000575
548 0.000002
549 0.000000
550 0.000000
551 0.000000
552 0.000002
553 0.000006
554 0.000002
555 0.000000
556 0.000002
557 0.000062
558 0.002132
559 0.001501
560 0.000648
561 0.000615
562 0.000010
563 0.000001
564 0.000001
565 0.000000
566 0.000000
567 0.000000
568 0.000000
569 0.000000
570 0.000000
571 0.000000
572 0.000001
573 0.000070
574 0.000038
575 0.000003
576 0.000001
577 0.000000
578 0.000000
579 0.000000
580 0.000000
581 0.000006
582 0.000021
583 0.000020
584 0.000089
585 0.006985
586 0.004202
587 0.002906
588 0.000807
589 0.000648
590 0.000061
591 0.000001
592 0.000001
593 0.000000
594 0.000000
595 0.000001
596 0.000004
597 0.000009
598 0.000007
599 0.000009
600 0.000001
601 0.000000
602 0.000000
603 0.000000
604 0.000000
605 0.000000
606 0.000002
607 0.000011
608 0.000003
609 0.000001
610 0.000022
611 0.000134
612 0.010001
613 0.010001
614 0.008033
615 0.005575
616 0.000890
617 0.000807
618 0.000648
619 0.000093
620 0.000003
621 0.000001
622 0.000002
623 0.000022
624 0.000136
625 0.000851
626 0.000109
627 0.000005
628 0.000002
629 0.000001
630 0.000000
631 0.000000
632 0.000000
633 0.000000
634 0.000001
635 0.000069
636 0.000054
637 0.000038
638 0.000110
639 0.006350
640 0.009065
641 0.010001
642 0.000000
643 0.000000
644 0.000935
645 0.000890
646 0.000847
647 0.000682
648 0.000296
649 0.000088
650 0.000047
651 0.000043
652 0.000127
653 0.000082
654 0.000099
655 0.000013
656 0.000045
657 0.000131
658 0.000064
659 0.000007
660 0.000001
661 0.000001
662 0.000003
663 0.000013
664 0.000027
665 0.000160
666 0.004265
667 0.004354
668 0.006532
669 0.000000
670 0.000000
671 0.000000
672 0.000000
673 0.000935
674 0.000890
675 0.000719
676 0.000807
677 0.000648
678 0.000165
679 0.000037
680 0.000147
681 0.001399
682 0.003434
683 0.000788
684 0.000168
685 0.000049
686 0.000025
687 0.000057
688 0.000096
689 0.000607
690 0.001997
691 0.000941
692 0.002062
693 0.006538
694 0.004748
695 0.004445
696 0.000000
697 0.000000
698 0.000000
699 0.000000
700 0.000000
701 0.000000
702 0.000935
703 0.000890
704 0.000848
705 0.000807
706 0.001294
707 0.003768
708 0.009999
709 0.010000
710 0.006052
711 0.001577
712 0.000137
713 0.000022
714 0.000019
715 0.000051
716 0.000177
717 0.001352
718 0.010000
719 0.010001
720 0.010001
721 0.010001
722 0.006633
723 0.000000
724 0.000000
725 0.000000
726 0.000000
727 0.000000
728 0.000000
729 0.000000
730 0.000000
731 0.000000
732 0.000890
733 0.001401
734 0.002724
735 0.006778
736 0.010000
737 0.010000
738 0.010000
739 0.001764
740 0.000125
741 0.000017
742 0.000014
743 0.000032
744 0.000232
745 0.002892
746 0.010000
747 0.010000
748 0.010001
749 0.010001
750 0.000000
751 0.000000
752 0.000000
753 0.000000
754 0.000000
755 0.000000
756 0.000000
757 0.000000
758 0.000000
759 0.000000
760 0.000000
761 0.002418
762 0.005730
763 0.010000
764 0.010000
765 0.010000
766 0.010000
767 0.001674
768 0.000116
769 0.000023
770 0.000017
771 0.000030
772 0.000308
773 0.004498
774 0.010000
775 0.010000
776 0.010000
777 0.000001
778 0.000563
779 0.000352
780 0.000001
781 0.000000
782 0.000000
783 0.000000
