0 0.020490
1 0.014798
2 0.007064
3 0.002159
4 0.001423
5 0.001113
6 0.000973
7 0.000913
8 0.000199
9 0.000126
10 0.000257
11 0.000587
12 0.000396
13 0.000185
14 0.000050
15 0.000021
16 0.000013
17 0.000009
18 0.000056
19 0.000390
20 0.001156
21 0.001210
22 0.001526
23 0.001874
24 0.002424
25 0.003471
26 0.005191
27 0.005195
28 0.013638
29 0.023985
30 0.017372
31 0.007935
32 0.001763
33 0.001174
34 0.000916
35 0.000574
36 0.000071
37 0.000093
38 0.000294
39 0.000401
40 0.000281
41 0.000087
42 0.000028
43 0.000012
44 0.000008
45 0.000009
46 0.000018
47 0.000176
48 0.000942
49 0.001237
50 0.000150
51 0.000000
52 0.003483
53 0.005192
54 0.004924
55 0.005195
56 0.008470
57 0.014533
58 0.027864
59 0.021038
60 0.009537
61 0.001395
62 0.000874
63 0.000242
64 0.000054
65 0.000095
66 0.000585
67 0.000287
68 0.000122
69 0.000028
70 0.000011
71 0.000007
72 0.000007
73 0.000006
74 0.000007
75 0.000053
76 0.000164
77 0.000001
78 0.000000
79 0.000000
80 0.000000
81 0.004925
82 0.005196
83 0.004919
84 0.009144
85 0.008334
86 0.015298
87 0.038177
88 0.023891
89 0.009257
90 0.001367
91 0.000090
92 0.000049
93 0.000136
94 0.000382
95 0.000255
96 0.000049
97 0.000016
98 0.000007
99 0.000005
100 0.000005
101 0.000002
102 0.000001
103 0.000001
104 0.000000
105 0.000000
106 0.000000
107 0.000000
108 0.000000
109 0.004925
110 0.004919
111 0.003875
112 0.009726
113 0.009144
114 0.008653
115 0.017030
116 0.000000
117 0.000000
118 0.000000
119 0.000000
120 0.000001
121 0.000137
122 0.000273
123 0.000148
124 0.000020
125 0.000007
126 0.000005
127 0.000000
128 0.000001
129 0.000000
130 0.000000
131 0.000000
132 0.000000
133 0.000000
134 0.000000
135 0.000000
136 0.000140
137 0.004185
138 0.003244
139 0.002661
140 0.010385
141 0.009726
142 0.009144
143 0.008767
144 0.000007
145 0.000000
146 0.000000
147 0.000000
148 0.000000
149 0.000000
150 0.000000
151 0.000000
152 0.000000
153 0.000000
154 0.000001
155 0.000000
156 0.000000
157 0.000000
158 0.000000
159 0.000000
160 0.000000
161 0.000000
162 0.000000
163 0.000001
164 0.004364
165 0.002682
166 0.002158
167 0.001633
168 0.010000
169 0.010384
170 0.009884
171 0.009279
172 0.006346
173 0.000077
174 0.000000
175 0.000000
176 0.000000
177 0.000000
178 0.000000
179 0.000000
180 0.000000
181 0.000000
182 0.000000
183 0.000000
184 0.000000
185 0.000000
186 0.000000
187 0.000000
188 0.000000
189 0.000000
190 0.000000
191 0.000039
192 0.002332
193 0.001675
194 0.001108
195 0.001369
196 0.009551
197 0.010000
198 0.010001
199 0.009884
200 0.009282
201 0.000142
202 0.000010
203 0.000004
204 0.000002
205 0.000000
206 0.000000
207 0.000000
208 0.000000
209 0.000000
210 0.000000
211 0.000000
212 0.000000
213 0.000000
214 0.000000
215 0.000000
216 0.000000
217 0.000000
218 0.000001
219 0.000052
220 0.001462
221 0.000947
222 0.001044
223 0.001231
224 0.003697
225 0.006505
226 0.011458
227 0.010000
228 0.010049
229 0.002175
230 0.000002
231 0.000006
232 0.000869
233 0.000029
234 0.000000
235 0.000000
236 0.000000
237 0.000000
238 0.000000
239 0.000000
240 0.000000
241 0.000000
242 0.000000
243 0.000000
244 0.000000
245 0.000000
246 0.000000
247 0.000102
248 0.000120
249 0.000169
250 0.000305
251 0.000442
252 0.001421
253 0.002267
254 0.003989
255 0.005925
256 0.001931
257 0.000147
258 0.000136
259 0.000162
260 0.001317
261 0.004133
262 0.000043
263 0.000000
264 0.000000
265 0.000000
266 0.000000
267 0.000000
268 0.000000
269 0.000000
270 0.000000
271 0.000000
272 0.000000
273 0.000000
274 0.000000
275 0.000014
276 0.000024
277 0.000040
278 0.000062
279 0.000104
280 0.000588
281 0.000262
282 0.000293
283 0.000829
284 0.010980
285 0.001011
286 0.002150
287 0.011995
288 0.001132
289 0.000009
290 0.000020
291 0.000000
292 0.000000
293 0.000000
294 0.000000
295 0.000000
296 0.000000
297 0.000000
298 0.000000
299 0.000000
300 0.000000
301 0.000000
302 0.000000
303 0.000016
304 0.000022
305 0.000029
306 0.000036
307 0.000062
308 0.000125
309 0.000233
310 0.000879
311 0.002703
312 0.001653
313 0.001086
314 0.005746
315 0.999994
316 0.000002
317 0.000000
318 0.000000
319 0.000003
320 0.000000
321 0.000000
322 0.000000
323 0.000000
324 0.000000
325 0.000000
326 0.000000
327 0.000000
328 0.000000
329 0.000000
330 0.000000
331 0.000001
332 0.000022
333 0.000032
334 0.000060
335 0.000142
336 0.001317
337 0.002509
338 0.003793
339 0.005668
340 0.000099
341 0.000008
342 0.000188
343 0.000130
344 0.000001
345 0.000000
346 0.000000
347 0.000000
348 0.000012
349 0.000007
350 0.000011
351 0.000001
352 0.000000
353 0.000000
354 0.000000
355 0.000000
356 0.000000
357 0.000000
358 0.000000
359 0.000000
360 0.000036
361 0.000075
362 0.000161
363 0.000269
364 0.005293
365 0.008545
366 0.002932
367 0.000199
368 0.000002
369 0.000001
370 0.000013
371 0.000001
372 0.000000
373 0.000000
374 0.000000
375 0.000000
376 0.000007
377 0.027927
378 0.020164
379 0.000023
380 0.000000
381 0.000000
382 0.000000
383 0.000000
384 0.000000
385 0.000000
386 0.000000
387 0.000000
388 0.000020
389 0.000217
390 0.000350
391 0.000396
392 0.002430
393 0.000482
394 0.000198
395 0.000013
396 0.000000
397 0.000000
398 0.000000
399 0.000000
400 0.000000
401 0.000000
402 0.000000
403 0.000001
404 0.000084
405 0.999985
406 0.028576
407 0.000023
408 0.000000
409 0.000000
410 0.000000
411 0.000000
412 0.000000
413 0.000000
414 0.000000
415 0.000000
416 0.000004
417 0.000326
418 0.000388
419 0.000398
420 0.000280
421 0.000158
422 0.000063
423 0.000001
424 0.000000
425 0.000000
426 0.000000
427 0.000000
428 0.000000
429 0.000000
430 0.000000
431 0.000001
432 0.000102
433 0.000094
434 0.000009
435 0.000016
436 0.000000
437 0.000000
438 0.000000
439 0.000000
440 0.000000
441 0.000000
442 0.000000
443 0.000000
444 0.000000
445 0.000389
446 0.000239
447 0.000159
448 0.000204
449 0.000051
450 0.000016
451 0.000000
452 0.000000
453 0.000000
454 0.000000
455 0.000000
456 0.000000
457 0.000000
458 0.000001
459 0.000002
460 0.000001
461 0.000001
462 0.000000
463 0.000000
464 0.000024
465 0.000011
466 0.000001
467 0.000000
468 0.000000
469 0.000000
470 0.000000
471 0.000000
472 0.000000
473 0.000021
474 0.000080
475 0.000096
476 0.000362
477 0.000077
478 0.000004
479 0.000000
480 0.000000
481 0.000000
482 0.000000
483 0.000000
484 0.000000
485 0.000001
486 0.000001
487 0.000000
488 0.000000
489 0.000000
490 0.000000
491 0.000000
492 0.000014
493 0.017221
494 0.000254
495 0.000004
496 0.000000
497 0.000000
498 0.000000
499 0.000000
500 0.000000
501 0.000001
502 0.000094
503 0.000189
504 0.001246
505 0.000377
506 0.000006
507 0.000000
508 0.000000
509 0.000000
510 0.000000
511 0.000000
512 0.000000
513 0.000001
514 0.000001
515 0.000000
516 0.000000
517 0.000000
518 0.000000
519 0.000001
520 0.000206
521 0.999993
522 0.035930
523 0.000025
524 0.000001
525 0.000000
526 0.000000
527 0.000000
528 0.000000
529 0.000001
530 0.000419
531 0.001005
532 0.000875
533 0.000799
534 0.000012
535 0.000001
536 0.000000
537 0.000000
538 0.000000
539 0.000000
540 0.000000
541 0.000000
542 0.000000
543 0.000000
544 0.000000
545 0.000000
546 0.000000
547 0.000001
548 0.000008
549 0.000023
550 0.000013
551 0.000158
552 0.000017
553 0.000000
554 0.000000
555 0.000000
556 0.000000
557 0.000004
558 0.001008
559 0.001045
560 0.001052
561 0.001008
562 0.000015
563 0.000001
564 0.000000
565 0.000000
566 0.000001
567 0.000001
568 0.000000
569 0.000000
570 0.000000
571 0.000000
572 0.000000
573 0.000000
574 0.000000
575 0.000000
576 0.000000
577 0.000000
578 0.000000
579 0.000010
580 0.001511
581 0.000082
582 0.000003
583 0.000000
584 0.000002
585 0.001043
586 0.001061
587 0.001233
588 0.001261
589 0.001052
590 0.000075
591 0.000004
592 0.000001
593 0.000002
594 0.000003
595 0.000001
596 0.000001
597 0.000001
598 0.000000
599 0.000000
600 0.000000
601 0.000000
602 0.000000
603 0.000000
604 0.000000
605 0.000000
606 0.000000
607 0.000005
608 0.000127
609 0.001535
610 0.000079
611 0.000058
612 0.001672
613 0.001137
614 0.001227
615 0.001249
616 0.001367
617 0.001280
618 0.001322
619 0.000274
620 0.000011
621 0.000005
622 0.000002
623 0.000004
624 0.000008
625 0.000005
626 0.000002
627 0.000001
628 0.000000
629 0.000000
630 0.000000
631 0.000000
632 0.000000
633 0.000000
634 0.000000
635 0.000000
636 0.000007
637 0.000173
638 0.000992
639 0.004819
640 0.002799
641 0.001926
642 0.000000
643 0.000000
644 0.001445
645 0.001484
646 0.002865
647 0.004984
648 0.003664
649 0.000038
650 0.000019
651 0.000011
652 0.000009
653 0.000005
654 0.000003
655 0.000007
656 0.000045
657 0.001062
658 0.004655
659 0.000179
660 0.000001
661 0.000000
662 0.000000
663 0.000000
664 0.000001
665 0.000106
666 0.010000
667 0.008628
668 0.005366
669 0.000000
670 0.000000
671 0.000000
672 0.000000
673 0.002961
674 0.005139
675 0.008830
676 0.010007
677 0.010010
678 0.000185
679 0.000061
680 0.000045
681 0.000072
682 0.000576
683 0.000549
684 0.000732
685 0.002322
686 0.008490
687 0.008458
688 0.000561
689 0.000254
690 0.000120
691 0.000089
692 0.000528
693 0.009999
694 0.010000
695 0.010000
696 0.000000
697 0.000000
698 0.000000
699 0.000000
700 0.000000
701 0.000000
702 0.008811
703 0.010005
704 0.010009
705 0.010010
706 0.006332
707 0.002601
708 0.001062
709 0.000774
710 0.000629
711 0.000582
712 0.001519
713 0.004973
714 0.010012
715 0.005604
716 0.001110
717 0.000522
718 0.001325
719 0.001365
720 0.002756
721 0.005605
722 0.009999
723 0.000000
724 0.000000
725 0.000000
726 0.000000
727 0.000000
728 0.000000
729 0.000000
730 0.000000
731 0.000000
732 0.010010
733 0.007219
734 0.003519
735 0.001694
736 0.001024
737 0.000836
738 0.000766
739 0.001021
740 0.003100
741 0.008657
742 0.010013
743 0.003320
744 0.001873
745 0.001760
746 0.002362
747 0.001237
748 0.001888
749 0.003758
750 0.000000
751 0.000000
752 0.000000
753 0.000000
754 0.000000
755 0.000000
756 0.000000
757 0.000000
758 0.000000
759 0.000000
760 0.000000
761 0.004714
762 0.002317
763 0.001124
764 0.001056
765 0.001008
766 0.000976
767 0.001995
768 0.005135
769 0.010012
770 0.008362
771 0.002448
772 0.001965
773 0.005843
774 0.003593
775 0.001899
776 0.001323
777 0.000000
778 0.000086
779 0.000080
780 0.000000
781 0.000000
782 0.000000
783 0.000000
