0 0.003354
1 0.003224
2 0.002795
3 0.002981
4 0.002567
5 0.002198
6 0.002006
7 0.002007
8 0.000851
9 0.000283
10 0.000649
11 0.001293
12 0.001598
13 0.000673
14 0.000247
15 0.000094
16 0.000053
17 0.000033
18 0.000121
19 0.000478
20 0.001067
21 0.001119
22 0.001373
23 0.001436
24 0.001293
25 0.001358
26 0.001660
27 0.002478
28 0.002918
29 0.003100
30 0.002679
31 0.002567
32 0.002460
33 0.002261
34 0.001917
35 0.001249
36 0.000201
37 0.000120
38 0.000441
39 0.001405
40 0.001638
41 0.001208
42 0.000349
43 0.000075
44 0.000034
45 0.000030
46 0.000051
47 0.000282
48 0.000862
49 0.001067
50 0.000000
51 0.000000
52 0.001232
53 0.001523
54 0.002259
55 0.003981
56 0.003100
57 0.002679
58 0.002567
59 0.002460
60 0.002261
61 0.001917
62 0.001832
63 0.000530
64 0.000075
65 0.000064
66 0.000324
67 0.001197
68 0.001515
69 0.001585
70 0.000409
71 0.000083
72 0.000024
73 0.000021
74 0.000025
75 0.000113
76 0.000001
77 0.000000
78 0.000000
79 0.000000
80 0.000000
81 0.002128
82 0.003845
83 0.006135
84 0.002981
85 0.002567
86 0.002198
87 0.002006
88 0.001917
89 0.001832
90 0.001673
91 0.000203
92 0.000034
93 0.000046
94 0.000225
95 0.000513
96 0.001494
97 0.001512
98 0.000701
99 0.000104
100 0.000028
101 0.000007
102 0.000000
103 0.000000
104 0.000000
105 0.000000
106 0.000000
107 0.000001
108 0.000001
109 0.003780
110 0.006093
111 0.008725
112 0.002567
113 0.002460
114 0.002006
115 0.001917
116 0.000000
117 0.000000
118 0.000001
119 0.000001
120 0.000002
121 0.000031
122 0.000123
123 0.000282
124 0.000652
125 0.001027
126 0.000618
127 0.000009
128 0.000000
129 0.000000
130 0.000000
131 0.000000
132 0.000000
133 0.000000
134 0.000001
135 0.000001
136 0.000042
137 0.005977
138 0.008895
139 0.010076
140 0.002460
141 0.002100
142 0.001917
143 0.001832
144 0.000000
145 0.000000
146 0.000000
147 0.000001
148 0.000001
149 0.000001
150 0.000001
151 0.000002
152 0.000014
153 0.000003
154 0.000001
155 0.000000
156 0.000000
157 0.000000
158 0.000000
159 0.000000
160 0.000000
161 0.000001
162 0.000001
163 0.000001
164 0.007127
165 0.009109
166 0.009999
167 0.009870
168 0.002100
169 0.001917
170 0.001832
171 0.001673
172 0.000000
173 0.000000
174 0.000000
175 0.000000
176 0.000001
177 0.000001
178 0.000001
179 0.000000
180 0.000000
181 0.000000
182 0.000000
183 0.000000
184 0.000000
185 0.000000
186 0.000000
187 0.000000
188 0.000001
189 0.000001
190 0.000001
191 0.000001
192 0.009432
193 0.009920
194 0.007764
195 0.007098
196 0.001917
197 0.001832
198 0.001539
199 0.001398
200 0.000002
201 0.000000
202 0.000000
203 0.000000
204 0.000001
205 0.000001
206 0.000001
207 0.000000
208 0.000000
209 0.000000
210 0.000000
211 0.000000
212 0.000001
213 0.000001
214 0.000000
215 0.000001
216 0.000005
217 0.000005
218 0.000001
219 0.000269
220 0.010290
221 0.007088
222 0.005943
223 0.003446
224 0.001832
225 0.001540
226 0.001398
227 0.001332
228 0.001049
229 0.000000
230 0.000000
231 0.000000
232 0.000000
233 0.000000
234 0.000000
235 0.000001
236 0.000000
237 0.000000
238 0.000000
239 0.000000
240 0.000000
241 0.000000
242 0.000000
243 0.000003
244 0.000014
245 0.000004
246 0.000002
247 0.999696
248 0.006399
249 0.003884
250 0.002386
251 0.001457
252 0.001751
253 0.001398
254 0.001332
255 0.000754
256 0.000149
257 0.000000
258 0.000000
259 0.000000
260 0.000000
261 0.000000
262 0.000000
263 0.000000
264 0.000001
265 0.000001
266 0.000001
267 0.000001
268 0.000000
269 0.000000
270 0.000001
271 0.000002
272 0.000002
273 0.000001
274 0.000001
275 0.000262
276 0.000462
277 0.000630
278 0.000764
279 0.000885
280 0.001398
281 0.000466
282 0.000229
283 0.000067
284 0.000030
285 0.000000
286 0.000000
287 0.000000
288 0.000000
289 0.000000
290 0.000000
291 0.000000
292 0.000000
293 0.000001
294 0.000001
295 0.000001
296 0.000001
297 0.000002
298 0.000005
299 0.000004
300 0.000001
301 0.000000
302 0.000001
303 0.000008
304 0.000012
305 0.000023
306 0.000043
307 0.000105
308 0.000299
309 0.000123
310 0.000044
311 0.000019
312 0.000002
313 0.000001
314 0.000000
315 0.000000
316 0.000000
317 0.000000
318 0.000000
319 0.000000
320 0.000000
321 0.000000
322 0.000000
323 0.000001
324 0.000002
325 0.000028
326 0.999989
327 0.000006
328 0.000001
329 0.000000
330 0.000001
331 0.000001
332 0.000002
333 0.000003
334 0.000005
335 0.000016
336 0.000210
337 0.000083
338 0.000038
339 0.000018
340 0.000001
341 0.000001
342 0.000001
343 0.000001
344 0.000000
345 0.000000
346 0.000000
347 0.000000
348 0.000000
349 0.000000
350 0.000000
351 0.000001
352 0.000002
353 0.000054
354 0.000129
355 0.000004
356 0.000001
357 0.000001
358 0.000001
359 0.000001
360 0.000009
361 0.000005
362 0.000004
363 0.000004
364 0.000493
365 0.000280
366 0.000094
367 0.000033
368 0.000001
369 0.000001
370 0.000002
371 0.000001
372 0.000000
373 0.000000
374 0.000000
375 0.000000
376 0.000000
377 0.000000
378 0.000000
379 0.000001
380 0.000004
381 0.000015
382 0.000003
383 0.000001
384 0.000001
385 0.000001
386 0.000001
387 0.000003
388 0.000024
389 0.000042
390 0.000021
391 0.000014
392 0.000517
393 0.000377
394 0.000171
395 0.000014
396 0.000002
397 0.000007
398 0.000050
399 0.000001
400 0.000000
401 0.000000
402 0.000000
403 0.000000
404 0.000000
405 0.000000
406 0.000001
407 0.000001
408 0.000004
409 0.000003
410 0.000001
411 0.000001
412 0.000001
413 0.000001
414 0.000001
415 0.000001
416 0.000019
417 0.000256
418 0.000153
419 0.000070
420 0.000117
421 0.000147
422 0.000190
423 0.000009
424 0.000026
425 0.000603
426 0.000825
427 0.000001
428 0.000000
429 0.000000
430 0.000000
431 0.000000
432 0.000000
433 0.000000
434 0.000000
435 0.000001
436 0.000001
437 0.000001
438 0.000001
439 0.000001
440 0.000001
441 0.000001
442 0.000001
443 0.000001
444 0.000003
445 0.000279
446 0.000360
447 0.000655
448 0.000060
449 0.000049
450 0.000140
451 0.000020
452 0.000078
453 0.999978
454 0.000066
455 0.000001
456 0.000000
457 0.000000
458 0.000000
459 0.000000
460 0.000000
461 0.000000
462 0.000000
463 0.000000
464 0.000000
465 0.000001
466 0.000001
467 0.000002
468 0.000002
469 0.000001
470 0.000000
471 0.000000
472 0.000001
473 0.000072
474 0.001152
475 0.001816
476 0.000209
477 0.000216
478 0.000085
479 0.000031
480 0.000146
481 0.000082
482 0.000001
483 0.000000
484 0.000000
485 0.000000
486 0.000000
487 0.000000
488 0.000000
489 0.000000
490 0.000000
491 0.000000
492 0.000000
493 0.000000
494 0.000000
495 0.000001
496 0.000012
497 0.000006
498 0.000001
499 0.000000
500 0.000000
501 0.000015
502 0.001146
503 0.005121
504 0.002404
505 0.002981
506 0.000126
507 0.000094
508 0.000503
509 0.000002
510 0.000000
511 0.000000
512 0.000000
513 0.000000
514 0.000000
515 0.000000
516 0.000000
517 0.000000
518 0.000000
519 0.000000
520 0.000000
521 0.000000
522 0.000000
523 0.000001
524 0.000006
525 0.000356
526 0.000038
527 0.000001
528 0.000000
529 0.000011
530 0.000674
531 0.001538
532 0.005982
533 0.010009
534 0.000892
535 0.000337
536 0.000033
537 0.000001
538 0.000000
539 0.000000
540 0.000000
541 0.000000
542 0.000000
543 0.000000
544 0.000000
545 0.000000
546 0.000000
547 0.000000
548 0.000000
549 0.000000
550 0.000000
551 0.000000
552 0.000001
553 0.000102
554 0.999949
555 0.000082
556 0.000002
557 0.000010
558 0.000271
559 0.000453
560 0.010007
561 0.005938
562 0.000280
563 0.000670
564 0.000004
565 0.000000
566 0.000000
567 0.000000
568 0.000000
569 0.000000
570 0.000000
571 0.000000
572 0.000000
573 0.000000
574 0.000000
575 0.000000
576 0.000000
577 0.000000
578 0.000000
579 0.000000
580 0.000000
581 0.000003
582 0.000224
583 0.003642
584 0.000227
585 0.001809
586 0.000665
587 0.000347
588 0.006064
589 0.002563
590 0.000459
591 0.000026
592 0.000001
593 0.000000
594 0.000000
595 0.000000
596 0.000000
597 0.000000
598 0.000000
599 0.000000
600 0.000000
601 0.000000
602 0.000000
603 0.000000
604 0.000000
605 0.000000
606 0.000000
607 0.000000
608 0.000000
609 0.000000
610 0.000011
611 0.001369
612 0.007385
613 0.005541
614 0.002434
615 0.001145
616 0.002773
617 0.001379
618 0.000809
619 0.000156
620 0.000002
621 0.000000
622 0.000000
623 0.000000
624 0.000000
625 0.000000
626 0.000000
627 0.000000
628 0.000000
629 0.000000
630 0.000000
631 0.000000
632 0.000000
633 0.000000
634 0.000000
635 0.000000
636 0.000000
637 0.000000
638 0.000006
639 0.000788
640 0.002379
641 0.007464
642 0.000001
643 0.000003
644 0.001549
645 0.001089
646 0.001036
647 0.000846
648 0.000327
649 0.000003
650 0.000001
651 0.000000
652 0.000001
653 0.000005
654 0.000002
655 0.000001
656 0.000004
657 0.000006
658 0.000001
659 0.000000
660 0.000000
661 0.000000
662 0.000000
663 0.000000
664 0.000000
665 0.000004
666 0.000112
667 0.000304
668 0.000856
669 0.000001
670 0.000001
671 0.000003
672 0.000000
673 0.001137
674 0.001085
675 0.000889
676 0.000990
677 0.000806
678 0.000017
679 0.000021
680 0.000135
681 0.001473
682 0.001104
683 0.000071
684 0.000014
685 0.000005
686 0.000001
687 0.000001
688 0.000001
689 0.000005
690 0.000012
691 0.000008
692 0.000017
693 0.000105
694 0.000120
695 0.000161
696 0.000001
697 0.000001
698 0.000001
699 0.000001
700 0.000000
701 0.000000
702 0.001137
703 0.001085
704 0.001037
705 0.001160
706 0.002140
707 0.005854
708 0.010002
709 0.010005
710 0.003351
711 0.000252
712 0.000015
713 0.000003
714 0.000001
715 0.000001
716 0.000002
717 0.000008
718 0.000072
719 0.000078
720 0.000083
721 0.000112
722 0.000150
723 0.000001
724 0.000001
725 0.000001
726 0.000001
727 0.000001
728 0.000000
729 0.000000
730 0.000000
731 0.000000
732 0.001086
733 0.002274
734 0.004269
735 0.010001
736 0.010004
737 0.010006
738 0.010007
739 0.000662
740 0.000019
741 0.000002
742 0.000002
743 0.000002
744 0.000004
745 0.000022
746 0.000078
747 0.000105
748 0.000112
749 0.000150
750 0.000000
751 0.000000
752 0.000000
753 0.000000
754 0.000001
755 0.000001
756 0.000000
757 0.000000
758 0.000000
759 0.000000
760 0.000000
761 0.003767
762 0.008444
763 0.010003
764 0.010005
765 0.010006
766 0.010006
767 0.001053
768 0.000027
769 0.000003
770 0.000002
771 0.000002
772 0.000009
773 0.000059
774 0.000078
775 0.000089
776 0.000120
777 0.000000
778 0.000011
779 0.000008
780 0.000001
781 0.000000
782 0.000000
783 0.000001
