0 0.006023
1 0.007335
2 0.007136
3 0.007339
4 0.007138
5 0.006980
6 0.005629
7 0.003743
8 0.000690
9 0.000164
10 0.000158
11 0.000289
12 0.000592
13 0.000809
14 0.002982
15 0.003184
16 0.001214
17 0.000496
18 0.001748
19 0.005266
20 0.004556
21 0.002697
22 0.002172
23 0.002193
24 0.002758
25 0.004294
26 0.006698
27 0.008255
28 0.004425
29 0.005901
30 0.007134
31 0.007137
32 0.007139
33 0.007139
34 0.007320
35 0.004062
36 0.000614
37 0.000095
38 0.000084
39 0.000142
40 0.000307
41 0.000773
42 0.001067
43 0.006440
44 0.004763
45 0.000643
46 0.000847
47 0.001748
48 0.002494
49 0.001961
50 0.000001
51 0.000000
52 0.004139
53 0.006614
54 0.008125
55 0.008258
56 0.003601
57 0.004222
58 0.005202
59 0.007135
60 0.007138
61 0.006945
62 0.006944
63 0.003431
64 0.000552
65 0.000144
66 0.000078
67 0.000073
68 0.000139
69 0.000428
70 0.001405
71 0.014561
72 0.012116
73 0.002402
74 0.000336
75 0.000489
76 0.000007
77 0.000000
78 0.000000
79 0.000000
80 0.000000
81 0.008126
82 0.008258
83 0.007658
84 0.003419
85 0.003047
86 0.003624
87 0.004862
88 0.006941
89 0.006944
90 0.006946
91 0.001705
92 0.000430
93 0.000183
94 0.000103
95 0.000049
96 0.000070
97 0.000318
98 0.001632
99 0.006826
100 0.024886
101 0.002598
102 0.000001
103 0.000000
104 0.000000
105 0.000000
106 0.000000
107 0.000000
108 0.000005
109 0.008030
110 0.007658
111 0.007418
112 0.004981
113 0.003182
114 0.002453
115 0.003349
116 0.000000
117 0.000000
118 0.000000
119 0.000001
120 0.000003
121 0.000120
122 0.000193
123 0.000072
124 0.000056
125 0.000220
126 0.001928
127 0.001144
128 0.000268
129 0.000001
130 0.000000
131 0.000000
132 0.000000
133 0.000001
134 0.000001
135 0.000006
136 0.000338
137 0.007420
138 0.007188
139 0.007040
140 0.007539
141 0.004752
142 0.002859
143 0.002079
144 0.000000
145 0.000000
146 0.000000
147 0.000000
148 0.000000
149 0.000000
150 0.000001
151 0.000001
152 0.000002
153 0.000002
154 0.000012
155 0.000003
156 0.000000
157 0.000000
158 0.000000
159 0.000000
160 0.000001
161 0.000015
162 0.000006
163 0.000005
164 0.007538
165 0.006965
166 0.006822
167 0.006691
168 0.010012
169 0.007308
170 0.004999
171 0.002906
172 0.000001
173 0.000000
174 0.000000
175 0.000000
176 0.000000
177 0.000000
178 0.000000
179 0.000000
180 0.000000
181 0.000000
182 0.000000
183 0.000000
184 0.000000
185 0.000000
186 0.000000
187 0.000001
188 0.000003
189 0.000015
190 0.000005
191 0.000005
192 0.006932
193 0.006612
194 0.006484
195 0.006916
196 0.010012
197 0.010014
198 0.008144
199 0.004706
200 0.000068
201 0.000001
202 0.000000
203 0.000000
204 0.000000
205 0.000000
206 0.000000
207 0.000000
208 0.000000
209 0.000000
210 0.000000
211 0.000000
212 0.000000
213 0.000000
214 0.000001
215 0.000001
216 0.000008
217 0.000000
218 0.000002
219 0.000304
220 0.006801
221 0.006776
222 0.007031
223 0.005928
224 0.006182
225 0.008975
226 0.010016
227 0.009179
228 0.005104
229 0.000001
230 0.000000
231 0.000000
232 0.000000
233 0.000000
234 0.000000
235 0.000000
236 0.000000
237 0.000000
238 0.000000
239 0.000000
240 0.000001
241 0.000001
242 0.000015
243 0.000078
244 0.000001
245 0.000000
246 0.000000
247 0.000508
248 0.000872
249 0.001233
250 0.001363
251 0.001400
252 0.003279
253 0.004555
254 0.006716
255 0.007176
256 0.002778
257 0.000000
258 0.000000
259 0.000000
260 0.000000
261 0.000000
262 0.000000
263 0.000000
264 0.000000
265 0.000000
266 0.000000
267 0.000000
268 0.000001
269 0.000008
270 0.999979
271 0.009805
272 0.000002
273 0.000000
274 0.000001
275 0.000464
276 0.000320
277 0.000207
278 0.000179
279 0.000185
280 0.001627
281 0.001089
282 0.001027
283 0.000740
284 0.000787
285 0.000002
286 0.000000
287 0.000000
288 0.000000
289 0.000000
290 0.000000
291 0.000002
292 0.000008
293 0.000002
294 0.000000
295 0.000000
296 0.000000
297 0.000024
298 0.000418
299 0.002597
300 0.000003
301 0.000000
302 0.000010
303 0.001943
304 0.000784
305 0.000358
306 0.000182
307 0.000139
308 0.000509
309 0.000276
310 0.000154
311 0.000130
312 0.000037
313 0.000002
314 0.000000
315 0.000000
316 0.000000
317 0.000001
318 0.000002
319 0.000004
320 0.000008
321 0.000002
322 0.000002
323 0.000002
324 0.000004
325 0.000002
326 0.000036
327 0.000016
328 0.000001
329 0.000000
330 0.000016
331 0.000383
332 0.001443
333 0.000785
334 0.000546
335 0.000501
336 0.000240
337 0.000141
338 0.000095
339 0.000056
340 0.000004
341 0.000000
342 0.000000
343 0.000000
344 0.000001
345 0.000180
346 0.000128
347 0.000002
348 0.000001
349 0.000001
350 0.000023
351 0.001724
352 0.000168
353 0.000009
354 0.000002
355 0.000000
356 0.000000
357 0.000001
358 0.000002
359 0.000010
360 0.000480
361 0.000824
362 0.000996
363 0.001039
364 0.000203
365 0.000176
366 0.000102
367 0.000059
368 0.000001
369 0.000000
370 0.000000
371 0.000000
372 0.000001
373 0.999975
374 0.000726
375 0.000002
376 0.000000
377 0.000001
378 0.000111
379 0.006230
380 0.004045
381 0.000720
382 0.000002
383 0.000000
384 0.000000
385 0.000001
386 0.000001
387 0.000001
388 0.000056
389 0.000307
390 0.000540
391 0.001038
392 0.000135
393 0.000099
394 0.000066
395 0.000012
396 0.000000
397 0.000000
398 0.000000
399 0.000000
400 0.000001
401 0.000024
402 0.000059
403 0.000009
404 0.000002
405 0.000002
406 0.000016
407 0.000278
408 0.999971
409 0.012849
410 0.000004
411 0.000000
412 0.000000
413 0.000001
414 0.000000
415 0.000000
416 0.000003
417 0.000099
418 0.000177
419 0.000307
420 0.000223
421 0.000111
422 0.000069
423 0.000005
424 0.000000
425 0.000000
426 0.000001
427 0.000001
428 0.000000
429 0.000001
430 0.000002
431 0.000035
432 0.000306
433 0.000049
434 0.000006
435 0.000018
436 0.001055
437 0.007707
438 0.000018
439 0.000000
440 0.000000
441 0.000001
442 0.000001
443 0.000000
444 0.000001
445 0.000040
446 0.000069
447 0.000124
448 0.000613
449 0.000384
450 0.000385
451 0.000004
452 0.000000
453 0.000000
454 0.000001
455 0.000001
456 0.000000
457 0.000000
458 0.000001
459 0.000040
460 0.000679
461 0.000276
462 0.000014
463 0.000002
464 0.000007
465 0.000005
466 0.000002
467 0.000001
468 0.000000
469 0.000000
470 0.000001
471 0.000000
472 0.000000
473 0.000011
474 0.000041
475 0.000085
476 0.001853
477 0.002783
478 0.001169
479 0.000006
480 0.000000
481 0.000001
482 0.000001
483 0.000001
484 0.000000
485 0.000000
486 0.000001
487 0.000057
488 0.000202
489 0.000033
490 0.000004
491 0.000001
492 0.000000
493 0.000000
494 0.000000
495 0.000003
496 0.000004
497 0.000001
498 0.000001
499 0.000001
500 0.000000
501 0.000003
502 0.000125
503 0.000227
504 0.004390
505 0.006832
506 0.000668
507 0.000006
508 0.000001
509 0.000002
510 0.000003
511 0.000005
512 0.000003
513 0.000003
514 0.000004
515 0.000013
516 0.000006
517 0.000002
518 0.000001
519 0.000001
520 0.000000
521 0.000000
522 0.000000
523 0.000000
524 0.000015
525 0.000004
526 0.000001
527 0.000002
528 0.000001
529 0.000008
530 0.000464
531 0.000868
532 0.008040
533 0.010009
534 0.000240
535 0.000002
536 0.000002
537 0.000005
538 0.000031
539 0.000187
540 0.001820
541 0.000083
542 0.000005
543 0.000002
544 0.000001
545 0.000001
546 0.000001
547 0.000000
548 0.000000
549 0.000000
550 0.000000
551 0.000000
552 0.000002
553 0.000029
554 0.000016
555 0.000010
556 0.000016
557 0.000096
558 0.001821
559 0.001248
560 0.010008
561 0.010006
562 0.000150
563 0.000004
564 0.000004
565 0.000029
566 0.000210
567 0.004178
568 0.999883
569 0.000068
570 0.000001
571 0.000000
572 0.000000
573 0.000001
574 0.000001
575 0.000000
576 0.000000
577 0.000000
578 0.000000
579 0.000000
580 0.000001
581 0.000025
582 0.000091
583 0.000045
584 0.000166
585 0.006709
586 0.003788
587 0.002538
588 0.010005
589 0.006450
590 0.000478
591 0.000007
592 0.000031
593 0.000327
594 0.004139
595 0.002655
596 0.000177
597 0.000005
598 0.000000
599 0.000000
600 0.000001
601 0.000002
602 0.000001
603 0.000001
604 0.000000
605 0.000000
606 0.000000
607 0.000000
608 0.000001
609 0.000002
610 0.000069
611 0.000200
612 0.010017
613 0.010019
614 0.007839
615 0.005119
616 0.006638
617 0.004125
618 0.002285
619 0.000567
620 0.001596
621 0.009128
622 0.001087
623 0.000067
624 0.000008
625 0.000001
626 0.000000
627 0.000000
628 0.000003
629 0.000095
630 0.000121
631 0.000010
632 0.000002
633 0.000001
634 0.000001
635 0.000000
636 0.000001
637 0.000002
638 0.000068
639 0.003966
640 0.007348
641 0.010016
642 0.000001
643 0.000001
644 0.004365
645 0.002782
646 0.002917
647 0.004465
648 0.009950
649 0.001521
650 0.000083
651 0.000006
652 0.000006
653 0.000015
654 0.000013
655 0.000012
656 0.000343
657 0.005074
658 0.004569
659 0.000153
660 0.000064
661 0.000070
662 0.000023
663 0.000007
664 0.000002
665 0.000041
666 0.001088
667 0.002259
668 0.004092
669 0.000000
670 0.000000
671 0.000001
672 0.000000
673 0.003071
674 0.004615
675 0.007114
676 0.010000
677 0.010000
678 0.000370
679 0.000226
680 0.000441
681 0.001699
682 0.003575
683 0.000998
684 0.001376
685 0.001975
686 0.000745
687 0.000598
688 0.000475
689 0.002694
690 0.002542
691 0.000450
692 0.000442
693 0.000798
694 0.000863
695 0.001338
696 0.000000
697 0.000000
698 0.000000
699 0.000001
700 0.000000
701 0.000000
702 0.007217
703 0.010000
704 0.010000
705 0.010001
706 0.010001
707 0.010001
708 0.010000
709 0.010001
710 0.006251
711 0.004455
712 0.000847
713 0.000505
714 0.000282
715 0.000743
716 0.000914
717 0.002847
718 0.014676
719 0.006776
720 0.003293
721 0.001444
722 0.000987
723 0.000000
724 0.000000
725 0.000000
726 0.000000
727 0.000000
728 0.000000
729 0.000000
730 0.000000
731 0.000000
732 0.010000
733 0.010001
734 0.010001
735 0.010001
736 0.010000
737 0.010003
738 0.013382
739 0.007567
740 0.000932
741 0.000108
742 0.000178
743 0.000479
744 0.001496
745 0.004645
746 0.010022
747 0.012749
748 0.006016
749 0.003445
750 0.000000
751 0.000000
752 0.000000
753 0.000000
754 0.000000
755 0.000000
756 0.000000
757 0.000000
758 0.000001
759 0.000001
760 0.000000
761 0.010001
762 0.010001
763 0.010000
764 0.010001
765 0.010005
766 0.026636
767 0.009081
768 0.000795
769 0.000067
770 0.000139
771 0.000364
772 0.002403
773 0.007418
774 0.010024
775 0.016317
776 0.010997
777 0.000003
778 0.000982
779 0.000289
780 0.000012
781 0.000000
782 0.000000
783 0.000000
