0 0.001456
1 0.001362
2 0.001071
3 0.001193
4 0.000929
5 0.000719
6 0.000619
7 0.000575
8 0.000091
9 0.000014
10 0.000014
11 0.000037
12 0.000131
13 0.000215
14 0.000569
15 0.000323
16 0.000169
17 0.000128
18 0.001318
19 0.003794
20 0.003422
21 0.001673
22 0.001363
23 0.001043
24 0.001357
25 0.002642
26 0.005269
27 0.007353
28 0.001151
29 0.001275
30 0.000998
31 0.000929
32 0.000866
33 0.000753
34 0.000575
35 0.000338
36 0.000028
37 0.000007
38 0.000006
39 0.000012
40 0.000041
41 0.000201
42 0.000231
43 0.001758
44 0.001806
45 0.000269
46 0.000165
47 0.000448
48 0.001516
49 0.001152
50 0.000001
51 0.000001
52 0.002497
53 0.005166
54 0.007172
55 0.007366
56 0.001275
57 0.000998
58 0.000929
59 0.000866
60 0.000753
61 0.000575
62 0.000534
63 0.000116
64 0.000013
65 0.000005
66 0.000005
67 0.000005
68 0.000012
69 0.000061
70 0.000328
71 0.009692
72 0.011219
73 0.000680
74 0.000027
75 0.000071
76 0.000004
77 0.000001
78 0.000002
79 0.000001
80 0.000001
81 0.007172
82 0.007367
83 0.008264
84 0.001193
85 0.000929
86 0.000719
87 0.000619
88 0.000575
89 0.000534
90 0.000461
91 0.000036
92 0.000005
93 0.000004
94 0.000004
95 0.000004
96 0.000005
97 0.000026
98 0.000713
99 0.011466
100 0.040987
101 0.000456
102 0.000001
103 0.000001
104 0.000001
105 0.000001
106 0.000002
107 0.000002
108 0.000001
109 0.010463
110 0.007946
111 0.004988
112 0.000929
113 0.000866
114 0.000619
115 0.000575
116 0.000001
117 0.000001
118 0.000001
119 0.000001
120 0.000001
121 0.000002
122 0.000003
123 0.000003
124 0.000003
125 0.000016
126 0.001189
127 0.002326
128 0.000169
129 0.000001
130 0.000001
131 0.000001
132 0.000001
133 0.000003
134 0.000002
135 0.000003
136 0.000285
137 0.006198
138 0.003836
139 0.002483
140 0.000866
141 0.000667
142 0.000575
143 0.000534
144 0.000001
145 0.000001
146 0.000001
147 0.000001
148 0.000001
149 0.000001
150 0.000001
151 0.000001
152 0.000001
153 0.000001
154 0.000007
155 0.000003
156 0.000001
157 0.000001
158 0.000001
159 0.000001
160 0.000003
161 0.000004
162 0.000003
163 0.000001
164 0.005906
165 0.002913
166 0.001862
167 0.000770
168 0.000667
169 0.000575
170 0.000534
171 0.000461
172 0.000003
173 0.000001
174 0.000001
175 0.000001
176 0.000001
177 0.000001
178 0.000001
179 0.000001
180 0.000001
181 0.000001
182 0.000001
183 0.000001
184 0.000001
185 0.000001
186 0.000001
187 0.000002
188 0.000005
189 0.000003
190 0.000001
191 0.000003
192 0.002137
193 0.001307
194 0.000543
195 0.000815
196 0.000575
197 0.000534
198 0.000404
199 0.000346
200 0.000062
201 0.000002
202 0.000001
203 0.000001
204 0.000001
205 0.000001
206 0.000001
207 0.000001
208 0.000001
209 0.000002
210 0.000001
211 0.000001
212 0.000001
213 0.000001
214 0.000002
215 0.000005
216 0.000004
217 0.000002
218 0.000001
219 0.000034
220 0.001037
221 0.000512
222 0.000596
223 0.000761
224 0.001540
225 0.000612
226 0.000346
227 0.000321
228 0.000220
229 0.000003
230 0.000001
231 0.000001
232 0.000001
233 0.000001
234 0.000001
235 0.000001
236 0.000001
237 0.000002
238 0.000002
239 0.000002
240 0.000002
241 0.000003
242 0.000008
243 0.000009
244 0.000002
245 0.000001
246 0.000001
247 0.000010
248 0.000017
249 0.000031
250 0.000077
251 0.000142
252 0.004735
253 0.001690
254 0.000790
255 0.000185
256 0.000044
257 0.000003
258 0.000002
259 0.000001
260 0.000001
261 0.000001
262 0.000001
263 0.000001
264 0.000001
265 0.000001
266 0.000002
267 0.000002
268 0.000003
269 0.000011
270 0.999961
271 0.000032
272 0.000002
273 0.000001
274 0.000001
275 0.000005
276 0.000005
277 0.000005
278 0.000007
279 0.000014
280 0.010035
281 0.002804
282 0.000656
283 0.000117
284 0.000025
285 0.000002
286 0.000003
287 0.000001
288 0.000001
289 0.000001
290 0.000001
291 0.000001
292 0.000001
293 0.000001
294 0.000001
295 0.000001
296 0.000002
297 0.000014
298 0.000177
299 0.000032
300 0.000002
301 0.000001
302 0.000002
303 0.000057
304 0.000034
305 0.000023
306 0.000015
307 0.000013
308 0.002092
309 0.001847
310 0.001111
311 0.000186
312 0.000006
313 0.000001
314 0.000003
315 0.000002
316 0.000001
317 0.000001
318 0.000001
319 0.000002
320 0.000001
321 0.000001
322 0.000001
323 0.000001
324 0.000002
325 0.000004
326 0.000005
327 0.000003
328 0.000002
329 0.000002
330 0.000003
331 0.000013
332 0.000268
333 0.000177
334 0.000109
335 0.000090
336 0.000302
337 0.000391
338 0.000606
339 0.000581
340 0.000005
341 0.000002
342 0.000002
343 0.000003
344 0.000002
345 0.000001
346 0.000002
347 0.000002
348 0.000001
349 0.000001
350 0.000001
351 0.000002
352 0.000003
353 0.000002
354 0.000001
355 0.000001
356 0.000002
357 0.000002
358 0.000002
359 0.000003
360 0.000524
361 0.000247
362 0.000319
363 0.000337
364 0.000058
365 0.000093
366 0.000102
367 0.000147
368 0.000002
369 0.000002
370 0.000002
371 0.000004
372 0.000006
373 0.000003
374 0.000002
375 0.000001
376 0.000001
377 0.000001
378 0.000001
379 0.000002
380 0.000002
381 0.000002
382 0.000001
383 0.000001
384 0.000001
385 0.000002
386 0.000002
387 0.000002
388 0.000020
389 0.000368
390 0.000619
391 0.000338
392 0.000018
393 0.000012
394 0.000011
395 0.000003
396 0.000001
397 0.000001
398 0.000002
399 0.000007
400 0.000068
401 0.000010
402 0.000002
403 0.000001
404 0.000001
405 0.000001
406 0.000002
407 0.000002
408 0.000002
409 0.000001
410 0.000001
411 0.000001
412 0.000001
413 0.000002
414 0.000002
415 0.000001
416 0.000002
417 0.000063
418 0.000151
419 0.000347
420 0.000012
421 0.000007
422 0.000005
423 0.000001
424 0.000001
425 0.000001
426 0.000002
427 0.000016
428 0.999964
429 0.000020
430 0.000002
431 0.000001
432 0.000001
433 0.000001
434 0.000002
435 0.000002
436 0.000001
437 0.000001
438 0.000001
439 0.000001
440 0.000001
441 0.000002
442 0.000002
443 0.000001
444 0.000001
445 0.000010
446 0.000035
447 0.000079
448 0.000017
449 0.000007
450 0.000005
451 0.000001
452 0.000001
453 0.000001
454 0.000003
455 0.000010
456 0.000027
457 0.000011
458 0.000003
459 0.000002
460 0.000002
461 0.000002
462 0.000002
463 0.000001
464 0.000001
465 0.000001
466 0.000001
467 0.000001
468 0.000001
469 0.000001
470 0.000002
471 0.000002
472 0.000001
473 0.000002
474 0.000004
475 0.000025
476 0.000099
477 0.000035
478 0.000005
479 0.000001
480 0.000001
481 0.000002
482 0.000004
483 0.000004
484 0.000004
485 0.000004
486 0.000004
487 0.000002
488 0.000002
489 0.000002
490 0.000002
491 0.000001
492 0.000001
493 0.000001
494 0.000001
495 0.000001
496 0.000001
497 0.000001
498 0.000002
499 0.000002
500 0.000001
501 0.000001
502 0.000012
503 0.000027
504 0.001165
505 0.000726
506 0.000010
507 0.000002
508 0.000001
509 0.000003
510 0.000004
511 0.000002
512 0.000002
513 0.000003
514 0.000003
515 0.000002
516 0.000002
517 0.000002
518 0.000002
519 0.000001
520 0.000001
521 0.000001
522 0.000001
523 0.000001
524 0.000001
525 0.000001
526 0.000001
527 0.000002
528 0.000001
529 0.000001
530 0.000067
531 0.000196
532 0.002031
533 0.003348
534 0.000030
535 0.000002
536 0.000002
537 0.000004
538 0.000003
539 0.000002
540 0.000001
541 0.000002
542 0.000003
543 0.000002
544 0.000002
545 0.000001
546 0.000002
547 0.000001
548 0.000001
549 0.000001
550 0.000001
551 0.000001
552 0.000001
553 0.000001
554 0.000001
555 0.000002
556 0.000001
557 0.000002
558 0.000196
559 0.000209
560 0.004693
561 0.008128
562 0.000042
563 0.000003
564 0.000006
565 0.000006
566 0.000002
567 0.000002
568 0.000001
569 0.000002
570 0.000002
571 0.000002
572 0.000002
573 0.000001
574 0.000001
575 0.000001
576 0.000001
577 0.000001
578 0.000001
579 0.000001
580 0.000001
581 0.000001
582 0.000001
583 0.000001
584 0.000002
585 0.000196
586 0.000209
587 0.000273
588 0.009126
589 0.010015
590 0.000354
591 0.000007
592 0.000007
593 0.000002
594 0.000002
595 0.000002
596 0.000002
597 0.000002
598 0.000002
599 0.000003
600 0.000002
601 0.000001
602 0.000001
603 0.000001
604 0.000001
605 0.000001
606 0.000001
607 0.000001
608 0.000001
609 0.000001
610 0.000001
611 0.000002
612 0.000184
613 0.000196
614 0.000257
615 0.000273
616 0.010013
617 0.008707
618 0.004330
619 0.000272
620 0.000009
621 0.000003
622 0.000002
623 0.000002
624 0.000002
625 0.000002
626 0.000002
627 0.000003
628 0.000002
629 0.000002
630 0.000001
631 0.000001
632 0.000001
633 0.000001
634 0.000001
635 0.000001
636 0.000001
637 0.000001
638 0.000002
639 0.000184
640 0.000196
641 0.000257
642 0.000001
643 0.000001
644 0.008782
645 0.005180
646 0.003926
647 0.003850
648 0.002487
649 0.000019
650 0.000004
651 0.000002
652 0.000002
653 0.000004
654 0.000013
655 0.000033
656 0.000121
657 0.000068
658 0.000012
659 0.000001
660 0.000001
661 0.000001
662 0.000001
663 0.000001
664 0.000001
665 0.000002
666 0.000184
667 0.000242
668 0.000257
669 0.000001
670 0.000001
671 0.000001
672 0.000001
673 0.004082
674 0.004003
675 0.006660
676 0.009994
677 0.009997
678 0.000087
679 0.000048
680 0.000112
681 0.000703
682 0.007014
683 0.002371
684 0.000798
685 0.000284
686 0.000036
687 0.000008
688 0.000003
689 0.000014
690 0.000008
691 0.000004
692 0.000011
693 0.000173
694 0.000196
695 0.000257
696 0.000001
697 0.000001
698 0.000001
699 0.000001
700 0.000001
701 0.000001
702 0.006775
703 0.009994
704 0.009997
705 0.010002
706 0.010010
707 0.010017
708 0.010017
709 0.009833
710 0.003766
711 0.001539
712 0.000724
713 0.000716
714 0.000138
715 0.000024
716 0.000008
717 0.000021
718 0.000123
719 0.000131
720 0.000140
721 0.000184
722 0.000242
723 0.000001
724 0.000001
725 0.000001
726 0.000001
727 0.000001
728 0.000001
729 0.000001
730 0.000001
731 0.000001
732 0.010002
733 0.010009
734 0.010016
735 0.010017
736 0.010012
737 0.005754
738 0.002454
739 0.001035
740 0.000904
741 0.000721
742 0.000337
743 0.000070
744 0.000036
745 0.000048
746 0.000132
747 0.000173
748 0.000184
749 0.000242
750 0.000001
751 0.000001
752 0.000001
753 0.000001
754 0.000001
755 0.000001
756 0.000001
757 0.000001
758 0.000001
759 0.000001
760 0.000001
761 0.010013
762 0.010016
763 0.010014
764 0.008741
765 0.003798
766 0.001649
767 0.001167
768 0.000941
769 0.000904
770 0.000807
771 0.000192
772 0.000125
773 0.000133
774 0.000132
775 0.000150
776 0.000196
777 0.000001
778 0.000004
779 0.000003
780 0.000001
781 0.000001
782 0.000001
783 0.000001
