0 0.003854
1 0.002774
2 0.002095
3 0.001971
4 0.001457
5 0.001169
6 0.001028
7 0.000964
8 0.000214
9 0.000122
10 0.000247
11 0.000566
12 0.000431
13 0.000202
14 0.000056
15 0.000022
16 0.000014
17 0.000010
18 0.000059
19 0.000402
20 0.001154
21 0.001400
22 0.002503
23 0.003761
24 0.004653
25 0.004656
26 0.004933
27 0.004930
28 0.005118
29 0.003854
30 0.002441
31 0.001972
32 0.001532
33 0.001217
34 0.000964
35 0.000611
36 0.000076
37 0.000090
38 0.000283
39 0.000433
40 0.000300
41 0.000100
42 0.000032
43 0.000013
44 0.000009
45 0.000010
46 0.000019
47 0.000184
48 0.001137
49 0.002079
50 0.000002
51 0.000001
52 0.004657
53 0.004934
54 0.004654
55 0.003782
56 0.007685
57 0.005118
58 0.003815
59 0.002392
60 0.001800
61 0.001108
62 0.000905
63 0.000257
64 0.000056
65 0.000091
66 0.000564
67 0.000310
68 0.000143
69 0.000032
70 0.000013
71 0.000008
72 0.000008
73 0.000007
74 0.000008
75 0.000062
76 0.000002
77 0.000001
78 0.000001
79 0.000001
80 0.000001
81 0.004655
82 0.003697
83 0.002464
84 0.009093
85 0.007606
86 0.005066
87 0.003427
88 0.001942
89 0.001414
90 0.000941
91 0.000095
92 0.000047
93 0.000131
94 0.000399
95 0.000275
96 0.000063
97 0.000020
98 0.000008
99 0.000006
100 0.000006
101 0.000003
102 0.000001
103 0.000001
104 0.000001
105 0.000001
106 0.000001
107 0.000001
108 0.000001
109 0.003204
110 0.002384
111 0.001925
112 0.009485
113 0.009093
114 0.007528
115 0.005066
116 0.000001
117 0.000001
118 0.000001
119 0.000001
120 0.000002
121 0.000148
122 0.000295
123 0.000187
124 0.000026
125 0.000009
126 0.000005
127 0.000001
128 0.000001
129 0.000001
130 0.000001
131 0.000001
132 0.000001
133 0.000001
134 0.000001
135 0.000001
136 0.000587
137 0.001971
138 0.001595
139 0.001595
140 0.009895
141 0.009485
142 0.009093
143 0.008406
144 0.000004
145 0.000001
146 0.000001
147 0.000001
148 0.000001
149 0.000001
150 0.000001
151 0.000001
152 0.000001
153 0.000001
154 0.000001
155 0.000001
156 0.000001
157 0.000001
158 0.000001
159 0.000001
160 0.000001
161 0.000001
162 0.000001
163 0.000002
164 0.001943
165 0.001283
166 0.001255
167 0.001314
168 0.010002
169 0.009895
170 0.009585
171 0.009189
172 0.006209
173 0.000025
174 0.000001
175 0.000001
176 0.000001
177 0.000001
178 0.000001
179 0.000001
180 0.000001
181 0.000001
182 0.000001
183 0.000001
184 0.000001
185 0.000001
186 0.000001
187 0.000001
188 0.000001
189 0.000001
190 0.000001
191 0.000087
192 0.001047
193 0.000930
194 0.000976
195 0.001436
196 0.009736
197 0.010003
198 0.010001
199 0.009585
200 0.009229
201 0.000651
202 0.000004
203 0.000001
204 0.000001
205 0.000001
206 0.000001
207 0.000001
208 0.000001
209 0.000001
210 0.000001
211 0.000001
212 0.000001
213 0.000001
214 0.000001
215 0.000001
216 0.000001
217 0.000001
218 0.000001
219 0.000136
220 0.000885
221 0.000951
222 0.001103
223 0.001309
224 0.003816
225 0.006459
226 0.011172
227 0.010002
228 0.009687
229 0.002189
230 0.000009
231 0.000002
232 0.000002
233 0.000001
234 0.000001
235 0.000001
236 0.000001
237 0.000001
238 0.000001
239 0.000001
240 0.000001
241 0.000001
242 0.000001
243 0.000001
244 0.000001
245 0.000001
246 0.000002
247 0.000104
248 0.000174
249 0.000235
250 0.000399
251 0.000542
252 0.001458
253 0.002287
254 0.003975
255 0.005416
256 0.001495
257 0.000041
258 0.000005
259 0.000006
260 0.000007
261 0.000003
262 0.000001
263 0.000001
264 0.000001
265 0.000001
266 0.000001
267 0.000001
268 0.000001
269 0.000001
270 0.000001
271 0.000001
272 0.000001
273 0.000001
274 0.000001
275 0.000028
276 0.000047
277 0.000071
278 0.000101
279 0.000150
280 0.000618
281 0.000234
282 0.000239
283 0.000142
284 0.000174
285 0.000009
286 0.000020
287 0.000182
288 0.000083
289 0.000009
290 0.000002
291 0.000001
292 0.000001
293 0.000001
294 0.000001
295 0.000001
296 0.000001
297 0.000001
298 0.000001
299 0.000001
300 0.000001
301 0.000001
302 0.000001
303 0.000031
304 0.000042
305 0.000052
306 0.000069
307 0.000189
308 0.000107
309 0.000045
310 0.000018
311 0.000023
312 0.000015
313 0.000010
314 0.000280
315 0.999959
316 0.000021
317 0.000003
318 0.000002
319 0.000001
320 0.000001
321 0.000001
322 0.000002
323 0.000002
324 0.000001
325 0.000001
326 0.000001
327 0.000001
328 0.000001
329 0.000001
330 0.000001
331 0.000003
332 0.000044
333 0.000113
334 0.000389
335 0.000719
336 0.000031
337 0.000026
338 0.000038
339 0.000057
340 0.000005
341 0.000012
342 0.000700
343 0.000457
344 0.000003
345 0.000001
346 0.000002
347 0.000002
348 0.000004
349 0.000007
350 0.000006
351 0.000002
352 0.000001
353 0.000001
354 0.000001
355 0.000001
356 0.000001
357 0.000001
358 0.000001
359 0.000001
360 0.000379
361 0.000670
362 0.001149
363 0.001608
364 0.000066
365 0.000127
366 0.000188
367 0.000226
368 0.000004
369 0.000004
370 0.000063
371 0.000010
372 0.000002
373 0.000001
374 0.000001
375 0.000008
376 0.000295
377 0.001058
378 0.000006
379 0.000001
380 0.000001
381 0.000001
382 0.000001
383 0.000001
384 0.000001
385 0.000001
386 0.000001
387 0.000001
388 0.000230
389 0.002118
390 0.001673
391 0.000647
392 0.000170
393 0.000218
394 0.000224
395 0.000019
396 0.000002
397 0.000003
398 0.000003
399 0.000003
400 0.000001
401 0.000001
402 0.000002
403 0.000094
404 0.999927
405 0.000115
406 0.000003
407 0.000001
408 0.000001
409 0.000001
410 0.000001
411 0.000001
412 0.000001
413 0.000001
414 0.000001
415 0.000001
416 0.000019
417 0.000803
418 0.000640
419 0.000642
420 0.000291
421 0.000161
422 0.000072
423 0.000002
424 0.000001
425 0.000002
426 0.000002
427 0.000001
428 0.000001
429 0.000002
430 0.000004
431 0.000119
432 0.000032
433 0.000006
434 0.000002
435 0.000002
436 0.000001
437 0.000001
438 0.000001
439 0.000002
440 0.000001
441 0.000001
442 0.000001
443 0.000001
444 0.000001
445 0.000660
446 0.000389
447 0.000260
448 0.000233
449 0.000055
450 0.000016
451 0.000001
452 0.000001
453 0.000002
454 0.000001
455 0.000001
456 0.000002
457 0.000004
458 0.000007
459 0.000004
460 0.000002
461 0.000001
462 0.000002
463 0.000002
464 0.000002
465 0.000003
466 0.000006
467 0.000003
468 0.000001
469 0.000001
470 0.000001
471 0.000001
472 0.000001
473 0.000033
474 0.000123
475 0.000141
476 0.000373
477 0.000072
478 0.000005
479 0.000001
480 0.000002
481 0.000001
482 0.000001
483 0.000001
484 0.000003
485 0.000006
486 0.000003
487 0.000001
488 0.000001
489 0.000001
490 0.000001
491 0.000002
492 0.000012
493 0.000725
494 0.000329
495 0.000007
496 0.000001
497 0.000001
498 0.000001
499 0.000001
500 0.000001
501 0.000002
502 0.000139
503 0.000282
504 0.001124
505 0.000260
506 0.000005
507 0.000001
508 0.000002
509 0.000001
510 0.000001
511 0.000002
512 0.000003
513 0.000003
514 0.000001
515 0.000001
516 0.000001
517 0.000001
518 0.000001
519 0.000002
520 0.000009
521 0.001716
522 0.999953
523 0.000010
524 0.000002
525 0.000001
526 0.000001
527 0.000001
528 0.000001
529 0.000002
530 0.000623
531 0.001477
532 0.000612
533 0.000549
534 0.000009
535 0.000004
536 0.000002
537 0.000001
538 0.000002
539 0.000002
540 0.000002
541 0.000001
542 0.000001
543 0.000001
544 0.000001
545 0.000001
546 0.000001
547 0.000002
548 0.000003
549 0.000006
550 0.000010
551 0.000029
552 0.000004
553 0.000002
554 0.000001
555 0.000001
556 0.000001
557 0.000007
558 0.001477
559 0.001525
560 0.000754
561 0.000718
562 0.000029
563 0.000009
564 0.000002
565 0.000003
566 0.000004
567 0.000002
568 0.000001
569 0.000001
570 0.000001
571 0.000001
572 0.000001
573 0.000001
574 0.000001
575 0.000001
576 0.000001
577 0.000002
578 0.000002
579 0.000003
580 0.000036
581 0.000008
582 0.000002
583 0.000001
584 0.000003
585 0.001478
586 0.001525
587 0.001743
588 0.000930
589 0.000916
590 0.000135
591 0.000036
592 0.000004
593 0.000004
594 0.000004
595 0.000001
596 0.000001
597 0.000001
598 0.000002
599 0.000001
600 0.000001
601 0.000001
602 0.000001
603 0.000001
604 0.000001
605 0.000002
606 0.000001
607 0.000001
608 0.000004
609 0.000046
610 0.000033
611 0.000027
612 0.002774
613 0.001838
614 0.001692
615 0.001743
616 0.001203
617 0.002174
618 0.004271
619 0.001061
620 0.000024
621 0.000006
622 0.000002
623 0.000002
624 0.000002
625 0.000002
626 0.000002
627 0.000001
628 0.000001
629 0.000001
630 0.000001
631 0.000001
632 0.000002
633 0.000001
634 0.000001
635 0.000001
636 0.000001
637 0.000005
638 0.000296
639 0.007004
640 0.004436
641 0.003228
642 0.000001
643 0.000001
644 0.002283
645 0.004263
646 0.009329
647 0.010035
648 0.004275
649 0.000034
650 0.000002
651 0.000002
652 0.000002
653 0.000002
654 0.000003
655 0.000007
656 0.000028
657 0.000192
658 0.000820
659 0.000097
660 0.000014
661 0.000003
662 0.000002
663 0.000001
664 0.000002
665 0.000101
666 0.010015
667 0.010015
668 0.007966
669 0.000001
670 0.000001
671 0.000001
672 0.000001
673 0.009251
674 0.010030
675 0.010034
676 0.010024
677 0.004428
678 0.000028
679 0.000007
680 0.000014
681 0.000046
682 0.000373
683 0.000355
684 0.000265
685 0.000370
686 0.001579
687 0.007207
688 0.004486
689 0.004533
690 0.000521
691 0.000352
692 0.001179
693 0.010022
694 0.010015
695 0.010013
696 0.000001
697 0.000001
698 0.000001
699 0.000001
700 0.000001
701 0.000001
702 0.010032
703 0.010026
704 0.005231
705 0.002259
706 0.000965
707 0.000721
708 0.000650
709 0.000521
710 0.000416
711 0.000374
712 0.000356
713 0.000887
714 0.003654
715 0.010026
716 0.006701
717 0.004582
718 0.004697
719 0.005374
720 0.010026
721 0.010028
722 0.010019
723 0.000001
724 0.000001
725 0.000001
726 0.000001
727 0.000001
728 0.000001
729 0.000001
730 0.000001
731 0.000001
732 0.002730
733 0.001195
734 0.000802
735 0.000754
736 0.000718
737 0.000578
738 0.000521
739 0.000496
740 0.000511
741 0.001467
742 0.006453
743 0.010027
744 0.010011
745 0.005254
746 0.004751
747 0.004815
748 0.006957
749 0.010026
750 0.000002
751 0.000001
752 0.000001
753 0.000002
754 0.000001
755 0.000001
756 0.000001
757 0.000001
758 0.000001
759 0.000001
760 0.000001
761 0.001033
762 0.000974
763 0.000793
764 0.000754
765 0.000718
766 0.000683
767 0.000651
768 0.000829
769 0.002946
770 0.010305
771 0.010025
772 0.010004
773 0.008782
774 0.004750
775 0.004871
776 0.004935
777 0.000001
778 0.000184
779 0.000097
780 0.000001
781 0.000001
782 0.000002
783 0.000001
