0 0.003808
1 0.003680
2 0.004263
3 0.006080
4 0.008119
5 0.010000
6 0.010857
7 0.012999
8 0.002508
9 0.000359
10 0.000182
11 0.000130
12 0.000103
13 0.000092
14 0.000088
15 0.000175
16 0.000333
17 0.000582
18 0.001791
19 0.005147
20 0.004864
21 0.002550
22 0.001842
23 0.001745
24 0.001588
25 0.001659
26 0.001971
27 0.002053
28 0.003374
29 0.003556
30 0.003133
31 0.004028
32 0.005886
33 0.008916
34 0.010000
35 0.007849
36 0.001571
37 0.000313
38 0.000190
39 0.000132
40 0.000100
41 0.000080
42 0.000115
43 0.000245
44 0.000441
45 0.000630
46 0.000906
47 0.001969
48 0.002424
49 0.001631
50 0.000029
51 0.000000
52 0.001520
53 0.001817
54 0.001659
55 0.001971
56 0.003556
57 0.003133
58 0.003020
59 0.002912
60 0.003703
61 0.005607
62 0.008857
63 0.003427
64 0.000832
65 0.000302
66 0.000283
67 0.000160
68 0.000089
69 0.000078
70 0.000147
71 0.000307
72 0.000624
73 0.000579
74 0.000423
75 0.000535
76 0.000046
77 0.000131
78 0.000000
79 0.000000
80 0.000000
81 0.001520
82 0.001817
83 0.001659
84 0.003437
85 0.003020
86 0.002642
87 0.002443
88 0.002349
89 0.003501
90 0.005343
91 0.001488
92 0.000355
93 0.000327
94 0.000262
95 0.000207
96 0.000115
97 0.000163
98 0.000249
99 0.000579
100 0.000629
101 0.000237
102 0.000004
103 0.000003
104 0.000046
105 0.000001
106 0.000000
107 0.000000
108 0.000000
109 0.001455
110 0.001520
111 0.001817
112 0.003020
113 0.002911
114 0.002443
115 0.002349
116 0.000000
117 0.000000
118 0.000001
119 0.000000
120 0.000002
121 0.000100
122 0.000329
123 0.000245
124 0.000280
125 0.000343
126 0.000647
127 0.000072
128 0.000017
129 0.000004
130 0.000001
131 0.000003
132 0.000000
133 0.000000
134 0.000000
135 0.000000
136 0.000990
137 0.001208
138 0.001455
139 0.001786
140 0.002911
141 0.002540
142 0.002349
143 0.002260
144 0.000000
145 0.000000
146 0.000000
147 0.000000
148 0.000000
149 0.000000
150 0.000000
151 0.000001
152 0.000011
153 0.000012
154 0.000053
155 0.000019
156 0.000004
157 0.000003
158 0.000004
159 0.000000
160 0.000000
161 0.000000
162 0.000000
163 0.000001
164 0.001224
165 0.001154
166 0.001480
167 0.001664
168 0.002540
169 0.002349
170 0.002260
171 0.002091
172 0.000000
173 0.000000
174 0.000000
175 0.000000
176 0.000001
177 0.000001
178 0.000000
179 0.000000
180 0.000000
181 0.000000
182 0.000000
183 0.000000
184 0.000004
185 0.000001
186 0.000000
187 0.000000
188 0.000000
189 0.000000
190 0.000000
191 0.000100
192 0.001005
193 0.001185
194 0.001422
195 0.002615
196 0.002349
197 0.002260
198 0.001948
199 0.001795
200 0.000298
201 0.000000
202 0.000000
203 0.000000
204 0.000000
205 0.000001
206 0.000006
207 0.000011
208 0.000004
209 0.000004
210 0.000005
211 0.000002
212 0.000000
213 0.000000
214 0.000000
215 0.000000
216 0.000000
217 0.000000
218 0.000000
219 0.000252
220 0.001208
221 0.001485
222 0.002777
223 0.006676
224 0.002260
225 0.001948
226 0.001795
227 0.001723
228 0.001407
229 0.000000
230 0.000000
231 0.000000
232 0.000000
233 0.000000
234 0.000001
235 0.000082
236 0.999997
237 0.800963
238 0.003072
239 0.000010
240 0.000000
241 0.000000
242 0.000000
243 0.000000
244 0.000000
245 0.000000
246 0.000001
247 0.000090
248 0.000209
249 0.000803
250 0.002086
251 0.002976
252 0.002174
253 0.001795
254 0.001723
255 0.001146
256 0.000337
257 0.000001
258 0.000000
259 0.000000
260 0.000000
261 0.000000
262 0.000000
263 0.000033
264 0.003884
265 0.004119
266 0.000351
267 0.000008
268 0.000000
269 0.000000
270 0.000000
271 0.000000
272 0.000000
273 0.000000
274 0.000002
275 0.000040
276 0.000150
277 0.000311
278 0.000460
279 0.000533
280 0.001795
281 0.000797
282 0.000474
283 0.000274
284 0.000251
285 0.000002
286 0.000000
287 0.000000
288 0.000000
289 0.000000
290 0.000000
291 0.000002
292 0.000011
293 0.000011
294 0.000002
295 0.000000
296 0.000001
297 0.000000
298 0.000000
299 0.000000
300 0.000000
301 0.000000
302 0.000004
303 0.000385
304 0.000309
305 0.000273
306 0.000216
307 0.000152
308 0.000502
309 0.000411
310 0.000308
311 0.000249
312 0.000069
313 0.000003
314 0.000000
315 0.000000
316 0.000000
317 0.000000
318 0.000000
319 0.000000
320 0.000000
321 0.000000
322 0.000000
323 0.000003
324 0.000002
325 0.000001
326 0.000000
327 0.000000
328 0.000000
329 0.000001
330 0.000027
331 0.000377
332 0.001201
333 0.000463
334 0.000333
335 0.000423
336 0.000411
337 0.000405
338 0.000575
339 0.000905
340 0.000034
341 0.000001
342 0.000000
343 0.000000
344 0.000000
345 0.000000
346 0.000000
347 0.000000
348 0.000000
349 0.000000
350 0.000000
351 0.000008
352 0.000010
353 0.000000
354 0.000000
355 0.000000
356 0.000001
357 0.000010
358 0.000014
359 0.000140
360 0.002471
361 0.001951
362 0.001956
363 0.001526
364 0.000771
365 0.001287
366 0.001177
367 0.000944
368 0.000005
369 0.000000
370 0.000000
371 0.000000
372 0.000000
373 0.000000
374 0.000000
375 0.000000
376 0.000000
377 0.000000
378 0.000000
379 0.000002
380 0.000003
381 0.000001
382 0.000001
383 0.000015
384 0.000031
385 0.000011
386 0.000002
387 0.000034
388 0.002246
389 0.006552
390 0.005935
391 0.003540
392 0.002104
393 0.001423
394 0.000934
395 0.000126
396 0.000001
397 0.000000
398 0.000000
399 0.000000
400 0.000000
401 0.000000
402 0.000000
403 0.000000
404 0.000000
405 0.000000
406 0.000000
407 0.000000
408 0.000000
409 0.000008
410 0.000019
411 0.000149
412 0.000761
413 0.000028
414 0.000003
415 0.000010
416 0.000451
417 0.005172
418 0.003149
419 0.001858
420 0.004777
421 0.002666
422 0.001728
423 0.000026
424 0.000000
425 0.000000
426 0.000000
427 0.000000
428 0.000000
429 0.000000
430 0.000000
431 0.000000
432 0.000000
433 0.000000
434 0.000000
435 0.000000
436 0.000000
437 0.000001
438 0.000141
439 0.002570
440 0.005812
441 0.000228
442 0.000012
443 0.000002
444 0.000026
445 0.001505
446 0.000936
447 0.000636
448 0.007043
449 0.006541
450 0.003691
451 0.000009
452 0.000000
453 0.000000
454 0.000000
455 0.000000
456 0.000000
457 0.000000
458 0.000000
459 0.000000
460 0.000000
461 0.000000
462 0.000000
463 0.000000
464 0.000000
465 0.000000
466 0.000007
467 0.004918
468 0.999986
469 0.000527
470 0.000011
471 0.000001
472 0.000002
473 0.000147
474 0.000402
475 0.000625
476 0.007530
477 0.006301
478 0.001030
479 0.000002
480 0.000000
481 0.000000
482 0.000000
483 0.000000
484 0.000000
485 0.000000
486 0.000000
487 0.000000
488 0.000000
489 0.000000
490 0.000000
491 0.000000
492 0.000000
493 0.000000
494 0.000001
495 0.000086
496 0.002975
497 0.000871
498 0.000012
499 0.000001
500 0.000000
501 0.000037
502 0.001147
503 0.002155
504 0.007876
505 0.003688
506 0.000100
507 0.000000
508 0.000000
509 0.000000
510 0.000000
511 0.000000
512 0.000000
513 0.000000
514 0.000000
515 0.000000
516 0.000000
517 0.000000
518 0.000000
519 0.000000
520 0.000000
521 0.000000
522 0.000000
523 0.000000
524 0.000007
525 0.000202
526 0.000174
527 0.000009
528 0.000002
529 0.000064
530 0.004529
531 0.010002
532 0.003625
533 0.002242
534 0.000021
535 0.000000
536 0.000000
537 0.000001
538 0.000000
539 0.000000
540 0.000001
541 0.000008
542 0.000061
543 0.000006
544 0.000000
545 0.000000
546 0.000000
547 0.000000
548 0.000000
549 0.000000
550 0.000000
551 0.000000
552 0.000000
553 0.000038
554 0.002277
555 0.000493
556 0.000045
557 0.000389
558 0.010002
559 0.010002
560 0.002264
561 0.001503
562 0.000018
563 0.000000
564 0.000000
565 0.000000
566 0.000000
567 0.000002
568 0.000063
569 0.003541
570 0.999996
571 0.000033
572 0.000000
573 0.000000
574 0.000000
575 0.000000
576 0.000000
577 0.000000
578 0.000000
579 0.000000
580 0.000000
581 0.000009
582 0.000716
583 0.001627
584 0.000466
585 0.010003
586 0.010003
587 0.010002
588 0.001807
589 0.001557
590 0.000131
591 0.000002
592 0.000001
593 0.000000
594 0.000003
595 0.000162
596 0.006827
597 0.006611
598 0.000191
599 0.000003
600 0.000000
601 0.000000
602 0.000000
603 0.000000
604 0.000000
605 0.000000
606 0.000000
607 0.000000
608 0.000000
609 0.000001
610 0.000008
611 0.001012
612 0.004238
613 0.007285
614 0.010003
615 0.010003
616 0.001931
617 0.001806
618 0.001557
619 0.000203
620 0.000005
621 0.000010
622 0.000489
623 0.008650
624 0.001435
625 0.000031
626 0.000002
627 0.000001
628 0.000000
629 0.000000
630 0.000000
631 0.000000
632 0.000000
633 0.000000
634 0.000000
635 0.000000
636 0.000001
637 0.000002
638 0.000037
639 0.001376
640 0.002464
641 0.004415
642 0.000000
643 0.000000
644 0.001997
645 0.001931
646 0.001868
647 0.001623
648 0.001156
649 0.001121
650 0.000983
651 0.000143
652 0.000017
653 0.000005
654 0.000005
655 0.000015
656 0.000035
657 0.000053
658 0.000017
659 0.000007
660 0.000008
661 0.000019
662 0.000006
663 0.000003
664 0.000003
665 0.000050
666 0.000861
667 0.001086
668 0.001486
669 0.000000
670 0.000000
671 0.000000
672 0.000000
673 0.001997
674 0.001937
675 0.002014
676 0.008968
677 0.014810
678 0.001064
679 0.000134
680 0.000159
681 0.000321
682 0.001073
683 0.000909
684 0.000504
685 0.000136
686 0.000037
687 0.000029
688 0.000097
689 0.000502
690 0.000212
691 0.000101
692 0.000182
693 0.000828
694 0.000896
695 0.001063
696 0.000000
697 0.000000
698 0.000000
699 0.000000
700 0.000000
701 0.000000
702 0.002192
703 0.007624
704 0.014313
705 0.024409
706 0.010002
707 0.007632
708 0.003844
709 0.001735
710 0.001020
711 0.000945
712 0.000909
713 0.000287
714 0.000093
715 0.000071
716 0.000232
717 0.000531
718 0.000665
719 0.000693
720 0.000723
721 0.000861
722 0.001023
723 0.000000
724 0.000000
725 0.000000
726 0.000000
727 0.000000
728 0.000000
729 0.000000
730 0.000000
731 0.000000
732 0.021610
733 0.010002
734 0.010000
735 0.005212
736 0.002423
737 0.001289
738 0.001197
739 0.001154
740 0.001113
741 0.000637
742 0.000172
743 0.000198
744 0.000460
745 0.000638
746 0.000693
747 0.000828
748 0.000861
749 0.001023
750 0.000000
751 0.000000
752 0.000000
753 0.000000
754 0.000000
755 0.000000
756 0.000000
757 0.000000
758 0.000000
759 0.000000
760 0.000000
761 0.010001
762 0.006843
763 0.003241
764 0.001747
765 0.001503
766 0.001451
767 0.001401
768 0.001154
769 0.001113
770 0.000423
771 0.000449
772 0.000611
773 0.000764
774 0.000693
775 0.000754
776 0.000896
777 0.000001
778 0.000371
779 0.000322
780 0.000020
781 0.000000
782 0.000000
783 0.000000
