0 0.001698
1 0.001596
2 0.001276
3 0.001411
4 0.001117
5 0.000879
6 0.000763
7 0.000712
8 0.000148
9 0.000026
10 0.000019
11 0.000015
12 0.000015
13 0.000013
14 0.000012
15 0.000012
16 0.000020
17 0.000042
18 0.000546
19 0.004308
20 0.005589
21 0.003085
22 0.002850
23 0.002539
24 0.001875
25 0.001579
26 0.001651
27 0.001727
28 0.001364
29 0.001500
30 0.001194
31 0.001117
32 0.001046
33 0.000918
34 0.000712
35 0.000445
36 0.000051
37 0.000012
38 0.000010
39 0.000011
40 0.000010
41 0.000011
42 0.000010
43 0.000017
44 0.000026
45 0.000078
46 0.000191
47 0.000969
48 0.003174
49 0.002579
50 0.000000
51 0.000000
52 0.001466
53 0.001510
54 0.001367
55 0.001651
56 0.001500
57 0.001194
58 0.001117
59 0.001046
60 0.000918
61 0.000712
62 0.000664
63 0.000180
64 0.000024
65 0.000007
66 0.000009
67 0.000007
68 0.000005
69 0.000006
70 0.000012
71 0.000023
72 0.000075
73 0.000076
74 0.000052
75 0.000196
76 0.000000
77 0.000000
78 0.000000
79 0.000000
80 0.000000
81 0.001243
82 0.001510
83 0.001367
84 0.001411
85 0.001117
86 0.000879
87 0.000763
88 0.000712
89 0.000664
90 0.000579
91 0.000063
92 0.000008
93 0.000005
94 0.000005
95 0.000005
96 0.000004
97 0.000006
98 0.000020
99 0.000051
100 0.000094
101 0.000008
102 0.000000
103 0.000000
104 0.000000
105 0.000000
106 0.000000
107 0.000000
108 0.000000
109 0.001185
110 0.001243
111 0.001510
112 0.001117
113 0.001046
114 0.000763
115 0.000712
116 0.000000
117 0.000000
118 0.000000
119 0.000000
120 0.000000
121 0.000001
122 0.000004
123 0.000004
124 0.000004
125 0.000016
126 0.000044
127 0.000001
128 0.000000
129 0.000000
130 0.000000
131 0.000000
132 0.000000
133 0.000000
134 0.000000
135 0.000000
136 0.000001
137 0.000968
138 0.001185
139 0.001579
140 0.001046
141 0.000819
142 0.000712
143 0.000664
144 0.000000
145 0.000000
146 0.000000
147 0.000000
148 0.000000
149 0.000000
150 0.000000
151 0.000000
152 0.000000
153 0.000000
154 0.000000
155 0.000000
156 0.000000
157 0.000000
158 0.000000
159 0.000000
160 0.000000
161 0.000000
162 0.000000
163 0.000000
164 0.000982
165 0.000921
166 0.001235
167 0.001295
168 0.000996
169 0.000712
170 0.000664
171 0.000579
172 0.000000
173 0.000000
174 0.000000
175 0.000000
176 0.000000
177 0.000000
178 0.000000
179 0.000000
180 0.000000
181 0.000000
182 0.000000
183 0.000000
184 0.000000
185 0.000000
186 0.000000
187 0.000000
188 0.000000
189 0.000000
190 0.000000
191 0.000000
192 0.000838
193 0.000910
194 0.000956
195 0.001433
196 0.001372
197 0.000933
198 0.000510
199 0.000441
200 0.000121
201 0.000000
202 0.000000
203 0.000000
204 0.000000
205 0.000000
206 0.000000
207 0.000000
208 0.000000
209 0.000000
210 0.000000
211 0.000000
212 0.000000
213 0.000000
214 0.000000
215 0.000000
216 0.000000
217 0.000000
218 0.000000
219 0.000001
220 0.000856
221 0.000900
222 0.001095
223 0.001241
224 0.002394
225 0.001320
226 0.000832
227 0.000467
228 0.000287
229 0.000000
230 0.000000
231 0.000000
232 0.000000
233 0.000000
234 0.000000
235 0.000000
236 0.000000
237 0.000000
238 0.000000
239 0.000000
240 0.000000
241 0.000000
242 0.000000
243 0.000000
244 0.000000
245 0.000000
246 0.000000
247 0.000007
248 0.000018
249 0.000038
250 0.000091
251 0.000184
252 0.003650
253 0.002437
254 0.001579
255 0.000344
256 0.000014
257 0.000000
258 0.000000
259 0.000000
260 0.000000
261 0.000000
262 0.000000
263 0.000000
264 0.000000
265 0.000000
266 0.000000
267 0.000000
268 0.000000
269 0.000000
270 0.000000
271 0.000000
272 0.000000
273 0.000000
274 0.000000
275 0.000001
276 0.000002
277 0.000003
278 0.000006
279 0.000013
280 0.005727
281 0.000745
282 0.000157
283 0.000013
284 0.000002
285 0.000000
286 0.000000
287 0.000000
288 0.000000
289 0.000000
290 0.000000
291 0.000000
292 0.000000
293 0.000000
294 0.000000
295 0.000000
296 0.000000
297 0.000000
298 0.000000
299 0.000000
300 0.000000
301 0.000000
302 0.000000
303 0.000001
304 0.000001
305 0.000002
306 0.000003
307 0.000006
308 0.000419
309 0.000089
310 0.000017
311 0.000003
312 0.000000
313 0.000000
314 0.000000
315 0.000000
316 0.000000
317 0.000000
318 0.000000
319 0.000000
320 0.000000
321 0.000000
322 0.000000
323 0.000000
324 0.000000
325 0.000000
326 0.000000
327 0.000000
328 0.000000
329 0.000000
330 0.000000
331 0.000000
332 0.000002
333 0.000003
334 0.000005
335 0.000014
336 0.000058
337 0.000023
338 0.000011
339 0.000005
340 0.000000
341 0.000000
342 0.000000
343 0.000000
344 0.000000
345 0.000000
346 0.000000
347 0.000000
348 0.000000
349 0.000000
350 0.000000
351 0.000000
352 0.000000
353 0.000000
354 0.000000
355 0.000000
356 0.000000
357 0.000000
358 0.000000
359 0.000000
360 0.000003
361 0.000006
362 0.000015
363 0.000025
364 0.000023
365 0.000028
366 0.000016
367 0.000011
368 0.000000
369 0.000000
370 0.000000
371 0.000000
372 0.000000
373 0.000000
374 0.000001
375 0.000000
376 0.000000
377 0.000000
378 0.000000
379 0.000000
380 0.000000
381 0.000000
382 0.000000
383 0.000000
384 0.000000
385 0.000000
386 0.000000
387 0.000000
388 0.000001
389 0.000019
390 0.000024
391 0.000029
392 0.000005
393 0.000005
394 0.000005
395 0.000001
396 0.000000
397 0.000000
398 0.000000
399 0.000001
400 0.000002
401 0.000001
402 0.000000
403 0.000000
404 0.000000
405 0.000000
406 0.000000
407 0.000000
408 0.000000
409 0.000000
410 0.000000
411 0.000000
412 0.000000
413 0.000000
414 0.000000
415 0.000000
416 0.000000
417 0.000020
418 0.000027
419 0.000022
420 0.000001
421 0.000001
422 0.000001
423 0.000000
424 0.000000
425 0.000000
426 0.000000
427 0.000050
428 0.007217
429 0.000009
430 0.000000
431 0.000000
432 0.000000
433 0.000000
434 0.000000
435 0.000000
436 0.000000
437 0.000000
438 0.000000
439 0.000000
440 0.000000
441 0.000000
442 0.000000
443 0.000000
444 0.000000
445 0.000017
446 0.000012
447 0.000009
448 0.000001
449 0.000001
450 0.000000
451 0.000000
452 0.000000
453 0.000000
454 0.000002
455 0.007034
456 0.999990
457 0.000001
458 0.000000
459 0.000000
460 0.000000
461 0.000000
462 0.000000
463 0.000000
464 0.000000
465 0.000000
466 0.000000
467 0.000000
468 0.000000
469 0.000000
470 0.000000
471 0.000000
472 0.000000
473 0.000001
474 0.000004
475 0.000007
476 0.000009
477 0.000003
478 0.000000
479 0.000000
480 0.000000
481 0.000000
482 0.000070
483 0.006148
484 0.000009
485 0.000000
486 0.000000
487 0.000000
488 0.000000
489 0.000000
490 0.000000
491 0.000000
492 0.000000
493 0.000000
494 0.000000
495 0.000000
496 0.000000
497 0.000000
498 0.000000
499 0.000000
500 0.000000
501 0.000000
502 0.000011
503 0.000022
504 0.000099
505 0.000040
506 0.000004
507 0.000000
508 0.000000
509 0.000004
510 0.000065
511 0.000001
512 0.000000
513 0.000000
514 0.000000
515 0.000000
516 0.000000
517 0.000000
518 0.000001
519 0.000002
520 0.000001
521 0.000000
522 0.000000
523 0.000000
524 0.000000
525 0.000000
526 0.000000
527 0.000000
528 0.000000
529 0.000000
530 0.000051
531 0.000123
532 0.000117
533 0.000888
534 0.000026
535 0.000001
536 0.000008
537 0.000174
538 0.000004
539 0.000000
540 0.000000
541 0.000000
542 0.000000
543 0.000000
544 0.000000
545 0.000000
546 0.000004
547 0.999997
548 0.000002
549 0.000000
550 0.000000
551 0.000000
552 0.000000
553 0.000000
554 0.000000
555 0.000000
556 0.000000
557 0.000000
558 0.000123
559 0.000132
560 0.001852
561 0.005601
562 0.000145
563 0.000003
564 0.000160
565 0.000563
566 0.000000
567 0.000000
568 0.000000
569 0.000000
570 0.000000
571 0.000000
572 0.000000
573 0.000000
574 0.000001
575 0.000001
576 0.000001
577 0.000000
578 0.000000
579 0.000000
580 0.000000
581 0.000000
582 0.000000
583 0.000000
584 0.000000
585 0.000123
586 0.000132
587 0.000174
588 0.007987
589 0.023234
590 0.000690
591 0.000194
592 0.000131
593 0.000004
594 0.000000
595 0.000000
596 0.000000
597 0.000000
598 0.000000
599 0.000000
600 0.000000
601 0.000000
602 0.000000
603 0.000000
604 0.000000
605 0.000000
606 0.000000
607 0.000000
608 0.000000
609 0.000000
610 0.000000
611 0.000000
612 0.000116
613 0.000123
614 0.000163
615 0.000174
616 0.028793
617 0.010011
618 0.010006
619 0.002370
620 0.000073
621 0.000000
622 0.000000
623 0.000000
624 0.000000
625 0.000000
626 0.000000
627 0.000000
628 0.000000
629 0.000000
630 0.000000
631 0.000000
632 0.000000
633 0.000000
634 0.000000
635 0.000002
636 0.000001
637 0.000000
638 0.000001
639 0.000116
640 0.000123
641 0.000163
642 0.000000
643 0.000000
644 0.010010
645 0.010006
646 0.003936
647 0.000879
648 0.000113
649 0.000001
650 0.000000
651 0.000000
652 0.000000
653 0.000000
654 0.000000
655 0.000003
656 0.000009
657 0.000063
658 0.000002
659 0.000000
660 0.000000
661 0.000000
662 0.000000
663 0.000000
664 0.000000
665 0.000003
666 0.000116
667 0.000153
668 0.000163
669 0.000000
670 0.000000
671 0.000000
672 0.000000
673 0.004091
674 0.001273
675 0.000314
676 0.000174
677 0.000125
678 0.000001
679 0.000001
680 0.000002
681 0.000005
682 0.000097
683 0.000805
684 0.001081
685 0.000137
686 0.000001
687 0.000000
688 0.000000
689 0.000009
690 0.000331
691 0.000292
692 0.000189
693 0.000736
694 0.000302
695 0.000163
696 0.000000
697 0.000000
698 0.000000
699 0.000000
700 0.000000
701 0.000000
702 0.000462
703 0.000202
704 0.000188
705 0.000174
706 0.000125
707 0.000115
708 0.000099
709 0.000070
710 0.000358
711 0.002326
712 0.006858
713 0.000110
714 0.000002
715 0.000000
716 0.000000
717 0.000011
718 0.001561
719 0.007233
720 0.007273
721 0.002247
722 0.000798
723 0.000000
724 0.000000
725 0.000000
726 0.000000
727 0.000000
728 0.000000
729 0.000000
730 0.000000
731 0.000000
732 0.000202
733 0.000188
734 0.000135
735 0.000125
736 0.000115
737 0.000241
738 0.001304
739 0.010006
740 0.010007
741 0.000147
742 0.000002
743 0.000000
744 0.000001
745 0.000018
746 0.000544
747 0.002928
748 0.010004
749 0.007351
750 0.000000
751 0.000000
752 0.000000
753 0.000000
754 0.000000
755 0.000000
756 0.000000
757 0.000000
758 0.000000
759 0.000000
760 0.000000
761 0.000202
762 0.000188
763 0.000135
764 0.000162
765 0.000800
766 0.005069
767 0.010005
768 0.003469
769 0.000169
770 0.000002
771 0.000001
772 0.000002
773 0.000042
774 0.000257
775 0.000994
776 0.004060
777 0.000000
778 0.000087
779 0.000015
780 0.000000
781 0.000000
782 0.000000
783 0.000000
