0 0.002645
1 0.002522
2 0.002126
3 0.002296
4 0.002276
5 0.002427
6 0.002933
7 0.002933
8 0.000611
9 0.000111
10 0.000094
11 0.000160
12 0.000114
13 0.000044
14 0.000027
15 0.000029
16 0.000056
17 0.000167
18 0.001814
19 0.006241
20 0.004980
21 0.002145
22 0.001983
23 0.001770
24 0.001388
25 0.001278
26 0.001479
27 0.001551
28 0.002238
29 0.002406
30 0.002021
31 0.001921
32 0.001913
33 0.002172
34 0.002448
35 0.001957
36 0.000255
37 0.000058
38 0.000058
39 0.000109
40 0.000113
41 0.000083
42 0.000029
43 0.000040
44 0.000095
45 0.000359
46 0.000613
47 0.001391
48 0.002295
49 0.001744
50 0.000000
51 0.000000
52 0.001172
53 0.001345
54 0.001209
55 0.001479
56 0.002406
57 0.002021
58 0.001921
59 0.001826
60 0.001651
61 0.001525
62 0.001873
63 0.000697
64 0.000123
65 0.000039
66 0.000054
67 0.000053
68 0.000110
69 0.000115
70 0.000070
71 0.000074
72 0.000279
73 0.000357
74 0.000162
75 0.000291
76 0.000000
77 0.000000
78 0.000000
79 0.000000
80 0.000000
81 0.001092
82 0.001345
83 0.001209
84 0.002296
85 0.001921
86 0.001597
87 0.001433
88 0.001358
89 0.001287
90 0.001330
91 0.000204
92 0.000040
93 0.000034
94 0.000036
95 0.000041
96 0.000118
97 0.000382
98 0.000408
99 0.000245
100 0.000404
101 0.000032
102 0.000000
103 0.000000
104 0.000000
105 0.000000
106 0.000000
107 0.000000
108 0.000000
109 0.001038
110 0.001092
111 0.001345
112 0.001921
113 0.001826
114 0.001433
115 0.001358
116 0.000000
117 0.000000
118 0.000000
119 0.000000
120 0.000000
121 0.000001
122 0.000034
123 0.000049
124 0.000229
125 0.001113
126 0.002093
127 0.000012
128 0.000000
129 0.000000
130 0.000000
131 0.000000
132 0.000000
133 0.000000
134 0.000000
135 0.000000
136 0.000075
137 0.000836
138 0.001038
139 0.001283
140 0.001826
141 0.001512
142 0.001358
143 0.001287
144 0.000000
145 0.000000
146 0.000000
147 0.000000
148 0.000000
149 0.000000
150 0.000000
151 0.000000
152 0.000000
153 0.000000
154 0.000000
155 0.000000
156 0.000000
157 0.000000
158 0.000000
159 0.000000
160 0.000000
161 0.000000
162 0.000000
163 0.000000
164 0.000849
165 0.000793
166 0.000987
167 0.001038
168 0.001512
169 0.001358
170 0.001287
171 0.001156
172 0.000000
173 0.000000
174 0.000000
175 0.000000
176 0.000000
177 0.000000
178 0.000000
179 0.000000
180 0.000000
181 0.000000
182 0.000000
183 0.000000
184 0.000000
185 0.000000
186 0.000000
187 0.000000
188 0.000000
189 0.000000
190 0.000000
191 0.000000
192 0.000676
193 0.000712
194 0.000751
195 0.001140
196 0.001373
197 0.001287
198 0.001048
199 0.000936
200 0.000000
201 0.000000
202 0.000000
203 0.000000
204 0.000000
205 0.000000
206 0.000000
207 0.000000
208 0.000000
209 0.000000
210 0.000000
211 0.000000
212 0.000000
213 0.000000
214 0.000000
215 0.000000
216 0.000000
217 0.000000
218 0.000000
219 0.000019
220 0.000676
221 0.000720
222 0.000856
223 0.001074
224 0.001369
225 0.001115
226 0.000941
227 0.000884
228 0.000669
229 0.000000
230 0.000000
231 0.000000
232 0.000000
233 0.000000
234 0.000000
235 0.000000
236 0.000000
237 0.000000
238 0.000000
239 0.000000
240 0.000000
241 0.000000
242 0.000000
243 0.000000
244 0.000000
245 0.000000
246 0.000000
247 0.000000
248 0.000001
249 0.000004
250 0.000013
251 0.000038
252 0.001297
253 0.000995
254 0.000940
255 0.000341
256 0.000019
257 0.000000
258 0.000000
259 0.000000
260 0.000000
261 0.000000
262 0.000000
263 0.000000
264 0.000000
265 0.000000
266 0.000000
267 0.000000
268 0.000000
269 0.000000
270 0.000000
271 0.000000
272 0.000000
273 0.000000
274 0.000000
275 0.000000
276 0.000000
277 0.000000
278 0.000000
279 0.000001
280 0.000936
281 0.000139
282 0.000037
283 0.000004
284 0.000001
285 0.000000
286 0.000000
287 0.000000
288 0.000000
289 0.000000
290 0.000000
291 0.000000
292 0.000000
293 0.000000
294 0.000000
295 0.000000
296 0.000000
297 0.000000
298 0.000000
299 0.000000
300 0.000000
301 0.000000
302 0.000000
303 0.000000
304 0.000000
305 0.000000
306 0.000000
307 0.000001
308 0.000041
309 0.000007
310 0.000002
311 0.000000
312 0.000000
313 0.000000
314 0.000000
315 0.000000
316 0.000000
317 0.000000
318 0.000000
319 0.000000
320 0.000000
321 0.000000
322 0.000000
323 0.000000
324 0.000000
325 0.000000
326 0.000000
327 0.000000
328 0.000000
329 0.000000
330 0.000000
331 0.000000
332 0.000000
333 0.000000
334 0.000001
335 0.000001
336 0.000009
337 0.000002
338 0.000001
339 0.000000
340 0.000000
341 0.000000
342 0.000000
343 0.000000
344 0.000000
345 0.000000
346 0.000000
347 0.000000
348 0.000000
349 0.000000
350 0.000000
351 0.000000
352 0.000000
353 0.000000
354 0.000000
355 0.000000
356 0.000000
357 0.000000
358 0.000000
359 0.000000
360 0.000000
361 0.000001
362 0.000002
363 0.000003
364 0.000014
365 0.000007
366 0.000002
367 0.000001
368 0.000000
369 0.000000
370 0.000000
371 0.000000
372 0.000000
373 0.000000
374 0.000000
375 0.000000
376 0.000000
377 0.000000
378 0.000000
379 0.000000
380 0.000000
381 0.000000
382 0.000000
383 0.000000
384 0.000000
385 0.000000
386 0.000000
387 0.000000
388 0.000000
389 0.000003
390 0.000003
391 0.000003
392 0.000031
393 0.000019
394 0.000008
395 0.000000
396 0.000000
397 0.000000
398 0.000000
399 0.000000
400 0.000000
401 0.000000
402 0.000000
403 0.000000
404 0.000000
405 0.000000
406 0.000000
407 0.000000
408 0.000000
409 0.000000
410 0.000000
411 0.000000
412 0.000000
413 0.000000
414 0.000000
415 0.000000
416 0.000000
417 0.000002
418 0.000002
419 0.000001
420 0.000026
421 0.000036
422 0.000026
423 0.000000
424 0.000000
425 0.000000
426 0.000000
427 0.000000
428 0.000001
429 0.000000
430 0.000000
431 0.000000
432 0.000000
433 0.000000
434 0.000000
435 0.000000
436 0.000000
437 0.000000
438 0.000000
439 0.000000
440 0.000003
441 0.000001
442 0.000000
443 0.000000
444 0.000000
445 0.000001
446 0.000001
447 0.000000
448 0.000013
449 0.000010
450 0.000011
451 0.000000
452 0.000000
453 0.000000
454 0.000068
455 0.000464
456 0.000001
457 0.000000
458 0.000000
459 0.000000
460 0.000000
461 0.000000
462 0.000000
463 0.000000
464 0.000000
465 0.000000
466 0.000000
467 0.000001
468 0.999996
469 0.000067
470 0.000000
471 0.000000
472 0.000000
473 0.000000
474 0.000000
475 0.000000
476 0.000011
477 0.000008
478 0.000002
479 0.000000
480 0.000000
481 0.000034
482 0.061335
483 0.999996
484 0.000000
485 0.000000
486 0.000000
487 0.000000
488 0.000000
489 0.000000
490 0.000000
491 0.000000
492 0.000000
493 0.000000
494 0.000000
495 0.000000
496 0.000007
497 0.000565
498 0.000001
499 0.000000
500 0.000000
501 0.000000
502 0.000001
503 0.000002
504 0.000074
505 0.000031
506 0.000001
507 0.000000
508 0.000003
509 0.002138
510 0.011111
511 0.000003
512 0.000000
513 0.000000
514 0.000000
515 0.000000
516 0.000000
517 0.000000
518 0.000000
519 0.000000
520 0.000000
521 0.000000
522 0.000000
523 0.000000
524 0.000000
525 0.000001
526 0.000019
527 0.000001
528 0.000000
529 0.000000
530 0.000023
531 0.000022
532 0.000068
533 0.000368
534 0.000008
535 0.000001
536 0.000453
537 0.026478
538 0.000003
539 0.000000
540 0.000000
541 0.000000
542 0.000000
543 0.000000
544 0.000000
545 0.000000
546 0.000000
547 0.000000
548 0.000000
549 0.000000
550 0.000000
551 0.000000
552 0.000000
553 0.000000
554 0.000004
555 0.000032
556 0.000006
557 0.000031
558 0.000429
559 0.000131
560 0.000817
561 0.002505
562 0.000055
563 0.000015
564 0.001666
565 0.000120
566 0.000000
567 0.000000
568 0.000000
569 0.000000
570 0.000000
571 0.000000
572 0.000000
573 0.000000
574 0.000000
575 0.000000
576 0.000000
577 0.000000
578 0.000000
579 0.000000
580 0.000000
581 0.000000
582 0.000000
583 0.000044
584 0.000049
585 0.010013
586 0.005550
587 0.001179
588 0.003870
589 0.014354
590 0.000919
591 0.000072
592 0.000165
593 0.000001
594 0.000000
595 0.000000
596 0.000000
597 0.000000
598 0.000000
599 0.000000
600 0.000000
601 0.000000
602 0.000000
603 0.000000
604 0.000000
605 0.000000
606 0.000000
607 0.000000
608 0.000000
609 0.000000
610 0.000000
611 0.000004
612 0.000309
613 0.001447
614 0.010012
615 0.010008
616 0.022068
617 0.010010
618 0.010008
619 0.000952
620 0.000011
621 0.000000
622 0.000000
623 0.000000
624 0.000000
625 0.000000
626 0.000000
627 0.000000
628 0.000000
629 0.000000
630 0.000000
631 0.000000
632 0.000000
633 0.000000
634 0.000000
635 0.000000
636 0.000000
637 0.000000
638 0.000000
639 0.000018
640 0.000054
641 0.000236
642 0.000000
643 0.000000
644 0.010009
645 0.010007
646 0.002446
647 0.000497
648 0.000064
649 0.000000
650 0.000000
651 0.000000
652 0.000000
653 0.000000
654 0.000000
655 0.000000
656 0.000000
657 0.000000
658 0.000000
659 0.000000
660 0.000000
661 0.000000
662 0.000000
663 0.000000
664 0.000000
665 0.000000
666 0.000009
667 0.000012
668 0.000016
669 0.000000
670 0.000000
671 0.000000
672 0.000000
673 0.002588
674 0.000738
675 0.000178
676 0.000128
677 0.000092
678 0.000001
679 0.000000
680 0.000001
681 0.000003
682 0.000001
683 0.000000
684 0.000000
685 0.000000
686 0.000000
687 0.000000
688 0.000000
689 0.000001
690 0.000001
691 0.000000
692 0.000001
693 0.000008
694 0.000009
695 0.000013
696 0.000000
697 0.000000
698 0.000000
699 0.000000
700 0.000000
701 0.000000
702 0.000264
703 0.000149
704 0.000138
705 0.000128
706 0.000092
707 0.000086
708 0.000074
709 0.000053
710 0.000004
711 0.000000
712 0.000000
713 0.000000
714 0.000000
715 0.000000
716 0.000000
717 0.000003
718 0.000005
719 0.000006
720 0.000006
721 0.000009
722 0.000012
723 0.000000
724 0.000000
725 0.000000
726 0.000000
727 0.000000
728 0.000000
729 0.000000
730 0.000000
731 0.000000
732 0.000149
733 0.000138
734 0.000100
735 0.000092
736 0.000086
737 0.000062
738 0.000053
739 0.000001
740 0.000000
741 0.000000
742 0.000000
743 0.000000
744 0.000001
745 0.000005
746 0.000006
747 0.000008
748 0.000009
749 0.000012
750 0.000000
751 0.000000
752 0.000000
753 0.000000
754 0.000000
755 0.000000
756 0.000000
757 0.000000
758 0.000000
759 0.000000
760 0.000000
761 0.000149
762 0.000138
763 0.000100
764 0.000092
765 0.000086
766 0.000079
767 0.000003
768 0.000000
769 0.000000
770 0.000000
771 0.000000
772 0.000002
773 0.000007
774 0.000006
775 0.000007
776 0.000009
777 0.000000
778 0.000001
779 0.000000
780 0.000000
781 0.000000
782 0.000000
783 0.000000
