0 0.010082
1 0.010085
2 0.010095
3 0.010091
4 0.010105
5 0.010120
6 0.010131
7 0.010138
8 0.000142
9 0.000006
10 0.000004
11 0.000004
12 0.000005
13 0.000007
14 0.000008
15 0.000012
16 0.000009
17 0.000010
18 0.000015
19 0.000016
20 0.000024
21 0.000027
22 0.000041
23 0.000045
24 0.000036
25 0.000040
26 0.000060
27 0.000066
28 0.010092
29 0.010087
30 0.010098
31 0.010102
32 0.010106
33 0.010115
34 0.010132
35 0.003025
36 0.000030
37 0.000003
38 0.000003
39 0.000003
40 0.000004
41 0.000007
42 0.000007
43 0.000008
44 0.000009
45 0.000013
46 0.000014
47 0.000020
48 0.000016
49 0.000024
50 0.000030
51 0.000035
52 0.000033
53 0.000049
54 0.000040
55 0.000060
56 0.010088
57 0.010098
58 0.010102
59 0.010105
60 0.010112
61 0.010126
62 0.010132
63 0.000333
64 0.000009
65 0.000002
66 0.000002
67 0.000003
68 0.000003
69 0.000004
70 0.000005
71 0.000007
72 0.000008
73 0.000008
74 0.000013
75 0.000014
76 0.000021
77 0.000019
78 0.000021
79 0.000023
80 0.000035
81 0.000033
82 0.000049
83 0.000097
84 0.010091
85 0.010102
86 0.010113
87 0.010121
88 0.010124
89 0.010128
90 0.010137
91 0.000054
92 0.000003
93 0.000001
94 0.000002
95 0.000002
96 0.000003
97 0.000004
98 0.000004
99 0.000005
100 0.000007
101 0.000009
102 0.000012
103 0.000011
104 0.000016
105 0.000016
106 0.000019
107 0.000028
108 0.000029
109 0.000030
110 0.000082
111 0.000414
112 0.010102
113 0.010105
114 0.010121
115 0.010124
116 0.005146
117 0.005486
118 0.001708
119 0.000010
120 0.000001
121 0.000001
122 0.000001
123 0.000002
124 0.000002
125 0.000003
126 0.000004
127 0.000005
128 0.000007
129 0.000008
130 0.000009
131 0.000010
132 0.000015
133 0.000012
134 0.000015
135 0.000022
136 0.000025
137 0.000067
138 0.000461
139 0.005826
140 0.010105
141 0.010117
142 0.010125
143 0.010128
144 0.005216
145 0.005088
146 0.000138
147 0.000002
148 0.000000
149 0.000001
150 0.000001
151 0.000001
152 0.000002
153 0.000002
154 0.000003
155 0.000004
156 0.000004
157 0.000005
158 0.000006
159 0.000009
160 0.000010
161 0.000009
162 0.000015
163 0.000019
164 0.000077
165 0.000526
166 0.005315
167 0.016841
168 0.010117
169 0.010124
170 0.010128
171 0.010136
172 0.005836
173 0.005302
174 0.000019
175 0.000001
176 0.000000
177 0.000000
178 0.000001
179 0.000001
180 0.000001
181 0.000002
182 0.000002
183 0.000004
184 0.000004
185 0.000004
186 0.000005
187 0.000006
188 0.000008
189 0.000009
190 0.000017
191 0.000075
192 0.000805
193 0.004727
194 0.016107
195 0.002967
196 0.010124
197 0.010127
198 0.010141
199 0.010149
200 0.007435
201 0.005604
202 0.000003
203 0.000000
204 0.000000
205 0.000000
206 0.000000
207 0.000001
208 0.000001
209 0.000001
210 0.000001
211 0.000002
212 0.000003
213 0.000004
214 0.000004
215 0.000006
216 0.000007
217 0.000017
218 0.000067
219 0.000771
220 0.008852
221 0.008989
222 0.001520
223 0.000184
224 0.010129
225 0.010141
226 0.010148
227 0.010152
228 0.010171
229 0.000099
230 0.000001
231 0.000000
232 0.000000
233 0.000000
234 0.000000
235 0.000000
236 0.000001
237 0.000001
238 0.000001
239 0.000001
240 0.000002
241 0.000003
242 0.000003
243 0.000005
244 0.000014
245 0.000077
246 0.001119
247 0.011182
248 0.004196
249 0.000353
250 0.000073
251 0.000025
252 0.010134
253 0.010150
254 0.010153
255 0.010880
256 0.010948
257 0.000009
258 0.000000
259 0.000000
260 0.000000
261 0.000000
262 0.000000
263 0.000000
264 0.000001
265 0.000001
266 0.000001
267 0.000001
268 0.000001
269 0.000001
270 0.000002
271 0.000007
272 0.000036
273 0.000670
274 0.999963
275 0.000835
276 0.000149
277 0.000027
278 0.000011
279 0.000014
280 0.010153
281 0.010902
282 0.010923
283 0.010981
284 0.011013
285 0.000001
286 0.000000
287 0.000000
288 0.000000
289 0.000000
290 0.000000
291 0.000000
292 0.000000
293 0.000000
294 0.000001
295 0.000001
296 0.000001
297 0.000001
298 0.000005
299 0.000029
300 0.000215
301 0.001769
302 0.000250
303 0.000047
304 0.000017
305 0.000008
306 0.000008
307 0.000012
308 0.010920
309 0.010955
310 0.011003
311 0.011044
312 0.000107
313 0.000000
314 0.000000
315 0.000000
316 0.000000
317 0.000000
318 0.000000
319 0.000000
320 0.000000
321 0.000000
322 0.000000
323 0.000001
324 0.000001
325 0.000003
326 0.000017
327 0.000183
328 0.000248
329 0.000051
330 0.000015
331 0.000007
332 0.000004
333 0.000006
334 0.000007
335 0.000012
336 0.010987
337 0.010579
338 0.010497
339 0.010538
340 0.000004
341 0.000000
342 0.000000
343 0.000000
344 0.000000
345 0.000000
346 0.000000
347 0.000000
348 0.000000
349 0.000000
350 0.000000
351 0.000001
352 0.000002
353 0.000009
354 0.000113
355 0.000052
356 0.000016
357 0.000005
358 0.000002
359 0.000003
360 0.000003
361 0.000004
362 0.000006
363 0.000007
364 0.010451
365 0.010463
366 0.010490
367 0.010520
368 0.000001
369 0.000000
370 0.000000
371 0.000000
372 0.000000
373 0.000000
374 0.000000
375 0.000000
376 0.000000
377 0.000000
378 0.000000
379 0.000001
380 0.000006
381 0.000021
382 0.000013
383 0.000005
384 0.000002
385 0.000002
386 0.000002
387 0.000003
388 0.000003
389 0.000003
390 0.000004
391 0.000006
392 0.010453
393 0.010481
394 0.010509
395 0.000081
396 0.000000
397 0.000000
398 0.000000
399 0.000000
400 0.000000
401 0.000000
402 0.000000
403 0.000000
404 0.000000
405 0.000000
406 0.000001
407 0.000003
408 0.000006
409 0.000004
410 0.000002
411 0.000001
412 0.000001
413 0.000001
414 0.000001
415 0.000002
416 0.000003
417 0.000003
418 0.000004
419 0.000004
420 0.010449
421 0.010487
422 0.010516
423 0.000002
424 0.000000
425 0.000000
426 0.000000
427 0.000000
428 0.000000
429 0.000000
430 0.000000
431 0.000000
432 0.000000
433 0.000000
434 0.000002
435 0.000002
436 0.000001
437 0.000001
438 0.000001
439 0.000001
440 0.000001
441 0.000001
442 0.000002
443 0.000001
444 0.000002
445 0.000002
446 0.000003
447 0.000004
448 0.010789
449 0.010495
450 0.010523
451 0.000000
452 0.000000
453 0.000000
454 0.000000
455 0.000000
456 0.000000
457 0.000000
458 0.000000
459 0.000000
460 0.000000
461 0.000001
462 0.000001
463 0.000001
464 0.000000
465 0.000000
466 0.000000
467 0.000001
468 0.000001
469 0.000001
470 0.000001
471 0.000001
472 0.000002
473 0.000002
474 0.000003
475 0.000006
476 0.010703
477 0.010756
478 0.000400
479 0.000000
480 0.000000
481 0.000000
482 0.000000
483 0.000000
484 0.000000
485 0.000000
486 0.000000
487 0.000000
488 0.000000
489 0.000000
490 0.000000
491 0.000000
492 0.000000
493 0.000000
494 0.000000
495 0.000000
496 0.000001
497 0.000001
498 0.000001
499 0.000001
500 0.000002
501 0.000006
502 0.000018
503 0.000077
504 0.010205
505 0.010641
506 0.000006
507 0.000000
508 0.000000
509 0.000000
510 0.000000
511 0.000000
512 0.000000
513 0.000000
514 0.000000
515 0.000000
516 0.000000
517 0.000000
518 0.000000
519 0.000000
520 0.000000
521 0.000000
522 0.000000
523 0.000000
524 0.000000
525 0.000001
526 0.000002
527 0.000007
528 0.000026
529 0.000100
530 0.000602
531 0.007975
532 0.010211
533 0.010219
534 0.000001
535 0.000000
536 0.000000
537 0.000000
538 0.000000
539 0.000000
540 0.000000
541 0.000000
542 0.000000
543 0.000000
544 0.000000
545 0.000000
546 0.000000
547 0.000000
548 0.000000
549 0.000000
550 0.000000
551 0.000001
552 0.000002
553 0.000010
554 0.000045
555 0.000292
556 0.002623
557 0.008677
558 0.007987
559 0.008001
560 0.010197
561 0.010201
562 0.000001
563 0.000000
564 0.000000
565 0.000000
566 0.000000
567 0.000000
568 0.000000
569 0.000000
570 0.000000
571 0.000000
572 0.000000
573 0.000000
574 0.000000
575 0.000000
576 0.000000
577 0.000001
578 0.000002
579 0.000011
580 0.000117
581 0.002588
582 0.009691
583 0.009984
584 0.010354
585 0.008035
586 0.008030
587 0.008111
588 0.010183
589 0.010197
590 0.000011
591 0.000000
592 0.000000
593 0.000000
594 0.000000
595 0.000000
596 0.000000
597 0.000000
598 0.000000
599 0.000000
600 0.000000
601 0.000000
602 0.000000
603 0.000000
604 0.000002
605 0.000035
606 0.000807
607 0.008386
608 0.008998
609 0.009497
610 0.010273
611 0.009720
612 0.008076
613 0.008068
614 0.008135
615 0.008135
616 0.010176
617 0.010182
618 0.010197
619 0.000026
620 0.000000
621 0.000000
622 0.000000
623 0.000000
624 0.000000
625 0.000000
626 0.000000
627 0.000000
628 0.000000
629 0.000000
630 0.000003
631 0.000223
632 0.008467
633 0.008388
634 0.008329
635 0.008416
636 0.008414
637 0.008905
638 0.009381
639 0.008118
640 0.008128
641 0.008201
642 0.011140
643 0.011451
644 0.010172
645 0.010176
646 0.010179
647 0.010193
648 0.000597
649 0.000000
650 0.000000
651 0.000000
652 0.000000
653 0.000000
654 0.000000
655 0.000001
656 0.000032
657 0.007618
658 0.007663
659 0.008148
660 0.008147
661 0.008037
662 0.008164
663 0.008309
664 0.008286
665 0.008226
666 0.008069
667 0.008204
668 0.008240
669 0.011318
670 0.011294
671 0.011276
672 0.000000
673 0.010172
674 0.010175
675 0.010189
676 0.010182
677 0.010197
678 0.000002
679 0.000001
680 0.000002
681 0.000033
682 0.009015
683 0.007993
684 0.007597
685 0.007709
686 0.007764
687 0.007706
688 0.007644
689 0.007753
690 0.007834
691 0.007975
692 0.007955
693 0.007968
694 0.008051
695 0.008196
696 0.011317
697 0.011334
698 0.011288
699 0.011445
700 0.000000
701 0.000000
702 0.010172
703 0.010176
704 0.010179
705 0.010182
706 0.010195
707 0.010198
708 0.010204
709 0.010220
710 0.009562
711 0.008420
712 0.007758
713 0.007649
714 0.007808
715 0.007763
716 0.007683
717 0.007704
718 0.007815
719 0.007837
720 0.007862
721 0.007967
722 0.008090
723 0.011185
724 0.010931
725 0.011310
726 0.011505
727 0.011424
728 0.000000
729 0.000000
730 0.000000
731 0.000000
732 0.010175
733 0.010178
734 0.010191
735 0.010194
736 0.010198
737 0.010215
738 0.010225
739 0.008785
740 0.007992
741 0.007750
742 0.007795
743 0.007741
744 0.007773
745 0.007794
746 0.007837
747 0.007931
748 0.007953
749 0.008054
750 0.009971
751 0.009365
752 0.009968
753 0.010599
754 0.011432
755 0.011537
756 0.000000
757 0.000000
758 0.000000
759 0.000000
760 0.000000
761 0.010174
762 0.010176
763 0.010191
764 0.010196
765 0.010202
766 0.010209
767 0.009236
768 0.008275
769 0.007816
770 0.007767
771 0.007718
772 0.007794
773 0.007888
774 0.007837
775 0.007881
776 0.007975
777 0.008950
778 0.008578
779 0.008646
780 0.008976
781 0.009392
782 0.010512
783 0.011448
