0 0.008013
1 0.007653
2 0.007490
3 0.008331
4 0.007564
5 0.004824
6 0.002994
7 0.001683
8 0.000366
9 0.000069
10 0.000655
11 0.002060
12 0.001955
13 0.000629
14 0.000280
15 0.000102
16 0.000042
17 0.000026
18 0.000108
19 0.000471
20 0.001119
21 0.001173
22 0.001431
23 0.001495
24 0.001350
25 0.001423
26 0.001740
27 0.002250
28 0.008623
29 0.008014
30 0.007470
31 0.007491
32 0.009004
33 0.008933
34 0.005523
35 0.001776
36 0.000144
37 0.000078
38 0.000672
39 0.003314
40 0.000665
41 0.000490
42 0.000147
43 0.000050
44 0.000024
45 0.000026
46 0.000044
47 0.000262
48 0.000910
49 0.001119
50 0.000050
51 0.000001
52 0.001294
53 0.001601
54 0.002035
55 0.003292
56 0.009518
57 0.008624
58 0.008015
59 0.007471
60 0.007493
61 0.010992
62 0.009657
63 0.002186
64 0.000150
65 0.000269
66 0.001229
67 0.002081
68 0.000518
69 0.000177
70 0.000061
71 0.000023
72 0.000020
73 0.000018
74 0.000022
75 0.000100
76 0.000056
77 0.000001
78 0.000001
79 0.000001
80 0.000001
81 0.001908
82 0.003176
83 0.004221
84 0.010005
85 0.009519
86 0.008625
87 0.007828
88 0.007299
89 0.007319
90 0.012422
91 0.001632
92 0.000231
93 0.000771
94 0.002344
95 0.000632
96 0.000396
97 0.000098
98 0.000033
99 0.000015
100 0.000016
101 0.000007
102 0.000002
103 0.000002
104 0.000001
105 0.000001
106 0.000001
107 0.000001
108 0.000001
109 0.002955
110 0.004166
111 0.005889
112 0.008805
113 0.010005
114 0.009521
115 0.008626
116 0.000001
117 0.000000
118 0.000000
119 0.000001
120 0.000009
121 0.002622
122 0.005875
123 0.000739
124 0.000153
125 0.000041
126 0.000013
127 0.000002
128 0.000002
129 0.000001
130 0.000001
131 0.000001
132 0.000001
133 0.000001
134 0.000001
135 0.000001
136 0.000064
137 0.003902
138 0.005639
139 0.005887
140 0.005230
141 0.007633
142 0.010005
143 0.009760
144 0.000003
145 0.000001
146 0.000000
147 0.000000
148 0.000000
149 0.000001
150 0.000003
151 0.000002
152 0.000002
153 0.000001
154 0.000001
155 0.000001
156 0.000001
157 0.000001
158 0.000001
159 0.000000
160 0.000001
161 0.000001
162 0.000001
163 0.000001
164 0.004505
165 0.005401
166 0.005637
167 0.005632
168 0.003096
169 0.004293
170 0.006440
171 0.010005
172 0.000087
173 0.000013
174 0.000001
175 0.000000
176 0.000000
177 0.000000
178 0.000000
179 0.000000
180 0.000000
181 0.000000
182 0.000001
183 0.000001
184 0.000001
185 0.000001
186 0.000000
187 0.000000
188 0.000001
189 0.000001
190 0.000001
191 0.000002
192 0.005402
193 0.005398
194 0.004135
195 0.003308
196 0.002645
197 0.002665
198 0.003072
199 0.005316
200 0.000165
201 0.000088
202 0.000046
203 0.000002
204 0.000001
205 0.000001
206 0.000000
207 0.000000
208 0.000001
209 0.000001
210 0.000000
211 0.000000
212 0.000000
213 0.000000
214 0.000000
215 0.000001
216 0.000001
217 0.000001
218 0.000001
219 0.000139
220 0.005703
221 0.003739
222 0.002731
223 0.001989
224 0.003871
225 0.002575
226 0.002171
227 0.002645
228 0.003644
229 0.000015
230 0.000003
231 0.000042
232 0.000048
233 0.000002
234 0.000001
235 0.000001
236 0.000001
237 0.000001
238 0.000000
239 0.000000
240 0.000000
241 0.000000
242 0.000001
243 0.000001
244 0.000001
245 0.000001
246 0.000001
247 0.000411
248 0.000395
249 0.000360
250 0.000398
251 0.000406
252 0.004608
253 0.003928
254 0.002915
255 0.001337
256 0.000744
257 0.000001
258 0.000003
259 0.003367
260 0.002008
261 0.000271
262 0.000002
263 0.000001
264 0.000001
265 0.000000
266 0.000000
267 0.000000
268 0.000000
269 0.000000
270 0.000001
271 0.000001
272 0.000001
273 0.000001
274 0.000001
275 0.000042
276 0.000040
277 0.000040
278 0.000048
279 0.000083
280 0.004415
281 0.002009
282 0.001810
283 0.004402
284 0.002571
285 0.000005
286 0.000002
287 0.000681
288 0.999985
289 0.000034
290 0.000002
291 0.000001
292 0.000001
293 0.000001
294 0.000000
295 0.000000
296 0.000001
297 0.000001
298 0.000001
299 0.000001
300 0.000001
301 0.000000
302 0.000001
303 0.000024
304 0.000019
305 0.000022
306 0.000030
307 0.000055
308 0.002813
309 0.009026
310 0.007401
311 0.006553
312 0.001392
313 0.000054
314 0.000001
315 0.000013
316 0.000251
317 0.000004
318 0.000001
319 0.000001
320 0.000001
321 0.000001
322 0.000001
323 0.000001
324 0.000001
325 0.000001
326 0.000002
327 0.000001
328 0.000001
329 0.000000
330 0.000001
331 0.000002
332 0.000016
333 0.000029
334 0.000053
335 0.000119
336 0.007616
337 0.010843
338 0.018264
339 0.015325
340 0.000111
341 0.000044
342 0.000002
343 0.000002
344 0.000002
345 0.000002
346 0.000001
347 0.000001
348 0.000001
349 0.000001
350 0.000001
351 0.000002
352 0.000004
353 0.000003
354 0.000001
355 0.000001
356 0.000000
357 0.000000
358 0.000001
359 0.000001
360 0.000031
361 0.000062
362 0.000131
363 0.000210
364 0.008021
365 0.007010
366 0.003135
367 0.004269
368 0.000012
369 0.000005
370 0.000008
371 0.000001
372 0.000001
373 0.000001
374 0.000001
375 0.000001
376 0.000001
377 0.000001
378 0.000008
379 0.000192
380 0.000676
381 0.000007
382 0.000001
383 0.000001
384 0.000000
385 0.000001
386 0.000001
387 0.000001
388 0.000022
389 0.000166
390 0.000201
391 0.000233
392 0.000651
393 0.000796
394 0.000934
395 0.000081
396 0.000002
397 0.000002
398 0.000006
399 0.000001
400 0.000001
401 0.000001
402 0.000001
403 0.000001
404 0.000001
405 0.000002
406 0.000073
407 0.999949
408 0.001546
409 0.000020
410 0.000001
411 0.000001
412 0.000001
413 0.000001
414 0.000001
415 0.000001
416 0.000006
417 0.000184
418 0.000223
419 0.000262
420 0.000682
421 0.000253
422 0.000108
423 0.000002
424 0.000001
425 0.000001
426 0.000001
427 0.000001
428 0.000001
429 0.000001
430 0.000001
431 0.000001
432 0.000001
433 0.000005
434 0.000148
435 0.000135
436 0.000197
437 0.000010
438 0.000002
439 0.000001
440 0.000001
441 0.000001
442 0.000001
443 0.000001
444 0.000001
445 0.000302
446 0.000199
447 0.000138
448 0.000315
449 0.000090
450 0.000032
451 0.000001
452 0.000001
453 0.000001
454 0.000001
455 0.000001
456 0.000001
457 0.000001
458 0.000001
459 0.000005
460 0.000006
461 0.000017
462 0.000006
463 0.000003
464 0.000006
465 0.000008
466 0.000002
467 0.000001
468 0.000001
469 0.000001
470 0.000001
471 0.000001
472 0.000001
473 0.000028
474 0.000077
475 0.000093
476 0.000416
477 0.000112
478 0.000012
479 0.000001
480 0.000001
481 0.000001
482 0.000001
483 0.000001
484 0.000001
485 0.000001
486 0.000001
487 0.000062
488 0.000047
489 0.000011
490 0.000003
491 0.000003
492 0.000003
493 0.000003
494 0.000003
495 0.000004
496 0.000004
497 0.000001
498 0.000001
499 0.000001
500 0.000001
501 0.000003
502 0.000078
503 0.000149
504 0.000974
505 0.000514
506 0.000010
507 0.000001
508 0.000001
509 0.000001
510 0.000001
511 0.000001
512 0.000001
513 0.000001
514 0.000001
515 0.000005
516 0.000018
517 0.000015
518 0.000022
519 0.000035
520 0.000013
521 0.000002
522 0.000002
523 0.000004
524 0.000007
525 0.000001
526 0.000001
527 0.000001
528 0.000001
529 0.000003
530 0.000423
531 0.000899
532 0.000922
533 0.000844
534 0.000009
535 0.000001
536 0.000001
537 0.000001
538 0.000001
539 0.000001
540 0.000001
541 0.000001
542 0.000001
543 0.000001
544 0.000004
545 0.000007
546 0.000094
547 0.999961
548 0.000137
549 0.000003
550 0.000001
551 0.000001
552 0.000003
553 0.000002
554 0.000001
555 0.000001
556 0.000001
557 0.000040
558 0.001586
559 0.001283
560 0.001105
561 0.001059
562 0.000009
563 0.000001
564 0.000001
565 0.000001
566 0.000001
567 0.000001
568 0.000001
569 0.000001
570 0.000001
571 0.000003
572 0.000004
573 0.000010
574 0.000008
575 0.000011
576 0.000008
577 0.000002
578 0.000002
579 0.000001
580 0.000001
581 0.000005
582 0.000007
583 0.000005
584 0.000051
585 0.004914
586 0.003105
587 0.002130
588 0.001319
589 0.001105
590 0.000075
591 0.000001
592 0.000001
593 0.000001
594 0.000001
595 0.000001
596 0.000003
597 0.000004
598 0.000003
599 0.000006
600 0.000008
601 0.000003
602 0.000002
603 0.000001
604 0.000001
605 0.000001
606 0.000006
607 0.000064
608 0.000014
609 0.000005
610 0.000014
611 0.000140
612 0.009234
613 0.007053
614 0.005558
615 0.004140
616 0.001428
617 0.001319
618 0.001105
619 0.000122
620 0.000003
621 0.000001
622 0.000001
623 0.000008
624 0.000040
625 0.000090
626 0.000011
627 0.000002
628 0.000022
629 0.000040
630 0.000009
631 0.000001
632 0.000001
633 0.000001
634 0.000002
635 0.000039
636 0.000140
637 0.000108
638 0.000205
639 0.010013
640 0.010012
641 0.010008
642 0.000001
643 0.000001
644 0.001486
645 0.001428
646 0.001372
647 0.001152
648 0.000480
649 0.000039
650 0.000026
651 0.000038
652 0.000117
653 0.000039
654 0.000014
655 0.000006
656 0.000209
657 0.036458
658 0.035922
659 0.000085
660 0.000003
661 0.000002
662 0.000003
663 0.000006
664 0.000033
665 0.000299
666 0.007445
667 0.007491
668 0.010012
669 0.000001
670 0.000001
671 0.000001
672 0.000001
673 0.001486
674 0.001428
675 0.001202
676 0.001325
677 0.002236
678 0.000768
679 0.000145
680 0.000262
681 0.001067
682 0.002183
683 0.000452
684 0.000361
685 0.017441
686 0.011890
687 0.003544
688 0.000242
689 0.001067
690 0.001860
691 0.000854
692 0.001941
693 0.007402
694 0.007485
695 0.007528
696 0.000001
697 0.000001
698 0.000001
699 0.000001
700 0.000001
701 0.000001
702 0.001486
703 0.001428
704 0.002371
705 0.004727
706 0.008591
707 0.010023
708 0.010030
709 0.007183
710 0.003995
711 0.000929
712 0.000379
713 0.002286
714 0.004515
715 0.003890
716 0.001180
717 0.002051
718 0.010004
719 0.010001
720 0.010000
721 0.009999
722 0.007484
723 0.000001
724 0.000001
725 0.000001
726 0.000001
727 0.000001
728 0.000001
729 0.000001
730 0.000001
731 0.000001
732 0.004234
733 0.008644
734 0.010016
735 0.010028
736 0.010018
737 0.007266
738 0.007171
739 0.002249
740 0.000623
741 0.000189
742 0.001708
743 0.002251
744 0.006046
745 0.003760
746 0.010007
747 0.010003
748 0.010000
749 0.010000
750 0.000002
751 0.000001
752 0.000001
753 0.000002
754 0.000001
755 0.000001
756 0.000001
757 0.000001
758 0.000001
759 0.000002
760 0.000001
761 0.010011
762 0.010023
763 0.010022
764 0.007361
765 0.007306
766 0.007268
767 0.004013
768 0.000660
769 0.000096
770 0.000363
771 0.001728
772 0.013297
773 0.014881
774 0.010009
775 0.010005
776 0.010002
777 0.000001
778 0.000519
779 0.000320
780 0.000002
781 0.000001
782 0.000002
783 0.000001
