0 0.005976
1 0.004897
2 0.004251
3 0.004438
4 0.004015
5 0.003618
6 0.003403
7 0.003300
8 0.000587
9 0.000121
10 0.000130
11 0.000219
12 0.000246
13 0.000550
14 0.003089
15 0.002444
16 0.000139
17 0.000059
18 0.000164
19 0.000423
20 0.000794
21 0.000837
22 0.001046
23 0.001098
24 0.000979
25 0.001379
26 0.002604
27 0.004135
28 0.006624
29 0.005803
30 0.004568
31 0.004015
32 0.003902
33 0.003687
34 0.003300
35 0.002063
36 0.000224
37 0.000048
38 0.000068
39 0.000118
40 0.000216
41 0.000295
42 0.001658
43 0.002897
44 0.000748
45 0.000065
46 0.000089
47 0.000310
48 0.000631
49 0.000794
50 0.000000
51 0.000000
52 0.001258
53 0.002448
54 0.003897
55 0.007471
56 0.007799
57 0.006527
58 0.005514
59 0.004354
60 0.003687
61 0.003300
62 0.003201
63 0.000807
64 0.000103
65 0.000031
66 0.000045
67 0.000070
68 0.000122
69 0.000214
70 0.000486
71 0.003626
72 0.001882
73 0.000088
74 0.000054
75 0.000154
76 0.000001
77 0.000000
78 0.000000
79 0.000000
80 0.000000
81 0.003757
82 0.007471
83 0.007294
84 0.007810
85 0.007626
86 0.006291
87 0.004862
88 0.003730
89 0.003201
90 0.003013
91 0.000300
92 0.000041
93 0.000025
94 0.000025
95 0.000035
96 0.000071
97 0.000181
98 0.000214
99 0.001680
100 0.002548
101 0.000230
102 0.000000
103 0.000000
104 0.000000
105 0.000000
106 0.000000
107 0.000000
108 0.000006
109 0.007294
110 0.007294
111 0.006404
112 0.008441
113 0.007642
114 0.007459
115 0.006154
116 0.000000
117 0.000000
118 0.000000
119 0.000000
120 0.000000
121 0.000006
122 0.000022
123 0.000023
124 0.000043
125 0.000084
126 0.000199
127 0.000041
128 0.000009
129 0.000000
130 0.000000
131 0.000000
132 0.000000
133 0.000000
134 0.000000
135 0.000005
136 0.000292
137 0.007122
138 0.005169
139 0.004187
140 0.009679
141 0.008290
142 0.007583
143 0.007463
144 0.000000
145 0.000000
146 0.000000
147 0.000000
148 0.000000
149 0.000000
150 0.000000
151 0.000000
152 0.000000
153 0.000000
154 0.000000
155 0.000000
156 0.000000
157 0.000000
158 0.000000
159 0.000000
160 0.000000
161 0.000000
162 0.000002
163 0.000012
164 0.007294
165 0.004112
166 0.003790
167 0.003419
168 0.010677
169 0.010038
170 0.008498
171 0.007935
172 0.000000
173 0.000000
174 0.000000
175 0.000000
176 0.000000
177 0.000000
178 0.000000
179 0.000000
180 0.000000
181 0.000000
182 0.000000
183 0.000000
184 0.000000
185 0.000000
186 0.000000
187 0.000000
188 0.000000
189 0.000002
190 0.000013
191 0.000057
192 0.003740
193 0.003373
194 0.002927
195 0.003507
196 0.007885
197 0.009727
198 0.010629
199 0.008636
200 0.000049
201 0.000000
202 0.000000
203 0.000000
204 0.000000
205 0.000000
206 0.000000
207 0.000000
208 0.000000
209 0.000000
210 0.000000
211 0.000000
212 0.000000
213 0.000000
214 0.000000
215 0.000000
216 0.000000
217 0.000000
218 0.000002
219 0.000090
220 0.003329
221 0.002888
222 0.003498
223 0.007205
224 0.004764
225 0.006643
226 0.007912
227 0.010307
228 0.009596
229 0.000000
230 0.000000
231 0.000000
232 0.000000
233 0.000000
234 0.000000
235 0.000000
236 0.000000
237 0.000000
238 0.000000
239 0.000000
240 0.000000
241 0.000000
242 0.000000
243 0.000001
244 0.000000
245 0.000000
246 0.000000
247 0.000089
248 0.000156
249 0.000497
250 0.001622
251 0.003398
252 0.003406
253 0.003554
254 0.005105
255 0.004673
256 0.001842
257 0.000000
258 0.000000
259 0.000000
260 0.000000
261 0.000000
262 0.000000
263 0.000000
264 0.000000
265 0.000000
266 0.000000
267 0.000000
268 0.000000
269 0.000000
270 0.000202
271 0.001504
272 0.000003
273 0.000000
274 0.000000
275 0.000021
276 0.000056
277 0.000177
278 0.000302
279 0.000709
280 0.003300
281 0.001316
282 0.000698
283 0.000340
284 0.000287
285 0.000000
286 0.000000
287 0.000000
288 0.000000
289 0.000000
290 0.000000
291 0.000000
292 0.000000
293 0.000000
294 0.000000
295 0.000000
296 0.000000
297 0.000001
298 0.999993
299 0.008026
300 0.000017
301 0.000000
302 0.000005
303 0.002126
304 0.001560
305 0.001191
306 0.000416
307 0.000185
308 0.001125
309 0.000426
310 0.000183
311 0.000091
312 0.000009
313 0.000000
314 0.000000
315 0.000000
316 0.000000
317 0.000000
318 0.000000
319 0.000000
320 0.000000
321 0.000000
322 0.000000
323 0.000000
324 0.000000
325 0.000005
326 0.000047
327 0.000212
328 0.000011
329 0.000013
330 0.000824
331 0.007006
332 0.027831
333 0.009953
334 0.002829
335 0.001051
336 0.000538
337 0.000347
338 0.000208
339 0.000100
340 0.000001
341 0.000000
342 0.000000
343 0.000000
344 0.000000
345 0.000000
346 0.000000
347 0.000000
348 0.000000
349 0.000000
350 0.000000
351 0.000000
352 0.000000
353 0.000000
354 0.000000
355 0.000001
356 0.000006
357 0.000023
358 0.000319
359 0.001829
360 0.022537
361 0.012095
362 0.004102
363 0.000960
364 0.000523
365 0.000496
366 0.000315
367 0.000169
368 0.000000
369 0.000000
370 0.000000
371 0.000000
372 0.000000
373 0.000000
374 0.000000
375 0.000000
376 0.000000
377 0.000000
378 0.000000
379 0.000000
380 0.000000
381 0.000000
382 0.000000
383 0.000000
384 0.000010
385 0.000053
386 0.000066
387 0.000050
388 0.001094
389 0.000628
390 0.000350
391 0.001374
392 0.000397
393 0.000279
394 0.000192
395 0.000020
396 0.000000
397 0.000000
398 0.000000
399 0.000000
400 0.000000
401 0.000000
402 0.000000
403 0.000000
404 0.000000
405 0.000002
406 0.000003
407 0.000001
408 0.000000
409 0.000000
410 0.000000
411 0.000000
412 0.000000
413 0.000020
414 0.000003
415 0.000000
416 0.000007
417 0.000122
418 0.000278
419 0.000302
420 0.000216
421 0.000202
422 0.000177
423 0.000002
424 0.000000
425 0.000000
426 0.000000
427 0.000000
428 0.000000
429 0.000000
430 0.000000
431 0.000000
432 0.000000
433 0.000065
434 0.001122
435 0.000068
436 0.000014
437 0.000001
438 0.000000
439 0.000000
440 0.000000
441 0.000001
442 0.000000
443 0.000000
444 0.000000
445 0.000030
446 0.000117
447 0.000379
448 0.000219
449 0.000152
450 0.000133
451 0.000000
452 0.000000
453 0.000000
454 0.000000
455 0.000000
456 0.000000
457 0.000000
458 0.000000
459 0.000000
460 0.000000
461 0.000258
462 0.006450
463 1.000000
464 0.000960
465 0.000010
466 0.000000
467 0.000000
468 0.000000
469 0.000000
470 0.000000
471 0.000000
472 0.000000
473 0.000012
474 0.000083
475 0.000357
476 0.000367
477 0.000257
478 0.000043
479 0.000000
480 0.000000
481 0.000000
482 0.000000
483 0.000000
484 0.000000
485 0.000000
486 0.000000
487 0.000000
488 0.000001
489 0.000421
490 0.038344
491 0.156675
492 0.004505
493 0.000022
494 0.000000
495 0.000000
496 0.000000
497 0.000000
498 0.000000
499 0.000000
500 0.000000
501 0.000007
502 0.000139
503 0.000314
504 0.001058
505 0.000664
506 0.000010
507 0.000000
508 0.000000
509 0.000000
510 0.000000
511 0.000000
512 0.000000
513 0.000000
514 0.000000
515 0.000000
516 0.000009
517 0.000220
518 0.002119
519 0.000360
520 0.000140
521 0.000019
522 0.000000
523 0.000000
524 0.000000
525 0.000000
526 0.000000
527 0.000001
528 0.000001
529 0.000009
530 0.000253
531 0.000354
532 0.001002
533 0.000918
534 0.000005
535 0.000000
536 0.000000
537 0.000000
538 0.000000
539 0.000000
540 0.000000
541 0.000000
542 0.000000
543 0.000002
544 0.000002
545 0.000003
546 0.000007
547 0.000008
548 0.000047
549 0.000100
550 0.000049
551 0.000003
552 0.000003
553 0.000000
554 0.000000
555 0.000002
556 0.000003
557 0.000025
558 0.000354
559 0.000373
560 0.001198
561 0.001149
562 0.000006
563 0.000000
564 0.000000
565 0.000000
566 0.000000
567 0.000000
568 0.000001
569 0.000000
570 0.000000
571 0.000000
572 0.000000
573 0.000000
574 0.000001
575 0.000075
576 0.000363
577 0.003196
578 0.002604
579 0.003145
580 0.000342
581 0.000015
582 0.000002
583 0.000002
584 0.000015
585 0.000354
586 0.000373
587 0.000467
588 0.001427
589 0.001198
590 0.000056
591 0.000001
592 0.000000
593 0.000000
594 0.000000
595 0.000004
596 0.000019
597 0.000008
598 0.000000
599 0.000000
600 0.000000
601 0.000000
602 0.000002
603 0.000125
604 1.000000
605 0.004216
606 0.007004
607 0.040768
608 0.045851
609 0.001710
610 0.000069
611 0.000053
612 0.000401
613 0.000354
614 0.000444
615 0.000467
616 0.001543
617 0.001427
618 0.001198
619 0.000095
620 0.000002
621 0.000001
622 0.000003
623 0.000011
624 0.000093
625 0.000063
626 0.000005
627 0.000005
628 0.000008
629 0.000013
630 0.000014
631 0.000035
632 0.000211
633 0.000228
634 0.001832
635 0.033202
636 0.172643
637 0.059340
638 0.000832
639 0.001822
640 0.000871
641 0.000528
642 0.000000
643 0.000000
644 0.001604
645 0.001543
646 0.001484
647 0.001249
648 0.000472
649 0.000008
650 0.000153
651 0.000553
652 0.000574
653 0.002762
654 0.000450
655 0.000066
656 0.000063
657 0.000101
658 0.000083
659 0.000085
660 0.000060
661 0.000168
662 0.000459
663 0.001885
664 0.010885
665 0.028347
666 0.010000
667 0.005210
668 0.002344
669 0.000000
670 0.000000
671 0.000000
672 0.000000
673 0.001604
674 0.001543
675 0.001302
676 0.002138
677 0.003631
678 0.008627
679 0.020230
680 0.009688
681 0.003388
682 0.001926
683 0.000304
684 0.000115
685 0.000137
686 0.000066
687 0.000174
688 0.000162
689 0.000721
690 0.003632
691 0.003094
692 0.005384
693 0.010000
694 0.010000
695 0.010000
696 0.000000
697 0.000000
698 0.000000
699 0.000000
700 0.000000
701 0.000000
702 0.001604
703 0.001998
704 0.003781
705 0.007498
706 0.010000
707 0.010000
708 0.010000
709 0.010000
710 0.004453
711 0.001240
712 0.000159
713 0.000091
714 0.000121
715 0.000128
716 0.000097
717 0.000338
718 0.004979
719 0.010000
720 0.010000
721 0.010000
722 0.010000
723 0.000000
724 0.000000
725 0.000000
726 0.000000
727 0.000000
728 0.000000
729 0.000000
730 0.000000
731 0.000000
732 0.006618
733 0.010000
734 0.010000
735 0.010000
736 0.010000
737 0.010000
738 0.012495
739 0.002042
740 0.000289
741 0.000074
742 0.000152
743 0.000084
744 0.000061
745 0.000278
746 0.002121
747 0.007956
748 0.010000
749 0.010000
750 0.000025
751 0.000431
752 0.000344
753 0.000005
754 0.000000
755 0.000000
756 0.000000
757 0.000000
758 0.000000
759 0.000001
760 0.000000
761 0.010000
762 0.010000
763 0.010000
764 0.010000
765 0.010000
766 0.017470
767 0.003142
768 0.000440
769 0.000131
770 0.000157
771 0.000066
772 0.000067
773 0.000288
774 0.001147
775 0.003368
776 0.010000
777 0.000238
778 0.001611
779 0.001177
780 0.000313
781 0.000301
782 0.000015
783 0.000000
