0 0.002966
1 0.003324
2 0.003433
3 0.004418
4 0.005082
5 0.010005
6 0.018781
7 0.016695
8 0.001318
9 0.000067
10 0.000031
11 0.000024
12 0.000025
13 0.000026
14 0.000024
15 0.000024
16 0.000019
17 0.000015
18 0.000069
19 0.000308
20 0.000734
21 0.000776
22 0.000981
23 0.001033
24 0.000916
25 0.000969
26 0.001208
27 0.001273
28 0.002548
29 0.002722
30 0.002797
31 0.003326
32 0.004172
33 0.005750
34 0.011832
35 0.012383
36 0.001087
37 0.000078
38 0.000027
39 0.000019
40 0.000018
41 0.000022
42 0.000019
43 0.000017
44 0.000013
45 0.000015
46 0.000027
47 0.000175
48 0.000576
49 0.000734
50 0.000001
51 0.000000
52 0.000867
53 0.001088
54 0.000969
55 0.001213
56 0.002722
57 0.002322
58 0.002218
59 0.002628
60 0.003173
61 0.004015
62 0.006184
63 0.002885
64 0.000659
65 0.000132
66 0.000059
67 0.000021
68 0.000012
69 0.000012
70 0.000012
71 0.000011
72 0.000011
73 0.000010
74 0.000013
75 0.000064
76 0.000002
77 0.000000
78 0.000000
79 0.000000
80 0.000000
81 0.000867
82 0.001093
83 0.001048
84 0.002608
85 0.002218
86 0.001876
87 0.001806
88 0.002235
89 0.002869
90 0.004015
91 0.000657
92 0.000194
93 0.000174
94 0.000102
95 0.000037
96 0.000018
97 0.000011
98 0.000010
99 0.000008
100 0.000009
101 0.000003
102 0.000000
103 0.000000
104 0.000000
105 0.000000
106 0.000000
107 0.000000
108 0.000008
109 0.000831
110 0.000939
111 0.001893
112 0.002218
113 0.002118
114 0.001700
115 0.001619
116 0.000000
117 0.000000
118 0.000000
119 0.000000
120 0.000000
121 0.000027
122 0.000162
123 0.000097
124 0.000033
125 0.000015
126 0.000007
127 0.000001
128 0.000000
129 0.000000
130 0.000000
131 0.000000
132 0.000000
133 0.000000
134 0.000000
135 0.000002
136 0.000345
137 0.000790
138 0.002099
139 0.009955
140 0.002118
141 0.001786
142 0.001619
143 0.001543
144 0.000000
145 0.000000
146 0.000000
147 0.000000
148 0.000000
149 0.000000
150 0.000000
151 0.000000
152 0.000000
153 0.000000
154 0.000000
155 0.000000
156 0.000000
157 0.000000
158 0.000000
159 0.000000
160 0.000000
161 0.000000
162 0.000001
163 0.000003
164 0.000815
165 0.002615
166 0.011941
167 0.032708
168 0.001786
169 0.001619
170 0.001543
171 0.001400
172 0.000000
173 0.000000
174 0.000000
175 0.000000
176 0.000000
177 0.000000
178 0.000000
179 0.000000
180 0.000000
181 0.000000
182 0.000000
183 0.000000
184 0.000000
185 0.000000
186 0.000000
187 0.000000
188 0.000000
189 0.000000
190 0.000006
191 0.000132
192 0.004286
193 0.013471
194 0.038869
195 0.056829
196 0.001619
197 0.001543
198 0.001282
199 0.001157
200 0.000040
201 0.000000
202 0.000000
203 0.000000
204 0.000000
205 0.000000
206 0.000000
207 0.000000
208 0.000000
209 0.000000
210 0.000000
211 0.000000
212 0.000000
213 0.000000
214 0.000000
215 0.000000
216 0.000000
217 0.000000
218 0.000002
219 0.001185
220 0.021259
221 0.055796
222 0.053645
223 0.011911
224 0.001543
225 0.001282
226 0.001157
227 0.001099
228 0.000854
229 0.000000
230 0.000000
231 0.000000
232 0.000000
233 0.000000
234 0.000000
235 0.000000
236 0.000000
237 0.000000
238 0.000000
239 0.000000
240 0.000000
241 0.000000
242 0.000000
243 0.000000
244 0.000000
245 0.000000
246 0.000004
247 0.000716
248 0.003117
249 0.002271
250 0.000951
251 0.000727
252 0.001470
253 0.001157
254 0.001099
255 0.000647
256 0.000150
257 0.000000
258 0.000000
259 0.000000
260 0.000000
261 0.000000
262 0.000000
263 0.000000
264 0.000000
265 0.000000
266 0.000000
267 0.000000
268 0.000000
269 0.000000
270 0.000000
271 0.000000
272 0.000000
273 0.000000
274 0.000002
275 0.000194
276 0.000069
277 0.000033
278 0.000029
279 0.000040
280 0.001157
281 0.000414
282 0.000227
283 0.000065
284 0.000029
285 0.000000
286 0.000000
287 0.000000
288 0.000000
289 0.000000
290 0.000000
291 0.000000
292 0.000000
293 0.000000
294 0.000000
295 0.000000
296 0.000000
297 0.000000
298 0.000000
299 0.000000
300 0.000000
301 0.000000
302 0.000001
303 0.000027
304 0.000009
305 0.000008
306 0.000010
307 0.000019
308 0.000267
309 0.000109
310 0.000039
311 0.000017
312 0.000001
313 0.000000
314 0.000000
315 0.000000
316 0.000000
317 0.000000
318 0.000000
319 0.000000
320 0.000000
321 0.000000
322 0.000000
323 0.000000
324 0.000000
325 0.000000
326 0.000000
327 0.000000
328 0.000000
329 0.000000
330 0.000000
331 0.000001
332 0.000008
333 0.000010
334 0.000019
335 0.000046
336 0.000070
337 0.000036
338 0.000025
339 0.000014
340 0.000000
341 0.000000
342 0.000000
343 0.000000
344 0.000000
345 0.000000
346 0.000000
347 0.000000
348 0.000000
349 0.000000
350 0.000000
351 0.000000
352 0.000001
353 0.000001
354 0.000000
355 0.000000
356 0.000000
357 0.000000
358 0.000000
359 0.000000
360 0.000013
361 0.000026
362 0.000051
363 0.000067
364 0.000046
365 0.000042
366 0.000030
367 0.000020
368 0.000000
369 0.000000
370 0.000000
371 0.000000
372 0.000000
373 0.000000
374 0.000000
375 0.000000
376 0.000000
377 0.000000
378 0.000000
379 0.000000
380 0.000045
381 0.000029
382 0.000002
383 0.000001
384 0.000000
385 0.000000
386 0.000000
387 0.000000
388 0.000011
389 0.000061
390 0.000165
391 0.000138
392 0.000092
393 0.000047
394 0.000024
395 0.000002
396 0.000000
397 0.000000
398 0.000000
399 0.000000
400 0.000000
401 0.000000
402 0.000000
403 0.000000
404 0.000000
405 0.000000
406 0.000000
407 0.000001
408 0.000029
409 0.000534
410 0.000043
411 0.000003
412 0.000000
413 0.000000
414 0.000000
415 0.000000
416 0.000005
417 0.000088
418 0.000066
419 0.000036
420 0.000251
421 0.000116
422 0.000058
423 0.000000
424 0.000000
425 0.000000
426 0.000000
427 0.000000
428 0.000000
429 0.000000
430 0.000000
431 0.000000
432 0.000000
433 0.000000
434 0.000000
435 0.000000
436 0.000001
437 0.000006
438 0.001707
439 0.000826
440 0.000006
441 0.000001
442 0.000000
443 0.000000
444 0.000000
445 0.000022
446 0.000011
447 0.000003
448 0.000506
449 0.000402
450 0.000186
451 0.000000
452 0.000000
453 0.000000
454 0.000000
455 0.000000
456 0.000000
457 0.000000
458 0.000000
459 0.000000
460 0.000000
461 0.000000
462 0.000000
463 0.000000
464 0.000000
465 0.000001
466 0.000186
467 0.999992
468 0.011018
469 0.000029
470 0.000000
471 0.000000
472 0.000000
473 0.000001
474 0.000002
475 0.000004
476 0.000670
477 0.000568
478 0.000093
479 0.000000
480 0.000000
481 0.000000
482 0.000000
483 0.000000
484 0.000000
485 0.000000
486 0.000000
487 0.000000
488 0.000000
489 0.000000
490 0.000000
491 0.000000
492 0.000000
493 0.000000
494 0.000003
495 0.000083
496 0.041787
497 0.000228
498 0.000001
499 0.000000
500 0.000000
501 0.000000
502 0.000008
503 0.000018
504 0.001005
505 0.000777
506 0.000013
507 0.000000
508 0.000000
509 0.000000
510 0.000000
511 0.000000
512 0.000000
513 0.000000
514 0.000000
515 0.000000
516 0.000000
517 0.000000
518 0.000000
519 0.000000
520 0.000000
521 0.000000
522 0.000000
523 0.000000
524 0.000002
525 0.000250
526 0.000020
527 0.000000
528 0.000000
529 0.000001
530 0.000071
531 0.000135
532 0.000957
533 0.000884
534 0.000004
535 0.000000
536 0.000000
537 0.000000
538 0.000000
539 0.000000
540 0.000000
541 0.000000
542 0.000002
543 0.000010
544 0.000002
545 0.000001
546 0.000000
547 0.000000
548 0.000000
549 0.000000
550 0.000000
551 0.000000
552 0.000000
553 0.000006
554 0.000970
555 0.000214
556 0.000001
557 0.000029
558 0.000649
559 0.000338
560 0.001126
561 0.001084
562 0.000004
563 0.000000
564 0.000000
565 0.000000
566 0.000000
567 0.000000
568 0.000001
569 0.000067
570 0.999991
571 0.001177
572 0.000005
573 0.000001
574 0.000000
575 0.000000
576 0.000000
577 0.000000
578 0.000000
579 0.000000
580 0.000000
581 0.000001
582 0.000439
583 0.004943
584 0.002897
585 0.007390
586 0.002416
587 0.001148
588 0.001324
589 0.001126
590 0.000046
591 0.000000
592 0.000000
593 0.000000
594 0.000000
595 0.000002
596 0.000153
597 0.002224
598 0.001141
599 0.000128
600 0.000001
601 0.000000
602 0.000000
603 0.000000
604 0.000000
605 0.000000
606 0.000000
607 0.000000
608 0.000000
609 0.000000
610 0.000005
611 0.001900
612 0.004067
613 0.010013
614 0.010013
615 0.004248
616 0.001425
617 0.001324
618 0.001126
619 0.000085
620 0.000001
621 0.000001
622 0.000007
623 0.000225
624 0.000124
625 0.000030
626 0.000026
627 0.000008
628 0.000000
629 0.000000
630 0.000000
631 0.000000
632 0.000000
633 0.000000
634 0.000000
635 0.000000
636 0.000000
637 0.000000
638 0.000003
639 0.000487
640 0.001380
641 0.004192
642 0.000000
643 0.000000
644 0.001479
645 0.001425
646 0.001374
647 0.001170
648 0.000682
649 0.000151
650 0.000143
651 0.000012
652 0.000004
653 0.000022
654 0.000053
655 0.000068
656 0.000022
657 0.000009
658 0.000002
659 0.000002
660 0.000004
661 0.000004
662 0.000001
663 0.000001
664 0.000001
665 0.000004
666 0.000125
667 0.000206
668 0.000534
669 0.000000
670 0.000000
671 0.000000
672 0.000000
673 0.001479
674 0.001425
675 0.001216
676 0.001503
677 0.002489
678 0.000138
679 0.000043
680 0.000671
681 0.004495
682 0.029367
683 0.001149
684 0.000339
685 0.000028
686 0.000007
687 0.000011
688 0.000043
689 0.000070
690 0.000019
691 0.000009
692 0.000017
693 0.000118
694 0.000134
695 0.000175
696 0.000000
697 0.000000
698 0.000000
699 0.000000
700 0.000000
701 0.000000
702 0.001479
703 0.001425
704 0.002621
705 0.005278
706 0.010004
707 0.027591
708 0.077672
709 0.032373
710 0.003150
711 0.000702
712 0.000638
713 0.000082
714 0.000040
715 0.000035
716 0.000056
717 0.000060
718 0.000084
719 0.000090
720 0.000096
721 0.000125
722 0.000165
723 0.000000
724 0.000000
725 0.000000
726 0.000000
727 0.000000
728 0.000000
729 0.000000
730 0.000000
731 0.000000
732 0.004680
733 0.010003
734 0.010008
735 0.048797
736 0.026945
737 0.007747
738 0.000952
739 0.000829
740 0.000788
741 0.000478
742 0.000156
743 0.000137
744 0.000074
745 0.000079
746 0.000090
747 0.000118
748 0.000125
749 0.000165
750 0.000000
751 0.000000
752 0.000000
753 0.000000
754 0.000000
755 0.000000
756 0.000000
757 0.000000
758 0.000001
759 0.000001
760 0.000000
761 0.010006
762 0.031133
763 0.025448
764 0.014471
765 0.001500
766 0.001078
767 0.001006
768 0.000819
769 0.001836
770 0.000800
771 0.000298
772 0.000079
773 0.000104
774 0.000090
775 0.000102
776 0.000134
777 0.000000
778 0.000047
779 0.000040
780 0.000004
781 0.000000
782 0.000000
783 0.000000
