0 0.002124
1 0.002011
2 0.001651
3 0.001804
4 0.001468
5 0.001186
6 0.001047
7 0.000985
8 0.000144
9 0.000027
10 0.000034
11 0.000069
12 0.000079
13 0.000097
14 0.000167
15 0.000114
16 0.000044
17 0.000024
18 0.000391
19 0.008071
20 0.021859
21 0.008312
22 0.002843
23 0.001792
24 0.001230
25 0.000995
26 0.001051
27 0.001111
28 0.001751
29 0.001904
30 0.001557
31 0.001468
32 0.001385
33 0.001233
34 0.000985
35 0.000563
36 0.000044
37 0.000009
38 0.000014
39 0.000030
40 0.000065
41 0.000091
42 0.000093
43 0.000307
44 0.000135
45 0.000078
46 0.000386
47 0.004561
48 0.009435
49 0.003075
50 0.000001
51 0.000001
52 0.000908
53 0.000942
54 0.000833
55 0.001051
56 0.001904
57 0.001557
58 0.001468
59 0.001385
60 0.001233
61 0.000985
62 0.000926
63 0.000192
64 0.000019
65 0.000006
66 0.000008
67 0.000014
68 0.000028
69 0.000061
70 0.000152
71 0.000807
72 0.001080
73 0.000646
74 0.000276
75 0.000873
76 0.000004
77 0.000001
78 0.000001
79 0.000001
80 0.000001
81 0.000741
82 0.000942
83 0.000833
84 0.001804
85 0.001468
86 0.001186
87 0.001047
88 0.000985
89 0.000926
90 0.000819
91 0.000059
92 0.000007
93 0.000004
94 0.000004
95 0.000006
96 0.000013
97 0.000063
98 0.000310
99 0.000685
100 0.006635
101 0.001243
102 0.000002
103 0.000001
104 0.000001
105 0.000001
106 0.000001
107 0.000001
108 0.000002
109 0.000699
110 0.000741
111 0.000942
112 0.001468
113 0.001385
114 0.001047
115 0.000985
116 0.000001
117 0.000001
118 0.000001
119 0.000001
120 0.000001
121 0.000002
122 0.000004
123 0.000004
124 0.000007
125 0.000089
126 0.000667
127 0.000152
128 0.000041
129 0.000002
130 0.000001
131 0.000001
132 0.000001
133 0.000001
134 0.000001
135 0.000002
136 0.001434
137 0.000545
138 0.000699
139 0.000892
140 0.001385
141 0.001115
142 0.000985
143 0.000926
144 0.000001
145 0.000001
146 0.000001
147 0.000001
148 0.000001
149 0.000001
150 0.000001
151 0.000001
152 0.000001
153 0.000001
154 0.000004
155 0.000002
156 0.000002
157 0.000001
158 0.000001
159 0.000001
160 0.000001
161 0.000001
162 0.000001
163 0.000003
164 0.000555
165 0.000512
166 0.000659
167 0.000822
168 0.001115
169 0.000985
170 0.000926
171 0.000819
172 0.000002
173 0.000001
174 0.000001
175 0.000001
176 0.000001
177 0.000001
178 0.000001
179 0.000001
180 0.000001
181 0.000001
182 0.000001
183 0.000001
184 0.000001
185 0.000002
186 0.000001
187 0.000001
188 0.000001
189 0.000001
190 0.000002
191 0.000877
192 0.000427
193 0.000454
194 0.000811
195 0.001949
196 0.000985
197 0.000926
198 0.000732
199 0.000643
200 0.000128
201 0.000001
202 0.000001
203 0.000001
204 0.000001
205 0.000001
206 0.000001
207 0.000001
208 0.000001
209 0.000001
210 0.000001
211 0.000001
212 0.000001
213 0.000002
214 0.000002
215 0.000001
216 0.000001
217 0.000002
218 0.000003
219 0.000207
220 0.000427
221 0.000942
222 0.001796
223 0.004087
224 0.000932
225 0.000737
226 0.000643
227 0.000602
228 0.000438
229 0.000002
230 0.000001
231 0.000001
232 0.000001
233 0.000001
234 0.000001
235 0.000001
236 0.000002
237 0.000001
238 0.000001
239 0.000001
240 0.000001
241 0.000002
242 0.000001
243 0.000001
244 0.000001
245 0.000002
246 0.000004
247 0.000017
248 0.000069
249 0.000225
250 0.000891
251 0.002091
252 0.001256
253 0.000647
254 0.000607
255 0.000322
256 0.000053
257 0.000002
258 0.000001
259 0.000001
260 0.000001
261 0.000001
262 0.000001
263 0.000002
264 0.000002
265 0.000003
266 0.000003
267 0.000002
268 0.000001
269 0.000001
270 0.000001
271 0.000001
272 0.000001
273 0.000002
274 0.000004
275 0.000010
276 0.000032
277 0.000130
278 0.000247
279 0.000355
280 0.002976
281 0.000488
282 0.000111
283 0.000028
284 0.000015
285 0.000001
286 0.000001
287 0.000001
288 0.000001
289 0.000001
290 0.000001
291 0.000002
292 0.000002
293 0.000004
294 0.000003
295 0.000002
296 0.000001
297 0.000001
298 0.000001
299 0.000002
300 0.000003
301 0.000003
302 0.000002
303 0.000037
304 0.000102
305 0.000125
306 0.000100
307 0.000062
308 0.001280
309 0.000388
310 0.000087
311 0.000017
312 0.000002
313 0.000001
314 0.000001
315 0.000001
316 0.000001
317 0.000001
318 0.000002
319 0.000002
320 0.000003
321 0.000002
322 0.000002
323 0.000002
324 0.000001
325 0.000001
326 0.000001
327 0.000002
328 0.000007
329 0.000006
330 0.000002
331 0.000010
332 0.000108
333 0.000056
334 0.000037
335 0.000029
336 0.000735
337 0.000392
338 0.000176
339 0.000049
340 0.000001
341 0.000001
342 0.000001
343 0.000001
344 0.000001
345 0.000002
346 0.000003
347 0.000004
348 0.000003
349 0.000002
350 0.000001
351 0.000001
352 0.000001
353 0.000001
354 0.000002
355 0.000004
356 0.000080
357 0.000052
358 0.000002
359 0.000002
360 0.000026
361 0.000019
362 0.000014
363 0.000010
364 0.000215
365 0.000349
366 0.000211
367 0.000139
368 0.000001
369 0.000001
370 0.000001
371 0.000001
372 0.000002
373 0.000004
374 0.000005
375 0.000004
376 0.000002
377 0.000001
378 0.000001
379 0.000001
380 0.000001
381 0.000001
382 0.000002
383 0.000009
384 0.999950
385 0.001368
386 0.000004
387 0.000002
388 0.000006
389 0.000009
390 0.000007
391 0.000010
392 0.000034
393 0.000035
394 0.000044
395 0.000009
396 0.000001
397 0.000001
398 0.000001
399 0.000002
400 0.000007
401 0.000008
402 0.000005
403 0.000002
404 0.000001
405 0.000001
406 0.000001
407 0.000001
408 0.000001
409 0.000001
410 0.000002
411 0.000008
412 0.000198
413 0.002086
414 0.000007
415 0.000002
416 0.000002
417 0.000020
418 0.000017
419 0.000012
420 0.000011
421 0.000009
422 0.000011
423 0.000002
424 0.000001
425 0.000001
426 0.000002
427 0.000020
428 0.000313
429 0.000017
430 0.000003
431 0.000001
432 0.000001
433 0.000001
434 0.000001
435 0.000001
436 0.000001
437 0.000001
438 0.000002
439 0.000003
440 0.000006
441 0.000010
442 0.000009
443 0.000002
444 0.000002
445 0.000063
446 0.000045
447 0.000031
448 0.000015
449 0.000007
450 0.000005
451 0.000001
452 0.000001
453 0.000001
454 0.000003
455 0.002417
456 0.999957
457 0.000011
458 0.000002
459 0.000001
460 0.000001
461 0.000001
462 0.000001
463 0.000001
464 0.000001
465 0.000001
466 0.000002
467 0.000002
468 0.000001
469 0.000002
470 0.000007
471 0.000004
472 0.000002
473 0.000022
474 0.000136
475 0.000130
476 0.000071
477 0.000029
478 0.000004
479 0.000001
480 0.000001
481 0.000001
482 0.000011
483 0.000611
484 0.000020
485 0.000003
486 0.000001
487 0.000001
488 0.000001
489 0.000001
490 0.000001
491 0.000001
492 0.000001
493 0.000001
494 0.000001
495 0.000001
496 0.000001
497 0.000001
498 0.000003
499 0.000004
500 0.000002
501 0.000003
502 0.000614
503 0.001312
504 0.000568
505 0.000241
506 0.000006
507 0.000001
508 0.000001
509 0.000004
510 0.000049
511 0.000006
512 0.000002
513 0.000001
514 0.000001
515 0.000001
516 0.000002
517 0.000002
518 0.000001
519 0.000001
520 0.000001
521 0.000001
522 0.000001
523 0.000001
524 0.000001
525 0.000001
526 0.000002
527 0.000003
528 0.000002
529 0.000003
530 0.001334
531 0.006983
532 0.000534
533 0.001838
534 0.000014
535 0.000001
536 0.000003
537 0.000088
538 0.000011
539 0.000002
540 0.000001
541 0.000001
542 0.000001
543 0.000001
544 0.000002
545 0.000002
546 0.000001
547 0.000001
548 0.000001
549 0.000001
550 0.000001
551 0.000001
552 0.000001
553 0.000001
554 0.000001
555 0.000002
556 0.000003
557 0.000006
558 0.001490
559 0.002641
560 0.003020
561 0.005970
562 0.000038
563 0.000002
564 0.000034
565 0.000290
566 0.000003
567 0.000001
568 0.000001
569 0.000001
570 0.000001
571 0.000001
572 0.000001
573 0.000001
574 0.000001
575 0.000001
576 0.000001
577 0.000002
578 0.000001
579 0.000001
580 0.000001
581 0.000001
582 0.000001
583 0.000001
584 0.000005
585 0.000434
586 0.000680
587 0.001347
588 0.007656
589 0.016067
590 0.000357
591 0.000043
592 0.000067
593 0.000005
594 0.000001
595 0.000001
596 0.000001
597 0.000001
598 0.000001
599 0.000001
600 0.000001
601 0.000001
602 0.000001
603 0.000001
604 0.000001
605 0.000002
606 0.000002
607 0.000001
608 0.000001
609 0.000001
610 0.000001
611 0.000003
612 0.000415
613 0.000434
614 0.000528
615 0.000553
616 0.020311
617 0.010044
618 0.010035
619 0.000529
620 0.000058
621 0.000001
622 0.000001
623 0.000001
624 0.000001
625 0.000001
626 0.000001
627 0.000001
628 0.000001
629 0.000001
630 0.000001
631 0.000001
632 0.000001
633 0.000002
634 0.000001
635 0.000001
636 0.000001
637 0.000001
638 0.000004
639 0.000415
640 0.000434
641 0.000528
642 0.000001
643 0.000002
644 0.010041
645 0.010033
646 0.005668
647 0.002245
648 0.000338
649 0.000002
650 0.000001
651 0.000001
652 0.000001
653 0.000001
654 0.000001
655 0.000003
656 0.000003
657 0.000006
658 0.000006
659 0.000003
660 0.000002
661 0.000002
662 0.000001
663 0.000001
664 0.000001
665 0.000006
666 0.000415
667 0.000505
668 0.000528
669 0.000001
670 0.000001
671 0.000002
672 0.000001
673 0.005803
674 0.002825
675 0.001179
676 0.000814
677 0.000659
678 0.000005
679 0.000003
680 0.000005
681 0.000023
682 0.000328
683 0.000311
684 0.000064
685 0.000014
686 0.000016
687 0.000081
688 0.000191
689 0.000272
690 0.000030
691 0.000014
692 0.000040
693 0.000396
694 0.000434
695 0.000528
696 0.000001
697 0.000001
698 0.000001
699 0.000001
700 0.000001
701 0.000001
702 0.001503
703 0.000895
704 0.000853
705 0.000814
706 0.000659
707 0.000627
708 0.000568
709 0.000456
710 0.000365
711 0.000328
712 0.000237
713 0.000058
714 0.000079
715 0.000223
716 0.000233
717 0.000244
718 0.000311
719 0.000325
720 0.000341
721 0.000415
722 0.000505
723 0.000001
724 0.000001
725 0.000001
726 0.000001
727 0.000001
728 0.000001
729 0.000001
730 0.000001
731 0.000001
732 0.000895
733 0.000853
734 0.000693
735 0.000659
736 0.000627
737 0.000506
738 0.000456
739 0.000434
740 0.000412
741 0.000276
742 0.000275
743 0.000273
744 0.000285
745 0.000297
746 0.000325
747 0.000397
748 0.000415
749 0.000505
750 0.000001
751 0.000001
752 0.000001
753 0.000001
754 0.000001
755 0.000001
756 0.000001
757 0.000001
758 0.000001
759 0.000001
760 0.000001
761 0.000895
762 0.000853
763 0.000693
764 0.000659
765 0.000627
766 0.000597
767 0.000569
768 0.000615
769 0.001343
770 0.001291
771 0.000463
772 0.000298
773 0.000363
774 0.000325
775 0.000357
776 0.000434
777 0.000001
778 0.000014
779 0.000009
780 0.000001
781 0.000001
782 0.000001
783 0.000001
