0 0.010049
1 0.010052
2 0.010060
3 0.010058
4 0.010067
5 0.010078
6 0.010085
7 0.010090
8 0.000398
9 0.000042
10 0.000029
11 0.000032
12 0.000036
13 0.000048
14 0.000051
15 0.000067
16 0.000058
17 0.000062
18 0.000081
19 0.000086
20 0.000114
21 0.000122
22 0.000163
23 0.000175
24 0.000150
25 0.000161
26 0.000215
27 0.000231
28 0.010055
29 0.010053
30 0.010060
31 0.010064
32 0.010068
33 0.010074
34 0.010086
35 0.003842
36 0.000129
37 0.000025
38 0.000022
39 0.000025
40 0.000032
41 0.000045
42 0.000045
43 0.000051
44 0.000054
45 0.000072
46 0.000076
47 0.000101
48 0.000085
49 0.000114
50 0.000174
51 0.000207
52 0.000140
53 0.000187
54 0.000161
55 0.000215
56 0.010052
57 0.010058
58 0.010061
59 0.010064
60 0.010070
61 0.010080
62 0.010085
63 0.000737
64 0.000053
65 0.000016
66 0.000021
67 0.000022
68 0.000025
69 0.000032
70 0.000037
71 0.000045
72 0.000051
73 0.000051
74 0.000072
75 0.000076
76 0.000126
77 0.000129
78 0.000146
79 0.000156
80 0.000207
81 0.000140
82 0.000187
83 0.000161
84 0.010054
85 0.010061
86 0.010068
87 0.010073
88 0.010076
89 0.010081
90 0.010088
91 0.000197
92 0.000024
93 0.000015
94 0.000016
95 0.000018
96 0.000023
97 0.000031
98 0.000033
99 0.000037
100 0.000045
101 0.000055
102 0.000084
103 0.000085
104 0.000114
105 0.000120
106 0.000136
107 0.000181
108 0.000179
109 0.000130
110 0.000140
111 0.000187
112 0.010063
113 0.010064
114 0.010072
115 0.010074
116 0.012380
117 0.011870
118 0.003628
119 0.000072
120 0.000011
121 0.000011
122 0.000015
123 0.000016
124 0.000021
125 0.000023
126 0.000031
127 0.000039
128 0.000056
129 0.000065
130 0.000077
131 0.000083
132 0.000113
133 0.000097
134 0.000118
135 0.000152
136 0.000144
137 0.000098
138 0.000130
139 0.000279
140 0.010065
141 0.010072
142 0.010075
143 0.010077
144 0.012493
145 0.012396
146 0.000645
147 0.000031
148 0.000009
149 0.000011
150 0.000012
151 0.000015
152 0.000017
153 0.000026
154 0.000030
155 0.000044
156 0.000039
157 0.000053
158 0.000056
159 0.000082
160 0.000087
161 0.000084
162 0.000114
163 0.000109
164 0.000100
165 0.000091
166 0.000244
167 0.000584
168 0.010073
169 0.010077
170 0.010079
171 0.010082
172 0.011129
173 0.012477
174 0.000170
175 0.000012
176 0.000007
177 0.000008
178 0.000012
179 0.000018
180 0.000020
181 0.000024
182 0.000027
183 0.000042
184 0.000039
185 0.000047
186 0.000055
187 0.000059
188 0.000076
189 0.000082
190 0.000097
191 0.000104
192 0.000093
193 0.000202
194 0.000683
195 0.003229
196 0.010078
197 0.010080
198 0.010088
199 0.010092
200 0.010599
201 0.011848
202 0.000042
203 0.000006
204 0.000007
205 0.000009
206 0.000011
207 0.000013
208 0.000017
209 0.000022
210 0.000024
211 0.000034
212 0.000037
213 0.000041
214 0.000043
215 0.000056
216 0.000060
217 0.000071
218 0.000077
219 0.000102
220 0.000258
221 0.000989
222 0.003030
223 0.008245
224 0.010080
225 0.010088
226 0.010093
227 0.010095
228 0.010106
229 0.000475
230 0.000017
231 0.000005
232 0.000006
233 0.000009
234 0.000010
235 0.000012
236 0.000016
237 0.000017
238 0.000022
239 0.000024
240 0.000033
241 0.000038
242 0.000040
243 0.000051
244 0.000052
245 0.000058
246 0.000129
247 0.000325
248 0.001309
249 0.005290
250 0.003832
251 0.001038
252 0.010083
253 0.010094
254 0.010096
255 0.010515
256 0.011390
257 0.000084
258 0.000007
259 0.000005
260 0.000006
261 0.000007
262 0.000008
263 0.000011
264 0.000014
265 0.000015
266 0.000016
267 0.000023
268 0.000024
269 0.000029
270 0.000036
271 0.000045
272 0.000041
273 0.000116
274 0.000351
275 0.001120
276 0.999724
277 0.001464
278 0.000504
279 0.000228
280 0.010094
281 0.010812
282 0.011264
283 0.011922
284 0.012349
285 0.000021
286 0.000003
287 0.000003
288 0.000004
289 0.000005
290 0.000006
291 0.000008
292 0.000009
293 0.000012
294 0.000013
295 0.000016
296 0.000023
297 0.000024
298 0.000032
299 0.000041
300 0.000091
301 0.000369
302 0.001511
303 0.002315
304 0.000857
305 0.000245
306 0.000114
307 0.000070
308 0.011284
309 0.011758
310 0.012201
311 0.012574
312 0.000353
313 0.000006
314 0.000002
315 0.000003
316 0.000003
317 0.000004
318 0.000005
319 0.000007
320 0.000008
321 0.000011
322 0.000012
323 0.000015
324 0.000017
325 0.000023
326 0.000032
327 0.000091
328 0.000338
329 0.001436
330 0.000761
331 0.000340
332 0.000118
333 0.000064
334 0.000051
335 0.000071
336 0.012046
337 0.012332
338 0.012457
339 0.012598
340 0.000037
341 0.000003
342 0.000002
343 0.000002
344 0.000003
345 0.000003
346 0.000004
347 0.000005
348 0.000006
349 0.000007
350 0.000009
351 0.000012
352 0.000015
353 0.000025
354 0.000074
355 0.000282
356 0.000676
357 0.000343
358 0.000107
359 0.000065
360 0.000033
361 0.000037
362 0.000049
363 0.000051
364 0.012171
365 0.012226
366 0.012360
367 0.012431
368 0.000008
369 0.000001
370 0.000001
371 0.000002
372 0.000002
373 0.000003
374 0.000003
375 0.000004
376 0.000005
377 0.000006
378 0.000007
379 0.000010
380 0.000019
381 0.000047
382 0.000203
383 0.000298
384 0.000144
385 0.000071
386 0.000030
387 0.000032
388 0.000034
389 0.000033
390 0.000037
391 0.000052
392 0.012072
393 0.012208
394 0.012344
395 0.000290
396 0.000002
397 0.000001
398 0.000001
399 0.000001
400 0.000002
401 0.000002
402 0.000003
403 0.000003
404 0.000004
405 0.000005
406 0.000007
407 0.000014
408 0.000033
409 0.000094
410 0.000111
411 0.000056
412 0.000033
413 0.000017
414 0.000019
415 0.000024
416 0.000032
417 0.000031
418 0.000035
419 0.000037
420 0.012058
421 0.012114
422 0.012253
423 0.000024
424 0.000001
425 0.000001
426 0.000001
427 0.000001
428 0.000001
429 0.000002
430 0.000002
431 0.000003
432 0.000003
433 0.000005
434 0.000010
435 0.000022
436 0.000045
437 0.000040
438 0.000024
439 0.000018
440 0.000015
441 0.000015
442 0.000021
443 0.000019
444 0.000024
445 0.000024
446 0.000031
447 0.000035
448 0.012124
449 0.012089
450 0.012231
451 0.000007
452 0.000001
453 0.000001
454 0.000001
455 0.000001
456 0.000001
457 0.000001
458 0.000002
459 0.000002
460 0.000003
461 0.000007
462 0.000011
463 0.000022
464 0.000017
465 0.000012
466 0.000009
467 0.000011
468 0.000011
469 0.000014
470 0.000017
471 0.000018
472 0.000022
473 0.000022
474 0.000027
475 0.000053
476 0.012030
477 0.012122
478 0.000943
479 0.000003
480 0.000001
481 0.000001
482 0.000001
483 0.000001
484 0.000001
485 0.000001
486 0.000001
487 0.000002
488 0.000004
489 0.000006
490 0.000008
491 0.000007
492 0.000006
493 0.000006
494 0.000008
495 0.000010
496 0.000009
497 0.000013
498 0.000014
499 0.000014
500 0.000030
501 0.000057
502 0.000125
503 0.000358
504 0.011680
505 0.012006
506 0.000043
507 0.000001
508 0.000001
509 0.000001
510 0.000001
511 0.000001
512 0.000001
513 0.000001
514 0.000001
515 0.000002
516 0.000003
517 0.000003
518 0.000003
519 0.000003
520 0.000004
521 0.000005
522 0.000006
523 0.000007
524 0.000007
525 0.000014
526 0.000031
527 0.000067
528 0.000169
529 0.000458
530 0.001723
531 0.010289
532 0.011719
533 0.011774
534 0.000012
535 0.000001
536 0.000001
537 0.000001
538 0.000001
539 0.000001
540 0.000001
541 0.000001
542 0.000001
543 0.000001
544 0.000002
545 0.000002
546 0.000002
547 0.000003
548 0.000003
549 0.000004
550 0.000005
551 0.000013
552 0.000027
553 0.000085
554 0.000266
555 0.001059
556 0.005476
557 0.011175
558 0.010277
559 0.010278
560 0.011623
561 0.011648
562 0.000010
563 0.000001
564 0.000001
565 0.000001
566 0.000001
567 0.000001
568 0.000001
569 0.000001
570 0.000001
571 0.000001
572 0.000001
573 0.000001
574 0.000002
575 0.000002
576 0.000005
577 0.000012
578 0.000031
579 0.000091
580 0.000472
581 0.004829
582 0.012454
583 0.013130
584 0.013303
585 0.010258
586 0.010263
587 0.010252
588 0.011519
589 0.011622
590 0.000075
591 0.000002
592 0.000001
593 0.000001
594 0.000001
595 0.000001
596 0.000001
597 0.000001
598 0.000001
599 0.000001
600 0.000001
601 0.000002
602 0.000003
603 0.000010
604 0.000038
605 0.000264
606 0.002510
607 0.010830
608 0.011179
609 0.011390
610 0.012031
611 0.012693
612 0.010245
613 0.010249
614 0.010240
615 0.010242
616 0.011470
617 0.011517
618 0.011620
619 0.000140
620 0.000003
621 0.000001
622 0.000001
623 0.000001
624 0.000001
625 0.000001
626 0.000001
627 0.000001
628 0.000003
629 0.000010
630 0.000047
631 0.001006
632 0.013736
633 0.013446
634 0.012289
635 0.010777
636 0.010713
637 0.010792
638 0.010899
639 0.010231
640 0.010232
641 0.010223
642 0.013569
643 0.013876
644 0.011444
645 0.011468
646 0.011490
647 0.011593
648 0.001203
649 0.000005
650 0.000002
651 0.000001
652 0.000001
653 0.000002
654 0.000005
655 0.000020
656 0.000226
657 0.012619
658 0.012635
659 0.013104
660 0.013186
661 0.012705
662 0.011650
663 0.010709
664 0.010602
665 0.010402
666 0.010229
667 0.010212
668 0.010211
669 0.013533
670 0.013539
671 0.013770
672 0.000000
673 0.011441
674 0.011466
675 0.011568
676 0.011516
677 0.011619
678 0.000018
679 0.000011
680 0.000024
681 0.000156
682 0.012164
683 0.012353
684 0.012459
685 0.012460
686 0.012553
687 0.012552
688 0.012651
689 0.011889
690 0.010415
691 0.010430
692 0.010335
693 0.010240
694 0.010228
695 0.010209
696 0.013524
697 0.013527
698 0.013479
699 0.013684
700 0.000000
701 0.000000
702 0.011441
703 0.011467
704 0.011490
705 0.011512
706 0.011608
707 0.011620
708 0.011660
709 0.011749
710 0.012029
711 0.012235
712 0.012378
713 0.012339
714 0.012378
715 0.012397
716 0.012274
717 0.011508
718 0.010270
719 0.010265
720 0.010258
721 0.010239
722 0.010220
723 0.013513
724 0.013175
725 0.013473
726 0.013501
727 0.013516
728 0.000000
729 0.000000
730 0.000000
731 0.000000
732 0.011464
733 0.011481
734 0.011574
735 0.011590
736 0.011602
737 0.011691
738 0.011726
739 0.012036
740 0.012191
741 0.012262
742 0.012346
743 0.012345
744 0.011949
745 0.011077
746 0.010267
747 0.010249
748 0.010244
749 0.010225
750 0.012136
751 0.011332
752 0.011635
753 0.012238
754 0.013561
755 0.013496
756 0.000000
757 0.000000
758 0.000000
759 0.000000
760 0.000000
761 0.011451
762 0.011466
763 0.011557
764 0.011571
765 0.011583
766 0.011595
767 0.011837
768 0.012106
769 0.012111
770 0.012216
771 0.012219
772 0.011616
773 0.010601
774 0.010268
775 0.010258
776 0.010241
777 0.011001
778 0.010562
779 0.010577
780 0.010820
781 0.011136
782 0.012136
783 0.013504
