0 0.001322
1 0.001234
2 0.000965
3 0.001298
4 0.002207
5 0.005009
6 0.010019
7 0.007751
8 0.000323
9 0.000011
10 0.000005
11 0.000004
12 0.000004
13 0.000004
14 0.000008
15 0.000020
16 0.000050
17 0.000031
18 0.000124
19 0.001108
20 0.006723
21 0.016861
22 0.020403
23 0.007308
24 0.002108
25 0.000826
26 0.000752
27 0.000801
28 0.001038
29 0.001153
30 0.000897
31 0.000835
32 0.001146
33 0.002404
34 0.006021
35 0.005426
36 0.000233
37 0.000011
38 0.000004
39 0.000003
40 0.000003
41 0.000004
42 0.000012
43 0.000035
44 0.000034
45 0.000022
46 0.000032
47 0.000592
48 0.014866
49 0.021990
50 0.003559
51 0.000001
52 0.000751
53 0.000663
54 0.000576
55 0.000752
56 0.001153
57 0.000897
58 0.000834
59 0.000777
60 0.000674
61 0.000954
62 0.002222
63 0.001042
64 0.000158
65 0.000018
66 0.000007
67 0.000003
68 0.000002
69 0.000005
70 0.000017
71 0.000037
72 0.000025
73 0.000013
74 0.000021
75 0.000453
76 0.018303
77 0.000003
78 0.000001
79 0.000001
80 0.000001
81 0.000504
82 0.000663
83 0.000576
84 0.001077
85 0.000834
86 0.000642
87 0.000552
88 0.000512
89 0.000476
90 0.000796
91 0.000120
92 0.000034
93 0.000037
94 0.000010
95 0.000004
96 0.000003
97 0.000009
98 0.000031
99 0.000031
100 0.000017
101 0.000012
102 0.000017
103 0.000007
104 0.000002
105 0.000002
106 0.000001
107 0.000001
108 0.000001
109 0.000472
110 0.000504
111 0.000663
112 0.000835
113 0.000777
114 0.000552
115 0.000512
116 0.000001
117 0.000001
118 0.000005
119 0.000001
120 0.000001
121 0.000009
122 0.000027
123 0.000007
124 0.000009
125 0.000015
126 0.000037
127 0.000011
128 0.000012
129 0.000011
130 0.000003
131 0.000002
132 0.000002
133 0.000001
134 0.000001
135 0.000001
136 0.000006
137 0.000355
138 0.000472
139 0.000623
140 0.000785
141 0.000596
142 0.000512
143 0.000475
144 0.000001
145 0.000002
146 0.000001
147 0.000002
148 0.000003
149 0.000002
150 0.000001
151 0.000001
152 0.000002
153 0.000006
154 0.000022
155 0.000009
156 0.000003
157 0.000003
158 0.000002
159 0.000001
160 0.000001
161 0.000001
162 0.000001
163 0.000001
164 0.000363
165 0.000331
166 0.000441
167 0.000472
168 0.003156
169 0.000659
170 0.000477
171 0.000410
172 0.000003
173 0.000001
174 0.000001
175 0.000001
176 0.000002
177 0.000004
178 0.000005
179 0.000007
180 0.000008
181 0.000006
182 0.000003
183 0.000002
184 0.000002
185 0.000001
186 0.000001
187 0.000001
188 0.000001
189 0.000001
190 0.000001
191 0.000001
192 0.000269
193 0.000288
194 0.000309
195 0.000766
196 0.007628
197 0.003866
198 0.001132
199 0.000309
200 0.000012
201 0.000001
202 0.000001
203 0.000001
204 0.000001
205 0.000001
206 0.000005
207 0.000070
208 0.999971
209 0.000032
210 0.000004
211 0.000002
212 0.000001
213 0.000001
214 0.000001
215 0.000001
216 0.000001
217 0.000001
218 0.000001
219 0.000004
220 0.000269
221 0.000288
222 0.000808
223 0.002741
224 0.021284
225 0.010155
226 0.004937
227 0.001903
228 0.000250
229 0.000002
230 0.000001
231 0.000001
232 0.000001
233 0.000001
234 0.000001
235 0.000003
236 0.000006
237 0.000007
238 0.000005
239 0.000004
240 0.000003
241 0.000002
242 0.000001
243 0.000001
244 0.000001
245 0.000001
246 0.000001
247 0.000016
248 0.000030
249 0.000204
250 0.000514
251 0.000821
252 0.010032
253 0.021093
254 0.019388
255 0.006881
256 0.002371
257 0.000002
258 0.000002
259 0.000001
260 0.000001
261 0.000001
262 0.000001
263 0.000001
264 0.000001
265 0.000002
266 0.000004
267 0.000005
268 0.000003
269 0.000002
270 0.000001
271 0.000001
272 0.000001
273 0.000001
274 0.000001
275 0.000028
276 0.000075
277 0.000086
278 0.000099
279 0.000100
280 0.010010
281 0.010031
282 0.010050
283 0.031703
284 0.009398
285 0.000003
286 0.000002
287 0.000002
288 0.000001
289 0.000001
290 0.000001
291 0.000001
292 0.000001
293 0.000002
294 0.000003
295 0.000003
296 0.000002
297 0.000001
298 0.000001
299 0.000001
300 0.000001
301 0.000001
302 0.000002
303 0.000381
304 0.000326
305 0.000253
306 0.000083
307 0.000036
308 0.002893
309 0.005524
310 0.010041
311 0.010068
312 0.002890
313 0.000008
314 0.000001
315 0.000002
316 0.000001
317 0.000001
318 0.000001
319 0.000001
320 0.000001
321 0.000002
322 0.000002
323 0.000001
324 0.000001
325 0.000001
326 0.000001
327 0.000001
328 0.000001
329 0.000001
330 0.000002
331 0.000028
332 0.000623
333 0.000186
334 0.000129
335 0.000135
336 0.000658
337 0.001167
338 0.002456
339 0.005150
340 0.000048
341 0.000002
342 0.000001
343 0.000002
344 0.000003
345 0.000002
346 0.000001
347 0.000002
348 0.000002
349 0.000002
350 0.000001
351 0.000001
352 0.000001
353 0.000001
354 0.000001
355 0.000001
356 0.000001
357 0.000001
358 0.000002
359 0.000002
360 0.000102
361 0.000118
362 0.000162
363 0.000173
364 0.000224
365 0.000265
366 0.000479
367 0.000338
368 0.000001
369 0.000001
370 0.000001
371 0.000002
372 0.000006
373 0.000006
374 0.000003
375 0.000003
376 0.000002
377 0.000001
378 0.000001
379 0.000001
380 0.000001
381 0.000001
382 0.000001
383 0.000001
384 0.000001
385 0.000001
386 0.000001
387 0.000001
388 0.000017
389 0.000102
390 0.000118
391 0.000174
392 0.000136
393 0.000078
394 0.000025
395 0.000002
396 0.000001
397 0.000001
398 0.000001
399 0.000002
400 0.000014
401 0.000225
402 0.000045
403 0.000003
404 0.000001
405 0.000001
406 0.000001
407 0.000001
408 0.000001
409 0.000001
410 0.000001
411 0.000001
412 0.000001
413 0.000001
414 0.000001
415 0.000001
416 0.000001
417 0.000057
418 0.000110
419 0.000118
420 0.000046
421 0.000012
422 0.000006
423 0.000001
424 0.000001
425 0.000001
426 0.000001
427 0.000002
428 0.000018
429 0.999963
430 0.000084
431 0.000003
432 0.000001
433 0.000001
434 0.000001
435 0.000001
436 0.000001
437 0.000001
438 0.000001
439 0.000001
440 0.000001
441 0.000001
442 0.000001
443 0.000001
444 0.000001
445 0.000016
446 0.000036
447 0.000068
448 0.000021
449 0.000005
450 0.000003
451 0.000001
452 0.000001
453 0.000001
454 0.000001
455 0.000003
456 0.000009
457 0.000013
458 0.000007
459 0.000002
460 0.000001
461 0.000001
462 0.000001
463 0.000001
464 0.000001
465 0.000001
466 0.000001
467 0.000001
468 0.000001
469 0.000001
470 0.000001
471 0.000001
472 0.000001
473 0.000002
474 0.000011
475 0.000041
476 0.000055
477 0.000020
478 0.000002
479 0.000001
480 0.000001
481 0.000001
482 0.000002
483 0.000005
484 0.000003
485 0.000002
486 0.000002
487 0.000002
488 0.000001
489 0.000001
490 0.000001
491 0.000001
492 0.000001
493 0.000001
494 0.000001
495 0.000001
496 0.000001
497 0.000001
498 0.000001
499 0.000001
500 0.000001
501 0.000001
502 0.000026
503 0.000107
504 0.000622
505 0.000261
506 0.000002
507 0.000001
508 0.000001
509 0.000002
510 0.000005
511 0.000004
512 0.000002
513 0.000001
514 0.000001
515 0.000001
516 0.000001
517 0.000001
518 0.000001
519 0.000001
520 0.000001
521 0.000001
522 0.000001
523 0.000001
524 0.000001
525 0.000001
526 0.000001
527 0.000001
528 0.000001
529 0.000001
530 0.000219
531 0.000780
532 0.000583
533 0.000738
534 0.000004
535 0.000001
536 0.000001
537 0.000003
538 0.000004
539 0.000002
540 0.000001
541 0.000001
542 0.000001
543 0.000001
544 0.000001
545 0.000001
546 0.000001
547 0.000001
548 0.000001
549 0.000001
550 0.000001
551 0.000001
552 0.000001
553 0.000001
554 0.000001
555 0.000001
556 0.000001
557 0.000003
558 0.000780
559 0.000814
560 0.001178
561 0.002264
562 0.000007
563 0.000001
564 0.000002
565 0.000005
566 0.000003
567 0.000001
568 0.000001
569 0.000001
570 0.000001
571 0.000001
572 0.000001
573 0.000001
574 0.000001
575 0.000001
576 0.000001
577 0.000001
578 0.000001
579 0.000001
580 0.000001
581 0.000001
582 0.000001
583 0.000001
584 0.000002
585 0.000780
586 0.000814
587 0.000974
588 0.002845
589 0.005704
590 0.000220
591 0.000003
592 0.000003
593 0.000002
594 0.000001
595 0.000001
596 0.000001
597 0.000001
598 0.000001
599 0.000001
600 0.000001
601 0.000001
602 0.000001
603 0.000001
604 0.000001
605 0.000001
606 0.000001
607 0.000001
608 0.000001
609 0.000001
610 0.000001
611 0.000003
612 0.000747
613 0.000780
614 0.000935
615 0.000974
616 0.007024
617 0.010026
618 0.010028
619 0.000289
620 0.000003
621 0.000001
622 0.000001
623 0.000001
624 0.000001
625 0.000001
626 0.000001
627 0.000001
628 0.000001
629 0.000001
630 0.000001
631 0.000001
632 0.000001
633 0.000001
634 0.000001
635 0.000001
636 0.000001
637 0.000001
638 0.000003
639 0.000747
640 0.000780
641 0.000935
642 0.000001
643 0.000001
644 0.010024
645 0.010025
646 0.006600
647 0.002731
648 0.000397
649 0.000001
650 0.000001
651 0.000001
652 0.000001
653 0.000001
654 0.000001
655 0.000001
656 0.000008
657 0.000172
658 0.000088
659 0.000002
660 0.000001
661 0.000001
662 0.000001
663 0.000001
664 0.000001
665 0.000004
666 0.000747
667 0.000898
668 0.000935
669 0.000001
670 0.000001
671 0.000001
672 0.000001
673 0.006579
674 0.003327
675 0.001440
676 0.000901
677 0.000720
678 0.000003
679 0.000002
680 0.000003
681 0.000016
682 0.000106
683 0.000085
684 0.000096
685 0.000231
686 0.000172
687 0.000056
688 0.000016
689 0.000041
690 0.000032
691 0.000012
692 0.000039
693 0.000716
694 0.000780
695 0.000935
696 0.000001
697 0.000001
698 0.000001
699 0.000001
700 0.000001
701 0.000001
702 0.001782
703 0.000999
704 0.000929
705 0.000887
706 0.000720
707 0.000685
708 0.000621
709 0.000499
710 0.000220
711 0.000093
712 0.000092
713 0.000254
714 0.000244
715 0.000155
716 0.000074
717 0.000145
718 0.000569
719 0.000592
720 0.000619
721 0.000747
722 0.000898
723 0.000001
724 0.000001
725 0.000001
726 0.000001
727 0.000001
728 0.000001
729 0.000001
730 0.000001
731 0.000001
732 0.000974
733 0.000929
734 0.000756
735 0.000720
736 0.000685
737 0.000553
738 0.000499
739 0.000126
740 0.000124
741 0.000164
742 0.000257
743 0.000243
744 0.000294
745 0.000580
746 0.000936
747 0.000717
748 0.000747
749 0.000898
750 0.000001
751 0.000001
752 0.000001
753 0.000001
754 0.000001
755 0.000001
756 0.000001
757 0.000001
758 0.000001
759 0.000001
760 0.000001
761 0.000974
762 0.000929
763 0.000756
764 0.000720
765 0.000685
766 0.000653
767 0.000246
768 0.000133
769 0.000154
770 0.000342
771 0.000328
772 0.000971
773 0.002337
774 0.001475
775 0.000757
776 0.000780
777 0.000001
778 0.000014
779 0.000008
780 0.000001
781 0.000001
782 0.000001
783 0.000001
