0 0.002820
1 0.002695
2 0.002289
3 0.002463
4 0.002077
5 0.001740
6 0.001569
7 0.001490
8 0.000295
9 0.000049
10 0.000035
11 0.000030
12 0.000032
13 0.000031
14 0.000030
15 0.000033
16 0.000046
17 0.000143
18 0.001853
19 0.013821
20 0.010156
21 0.003320
22 0.001544
23 0.001382
24 0.001181
25 0.001236
26 0.001507
27 0.001580
28 0.002404
29 0.002577
30 0.002180
31 0.002077
32 0.001979
33 0.001797
34 0.001490
35 0.000931
36 0.000105
37 0.000023
38 0.000021
39 0.000022
40 0.000022
41 0.000026
42 0.000027
43 0.000034
44 0.000075
45 0.000346
46 0.001264
47 0.003320
48 0.003794
49 0.001496
50 0.000000
51 0.000000
52 0.001118
53 0.001371
54 0.001234
55 0.001507
56 0.002577
57 0.002180
58 0.002077
59 0.001979
60 0.001797
61 0.001490
62 0.001415
63 0.000376
64 0.000048
65 0.000014
66 0.000019
67 0.000015
68 0.000013
69 0.000016
70 0.000021
71 0.000045
72 0.000236
73 0.000580
74 0.000427
75 0.000596
76 0.000000
77 0.000000
78 0.000000
79 0.000000
80 0.000000
81 0.001115
82 0.001371
83 0.001234
84 0.002463
85 0.002077
86 0.001740
87 0.001569
88 0.001490
89 0.001415
90 0.001277
91 0.000136
92 0.000017
93 0.000011
94 0.000010
95 0.000010
96 0.000010
97 0.000018
98 0.000028
99 0.000122
100 0.000473
101 0.000074
102 0.000000
103 0.000000
104 0.000000
105 0.000000
106 0.000000
107 0.000000
108 0.000000
109 0.001061
110 0.001115
111 0.001371
112 0.002077
113 0.001979
114 0.001569
115 0.001490
116 0.000000
117 0.000000
118 0.000000
119 0.000000
120 0.000000
121 0.000001
122 0.000009
123 0.000009
124 0.000014
125 0.000020
126 0.000067
127 0.000002
128 0.000000
129 0.000000
130 0.000000
131 0.000000
132 0.000000
133 0.000000
134 0.000000
135 0.000000
136 0.000014
137 0.000856
138 0.001061
139 0.001308
140 0.002094
141 0.001652
142 0.001490
143 0.001415
144 0.000000
145 0.000000
146 0.000000
147 0.000000
148 0.000000
149 0.000000
150 0.000000
151 0.000000
152 0.000000
153 0.000000
154 0.000000
155 0.000000
156 0.000000
157 0.000000
158 0.000000
159 0.000000
160 0.000000
161 0.000000
162 0.000000
163 0.000000
164 0.000869
165 0.000811
166 0.001009
167 0.001061
168 0.002069
169 0.001679
170 0.001415
171 0.001277
172 0.000000
173 0.000000
174 0.000000
175 0.000000
176 0.000000
177 0.000000
178 0.000000
179 0.000000
180 0.000000
181 0.000000
182 0.000000
183 0.000000
184 0.000000
185 0.000000
186 0.000000
187 0.000000
188 0.000000
189 0.000000
190 0.000000
191 0.000001
192 0.000692
193 0.000729
194 0.000769
195 0.001142
196 0.002317
197 0.002011
198 0.001472
199 0.001101
200 0.000003
201 0.000000
202 0.000000
203 0.000000
204 0.000000
205 0.000000
206 0.000000
207 0.000000
208 0.000000
209 0.000000
210 0.000000
211 0.000000
212 0.000000
213 0.000000
214 0.000000
215 0.000000
216 0.000000
217 0.000000
218 0.000000
219 0.000004
220 0.000692
221 0.000733
222 0.000863
223 0.001081
224 0.002514
225 0.002163
226 0.001811
227 0.001404
228 0.000918
229 0.000000
230 0.000000
231 0.000000
232 0.000000
233 0.000000
234 0.000000
235 0.000000
236 0.000000
237 0.000000
238 0.000000
239 0.000000
240 0.000000
241 0.000000
242 0.000000
243 0.000000
244 0.000000
245 0.000000
246 0.000000
247 0.000008
248 0.000016
249 0.000029
250 0.000069
251 0.000133
252 0.002527
253 0.002271
254 0.002271
255 0.000710
256 0.000037
257 0.000000
258 0.000000
259 0.000000
260 0.000000
261 0.000000
262 0.000000
263 0.000000
264 0.000000
265 0.000000
266 0.000000
267 0.000000
268 0.000000
269 0.000000
270 0.000000
271 0.000000
272 0.000000
273 0.000000
274 0.000000
275 0.000002
276 0.000003
277 0.000005
278 0.000008
279 0.000014
280 0.002295
281 0.000349
282 0.000098
283 0.000013
284 0.000003
285 0.000000
286 0.000000
287 0.000000
288 0.000000
289 0.000000
290 0.000000
291 0.000000
292 0.000000
293 0.000000
294 0.000000
295 0.000000
296 0.000000
297 0.000000
298 0.000000
299 0.000000
300 0.000000
301 0.000000
302 0.000000
303 0.000002
304 0.000003
305 0.000004
306 0.000004
307 0.000006
308 0.000100
309 0.000025
310 0.000005
311 0.000002
312 0.000000
313 0.000000
314 0.000000
315 0.000000
316 0.000000
317 0.000000
318 0.000000
319 0.000000
320 0.000000
321 0.000000
322 0.000000
323 0.000000
324 0.000000
325 0.000000
326 0.000000
327 0.000000
328 0.000000
329 0.000000
330 0.000000
331 0.000000
332 0.000003
333 0.000003
334 0.000004
335 0.000007
336 0.000008
337 0.000004
338 0.000003
339 0.000001
340 0.000000
341 0.000000
342 0.000000
343 0.000000
344 0.000000
345 0.000000
346 0.000000
347 0.000000
348 0.000000
349 0.000000
350 0.000000
351 0.000000
352 0.000000
353 0.000000
354 0.000000
355 0.000000
356 0.000000
357 0.000000
358 0.000000
359 0.000000
360 0.000002
361 0.000003
362 0.000005
363 0.000005
364 0.000005
365 0.000004
366 0.000002
367 0.000002
368 0.000000
369 0.000000
370 0.000000
371 0.000000
372 0.000000
373 0.000001
374 0.000001
375 0.000000
376 0.000000
377 0.000000
378 0.000000
379 0.000000
380 0.000000
381 0.000000
382 0.000000
383 0.000000
384 0.000000
385 0.000000
386 0.000000
387 0.000000
388 0.000001
389 0.000003
390 0.000004
391 0.000007
392 0.000009
393 0.000004
394 0.000002
395 0.000000
396 0.000000
397 0.000000
398 0.000000
399 0.000000
400 0.000001
401 0.000001
402 0.000001
403 0.000000
404 0.000000
405 0.000000
406 0.000000
407 0.000000
408 0.000000
409 0.000000
410 0.000000
411 0.000000
412 0.000000
413 0.000000
414 0.000000
415 0.000000
416 0.000000
417 0.000004
418 0.000008
419 0.000012
420 0.000025
421 0.000010
422 0.000004
423 0.000000
424 0.000000
425 0.000000
426 0.000000
427 0.000001
428 0.000003
429 0.000001
430 0.000000
431 0.000000
432 0.000000
433 0.000000
434 0.000000
435 0.000000
436 0.000000
437 0.000000
438 0.000000
439 0.000000
440 0.000000
441 0.000000
442 0.000000
443 0.000000
444 0.000000
445 0.000011
446 0.000022
447 0.000038
448 0.000048
449 0.000033
450 0.000019
451 0.000000
452 0.000000
453 0.000000
454 0.000003
455 0.000508
456 0.000010
457 0.000001
458 0.000000
459 0.000000
460 0.000000
461 0.000000
462 0.000000
463 0.000000
464 0.000000
465 0.000000
466 0.000000
467 0.000000
468 0.000000
469 0.000000
470 0.000000
471 0.000000
472 0.000000
473 0.000008
474 0.000046
475 0.000062
476 0.000056
477 0.000048
478 0.000010
479 0.000000
480 0.000000
481 0.000001
482 0.001335
483 0.034398
484 0.000001
485 0.000000
486 0.000000
487 0.000000
488 0.000000
489 0.000000
490 0.000000
491 0.000000
492 0.000000
493 0.000000
494 0.000000
495 0.000000
496 0.000000
497 0.000000
498 0.000000
499 0.000000
500 0.000000
501 0.000001
502 0.000078
503 0.000096
504 0.000080
505 0.000056
506 0.000002
507 0.000000
508 0.000001
509 0.000099
510 0.999990
511 0.000021
512 0.000000
513 0.000000
514 0.000000
515 0.000000
516 0.000000
517 0.000000
518 0.000000
519 0.000000
520 0.000000
521 0.000000
522 0.000000
523 0.000000
524 0.000000
525 0.000000
526 0.000000
527 0.000000
528 0.000000
529 0.000001
530 0.000123
531 0.000158
532 0.000072
533 0.000061
534 0.000001
535 0.000000
536 0.000021
537 0.017507
538 0.000019
539 0.000000
540 0.000000
541 0.000000
542 0.000000
543 0.000000
544 0.000000
545 0.000000
546 0.000000
547 0.000001
548 0.000004
549 0.000003
550 0.000000
551 0.000000
552 0.000000
553 0.000000
554 0.000000
555 0.000000
556 0.000000
557 0.000002
558 0.000158
559 0.000166
560 0.000116
561 0.000325
562 0.000007
563 0.000003
564 0.000936
565 0.000047
566 0.000000
567 0.000000
568 0.000000
569 0.000000
570 0.000000
571 0.000000
572 0.000000
573 0.000000
574 0.000001
575 0.000002
576 0.002226
577 0.999992
578 0.000010
579 0.000000
580 0.000000
581 0.000000
582 0.000000
583 0.000000
584 0.000001
585 0.000158
586 0.000166
587 0.000204
588 0.000491
589 0.001555
590 0.000340
591 0.000123
592 0.000223
593 0.000001
594 0.000000
595 0.000000
596 0.000000
597 0.000000
598 0.000000
599 0.000001
600 0.000001
601 0.000001
602 0.000001
603 0.000001
604 0.000075
605 0.005871
606 0.007871
607 0.000091
608 0.000002
609 0.000000
610 0.000000
611 0.000002
612 0.000151
613 0.000158
614 0.000195
615 0.000204
616 0.002357
617 0.008142
618 0.010009
619 0.001146
620 0.000010
621 0.000000
622 0.000000
623 0.000000
624 0.000000
625 0.000001
626 0.000001
627 0.000001
628 0.000000
629 0.000000
630 0.000000
631 0.000000
632 0.000006
633 0.000053
634 0.001868
635 0.005625
636 0.002160
637 0.000029
638 0.000011
639 0.000151
640 0.000158
641 0.000195
642 0.000000
643 0.000000
644 0.008312
645 0.010009
646 0.002697
647 0.000570
648 0.000069
649 0.000001
650 0.000003
651 0.000008
652 0.000018
653 0.000016
654 0.000001
655 0.000000
656 0.000000
657 0.000000
658 0.000000
659 0.000001
660 0.000017
661 0.000006
662 0.000028
663 0.000129
664 0.000033
665 0.000353
666 0.000554
667 0.000262
668 0.000195
669 0.000000
670 0.000000
671 0.000000
672 0.000000
673 0.002846
674 0.000844
675 0.000200
676 0.000142
677 0.000101
678 0.000366
679 0.000068
680 0.000024
681 0.000010
682 0.000003
683 0.000001
684 0.000000
685 0.000000
686 0.000001
687 0.000017
688 0.000030
689 0.000334
690 0.000538
691 0.001483
692 0.001746
693 0.004805
694 0.001499
695 0.000598
696 0.000000
697 0.000000
698 0.000000
699 0.000000
700 0.000000
701 0.000000
702 0.000300
703 0.000166
704 0.000154
705 0.000142
706 0.000101
707 0.000093
708 0.000080
709 0.000056
710 0.000011
711 0.000001
712 0.000000
713 0.000001
714 0.000005
715 0.000081
716 0.000036
717 0.000102
718 0.001530
719 0.005788
720 0.031465
721 0.010010
722 0.004919
723 0.000000
724 0.000000
725 0.000000
726 0.000000
727 0.000000
728 0.000000
729 0.000000
730 0.000000
731 0.000000
732 0.000166
733 0.000154
734 0.000110
735 0.000101
736 0.000093
737 0.000066
738 0.000056
739 0.000003
740 0.000001
741 0.000001
742 0.000016
743 0.000085
744 0.000044
745 0.000045
746 0.000704
747 0.002727
748 0.011499
749 0.036876
750 0.000001
751 0.000002
752 0.000001
753 0.000000
754 0.000000
755 0.000000
756 0.000000
757 0.000000
758 0.000000
759 0.000000
760 0.000000
761 0.000166
762 0.000154
763 0.000110
764 0.000101
765 0.000093
766 0.000086
767 0.000012
768 0.000002
769 0.000006
770 0.000081
771 0.000060
772 0.000047
773 0.000056
774 0.000123
775 0.001172
776 0.003870
777 0.000209
778 0.003646
779 0.001383
780 0.000021
781 0.000007
782 0.000000
783 0.000000
