0 0.004784
1 0.004665
2 0.004234
3 0.004457
4 0.004069
5 0.004251
6 0.004949
7 0.007269
8 0.009085
9 0.007335
10 0.004652
11 0.003543
12 0.002389
13 0.001717
14 0.001156
15 0.001335
16 0.001134
17 0.000476
18 0.000376
19 0.000941
20 0.001654
21 0.001718
22 0.002021
23 0.002094
24 0.001927
25 0.002060
26 0.003149
27 0.004304
28 0.004343
29 0.004535
30 0.004113
31 0.003997
32 0.003925
33 0.003758
34 0.004189
35 0.004998
36 0.005818
37 0.006059
38 0.005143
39 0.003435
40 0.001396
41 0.001138
42 0.001120
43 0.001103
44 0.001207
45 0.000709
46 0.000370
47 0.000662
48 0.001398
49 0.001654
50 0.000014
51 0.000000
52 0.001907
53 0.002929
54 0.004103
55 0.006842
56 0.004518
57 0.004097
58 0.003987
59 0.003883
60 0.003666
61 0.003325
62 0.003280
63 0.004024
64 0.003522
65 0.003710
66 0.005369
67 0.002591
68 0.000963
69 0.000659
70 0.000954
71 0.001104
72 0.001088
73 0.000770
74 0.000369
75 0.000355
76 0.000033
77 0.000000
78 0.000000
79 0.000000
80 0.000000
81 0.003882
82 0.006628
83 0.010751
84 0.004396
85 0.003970
86 0.003577
87 0.003369
88 0.003275
89 0.003186
90 0.003226
91 0.002720
92 0.002429
93 0.002467
94 0.003106
95 0.001577
96 0.000774
97 0.000587
98 0.000753
99 0.000937
100 0.001017
101 0.000576
102 0.000011
103 0.000001
104 0.000000
105 0.000000
106 0.000000
107 0.000000
108 0.003193
109 0.006664
110 0.010613
111 0.010606
112 0.004981
113 0.003854
114 0.003351
115 0.003256
116 0.000000
117 0.000000
118 0.000002
119 0.000006
120 0.000048
121 0.001014
122 0.001267
123 0.000865
124 0.000604
125 0.000568
126 0.000599
127 0.000161
128 0.000034
129 0.000007
130 0.000000
131 0.000000
132 0.000000
133 0.000000
134 0.000000
135 0.001379
136 0.004239
137 0.010313
138 0.010434
139 0.009914
140 0.006687
141 0.004766
142 0.003245
143 0.003145
144 0.000000
145 0.000000
146 0.000001
147 0.000003
148 0.000001
149 0.000003
150 0.000001
151 0.000002
152 0.000018
153 0.000012
154 0.000016
155 0.000007
156 0.000001
157 0.000000
158 0.000000
159 0.000000
160 0.000000
161 0.000000
162 0.000422
163 0.005548
164 0.011101
165 0.010264
166 0.008641
167 0.005828
168 0.009198
169 0.006442
170 0.004872
171 0.003397
172 0.000013
173 0.000000
174 0.000001
175 0.000010
176 0.000027
177 0.000001
178 0.000000
179 0.000000
180 0.000000
181 0.000000
182 0.000000
183 0.000000
184 0.000000
185 0.000000
186 0.000000
187 0.000000
188 0.000000
189 0.000084
190 0.005519
191 0.009840
192 0.010312
193 0.007450
194 0.006353
195 0.006574
196 0.010000
197 0.010000
198 0.006925
199 0.004801
200 0.003365
201 0.000001
202 0.000000
203 0.000002
204 0.000005
205 0.000001
206 0.000001
207 0.000000
208 0.000000
209 0.000000
210 0.000000
211 0.000000
212 0.000000
213 0.000000
214 0.000000
215 0.000000
216 0.000002
217 0.000646
218 0.003661
219 0.004156
220 0.006510
221 0.006182
222 0.006680
223 0.008008
224 0.007494
225 0.009706
226 0.010000
227 0.007464
228 0.005168
229 0.000079
230 0.000000
231 0.000000
232 0.000000
233 0.000001
234 0.000000
235 0.000000
236 0.000000
237 0.000000
238 0.000000
239 0.000000
240 0.000000
241 0.000000
242 0.000000
243 0.000002
244 0.000087
245 0.000059
246 0.000258
247 0.000703
248 0.001120
249 0.001797
250 0.003631
251 0.006936
252 0.004698
253 0.005992
254 0.007957
255 0.007590
256 0.002774
257 0.001286
258 0.000001
259 0.000000
260 0.000000
261 0.000000
262 0.000000
263 0.000000
264 0.000000
265 0.000000
266 0.000000
267 0.000000
268 0.000000
269 0.000003
270 0.000060
271 0.001236
272 0.000356
273 0.000047
274 0.000050
275 0.000272
276 0.000398
277 0.001012
278 0.001360
279 0.001710
280 0.002642
281 0.001948
282 0.001807
283 0.001770
284 0.002577
285 0.002037
286 0.000067
287 0.000000
288 0.000000
289 0.000000
290 0.000000
291 0.000000
292 0.000000
293 0.000000
294 0.000000
295 0.000000
296 0.000000
297 0.000063
298 0.006343
299 0.999997
300 0.002317
301 0.000136
302 0.000092
303 0.001302
304 0.001624
305 0.001198
306 0.000747
307 0.000453
308 0.001241
309 0.000872
310 0.000761
311 0.000970
312 0.001789
313 0.004101
314 0.999992
315 0.000001
316 0.000000
317 0.000000
318 0.000000
319 0.000000
320 0.000000
321 0.000000
322 0.000000
323 0.000000
324 0.000016
325 0.001388
326 0.014013
327 0.004672
328 0.005143
329 0.000674
330 0.000532
331 0.001966
332 0.005080
333 0.001860
334 0.000803
335 0.000426
336 0.001379
337 0.001163
338 0.001331
339 0.001532
340 0.001385
341 0.002522
342 0.000615
343 0.000001
344 0.000000
345 0.000000
346 0.000000
347 0.000000
348 0.000000
349 0.000000
350 0.000000
351 0.000012
352 0.000702
353 0.022471
354 0.007482
355 0.008171
356 0.006227
357 0.001182
358 0.000164
359 0.000538
360 0.003559
361 0.001768
362 0.000921
363 0.000448
364 0.002213
365 0.003113
366 0.003088
367 0.001996
368 0.000269
369 0.000223
370 0.000020
371 0.000000
372 0.000000
373 0.000000
374 0.000000
375 0.000000
376 0.000000
377 0.000000
378 0.000003
379 0.000081
380 0.003227
381 0.019846
382 0.019182
383 0.011980
384 0.018836
385 0.001572
386 0.000022
387 0.000019
388 0.000343
389 0.000786
390 0.000793
391 0.000995
392 0.002063
393 0.002248
394 0.001600
395 0.000581
396 0.000124
397 0.000012
398 0.000001
399 0.000000
400 0.000000
401 0.000000
402 0.000000
403 0.000000
404 0.000000
405 0.000000
406 0.000017
407 0.000558
408 0.002970
409 0.006897
410 0.029481
411 0.999981
412 0.006715
413 0.000917
414 0.000013
415 0.000001
416 0.000019
417 0.000285
418 0.000453
419 0.000983
420 0.001531
421 0.000731
422 0.000485
423 0.000105
424 0.000085
425 0.000003
426 0.000000
427 0.000000
428 0.000000
429 0.000000
430 0.000000
431 0.000000
432 0.000000
433 0.000001
434 0.000065
435 0.000608
436 0.001399
437 0.011745
438 0.008184
439 0.005718
440 0.002024
441 0.000560
442 0.000026
443 0.000001
444 0.000004
445 0.000289
446 0.000530
447 0.001190
448 0.000835
449 0.000363
450 0.000176
451 0.000030
452 0.000014
453 0.000001
454 0.000000
455 0.000000
456 0.000000
457 0.000000
458 0.000000
459 0.000000
460 0.000000
461 0.000007
462 0.000052
463 0.000146
464 0.001099
465 0.001064
466 0.001465
467 0.001284
468 0.000334
469 0.000163
470 0.000128
471 0.000009
472 0.000006
473 0.000370
474 0.001292
475 0.002119
476 0.001003
477 0.000467
478 0.000155
479 0.000077
480 0.000002
481 0.000000
482 0.000000
483 0.000000
484 0.000000
485 0.000000
486 0.000000
487 0.000000
488 0.000001
489 0.000006
490 0.000018
491 0.000015
492 0.000022
493 0.000041
494 0.000061
495 0.000158
496 0.000325
497 0.000296
498 0.000328
499 0.000168
500 0.000048
501 0.000520
502 0.003852
503 0.002996
504 0.002123
505 0.001350
506 0.000188
507 0.000063
508 0.000002
509 0.000000
510 0.000000
511 0.000000
512 0.000000
513 0.000000
514 0.000000
515 0.000000
516 0.000001
517 0.000002
518 0.000001
519 0.000000
520 0.000000
521 0.000001
522 0.000013
523 0.000280
524 0.001493
525 0.002018
526 0.002876
527 0.000924
528 0.000155
529 0.000436
530 0.008260
531 0.006346
532 0.002031
533 0.001908
534 0.000483
535 0.000047
536 0.000001
537 0.000000
538 0.000000
539 0.000000
540 0.000000
541 0.000000
542 0.000001
543 0.000002
544 0.000000
545 0.000000
546 0.000000
547 0.000000
548 0.000000
549 0.000000
550 0.000004
551 0.000162
552 0.999971
553 0.014795
554 0.005399
555 0.003092
556 0.000537
557 0.000495
558 0.010012
559 0.010012
560 0.002307
561 0.002240
562 0.000699
563 0.000030
564 0.000001
565 0.000001
566 0.000001
567 0.000001
568 0.000002
569 0.000007
570 0.000006
571 0.000001
572 0.000000
573 0.000000
574 0.000000
575 0.000000
576 0.000000
577 0.000000
578 0.000001
579 0.000018
580 0.000295
581 0.008320
582 0.019216
583 0.004370
584 0.000497
585 0.005697
586 0.006424
587 0.010010
588 0.002612
589 0.002307
590 0.000748
591 0.000033
592 0.000002
593 0.000001
594 0.000002
595 0.000012
596 0.000039
597 0.000040
598 0.000009
599 0.000001
600 0.000000
601 0.000000
602 0.000000
603 0.000000
604 0.000000
605 0.000000
606 0.000000
607 0.000001
608 0.000010
609 0.000241
610 0.007644
611 0.008891
612 0.005641
613 0.005695
614 0.005753
615 0.005813
616 0.002760
617 0.002612
618 0.002307
619 0.000392
620 0.000016
621 0.000004
622 0.000003
623 0.000014
624 0.000020
625 0.000026
626 0.000015
627 0.000036
628 0.000019
629 0.000012
630 0.000004
631 0.000002
632 0.000001
633 0.000000
634 0.000001
635 0.000001
636 0.000003
637 0.000034
638 0.001356
639 0.010004
640 0.007954
641 0.005753
642 0.000000
643 0.000013
644 0.002837
645 0.002760
646 0.002685
647 0.002376
648 0.001210
649 0.000031
650 0.000006
651 0.000009
652 0.000023
653 0.000085
654 0.000307
655 0.001106
656 0.001887
657 0.001701
658 0.000732
659 0.000147
660 0.000039
661 0.000015
662 0.000006
663 0.000004
664 0.000009
665 0.000222
666 0.003425
667 0.006287
668 0.010004
669 0.000000
670 0.000000
671 0.000017
672 0.000000
673 0.002837
674 0.002760
675 0.002447
676 0.002612
677 0.002587
678 0.000176
679 0.000199
680 0.000826
681 0.002762
682 0.010001
683 0.010000
684 0.008526
685 0.003070
686 0.001274
687 0.000721
688 0.000773
689 0.001005
690 0.000337
691 0.000231
692 0.000408
693 0.001358
694 0.002226
695 0.003979
696 0.000000
697 0.000000
698 0.000000
699 0.000001
700 0.000000
701 0.000000
702 0.002837
703 0.002760
704 0.002847
705 0.003875
706 0.006946
707 0.011330
708 0.011783
709 0.010001
710 0.010001
711 0.010000
712 0.009999
713 0.004758
714 0.002171
715 0.000973
716 0.000897
717 0.000928
718 0.001109
719 0.001146
720 0.001185
721 0.001363
722 0.001610
723 0.000000
724 0.000000
725 0.000000
726 0.000000
727 0.000000
728 0.000000
729 0.000000
730 0.000000
731 0.000000
732 0.003367
733 0.006607
734 0.009536
735 0.012408
736 0.010001
737 0.010001
738 0.010001
739 0.010000
740 0.009999
741 0.008622
742 0.003278
743 0.001607
744 0.001039
745 0.001073
746 0.001146
747 0.001320
748 0.001363
749 0.001564
750 0.000000
751 0.000000
752 0.000000
753 0.000000
754 0.000000
755 0.000000
756 0.000000
757 0.000000
758 0.000000
759 0.000000
760 0.000000
761 0.008246
762 0.011743
763 0.010001
764 0.010001
765 0.010001
766 0.010001
767 0.010000
768 0.009999
769 0.010001
770 0.004966
771 0.002369
772 0.001201
773 0.001239
774 0.001146
775 0.001225
776 0.001407
777 0.000000
778 0.000240
779 0.000178
780 0.000003
781 0.000000
782 0.000000
783 0.000000
