0 0.006266
1 0.002598
2 0.001547
3 0.001208
4 0.000754
5 0.000568
6 0.000482
7 0.000444
8 0.000021
9 0.000002
10 0.000001
11 0.000001
12 0.000001
13 0.000001
14 0.000001
15 0.000001
16 0.000001
17 0.000001
18 0.000003
19 0.000028
20 0.000123
21 0.000134
22 0.000194
23 0.000210
24 0.000174
25 0.000190
26 0.000270
27 0.000294
28 0.015095
29 0.006267
30 0.002316
31 0.001427
32 0.000870
33 0.000598
34 0.000444
35 0.000181
36 0.000004
37 0.000001
38 0.000001
39 0.000001
40 0.000001
41 0.000001
42 0.000001
43 0.000001
44 0.000001
45 0.000001
46 0.000001
47 0.000011
48 0.000084
49 0.000123
50 0.000001
51 0.000001
52 0.000159
53 0.000229
54 0.000190
55 0.000271
56 0.032880
57 0.015097
58 0.007277
59 0.002254
60 0.001265
61 0.000573
62 0.000410
63 0.000034
64 0.000002
65 0.000001
66 0.000001
67 0.000001
68 0.000001
69 0.000001
70 0.000001
71 0.000001
72 0.000001
73 0.000001
74 0.000001
75 0.000003
76 0.000001
77 0.000000
78 0.000000
79 0.000001
80 0.000001
81 0.000159
82 0.000229
83 0.000415
84 0.024359
85 0.036151
86 0.017477
87 0.006545
88 0.001704
89 0.000930
90 0.000493
91 0.000006
92 0.000001
93 0.000001
94 0.000001
95 0.000001
96 0.000001
97 0.000001
98 0.000001
99 0.000001
100 0.000001
101 0.000001
102 0.000001
103 0.000001
104 0.000000
105 0.000000
106 0.000001
107 0.000001
108 0.000001
109 0.000146
110 0.000360
111 0.001228
112 0.008259
113 0.021940
114 0.038189
115 0.017480
116 0.000000
117 0.000001
118 0.000001
119 0.000001
120 0.000001
121 0.000001
122 0.000001
123 0.000001
124 0.000001
125 0.000001
126 0.000001
127 0.000001
128 0.000001
129 0.000001
130 0.000000
131 0.000000
132 0.000000
133 0.000000
134 0.000001
135 0.000001
136 0.000001
137 0.000308
138 0.001104
139 0.004164
140 0.002087
141 0.006543
142 0.019736
143 0.037989
144 0.000000
145 0.000000
146 0.000001
147 0.000001
148 0.000001
149 0.000001
150 0.000001
151 0.000002
152 0.000001
153 0.000001
154 0.000001
155 0.000001
156 0.000000
157 0.000000
158 0.000000
159 0.000000
160 0.000000
161 0.000001
162 0.000001
163 0.000002
164 0.000345
165 0.000993
166 0.003965
167 0.008033
168 0.000834
169 0.001520
170 0.004288
171 0.015363
172 0.000000
173 0.000000
174 0.000000
175 0.000000
176 0.000000
177 0.000000
178 0.000001
179 0.000001
180 0.000001
181 0.000001
182 0.000001
183 0.000001
184 0.000001
185 0.000001
186 0.000000
187 0.000000
188 0.000000
189 0.000001
190 0.000001
191 0.000002
192 0.001228
193 0.003714
194 0.005748
195 0.002517
196 0.000444
197 0.000610
198 0.000817
199 0.003151
200 0.000002
201 0.000000
202 0.000000
203 0.000000
204 0.000000
205 0.000000
206 0.000000
207 0.000000
208 0.000000
209 0.000001
210 0.000001
211 0.000001
212 0.000001
213 0.000001
214 0.000001
215 0.000001
216 0.000001
217 0.000002
218 0.000004
219 0.000007
220 0.005978
221 0.004490
222 0.001561
223 0.000627
224 0.000410
225 0.000301
226 0.000340
227 0.000601
228 0.001475
229 0.000000
230 0.000000
231 0.000000
232 0.000001
233 0.000000
234 0.000000
235 0.000000
236 0.000000
237 0.000000
238 0.000000
239 0.000000
240 0.000001
241 0.000001
242 0.000001
243 0.000001
244 0.000005
245 0.000022
246 0.000124
247 0.999855
248 0.003102
249 0.000755
250 0.000321
251 0.000160
252 0.000378
253 0.000254
254 0.000233
255 0.000080
256 0.000007
257 0.000001
258 0.000000
259 0.000000
260 0.000000
261 0.000001
262 0.000001
263 0.000000
264 0.000000
265 0.000000
266 0.000000
267 0.000000
268 0.000000
269 0.000000
270 0.000000
271 0.000001
272 0.000003
273 0.000041
274 0.000018
275 0.000462
276 0.000574
277 0.000555
278 0.000670
279 0.000316
280 0.000254
281 0.000025
282 0.000006
283 0.000001
284 0.000001
285 0.000001
286 0.000000
287 0.000000
288 0.000000
289 0.000001
290 0.000001
291 0.000001
292 0.000001
293 0.000000
294 0.000000
295 0.000000
296 0.000000
297 0.000000
298 0.000000
299 0.000001
300 0.000002
301 0.000003
302 0.000002
303 0.000003
304 0.000004
305 0.000015
306 0.000101
307 0.000860
308 0.000009
309 0.000002
310 0.000001
311 0.000001
312 0.000001
313 0.000001
314 0.000000
315 0.000000
316 0.000000
317 0.000000
318 0.000001
319 0.000001
320 0.000001
321 0.000001
322 0.000000
323 0.000000
324 0.000000
325 0.000000
326 0.000001
327 0.000001
328 0.000002
329 0.000001
330 0.000001
331 0.000001
332 0.000001
333 0.000002
334 0.000030
335 0.000341
336 0.000001
337 0.000001
338 0.000001
339 0.000001
340 0.000001
341 0.000001
342 0.000000
343 0.000000
344 0.000000
345 0.000000
346 0.000001
347 0.000001
348 0.000001
349 0.000001
350 0.000001
351 0.000001
352 0.000001
353 0.000001
354 0.000001
355 0.000001
356 0.000001
357 0.000001
358 0.000001
359 0.000001
360 0.000001
361 0.000004
362 0.000008
363 0.000012
364 0.000001
365 0.000001
366 0.000001
367 0.000001
368 0.000001
369 0.000001
370 0.000000
371 0.000000
372 0.000000
373 0.000000
374 0.000001
375 0.000001
376 0.000001
377 0.000001
378 0.000001
379 0.000001
380 0.000001
381 0.000001
382 0.000001
383 0.000001
384 0.000001
385 0.000001
386 0.000001
387 0.000001
388 0.000002
389 0.000009
390 0.000022
391 0.000012
392 0.000001
393 0.000001
394 0.000001
395 0.000001
396 0.000001
397 0.000001
398 0.000001
399 0.000000
400 0.000000
401 0.000000
402 0.000000
403 0.000001
404 0.000001
405 0.000001
406 0.000002
407 0.000002
408 0.000001
409 0.000001
410 0.000001
411 0.000001
412 0.000001
413 0.000001
414 0.000001
415 0.000002
416 0.000003
417 0.000007
418 0.000003
419 0.000001
420 0.000001
421 0.000001
422 0.000001
423 0.000001
424 0.000001
425 0.000001
426 0.000001
427 0.000000
428 0.000000
429 0.000000
430 0.000000
431 0.000000
432 0.000001
433 0.000001
434 0.000003
435 0.000004
436 0.000003
437 0.000002
438 0.000002
439 0.000001
440 0.000001
441 0.000001
442 0.000001
443 0.000001
444 0.000001
445 0.000001
446 0.000001
447 0.000001
448 0.000001
449 0.000001
450 0.000001
451 0.000001
452 0.000001
453 0.000000
454 0.000001
455 0.000000
456 0.000000
457 0.000000
458 0.000000
459 0.000000
460 0.000001
461 0.000001
462 0.000001
463 0.000002
464 0.000006
465 0.000014
466 0.000006
467 0.000001
468 0.000001
469 0.000001
470 0.000001
471 0.000001
472 0.000001
473 0.000001
474 0.000001
475 0.000001
476 0.000003
477 0.000001
478 0.000001
479 0.000001
480 0.000000
481 0.000000
482 0.000000
483 0.000000
484 0.000000
485 0.000000
486 0.000000
487 0.000001
488 0.000001
489 0.000001
490 0.000001
491 0.000002
492 0.000013
493 0.999982
494 0.000154
495 0.000003
496 0.000001
497 0.000001
498 0.000001
499 0.000001
500 0.000001
501 0.000001
502 0.000001
503 0.000001
504 0.000043
505 0.000012
506 0.000001
507 0.000001
508 0.000000
509 0.000000
510 0.000000
511 0.000000
512 0.000000
513 0.000000
514 0.000000
515 0.000001
516 0.000001
517 0.000001
518 0.000001
519 0.000001
520 0.000005
521 0.000013
522 0.000016
523 0.000004
524 0.000001
525 0.000001
526 0.000001
527 0.000001
528 0.000001
529 0.000001
530 0.000004
531 0.000019
532 0.000039
533 0.000032
534 0.000001
535 0.000001
536 0.000001
537 0.000001
538 0.000001
539 0.000001
540 0.000001
541 0.000000
542 0.000000
543 0.000001
544 0.000001
545 0.000001
546 0.000001
547 0.000001
548 0.000001
549 0.000001
550 0.000002
551 0.000003
552 0.000003
553 0.000001
554 0.000001
555 0.000001
556 0.000001
557 0.000001
558 0.000019
559 0.000020
560 0.000056
561 0.000051
562 0.000001
563 0.000001
564 0.000001
565 0.000001
566 0.000001
567 0.000001
568 0.000001
569 0.000001
570 0.000001
571 0.000001
572 0.000001
573 0.000001
574 0.000001
575 0.000001
576 0.000001
577 0.000001
578 0.000001
579 0.000001
580 0.000008
581 0.000012
582 0.000001
583 0.000001
584 0.000001
585 0.000019
586 0.000020
587 0.000030
588 0.000081
589 0.000056
590 0.000001
591 0.000001
592 0.000001
593 0.000001
594 0.000001
595 0.000001
596 0.000001
597 0.000001
598 0.000001
599 0.000001
600 0.000001
601 0.000001
602 0.000001
603 0.000001
604 0.000001
605 0.000001
606 0.000001
607 0.000001
608 0.000001
609 0.000063
610 0.000139
611 0.000008
612 0.000173
613 0.000048
614 0.000028
615 0.000030
616 0.000097
617 0.000081
618 0.000056
619 0.000001
620 0.000001
621 0.000001
622 0.000001
623 0.000001
624 0.000001
625 0.000001
626 0.000001
627 0.000001
628 0.000001
629 0.000001
630 0.000001
631 0.000001
632 0.000001
633 0.000001
634 0.000001
635 0.000001
636 0.000001
637 0.000001
638 0.000642
639 0.004184
640 0.000810
641 0.000277
642 0.000001
643 0.000001
644 0.000105
645 0.000097
646 0.000089
647 0.000061
648 0.000010
649 0.000001
650 0.000001
651 0.000001
652 0.000001
653 0.000001
654 0.000001
655 0.000001
656 0.000001
657 0.000001
658 0.000002
659 0.000001
660 0.000001
661 0.000001
662 0.000001
663 0.000001
664 0.000001
665 0.000003
666 0.004050
667 0.010031
668 0.006507
669 0.000001
670 0.000001
671 0.000001
672 0.000000
673 0.000105
674 0.000097
675 0.000067
676 0.000082
677 0.000056
678 0.000001
679 0.000001
680 0.000001
681 0.000001
682 0.000001
683 0.000001
684 0.000001
685 0.000001
686 0.000003
687 0.000001
688 0.000001
689 0.000001
690 0.000001
691 0.000001
692 0.000002
693 0.000157
694 0.000791
695 0.006431
696 0.000001
697 0.000001
698 0.000001
699 0.000001
700 0.000000
701 0.000000
702 0.000105
703 0.000097
704 0.000089
705 0.000082
706 0.000056
707 0.000052
708 0.000044
709 0.000030
710 0.000005
711 0.000001
712 0.000001
713 0.000003
714 0.000005
715 0.000001
716 0.000001
717 0.000001
718 0.000010
719 0.000011
720 0.000012
721 0.000043
722 0.000255
723 0.000001
724 0.000001
725 0.000001
726 0.000001
727 0.000001
728 0.000000
729 0.000000
730 0.000000
731 0.000000
732 0.000097
733 0.000089
734 0.000061
735 0.000056
736 0.000052
737 0.000036
738 0.000040
739 0.000006
740 0.000004
741 0.000004
742 0.000002
743 0.000001
744 0.000001
745 0.000002
746 0.000011
747 0.000016
748 0.000017
749 0.000025
750 0.000001
751 0.000000
752 0.000001
753 0.000001
754 0.000001
755 0.000001
756 0.000000
757 0.000000
758 0.000001
759 0.000001
760 0.000000
761 0.000097
762 0.000089
763 0.000062
764 0.000056
765 0.000052
766 0.000163
767 0.000102
768 0.000029
769 0.000005
770 0.000001
771 0.000001
772 0.000001
773 0.000005
774 0.000011
775 0.000013
776 0.000019
777 0.000001
778 0.000001
779 0.000001
780 0.000001
781 0.000001
782 0.000001
783 0.000001
