0 0.018325
1 0.013439
2 0.008806
3 0.005726
4 0.004640
5 0.003967
6 0.003508
7 0.003255
8 0.001210
9 0.000395
10 0.000465
11 0.000707
12 0.000974
13 0.001117
14 0.001969
15 0.002632
16 0.001685
17 0.000685
18 0.001400
19 0.003449
20 0.005318
21 0.005151
22 0.004642
23 0.003807
24 0.003020
25 0.003050
26 0.003536
27 0.003949
28 0.013785
29 0.018325
30 0.014063
31 0.008806
32 0.005389
33 0.004457
34 0.003678
35 0.002526
36 0.000645
37 0.000245
38 0.000270
39 0.000427
40 0.000741
41 0.001078
42 0.001079
43 0.003264
44 0.003843
45 0.001501
46 0.000878
47 0.002321
48 0.004979
49 0.004494
50 0.000006
51 0.000000
52 0.003006
53 0.003465
54 0.003871
55 0.005578
56 0.008942
57 0.013785
58 0.018898
59 0.014063
60 0.008806
61 0.005069
62 0.004025
63 0.001661
64 0.000408
65 0.000180
66 0.000215
67 0.000265
68 0.000421
69 0.000869
70 0.001028
71 0.003716
72 0.007609
73 0.003636
74 0.000743
75 0.001413
76 0.000060
77 0.000000
78 0.000000
79 0.000000
80 0.000000
81 0.003872
82 0.005571
83 0.006714
84 0.005646
85 0.008413
86 0.012984
87 0.019459
88 0.013232
89 0.008285
90 0.005069
91 0.001028
92 0.000248
93 0.000151
94 0.000147
95 0.000148
96 0.000257
97 0.000558
98 0.001253
99 0.002193
100 0.010232
101 0.003761
102 0.000019
103 0.000000
104 0.000000
105 0.000000
106 0.000000
107 0.000000
108 0.003844
109 0.005497
110 0.006714
111 0.008476
112 0.004312
113 0.005174
114 0.007913
115 0.012984
116 0.000000
117 0.000000
118 0.000000
119 0.000001
120 0.000003
121 0.000071
122 0.000131
123 0.000132
124 0.000164
125 0.000360
126 0.001406
127 0.000537
128 0.000200
129 0.000012
130 0.000000
131 0.000000
132 0.000000
133 0.000000
134 0.000007
135 0.000377
136 0.002389
137 0.006616
138 0.008351
139 0.008417
140 0.004985
141 0.003853
142 0.004654
143 0.006917
144 0.000000
145 0.000000
146 0.000000
147 0.000000
148 0.000000
149 0.000000
150 0.000000
151 0.000001
152 0.000003
153 0.000005
154 0.000024
155 0.000009
156 0.000001
157 0.000000
158 0.000000
159 0.000000
160 0.000000
161 0.000003
162 0.000243
163 0.017968
164 0.007137
165 0.008228
166 0.008292
167 0.008291
168 0.006626
169 0.004707
170 0.003858
171 0.004055
172 0.000200
173 0.000001
174 0.000000
175 0.000000
176 0.000000
177 0.000000
178 0.000000
179 0.000000
180 0.000000
181 0.000000
182 0.000000
183 0.000000
184 0.000000
185 0.000000
186 0.000001
187 0.000001
188 0.000001
189 0.000122
190 0.009496
191 0.024072
192 0.008581
193 0.008169
194 0.009698
195 0.010470
196 0.009157
197 0.006982
198 0.004842
199 0.003747
200 0.001187
201 0.000006
202 0.000000
203 0.000000
204 0.000000
205 0.000000
206 0.000000
207 0.000000
208 0.000000
209 0.000000
210 0.000000
211 0.000000
212 0.000000
213 0.000000
214 0.000001
215 0.000000
216 0.000000
217 0.000067
218 0.007807
219 0.002621
220 0.008465
221 0.010769
222 0.010111
223 0.007612
224 0.010000
225 0.010000
226 0.007466
227 0.005036
228 0.003982
229 0.000066
230 0.000000
231 0.000000
232 0.000000
233 0.000000
234 0.000000
235 0.000000
236 0.000000
237 0.000000
238 0.000000
239 0.000000
240 0.000000
241 0.000000
242 0.000000
243 0.000001
244 0.000001
245 0.000050
246 0.000703
247 0.000802
248 0.001657
249 0.001845
250 0.001977
251 0.002060
252 0.008629
253 0.010000
254 0.010000
255 0.006091
256 0.001701
257 0.000025
258 0.000000
259 0.000000
260 0.000000
261 0.000000
262 0.000000
263 0.000000
264 0.000000
265 0.000000
266 0.000000
267 0.000001
268 0.000001
269 0.000001
270 0.000002
271 0.000009
272 0.000123
273 0.000034
274 0.000174
275 0.000292
276 0.000282
277 0.000293
278 0.000279
279 0.000261
280 0.004833
281 0.003672
282 0.003299
283 0.002314
284 0.001635
285 0.000024
286 0.000000
287 0.000000
288 0.000000
289 0.000000
290 0.000000
291 0.000000
292 0.000000
293 0.000000
294 0.000001
295 0.000001
296 0.000001
297 0.000002
298 0.000026
299 0.000471
300 0.002022
301 0.000149
302 0.000013
303 0.000206
304 0.000158
305 0.000100
306 0.000098
307 0.000122
308 0.001317
309 0.001117
310 0.001107
311 0.001028
312 0.000362
313 0.000019
314 0.000000
315 0.000000
316 0.000000
317 0.000000
318 0.000000
319 0.000010
320 0.000034
321 0.000008
322 0.000001
323 0.000000
324 0.000000
325 0.000001
326 0.000039
327 1.000000
328 0.031628
329 0.000735
330 0.000030
331 0.000088
332 0.000133
333 0.000093
334 0.000099
335 0.000158
336 0.001233
337 0.000701
338 0.000592
339 0.000534
340 0.000049
341 0.000003
342 0.000000
343 0.000000
344 0.000000
345 0.000000
346 0.000001
347 0.000029
348 0.000187
349 0.000283
350 0.000021
351 0.000001
352 0.000000
353 0.000000
354 0.000020
355 0.007649
356 0.026169
357 0.001545
358 0.000048
359 0.000033
360 0.000349
361 0.000295
362 0.000335
363 0.000317
364 0.002234
365 0.001562
366 0.000577
367 0.000229
368 0.000005
369 0.000000
370 0.000001
371 0.000001
372 0.000009
373 0.000031
374 0.000026
375 0.000006
376 0.000130
377 0.000806
378 0.000318
379 0.000006
380 0.000001
381 0.000001
382 0.000003
383 0.000104
384 0.000720
385 0.000156
386 0.000024
387 0.000031
388 0.000831
389 0.001765
390 0.001596
391 0.001703
392 0.002295
393 0.001196
394 0.000696
395 0.000119
396 0.000001
397 0.000000
398 0.000001
399 0.000002
400 0.000170
401 1.000000
402 0.000175
403 0.000063
404 0.000028
405 0.000188
406 0.000348
407 0.000162
408 0.000053
409 0.000009
410 0.000002
411 0.000002
412 0.000014
413 0.000050
414 0.000028
415 0.000027
416 0.000409
417 0.005934
418 0.008658
419 0.006787
420 0.001406
421 0.001385
422 0.001077
423 0.000062
424 0.000002
425 0.000000
426 0.000001
427 0.000023
428 0.000657
429 0.001986
430 0.005054
431 0.000333
432 0.000042
433 0.000011
434 0.000034
435 0.000338
436 0.000905
437 0.000100
438 0.000013
439 0.000001
440 0.000000
441 0.000006
442 0.000037
443 0.000014
444 0.000097
445 0.007049
446 0.010217
447 0.007508
448 0.001684
449 0.001415
450 0.001192
451 0.000036
452 0.000002
453 0.000002
454 0.000013
455 0.000147
456 0.000834
457 0.003511
458 0.002926
459 0.001075
460 0.000042
461 0.000003
462 0.000003
463 0.000021
464 0.000587
465 0.000441
466 0.000628
467 0.000028
468 0.000001
469 0.000002
470 0.000037
471 0.000016
472 0.000032
473 0.000881
474 0.002119
475 0.003209
476 0.001764
477 0.001857
478 0.001289
479 0.000026
480 0.000003
481 0.000010
482 0.000133
483 0.001747
484 0.017005
485 0.008748
486 0.004538
487 0.000465
488 0.000026
489 0.000001
490 0.000000
491 0.000002
492 0.000028
493 0.002895
494 0.031884
495 0.003302
496 0.000018
497 0.000002
498 0.000004
499 0.000011
500 0.000002
501 0.000052
502 0.000921
503 0.001531
504 0.002404
505 0.003554
506 0.000625
507 0.000019
508 0.000005
509 0.000059
510 0.000813
511 0.051321
512 0.101845
513 0.059086
514 0.004414
515 0.000109
516 0.000003
517 0.000000
518 0.000000
519 0.000001
520 0.000016
521 0.001984
522 0.021943
523 0.999999
524 0.000173
525 0.000004
526 0.000001
527 0.000003
528 0.000002
529 0.000017
530 0.000754
531 0.002073
532 0.004190
533 0.006257
534 0.000437
535 0.000012
536 0.000022
537 0.000183
538 0.042938
539 0.070175
540 0.127948
541 0.999996
542 0.001264
543 0.000033
544 0.000003
545 0.000001
546 0.000001
547 0.000001
548 0.000006
549 0.000075
550 0.000248
551 0.000220
552 0.001685
553 0.000089
554 0.000007
555 0.000007
556 0.000012
557 0.000067
558 0.001086
559 0.001153
560 0.007712
561 0.010000
562 0.000408
563 0.000023
564 0.000088
565 0.007574
566 0.037227
567 0.141341
568 0.006508
569 0.000427
570 0.000043
571 0.000019
572 0.000033
573 0.000068
574 0.000030
575 0.000001
576 0.000001
577 0.000001
578 0.000004
579 0.000022
580 0.000259
581 0.002230
582 0.000472
583 0.000074
584 0.000085
585 0.001550
586 0.001109
587 0.001294
588 0.010000
589 0.010000
590 0.001714
591 0.000182
592 0.001335
593 0.013730
594 0.067951
595 0.002734
596 0.000206
597 0.000057
598 0.000012
599 0.000027
600 0.000185
601 0.000206
602 0.000052
603 0.000006
604 0.000004
605 0.000001
606 0.000001
607 0.000004
608 0.000040
609 0.000522
610 0.003582
611 0.002186
612 0.004297
613 0.002572
614 0.001807
615 0.001299
616 0.010000
617 0.009840
618 0.007811
619 0.002781
620 0.009767
621 0.027047
622 0.001579
623 0.000334
624 0.000067
625 0.000020
626 0.000028
627 0.000105
628 0.000239
629 0.000308
630 0.000422
631 0.000256
632 0.000187
633 0.000022
634 0.000003
635 0.000005
636 0.000009
637 0.000065
638 0.002478
639 0.010000
640 0.007558
641 0.005052
642 0.000000
643 0.000000
644 0.009867
645 0.008150
646 0.006682
647 0.006672
648 0.008811
649 0.002841
650 0.000226
651 0.000037
652 0.000039
653 0.000052
654 0.000146
655 0.000697
656 0.002414
657 0.010000
658 0.010000
659 0.007481
660 0.001505
661 0.000352
662 0.000040
663 0.000014
664 0.000025
665 0.000452
666 0.007479
667 0.015079
668 0.010000
669 0.000000
670 0.000000
671 0.000000
672 0.000000
673 0.006754
674 0.006713
675 0.007764
676 0.009688
677 0.010001
678 0.000419
679 0.000165
680 0.000167
681 0.000696
682 0.005491
683 0.010000
684 0.010000
685 0.010000
686 0.010000
687 0.028160
688 0.013306
689 0.002245
690 0.000434
691 0.000178
692 0.000308
693 0.002514
694 0.004487
695 0.008846
696 0.000000
697 0.000000
698 0.000000
699 0.000000
700 0.000000
701 0.000000
702 0.007783
703 0.009245
704 0.010001
705 0.008123
706 0.004812
707 0.002565
708 0.002703
709 0.004540
710 0.008893
711 0.010000
712 0.010000
713 0.010000
714 0.016054
715 0.027459
716 0.024415
717 0.003538
718 0.001830
719 0.000985
720 0.000884
721 0.001045
722 0.003058
723 0.000000
724 0.000000
725 0.000000
726 0.000000
727 0.000000
728 0.000000
729 0.000000
730 0.000000
731 0.000000
732 0.009049
733 0.005468
734 0.003284
735 0.002386
736 0.004274
737 0.007188
738 0.010000
739 0.010000
740 0.010000
741 0.010000
742 0.025994
743 0.026637
744 0.013058
745 0.006467
746 0.003233
747 0.001695
748 0.001038
749 0.001212
750 0.000000
751 0.000000
752 0.000000
753 0.000000
754 0.000000
755 0.000000
756 0.000000
757 0.000000
758 0.000008
759 0.000002
760 0.000000
761 0.004152
762 0.002524
763 0.003624
764 0.005912
765 0.010000
766 0.010000
767 0.010000
768 0.010000
769 0.010000
770 0.024800
771 0.025383
772 0.010000
773 0.010000
774 0.004932
775 0.002563
776 0.001567
777 0.000022
778 0.000536
779 0.000520
780 0.000401
781 0.000005
782 0.000001
783 0.000000
