0 0.005901
1 0.005901
2 0.005630
3 0.005901
4 0.004353
5 0.002943
6 0.002214
7 0.001990
8 0.000593
9 0.000273
10 0.000410
11 0.000660
12 0.000722
13 0.000373
14 0.000337
15 0.000427
16 0.000663
17 0.000353
18 0.000767
19 0.002557
20 0.003532
21 0.002662
22 0.002578
23 0.004093
24 0.005558
25 0.008171
26 0.008312
27 0.009327
28 0.005630
29 0.005901
30 0.005630
31 0.005630
32 0.005258
33 0.004129
34 0.002837
35 0.001579
36 0.000267
37 0.000106
38 0.000189
39 0.000406
40 0.000654
41 0.000569
42 0.000797
43 0.000626
44 0.000459
45 0.000250
46 0.000339
47 0.001109
48 0.002431
49 0.002292
50 0.000003
51 0.000000
52 0.008171
53 0.008312
54 0.010384
55 0.009836
56 0.005569
57 0.005630
58 0.005630
59 0.005630
60 0.005631
61 0.005108
62 0.004097
63 0.001369
64 0.000204
65 0.000057
66 0.000103
67 0.000201
68 0.000455
69 0.001830
70 0.002097
71 0.001236
72 0.000288
73 0.000187
74 0.000152
75 0.000382
76 0.000015
77 0.000002
78 0.000001
79 0.000000
80 0.000000
81 0.010660
82 0.010296
83 0.006569
84 0.004353
85 0.004947
86 0.005372
87 0.005372
88 0.005373
89 0.005373
90 0.005680
91 0.000958
92 0.000147
93 0.000060
94 0.000043
95 0.000087
96 0.000255
97 0.003202
98 0.005665
99 0.001419
100 0.000272
101 0.000076
102 0.000001
103 0.000000
104 0.000001
105 0.000002
106 0.000000
107 0.000001
108 0.000004
109 0.009606
110 0.006760
111 0.004906
112 0.005147
113 0.004202
114 0.004291
115 0.005372
116 0.000000
117 0.000000
118 0.000001
119 0.000001
120 0.000002
121 0.000042
122 0.000050
123 0.000043
124 0.000434
125 0.003132
126 0.010953
127 0.000293
128 0.000006
129 0.000000
130 0.000000
131 0.000000
132 0.000000
133 0.000006
134 0.000001
135 0.000004
136 0.000607
137 0.006005
138 0.004415
139 0.002275
140 0.007005
141 0.004966
142 0.003985
143 0.003873
144 0.000000
145 0.000000
146 0.000000
147 0.000000
148 0.000000
149 0.000000
150 0.000000
151 0.000000
152 0.000011
153 0.000039
154 0.000071
155 0.000004
156 0.000000
157 0.000000
158 0.000000
159 0.000001
160 0.000083
161 0.000027
162 0.000004
163 0.000036
164 0.005662
165 0.003703
166 0.001883
167 0.001928
168 0.010004
169 0.006779
170 0.004931
171 0.003957
172 0.000212
173 0.000001
174 0.000000
175 0.000000
176 0.000000
177 0.000000
178 0.000000
179 0.000000
180 0.000000
181 0.000000
182 0.000000
183 0.000000
184 0.000000
185 0.000000
186 0.000002
187 0.000007
188 0.000002
189 0.000006
190 0.000003
191 0.000057
192 0.002625
193 0.001472
194 0.001546
195 0.002067
196 0.010008
197 0.010006
198 0.007597
199 0.004674
200 0.000403
201 0.000028
202 0.000001
203 0.000000
204 0.000000
205 0.000000
206 0.000000
207 0.000000
208 0.000000
209 0.000000
210 0.000000
211 0.000000
212 0.000001
213 0.000002
214 0.000001
215 0.000000
216 0.000000
217 0.000000
218 0.000008
219 0.000139
220 0.001414
221 0.001542
222 0.001983
223 0.003049
224 0.006376
225 0.009150
226 0.010008
227 0.008617
228 0.004642
229 0.000114
230 0.000000
231 0.000000
232 0.000000
233 0.000000
234 0.000000
235 0.000000
236 0.000001
237 0.000001
238 0.000001
239 0.000008
240 0.000015
241 0.000035
242 0.000012
243 0.000000
244 0.000000
245 0.000000
246 0.000000
247 0.000128
248 0.000246
249 0.000481
250 0.001086
251 0.001983
252 0.003264
253 0.004618
254 0.006997
255 0.007415
256 0.003206
257 0.000003
258 0.000000
259 0.000000
260 0.000000
261 0.000000
262 0.000000
263 0.000004
264 0.000003
265 0.000003
266 0.000005
267 0.000002
268 0.000159
269 0.999999
270 0.000043
271 0.000001
272 0.000000
273 0.000000
274 0.000000
275 0.000064
276 0.000094
277 0.000231
278 0.000432
279 0.000793
280 0.001517
281 0.001134
282 0.001168
283 0.000995
284 0.001149
285 0.000010
286 0.000000
287 0.000000
288 0.000000
289 0.000000
290 0.000025
291 0.000077
292 0.000098
293 0.000008
294 0.000001
295 0.000005
296 0.000019
297 0.000057
298 0.000038
299 0.000002
300 0.000000
301 0.000000
302 0.000001
303 0.000569
304 0.000599
305 0.000687
306 0.000561
307 0.000477
308 0.000596
309 0.000347
310 0.000203
311 0.000181
312 0.000055
313 0.000003
314 0.000000
315 0.000000
316 0.000051
317 0.000009
318 0.000049
319 0.000172
320 0.000029
321 0.000081
322 0.000066
323 0.000019
324 0.000003
325 0.000000
326 0.000001
327 0.000001
328 0.000000
329 0.000000
330 0.000015
331 0.000735
332 0.003854
333 0.002475
334 0.001867
335 0.001843
336 0.000348
337 0.000195
338 0.000132
339 0.000079
340 0.000005
341 0.000000
342 0.000000
343 0.000063
344 0.008509
345 0.005227
346 0.000029
347 0.000001
348 0.000014
349 0.000119
350 0.002337
351 0.000472
352 0.000001
353 0.000000
354 0.000000
355 0.000001
356 0.000000
357 0.000000
358 0.000003
359 0.000123
360 0.006379
361 0.007800
362 0.007234
363 0.003452
364 0.000260
365 0.000251
366 0.000143
367 0.000079
368 0.000002
369 0.000001
370 0.000004
371 0.000102
372 0.004710
373 0.999984
374 0.000037
375 0.000002
376 0.000001
377 0.000076
378 0.001027
379 0.000920
380 0.000003
381 0.000000
382 0.000000
383 0.000000
384 0.000000
385 0.000000
386 0.000000
387 0.000011
388 0.001336
389 0.004763
390 0.003688
391 0.002712
392 0.000156
393 0.000117
394 0.000131
395 0.000092
396 0.000003
397 0.000001
398 0.000042
399 0.000018
400 0.000054
401 0.000092
402 0.000136
403 0.000004
404 0.000005
405 0.000009
406 0.000031
407 0.000046
408 0.000069
409 0.000013
410 0.000012
411 0.000000
412 0.000000
413 0.000002
414 0.000001
415 0.000000
416 0.000032
417 0.000801
418 0.000738
419 0.000760
420 0.000123
421 0.000189
422 0.000820
423 0.000082
424 0.000002
425 0.000001
426 0.000013
427 0.000026
428 0.000001
429 0.000001
430 0.000015
431 0.000043
432 0.000009
433 0.000002
434 0.000001
435 0.000001
436 0.000088
437 0.006866
438 0.000192
439 0.000002
440 0.000000
441 0.000003
442 0.000000
443 0.000000
444 0.000001
445 0.000108
446 0.000166
447 0.000283
448 0.001065
449 0.002176
450 0.002338
451 0.000025
452 0.000000
453 0.000001
454 0.000012
455 0.000019
456 0.000000
457 0.000000
458 0.000002
459 0.000009
460 0.000002
461 0.000001
462 0.000000
463 0.000001
464 0.000048
465 0.999995
466 0.004670
467 0.000018
468 0.000001
469 0.000001
470 0.000000
471 0.000000
472 0.000000
473 0.000015
474 0.000067
475 0.000178
476 0.015338
477 0.015382
478 0.002546
479 0.000003
480 0.000000
481 0.000003
482 0.000013
483 0.000001
484 0.000000
485 0.000000
486 0.000000
487 0.000001
488 0.000001
489 0.000000
490 0.000000
491 0.000001
492 0.000042
493 0.000190
494 0.000313
495 0.000128
496 0.000005
497 0.000000
498 0.000000
499 0.000000
500 0.000000
501 0.000004
502 0.000168
503 0.000312
504 0.044337
505 0.020953
506 0.000590
507 0.000003
508 0.000006
509 0.000031
510 0.000001
511 0.000000
512 0.000000
513 0.000000
514 0.000000
515 0.000001
516 0.000001
517 0.000001
518 0.000000
519 0.000001
520 0.000001
521 0.000001
522 0.000001
523 0.000008
524 0.000070
525 0.000003
526 0.000000
527 0.000001
528 0.000000
529 0.000005
530 0.000576
531 0.001118
532 0.016761
533 0.010003
534 0.000235
535 0.000016
536 0.000091
537 0.000073
538 0.000003
539 0.000001
540 0.000000
541 0.000000
542 0.000000
543 0.000001
544 0.000005
545 0.000001
546 0.000000
547 0.000000
548 0.000000
549 0.000000
550 0.000000
551 0.000000
552 0.000113
553 0.000219
554 0.000012
555 0.000006
556 0.000005
557 0.000061
558 0.001122
559 0.001159
560 0.010002
561 0.010000
562 0.000199
563 0.000060
564 0.000149
565 0.000016
566 0.000005
567 0.000007
568 0.000015
569 0.000014
570 0.000021
571 0.000006
572 0.000001
573 0.000000
574 0.000000
575 0.000000
576 0.000000
577 0.000000
578 0.000000
579 0.000000
580 0.000013
581 0.000866
582 0.000407
583 0.000020
584 0.000092
585 0.004747
586 0.002981
587 0.001385
588 0.010000
589 0.009631
590 0.001181
591 0.000072
592 0.000030
593 0.000005
594 0.000011
595 0.000104
596 0.000933
597 0.999994
598 0.000108
599 0.000002
600 0.000000
601 0.000000
602 0.000000
603 0.000000
604 0.000000
605 0.000000
606 0.000000
607 0.000000
608 0.000001
609 0.000016
610 0.000525
611 0.001266
612 0.013512
613 0.007977
614 0.005532
615 0.003925
616 0.009440
617 0.009567
618 0.009632
619 0.001800
620 0.000060
621 0.000057
622 0.000275
623 0.002946
624 0.003165
625 0.000193
626 0.000004
627 0.000001
628 0.000001
629 0.000011
630 0.000014
631 0.000011
632 0.000001
633 0.000000
634 0.000000
635 0.000000
636 0.000001
637 0.000004
638 0.000175
639 0.010003
640 0.010004
641 0.015423
642 0.000000
643 0.000000
644 0.009378
645 0.009442
646 0.010000
647 0.010001
648 0.008450
649 0.002843
650 0.005865
651 0.000560
652 0.000115
653 0.000035
654 0.000009
655 0.000009
656 0.000108
657 0.003941
658 0.010022
659 0.001758
660 0.000060
661 0.000006
662 0.000002
663 0.000001
664 0.000002
665 0.000084
666 0.003351
667 0.006616
668 0.010002
669 0.000000
670 0.000000
671 0.000000
672 0.000000
673 0.010000
674 0.010000
675 0.010001
676 0.010001
677 0.010000
678 0.001133
679 0.000636
680 0.000260
681 0.000514
682 0.001545
683 0.000755
684 0.001052
685 0.002909
686 0.008898
687 0.003984
688 0.001175
689 0.001510
690 0.001003
691 0.000181
692 0.000203
693 0.001176
694 0.002055
695 0.003950
696 0.000000
697 0.000000
698 0.000000
699 0.000000
700 0.000000
701 0.000000
702 0.010001
703 0.010001
704 0.010000
705 0.010000
706 0.010000
707 0.007320
708 0.004287
709 0.002212
710 0.002319
711 0.002183
712 0.001798
713 0.001897
714 0.004548
715 0.002814
716 0.001266
717 0.003295
718 0.005564
719 0.002821
720 0.001510
721 0.001078
722 0.001421
723 0.000000
724 0.000000
725 0.000000
726 0.000000
727 0.000000
728 0.000000
729 0.000000
730 0.000000
731 0.000000
732 0.010000
733 0.010000
734 0.008920
735 0.005451
736 0.002919
737 0.002102
738 0.003649
739 0.005938
740 0.002354
741 0.002006
742 0.002037
743 0.001872
744 0.001877
745 0.005075
746 0.010003
747 0.004939
748 0.002582
749 0.001605
750 0.000000
751 0.000000
752 0.000000
753 0.000000
754 0.000000
755 0.000000
756 0.000000
757 0.000000
758 0.000000
759 0.000000
760 0.000000
761 0.010000
762 0.006723
763 0.003706
764 0.002312
765 0.003140
766 0.005800
767 0.009999
768 0.003800
769 0.002063
770 0.000966
771 0.001024
772 0.002840
773 0.007686
774 0.010007
775 0.007546
776 0.004430
777 0.000000
778 0.000372
779 0.000219
780 0.000002
781 0.000000
782 0.000000
783 0.000000
