0 0.000305
1 0.000274
2 0.000438
3 0.001471
4 0.004339
5 0.010027
6 0.006295
7 0.000753
8 0.000008
9 0.000002
10 0.000002
11 0.000002
12 0.000002
13 0.000002
14 0.000002
15 0.000002
16 0.000003
17 0.000012
18 0.000377
19 0.008897
20 0.009759
21 0.001045
22 0.000140
23 0.000151
24 0.000126
25 0.000137
26 0.000192
27 0.000209
28 0.000210
29 0.000246
30 0.000168
31 0.000365
32 0.001311
33 0.006280
34 0.010040
35 0.001471
36 0.000006
37 0.000002
38 0.000002
39 0.000002
40 0.000002
41 0.000002
42 0.000002
43 0.000002
44 0.000008
45 0.000011
46 0.000102
47 0.000261
48 0.002771
49 0.000091
50 0.000002
51 0.000001
52 0.000116
53 0.000164
54 0.000137
55 0.000192
56 0.000246
57 0.000168
58 0.000151
59 0.000135
60 0.000280
61 0.001106
62 0.006118
63 0.000708
64 0.000009
65 0.000002
66 0.000002
67 0.000002
68 0.000002
69 0.000002
70 0.000002
71 0.000004
72 0.000012
73 0.000072
74 0.000006
75 0.000014
76 0.000002
77 0.000003
78 0.000001
79 0.000001
80 0.000001
81 0.000116
82 0.000164
83 0.000137
84 0.000222
85 0.000151
86 0.000102
87 0.000082
88 0.000074
89 0.000235
90 0.000935
91 0.000096
92 0.000014
93 0.000002
94 0.000002
95 0.000002
96 0.000002
97 0.000002
98 0.000002
99 0.000013
100 0.000076
101 0.000004
102 0.000002
103 0.000003
104 0.000003
105 0.000001
106 0.000001
107 0.000001
108 0.000001
109 0.000107
110 0.000116
111 0.000164
112 0.000151
113 0.000135
114 0.000082
115 0.000074
116 0.000001
117 0.000002
118 0.000001
119 0.000001
120 0.000001
121 0.000002
122 0.000002
123 0.000002
124 0.000002
125 0.000002
126 0.000006
127 0.000003
128 0.000002
129 0.000002
130 0.000003
131 0.000002
132 0.000002
133 0.000001
134 0.000001
135 0.000001
136 0.000001
137 0.000076
138 0.000107
139 0.000151
140 0.000135
141 0.000092
142 0.000074
143 0.000066
144 0.000001
145 0.000001
146 0.000002
147 0.000003
148 0.000001
149 0.000001
150 0.000001
151 0.000001
152 0.000001
153 0.000001
154 0.000002
155 0.000003
156 0.000004
157 0.000003
158 0.000002
159 0.000002
160 0.000001
161 0.000001
162 0.000001
163 0.000001
164 0.000078
165 0.000070
166 0.000099
167 0.000107
168 0.000092
169 0.000074
170 0.000066
171 0.000054
172 0.000001
173 0.000001
174 0.000001
175 0.000004
176 0.000005
177 0.000005
178 0.000001
179 0.000001
180 0.000001
181 0.000001
182 0.000002
183 0.000003
184 0.000003
185 0.000002
186 0.000001
187 0.000001
188 0.000001
189 0.000001
190 0.000001
191 0.000001
192 0.000055
193 0.000060
194 0.000065
195 0.000099
196 0.000074
197 0.000066
198 0.000045
199 0.000037
200 0.000001
201 0.000001
202 0.000001
203 0.000001
204 0.000002
205 0.000006
206 0.000012
207 0.000009
208 0.000004
209 0.000004
210 0.000003
211 0.000002
212 0.000001
213 0.000001
214 0.000001
215 0.000001
216 0.000001
217 0.000001
218 0.000001
219 0.000001
220 0.000055
221 0.000060
222 0.000060
223 0.000084
224 0.000066
225 0.000045
226 0.000037
227 0.000033
228 0.000021
229 0.000001
230 0.000001
231 0.000001
232 0.000001
233 0.000001
234 0.000007
235 0.000031
236 0.999976
237 0.000140
238 0.000006
239 0.000001
240 0.000001
241 0.000001
242 0.000001
243 0.000001
244 0.000001
245 0.000001
246 0.000001
247 0.000002
248 0.000003
249 0.000003
250 0.000008
251 0.000014
252 0.000060
253 0.000037
254 0.000033
255 0.000014
256 0.000003
257 0.000001
258 0.000001
259 0.000001
260 0.000001
261 0.000001
262 0.000001
263 0.000006
264 0.000114
265 0.000017
266 0.000004
267 0.000002
268 0.000001
269 0.000001
270 0.000001
271 0.000001
272 0.000001
273 0.000001
274 0.000001
275 0.000001
276 0.000001
277 0.000001
278 0.000002
279 0.000002
280 0.000037
281 0.000007
282 0.000004
283 0.000002
284 0.000002
285 0.000001
286 0.000001
287 0.000001
288 0.000001
289 0.000001
290 0.000001
291 0.000002
292 0.000003
293 0.000002
294 0.000002
295 0.000002
296 0.000001
297 0.000001
298 0.000001
299 0.000001
300 0.000001
301 0.000001
302 0.000001
303 0.000001
304 0.000001
305 0.000001
306 0.000001
307 0.000002
308 0.000004
309 0.000003
310 0.000002
311 0.000002
312 0.000002
313 0.000002
314 0.000001
315 0.000001
316 0.000001
317 0.000001
318 0.000001
319 0.000001
320 0.000001
321 0.000001
322 0.000001
323 0.000001
324 0.000001
325 0.000001
326 0.000001
327 0.000001
328 0.000001
329 0.000001
330 0.000002
331 0.000002
332 0.000002
333 0.000001
334 0.000001
335 0.000002
336 0.000003
337 0.000003
338 0.000004
339 0.000007
340 0.000002
341 0.000002
342 0.000001
343 0.000001
344 0.000001
345 0.000001
346 0.000001
347 0.000001
348 0.000001
349 0.000001
350 0.000001
351 0.000001
352 0.000001
353 0.000001
354 0.000001
355 0.000001
356 0.000001
357 0.000001
358 0.000002
359 0.000002
360 0.000004
361 0.000003
362 0.000002
363 0.000002
364 0.000006
365 0.000014
366 0.000014
367 0.000009
368 0.000002
369 0.000002
370 0.000001
371 0.000001
372 0.000001
373 0.000001
374 0.000001
375 0.000001
376 0.000001
377 0.000001
378 0.000001
379 0.000001
380 0.000001
381 0.000001
382 0.000001
383 0.000001
384 0.000001
385 0.000001
386 0.000002
387 0.000002
388 0.000003
389 0.000012
390 0.000007
391 0.000005
392 0.000013
393 0.000011
394 0.000009
395 0.000002
396 0.000002
397 0.000001
398 0.000001
399 0.000001
400 0.000001
401 0.000001
402 0.000001
403 0.000001
404 0.000001
405 0.000001
406 0.000001
407 0.000001
408 0.000001
409 0.000001
410 0.000001
411 0.000001
412 0.000001
413 0.000002
414 0.000002
415 0.000002
416 0.000002
417 0.000019
418 0.000022
419 0.000018
420 0.000014
421 0.000007
422 0.000006
423 0.000002
424 0.000001
425 0.000001
426 0.000001
427 0.000001
428 0.000001
429 0.000001
430 0.000001
431 0.000001
432 0.000001
433 0.000001
434 0.000001
435 0.000001
436 0.000001
437 0.000001
438 0.000001
439 0.000001
440 0.000001
441 0.000001
442 0.000001
443 0.000002
444 0.000002
445 0.000014
446 0.000019
447 0.000022
448 0.000019
449 0.000005
450 0.000002
451 0.000001
452 0.000001
453 0.000001
454 0.000001
455 0.000001
456 0.000001
457 0.000001
458 0.000001
459 0.000001
460 0.000001
461 0.000001
462 0.000001
463 0.000001
464 0.000001
465 0.000001
466 0.000001
467 0.000001
468 0.000001
469 0.000001
470 0.000001
471 0.000001
472 0.000002
473 0.000002
474 0.000015
475 0.000033
476 0.000072
477 0.000007
478 0.000002
479 0.000001
480 0.000001
481 0.000001
482 0.000002
483 0.000002
484 0.000001
485 0.000001
486 0.000001
487 0.000001
488 0.000001
489 0.000001
490 0.000001
491 0.000001
492 0.000001
493 0.000001
494 0.000001
495 0.000001
496 0.000001
497 0.000001
498 0.000001
499 0.000001
500 0.000001
501 0.000002
502 0.000088
503 0.000298
504 0.000871
505 0.000066
506 0.000002
507 0.000001
508 0.000001
509 0.000002
510 0.000002
511 0.000001
512 0.000001
513 0.000001
514 0.000001
515 0.000001
516 0.000001
517 0.000001
518 0.000001
519 0.000001
520 0.000001
521 0.000001
522 0.000001
523 0.000001
524 0.000002
525 0.000002
526 0.000001
527 0.000001
528 0.000001
529 0.000002
530 0.000409
531 0.005984
532 0.000226
533 0.000153
534 0.000001
535 0.000001
536 0.000001
537 0.000002
538 0.000002
539 0.000001
540 0.000001
541 0.000001
542 0.000001
543 0.000001
544 0.000001
545 0.000001
546 0.000001
547 0.000001
548 0.000001
549 0.000001
550 0.000001
551 0.000001
552 0.000001
553 0.000002
554 0.000001
555 0.000001
556 0.000001
557 0.000002
558 0.000738
559 0.001627
560 0.000238
561 0.000221
562 0.000001
563 0.000001
564 0.000001
565 0.000001
566 0.000001
567 0.000001
568 0.000001
569 0.000001
570 0.000001
571 0.000001
572 0.000001
573 0.000001
574 0.000001
575 0.000001
576 0.000001
577 0.000001
578 0.000001
579 0.000001
580 0.000001
581 0.000001
582 0.000001
583 0.000001
584 0.000001
585 0.000133
586 0.000233
587 0.000632
588 0.000318
589 0.000237
590 0.000002
591 0.000001
592 0.000001
593 0.000001
594 0.000001
595 0.000001
596 0.000001
597 0.000001
598 0.000001
599 0.000001
600 0.000001
601 0.000001
602 0.000001
603 0.000001
604 0.000001
605 0.000001
606 0.000001
607 0.000001
608 0.000001
609 0.000001
610 0.000001
611 0.000001
612 0.000124
613 0.000133
614 0.000179
615 0.000198
616 0.000363
617 0.000318
618 0.000237
619 0.000004
620 0.000001
621 0.000001
622 0.000001
623 0.000001
624 0.000001
625 0.000001
626 0.000001
627 0.000001
628 0.000001
629 0.000001
630 0.000001
631 0.000001
632 0.000001
633 0.000001
634 0.000001
635 0.000001
636 0.000001
637 0.000001
638 0.000001
639 0.000124
640 0.000133
641 0.000179
642 0.000001
643 0.000001
644 0.000388
645 0.000363
646 0.000340
647 0.000254
648 0.000031
649 0.000001
650 0.000001
651 0.000001
652 0.000001
653 0.000001
654 0.000001
655 0.000001
656 0.000001
657 0.000001
658 0.000001
659 0.000001
660 0.000001
661 0.000001
662 0.000001
663 0.000001
664 0.000001
665 0.000001
666 0.000124
667 0.000167
668 0.000179
669 0.000001
670 0.000001
671 0.000001
672 0.000001
673 0.000388
674 0.000363
675 0.000272
676 0.000318
677 0.000237
678 0.000001
679 0.000001
680 0.000001
681 0.000003
682 0.000012
683 0.000002
684 0.000001
685 0.000001
686 0.000001
687 0.000001
688 0.000001
689 0.000003
690 0.000002
691 0.000001
692 0.000002
693 0.000116
694 0.000133
695 0.000179
696 0.000001
697 0.000001
698 0.000001
699 0.000001
700 0.000001
701 0.000001
702 0.000388
703 0.000363
704 0.000340
705 0.000318
706 0.000237
707 0.000221
708 0.000193
709 0.000141
710 0.000038
711 0.000004
712 0.000001
713 0.000001
714 0.000001
715 0.000001
716 0.000001
717 0.000005
718 0.000079
719 0.000085
720 0.000092
721 0.000124
722 0.000167
723 0.000001
724 0.000001
725 0.000001
726 0.000001
727 0.000001
728 0.000001
729 0.000001
730 0.000001
731 0.000001
732 0.000363
733 0.000340
734 0.000254
735 0.000237
736 0.000221
737 0.000163
738 0.000141
739 0.000011
740 0.000002
741 0.000001
742 0.000001
743 0.000001
744 0.000002
745 0.000015
746 0.000085
747 0.000116
748 0.000124
749 0.000167
750 0.000001
751 0.000001
752 0.000001
753 0.000001
754 0.000001
755 0.000001
756 0.000001
757 0.000001
758 0.000001
759 0.000001
760 0.000001
761 0.000363
762 0.000340
763 0.000254
764 0.000237
765 0.000221
766 0.000206
767 0.000040
768 0.000004
769 0.000002
770 0.000001
771 0.000002
772 0.000004
773 0.000052
774 0.000085
775 0.000098
776 0.000133
777 0.000001
778 0.000002
779 0.000002
780 0.000001
781 0.000001
782 0.000001
783 0.000001
