0 0.008092
1 0.006312
2 0.004769
3 0.004638
4 0.004202
5 0.003801
6 0.003583
7 0.003479
8 0.000963
9 0.000231
10 0.000178
11 0.000209
12 0.000360
13 0.000737
14 0.002581
15 0.005920
16 0.006242
17 0.001912
18 0.001012
19 0.001125
20 0.002068
21 0.003134
22 0.005331
23 0.005875
24 0.005626
25 0.005626
26 0.006953
27 0.005717
28 0.009396
29 0.008002
30 0.006056
31 0.004537
32 0.004099
33 0.003871
34 0.003479
35 0.002430
36 0.000447
37 0.000131
38 0.000124
39 0.000155
40 0.000330
41 0.001335
42 0.004323
43 0.008041
44 0.003946
45 0.001195
46 0.000606
47 0.000969
48 0.002609
49 0.004594
50 0.000000
51 0.000000
52 0.005626
53 0.007515
54 0.005506
55 0.004370
56 0.009744
57 0.009331
58 0.007915
59 0.005881
60 0.004179
61 0.003489
62 0.003379
63 0.001207
64 0.000241
65 0.000090
66 0.000114
67 0.000144
68 0.000360
69 0.002138
70 0.007112
71 0.005411
72 0.001722
73 0.000702
74 0.000543
75 0.001211
76 0.000000
77 0.000000
78 0.000000
79 0.000000
80 0.000000
81 0.006228
82 0.004773
83 0.002827
84 0.009743
85 0.009721
86 0.009336
87 0.007079
88 0.005101
89 0.003648
90 0.003195
91 0.000556
92 0.000110
93 0.000075
94 0.000082
95 0.000160
96 0.000556
97 0.002978
98 0.006664
99 0.003140
100 0.000853
101 0.000136
102 0.000000
103 0.000000
104 0.000000
105 0.000000
106 0.000000
107 0.000000
108 0.000000
109 0.004626
110 0.002984
111 0.002182
112 0.009050
113 0.009719
114 0.009698
115 0.009205
116 0.000000
117 0.000000
118 0.000000
119 0.000000
120 0.000000
121 0.000017
122 0.000100
123 0.000241
124 0.001423
125 0.003534
126 0.002944
127 0.000019
128 0.000000
129 0.000000
130 0.000000
131 0.000000
132 0.000000
133 0.000000
134 0.000000
135 0.000000
136 0.000512
137 0.002796
138 0.001802
139 0.001985
140 0.006745
141 0.008331
142 0.009696
143 0.009698
144 0.000000
145 0.000000
146 0.000000
147 0.000000
148 0.000000
149 0.000000
150 0.000000
151 0.000000
152 0.000007
153 0.000001
154 0.000000
155 0.000000
156 0.000000
157 0.000000
158 0.000000
159 0.000000
160 0.000000
161 0.000000
162 0.000000
163 0.000000
164 0.002888
165 0.001498
166 0.001608
167 0.001668
168 0.004594
169 0.006003
170 0.007565
171 0.009696
172 0.000000
173 0.000000
174 0.000000
175 0.000000
176 0.000000
177 0.000000
178 0.000000
179 0.000000
180 0.000000
181 0.000000
182 0.000000
183 0.000000
184 0.000000
185 0.000000
186 0.000000
187 0.000000
188 0.000000
189 0.000000
190 0.000000
191 0.000003
192 0.001348
193 0.001237
194 0.001286
195 0.001682
196 0.003480
197 0.003960
198 0.004944
199 0.006761
200 0.000039
201 0.000000
202 0.000000
203 0.000000
204 0.000000
205 0.000000
206 0.000000
207 0.000000
208 0.000000
209 0.000000
210 0.000000
211 0.000000
212 0.000000
213 0.000000
214 0.000000
215 0.000000
216 0.000000
217 0.000000
218 0.000000
219 0.000066
220 0.001180
221 0.001232
222 0.001374
223 0.001642
224 0.003395
225 0.003080
226 0.003215
227 0.004348
228 0.005422
229 0.000000
230 0.000000
231 0.000000
232 0.000000
233 0.000000
234 0.000000
235 0.000000
236 0.000000
237 0.000000
238 0.000000
239 0.000000
240 0.000000
241 0.000000
242 0.000000
243 0.000000
244 0.000000
245 0.000000
246 0.000000
247 0.000022
248 0.000050
249 0.000087
250 0.000192
251 0.000344
252 0.003395
253 0.003131
254 0.003047
255 0.001433
256 0.000248
257 0.000000
258 0.000000
259 0.000000
260 0.000000
261 0.000000
262 0.000000
263 0.000000
264 0.000000
265 0.000000
266 0.000000
267 0.000000
268 0.000000
269 0.000000
270 0.000000
271 0.000000
272 0.000000
273 0.000000
274 0.000000
275 0.000003
276 0.000006
277 0.000012
278 0.000021
279 0.000040
280 0.004220
281 0.000786
282 0.000290
283 0.000049
284 0.000015
285 0.000000
286 0.000000
287 0.000000
288 0.000000
289 0.000001
290 0.000001
291 0.000000
292 0.000000
293 0.000000
294 0.000000
295 0.000001
296 0.000000
297 0.000000
298 0.000000
299 0.000000
300 0.000000
301 0.000000
302 0.000001
303 0.000004
304 0.000005
305 0.000008
306 0.000010
307 0.000021
308 0.000540
309 0.000130
310 0.000030
311 0.000009
312 0.000001
313 0.000000
314 0.000000
315 0.000000
316 0.000000
317 0.000000
318 0.000002
319 0.000001
320 0.000001
321 0.000002
322 0.000003
323 0.000001
324 0.000000
325 0.000000
326 0.000000
327 0.000000
328 0.000000
329 0.000000
330 0.000004
331 0.000003
332 0.000006
333 0.000010
334 0.000021
335 0.000053
336 0.000132
337 0.000052
338 0.000027
339 0.000013
340 0.000000
341 0.000000
342 0.000000
343 0.000000
344 0.000000
345 0.000000
346 0.000000
347 0.000035
348 0.000501
349 0.000215
350 0.000003
351 0.000000
352 0.000000
353 0.000000
354 0.000000
355 0.000000
356 0.000000
357 0.000001
358 0.000003
359 0.000006
360 0.000012
361 0.000028
362 0.000063
363 0.000111
364 0.000121
365 0.000104
366 0.000060
367 0.000029
368 0.000000
369 0.000000
370 0.000000
371 0.000000
372 0.000000
373 0.000000
374 0.000000
375 0.000091
376 0.999982
377 0.003111
378 0.000001
379 0.000000
380 0.000000
381 0.000000
382 0.000000
383 0.000000
384 0.000000
385 0.000005
386 0.000021
387 0.000029
388 0.000019
389 0.000091
390 0.000127
391 0.000091
392 0.000343
393 0.000115
394 0.000046
395 0.000008
396 0.000000
397 0.000000
398 0.000001
399 0.000001
400 0.000000
401 0.000000
402 0.000000
403 0.000037
404 0.004580
405 0.000080
406 0.000001
407 0.000000
408 0.000000
409 0.000000
410 0.000000
411 0.000000
412 0.000002
413 0.000217
414 0.001157
415 0.000357
416 0.000178
417 0.000098
418 0.000053
419 0.000037
420 0.000144
421 0.000158
422 0.000144
423 0.000003
424 0.000000
425 0.000000
426 0.000111
427 0.000035
428 0.000000
429 0.000000
430 0.000000
431 0.000006
432 0.000005
433 0.000003
434 0.000000
435 0.000000
436 0.000000
437 0.000000
438 0.000000
439 0.000000
440 0.000003
441 0.000213
442 0.999987
443 0.001411
444 0.000347
445 0.000133
446 0.000046
447 0.000019
448 0.000087
449 0.000084
450 0.000079
451 0.000002
452 0.000000
453 0.000033
454 0.999993
455 0.000078
456 0.000000
457 0.000000
458 0.000001
459 0.000000
460 0.000000
461 0.000000
462 0.000000
463 0.000000
464 0.000000
465 0.000000
466 0.000000
467 0.000001
468 0.000001
469 0.000003
470 0.000085
471 0.001224
472 0.000485
473 0.000090
474 0.000119
475 0.000105
476 0.000073
477 0.000057
478 0.000073
479 0.000001
480 0.000003
481 0.000752
482 0.000859
483 0.000173
484 0.000001
485 0.000001
486 0.000000
487 0.000000
488 0.000000
489 0.000000
490 0.000000
491 0.000000
492 0.000000
493 0.000000
494 0.000001
495 0.000001
496 0.000000
497 0.000000
498 0.000001
499 0.000044
500 0.000318
501 0.000766
502 0.001640
503 0.001356
504 0.000365
505 0.000674
506 0.000075
507 0.000002
508 0.000017
509 0.000784
510 0.000053
511 0.000020
512 0.000014
513 0.000001
514 0.000000
515 0.000000
516 0.000000
517 0.000000
518 0.000000
519 0.000000
520 0.000000
521 0.000000
522 0.000002
523 0.000001
524 0.000000
525 0.000000
526 0.000000
527 0.000007
528 0.000224
529 0.000410
530 0.005937
531 0.010012
532 0.001312
533 0.003383
534 0.000191
535 0.000018
536 0.000336
537 0.000062
538 0.000006
539 0.000017
540 0.000004
541 0.000000
542 0.000000
543 0.000000
544 0.000000
545 0.000000
546 0.000000
547 0.000000
548 0.000000
549 0.000001
550 0.000004
551 0.000002
552 0.000001
553 0.000000
554 0.000000
555 0.000004
556 0.000186
557 0.000291
558 0.002464
559 0.004946
560 0.005954
561 0.010003
562 0.000170
563 0.000151
564 0.000509
565 0.000044
566 0.000008
567 0.000006
568 0.000000
569 0.000000
570 0.000000
571 0.000000
572 0.000000
573 0.000000
574 0.000000
575 0.000000
576 0.000001
577 0.000015
578 0.000182
579 0.000061
580 0.000031
581 0.000011
582 0.000005
583 0.000005
584 0.000098
585 0.000390
586 0.000888
587 0.002088
588 0.010003
589 0.010005
590 0.002018
591 0.000749
592 0.000102
593 0.000006
594 0.000008
595 0.000001
596 0.000000
597 0.000000
598 0.000000
599 0.000000
600 0.000000
601 0.000000
602 0.000000
603 0.000000
604 0.000002
605 0.002543
606 0.999982
607 0.001395
608 0.000408
609 0.000134
610 0.000029
611 0.000117
612 0.000797
613 0.000333
614 0.000411
615 0.000760
616 0.010004
617 0.010005
618 0.010010
619 0.004165
620 0.000061
621 0.000020
622 0.000004
623 0.000001
624 0.000000
625 0.000000
626 0.000000
627 0.000000
628 0.000000
629 0.000000
630 0.000000
631 0.000000
632 0.000003
633 0.000174
634 0.006476
635 0.006219
636 0.005336
637 0.001345
638 0.001568
639 0.004321
640 0.001876
641 0.000988
642 0.000001
643 0.000000
644 0.010005
645 0.010008
646 0.010013
647 0.010014
648 0.009262
649 0.000123
650 0.000005
651 0.000000
652 0.000000
653 0.000000
654 0.000000
655 0.000000
656 0.000000
657 0.000000
658 0.000000
659 0.000000
660 0.000007
661 0.000290
662 0.000790
663 0.001441
664 0.001203
665 0.007365
666 0.010008
667 0.011287
668 0.005229
669 0.000001
670 0.000001
671 0.000000
672 0.000000
673 0.010012
674 0.010013
675 0.017603
676 0.018794
677 0.007450
678 0.000034
679 0.000005
680 0.000008
681 0.000030
682 0.000018
683 0.000002
684 0.000000
685 0.000001
686 0.000000
687 0.000002
688 0.000024
689 0.002286
690 0.002547
691 0.006061
692 0.006951
693 0.010001
694 0.010005
695 0.010008
696 0.000001
697 0.000001
698 0.000001
699 0.000000
700 0.000000
701 0.000000
702 0.014300
703 0.018873
704 0.008346
705 0.001912
706 0.000446
707 0.000263
708 0.000231
709 0.000172
710 0.000051
711 0.000005
712 0.000001
713 0.000001
714 0.000001
715 0.000009
716 0.000096
717 0.000324
718 0.003150
719 0.008833
720 0.026174
721 0.010003
722 0.010001
723 0.000001
724 0.000000
725 0.000001
726 0.000001
727 0.000001
728 0.000000
729 0.000000
730 0.000000
731 0.000000
732 0.002795
733 0.000560
734 0.000311
735 0.000281
736 0.000263
737 0.000197
738 0.000172
739 0.000017
740 0.000003
741 0.000001
742 0.000003
743 0.000022
744 0.000228
745 0.000169
746 0.000753
747 0.004062
748 0.011652
749 0.030628
750 0.000002
751 0.000020
752 0.000009
753 0.000001
754 0.000001
755 0.000001
756 0.000000
757 0.000000
758 0.000000
759 0.000000
760 0.000000
761 0.000441
762 0.000395
763 0.000300
764 0.000281
765 0.000263
766 0.000246
767 0.000056
768 0.000006
769 0.000002
770 0.000008
771 0.000057
772 0.000168
773 0.000215
774 0.000202
775 0.001690
776 0.004685
777 0.000533
778 0.004251
779 0.001227
780 0.000323
781 0.000226
782 0.000001
783 0.000001
