0 0.001514
1 0.001417
2 0.001117
3 0.001243
4 0.000970
5 0.000752
6 0.000648
7 0.000601
8 0.000086
9 0.000012
10 0.000009
11 0.000016
12 0.000046
13 0.000139
14 0.000150
15 0.000190
16 0.000111
17 0.000107
18 0.001420
19 0.006830
20 0.004353
21 0.001704
22 0.001252
23 0.000947
24 0.000773
25 0.000820
26 0.001041
27 0.001721
28 0.001200
29 0.001327
30 0.001041
31 0.000970
32 0.000905
33 0.000787
34 0.000601
35 0.000335
36 0.000026
37 0.000006
38 0.000005
39 0.000006
40 0.000017
41 0.000080
42 0.000149
43 0.000577
44 0.000701
45 0.000556
46 0.000296
47 0.000712
48 0.001735
49 0.001051
50 0.000001
51 0.000001
52 0.000730
53 0.000933
54 0.001544
55 0.003132
56 0.001327
57 0.001041
58 0.000970
59 0.000905
60 0.000787
61 0.000601
62 0.000559
63 0.000111
64 0.000012
65 0.000004
66 0.000005
67 0.000004
68 0.000006
69 0.000021
70 0.000192
71 0.001183
72 0.006031
73 0.001132
74 0.000049
75 0.000091
76 0.000003
77 0.000001
78 0.000001
79 0.000001
80 0.000001
81 0.001419
82 0.002981
83 0.004995
84 0.001243
85 0.000970
86 0.000752
87 0.000648
88 0.000601
89 0.000559
90 0.000483
91 0.000033
92 0.000005
93 0.000003
94 0.000003
95 0.000003
96 0.000003
97 0.000011
98 0.000136
99 0.006454
100 0.026534
101 0.000540
102 0.000001
103 0.000001
104 0.000001
105 0.000001
106 0.000001
107 0.000002
108 0.000004
109 0.002769
110 0.004894
111 0.007256
112 0.000970
113 0.000905
114 0.000648
115 0.000601
116 0.000001
117 0.000001
118 0.000001
119 0.000001
120 0.000001
121 0.000002
122 0.000003
123 0.000003
124 0.000003
125 0.000006
126 0.000262
127 0.000888
128 0.000051
129 0.000001
130 0.000001
131 0.000001
132 0.000001
133 0.000002
134 0.000002
135 0.000003
136 0.000079
137 0.004674
138 0.007066
139 0.005998
140 0.000905
141 0.000698
142 0.000601
143 0.000559
144 0.000001
145 0.000001
146 0.000001
147 0.000001
148 0.000001
149 0.000001
150 0.000001
151 0.000001
152 0.000001
153 0.000001
154 0.000003
155 0.000002
156 0.000001
157 0.000001
158 0.000001
159 0.000001
160 0.000001
161 0.000004
162 0.000003
163 0.000003
164 0.005699
165 0.006882
166 0.004751
167 0.002743
168 0.000698
169 0.000601
170 0.000559
171 0.000483
172 0.000003
173 0.000001
174 0.000001
175 0.000001
176 0.000001
177 0.000001
178 0.000001
179 0.000001
180 0.000001
181 0.000001
182 0.000001
183 0.000001
184 0.000001
185 0.000001
186 0.000001
187 0.000001
188 0.000003
189 0.000003
190 0.000004
191 0.000005
192 0.006883
193 0.003647
194 0.001691
195 0.001166
196 0.001440
197 0.000559
198 0.000422
199 0.000362
200 0.000059
201 0.000002
202 0.000001
203 0.000001
204 0.000001
205 0.000001
206 0.000001
207 0.000001
208 0.000001
209 0.000001
210 0.000001
211 0.000001
212 0.000001
213 0.000001
214 0.000001
215 0.000002
216 0.000004
217 0.000003
218 0.000002
219 0.000119
220 0.003061
221 0.001387
222 0.000860
223 0.000648
224 0.003887
225 0.001535
226 0.000575
227 0.000335
228 0.000230
229 0.000003
230 0.000002
231 0.000001
232 0.000001
233 0.000001
234 0.000001
235 0.000001
236 0.000001
237 0.000002
238 0.000002
239 0.000002
240 0.000002
241 0.000001
242 0.000002
243 0.000005
244 0.000004
245 0.000002
246 0.000001
247 0.000027
248 0.000030
249 0.000031
250 0.000057
251 0.000110
252 0.011926
253 0.004265
254 0.001985
255 0.000457
256 0.000046
257 0.000003
258 0.000002
259 0.000001
260 0.000001
261 0.000001
262 0.000001
263 0.000001
264 0.000001
265 0.000001
266 0.000002
267 0.000002
268 0.000002
269 0.000003
270 0.000015
271 0.000045
272 0.000005
273 0.000001
274 0.000001
275 0.000002
276 0.000002
277 0.000003
278 0.000005
279 0.000009
280 0.010028
281 0.006242
282 0.001694
283 0.000249
284 0.000042
285 0.000001
286 0.000002
287 0.000001
288 0.000001
289 0.000001
290 0.000001
291 0.000001
292 0.000001
293 0.000001
294 0.000001
295 0.000001
296 0.000001
297 0.000004
298 0.000058
299 0.999963
300 0.000007
301 0.000002
302 0.000002
303 0.000007
304 0.000005
305 0.000004
306 0.000003
307 0.000004
308 0.002401
309 0.001569
310 0.000774
311 0.000325
312 0.000008
313 0.000001
314 0.000003
315 0.000002
316 0.000001
317 0.000001
318 0.000001
319 0.000002
320 0.000001
321 0.000001
322 0.000001
323 0.000001
324 0.000001
325 0.000003
326 0.000012
327 0.000020
328 0.000006
329 0.000003
330 0.000003
331 0.000006
332 0.000035
333 0.000020
334 0.000013
335 0.000012
336 0.000239
337 0.000324
338 0.000464
339 0.000395
340 0.000006
341 0.000002
342 0.000002
343 0.000003
344 0.000002
345 0.000001
346 0.000002
347 0.000002
348 0.000001
349 0.000001
350 0.000001
351 0.000001
352 0.000002
353 0.000003
354 0.000003
355 0.000002
356 0.000003
357 0.000003
358 0.000002
359 0.000003
360 0.000186
361 0.000154
362 0.000112
363 0.000053
364 0.000045
365 0.000075
366 0.000095
367 0.000176
368 0.000002
369 0.000002
370 0.000002
371 0.000004
372 0.000006
373 0.000003
374 0.000002
375 0.000001
376 0.000001
377 0.000001
378 0.000001
379 0.000001
380 0.000002
381 0.000002
382 0.000001
383 0.000001
384 0.000002
385 0.000003
386 0.000002
387 0.000002
388 0.000009
389 0.000140
390 0.000210
391 0.000292
392 0.000014
393 0.000011
394 0.000013
395 0.000003
396 0.000001
397 0.000001
398 0.000002
399 0.000007
400 0.000080
401 0.000010
402 0.000002
403 0.000001
404 0.000001
405 0.000001
406 0.000001
407 0.000002
408 0.000002
409 0.000002
410 0.000001
411 0.000001
412 0.000001
413 0.000003
414 0.000002
415 0.000001
416 0.000002
417 0.000020
418 0.000050
419 0.000124
420 0.000013
421 0.000007
422 0.000005
423 0.000001
424 0.000001
425 0.000001
426 0.000002
427 0.000016
428 0.999964
429 0.000018
430 0.000002
431 0.000001
432 0.000001
433 0.000001
434 0.000001
435 0.000002
436 0.000002
437 0.000001
438 0.000001
439 0.000001
440 0.000001
441 0.000002
442 0.000002
443 0.000002
444 0.000001
445 0.000005
446 0.000010
447 0.000025
448 0.000019
449 0.000007
450 0.000005
451 0.000001
452 0.000001
453 0.000001
454 0.000003
455 0.000010
456 0.000024
457 0.000008
458 0.000003
459 0.000002
460 0.000002
461 0.000001
462 0.000001
463 0.000002
464 0.000001
465 0.000001
466 0.000001
467 0.000001
468 0.000001
469 0.000001
470 0.000002
471 0.000002
472 0.000001
473 0.000002
474 0.000003
475 0.000011
476 0.000113
477 0.000040
478 0.000005
479 0.000001
480 0.000001
481 0.000002
482 0.000004
483 0.000004
484 0.000003
485 0.000003
486 0.000003
487 0.000002
488 0.000002
489 0.000002
490 0.000002
491 0.000002
492 0.000001
493 0.000001
494 0.000001
495 0.000001
496 0.000001
497 0.000001
498 0.000002
499 0.000002
500 0.000001
501 0.000001
502 0.000008
503 0.000019
504 0.001163
505 0.000772
506 0.000009
507 0.000002
508 0.000002
509 0.000003
510 0.000004
511 0.000002
512 0.000002
513 0.000003
514 0.000003
515 0.000002
516 0.000002
517 0.000002
518 0.000002
519 0.000002
520 0.000001
521 0.000001
522 0.000001
523 0.000001
524 0.000001
525 0.000001
526 0.000001
527 0.000002
528 0.000002
529 0.000001
530 0.000048
531 0.000143
532 0.001914
533 0.003153
534 0.000023
535 0.000002
536 0.000002
537 0.000004
538 0.000003
539 0.000001
540 0.000001
541 0.000002
542 0.000002
543 0.000002
544 0.000001
545 0.000002
546 0.000002
547 0.000002
548 0.000001
549 0.000001
550 0.000001
551 0.000001
552 0.000001
553 0.000001
554 0.000001
555 0.000002
556 0.000002
557 0.000002
558 0.000143
559 0.000153
560 0.004421
561 0.007669
562 0.000033
563 0.000002
564 0.000005
565 0.000004
566 0.000002
567 0.000001
568 0.000001
569 0.000002
570 0.000002
571 0.000002
572 0.000002
573 0.000001
574 0.000001
575 0.000001
576 0.000001
577 0.000001
578 0.000001
579 0.000001
580 0.000001
581 0.000001
582 0.000001
583 0.000001
584 0.000002
585 0.000143
586 0.000153
587 0.000205
588 0.008824
589 0.010017
590 0.000310
591 0.000006
592 0.000004
593 0.000002
594 0.000001
595 0.000001
596 0.000001
597 0.000002
598 0.000002
599 0.000003
600 0.000002
601 0.000001
602 0.000001
603 0.000001
604 0.000001
605 0.000001
606 0.000001
607 0.000001
608 0.000001
609 0.000001
610 0.000001
611 0.000002
612 0.000134
613 0.000143
614 0.000192
615 0.000205
616 0.010014
617 0.008701
618 0.004315
619 0.000155
620 0.000004
621 0.000002
622 0.000001
623 0.000001
624 0.000001
625 0.000001
626 0.000002
627 0.000004
628 0.000003
629 0.000002
630 0.000001
631 0.000001
632 0.000001
633 0.000001
634 0.000001
635 0.000001
636 0.000001
637 0.000001
638 0.000002
639 0.000134
640 0.000143
641 0.000192
642 0.000001
643 0.000001
644 0.008776
645 0.005165
646 0.002655
647 0.001361
648 0.000442
649 0.000003
650 0.000002
651 0.000001
652 0.000002
653 0.000002
654 0.000010
655 0.000059
656 0.000533
657 0.000575
658 0.000049
659 0.000002
660 0.000001
661 0.000001
662 0.000001
663 0.000001
664 0.000001
665 0.000002
666 0.000134
667 0.000180
668 0.000192
669 0.000001
670 0.000001
671 0.000001
672 0.000001
673 0.002803
674 0.001663
675 0.001415
676 0.001544
677 0.001309
678 0.000010
679 0.000010
680 0.000050
681 0.000657
682 0.010031
683 0.010052
684 0.010060
685 0.002101
686 0.000098
687 0.000006
688 0.000003
689 0.000010
690 0.000006
691 0.000003
692 0.000008
693 0.000125
694 0.000143
695 0.000192
696 0.000001
697 0.000001
698 0.000001
699 0.000001
700 0.000001
701 0.000001
702 0.001726
703 0.001663
704 0.001603
705 0.001545
706 0.002200
707 0.004806
708 0.009655
709 0.010022
710 0.010021
711 0.010033
712 0.010041
713 0.004679
714 0.000203
715 0.000010
716 0.000005
717 0.000015
718 0.000086
719 0.000093
720 0.000099
721 0.000134
722 0.000180
723 0.000001
724 0.000001
725 0.000001
726 0.000001
727 0.000001
728 0.000001
729 0.000001
730 0.000001
731 0.000001
732 0.001664
733 0.002358
734 0.003831
735 0.007413
736 0.010018
737 0.010020
738 0.010014
739 0.010016
740 0.010028
741 0.005213
742 0.000322
743 0.000026
744 0.000012
745 0.000033
746 0.000093
747 0.000125
748 0.000134
749 0.000180
750 0.000001
751 0.000001
752 0.000001
753 0.000001
754 0.000001
755 0.000001
756 0.000001
757 0.000001
758 0.000001
759 0.000001
760 0.000001
761 0.003548
762 0.006635
763 0.010016
764 0.010019
765 0.010015
766 0.010007
767 0.010004
768 0.010018
769 0.003364
770 0.000552
771 0.000074
772 0.000044
773 0.000077
774 0.000093
775 0.000107
776 0.000143
777 0.000001
778 0.000004
779 0.000003
780 0.000001
781 0.000001
782 0.000001
783 0.000001
