0 0.004512
1 0.005767
2 0.006990
3 0.009416
4 0.009365
5 0.009314
6 0.007416
7 0.005105
8 0.000976
9 0.000315
10 0.000790
11 0.003137
12 0.003853
13 0.001844
14 0.000601
15 0.000285
16 0.000156
17 0.000092
18 0.000271
19 0.000758
20 0.001749
21 0.002747
22 0.004888
23 0.006742
24 0.006527
25 0.006527
26 0.005624
27 0.004211
28 0.004074
29 0.004259
30 0.005132
31 0.006841
32 0.009365
33 0.009366
34 0.009314
35 0.004643
36 0.000621
37 0.000458
38 0.001328
39 0.004872
40 0.004013
41 0.001343
42 0.000392
43 0.000177
44 0.000098
45 0.000094
46 0.000149
47 0.000614
48 0.002466
49 0.004447
50 0.000000
51 0.000000
52 0.006527
53 0.005928
54 0.003814
55 0.002883
56 0.004259
57 0.003828
58 0.003710
59 0.004920
60 0.006625
61 0.009314
62 0.009315
63 0.003183
64 0.000503
65 0.000732
66 0.003207
67 0.003935
68 0.002750
69 0.000845
70 0.000261
71 0.000105
72 0.000073
73 0.000068
74 0.000104
75 0.000660
76 0.000002
77 0.000000
78 0.000000
79 0.000000
80 0.000000
81 0.004111
82 0.002924
83 0.001875
84 0.004138
85 0.003710
86 0.003311
87 0.003363
88 0.004595
89 0.006450
90 0.009315
91 0.001583
92 0.000728
93 0.001889
94 0.007693
95 0.004072
96 0.001698
97 0.000617
98 0.000217
99 0.000078
100 0.000061
101 0.000026
102 0.000000
103 0.000000
104 0.000000
105 0.000000
106 0.000000
107 0.000000
108 0.000000
109 0.002621
110 0.001875
111 0.001856
112 0.003710
113 0.003596
114 0.003097
115 0.002995
116 0.000000
117 0.000000
118 0.000000
119 0.000000
120 0.000002
121 0.002204
122 0.008574
123 0.003628
124 0.000920
125 0.000341
126 0.000152
127 0.000004
128 0.000000
129 0.000000
130 0.000000
131 0.000000
132 0.000000
133 0.000000
134 0.000000
135 0.000000
136 0.000038
137 0.001571
138 0.001519
139 0.001800
140 0.003596
141 0.003202
142 0.002995
143 0.002897
144 0.000000
145 0.000000
146 0.000000
147 0.000000
148 0.000000
149 0.000000
150 0.000000
151 0.000001
152 0.000001
153 0.000000
154 0.000000
155 0.000000
156 0.000000
157 0.000000
158 0.000000
159 0.000000
160 0.000000
161 0.000000
162 0.000000
163 0.000000
164 0.001635
165 0.001208
166 0.001442
167 0.001505
168 0.003202
169 0.002995
170 0.002897
171 0.002711
172 0.000000
173 0.000000
174 0.000000
175 0.000000
176 0.000000
177 0.000000
178 0.000000
179 0.000000
180 0.000000
181 0.000000
182 0.000000
183 0.000000
184 0.000000
185 0.000000
186 0.000000
187 0.000000
188 0.000000
189 0.000000
190 0.000000
191 0.000001
192 0.001079
193 0.001094
194 0.001144
195 0.001615
196 0.003138
197 0.002897
198 0.002550
199 0.002375
200 0.000009
201 0.000000
202 0.000000
203 0.000000
204 0.000005
205 0.000001
206 0.000000
207 0.000000
208 0.000000
209 0.000000
210 0.000000
211 0.000000
212 0.000000
213 0.000000
214 0.000000
215 0.000000
216 0.000000
217 0.000000
218 0.000000
219 0.000010
220 0.001046
221 0.001099
222 0.001304
223 0.001566
224 0.004112
225 0.002739
226 0.002420
227 0.002292
228 0.001922
229 0.000000
230 0.000000
231 0.000000
232 0.000000
233 0.000001
234 0.000000
235 0.000000
236 0.000000
237 0.000000
238 0.000000
239 0.000000
240 0.000000
241 0.000000
242 0.000000
243 0.000000
244 0.000000
245 0.000000
246 0.000000
247 0.000019
248 0.000044
249 0.000079
250 0.000178
251 0.000324
252 0.006519
253 0.004209
254 0.003017
255 0.001395
256 0.000286
257 0.000000
258 0.000000
259 0.000000
260 0.000000
261 0.000000
262 0.000000
263 0.000000
264 0.000000
265 0.000000
266 0.000000
267 0.000000
268 0.000000
269 0.000000
270 0.000000
271 0.000000
272 0.000000
273 0.000000
274 0.000000
275 0.000003
276 0.000005
277 0.000010
278 0.000018
279 0.000034
280 0.010000
281 0.002792
282 0.000944
283 0.000185
284 0.000050
285 0.000000
286 0.000000
287 0.000000
288 0.000000
289 0.000000
290 0.000000
291 0.000000
292 0.000003
293 0.000041
294 0.000025
295 0.000009
296 0.000000
297 0.000000
298 0.000000
299 0.000000
300 0.000000
301 0.000000
302 0.000000
303 0.000003
304 0.000005
305 0.000007
306 0.000009
307 0.000012
308 0.002270
309 0.000829
310 0.000304
311 0.000088
312 0.000006
313 0.000001
314 0.000000
315 0.000000
316 0.000000
317 0.000000
318 0.000000
319 0.000000
320 0.000002
321 0.000965
322 0.999996
323 0.000027
324 0.000000
325 0.000000
326 0.000000
327 0.000000
328 0.000000
329 0.000000
330 0.000000
331 0.000001
332 0.000005
333 0.000007
334 0.000009
335 0.000015
336 0.000662
337 0.000475
338 0.000278
339 0.000156
340 0.000003
341 0.000001
342 0.000000
343 0.000000
344 0.000000
345 0.000000
346 0.000000
347 0.000000
348 0.000000
349 0.000038
350 0.000116
351 0.000005
352 0.000000
353 0.000000
354 0.000000
355 0.000000
356 0.000000
357 0.000000
358 0.000000
359 0.000000
360 0.000005
361 0.000007
362 0.000012
363 0.000022
364 0.000333
365 0.000374
366 0.000354
367 0.000359
368 0.000004
369 0.000012
370 0.000078
371 0.000000
372 0.000000
373 0.000000
374 0.000000
375 0.000000
376 0.000000
377 0.000000
378 0.000000
379 0.000000
380 0.000000
381 0.000000
382 0.000000
383 0.000000
384 0.000000
385 0.000000
386 0.000000
387 0.000000
388 0.000003
389 0.000014
390 0.000026
391 0.000057
392 0.000149
393 0.000159
394 0.000207
395 0.000087
396 0.000035
397 0.000946
398 0.999990
399 0.000001
400 0.000000
401 0.000000
402 0.000004
403 0.000000
404 0.000000
405 0.000000
406 0.000000
407 0.000000
408 0.000000
409 0.000000
410 0.000001
411 0.000000
412 0.000000
413 0.000000
414 0.000000
415 0.000000
416 0.000002
417 0.000033
418 0.000073
419 0.000129
420 0.000151
421 0.000181
422 0.000286
423 0.000037
424 0.000092
425 0.011511
426 0.013981
427 0.000002
428 0.000000
429 0.000001
430 0.000026
431 0.000001
432 0.000000
433 0.000000
434 0.000000
435 0.000000
436 0.000000
437 0.000000
438 0.000001
439 0.000001
440 0.000001
441 0.000005
442 0.000000
443 0.000000
444 0.000003
445 0.000188
446 0.000227
447 0.000589
448 0.000483
449 0.000705
450 0.001457
451 0.000068
452 0.000109
453 0.022370
454 0.000261
455 0.000002
456 0.000000
457 0.000003
458 0.000019
459 0.000005
460 0.000000
461 0.000000
462 0.000000
463 0.000000
464 0.000000
465 0.000000
466 0.000000
467 0.000001
468 0.000023
469 0.000174
470 0.000018
471 0.000001
472 0.000019
473 0.001509
474 0.001682
475 0.000928
476 0.002363
477 0.004036
478 0.001320
479 0.000078
480 0.001209
481 0.000318
482 0.000003
483 0.000002
484 0.000000
485 0.000000
486 0.000002
487 0.000001
488 0.000000
489 0.000000
490 0.000000
491 0.000000
492 0.000000
493 0.000000
494 0.000000
495 0.000000
496 0.000662
497 0.999988
498 0.001109
499 0.000052
500 0.000047
501 0.001122
502 0.006534
503 0.002132
504 0.010004
505 0.008345
506 0.000328
507 0.000227
508 0.002958
509 0.000032
510 0.000001
511 0.000002
512 0.000000
513 0.000000
514 0.000000
515 0.000000
516 0.000000
517 0.000000
518 0.000000
519 0.000000
520 0.000000
521 0.000000
522 0.000000
523 0.000000
524 0.000503
525 0.015765
526 0.016961
527 0.000318
528 0.000030
529 0.000627
530 0.004574
531 0.003046
532 0.009380
533 0.008902
534 0.000216
535 0.000817
536 0.000592
537 0.000003
538 0.000002
539 0.000004
540 0.000000
541 0.000000
542 0.000000
543 0.000000
544 0.000000
545 0.000000
546 0.000000
547 0.000000
548 0.000000
549 0.000000
550 0.000000
551 0.000000
552 0.000009
553 0.000221
554 0.005627
555 0.001286
556 0.000088
557 0.000562
558 0.010001
559 0.010001
560 0.008347
561 0.008537
562 0.000720
563 0.001156
564 0.000064
565 0.000003
566 0.000003
567 0.000002
568 0.000000
569 0.000000
570 0.000000
571 0.000000
572 0.000000
573 0.000002
574 0.000001
575 0.000003
576 0.000004
577 0.000000
578 0.000000
579 0.000000
580 0.000000
581 0.000002
582 0.000088
583 0.002660
584 0.002619
585 0.010001
586 0.010001
587 0.010001
588 0.008070
589 0.008345
590 0.010774
591 0.001601
592 0.000006
593 0.000003
594 0.000002
595 0.000000
596 0.000000
597 0.000000
598 0.000000
599 0.000000
600 0.000001
601 0.000056
602 0.000742
603 0.000360
604 0.000052
605 0.000001
606 0.000000
607 0.000000
608 0.000000
609 0.000000
610 0.000007
611 0.000527
612 0.005588
613 0.011746
614 0.010001
615 0.010001
616 0.008305
617 0.010003
618 0.010004
619 0.001993
620 0.000032
621 0.000005
622 0.000001
623 0.000000
624 0.000000
625 0.000000
626 0.000000
627 0.000000
628 0.000002
629 0.000500
630 0.041359
631 0.999989
632 0.000268
633 0.000012
634 0.000003
635 0.000002
636 0.000000
637 0.000001
638 0.000018
639 0.001005
640 0.002199
641 0.004855
642 0.000000
643 0.000000
644 0.010002
645 0.010003
646 0.010003
647 0.010002
648 0.004218
649 0.000031
650 0.000002
651 0.000000
652 0.000001
653 0.000004
654 0.000001
655 0.000001
656 0.000001
657 0.001070
658 0.026635
659 0.060321
660 0.000529
661 0.000117
662 0.000165
663 0.000067
664 0.000038
665 0.000083
666 0.000247
667 0.000356
668 0.000926
669 0.000000
670 0.000000
671 0.000000
672 0.000000
673 0.010003
674 0.010002
675 0.010001
676 0.005738
677 0.002673
678 0.000028
679 0.000013
680 0.000033
681 0.000127
682 0.000068
683 0.000007
684 0.000003
685 0.000392
686 0.017136
687 0.059966
688 0.001781
689 0.000376
690 0.000965
691 0.000403
692 0.000311
693 0.000234
694 0.000261
695 0.000332
696 0.000000
697 0.000000
698 0.000000
699 0.000000
700 0.000000
701 0.000000
702 0.010001
703 0.006444
704 0.003048
705 0.001412
706 0.000897
707 0.000800
708 0.000727
709 0.000588
710 0.000190
711 0.000022
712 0.000011
713 0.000065
714 0.011384
715 0.013339
716 0.009847
717 0.001727
718 0.002809
719 0.000921
720 0.000344
721 0.000247
722 0.000315
723 0.000000
724 0.000001
725 0.000001
726 0.000000
727 0.000000
728 0.000000
729 0.000000
730 0.000000
731 0.000000
732 0.001655
733 0.001118
734 0.000880
735 0.000839
736 0.000800
737 0.000650
738 0.000604
739 0.000089
740 0.000049
741 0.000074
742 0.001542
743 0.002894
744 0.008097
745 0.008975
746 0.007709
747 0.002319
748 0.000805
749 0.000380
750 0.000000
751 0.000000
752 0.000000
753 0.000000
754 0.000000
755 0.000000
756 0.000000
757 0.000000
758 0.000000
759 0.000000
760 0.000000
761 0.001126
762 0.001072
763 0.000880
764 0.000839
765 0.000805
766 0.000809
767 0.000443
768 0.000172
769 0.000111
770 0.000099
771 0.001113
772 0.007170
773 0.100731
774 0.010004
775 0.004773
776 0.001950
777 0.000161
778 0.000216
779 0.000210
780 0.000190
781 0.000008
782 0.000000
783 0.000000
