0 0.002878
1 0.002753
2 0.002346
3 0.002521
4 0.003095
5 0.005049
6 0.008626
7 0.010001
8 0.006365
9 0.003046
10 0.001315
11 0.000175
12 0.000085
13 0.000064
14 0.000054
15 0.000050
16 0.000040
17 0.000032
18 0.000179
19 0.001516
20 0.005749
21 0.009416
22 0.010709
23 0.006660
24 0.003560
25 0.002046
26 0.002156
27 0.002234
28 0.002461
29 0.002634
30 0.002237
31 0.002133
32 0.002035
33 0.003184
34 0.005490
35 0.007024
36 0.001461
37 0.001638
38 0.001548
39 0.000917
40 0.000105
41 0.000067
42 0.000045
43 0.000037
44 0.000029
45 0.000035
46 0.000120
47 0.001232
48 0.009189
49 0.010452
50 0.000000
51 0.000000
52 0.001904
53 0.001997
54 0.001825
55 0.002149
56 0.002634
57 0.002237
58 0.002133
59 0.002034
60 0.001851
61 0.001766
62 0.002984
63 0.001912
64 0.000808
65 0.000325
66 0.001824
67 0.001203
68 0.000370
69 0.000053
70 0.000035
71 0.000025
72 0.000024
73 0.000043
74 0.000088
75 0.001047
76 0.000008
77 0.000000
78 0.000000
79 0.000000
80 0.000000
81 0.001681
82 0.001990
83 0.001849
84 0.002521
85 0.002133
86 0.001794
87 0.001621
88 0.001541
89 0.001466
90 0.001536
91 0.000509
92 0.000213
93 0.000309
94 0.000754
95 0.001601
96 0.000939
97 0.000159
98 0.000040
99 0.000021
100 0.000030
101 0.000020
102 0.000000
103 0.000000
104 0.000001
105 0.000001
106 0.000000
107 0.000000
108 0.000000
109 0.001689
110 0.001703
111 0.002095
112 0.002133
113 0.002034
114 0.001621
115 0.001541
116 0.000000
117 0.000000
118 0.000000
119 0.000000
120 0.000000
121 0.000035
122 0.000309
123 0.001011
124 0.001473
125 0.000735
126 0.000057
127 0.000002
128 0.000000
129 0.000000
130 0.000000
131 0.000000
132 0.000000
133 0.000000
134 0.000000
135 0.000000
136 0.000024
137 0.001525
138 0.001893
139 0.004781
140 0.002034
141 0.001705
142 0.001541
143 0.001466
144 0.000000
145 0.000000
146 0.000000
147 0.000000
148 0.000000
149 0.000000
150 0.000000
151 0.000000
152 0.000001
153 0.000001
154 0.000000
155 0.000000
156 0.000000
157 0.000000
158 0.000000
159 0.000001
160 0.000001
161 0.000000
162 0.000000
163 0.000000
164 0.002096
165 0.002011
166 0.005276
167 0.014823
168 0.001705
169 0.001541
170 0.001466
171 0.001326
172 0.000000
173 0.000000
174 0.000000
175 0.000000
176 0.000000
177 0.000000
178 0.000000
179 0.000000
180 0.000000
181 0.000000
182 0.000000
183 0.000000
184 0.000000
185 0.000000
186 0.000003
187 0.000001
188 0.000000
189 0.000000
190 0.000000
191 0.000000
192 0.002918
193 0.006629
194 0.031485
195 0.111038
196 0.001541
197 0.001466
198 0.001210
199 0.001088
200 0.000001
201 0.000000
202 0.000000
203 0.000000
204 0.000000
205 0.000000
206 0.000000
207 0.000000
208 0.000000
209 0.000000
210 0.000000
211 0.000000
212 0.000000
213 0.000000
214 0.000000
215 0.000000
216 0.000000
217 0.000000
218 0.000000
219 0.000041
220 0.010682
221 0.048534
222 0.163760
223 0.099185
224 0.001466
225 0.001210
226 0.001088
227 0.001032
228 0.000794
229 0.000000
230 0.000000
231 0.000000
232 0.000000
233 0.000000
234 0.000000
235 0.000000
236 0.000000
237 0.000001
238 0.000001
239 0.000144
240 0.000015
241 0.000000
242 0.000000
243 0.000000
244 0.000000
245 0.000000
246 0.000000
247 0.000148
248 0.001586
249 0.006332
250 0.005150
251 0.003551
252 0.001394
253 0.001088
254 0.001032
255 0.000590
256 0.000110
257 0.000000
258 0.000000
259 0.000000
260 0.000000
261 0.000000
262 0.000000
263 0.000000
264 0.000000
265 0.000006
266 0.999995
267 0.010037
268 0.000041
269 0.000000
270 0.000000
271 0.000000
272 0.000000
273 0.000000
274 0.000000
275 0.000082
276 0.000175
277 0.000122
278 0.000076
279 0.000039
280 0.001088
281 0.000355
282 0.000173
283 0.000046
284 0.000019
285 0.000000
286 0.000000
287 0.000000
288 0.000000
289 0.000000
290 0.000000
291 0.000000
292 0.000000
293 0.000013
294 0.000022
295 0.000016
296 0.000009
297 0.000000
298 0.000000
299 0.000000
300 0.000000
301 0.000000
302 0.000000
303 0.000089
304 0.000031
305 0.000009
306 0.000006
307 0.000005
308 0.000186
309 0.000081
310 0.000027
311 0.000013
312 0.000002
313 0.000000
314 0.000000
315 0.000000
316 0.000000
317 0.000000
318 0.000000
319 0.000000
320 0.000000
321 0.000000
322 0.000001
323 0.000001
324 0.000000
325 0.000000
326 0.000000
327 0.000000
328 0.000000
329 0.000000
330 0.000002
331 0.000011
332 0.000015
333 0.000004
334 0.000004
335 0.000007
336 0.000055
337 0.000030
338 0.000019
339 0.000010
340 0.000000
341 0.000000
342 0.000000
343 0.000000
344 0.000000
345 0.000000
346 0.000000
347 0.000000
348 0.000000
349 0.000000
350 0.000000
351 0.000000
352 0.000000
353 0.000000
354 0.000000
355 0.000000
356 0.000000
357 0.000000
358 0.000001
359 0.000002
360 0.000048
361 0.000025
362 0.000022
363 0.000018
364 0.000051
365 0.000042
366 0.000022
367 0.000011
368 0.000000
369 0.000000
370 0.000000
371 0.000000
372 0.000000
373 0.000000
374 0.000000
375 0.000000
376 0.000000
377 0.000000
378 0.000000
379 0.000000
380 0.000000
381 0.000001
382 0.000001
383 0.000000
384 0.000000
385 0.000000
386 0.000000
387 0.000001
388 0.000150
389 0.000424
390 0.000302
391 0.000272
392 0.000038
393 0.000025
394 0.000012
395 0.000003
396 0.000000
397 0.000000
398 0.000000
399 0.000000
400 0.000000
401 0.000000
402 0.000000
403 0.000000
404 0.000000
405 0.000000
406 0.000000
407 0.000000
408 0.000000
409 0.000001
410 0.000002
411 0.000000
412 0.000000
413 0.000000
414 0.000000
415 0.000000
416 0.000044
417 0.002814
418 0.004722
419 0.003913
420 0.000022
421 0.000016
422 0.000027
423 0.000002
424 0.000000
425 0.000000
426 0.000000
427 0.000000
428 0.000000
429 0.000000
430 0.000000
431 0.000000
432 0.000000
433 0.000000
434 0.000000
435 0.000000
436 0.000000
437 0.000000
438 0.000000
439 0.000001
440 0.000001
441 0.000001
442 0.000000
443 0.000000
444 0.000013
445 0.007883
446 0.007322
447 0.004771
448 0.000126
449 0.000116
450 0.000129
451 0.000001
452 0.000000
453 0.000000
454 0.000000
455 0.000000
456 0.000000
457 0.000000
458 0.000000
459 0.000000
460 0.000000
461 0.000000
462 0.000000
463 0.000000
464 0.000000
465 0.000000
466 0.000000
467 0.000001
468 0.000101
469 0.000019
470 0.000001
471 0.000000
472 0.000001
473 0.000549
474 0.002446
475 0.002202
476 0.001611
477 0.001816
478 0.000611
479 0.000001
480 0.000000
481 0.000000
482 0.000000
483 0.000000
484 0.000000
485 0.000000
486 0.000000
487 0.000000
488 0.000000
489 0.000000
490 0.000000
491 0.000000
492 0.000000
493 0.000000
494 0.000000
495 0.000000
496 0.002808
497 0.999991
498 0.000007
499 0.000000
500 0.000000
501 0.000013
502 0.000717
503 0.001911
504 0.008197
505 0.009743
506 0.000564
507 0.000003
508 0.000000
509 0.000000
510 0.000000
511 0.000001
512 0.000000
513 0.000000
514 0.000000
515 0.000000
516 0.000000
517 0.000000
518 0.000000
519 0.000000
520 0.000000
521 0.000000
522 0.000000
523 0.000000
524 0.000011
525 0.002211
526 0.000214
527 0.000001
528 0.000000
529 0.000006
530 0.001199
531 0.002625
532 0.010002
533 0.010004
534 0.000183
535 0.000002
536 0.000001
537 0.000001
538 0.000011
539 0.000116
540 0.000114
541 0.000001
542 0.000000
543 0.000000
544 0.000000
545 0.000000
546 0.000000
547 0.000000
548 0.000000
549 0.000000
550 0.000000
551 0.000000
552 0.000000
553 0.000011
554 0.005280
555 0.000069
556 0.000007
557 0.000044
558 0.002623
559 0.002687
560 0.010003
561 0.010004
562 0.000159
563 0.000003
564 0.000001
565 0.000011
566 0.000374
567 0.999990
568 0.000223
569 0.000000
570 0.000000
571 0.000000
572 0.000000
573 0.000000
574 0.000000
575 0.000000
576 0.000000
577 0.000000
578 0.000000
579 0.000000
580 0.000000
581 0.000001
582 0.000211
583 0.009673
584 0.000561
585 0.010002
586 0.004390
587 0.002752
588 0.010003
589 0.010003
590 0.000687
591 0.000009
592 0.000008
593 0.000109
594 0.007201
595 0.000126
596 0.000003
597 0.000000
598 0.000000
599 0.000000
600 0.000000
601 0.000000
602 0.000000
603 0.000000
604 0.000000
605 0.000000
606 0.000000
607 0.000000
608 0.000000
609 0.000000
610 0.000003
611 0.000070
612 0.002148
613 0.005999
614 0.010002
615 0.007595
616 0.010003
617 0.006972
618 0.003871
619 0.000709
620 0.000351
621 0.003117
622 0.000144
623 0.000005
624 0.000000
625 0.000000
626 0.000000
627 0.000000
628 0.000000
629 0.000000
630 0.000000
631 0.000000
632 0.000000
633 0.000000
634 0.000000
635 0.000000
636 0.000000
637 0.000000
638 0.000002
639 0.000284
640 0.000799
641 0.002294
642 0.000000
643 0.000000
644 0.007129
645 0.003818
646 0.003822
647 0.004489
648 0.007453
649 0.000311
650 0.000006
651 0.000000
652 0.000001
653 0.000002
654 0.000000
655 0.000000
656 0.000000
657 0.000000
658 0.000000
659 0.000000
660 0.000000
661 0.000000
662 0.000000
663 0.000000
664 0.000000
665 0.000003
666 0.000119
667 0.000174
668 0.000323
669 0.000000
670 0.000000
671 0.000000
672 0.000000
673 0.003901
674 0.004500
675 0.008863
676 0.008325
677 0.003426
678 0.000032
679 0.000010
680 0.000018
681 0.000062
682 0.000047
683 0.000003
684 0.000001
685 0.000001
686 0.000001
687 0.000001
688 0.000001
689 0.000005
690 0.000015
691 0.000006
692 0.000015
693 0.000111
694 0.000127
695 0.000171
696 0.000000
697 0.000000
698 0.000000
699 0.000000
700 0.000000
701 0.000000
702 0.008730
703 0.010004
704 0.004163
705 0.001764
706 0.000774
707 0.000726
708 0.000660
709 0.000534
710 0.000155
711 0.000011
712 0.000001
713 0.000001
714 0.000001
715 0.000001
716 0.000002
717 0.000008
718 0.000076
719 0.000082
720 0.000088
721 0.000119
722 0.000160
723 0.000000
724 0.000000
725 0.000000
726 0.000000
727 0.000000
728 0.000000
729 0.000000
730 0.000000
731 0.000000
732 0.002212
733 0.000976
734 0.000799
735 0.000762
736 0.000726
737 0.000590
738 0.000534
739 0.000037
740 0.000004
741 0.000001
742 0.000001
743 0.000001
744 0.000004
745 0.000022
746 0.000082
747 0.000111
748 0.000119
749 0.000160
750 0.000000
751 0.000000
752 0.000000
753 0.000000
754 0.000000
755 0.000000
756 0.000000
757 0.000000
758 0.000001
759 0.000001
760 0.000000
761 0.001022
762 0.000976
763 0.000799
764 0.000762
765 0.000726
766 0.000692
767 0.000132
768 0.000010
769 0.000002
770 0.000002
771 0.000002
772 0.000008
773 0.000061
774 0.000082
775 0.000094
776 0.000127
777 0.000000
778 0.000046
779 0.000030
780 0.000000
781 0.000000
782 0.000000
783 0.000000
