0 0.000417
1 0.000377
2 0.000263
3 0.000309
4 0.000213
5 0.000147
6 0.000118
7 0.000107
8 0.000009
9 0.000004
10 0.000015
11 0.000039
12 0.000040
13 0.000004
14 0.000002
15 0.000001
16 0.000001
17 0.000001
18 0.000002
19 0.000015
20 0.000221
21 0.000692
22 0.005837
23 0.014613
24 0.120641
25 0.108293
26 0.018290
27 0.006879
28 0.000292
29 0.000341
30 0.000236
31 0.000213
32 0.000192
33 0.000157
34 0.000106
35 0.000041
36 0.000002
37 0.000002
38 0.000003
39 0.000023
40 0.000038
41 0.000012
42 0.000002
43 0.000001
44 0.000001
45 0.000001
46 0.000001
47 0.000006
48 0.000453
49 0.003747
50 0.000001
51 0.000001
52 0.118136
53 0.019246
54 0.005256
55 0.000254
56 0.000341
57 0.000236
58 0.000213
59 0.000192
60 0.000157
61 0.000106
62 0.000096
63 0.000008
64 0.000002
65 0.000001
66 0.000002
67 0.000004
68 0.000028
69 0.000030
70 0.000003
71 0.000001
72 0.000001
73 0.000001
74 0.000001
75 0.000003
76 0.000002
77 0.000001
78 0.000001
79 0.000001
80 0.000001
81 0.005024
82 0.000219
83 0.000162
84 0.000309
85 0.000213
86 0.000146
87 0.000118
88 0.000106
89 0.000096
90 0.000078
91 0.000002
92 0.000001
93 0.000001
94 0.000001
95 0.000002
96 0.000005
97 0.000036
98 0.000010
99 0.000002
100 0.000001
101 0.000001
102 0.000001
103 0.000001
104 0.000001
105 0.000002
106 0.000001
107 0.000001
108 0.000001
109 0.000146
110 0.000139
111 0.000188
112 0.000213
113 0.000192
114 0.000118
115 0.000106
116 0.000001
117 0.000001
118 0.000005
119 0.000002
120 0.000001
121 0.000001
122 0.000001
123 0.000001
124 0.000002
125 0.000013
126 0.000040
127 0.000001
128 0.000001
129 0.000001
130 0.000001
131 0.000001
132 0.000002
133 0.000001
134 0.000001
135 0.000001
136 0.000002
137 0.000094
138 0.000127
139 0.000175
140 0.000192
141 0.000131
142 0.000106
143 0.000096
144 0.000001
145 0.000001
146 0.000001
147 0.000003
148 0.000004
149 0.000004
150 0.000001
151 0.000001
152 0.000001
153 0.000001
154 0.000001
155 0.000001
156 0.000001
157 0.000001
158 0.000001
159 0.000003
160 0.000002
161 0.000001
162 0.000001
163 0.000001
164 0.000095
165 0.000085
166 0.000117
167 0.000127
168 0.000131
169 0.000106
170 0.000096
171 0.000078
172 0.000001
173 0.000001
174 0.000001
175 0.000001
176 0.000002
177 0.000004
178 0.000005
179 0.000004
180 0.000002
181 0.000001
182 0.000001
183 0.000001
184 0.000001
185 0.000002
186 0.000004
187 0.000004
188 0.000001
189 0.000001
190 0.000001
191 0.000001
192 0.000068
193 0.000074
194 0.000079
195 0.000117
196 0.000106
197 0.000096
198 0.000065
199 0.000053
200 0.000001
201 0.000001
202 0.000001
203 0.000001
204 0.000001
205 0.000001
206 0.000001
207 0.000003
208 0.000002
209 0.000001
210 0.000001
211 0.000002
212 0.000004
213 0.000009
214 0.000004
215 0.000001
216 0.000001
217 0.000001
218 0.000001
219 0.000001
220 0.000068
221 0.000074
222 0.000074
223 0.000101
224 0.000096
225 0.000065
226 0.000053
227 0.000048
228 0.000029
229 0.000001
230 0.000001
231 0.000001
232 0.000001
233 0.000001
234 0.000001
235 0.000001
236 0.000001
237 0.000001
238 0.000003
239 0.000012
240 0.999983
241 0.000114
242 0.000003
243 0.000001
244 0.000001
245 0.000001
246 0.000001
247 0.000001
248 0.000002
249 0.000002
250 0.000004
251 0.000008
252 0.000086
253 0.000053
254 0.000048
255 0.000024
256 0.000005
257 0.000001
258 0.000001
259 0.000001
260 0.000001
261 0.000001
262 0.000001
263 0.000001
264 0.000001
265 0.000001
266 0.000003
267 0.000011
268 0.000044
269 0.000014
270 0.000002
271 0.000001
272 0.000001
273 0.000001
274 0.000001
275 0.000002
276 0.000002
277 0.000001
278 0.000002
279 0.000002
280 0.000053
281 0.000015
282 0.000008
283 0.000003
284 0.000002
285 0.000001
286 0.000001
287 0.000001
288 0.000001
289 0.000001
290 0.000001
291 0.000001
292 0.000001
293 0.000001
294 0.000002
295 0.000002
296 0.000002
297 0.000001
298 0.000001
299 0.000001
300 0.000001
301 0.000001
302 0.000001
303 0.000031
304 0.000010
305 0.000005
306 0.000003
307 0.000003
308 0.000009
309 0.000005
310 0.000002
311 0.000001
312 0.000001
313 0.000001
314 0.000001
315 0.000001
316 0.000001
317 0.000001
318 0.000001
319 0.000001
320 0.000001
321 0.000002
322 0.000002
323 0.000001
324 0.000001
325 0.000001
326 0.000001
327 0.000001
328 0.000001
329 0.000001
330 0.000002
331 0.000002
332 0.000031
333 0.000041
334 0.000044
335 0.000041
336 0.000003
337 0.000002
338 0.000002
339 0.000001
340 0.000001
341 0.000001
342 0.000001
343 0.000001
344 0.000001
345 0.000001
346 0.000001
347 0.000001
348 0.000001
349 0.000001
350 0.000001
351 0.000001
352 0.000001
353 0.000001
354 0.000001
355 0.000001
356 0.000001
357 0.000001
358 0.000001
359 0.000002
360 0.000006
361 0.000028
362 0.000041
363 0.000044
364 0.000003
365 0.000002
366 0.000002
367 0.000001
368 0.000001
369 0.000001
370 0.000001
371 0.000001
372 0.000001
373 0.000001
374 0.000001
375 0.000001
376 0.000001
377 0.000001
378 0.000001
379 0.000001
380 0.000001
381 0.000001
382 0.000001
383 0.000001
384 0.000001
385 0.000001
386 0.000001
387 0.000001
388 0.000002
389 0.000003
390 0.000007
391 0.000027
392 0.000002
393 0.000001
394 0.000001
395 0.000001
396 0.000001
397 0.000001
398 0.000001
399 0.000001
400 0.000001
401 0.000001
402 0.000001
403 0.000001
404 0.000001
405 0.000001
406 0.000001
407 0.000001
408 0.000001
409 0.000001
410 0.000001
411 0.000001
412 0.000001
413 0.000001
414 0.000001
415 0.000001
416 0.000001
417 0.000001
418 0.000002
419 0.000003
420 0.000002
421 0.000001
422 0.000001
423 0.000001
424 0.000001
425 0.000001
426 0.000001
427 0.000001
428 0.000001
429 0.000001
430 0.000001
431 0.000001
432 0.000001
433 0.000001
434 0.000001
435 0.000001
436 0.000001
437 0.000001
438 0.000001
439 0.000001
440 0.000001
441 0.000001
442 0.000001
443 0.000001
444 0.000001
445 0.000001
446 0.000001
447 0.000001
448 0.000002
449 0.000002
450 0.000002
451 0.000001
452 0.000001
453 0.000001
454 0.000001
455 0.000001
456 0.000001
457 0.000001
458 0.000001
459 0.000001
460 0.000001
461 0.000001
462 0.000001
463 0.000001
464 0.000001
465 0.000001
466 0.000001
467 0.000001
468 0.000001
469 0.000001
470 0.000001
471 0.000001
472 0.000001
473 0.000001
474 0.000001
475 0.000001
476 0.000032
477 0.000016
478 0.000002
479 0.000001
480 0.000001
481 0.000001
482 0.000001
483 0.000001
484 0.000001
485 0.000001
486 0.000001
487 0.000001
488 0.000001
489 0.000001
490 0.000001
491 0.000001
492 0.000001
493 0.000001
494 0.000001
495 0.000001
496 0.000001
497 0.000001
498 0.000001
499 0.000001
500 0.000001
501 0.000001
502 0.000001
503 0.000002
504 0.003214
505 0.002123
506 0.000003
507 0.000001
508 0.000001
509 0.000001
510 0.000001
511 0.000001
512 0.000001
513 0.000001
514 0.000001
515 0.000001
516 0.000001
517 0.000001
518 0.000001
519 0.000001
520 0.000001
521 0.000001
522 0.000001
523 0.000001
524 0.000001
525 0.000001
526 0.000001
527 0.000001
528 0.000001
529 0.000001
530 0.000004
531 0.000020
532 0.008316
533 0.010007
534 0.000007
535 0.000001
536 0.000001
537 0.000001
538 0.000001
539 0.000001
540 0.000001
541 0.000001
542 0.000001
543 0.000001
544 0.000001
545 0.000001
546 0.000001
547 0.000001
548 0.000001
549 0.000001
550 0.000001
551 0.000001
552 0.000001
553 0.000001
554 0.000001
555 0.000001
556 0.000001
557 0.000001
558 0.000020
559 0.000022
560 0.010007
561 0.010008
562 0.000006
563 0.000001
564 0.000001
565 0.000002
566 0.000001
567 0.000001
568 0.000001
569 0.000001
570 0.000001
571 0.000001
572 0.000001
573 0.000001
574 0.000001
575 0.000001
576 0.000001
577 0.000001
578 0.000001
579 0.000001
580 0.000001
581 0.000001
582 0.000001
583 0.000001
584 0.000001
585 0.000020
586 0.000022
587 0.000032
588 0.010007
589 0.010007
590 0.000057
591 0.000002
592 0.000001
593 0.000001
594 0.000001
595 0.000001
596 0.000001
597 0.000001
598 0.000001
599 0.000001
600 0.000001
601 0.000001
602 0.000001
603 0.000001
604 0.000001
605 0.000001
606 0.000001
607 0.000001
608 0.000001
609 0.000001
610 0.000001
611 0.000001
612 0.000018
613 0.000020
614 0.000029
615 0.000032
616 0.010006
617 0.010006
618 0.010006
619 0.000115
620 0.000002
621 0.000001
622 0.000001
623 0.000001
624 0.000001
625 0.000001
626 0.000001
627 0.000001
628 0.000001
629 0.000001
630 0.000001
631 0.000001
632 0.000001
633 0.000001
634 0.000001
635 0.000001
636 0.000001
637 0.000001
638 0.000001
639 0.000018
640 0.000020
641 0.000029
642 0.000001
643 0.000001
644 0.010006
645 0.010005
646 0.010004
647 0.004984
648 0.000284
649 0.000001
650 0.000001
651 0.000001
652 0.000001
653 0.000001
654 0.000001
655 0.000001
656 0.000001
657 0.000001
658 0.000001
659 0.000001
660 0.000001
661 0.000001
662 0.000001
663 0.000001
664 0.000001
665 0.000001
666 0.000018
667 0.000026
668 0.000029
669 0.000001
670 0.000001
671 0.000001
672 0.000001
673 0.010003
674 0.006064
675 0.002579
676 0.001280
677 0.000737
678 0.000002
679 0.000001
680 0.000002
681 0.000008
682 0.000016
683 0.000001
684 0.000001
685 0.000001
686 0.000001
687 0.000001
688 0.000001
689 0.000001
690 0.000001
691 0.000001
692 0.000001
693 0.000016
694 0.000020
695 0.000029
696 0.000001
697 0.000001
698 0.000001
699 0.000001
700 0.000001
701 0.000001
702 0.003182
703 0.001633
704 0.000959
705 0.000913
706 0.000736
707 0.000700
708 0.000632
709 0.000503
710 0.000084
711 0.000003
712 0.000001
713 0.000001
714 0.000001
715 0.000001
716 0.000001
717 0.000002
718 0.000010
719 0.000011
720 0.000012
721 0.000018
722 0.000026
723 0.000001
724 0.000001
725 0.000001
726 0.000001
727 0.000001
728 0.000001
729 0.000001
730 0.000001
731 0.000001
732 0.001005
733 0.000958
734 0.000775
735 0.000736
736 0.000700
737 0.000560
738 0.000503
739 0.000011
740 0.000001
741 0.000001
742 0.000001
743 0.000001
744 0.000001
745 0.000004
746 0.000011
747 0.000016
748 0.000018
749 0.000026
750 0.000001
751 0.000001
752 0.000001
753 0.000001
754 0.000001
755 0.000001
756 0.000001
757 0.000001
758 0.000001
759 0.000001
760 0.000001
761 0.001004
762 0.000957
763 0.000775
764 0.000736
765 0.000700
766 0.000665
767 0.000057
768 0.000003
769 0.000001
770 0.000001
771 0.000001
772 0.000002
773 0.000009
774 0.000011
775 0.000013
776 0.000020
777 0.000001
778 0.000001
779 0.000001
780 0.000001
781 0.000001
782 0.000001
783 0.000001
