0 0.014897
1 0.009206
2 0.006427
3 0.006376
4 0.004893
5 0.003484
6 0.002578
7 0.002479
8 0.000578
9 0.000117
10 0.000086
11 0.000079
12 0.000084
13 0.000085
14 0.000082
15 0.000128
16 0.000251
17 0.000490
18 0.000718
19 0.000901
20 0.001187
21 0.001242
22 0.001505
23 0.001570
24 0.001423
25 0.001490
26 0.001784
27 0.001862
28 0.017445
29 0.014897
30 0.010034
31 0.006427
32 0.005778
33 0.004422
34 0.003013
35 0.001654
36 0.000238
37 0.000061
38 0.000056
39 0.000060
40 0.000062
41 0.000075
42 0.000069
43 0.000068
44 0.000135
45 0.000412
46 0.000619
47 0.000931
48 0.000973
49 0.001187
50 0.000000
51 0.000000
52 0.001360
53 0.001639
54 0.001490
55 0.002606
56 0.012233
57 0.017445
58 0.015359
59 0.010034
60 0.006427
61 0.005140
62 0.003848
63 0.000932
64 0.000121
65 0.000040
66 0.000051
67 0.000044
68 0.000040
69 0.000046
70 0.000047
71 0.000044
72 0.000083
73 0.000203
74 0.000548
75 0.000703
76 0.000001
77 0.000000
78 0.000000
79 0.000000
80 0.000000
81 0.001360
82 0.002441
83 0.003719
84 0.006093
85 0.011043
86 0.016766
87 0.014753
88 0.009631
89 0.006173
90 0.005119
91 0.000538
92 0.000071
93 0.000033
94 0.000031
95 0.000032
96 0.000033
97 0.000042
98 0.000039
99 0.000034
100 0.000042
101 0.000047
102 0.000001
103 0.000000
104 0.000000
105 0.000000
106 0.000000
107 0.000000
108 0.000021
109 0.002262
110 0.003555
111 0.006472
112 0.003551
113 0.005358
114 0.009743
115 0.016767
116 0.000000
117 0.000000
118 0.000000
119 0.000001
120 0.000001
121 0.000012
122 0.000029
123 0.000028
124 0.000030
125 0.000029
126 0.000029
127 0.000002
128 0.000000
129 0.000000
130 0.000000
131 0.000000
132 0.000000
133 0.000000
134 0.000000
135 0.000001
136 0.002120
137 0.003362
138 0.006298
139 0.008661
140 0.003054
141 0.003034
142 0.004564
143 0.007854
144 0.000000
145 0.000000
146 0.000000
147 0.000000
148 0.000000
149 0.000000
150 0.000000
151 0.000000
152 0.000000
153 0.000000
154 0.000000
155 0.000000
156 0.000000
157 0.000000
158 0.000000
159 0.000000
160 0.000000
161 0.000000
162 0.000000
163 0.001618
164 0.003733
165 0.006129
166 0.008558
167 0.008478
168 0.002675
169 0.002479
170 0.002569
171 0.003704
172 0.000000
173 0.000000
174 0.000000
175 0.000000
176 0.000000
177 0.000000
178 0.000000
179 0.000000
180 0.000000
181 0.000000
182 0.000000
183 0.000000
184 0.000000
185 0.000000
186 0.000000
187 0.000000
188 0.000000
189 0.000000
190 0.000088
191 0.003752
192 0.007109
193 0.008457
194 0.006086
195 0.004389
196 0.002479
197 0.002387
198 0.002066
199 0.002068
200 0.000014
201 0.000000
202 0.000000
203 0.000000
204 0.000000
205 0.000000
206 0.000000
207 0.000000
208 0.000000
209 0.000000
210 0.000000
211 0.000000
212 0.000000
213 0.000000
214 0.000000
215 0.000000
216 0.000000
217 0.000001
218 0.000543
219 0.003055
220 0.009044
221 0.005387
222 0.004015
223 0.003750
224 0.002387
225 0.002066
226 0.001906
227 0.001832
228 0.001512
229 0.000000
230 0.000000
231 0.000000
232 0.000000
233 0.000000
234 0.000000
235 0.000000
236 0.000000
237 0.000000
238 0.000000
239 0.000000
240 0.000000
241 0.000000
242 0.000000
243 0.000000
244 0.000001
245 0.000411
246 0.001400
247 0.001400
248 0.000722
249 0.000632
250 0.000639
251 0.000950
252 0.002299
253 0.001906
254 0.001832
255 0.001110
256 0.000252
257 0.000000
258 0.000000
259 0.000000
260 0.000000
261 0.000000
262 0.000000
263 0.000000
264 0.000000
265 0.000000
266 0.000000
267 0.000000
268 0.000000
269 0.000000
270 0.000000
271 0.000000
272 0.000012
273 0.999991
274 0.003325
275 0.000989
276 0.000608
277 0.000551
278 0.000651
279 0.001340
280 0.001906
281 0.000714
282 0.000367
283 0.000113
284 0.000050
285 0.000000
286 0.000000
287 0.000000
288 0.000000
289 0.000000
290 0.000000
291 0.000000
292 0.000000
293 0.000000
294 0.000000
295 0.000000
296 0.000000
297 0.000000
298 0.000000
299 0.000000
300 0.000007
301 0.000101
302 0.000580
303 0.001459
304 0.002768
305 0.004873
306 0.004761
307 0.003938
308 0.000422
309 0.000192
310 0.000072
311 0.000029
312 0.000003
313 0.000000
314 0.000000
315 0.000000
316 0.000000
317 0.000000
318 0.000000
319 0.000000
320 0.000000
321 0.000000
322 0.000000
323 0.000000
324 0.000000
325 0.000000
326 0.000000
327 0.000000
328 0.000001
329 0.000002
330 0.000036
331 0.000152
332 0.000951
333 0.002894
334 0.006401
335 0.027408
336 0.000154
337 0.000070
338 0.000044
339 0.000025
340 0.000001
341 0.000000
342 0.000000
343 0.000000
344 0.000000
345 0.000000
346 0.000000
347 0.000000
348 0.000000
349 0.000000
350 0.000000
351 0.000000
352 0.000000
353 0.000000
354 0.000000
355 0.000001
356 0.000001
357 0.000000
358 0.000003
359 0.000050
360 0.000238
361 0.001685
362 0.003713
363 0.005219
364 0.000145
365 0.000099
366 0.000053
367 0.000028
368 0.000000
369 0.000000
370 0.000000
371 0.000000
372 0.000000
373 0.000000
374 0.000000
375 0.000000
376 0.000000
377 0.000000
378 0.000000
379 0.000000
380 0.000000
381 0.000000
382 0.000000
383 0.000000
384 0.000000
385 0.000000
386 0.000001
387 0.000058
388 0.000233
389 0.000375
390 0.000422
391 0.000684
392 0.000191
393 0.000103
394 0.000054
395 0.000005
396 0.000000
397 0.000000
398 0.000000
399 0.000000
400 0.000000
401 0.000000
402 0.000000
403 0.000000
404 0.000000
405 0.000000
406 0.000000
407 0.000002
408 0.000005
409 0.000002
410 0.000000
411 0.000000
412 0.000000
413 0.000000
414 0.000001
415 0.000008
416 0.000074
417 0.000162
418 0.000083
419 0.000050
420 0.000235
421 0.000158
422 0.000104
423 0.000002
424 0.000000
425 0.000000
426 0.000000
427 0.000000
428 0.000000
429 0.000000
430 0.000000
431 0.000000
432 0.000000
433 0.000000
434 0.000000
435 0.000003
436 0.001285
437 0.000448
438 0.000011
439 0.000001
440 0.000000
441 0.000000
442 0.000000
443 0.000001
444 0.000008
445 0.000046
446 0.000047
447 0.000052
448 0.000309
449 0.000228
450 0.000173
451 0.000001
452 0.000000
453 0.000000
454 0.000000
455 0.000000
456 0.000000
457 0.000000
458 0.000000
459 0.000000
460 0.000000
461 0.000000
462 0.000000
463 0.000001
464 0.000680
465 0.999988
466 0.003310
467 0.000029
468 0.000001
469 0.000000
470 0.000000
471 0.000000
472 0.000002
473 0.000027
474 0.000048
475 0.000072
476 0.000471
477 0.000372
478 0.000081
479 0.000000
480 0.000000
481 0.000000
482 0.000000
483 0.000000
484 0.000000
485 0.000000
486 0.000000
487 0.000000
488 0.000000
489 0.000000
490 0.000000
491 0.000000
492 0.000023
493 0.000525
494 0.023448
495 0.000840
496 0.000003
497 0.000000
498 0.000000
499 0.000000
500 0.000001
501 0.000014
502 0.000102
503 0.000139
504 0.000838
505 0.000598
506 0.000021
507 0.000000
508 0.000000
509 0.000000
510 0.000000
511 0.000000
512 0.000000
513 0.000000
514 0.000000
515 0.000000
516 0.000000
517 0.000000
518 0.000000
519 0.000000
520 0.000001
521 0.000003
522 0.000104
523 0.000913
524 0.000088
525 0.000002
526 0.000000
527 0.000000
528 0.000000
529 0.000010
530 0.000202
531 0.000301
532 0.000789
533 0.000717
534 0.000008
535 0.000000
536 0.000000
537 0.000000
538 0.000000
539 0.000000
540 0.000000
541 0.000000
542 0.000000
543 0.000001
544 0.000001
545 0.000001
546 0.000001
547 0.000000
548 0.000000
549 0.000000
550 0.000001
551 0.000012
552 0.000593
553 0.000134
554 0.000003
555 0.000001
556 0.000002
557 0.000016
558 0.000301
559 0.000318
560 0.000960
561 0.000918
562 0.000009
563 0.000000
564 0.000000
565 0.000000
566 0.000000
567 0.000000
568 0.000000
569 0.000000
570 0.000000
571 0.000001
572 0.000023
573 0.000079
574 0.000019
575 0.000001
576 0.000001
577 0.000000
578 0.000000
579 0.000001
580 0.000025
581 0.000510
582 0.000296
583 0.000016
584 0.000044
585 0.001057
586 0.000519
587 0.000401
588 0.001163
589 0.000960
590 0.000070
591 0.000001
592 0.000000
593 0.000000
594 0.000000
595 0.000000
596 0.000001
597 0.000001
598 0.000001
599 0.000005
600 0.000608
601 0.999990
602 0.000727
603 0.000046
604 0.000003
605 0.000001
606 0.000000
607 0.000000
608 0.000001
609 0.000041
610 0.001069
611 0.001505
612 0.005522
613 0.002376
614 0.001340
615 0.000789
616 0.001268
617 0.001163
618 0.000960
619 0.000115
620 0.000003
621 0.000000
622 0.000001
623 0.000004
624 0.000045
625 0.000073
626 0.000018
627 0.000010
628 0.000288
629 0.003386
630 0.002172
631 0.000309
632 0.000116
633 0.000013
634 0.000005
635 0.000003
636 0.000001
637 0.000006
638 0.000239
639 0.010012
640 0.010012
641 0.007098
642 0.000000
643 0.000000
644 0.001323
645 0.001268
646 0.001214
647 0.001005
648 0.000441
649 0.000017
650 0.000025
651 0.000190
652 0.000709
653 0.000644
654 0.000124
655 0.000021
656 0.000142
657 0.001440
658 0.010010
659 0.001204
660 0.000181
661 0.000042
662 0.000121
663 0.000046
664 0.000035
665 0.000272
666 0.001672
667 0.005041
668 0.010011
669 0.000000
670 0.000000
671 0.000000
672 0.000000
673 0.001323
674 0.001268
675 0.001052
676 0.001163
677 0.000960
678 0.002044
679 0.000810
680 0.000690
681 0.000601
682 0.000420
683 0.000166
684 0.000109
685 0.000724
686 0.004424
687 0.005823
688 0.001363
689 0.000466
690 0.000092
691 0.000068
692 0.000066
693 0.000325
694 0.000771
695 0.002177
696 0.000000
697 0.000000
698 0.000000
699 0.000000
700 0.000000
701 0.000000
702 0.001323
703 0.001268
704 0.001214
705 0.001164
706 0.000961
707 0.000918
708 0.000839
709 0.001804
710 0.002131
711 0.000558
712 0.000104
713 0.000301
714 0.002090
715 0.010009
716 0.003622
717 0.000926
718 0.000356
719 0.000212
720 0.000224
721 0.000285
722 0.000435
723 0.000000
724 0.000000
725 0.000000
726 0.000000
727 0.000000
728 0.000000
729 0.000000
730 0.000000
731 0.000000
732 0.001268
733 0.001215
734 0.001005
735 0.000961
736 0.001695
737 0.003664
738 0.009999
739 0.001206
740 0.000203
741 0.000175
742 0.001048
743 0.004638
744 0.010008
745 0.002339
746 0.000836
747 0.000325
748 0.000285
749 0.000361
750 0.000001
751 0.000000
752 0.000000
753 0.000001
754 0.000000
755 0.000000
756 0.000000
757 0.000000
758 0.000001
759 0.000001
760 0.000000
761 0.001268
762 0.001215
763 0.001348
764 0.002784
765 0.007167
766 0.009999
767 0.002689
768 0.000408
769 0.000128
770 0.000554
771 0.002287
772 0.010010
773 0.006111
774 0.001577
775 0.000607
776 0.000301
777 0.000023
778 0.000181
779 0.000166
780 0.000072
781 0.000002
782 0.000001
783 0.000000
