0 0.001902
1 0.001794
2 0.001450
3 0.001656
4 0.001834
5 0.002788
6 0.005927
7 0.007090
8 0.000054
9 0.000002
10 0.000002
11 0.000002
12 0.000002
13 0.000002
14 0.000002
15 0.000002
16 0.000002
17 0.000002
18 0.000002
19 0.000007
20 0.000023
21 0.000026
22 0.000040
23 0.000044
24 0.000035
25 0.000039
26 0.000061
27 0.000068
28 0.001545
29 0.001691
30 0.001361
31 0.001278
32 0.001374
33 0.002080
34 0.004444
35 0.001967
36 0.000015
37 0.000002
38 0.000002
39 0.000002
40 0.000002
41 0.000002
42 0.000002
43 0.000002
44 0.000002
45 0.000002
46 0.000002
47 0.000004
48 0.000015
49 0.000023
50 0.000031
51 0.000036
52 0.000031
53 0.000049
54 0.000039
55 0.000061
56 0.001691
57 0.001361
58 0.001278
59 0.001200
60 0.001059
61 0.001249
62 0.002094
63 0.000136
64 0.000005
65 0.000002
66 0.000002
67 0.000002
68 0.000002
69 0.000002
70 0.000002
71 0.000002
72 0.000002
73 0.000002
74 0.000002
75 0.000002
76 0.000021
77 0.000019
78 0.000021
79 0.000023
80 0.000036
81 0.000031
82 0.000049
83 0.000039
84 0.001595
85 0.001278
86 0.001016
87 0.000888
88 0.000831
89 0.000805
90 0.001211
91 0.000011
92 0.000003
93 0.000002
94 0.000002
95 0.000002
96 0.000002
97 0.000002
98 0.000002
99 0.000002
100 0.000002
101 0.000002
102 0.000002
103 0.000002
104 0.000005
105 0.000016
106 0.000019
107 0.000029
108 0.000032
109 0.000028
110 0.000031
111 0.000049
112 0.001278
113 0.001200
114 0.000888
115 0.000830
116 0.000001
117 0.000001
118 0.000001
119 0.000001
120 0.000001
121 0.000002
122 0.000002
123 0.000002
124 0.000002
125 0.000002
126 0.000002
127 0.000002
128 0.000002
129 0.000002
130 0.000002
131 0.000002
132 0.000002
133 0.000012
134 0.000016
135 0.000024
136 0.000027
137 0.000018
138 0.000028
139 0.000044
140 0.001200
141 0.000950
142 0.000830
143 0.000777
144 0.000001
145 0.000001
146 0.000001
147 0.000001
148 0.000001
149 0.000001
150 0.000001
151 0.000001
152 0.000002
153 0.000002
154 0.000002
155 0.000002
156 0.000002
157 0.000002
158 0.000002
159 0.000002
160 0.000002
161 0.000006
162 0.000016
163 0.000015
164 0.000019
165 0.000017
166 0.000026
167 0.000038
168 0.000950
169 0.000830
170 0.000777
171 0.000681
172 0.000001
173 0.000001
174 0.000001
175 0.000001
176 0.000001
177 0.000001
178 0.000001
179 0.000001
180 0.000001
181 0.000001
182 0.000001
183 0.000001
184 0.000001
185 0.000001
186 0.000001
187 0.000002
188 0.000002
189 0.000003
190 0.000013
191 0.000015
192 0.000012
193 0.000014
194 0.000045
195 0.002273
196 0.000830
197 0.000777
198 0.000603
199 0.000524
200 0.000002
201 0.000001
202 0.000001
203 0.000001
204 0.000001
205 0.000001
206 0.000001
207 0.000001
208 0.000001
209 0.000001
210 0.000001
211 0.000001
212 0.000001
213 0.000001
214 0.000001
215 0.000001
216 0.000001
217 0.000002
218 0.000002
219 0.000002
220 0.000014
221 0.000100
222 0.001701
223 0.003424
224 0.000782
225 0.000606
226 0.000524
227 0.000488
228 0.000346
229 0.000001
230 0.000001
231 0.000001
232 0.000001
233 0.000001
234 0.000001
235 0.000001
236 0.000001
237 0.000001
238 0.000002
239 0.000002
240 0.000001
241 0.000001
242 0.000001
243 0.000001
244 0.000001
245 0.000001
246 0.000002
247 0.000002
248 0.000002
249 0.000004
250 0.000011
251 0.000027
252 0.000732
253 0.000527
254 0.000491
255 0.000448
256 0.000339
257 0.000001
258 0.000001
259 0.000001
260 0.000001
261 0.000001
262 0.000001
263 0.000002
264 0.000001
265 0.000001
266 0.000002
267 0.000002
268 0.000002
269 0.000001
270 0.000001
271 0.000001
272 0.000001
273 0.000001
274 0.000002
275 0.000002
276 0.000002
277 0.000002
278 0.000002
279 0.000002
280 0.000524
281 0.000438
282 0.000481
283 0.000351
284 0.000333
285 0.000001
286 0.000001
287 0.000001
288 0.000001
289 0.000001
290 0.000001
291 0.000002
292 0.000002
293 0.000002
294 0.000002
295 0.000002
296 0.000002
297 0.000002
298 0.000001
299 0.000001
300 0.000001
301 0.000001
302 0.000002
303 0.000002
304 0.000002
305 0.000002
306 0.000002
307 0.000002
308 0.000737
309 0.000543
310 0.000356
311 0.000270
312 0.000003
313 0.000002
314 0.000001
315 0.000001
316 0.000001
317 0.000001
318 0.000001
319 0.000001
320 0.000002
321 0.000002
322 0.000002
323 0.000002
324 0.000002
325 0.000002
326 0.000002
327 0.000001
328 0.000001
329 0.000001
330 0.000002
331 0.000002
332 0.000002
333 0.000002
334 0.000002
335 0.000002
336 0.000711
337 0.000575
338 0.000443
339 0.000254
340 0.000002
341 0.000001
342 0.000001
343 0.000001
344 0.000001
345 0.000001
346 0.000001
347 0.000001
348 0.000001
349 0.000002
350 0.000002
351 0.000002
352 0.000002
353 0.000003
354 0.000002
355 0.000002
356 0.000002
357 0.000001
358 0.000001
359 0.000001
360 0.000002
361 0.000002
362 0.000002
363 0.000002
364 0.000561
365 0.000574
366 0.000499
367 0.000318
368 0.000002
369 0.000001
370 0.000001
371 0.000001
372 0.000001
373 0.000001
374 0.000001
375 0.000001
376 0.000001
377 0.000001
378 0.000002
379 0.000002
380 0.000003
381 0.000004
382 0.000005
383 0.000003
384 0.000002
385 0.000001
386 0.000001
387 0.000001
388 0.000002
389 0.000002
390 0.000002
391 0.000002
392 0.000285
393 0.000298
394 0.000311
395 0.000003
396 0.000001
397 0.000001
398 0.000001
399 0.000001
400 0.000001
401 0.000001
402 0.000001
403 0.000001
404 0.000001
405 0.000001
406 0.000001
407 0.000002
408 0.000003
409 0.000005
410 0.000007
411 0.000005
412 0.000002
413 0.000001
414 0.000001
415 0.000001
416 0.000001
417 0.000002
418 0.000002
419 0.000002
420 0.000282
421 0.000155
422 0.000144
423 0.000002
424 0.000001
425 0.000001
426 0.000001
427 0.000001
428 0.000001
429 0.000001
430 0.000001
431 0.000001
432 0.000001
433 0.000001
434 0.000001
435 0.000002
436 0.000002
437 0.000003
438 0.000006
439 0.000007
440 0.000004
441 0.000002
442 0.000001
443 0.000001
444 0.000001
445 0.000002
446 0.000003
447 0.000003
448 0.000307
449 0.000147
450 0.000114
451 0.000001
452 0.000001
453 0.000001
454 0.000001
455 0.000001
456 0.000001
457 0.000001
458 0.000001
459 0.000001
460 0.000001
461 0.000001
462 0.000001
463 0.000001
464 0.000002
465 0.000002
466 0.000003
467 0.000007
468 0.000010
469 0.000004
470 0.000002
471 0.000001
472 0.000002
473 0.000004
474 0.000005
475 0.000005
476 0.001565
477 0.000651
478 0.000008
479 0.000001
480 0.000001
481 0.000001
482 0.000001
483 0.000001
484 0.000001
485 0.000001
486 0.000001
487 0.000001
488 0.000001
489 0.000001
490 0.000001
491 0.000001
492 0.000001
493 0.000001
494 0.000002
495 0.000004
496 0.000031
497 0.000039
498 0.000007
499 0.000003
500 0.000003
501 0.000003
502 0.000005
503 0.000004
504 0.011602
505 0.005866
506 0.000002
507 0.000001
508 0.000001
509 0.000001
510 0.000001
511 0.000001
512 0.000001
513 0.000001
514 0.000001
515 0.000001
516 0.000001
517 0.000001
518 0.000001
519 0.000001
520 0.000001
521 0.000001
522 0.000002
523 0.000004
524 0.000028
525 0.999955
526 0.000086
527 0.000005
528 0.000002
529 0.000002
530 0.000004
531 0.000003
532 0.011609
533 0.011632
534 0.000002
535 0.000001
536 0.000001
537 0.000001
538 0.000001
539 0.000001
540 0.000001
541 0.000001
542 0.000001
543 0.000001
544 0.000001
545 0.000001
546 0.000001
547 0.000001
548 0.000002
549 0.000002
550 0.000003
551 0.000003
552 0.000005
553 0.000018
554 0.000845
555 0.000009
556 0.000002
557 0.000002
558 0.000005
559 0.000003
560 0.011531
561 0.011542
562 0.000002
563 0.000001
564 0.000001
565 0.000001
566 0.000001
567 0.000001
568 0.000001
569 0.000001
570 0.000001
571 0.000001
572 0.000001
573 0.000001
574 0.000002
575 0.000002
576 0.000003
577 0.000003
578 0.000002
579 0.000002
580 0.000001
581 0.000002
582 0.000009
583 0.000157
584 0.000019
585 0.000281
586 0.000035
587 0.000011
588 0.011456
589 0.011522
590 0.000011
591 0.000001
592 0.000001
593 0.000001
594 0.000001
595 0.000001
596 0.000001
597 0.000001
598 0.000001
599 0.000002
600 0.000002
601 0.000002
602 0.000002
603 0.000002
604 0.000002
605 0.000001
606 0.000001
607 0.000001
608 0.000001
609 0.000001
610 0.000002
611 0.000033
612 0.002058
613 0.004503
614 0.000552
615 0.000101
616 0.011419
617 0.011452
618 0.011521
619 0.000028
620 0.000002
621 0.000001
622 0.000001
623 0.000001
624 0.000001
625 0.000002
626 0.000002
627 0.000002
628 0.000003
629 0.000003
630 0.000002
631 0.000001
632 0.000001
633 0.000001
634 0.000001
635 0.000001
636 0.000001
637 0.000001
638 0.000002
639 0.000019
640 0.000155
641 0.002168
642 0.000002
643 0.000003
644 0.011401
645 0.011418
646 0.011433
647 0.011503
648 0.000717
649 0.000002
650 0.000002
651 0.000002
652 0.000002
653 0.000002
654 0.000003
655 0.000002
656 0.000002
657 0.000002
658 0.000002
659 0.000002
660 0.000001
661 0.000001
662 0.000001
663 0.000001
664 0.000001
665 0.000002
666 0.000003
667 0.000005
668 0.000022
669 0.000002
670 0.000002
671 0.000004
672 0.000001
673 0.011399
674 0.011416
675 0.011486
676 0.011451
677 0.011520
678 0.000002
679 0.000002
680 0.000004
681 0.000053
682 0.000060
683 0.000002
684 0.000002
685 0.000002
686 0.000002
687 0.000002
688 0.000002
689 0.000002
690 0.000002
691 0.000002
692 0.000002
693 0.000003
694 0.000003
695 0.000004
696 0.000002
697 0.000002
698 0.000002
699 0.000003
700 0.000001
701 0.000001
702 0.011399
703 0.011417
704 0.011433
705 0.011448
706 0.011513
707 0.011523
708 0.011555
709 0.011626
710 0.000644
711 0.000006
712 0.000002
713 0.000002
714 0.000002
715 0.000002
716 0.000002
717 0.000002
718 0.000002
719 0.000002
720 0.000003
721 0.000003
722 0.000004
723 0.000002
724 0.000002
725 0.000002
726 0.000002
727 0.000002
728 0.000001
729 0.000001
730 0.000001
731 0.000001
732 0.011415
733 0.011427
734 0.011491
735 0.011506
736 0.011526
737 0.011603
738 0.011650
739 0.000023
740 0.000002
741 0.000002
742 0.000002
743 0.000002
744 0.000002
745 0.000002
746 0.000002
747 0.000003
748 0.000003
749 0.000004
750 0.000001
751 0.000001
752 0.000001
753 0.000001
754 0.000002
755 0.000002
756 0.000001
757 0.000001
758 0.000002
759 0.000002
760 0.000001
761 0.011406
762 0.011419
763 0.011491
764 0.011515
765 0.011546
766 0.011580
767 0.000168
768 0.000004
769 0.000002
770 0.000002
771 0.000002
772 0.000002
773 0.000003
774 0.000002
775 0.000003
776 0.000003
777 0.000001
778 0.000002
779 0.000002
780 0.000001
781 0.000001
782 0.000001
783 0.000002
