0 0.008748
1 0.019270
2 0.027910
3 0.017278
4 0.009660
5 0.004724
6 0.003036
7 0.001949
8 0.000293
9 0.000054
10 0.000040
11 0.000034
12 0.000036
13 0.000034
14 0.000032
15 0.000030
16 0.000024
17 0.000018
18 0.000090
19 0.000452
20 0.001097
21 0.001150
22 0.001404
23 0.001467
24 0.001325
25 0.001389
26 0.001676
27 0.001752
28 0.004150
29 0.008593
30 0.018050
31 0.027910
32 0.016180
33 0.008177
34 0.003903
35 0.001748
36 0.000159
37 0.000027
38 0.000024
39 0.000025
40 0.000024
41 0.000029
42 0.000026
43 0.000021
44 0.000016
45 0.000018
46 0.000033
47 0.000236
48 0.000891
49 0.001097
50 0.000000
51 0.000000
52 0.001263
53 0.001534
54 0.001389
55 0.001685
56 0.002758
57 0.003941
58 0.007358
59 0.018050
60 0.027910
61 0.015141
62 0.007649
63 0.001179
64 0.000116
65 0.000024
66 0.000022
67 0.000017
68 0.000014
69 0.000016
70 0.000016
71 0.000014
72 0.000014
73 0.000012
74 0.000015
75 0.000084
76 0.000000
77 0.000000
78 0.000000
79 0.000000
80 0.000000
81 0.001263
82 0.001542
83 0.001781
84 0.002330
85 0.002242
86 0.003264
87 0.007808
88 0.019810
89 0.026167
90 0.015141
91 0.001016
92 0.000073
93 0.000029
94 0.000017
95 0.000012
96 0.000011
97 0.000014
98 0.000013
99 0.000010
100 0.000011
101 0.000003
102 0.000000
103 0.000000
104 0.000000
105 0.000000
106 0.000000
107 0.000000
108 0.000001
109 0.001222
110 0.001637
111 0.003606
112 0.001954
113 0.001859
114 0.001718
115 0.002986
116 0.000000
117 0.000000
118 0.000000
119 0.000001
120 0.000011
121 0.000016
122 0.000026
123 0.000015
124 0.000010
125 0.000010
126 0.000009
127 0.000000
128 0.000000
129 0.000000
130 0.000000
131 0.000000
132 0.000000
133 0.000000
134 0.000000
135 0.000000
136 0.000098
137 0.001573
138 0.003864
139 0.010412
140 0.001859
141 0.001544
142 0.001389
143 0.001435
144 0.000000
145 0.000000
146 0.000000
147 0.000000
148 0.000000
149 0.000000
150 0.000000
151 0.000001
152 0.000002
153 0.000000
154 0.000000
155 0.000000
156 0.000000
157 0.000000
158 0.000000
159 0.000000
160 0.000000
161 0.000000
162 0.000000
163 0.000004
164 0.001635
165 0.004185
166 0.012046
167 0.023763
168 0.001544
169 0.001389
170 0.001317
171 0.001186
172 0.000000
173 0.000000
174 0.000000
175 0.000000
176 0.000000
177 0.000000
178 0.000000
179 0.000000
180 0.000000
181 0.000000
182 0.000000
183 0.000000
184 0.000000
185 0.000000
186 0.000000
187 0.000000
188 0.000000
189 0.000000
190 0.000001
191 0.000468
192 0.005772
193 0.014652
194 0.028089
195 0.026052
196 0.001389
197 0.001317
198 0.001077
199 0.000963
200 0.000051
201 0.000000
202 0.000000
203 0.000000
204 0.000000
205 0.000000
206 0.000000
207 0.000000
208 0.000000
209 0.000000
210 0.000000
211 0.000000
212 0.000000
213 0.000000
214 0.000000
215 0.000000
216 0.000000
217 0.000000
218 0.000016
219 0.000569
220 0.021213
221 0.036136
222 0.022780
223 0.008295
224 0.001317
225 0.001077
226 0.000963
227 0.000911
228 0.000693
229 0.000000
230 0.000000
231 0.000000
232 0.000000
233 0.000000
234 0.000000
235 0.000000
236 0.000000
237 0.000000
238 0.000000
239 0.000000
240 0.000000
241 0.000000
242 0.000000
243 0.000000
244 0.000000
245 0.000000
246 0.001694
247 0.460938
248 0.117431
249 0.027824
250 0.008046
251 0.004103
252 0.001250
253 0.000963
254 0.000911
255 0.000453
256 0.000066
257 0.000000
258 0.000000
259 0.000000
260 0.000000
261 0.000000
262 0.000000
263 0.000000
264 0.000000
265 0.000000
266 0.000000
267 0.000000
268 0.000000
269 0.000000
270 0.000000
271 0.000000
272 0.000000
273 0.000000
274 0.000065
275 0.009795
276 0.005883
277 0.005085
278 0.006182
279 0.006867
280 0.000963
281 0.000255
282 0.000109
283 0.000025
284 0.000013
285 0.000000
286 0.000000
287 0.000000
288 0.000000
289 0.000000
290 0.000000
291 0.000000
292 0.000000
293 0.000000
294 0.000000
295 0.000000
296 0.000000
297 0.000000
298 0.000000
299 0.000000
300 0.000000
301 0.000000
302 0.000000
303 0.000057
304 0.000117
305 0.000259
306 0.000735
307 0.002475
308 0.000140
309 0.000050
310 0.000021
311 0.000008
312 0.000001
313 0.000000
314 0.000000
315 0.000000
316 0.000000
317 0.000000
318 0.000000
319 0.000000
320 0.000000
321 0.000000
322 0.000000
323 0.000000
324 0.000000
325 0.000000
326 0.000000
327 0.000000
328 0.000000
329 0.000000
330 0.000000
331 0.000003
332 0.000019
333 0.000041
334 0.000111
335 0.000371
336 0.000059
337 0.000028
338 0.000014
339 0.000007
340 0.000000
341 0.000000
342 0.000000
343 0.000000
344 0.000000
345 0.000000
346 0.000000
347 0.000000
348 0.000000
349 0.000000
350 0.000000
351 0.000000
352 0.000000
353 0.000000
354 0.000000
355 0.000000
356 0.000000
357 0.000000
358 0.000000
359 0.000000
360 0.000054
361 0.000092
362 0.000142
363 0.000223
364 0.000046
365 0.000039
366 0.000019
367 0.000006
368 0.000000
369 0.000000
370 0.000000
371 0.000000
372 0.000000
373 0.000000
374 0.000000
375 0.000000
376 0.000000
377 0.000000
378 0.000000
379 0.000000
380 0.000000
381 0.000000
382 0.000000
383 0.000000
384 0.000000
385 0.000000
386 0.000000
387 0.000000
388 0.000028
389 0.000203
390 0.000214
391 0.000172
392 0.000048
393 0.000017
394 0.000007
395 0.000001
396 0.000000
397 0.000000
398 0.000000
399 0.000000
400 0.000000
401 0.000000
402 0.000000
403 0.000000
404 0.000000
405 0.000000
406 0.000000
407 0.000001
408 0.000199
409 0.000002
410 0.000000
411 0.000000
412 0.000000
413 0.000000
414 0.000000
415 0.000000
416 0.000008
417 0.000140
418 0.000117
419 0.000084
420 0.000057
421 0.000025
422 0.000012
423 0.000000
424 0.000000
425 0.000000
426 0.000000
427 0.000000
428 0.000000
429 0.000000
430 0.000000
431 0.000000
432 0.000000
433 0.000000
434 0.000000
435 0.000000
436 0.000008
437 0.000241
438 0.000035
439 0.000008
440 0.000000
441 0.000000
442 0.000000
443 0.000000
444 0.000000
445 0.000077
446 0.000039
447 0.000035
448 0.000144
449 0.000088
450 0.000039
451 0.000000
452 0.000000
453 0.000000
454 0.000000
455 0.000000
456 0.000000
457 0.000000
458 0.000000
459 0.000000
460 0.000000
461 0.000000
462 0.000000
463 0.000000
464 0.000000
465 0.000009
466 1.000000
467 0.001972
468 0.000002
469 0.000000
470 0.000000
471 0.000000
472 0.000000
473 0.000008
474 0.000025
475 0.000039
476 0.000228
477 0.000177
478 0.000035
479 0.000000
480 0.000000
481 0.000000
482 0.000000
483 0.000000
484 0.000000
485 0.000000
486 0.000000
487 0.000000
488 0.000000
489 0.000000
490 0.000000
491 0.000000
492 0.000000
493 0.000000
494 0.000133
495 0.084374
496 0.000232
497 0.000001
498 0.000000
499 0.000000
500 0.000000
501 0.000001
502 0.000053
503 0.000078
504 0.000425
505 0.000289
506 0.000009
507 0.000000
508 0.000000
509 0.000000
510 0.000000
511 0.000000
512 0.000000
513 0.000000
514 0.000000
515 0.000000
516 0.000000
517 0.000000
518 0.000000
519 0.000000
520 0.000000
521 0.000000
522 0.000000
523 0.000022
524 0.006470
525 0.000039
526 0.000000
527 0.000000
528 0.000000
529 0.000001
530 0.000110
531 0.000249
532 0.000396
533 0.000353
534 0.000003
535 0.000000
536 0.000000
537 0.000000
538 0.000000
539 0.000000
540 0.000000
541 0.000000
542 0.000000
543 0.000000
544 0.000000
545 0.000000
546 0.000000
547 0.000000
548 0.000000
549 0.000000
550 0.000000
551 0.000000
552 0.000020
553 0.002417
554 0.000063
555 0.000000
556 0.000000
557 0.000009
558 0.000367
559 0.000264
560 0.000501
561 0.000475
562 0.000004
563 0.000000
564 0.000000
565 0.000000
566 0.000000
567 0.000000
568 0.000000
569 0.000001
570 0.000033
571 0.001312
572 0.002639
573 0.000092
574 0.000001
575 0.000000
576 0.000000
577 0.000000
578 0.000000
579 0.000000
580 0.000000
581 0.000097
582 0.006870
583 0.000547
584 0.000027
585 0.002415
586 0.001049
587 0.000599
588 0.000633
589 0.000501
590 0.000033
591 0.000000
592 0.000000
593 0.000000
594 0.000000
595 0.000000
596 0.000004
597 0.000055
598 0.002513
599 0.833915
600 0.999980
601 0.000371
602 0.000002
603 0.000000
604 0.000000
605 0.000000
606 0.000000
607 0.000000
608 0.000000
609 0.000000
610 0.000271
611 0.030008
612 0.010000
613 0.006148
614 0.003095
615 0.001650
616 0.000703
617 0.000633
618 0.000501
619 0.000054
620 0.000001
621 0.000000
622 0.000003
623 0.000026
624 0.000712
625 0.001642
626 0.000990
627 0.001147
628 0.001969
629 0.000115
630 0.000007
631 0.000015
632 0.000004
633 0.000000
634 0.000000
635 0.000000
636 0.000000
637 0.000000
638 0.000016
639 0.002971
640 0.007853
641 0.010000
642 0.000000
643 0.000000
644 0.000741
645 0.000703
646 0.000667
647 0.000530
648 0.000351
649 0.000280
650 0.000420
651 0.001176
652 0.000306
653 0.000560
654 0.000644
655 0.001083
656 0.001469
657 0.002605
658 0.000491
659 0.000130
660 0.000009
661 0.000006
662 0.000008
663 0.000003
664 0.000001
665 0.000005
666 0.000425
667 0.001249
668 0.003094
669 0.000000
670 0.000000
671 0.000000
672 0.000000
673 0.000741
674 0.000703
675 0.000560
676 0.000633
677 0.000501
678 0.000224
679 0.000255
680 0.000639
681 0.001802
682 0.003801
683 0.006141
684 0.003349
685 0.003759
686 0.003177
687 0.000883
688 0.000090
689 0.000049
690 0.000050
691 0.000026
692 0.000028
693 0.000222
694 0.000249
695 0.000571
696 0.000000
697 0.000000
698 0.000000
699 0.000000
700 0.000000
701 0.000000
702 0.000741
703 0.000703
704 0.000667
705 0.000633
706 0.000794
707 0.002242
708 0.006446
709 0.009428
710 0.004441
711 0.002962
712 0.002062
713 0.005156
714 0.010000
715 0.002559
716 0.000234
717 0.000066
718 0.000163
719 0.000173
720 0.000184
721 0.000235
722 0.000301
723 0.000000
724 0.000000
725 0.000000
726 0.000000
727 0.000000
728 0.000000
729 0.000000
730 0.000000
731 0.000000
732 0.000703
733 0.000899
734 0.001608
735 0.004262
736 0.008986
737 0.010001
738 0.009686
739 0.001363
740 0.002040
741 0.008304
742 0.011486
743 0.005943
744 0.000635
745 0.000163
746 0.000173
747 0.000222
748 0.000235
749 0.000301
750 0.000000
751 0.000000
752 0.000000
753 0.000000
754 0.000000
755 0.000000
756 0.000000
757 0.000000
758 0.000000
759 0.000000
760 0.000000
761 0.001479
762 0.003608
763 0.008406
764 0.010001
765 0.010263
766 0.005632
767 0.001468
768 0.002168
769 0.007777
770 0.015544
771 0.005154
772 0.001408
773 0.000684
774 0.000313
775 0.000195
776 0.000249
777 0.000001
778 0.000102
779 0.000088
780 0.000043
781 0.000000
782 0.000000
783 0.000000
