0 0.004211
1 0.004082
2 0.003644
3 0.003835
4 0.003406
5 0.003010
6 0.003039
7 0.004546
8 0.001726
9 0.000949
10 0.001601
11 0.002668
12 0.004329
13 0.004242
14 0.001342
15 0.000496
16 0.000412
17 0.000583
18 0.000850
19 0.001028
20 0.001326
21 0.001384
22 0.001665
23 0.001734
24 0.001577
25 0.001648
26 0.002208
27 0.003268
28 0.003770
29 0.003956
30 0.003523
31 0.003406
32 0.003292
33 0.003078
34 0.002699
35 0.002110
36 0.000651
37 0.000640
38 0.001727
39 0.002128
40 0.003528
41 0.004468
42 0.001986
43 0.000373
44 0.000298
45 0.000568
46 0.000748
47 0.001074
48 0.001095
49 0.001326
50 0.000001
51 0.000000
52 0.001510
53 0.002048
54 0.003058
55 0.005236
56 0.003956
57 0.003523
58 0.003406
59 0.003292
60 0.003078
61 0.002699
62 0.002604
63 0.000833
64 0.000305
65 0.000455
66 0.001580
67 0.002085
68 0.002063
69 0.002888
70 0.001598
71 0.000510
72 0.000239
73 0.000315
74 0.000640
75 0.000829
76 0.000007
77 0.000000
78 0.000000
79 0.000000
80 0.000000
81 0.002892
82 0.005087
83 0.007760
84 0.003835
85 0.003406
86 0.003010
87 0.002799
88 0.002699
89 0.002604
90 0.002423
91 0.000356
92 0.000146
93 0.000380
94 0.000935
95 0.001660
96 0.001648
97 0.001526
98 0.001518
99 0.000931
100 0.000268
101 0.000124
102 0.000004
103 0.000000
104 0.000000
105 0.000000
106 0.000000
107 0.000000
108 0.002764
109 0.004892
110 0.007703
111 0.009720
112 0.003406
113 0.003292
114 0.002799
115 0.002699
116 0.000000
117 0.000000
118 0.000000
119 0.000000
120 0.000005
121 0.000203
122 0.000609
123 0.001033
124 0.000920
125 0.000598
126 0.001249
127 0.000166
128 0.000005
129 0.000000
130 0.000000
131 0.000000
132 0.000000
133 0.000000
134 0.000000
135 0.000026
136 0.004756
137 0.007801
138 0.009661
139 0.010788
140 0.003292
141 0.002902
142 0.002699
143 0.002603
144 0.000000
145 0.000000
146 0.000000
147 0.000000
148 0.000000
149 0.000000
150 0.000001
151 0.000007
152 0.000019
153 0.000006
154 0.000006
155 0.000001
156 0.000000
157 0.000000
158 0.000000
159 0.000000
160 0.000000
161 0.000000
162 0.000008
163 0.004514
164 0.009152
165 0.009848
166 0.010760
167 0.010337
168 0.002902
169 0.002699
170 0.002603
171 0.002422
172 0.000000
173 0.000000
174 0.000000
175 0.000000
176 0.000000
177 0.000000
178 0.000000
179 0.000000
180 0.000000
181 0.000000
182 0.000000
183 0.000000
184 0.000000
185 0.000000
186 0.000000
187 0.000000
188 0.000000
189 0.000003
190 0.006685
191 0.009791
192 0.010285
193 0.010541
194 0.009913
195 0.006560
196 0.002699
197 0.002603
198 0.002267
199 0.002099
200 0.000005
201 0.000000
202 0.000000
203 0.000000
204 0.000000
205 0.000000
206 0.000000
207 0.000000
208 0.000000
209 0.000000
210 0.000000
211 0.000000
212 0.000000
213 0.000000
214 0.000000
215 0.000000
216 0.000002
217 0.001451
218 0.010174
219 0.011022
220 0.010919
221 0.008786
222 0.005614
223 0.003323
224 0.002629
225 0.002289
226 0.002099
227 0.002020
228 0.001668
229 0.000000
230 0.000000
231 0.000000
232 0.000000
233 0.000000
234 0.000000
235 0.000000
236 0.000000
237 0.000000
238 0.000000
239 0.000000
240 0.000000
241 0.000000
242 0.000000
243 0.000000
244 0.000125
245 0.999991
246 0.010682
247 0.010874
248 0.007372
249 0.004015
250 0.002395
251 0.001583
252 0.002536
253 0.002119
254 0.002039
255 0.001368
256 0.000461
257 0.000000
258 0.000000
259 0.000000
260 0.000000
261 0.000000
262 0.000000
263 0.000000
264 0.000000
265 0.000000
266 0.000000
267 0.000000
268 0.000000
269 0.000000
270 0.000000
271 0.000001
272 0.000051
273 0.000412
274 0.000958
275 0.001696
276 0.002570
277 0.001595
278 0.001091
279 0.001087
280 0.002921
281 0.001016
282 0.000640
283 0.000298
284 0.000184
285 0.000000
286 0.000000
287 0.000000
288 0.000000
289 0.000000
290 0.000000
291 0.000000
292 0.000000
293 0.000000
294 0.000000
295 0.000000
296 0.000000
297 0.000001
298 0.000003
299 0.000012
300 0.000003
301 0.000009
302 0.000031
303 0.000050
304 0.000074
305 0.000119
306 0.000270
307 0.000605
308 0.001634
309 0.000796
310 0.000310
311 0.000129
312 0.000017
313 0.000003
314 0.000000
315 0.000000
316 0.000000
317 0.000000
318 0.000000
319 0.000000
320 0.000000
321 0.000000
322 0.000000
323 0.000000
324 0.000001
325 0.000158
326 0.004256
327 0.000383
328 0.000021
329 0.000005
330 0.000003
331 0.000003
332 0.000006
333 0.000014
334 0.000032
335 0.000093
336 0.001749
337 0.000878
338 0.000477
339 0.000220
340 0.000005
341 0.000002
342 0.000000
343 0.000000
344 0.000000
345 0.000000
346 0.000000
347 0.000000
348 0.000000
349 0.000000
350 0.000000
351 0.000000
352 0.000000
353 0.000120
354 0.999983
355 0.004190
356 0.000063
357 0.000004
358 0.000004
359 0.000008
360 0.000007
361 0.000004
362 0.000007
363 0.000015
364 0.001502
365 0.001671
366 0.000917
367 0.000378
368 0.000009
369 0.000007
370 0.000005
371 0.000000
372 0.000000
373 0.000000
374 0.000000
375 0.000000
376 0.000000
377 0.000000
378 0.000000
379 0.000000
380 0.000001
381 0.000026
382 0.000235
383 0.001288
384 0.000095
385 0.000022
386 0.000005
387 0.000026
388 0.000046
389 0.000047
390 0.000015
391 0.000009
392 0.000523
393 0.000504
394 0.000538
395 0.000206
396 0.000060
397 0.000172
398 0.000508
399 0.000000
400 0.000000
401 0.000000
402 0.000000
403 0.000000
404 0.000000
405 0.000000
406 0.000000
407 0.000001
408 0.000003
409 0.000006
410 0.000018
411 0.000019
412 0.000027
413 0.000005
414 0.000002
415 0.000016
416 0.000156
417 0.000205
418 0.000145
419 0.000084
420 0.000164
421 0.000237
422 0.000461
423 0.000063
424 0.000141
425 0.999992
426 0.000132
427 0.000000
428 0.000000
429 0.000000
430 0.000000
431 0.000000
432 0.000000
433 0.000000
434 0.000000
435 0.000000
436 0.000003
437 0.000004
438 0.000002
439 0.000004
440 0.000006
441 0.000002
442 0.000001
443 0.000001
444 0.000059
445 0.001037
446 0.000995
447 0.000849
448 0.000329
449 0.000299
450 0.000416
451 0.000053
452 0.000070
453 0.000421
454 0.000004
455 0.000000
456 0.000000
457 0.000000
458 0.000000
459 0.000000
460 0.000000
461 0.000000
462 0.000000
463 0.000000
464 0.000000
465 0.000001
466 0.000002
467 0.000003
468 0.000003
469 0.000002
470 0.000000
471 0.000000
472 0.000013
473 0.000635
474 0.003085
475 0.009572
476 0.001707
477 0.001691
478 0.000445
479 0.000038
480 0.000057
481 0.000004
482 0.000000
483 0.000000
484 0.000000
485 0.000000
486 0.000000
487 0.000000
488 0.000000
489 0.000000
490 0.000000
491 0.000000
492 0.000000
493 0.000000
494 0.000001
495 0.000008
496 0.000007
497 0.000003
498 0.000001
499 0.000000
500 0.000003
501 0.000362
502 0.007826
503 0.008373
504 0.009343
505 0.007107
506 0.000309
507 0.000074
508 0.000054
509 0.000000
510 0.000000
511 0.000000
512 0.000000
513 0.000000
514 0.000000
515 0.000000
516 0.000000
517 0.000000
518 0.000000
519 0.000000
520 0.000000
521 0.000000
522 0.000000
523 0.000001
524 0.000085
525 0.000146
526 0.000026
527 0.000001
528 0.000001
529 0.000087
530 0.003274
531 0.007688
532 0.010002
533 0.006329
534 0.000565
535 0.000442
536 0.000014
537 0.000000
538 0.000000
539 0.000000
540 0.000000
541 0.000000
542 0.000000
543 0.000000
544 0.000000
545 0.000000
546 0.000000
547 0.000000
548 0.000000
549 0.000000
550 0.000000
551 0.000000
552 0.000021
553 0.999965
554 0.001779
555 0.000035
556 0.000003
557 0.000028
558 0.001081
559 0.002256
560 0.005812
561 0.003682
562 0.000586
563 0.000284
564 0.000005
565 0.000000
566 0.000000
567 0.000000
568 0.000000
569 0.000000
570 0.000000
571 0.000000
572 0.000000
573 0.000000
574 0.000000
575 0.000000
576 0.000000
577 0.000000
578 0.000000
579 0.000000
580 0.000002
581 0.000114
582 0.009484
583 0.001459
584 0.000043
585 0.000860
586 0.000717
587 0.000933
588 0.003832
589 0.002195
590 0.001453
591 0.000054
592 0.000001
593 0.000000
594 0.000001
595 0.000001
596 0.000000
597 0.000000
598 0.000000
599 0.000000
600 0.000000
601 0.000000
602 0.000000
603 0.000000
604 0.000000
605 0.000000
606 0.000000
607 0.000000
608 0.000000
609 0.000004
610 0.000302
611 0.006902
612 0.005868
613 0.002183
614 0.001115
615 0.000749
616 0.002405
617 0.002235
618 0.001950
619 0.000566
620 0.000006
621 0.000001
622 0.000000
623 0.000000
624 0.000000
625 0.000000
626 0.000000
627 0.000000
628 0.000000
629 0.000000
630 0.000000
631 0.000000
632 0.000000
633 0.000000
634 0.000000
635 0.000000
636 0.000000
637 0.000001
638 0.000085
639 0.003505
640 0.009998
641 0.007714
642 0.000001
643 0.000003
644 0.002450
645 0.002376
646 0.002305
647 0.002014
648 0.000933
649 0.000010
650 0.000001
651 0.000000
652 0.000001
653 0.000004
654 0.000003
655 0.000003
656 0.000007
657 0.000030
658 0.000034
659 0.000008
660 0.000002
661 0.000001
662 0.000000
663 0.000000
664 0.000001
665 0.000012
666 0.000417
667 0.001356
668 0.003632
669 0.000001
670 0.000001
671 0.000006
672 0.000000
673 0.002450
674 0.002376
675 0.002081
676 0.002235
677 0.001950
678 0.000038
679 0.000021
680 0.000077
681 0.000843
682 0.001420
683 0.000118
684 0.000030
685 0.000043
686 0.000049
687 0.000052
688 0.000060
689 0.000098
690 0.000027
691 0.000020
692 0.000038
693 0.000167
694 0.000189
695 0.000572
696 0.000001
697 0.000001
698 0.000001
699 0.000001
700 0.000000
701 0.000000
702 0.002450
703 0.002376
704 0.002305
705 0.002236
706 0.001950
707 0.002616
708 0.004401
709 0.007854
710 0.003832
711 0.000373
712 0.000056
713 0.000037
714 0.000065
715 0.000074
716 0.000079
717 0.000085
718 0.000119
719 0.000127
720 0.000135
721 0.000177
722 0.000232
723 0.000000
724 0.000001
725 0.000001
726 0.000001
727 0.000001
728 0.000000
729 0.000000
730 0.000000
731 0.000000
732 0.002376
733 0.002305
734 0.002236
735 0.003711
736 0.007110
737 0.009999
738 0.010000
739 0.000886
740 0.000120
741 0.000052
742 0.000070
743 0.000079
744 0.000105
745 0.000112
746 0.000127
747 0.000167
748 0.000177
749 0.000232
750 0.000000
751 0.000000
752 0.000000
753 0.000000
754 0.000001
755 0.000001
756 0.000000
757 0.000000
758 0.000000
759 0.000000
760 0.000000
761 0.002376
762 0.003480
763 0.005806
764 0.009999
765 0.010000
766 0.010000
767 0.002226
768 0.000263
769 0.000070
770 0.000074
771 0.000085
772 0.000112
773 0.000147
774 0.000127
775 0.000144
776 0.000188
777 0.000000
778 0.000029
779 0.000021
780 0.000000
781 0.000000
782 0.000000
783 0.000001
