0 0.009493
1 0.009493
2 0.009448
3 0.007789
4 0.005881
5 0.004091
6 0.003606
7 0.003518
8 0.000936
9 0.000234
10 0.000208
11 0.000332
12 0.000818
13 0.004683
14 0.019259
15 0.010711
16 0.002825
17 0.000508
18 0.000419
19 0.000879
20 0.001884
21 0.002905
22 0.005166
23 0.006327
24 0.006094
25 0.006094
26 0.005114
27 0.003978
28 0.008358
29 0.009493
30 0.009448
31 0.009448
32 0.007128
33 0.005248
34 0.003530
35 0.002365
36 0.000429
37 0.000126
38 0.000164
39 0.000309
40 0.001847
41 0.010866
42 0.013548
43 0.003296
44 0.001351
45 0.000740
46 0.000342
47 0.000785
48 0.002508
49 0.004469
50 0.000000
51 0.000000
52 0.006094
53 0.005138
54 0.003416
55 0.002756
56 0.006916
57 0.008280
58 0.009449
59 0.009449
60 0.009448
61 0.006442
62 0.004661
63 0.001173
64 0.000228
65 0.000088
66 0.000181
67 0.000498
68 0.004406
69 0.018641
70 0.005869
71 0.001194
72 0.000814
73 0.000735
74 0.000494
75 0.000788
76 0.000001
77 0.000000
78 0.000000
79 0.000000
80 0.000000
81 0.003428
82 0.002647
83 0.001886
84 0.005279
85 0.006289
86 0.007610
87 0.009404
88 0.009404
89 0.008748
90 0.006223
91 0.000747
92 0.000104
93 0.000097
94 0.000172
95 0.001363
96 0.008029
97 0.011786
98 0.002626
99 0.000454
100 0.000410
101 0.000264
102 0.000000
103 0.000000
104 0.000000
105 0.000000
106 0.000000
107 0.000000
108 0.000000
109 0.002304
110 0.001764
111 0.001998
112 0.004223
113 0.004709
114 0.005578
115 0.007452
116 0.000000
117 0.000000
118 0.000000
119 0.000000
120 0.000000
121 0.000035
122 0.000364
123 0.002747
124 0.011489
125 0.004272
126 0.000772
127 0.000008
128 0.000000
129 0.000000
130 0.000000
131 0.000000
132 0.000000
133 0.000000
134 0.000000
135 0.000000
136 0.000338
137 0.001490
138 0.001619
139 0.001946
140 0.004110
141 0.003713
142 0.004063
143 0.004997
144 0.000000
145 0.000000
146 0.000000
147 0.000000
148 0.000000
149 0.000000
150 0.000000
151 0.000002
152 0.000016
153 0.000001
154 0.000000
155 0.000000
156 0.000000
157 0.000000
158 0.000000
159 0.000000
160 0.000000
161 0.000000
162 0.000000
163 0.000000
164 0.001534
165 0.001304
166 0.001572
167 0.001638
168 0.003713
169 0.003502
170 0.003402
171 0.003497
172 0.000000
173 0.000000
174 0.000000
175 0.000000
176 0.000000
177 0.000000
178 0.000000
179 0.000000
180 0.000000
181 0.000000
182 0.000000
183 0.000000
184 0.000000
185 0.000000
186 0.000000
187 0.000000
188 0.000000
189 0.000000
190 0.000000
191 0.000003
192 0.001182
193 0.001204
194 0.001258
195 0.001727
196 0.003502
197 0.003402
198 0.003042
199 0.002859
200 0.000012
201 0.000000
202 0.000000
203 0.000000
204 0.000000
205 0.000000
206 0.000000
207 0.000000
208 0.000000
209 0.000000
210 0.000000
211 0.000000
212 0.000000
213 0.000000
214 0.000000
215 0.000000
216 0.000000
217 0.000000
218 0.000000
219 0.000084
220 0.001153
221 0.001204
222 0.001435
223 0.001705
224 0.003447
225 0.003082
226 0.002859
227 0.002771
228 0.002375
229 0.000000
230 0.000000
231 0.000000
232 0.000000
233 0.000001
234 0.000000
235 0.000000
236 0.000000
237 0.000000
238 0.000000
239 0.000000
240 0.000000
241 0.000000
242 0.000000
243 0.000000
244 0.000000
245 0.000000
246 0.000000
247 0.000023
248 0.000053
249 0.000097
250 0.000212
251 0.000375
252 0.003354
253 0.002896
254 0.002808
255 0.001425
256 0.000212
257 0.000000
258 0.000000
259 0.000000
260 0.000000
261 0.000001
262 0.000001
263 0.000000
264 0.000000
265 0.000000
266 0.000000
267 0.000000
268 0.000000
269 0.000000
270 0.000000
271 0.000000
272 0.000000
273 0.000000
274 0.000000
275 0.000003
276 0.000006
277 0.000013
278 0.000023
279 0.000042
280 0.003021
281 0.000803
282 0.000317
283 0.000083
284 0.000038
285 0.000000
286 0.000000
287 0.000000
288 0.000000
289 0.000001
290 0.000000
291 0.000000
292 0.000000
293 0.000000
294 0.000001
295 0.000001
296 0.000000
297 0.000000
298 0.000000
299 0.000000
300 0.000000
301 0.000000
302 0.000001
303 0.000004
304 0.000006
305 0.000008
306 0.000011
307 0.000014
308 0.000575
309 0.000164
310 0.000062
311 0.000021
312 0.000002
313 0.000000
314 0.000000
315 0.000000
316 0.000000
317 0.000000
318 0.000000
319 0.000001
320 0.000038
321 0.000302
322 0.000083
323 0.000001
324 0.000000
325 0.000000
326 0.000000
327 0.000000
328 0.000000
329 0.000001
330 0.000042
331 0.000002
332 0.000006
333 0.000008
334 0.000011
335 0.000021
336 0.000932
337 0.000194
338 0.000059
339 0.000021
340 0.000001
341 0.000000
342 0.000000
343 0.000000
344 0.000000
345 0.000000
346 0.000000
347 0.000001
348 0.000043
349 0.999990
350 0.000090
351 0.000001
352 0.000000
353 0.000000
354 0.000000
355 0.000000
356 0.000000
357 0.000002
358 0.000027
359 0.000004
360 0.000006
361 0.000010
362 0.000025
363 0.000042
364 0.001407
365 0.000965
366 0.000260
367 0.000056
368 0.000000
369 0.000000
370 0.000000
371 0.000000
372 0.000000
373 0.000000
374 0.000000
375 0.000002
376 0.000044
377 0.000074
378 0.000006
379 0.000000
380 0.000000
381 0.000000
382 0.000000
383 0.000000
384 0.000001
385 0.000010
386 0.000024
387 0.000029
388 0.000006
389 0.000031
390 0.000055
391 0.000119
392 0.000617
393 0.000503
394 0.000323
395 0.000042
396 0.000000
397 0.000000
398 0.000173
399 0.000003
400 0.000000
401 0.000000
402 0.000000
403 0.000004
404 0.000005
405 0.000001
406 0.000000
407 0.000000
408 0.000000
409 0.000000
410 0.000000
411 0.000000
412 0.000001
413 0.000012
414 0.000519
415 0.000181
416 0.000016
417 0.000081
418 0.000152
419 0.000138
420 0.000165
421 0.000185
422 0.000253
423 0.000012
424 0.000001
425 0.000043
426 0.022838
427 0.000041
428 0.000000
429 0.000000
430 0.000001
431 0.000002
432 0.000001
433 0.000000
434 0.000000
435 0.000000
436 0.000000
437 0.000000
438 0.000000
439 0.000001
440 0.000003
441 0.000173
442 0.006466
443 0.002442
444 0.000781
445 0.000139
446 0.000069
447 0.000049
448 0.000164
449 0.000132
450 0.000124
451 0.000002
452 0.000004
453 0.002033
454 0.025738
455 0.000083
456 0.000000
457 0.000000
458 0.000000
459 0.000000
460 0.000000
461 0.000000
462 0.000000
463 0.000000
464 0.000000
465 0.000000
466 0.000000
467 0.000002
468 0.000008
469 0.000270
470 0.999970
471 0.019111
472 0.002263
473 0.000066
474 0.000050
475 0.000029
476 0.000190
477 0.000172
478 0.000123
479 0.000003
480 0.000022
481 0.999981
482 0.000504
483 0.000072
484 0.000002
485 0.000001
486 0.000000
487 0.000000
488 0.000000
489 0.000000
490 0.000000
491 0.000000
492 0.000000
493 0.000000
494 0.000003
495 0.000018
496 0.000011
497 0.000030
498 0.000203
499 0.011779
500 0.002833
501 0.000212
502 0.000217
503 0.000217
504 0.000407
505 0.000760
506 0.000087
507 0.000021
508 0.000472
509 0.000373
510 0.000024
511 0.000015
512 0.000007
513 0.000000
514 0.000000
515 0.000000
516 0.000000
517 0.000000
518 0.000000
519 0.000000
520 0.000000
521 0.000001
522 0.000005
523 0.000015
524 0.000004
525 0.000001
526 0.000011
527 0.000268
528 0.004306
529 0.002784
530 0.002441
531 0.002654
532 0.001285
533 0.002860
534 0.000124
535 0.000079
536 0.001995
537 0.000049
538 0.000012
539 0.000019
540 0.000003
541 0.000000
542 0.000000
543 0.000000
544 0.000000
545 0.000000
546 0.000000
547 0.000000
548 0.000000
549 0.000001
550 0.000001
551 0.000001
552 0.000003
553 0.000003
554 0.000008
555 0.000227
556 0.016408
557 0.002339
558 0.010017
559 0.008042
560 0.004741
561 0.010009
562 0.000414
563 0.000555
564 0.000220
565 0.000027
566 0.000008
567 0.000006
568 0.000001
569 0.000000
570 0.000000
571 0.000000
572 0.000000
573 0.000000
574 0.000001
575 0.000001
576 0.000001
577 0.000001
578 0.000001
579 0.000000
580 0.000003
581 0.000028
582 0.000044
583 0.000237
584 0.004762
585 0.010007
586 0.010014
587 0.010016
588 0.010008
589 0.010005
590 0.002909
591 0.001370
592 0.000067
593 0.000007
594 0.000006
595 0.000001
596 0.000000
597 0.000000
598 0.000000
599 0.000000
600 0.000000
601 0.000000
602 0.000000
603 0.000001
604 0.000050
605 0.000376
606 0.000048
607 0.000016
608 0.000003
609 0.000018
610 0.000079
611 0.000712
612 0.010005
613 0.010003
614 0.010006
615 0.010010
616 0.010004
617 0.010003
618 0.010006
619 0.004151
620 0.000047
621 0.000013
622 0.000002
623 0.000000
624 0.000000
625 0.000000
626 0.000000
627 0.000000
628 0.000000
629 0.000000
630 0.000000
631 0.000003
632 0.000580
633 0.999983
634 0.005552
635 0.000328
636 0.000080
637 0.000068
638 0.000372
639 0.010005
640 0.010006
641 0.010005
642 0.000002
643 0.000002
644 0.010003
645 0.010005
646 0.010007
647 0.010007
648 0.006571
649 0.000056
650 0.000002
651 0.000000
652 0.000000
653 0.000000
654 0.000000
655 0.000000
656 0.000000
657 0.000000
658 0.000001
659 0.000011
660 0.000419
661 0.003634
662 0.007927
663 0.002330
664 0.002030
665 0.002086
666 0.001645
667 0.005015
668 0.010005
669 0.000003
670 0.000002
671 0.000004
672 0.000000
673 0.010007
674 0.010006
675 0.011801
676 0.008477
677 0.003165
678 0.000022
679 0.000005
680 0.000009
681 0.000028
682 0.000031
683 0.000003
684 0.000001
685 0.000001
686 0.000001
687 0.000009
688 0.000315
689 0.001785
690 0.006044
691 0.006090
692 0.001933
693 0.001043
694 0.001122
695 0.002149
696 0.000002
697 0.000003
698 0.000003
699 0.000001
700 0.000000
701 0.000000
702 0.010915
703 0.008610
704 0.003432
705 0.001173
706 0.000435
707 0.000384
708 0.000341
709 0.000261
710 0.000085
711 0.000009
712 0.000002
713 0.000001
714 0.000004
715 0.000033
716 0.000201
717 0.000743
718 0.002999
719 0.010011
720 0.004897
721 0.002038
722 0.001122
723 0.000002
724 0.000001
725 0.000001
726 0.000002
727 0.000003
728 0.000000
729 0.000000
730 0.000000
731 0.000000
732 0.001469
733 0.000580
734 0.000433
735 0.000408
736 0.000384
737 0.000296
738 0.000261
739 0.000028
740 0.000005
741 0.000002
742 0.000009
743 0.000075
744 0.000171
745 0.000403
746 0.001255
747 0.004900
748 0.010010
749 0.005015
750 0.000001
751 0.000008
752 0.000002
753 0.000001
754 0.000002
755 0.000002
756 0.000000
757 0.000000
758 0.000000
759 0.000000
760 0.000000
761 0.000590
762 0.000557
763 0.000433
764 0.000408
765 0.000384
766 0.000362
767 0.000090
768 0.000010
769 0.000005
770 0.000024
771 0.000140
772 0.000180
773 0.000232
774 0.000666
775 0.002040
776 0.006295
777 0.029645
778 0.002956
779 0.001324
780 0.000895
781 0.001062
782 0.000001
783 0.000002
