0 0.000189
1 0.000167
2 0.000109
3 0.000132
4 0.000085
5 0.000055
6 0.000043
7 0.000038
8 0.000005
9 0.000002
10 0.000003
11 0.000011
12 0.000043
13 0.000019
14 0.000004
15 0.000002
16 0.000001
17 0.000001
18 0.000002
19 0.000039
20 0.000421
21 0.000448
22 0.000588
23 0.000625
24 0.000543
25 0.000579
26 0.000750
27 0.000798
28 0.000123
29 0.000148
30 0.000096
31 0.000085
32 0.000075
33 0.000059
34 0.000038
35 0.000020
36 0.000002
37 0.000002
38 0.000003
39 0.000030
40 0.000034
41 0.000008
42 0.000002
43 0.000001
44 0.000001
45 0.000001
46 0.000001
47 0.000007
48 0.000318
49 0.000421
50 0.000001
51 0.000001
52 0.000509
53 0.000664
54 0.000579
55 0.000750
56 0.000148
57 0.000096
58 0.000085
59 0.000075
60 0.000059
61 0.000038
62 0.000034
63 0.000006
64 0.000002
65 0.000002
66 0.000008
67 0.000025
68 0.000014
69 0.000003
70 0.000001
71 0.000001
72 0.000001
73 0.000001
74 0.000001
75 0.000002
76 0.000001
77 0.000001
78 0.000001
79 0.000001
80 0.000001
81 0.000509
82 0.000664
83 0.000579
84 0.000132
85 0.000085
86 0.000055
87 0.000043
88 0.000038
89 0.000034
90 0.000027
91 0.000003
92 0.000001
93 0.000002
94 0.000023
95 0.000027
96 0.000006
97 0.000002
98 0.000001
99 0.000001
100 0.000001
101 0.000001
102 0.000001
103 0.000001
104 0.000001
105 0.000001
106 0.000001
107 0.000001
108 0.000001
109 0.000478
110 0.000509
111 0.000664
112 0.000085
113 0.000075
114 0.000043
115 0.000038
116 0.000083
117 0.000059
118 0.000028
119 0.000002
120 0.000002
121 0.000006
122 0.000032
123 0.000021
124 0.000003
125 0.000001
126 0.000001
127 0.000001
128 0.000001
129 0.000001
130 0.000001
131 0.000001
132 0.000001
133 0.000001
134 0.000001
135 0.000001
136 0.000001
137 0.000364
138 0.000478
139 0.000625
140 0.000075
141 0.000048
142 0.000038
143 0.000034
144 0.000066
145 0.000053
146 0.000008
147 0.000001
148 0.000002
149 0.000029
150 0.000049
151 0.000012
152 0.000002
153 0.000001
154 0.000001
155 0.000001
156 0.000001
157 0.000001
158 0.000001
159 0.000001
160 0.000001
161 0.000001
162 0.000001
163 0.000001
164 0.000371
165 0.000340
166 0.000448
167 0.000478
168 0.000048
169 0.000038
170 0.000034
171 0.000027
172 0.000063
173 0.000047
174 0.000003
175 0.000002
176 0.000004
177 0.000170
178 0.000009
179 0.000002
180 0.000001
181 0.000001
182 0.000001
183 0.000001
184 0.000001
185 0.000001
186 0.000001
187 0.000001
188 0.000001
189 0.000001
190 0.000001
191 0.000001
192 0.000279
193 0.000298
194 0.000318
195 0.000448
196 0.000038
197 0.000034
198 0.000022
199 0.000017
200 0.000053
201 0.000031
202 0.000002
203 0.000002
204 0.000004
205 0.000004
206 0.000002
207 0.000001
208 0.000001
209 0.000001
210 0.000001
211 0.000002
212 0.000002
213 0.000001
214 0.000001
215 0.000001
216 0.000001
217 0.000001
218 0.000001
219 0.000001
220 0.000279
221 0.000298
222 0.000298
223 0.000395
224 0.000097
225 0.000022
226 0.000018
227 0.000016
228 0.000010
229 0.000005
230 0.000001
231 0.000002
232 0.000004
233 0.000003
234 0.000002
235 0.000001
236 0.000001
237 0.000002
238 0.000002
239 0.000001
240 0.000001
241 0.000001
242 0.000001
243 0.000001
244 0.000001
245 0.000001
246 0.000001
247 0.000492
248 0.000453
249 0.000361
250 0.000473
251 0.000428
252 0.000728
253 0.000106
254 0.000031
255 0.000005
256 0.000002
257 0.000001
258 0.000001
259 0.000002
260 0.000004
261 0.000002
262 0.000001
263 0.000001
264 0.000002
265 0.000002
266 0.000002
267 0.000001
268 0.000001
269 0.000001
270 0.000001
271 0.000001
272 0.000001
273 0.000001
274 0.000001
275 0.000311
276 0.000436
277 0.000413
278 0.000423
279 0.000576
280 0.010061
281 0.000093
282 0.000005
283 0.000002
284 0.000001
285 0.000001
286 0.000002
287 0.000004
288 0.000004
289 0.000002
290 0.000002
291 0.000002
292 0.000002
293 0.000001
294 0.000001
295 0.000001
296 0.000001
297 0.000001
298 0.000001
299 0.000001
300 0.000001
301 0.000001
302 0.000001
303 0.000284
304 0.000379
305 0.000396
306 0.000414
307 0.000549
308 0.000203
309 0.000018
310 0.000003
311 0.000002
312 0.000001
313 0.000001
314 0.000002
315 0.000007
316 0.000005
317 0.000003
318 0.000002
319 0.000002
320 0.000001
321 0.000001
322 0.000001
323 0.000001
324 0.000001
325 0.000001
326 0.000001
327 0.000001
328 0.000001
329 0.000001
330 0.000001
331 0.000002
332 0.000276
333 0.000367
334 0.000385
335 0.000537
336 0.000003
337 0.000003
338 0.000004
339 0.000003
340 0.000002
341 0.000002
342 0.000007
343 0.000018
344 0.000006
345 0.000003
346 0.000002
347 0.000001
348 0.000001
349 0.000001
350 0.000001
351 0.000001
352 0.000001
353 0.000001
354 0.000001
355 0.000001
356 0.000001
357 0.000001
358 0.000001
359 0.000001
360 0.000239
361 0.000268
362 0.000353
363 0.000374
364 0.000002
365 0.000002
366 0.000002
367 0.000003
368 0.000002
369 0.000005
370 0.000179
371 0.000207
372 0.000004
373 0.000002
374 0.000001
375 0.000001
376 0.000001
377 0.000001
378 0.000001
379 0.000001
380 0.000001
381 0.000001
382 0.000001
383 0.000001
384 0.000001
385 0.000001
386 0.000001
387 0.000001
388 0.000007
389 0.000228
390 0.000261
391 0.000372
392 0.000001
393 0.000001
394 0.000002
395 0.000002
396 0.000003
397 0.000021
398 0.999951
399 0.000037
400 0.000002
401 0.000001
402 0.000001
403 0.000001
404 0.000001
405 0.000001
406 0.000001
407 0.000001
408 0.000001
409 0.000001
410 0.000001
411 0.000001
412 0.000001
413 0.000001
414 0.000001
415 0.000001
416 0.000001
417 0.000216
418 0.000242
419 0.000257
420 0.000001
421 0.000002
422 0.000002
423 0.000002
424 0.000003
425 0.000043
426 0.000157
427 0.000004
428 0.000002
429 0.000001
430 0.000001
431 0.000001
432 0.000001
433 0.000001
434 0.000001
435 0.000001
436 0.000001
437 0.000001
438 0.000001
439 0.000001
440 0.000001
441 0.000001
442 0.000001
443 0.000001
444 0.000001
445 0.000156
446 0.000210
447 0.000239
448 0.000002
449 0.000002
450 0.000002
451 0.000002
452 0.000004
453 0.000018
454 0.000005
455 0.000002
456 0.000001
457 0.000002
458 0.000002
459 0.000001
460 0.000001
461 0.000001
462 0.000001
463 0.000001
464 0.000001
465 0.000001
466 0.000001
467 0.000001
468 0.000001
469 0.000001
470 0.000001
471 0.000001
472 0.000001
473 0.000003
474 0.000175
475 0.000337
476 0.000008
477 0.000014
478 0.000003
479 0.000002
480 0.000007
481 0.000005
482 0.000001
483 0.000001
484 0.000001
485 0.000001
486 0.000001
487 0.000002
488 0.000002
489 0.000001
490 0.000001
491 0.000001
492 0.000001
493 0.000001
494 0.000001
495 0.000001
496 0.000001
497 0.000001
498 0.000001
499 0.000001
500 0.000001
501 0.000001
502 0.000808
503 0.002081
504 0.010093
505 0.001828
506 0.000002
507 0.000002
508 0.000007
509 0.000003
510 0.000001
511 0.000001
512 0.000001
513 0.000001
514 0.000001
515 0.000001
516 0.000001
517 0.000002
518 0.000001
519 0.000001
520 0.000001
521 0.000001
522 0.000001
523 0.000001
524 0.000001
525 0.000001
526 0.000001
527 0.000001
528 0.000001
529 0.000001
530 0.006581
531 0.019687
532 0.005610
533 0.000623
534 0.000002
535 0.000003
536 0.000005
537 0.000001
538 0.000001
539 0.000001
540 0.000001
541 0.000001
542 0.000001
543 0.000001
544 0.000001
545 0.000001
546 0.000001
547 0.000001
548 0.000001
549 0.000001
550 0.000001
551 0.000001
552 0.000001
553 0.000001
554 0.000001
555 0.000001
556 0.000001
557 0.000002
558 0.019358
559 0.019342
560 0.000451
561 0.000078
562 0.000001
563 0.000003
564 0.000002
565 0.000001
566 0.000001
567 0.000001
568 0.000001
569 0.000001
570 0.000001
571 0.000001
572 0.000001
573 0.000001
574 0.000001
575 0.000001
576 0.000001
577 0.000001
578 0.000001
579 0.000001
580 0.000001
581 0.000001
582 0.000001
583 0.000001
584 0.000002
585 0.019197
586 0.019101
587 0.018673
588 0.000091
589 0.000015
590 0.000005
591 0.000003
592 0.000001
593 0.000001
594 0.000001
595 0.000001
596 0.000001
597 0.000001
598 0.000001
599 0.000001
600 0.000001
601 0.000001
602 0.000001
603 0.000001
604 0.000001
605 0.000001
606 0.000002
607 0.000002
608 0.000001
609 0.000001
610 0.000001
611 0.000002
612 0.019377
613 0.019216
614 0.018679
615 0.018569
616 0.000027
617 0.000023
618 0.000015
619 0.000003
620 0.000001
621 0.000001
622 0.000001
623 0.000001
624 0.000001
625 0.000001
626 0.000001
627 0.000001
628 0.000001
629 0.000001
630 0.000001
631 0.000001
632 0.000001
633 0.000001
634 0.000001
635 0.000001
636 0.000001
637 0.000001
638 0.000002
639 0.019422
640 0.019276
641 0.018742
642 0.000001
643 0.000001
644 0.000030
645 0.000027
646 0.000025
647 0.000017
648 0.000005
649 0.000001
650 0.000001
651 0.000001
652 0.000001
653 0.000001
654 0.000001
655 0.000001
656 0.000001
657 0.000004
658 0.000003
659 0.000001
660 0.000001
661 0.000001
662 0.000001
663 0.000001
664 0.000001
665 0.000003
666 0.019419
667 0.018911
668 0.018793
669 0.000001
670 0.000001
671 0.000001
672 0.000001
673 0.000030
674 0.000027
675 0.000018
676 0.000022
677 0.000015
678 0.000001
679 0.000001
680 0.000001
681 0.000001
682 0.000007
683 0.000008
684 0.000006
685 0.000005
686 0.000003
687 0.000003
688 0.000003
689 0.000026
690 0.000110
691 0.000016
692 0.000102
693 0.019500
694 0.019284
695 0.018792
696 0.000001
697 0.000001
698 0.000001
699 0.000001
700 0.000001
701 0.000001
702 0.000030
703 0.000027
704 0.000025
705 0.000022
706 0.000015
707 0.000014
708 0.000012
709 0.000008
710 0.000007
711 0.000008
712 0.000008
713 0.000007
714 0.000005
715 0.000004
716 0.000006
717 0.000129
718 0.019992
719 0.019797
720 0.019723
721 0.019311
722 0.018866
723 0.000001
724 0.000001
725 0.000001
726 0.000001
727 0.000001
728 0.000001
729 0.000001
730 0.000001
731 0.000001
732 0.000027
733 0.000025
734 0.000017
735 0.000015
736 0.000014
737 0.000010
738 0.000008
739 0.000011
740 0.000012
741 0.000008
742 0.000005
743 0.000005
744 0.000019
745 0.000716
746 0.020030
747 0.019310
748 0.019165
749 0.018729
750 0.000001
751 0.000002
752 0.000002
753 0.000001
754 0.000001
755 0.000001
756 0.000001
757 0.000001
758 0.000001
759 0.000001
760 0.000001
761 0.000027
762 0.000025
763 0.000017
764 0.000015
765 0.000014
766 0.000013
767 0.000016
768 0.000013
769 0.000013
770 0.000008
771 0.000008
772 0.000073
773 0.004942
774 0.020200
775 0.019687
776 0.019057
777 0.000001
778 0.000008
779 0.000004
780 0.000001
781 0.000002
782 0.000001
783 0.000001
