0 0.004247
1 0.005275
2 0.006190
3 0.008227
4 0.008084
5 0.007943
6 0.007943
7 0.005397
8 0.000895
9 0.000119
10 0.000087
11 0.000082
12 0.000146
13 0.000297
14 0.000487
15 0.000906
16 0.002046
17 0.000897
18 0.000257
19 0.001275
20 0.004391
21 0.006528
22 0.006970
23 0.005944
24 0.004882
25 0.005022
26 0.006028
27 0.006784
28 0.005216
29 0.003994
30 0.004658
31 0.006049
32 0.008083
33 0.008084
34 0.007943
35 0.005085
36 0.000550
37 0.000091
38 0.000061
39 0.000062
40 0.000081
41 0.000196
42 0.000388
43 0.000480
44 0.002756
45 0.001659
46 0.000771
47 0.001408
48 0.006163
49 0.006579
50 0.000003
51 0.000000
52 0.005022
53 0.006028
54 0.006680
55 0.008271
56 0.007110
57 0.004985
58 0.003758
59 0.004454
60 0.005845
61 0.007943
62 0.007943
63 0.002523
64 0.000410
65 0.000100
66 0.000085
67 0.000046
68 0.000042
69 0.000087
70 0.000196
71 0.000426
72 0.001273
73 0.003216
74 0.002634
75 0.001467
76 0.000030
77 0.000000
78 0.000000
79 0.000000
80 0.000000
81 0.006680
82 0.008271
83 0.008141
84 0.010000
85 0.006947
86 0.004764
87 0.003375
88 0.004096
89 0.005616
90 0.007943
91 0.001160
92 0.000206
93 0.000126
94 0.000082
95 0.000052
96 0.000035
97 0.000051
98 0.000105
99 0.000249
100 0.000644
101 0.004018
102 0.000045
103 0.000000
104 0.000000
105 0.000000
106 0.000000
107 0.000000
108 0.001081
109 0.008141
110 0.008141
111 0.007840
112 0.010000
113 0.010000
114 0.006710
115 0.004454
116 0.000000
117 0.000000
118 0.000000
119 0.000001
120 0.000001
121 0.000049
122 0.000116
123 0.000069
124 0.000045
125 0.000031
126 0.000056
127 0.000026
128 0.000010
129 0.000003
130 0.000000
131 0.000000
132 0.000000
133 0.000000
134 0.000009
135 0.000539
136 0.000478
137 0.007893
138 0.007572
139 0.007372
140 0.010000
141 0.010000
142 0.010000
143 0.007277
144 0.000000
145 0.000000
146 0.000000
147 0.000000
148 0.000000
149 0.000000
150 0.000000
151 0.000001
152 0.000001
153 0.000000
154 0.000000
155 0.000000
156 0.000000
157 0.000000
158 0.000000
159 0.000000
160 0.000000
161 0.000710
162 0.000324
163 0.001297
164 0.008018
165 0.007313
166 0.007117
167 0.005904
168 0.030296
169 0.013767
170 0.010000
171 0.010000
172 0.000000
173 0.000000
174 0.000000
175 0.000000
176 0.000000
177 0.000000
178 0.000000
179 0.000000
180 0.000000
181 0.000000
182 0.000000
183 0.000000
184 0.000000
185 0.000000
186 0.000001
187 0.000004
188 0.000065
189 0.000794
190 0.001370
191 0.000097
192 0.007286
193 0.006871
194 0.004192
195 0.003256
196 0.026244
197 0.031635
198 0.026950
199 0.010000
200 0.001266
201 0.000000
202 0.000000
203 0.000000
204 0.000000
205 0.000000
206 0.000000
207 0.000000
208 0.000000
209 0.000000
210 0.000000
211 0.000000
212 0.000000
213 0.000000
214 0.000001
215 0.000014
216 0.000111
217 0.000028
218 0.000385
219 0.000380
220 0.007117
221 0.003727
222 0.002727
223 0.001909
224 0.012594
225 0.023231
226 0.030468
227 0.034325
228 0.015053
229 0.000000
230 0.000000
231 0.000000
232 0.000000
233 0.000000
234 0.000000
235 0.000000
236 0.000000
237 0.000000
238 0.000000
239 0.000000
240 0.000000
241 0.000001
242 0.000012
243 0.000272
244 0.004161
245 0.000032
246 0.000016
247 0.000529
248 0.000394
249 0.000358
250 0.000380
251 0.000431
252 0.003281
253 0.006734
254 0.018709
255 0.020110
256 0.009967
257 0.000002
258 0.000000
259 0.000000
260 0.000000
261 0.000000
262 0.000000
263 0.000000
264 0.000000
265 0.000000
266 0.000000
267 0.000000
268 0.000000
269 0.000001
270 0.000091
271 1.000000
272 0.017422
273 0.000210
274 0.000002
275 0.000283
276 0.000151
277 0.000088
278 0.000085
279 0.000104
280 0.002190
281 0.001224
282 0.001047
283 0.002091
284 0.002015
285 0.000010
286 0.000000
287 0.000000
288 0.000000
289 0.000000
290 0.000000
291 0.000000
292 0.000000
293 0.000003
294 0.000003
295 0.000001
296 0.000000
297 0.000000
298 0.000020
299 0.014429
300 0.006483
301 0.000411
302 0.000019
303 0.000806
304 0.000315
305 0.000233
306 0.000160
307 0.000151
308 0.000816
309 0.000390
310 0.000205
311 0.000132
312 0.000051
313 0.000002
314 0.000000
315 0.000000
316 0.000000
317 0.000000
318 0.000000
319 0.000000
320 0.000001
321 0.000099
322 0.000356
323 0.000040
324 0.000004
325 0.000001
326 0.000002
327 0.000133
328 0.000113
329 0.000002
330 0.000078
331 0.000091
332 0.000490
333 0.000577
334 0.000608
335 0.000578
336 0.000471
337 0.000217
338 0.000150
339 0.000090
340 0.000002
341 0.000000
342 0.000000
343 0.000000
344 0.000000
345 0.000000
346 0.000004
347 0.000007
348 0.000022
349 0.000038
350 0.000169
351 0.002265
352 0.000220
353 0.000024
354 0.000013
355 0.000001
356 0.000001
357 0.000001
358 0.000010
359 0.000005
360 0.000139
361 0.000316
362 0.000518
363 0.000608
364 0.000757
365 0.000507
366 0.000249
367 0.000107
368 0.000000
369 0.000000
370 0.000000
371 0.000000
372 0.000000
373 0.000000
374 0.000108
375 1.000000
376 0.000392
377 0.000030
378 0.000035
379 0.000276
380 0.999999
381 0.000176
382 0.000044
383 0.000000
384 0.000000
385 0.000001
386 0.000002
387 0.000003
388 0.000020
389 0.000091
390 0.000169
391 0.000376
392 0.001393
393 0.000741
394 0.000392
395 0.000031
396 0.000000
397 0.000000
398 0.000000
399 0.000000
400 0.000000
401 0.000000
402 0.000164
403 0.004293
404 0.014706
405 0.000417
406 0.000041
407 0.000040
408 0.000082
409 0.003714
410 0.000077
411 0.000000
412 0.000000
413 0.000000
414 0.000002
415 0.000001
416 0.000002
417 0.000030
418 0.000055
419 0.000098
420 0.001206
421 0.001085
422 0.000882
423 0.000011
424 0.000000
425 0.000000
426 0.000000
427 0.000000
428 0.000000
429 0.000000
430 0.000009
431 0.000091
432 0.003405
433 0.010373
434 0.000151
435 0.000006
436 0.000003
437 0.000153
438 0.000146
439 0.000000
440 0.000000
441 0.000000
442 0.000002
443 0.000001
444 0.000001
445 0.000018
446 0.000026
447 0.000040
448 0.010079
449 0.007988
450 0.003375
451 0.000003
452 0.000000
453 0.000000
454 0.000000
455 0.000001
456 0.000002
457 0.000001
458 0.000000
459 0.000004
460 0.000064
461 0.000244
462 0.000152
463 0.000003
464 0.000001
465 0.000008
466 0.000002
467 0.000000
468 0.000000
469 0.000000
470 0.000001
471 0.000001
472 0.000002
473 0.000008
474 0.000020
475 0.000041
476 0.011065
477 0.010793
478 0.002840
479 0.000007
480 0.000000
481 0.000000
482 0.000002
483 0.000033
484 0.000253
485 0.000016
486 0.000001
487 0.000000
488 0.000000
489 0.000001
490 0.000001
491 0.000003
492 0.000014
493 0.000001
494 0.000000
495 0.000000
496 0.000000
497 0.000000
498 0.000000
499 0.000002
500 0.000003
501 0.000008
502 0.000123
503 0.000167
504 0.001797
505 0.002564
506 0.000654
507 0.000004
508 0.000001
509 0.000005
510 0.000177
511 0.009566
512 0.999999
513 0.000054
514 0.000000
515 0.000000
516 0.000000
517 0.000000
518 0.000000
519 0.000000
520 0.000010
521 0.000002
522 0.000000
523 0.000000
524 0.000000
525 0.000000
526 0.000000
527 0.000003
528 0.000010
529 0.000078
530 0.001172
531 0.001762
532 0.001961
533 0.002867
534 0.000043
535 0.000001
536 0.000001
537 0.000059
538 0.005595
539 0.083602
540 0.009473
541 0.000087
542 0.000000
543 0.000000
544 0.000000
545 0.000000
546 0.000000
547 0.000000
548 0.000001
549 0.000000
550 0.000000
551 0.000000
552 0.000000
553 0.000001
554 0.000003
555 0.000006
556 0.000141
557 0.000488
558 0.005723
559 0.003712
560 0.003818
561 0.005850
562 0.000073
563 0.000001
564 0.000004
565 0.000179
566 0.006526
567 0.006171
568 0.000199
569 0.000006
570 0.000000
571 0.000000
572 0.000000
573 0.000000
574 0.000000
575 0.000000
576 0.000000
577 0.000000
578 0.000000
579 0.000000
580 0.000001
581 0.000009
582 0.000021
583 0.000024
584 0.000257
585 0.010001
586 0.010001
587 0.007874
588 0.006677
589 0.010000
590 0.000721
591 0.000008
592 0.000144
593 0.002951
594 0.000219
595 0.000008
596 0.000001
597 0.000000
598 0.000000
599 0.000000
600 0.000000
601 0.000000
602 0.000001
603 0.000004
604 0.000002
605 0.000000
606 0.000000
607 0.000004
608 0.000005
609 0.000004
610 0.000019
611 0.000097
612 0.003909
613 0.007308
614 0.010001
615 0.010001
616 0.010000
617 0.010000
618 0.010000
619 0.002028
620 0.000866
621 0.000135
622 0.000006
623 0.000000
624 0.000000
625 0.000000
626 0.000000
627 0.000000
628 0.000000
629 0.000003
630 0.000119
631 0.000762
632 0.000174
633 0.000010
634 0.000003
635 0.000010
636 0.000009
637 0.000014
638 0.000092
639 0.001399
640 0.002206
641 0.004037
642 0.000000
643 0.000000
644 0.010000
645 0.010000
646 0.010000
647 0.010000
648 0.005909
649 0.000041
650 0.000003
651 0.000001
652 0.000001
653 0.000003
654 0.000016
655 0.000018
656 0.000043
657 0.000715
658 0.004157
659 0.007632
660 0.000185
661 0.000114
662 0.000139
663 0.000086
664 0.000058
665 0.000492
666 0.003377
667 0.001920
668 0.001493
669 0.000000
670 0.000000
671 0.000000
672 0.000000
673 0.010000
674 0.010000
675 0.009343
676 0.006883
677 0.006900
678 0.000115
679 0.000093
680 0.000208
681 0.001121
682 0.010000
683 0.002687
684 0.000674
685 0.002194
686 0.003675
687 0.000960
688 0.000125
689 0.000720
690 0.004583
691 0.001894
692 0.003203
693 0.010000
694 0.006293
695 0.003504
696 0.000000
697 0.000000
698 0.000000
699 0.000000
700 0.000000
701 0.000000
702 0.010000
703 0.006992
704 0.006929
705 0.006883
706 0.010000
707 0.010000
708 0.010000
709 0.010000
710 0.010000
711 0.005831
712 0.002842
713 0.004526
714 0.003247
715 0.000234
716 0.000122
717 0.000522
718 0.004671
719 0.009689
720 0.010000
721 0.010000
722 0.010000
723 0.000000
724 0.000000
725 0.000000
726 0.000000
727 0.000000
728 0.000000
729 0.000000
730 0.000000
731 0.000000
732 0.006991
733 0.010000
734 0.010000
735 0.010000
736 0.010000
737 0.010000
738 0.010000
739 0.010000
740 0.011136
741 0.007619
742 0.001438
743 0.000102
744 0.000129
745 0.000542
746 0.002554
747 0.006599
748 0.010000
749 0.010000
750 0.000001
751 0.000003
752 0.000001
753 0.000000
754 0.000000
755 0.000000
756 0.000000
757 0.000000
758 0.000000
759 0.000000
760 0.000000
761 0.010000
762 0.010000
763 0.010000
764 0.010000
765 0.010000
766 0.010000
767 0.013801
768 0.034826
769 0.008892
770 0.000404
771 0.000108
772 0.000170
773 0.000577
774 0.001629
775 0.003621
776 0.007866
777 0.000488
778 0.049312
779 0.044081
780 0.004332
781 0.000007
782 0.000000
783 0.000000
