0 0.010106
1 0.010109
2 0.010121
3 0.010116
4 0.010127
5 0.010137
6 0.010141
7 0.010144
8 0.010423
9 0.010441
10 0.010222
11 0.010223
12 0.010222
13 0.010222
14 0.010223
15 0.010223
16 0.010226
17 0.010230
18 0.010212
19 0.010195
20 0.010183
21 0.010182
22 0.010180
23 0.010178
24 0.010179
25 0.010178
26 0.010176
27 0.010175
28 0.010117
29 0.010112
30 0.010124
31 0.010127
32 0.010129
33 0.010135
34 0.010143
35 0.010412
36 0.010433
37 0.010335
38 0.010227
39 0.010226
40 0.010226
41 0.010223
42 0.010224
43 0.010226
44 0.010230
45 0.010229
46 0.010222
47 0.010201
48 0.010185
49 0.010182
50 0.010406
51 0.011425
52 0.010179
53 0.010177
54 0.010178
55 0.010176
56 0.010112
57 0.010123
58 0.010126
59 0.010129
60 0.010134
61 0.010142
62 0.010145
63 0.010420
64 0.010440
65 0.010232
66 0.010228
67 0.010230
68 0.010231
69 0.010229
70 0.010229
71 0.010230
72 0.010231
73 0.010232
74 0.010231
75 0.010211
76 0.010325
77 0.010731
78 0.011230
79 0.011427
80 0.011424
81 0.010179
82 0.010177
83 0.010178
84 0.010116
85 0.010126
86 0.010135
87 0.010140
88 0.010142
89 0.010144
90 0.010148
91 0.010429
92 0.010449
93 0.010234
94 0.010234
95 0.010233
96 0.010233
97 0.010229
98 0.010231
99 0.010233
100 0.010232
101 0.010314
102 0.010374
103 0.010498
104 0.010818
105 0.011185
106 0.011176
107 0.011434
108 0.010767
109 0.010179
110 0.010179
111 0.010177
112 0.010127
113 0.010129
114 0.010140
115 0.010142
116 0.011260
117 0.010896
118 0.010838
119 0.010717
120 0.010645
121 0.010366
122 0.010235
123 0.010235
124 0.010233
125 0.010234
126 0.010234
127 0.010331
128 0.010368
129 0.010493
130 0.010684
131 0.010949
132 0.011018
133 0.011215
134 0.011279
135 0.011120
136 0.010755
137 0.010182
138 0.010180
139 0.010178
140 0.010130
141 0.010138
142 0.010142
143 0.010144
144 0.011325
145 0.011249
146 0.011138
147 0.010960
148 0.010561
149 0.010517
150 0.010482
151 0.010446
152 0.010415
153 0.010487
154 0.010371
155 0.010431
156 0.010516
157 0.010791
158 0.010911
159 0.010982
160 0.011245
161 0.010976
162 0.011115
163 0.010768
164 0.010181
165 0.010183
166 0.010180
167 0.010180
168 0.010139
169 0.010143
170 0.010145
171 0.010148
172 0.010401
173 0.011283
174 0.011789
175 0.011141
176 0.010619
177 0.010484
178 0.010546
179 0.010629
180 0.010632
181 0.010628
182 0.010714
183 0.010866
184 0.010907
185 0.011069
186 0.011058
187 0.011159
188 0.011018
189 0.010777
190 0.010771
191 0.010763
192 0.010184
193 0.010184
194 0.010183
195 0.011821
196 0.010143
197 0.010145
198 0.010152
199 0.010154
200 0.010274
201 0.010885
202 0.011660
203 0.011899
204 0.010870
205 0.010753
206 0.010639
207 0.010588
208 0.010584
209 0.010527
210 0.010531
211 0.010966
212 0.011108
213 0.011121
214 0.011182
215 0.011131
216 0.010942
217 0.010976
218 0.010791
219 0.010772
220 0.010184
221 0.010183
222 0.013090
223 0.015279
224 0.010146
225 0.010152
226 0.010155
227 0.010156
228 0.010163
229 0.010830
230 0.011537
231 0.011374
232 0.011392
233 0.010906
234 0.010887
235 0.010518
236 0.010510
237 0.010505
238 0.010499
239 0.010504
240 0.010927
241 0.011026
242 0.011042
243 0.010914
244 0.010699
245 0.010895
246 0.010838
247 0.010225
248 0.010446
249 0.013979
250 0.015049
251 0.015336
252 0.010148
253 0.010156
254 0.010157
255 0.010250
256 0.010264
257 0.010870
258 0.011013
259 0.011376
260 0.011435
261 0.011128
262 0.010506
263 0.010491
264 0.010476
265 0.010479
266 0.010477
267 0.010475
268 0.010486
269 0.010996
270 0.010909
271 0.010806
272 0.010516
273 0.010916
274 0.010865
275 0.013150
276 0.014763
277 0.015069
278 0.015060
279 0.012971
280 0.010156
281 0.010256
282 0.010261
283 0.010272
284 0.010280
285 0.010832
286 0.010921
287 0.010769
288 0.011337
289 0.010507
290 0.010483
291 0.010471
292 0.010463
293 0.010455
294 0.010459
295 0.010460
296 0.010461
297 0.010474
298 0.010907
299 0.010494
300 0.010508
301 0.010931
302 0.014328
303 0.014692
304 0.014802
305 0.014795
306 0.011722
307 0.010232
308 0.010261
309 0.010268
310 0.010278
311 0.010287
312 0.010672
313 0.010707
314 0.010494
315 0.010563
316 0.010518
317 0.010493
318 0.010470
319 0.010451
320 0.010442
321 0.010439
322 0.010440
323 0.010444
324 0.010452
325 0.010457
326 0.010472
327 0.010487
328 0.012594
329 0.015220
330 0.014365
331 0.014729
332 0.014351
333 0.010886
334 0.010235
335 0.010229
336 0.010275
337 0.010281
338 0.010217
339 0.010222
340 0.010719
341 0.010715
342 0.010457
343 0.010529
344 0.010505
345 0.010481
346 0.010466
347 0.010445
348 0.010439
349 0.010431
350 0.010430
351 0.010430
352 0.010437
353 0.010450
354 0.010458
355 0.013349
356 0.014574
357 0.014895
358 0.014374
359 0.011165
360 0.010241
361 0.010237
362 0.010233
363 0.010232
364 0.010211
365 0.010212
366 0.010215
367 0.010219
368 0.010732
369 0.010763
370 0.010418
371 0.010499
372 0.010499
373 0.010470
374 0.010457
375 0.010443
376 0.010431
377 0.010423
378 0.010425
379 0.010420
380 0.010432
381 0.010667
382 0.013543
383 0.013687
384 0.014371
385 0.014258
386 0.010646
387 0.010320
388 0.010258
389 0.010236
390 0.010235
391 0.010231
392 0.010211
393 0.010214
394 0.010217
395 0.010705
396 0.010749
397 0.010378
398 0.010369
399 0.010468
400 0.010517
401 0.010471
402 0.010453
403 0.010442
404 0.010427
405 0.010421
406 0.010414
407 0.010420
408 0.012263
409 0.012939
410 0.013384
411 0.013679
412 0.011371
413 0.010726
414 0.010384
415 0.010360
416 0.010285
417 0.010238
418 0.010235
419 0.010234
420 0.010210
421 0.010215
422 0.010218
423 0.010718
424 0.010761
425 0.010394
426 0.010380
427 0.010452
428 0.010494
429 0.010473
430 0.010457
431 0.010438
432 0.010433
433 0.010420
434 0.010416
435 0.011715
436 0.012068
437 0.012450
438 0.012943
439 0.010733
440 0.010534
441 0.010383
442 0.010396
443 0.010535
444 0.010322
445 0.010238
446 0.010235
447 0.010233
448 0.010209
449 0.010215
450 0.010218
451 0.010732
452 0.010774
453 0.010396
454 0.010397
455 0.010439
456 0.010482
457 0.010470
458 0.010453
459 0.010447
460 0.010437
461 0.011006
462 0.011283
463 0.011496
464 0.011834
465 0.011087
466 0.010451
467 0.010522
468 0.010497
469 0.010396
470 0.011107
471 0.010601
472 0.010407
473 0.010258
474 0.010288
475 0.010414
476 0.010194
477 0.010202
478 0.010513
479 0.010638
480 0.010397
481 0.010398
482 0.010400
483 0.010433
484 0.010476
485 0.010500
486 0.010458
487 0.010450
488 0.010756
489 0.010802
490 0.011014
491 0.011015
492 0.010434
493 0.010445
494 0.010507
495 0.010514
496 0.010496
497 0.011850
498 0.011250
499 0.010822
500 0.010729
501 0.010494
502 0.010407
503 0.010399
504 0.010099
505 0.010181
506 0.010459
507 0.010560
508 0.010386
509 0.010393
510 0.010434
511 0.010434
512 0.010533
513 0.010497
514 0.010475
515 0.010482
516 0.010614
517 0.010743
518 0.010637
519 0.010443
520 0.010449
521 0.010452
522 0.010452
523 0.010491
524 0.011540
525 0.012025
526 0.012122
527 0.011378
528 0.010786
529 0.010495
530 0.010418
531 0.010057
532 0.010100
533 0.010102
534 0.010345
535 0.010523
536 0.010358
537 0.010370
538 0.010409
539 0.010449
540 0.010474
541 0.010558
542 0.010510
543 0.010471
544 0.010485
545 0.010457
546 0.010454
547 0.010455
548 0.010462
549 0.010462
550 0.010511
551 0.011434
552 0.011664
553 0.012036
554 0.012190
555 0.011848
556 0.011164
557 0.010405
558 0.010056
559 0.010056
560 0.010094
561 0.010095
562 0.010284
563 0.010320
564 0.010337
565 0.010373
566 0.010409
567 0.010421
568 0.010434
569 0.010517
570 0.010558
571 0.010472
572 0.010481
573 0.010475
574 0.010469
575 0.010469
576 0.010852
577 0.010853
578 0.010835
579 0.011086
580 0.011376
581 0.011691
582 0.011782
583 0.012008
584 0.011224
585 0.010054
586 0.010054
587 0.010051
588 0.010087
589 0.010093
590 0.010216
591 0.010289
592 0.010346
593 0.010394
594 0.010428
595 0.010429
596 0.010402
597 0.010594
598 0.010605
599 0.010605
600 0.010455
601 0.010953
602 0.010970
603 0.010979
604 0.010981
605 0.010832
606 0.010806
607 0.010341
608 0.010602
609 0.010927
610 0.011342
611 0.011842
612 0.010054
613 0.010054
614 0.010051
615 0.010051
616 0.010084
617 0.010087
618 0.010093
619 0.010244
620 0.010340
621 0.010402
622 0.010416
623 0.010488
624 0.010488
625 0.010569
626 0.010675
627 0.011131
628 0.011078
629 0.010912
630 0.010897
631 0.010915
632 0.010368
633 0.010382
634 0.010359
635 0.010332
636 0.010315
637 0.010401
638 0.010724
639 0.010053
640 0.010052
641 0.010050
642 0.012090
643 0.012375
644 0.010083
645 0.010084
646 0.010085
647 0.010091
648 0.010333
649 0.010431
650 0.010492
651 0.010571
652 0.010926
653 0.010874
654 0.011028
655 0.011004
656 0.010969
657 0.010234
658 0.010233
659 0.010265
660 0.010293
661 0.010301
662 0.010305
663 0.010304
664 0.010287
665 0.010232
666 0.010053
667 0.010049
668 0.010049
669 0.012087
670 0.012151
671 0.012277
672 0.013352
673 0.010082
674 0.010083
675 0.010089
676 0.010086
677 0.010092
678 0.010589
679 0.010684
680 0.010735
681 0.010682
682 0.010187
683 0.010215
684 0.010232
685 0.010228
686 0.010229
687 0.010228
688 0.010229
689 0.010207
690 0.010213
691 0.010221
692 0.010208
693 0.010056
694 0.010053
695 0.010049
696 0.012086
697 0.012086
698 0.012109
699 0.012262
700 0.013351
701 0.013352
702 0.010082
703 0.010083
704 0.010085
705 0.010086
706 0.010093
707 0.010094
708 0.010097
709 0.010103
710 0.010168
711 0.010203
712 0.010223
713 0.010228
714 0.010223
715 0.010222
716 0.010218
717 0.010199
718 0.010063
719 0.010062
720 0.010060
721 0.010056
722 0.010051
723 0.012106
724 0.012052
725 0.012094
726 0.012084
727 0.012085
728 0.013350
729 0.013350
730 0.013352
731 0.013353
732 0.010084
733 0.010085
734 0.010092
735 0.010093
736 0.010095
737 0.010101
738 0.010104
739 0.010190
740 0.010213
741 0.010224
742 0.010222
743 0.010221
744 0.010209
745 0.010182
746 0.010063
747 0.010058
748 0.010057
749 0.010053
750 0.011140
751 0.010486
752 0.010717
753 0.011328
754 0.012151
755 0.012083
756 0.013350
757 0.013350
758 0.014070
759 0.014220
760 0.013352
761 0.010084
762 0.010086
763 0.010092
764 0.010094
765 0.010095
766 0.010097
767 0.010173
768 0.010204
769 0.010218
770 0.010220
771 0.010218
772 0.010201
773 0.010134
774 0.010063
775 0.010061
776 0.010056
777 0.010358
778 0.010221
779 0.010226
780 0.010302
781 0.010415
782 0.011211
783 0.012084
