0 0.010045
1 0.010048
2 0.010055
3 0.010054
4 0.010063
5 0.010073
6 0.010079
7 0.010084
8 0.000132
9 0.000006
10 0.000004
11 0.000004
12 0.000005
13 0.000007
14 0.000008
15 0.000012
16 0.000010
17 0.000011
18 0.000015
19 0.000017
20 0.000025
21 0.000028
22 0.000042
23 0.000046
24 0.000037
25 0.000041
26 0.000061
27 0.000067
28 0.010051
29 0.010049
30 0.010056
31 0.010059
32 0.010063
33 0.010069
34 0.010080
35 0.002569
36 0.000027
37 0.000003
38 0.000003
39 0.000003
40 0.000004
41 0.000007
42 0.000007
43 0.000008
44 0.000009
45 0.000013
46 0.000014
47 0.000021
48 0.000017
49 0.000025
50 0.000029
51 0.000035
52 0.000033
53 0.000050
54 0.000041
55 0.000061
56 0.010048
57 0.010054
58 0.010057
59 0.010060
60 0.010065
61 0.010075
62 0.010080
63 0.000290
64 0.000008
65 0.000002
66 0.000002
67 0.000003
68 0.000003
69 0.000004
70 0.000005
71 0.000007
72 0.000008
73 0.000008
74 0.000013
75 0.000014
76 0.000020
77 0.000019
78 0.000021
79 0.000023
80 0.000035
81 0.000033
82 0.000050
83 0.000099
84 0.010051
85 0.010056
86 0.010063
87 0.010068
88 0.010071
89 0.010075
90 0.010082
91 0.000048
92 0.000003
93 0.000001
94 0.000002
95 0.000002
96 0.000003
97 0.000004
98 0.000004
99 0.000005
100 0.000007
101 0.000008
102 0.000012
103 0.000010
104 0.000016
105 0.000016
106 0.000019
107 0.000029
108 0.000030
109 0.000030
110 0.000083
111 0.000382
112 0.010058
113 0.010059
114 0.010067
115 0.010069
116 0.013834
117 0.013043
118 0.002659
119 0.000013
120 0.000001
121 0.000001
122 0.000001
123 0.000002
124 0.000002
125 0.000003
126 0.000004
127 0.000004
128 0.000007
129 0.000007
130 0.000009
131 0.000010
132 0.000014
133 0.000012
134 0.000016
135 0.000023
136 0.000025
137 0.000068
138 0.000328
139 0.003213
140 0.010061
141 0.010067
142 0.010070
143 0.010071
144 0.013792
145 0.013649
146 0.000268
147 0.000004
148 0.000001
149 0.000001
150 0.000001
151 0.000002
152 0.000002
153 0.000003
154 0.000003
155 0.000004
156 0.000004
157 0.000005
158 0.000006
159 0.000009
160 0.000010
161 0.000010
162 0.000016
163 0.000020
164 0.000078
165 0.000326
166 0.003343
167 0.010603
168 0.010068
169 0.010072
170 0.010074
171 0.010077
172 0.011701
173 0.013781
174 0.000041
175 0.000001
176 0.000001
177 0.000001
178 0.000001
179 0.000002
180 0.000002
181 0.000002
182 0.000002
183 0.000004
184 0.000004
185 0.000005
186 0.000006
187 0.000006
188 0.000008
189 0.000010
190 0.000017
191 0.000076
192 0.000482
193 0.003076
194 0.010209
195 0.002449
196 0.010073
197 0.010075
198 0.010082
199 0.010086
200 0.010884
201 0.012976
202 0.000006
203 0.000000
204 0.000000
205 0.000001
206 0.000001
207 0.000001
208 0.000001
209 0.000002
210 0.000002
211 0.000003
212 0.000003
213 0.000004
214 0.000004
215 0.000006
216 0.000006
217 0.000015
218 0.000072
219 0.000392
220 0.003781
221 0.004598
222 0.001266
223 0.000243
224 0.010076
225 0.010083
226 0.010087
227 0.010089
228 0.010100
229 0.000172
230 0.000001
231 0.000000
232 0.000000
233 0.000001
234 0.000001
235 0.000001
236 0.000001
237 0.000001
238 0.000002
239 0.000002
240 0.000003
241 0.000003
242 0.000003
243 0.000005
244 0.000013
245 0.000067
246 0.000661
247 0.008539
248 0.002421
249 0.000297
250 0.000093
251 0.000032
252 0.010079
253 0.010088
254 0.010090
255 0.010260
256 0.010361
257 0.000013
258 0.000000
259 0.000000
260 0.000000
261 0.000000
262 0.000001
263 0.000001
264 0.000001
265 0.000001
266 0.000001
267 0.000002
268 0.000002
269 0.000002
270 0.000003
271 0.000010
272 0.000043
273 0.000530
274 0.999958
275 0.000728
276 0.000181
277 0.000035
278 0.000015
279 0.000017
280 0.010089
281 0.010293
282 0.010339
283 0.010425
284 0.010483
285 0.000002
286 0.000000
287 0.000000
288 0.000000
289 0.000000
290 0.000000
291 0.000000
292 0.000001
293 0.000001
294 0.000001
295 0.000001
296 0.000002
297 0.000002
298 0.000007
299 0.000041
300 0.000287
301 0.002710
302 0.000349
303 0.000062
304 0.000021
305 0.000008
306 0.000009
307 0.000014
308 0.010338
309 0.010397
310 0.010463
311 0.010522
312 0.000081
313 0.000000
314 0.000000
315 0.000000
316 0.000000
317 0.000000
318 0.000000
319 0.000000
320 0.000000
321 0.000001
322 0.000001
323 0.000001
324 0.000001
325 0.000005
326 0.000025
327 0.000260
328 0.000409
329 0.000082
330 0.000023
331 0.000010
332 0.000006
333 0.000008
334 0.000009
335 0.000014
336 0.010439
337 0.010380
338 0.010402
339 0.010434
340 0.000003
341 0.000000
342 0.000000
343 0.000000
344 0.000000
345 0.000000
346 0.000000
347 0.000000
348 0.000000
349 0.000000
350 0.000001
351 0.000001
352 0.000003
353 0.000013
354 0.000161
355 0.000084
356 0.000025
357 0.000009
358 0.000004
359 0.000005
360 0.000005
361 0.000006
362 0.000008
363 0.000008
364 0.010357
365 0.010367
366 0.010391
367 0.010412
368 0.000000
369 0.000000
370 0.000000
371 0.000000
372 0.000000
373 0.000000
374 0.000000
375 0.000000
376 0.000000
377 0.000000
378 0.000000
379 0.000002
380 0.000008
381 0.000032
382 0.000021
383 0.000008
384 0.000004
385 0.000003
386 0.000003
387 0.000005
388 0.000005
389 0.000004
390 0.000005
391 0.000008
392 0.010351
393 0.010374
394 0.010398
395 0.000054
396 0.000000
397 0.000000
398 0.000000
399 0.000000
400 0.000000
401 0.000000
402 0.000000
403 0.000000
404 0.000000
405 0.000000
406 0.000001
407 0.000004
408 0.000009
409 0.000006
410 0.000003
411 0.000002
412 0.000002
413 0.000002
414 0.000002
415 0.000003
416 0.000004
417 0.000004
418 0.000005
419 0.000005
420 0.010347
421 0.010371
422 0.010395
423 0.000002
424 0.000000
425 0.000000
426 0.000000
427 0.000000
428 0.000000
429 0.000000
430 0.000000
431 0.000000
432 0.000000
433 0.000001
434 0.000002
435 0.000003
436 0.000002
437 0.000001
438 0.000001
439 0.000001
440 0.000001
441 0.000002
442 0.000002
443 0.000002
444 0.000003
445 0.000003
446 0.000004
447 0.000005
448 0.010380
449 0.010372
450 0.010396
451 0.000000
452 0.000000
453 0.000000
454 0.000000
455 0.000000
456 0.000000
457 0.000000
458 0.000000
459 0.000000
460 0.000000
461 0.000001
462 0.000001
463 0.000001
464 0.000001
465 0.000001
466 0.000001
467 0.000001
468 0.000001
469 0.000001
470 0.000002
471 0.000002
472 0.000002
473 0.000003
474 0.000003
475 0.000007
476 0.010323
477 0.010359
478 0.000269
479 0.000000
480 0.000000
481 0.000000
482 0.000000
483 0.000000
484 0.000000
485 0.000000
486 0.000000
487 0.000000
488 0.000000
489 0.000000
490 0.000000
491 0.000000
492 0.000000
493 0.000000
494 0.000000
495 0.000001
496 0.000001
497 0.000001
498 0.000001
499 0.000001
500 0.000003
501 0.000007
502 0.000022
503 0.000094
504 0.010194
505 0.010285
506 0.000004
507 0.000000
508 0.000000
509 0.000000
510 0.000000
511 0.000000
512 0.000000
513 0.000000
514 0.000000
515 0.000000
516 0.000000
517 0.000000
518 0.000000
519 0.000000
520 0.000000
521 0.000000
522 0.000000
523 0.000000
524 0.000001
525 0.000001
526 0.000003
527 0.000009
528 0.000030
529 0.000123
530 0.000727
531 0.010421
532 0.010199
533 0.010207
534 0.000001
535 0.000000
536 0.000000
537 0.000000
538 0.000000
539 0.000000
540 0.000000
541 0.000000
542 0.000000
543 0.000000
544 0.000000
545 0.000000
546 0.000000
547 0.000000
548 0.000000
549 0.000000
550 0.000000
551 0.000001
552 0.000003
553 0.000013
554 0.000058
555 0.000362
556 0.003118
557 0.010974
558 0.010403
559 0.010405
560 0.010186
561 0.010189
562 0.000001
563 0.000000
564 0.000000
565 0.000000
566 0.000000
567 0.000000
568 0.000000
569 0.000000
570 0.000000
571 0.000000
572 0.000000
573 0.000000
574 0.000000
575 0.000000
576 0.000000
577 0.000001
578 0.000003
579 0.000014
580 0.000151
581 0.002969
582 0.013123
583 0.013775
584 0.013224
585 0.010374
586 0.010381
587 0.010366
588 0.010172
589 0.010186
590 0.000011
591 0.000000
592 0.000000
593 0.000000
594 0.000000
595 0.000000
596 0.000000
597 0.000000
598 0.000000
599 0.000000
600 0.000000
601 0.000000
602 0.000000
603 0.000001
604 0.000003
605 0.000046
606 0.001024
607 0.010942
608 0.011339
609 0.011865
610 0.013132
611 0.013288
612 0.010353
613 0.010361
614 0.010347
615 0.010351
616 0.010166
617 0.010172
618 0.010186
619 0.000029
620 0.000000
621 0.000000
622 0.000000
623 0.000000
624 0.000000
625 0.000000
626 0.000000
627 0.000000
628 0.000000
629 0.000001
630 0.000004
631 0.000265
632 0.011211
633 0.011089
634 0.010947
635 0.010884
636 0.010815
637 0.011081
638 0.011341
639 0.010333
640 0.010334
641 0.010321
642 0.014051
643 0.014514
644 0.010162
645 0.010166
646 0.010169
647 0.010182
648 0.000489
649 0.000000
650 0.000000
651 0.000000
652 0.000000
653 0.000000
654 0.000000
655 0.000002
656 0.000045
657 0.010827
658 0.010813
659 0.010929
660 0.010883
661 0.010767
662 0.010817
663 0.010817
664 0.010708
665 0.010499
666 0.010330
667 0.010305
668 0.010302
669 0.013996
670 0.014065
671 0.014238
672 0.000000
673 0.010162
674 0.010165
675 0.010179
676 0.010172
677 0.010185
678 0.000002
679 0.000001
680 0.000002
681 0.000034
682 0.010425
683 0.010669
684 0.010810
685 0.010774
686 0.010772
687 0.010662
688 0.010523
689 0.010417
690 0.010542
691 0.010545
692 0.010450
693 0.010348
694 0.010329
695 0.010301
696 0.013981
697 0.013985
698 0.013983
699 0.014255
700 0.000000
701 0.000000
702 0.010162
703 0.010166
704 0.010169
705 0.010171
706 0.010184
707 0.010186
708 0.010192
709 0.010204
710 0.010318
711 0.010552
712 0.010735
713 0.010772
714 0.010688
715 0.010568
716 0.010443
717 0.010433
718 0.010397
719 0.010388
720 0.010377
721 0.010348
722 0.010318
723 0.013987
724 0.013663
725 0.014002
726 0.013947
727 0.013970
728 0.000000
729 0.000000
730 0.000000
731 0.000000
732 0.010165
733 0.010167
734 0.010180
735 0.010182
736 0.010184
737 0.010196
738 0.010202
739 0.010447
740 0.010643
741 0.010732
742 0.010644
743 0.010516
744 0.010419
745 0.010409
746 0.010394
747 0.010365
748 0.010356
749 0.010328
750 0.012495
751 0.011366
752 0.011705
753 0.012817
754 0.014028
755 0.013940
756 0.000000
757 0.000000
758 0.000000
759 0.000000
760 0.000000
761 0.010164
762 0.010166
763 0.010178
764 0.010180
765 0.010182
766 0.010184
767 0.010338
768 0.010563
769 0.010677
770 0.010583
771 0.010462
772 0.010415
773 0.010386
774 0.010396
775 0.010380
776 0.010353
777 0.011017
778 0.010549
779 0.010559
780 0.010810
781 0.011142
782 0.012564
783 0.013952
