0 0.002858
1 0.003043
2 0.002984
3 0.003701
4 0.003581
5 0.004658
6 0.008001
7 0.010911
8 0.001479
9 0.000098
10 0.000039
11 0.000028
12 0.000028
13 0.000027
14 0.000026
15 0.000025
16 0.000023
17 0.000028
18 0.000174
19 0.001014
20 0.002223
21 0.002223
22 0.002484
23 0.002185
24 0.001560
25 0.001289
26 0.001355
27 0.001424
28 0.002439
29 0.002613
30 0.002535
31 0.002878
32 0.003380
33 0.003764
34 0.005207
35 0.005780
36 0.000823
37 0.000111
38 0.000040
39 0.000026
40 0.000023
41 0.000023
42 0.000021
43 0.000017
44 0.000021
45 0.000038
46 0.000095
47 0.000542
48 0.001990
49 0.002223
50 0.000001
51 0.000000
52 0.001187
53 0.001227
54 0.001099
55 0.001355
56 0.002613
57 0.002214
58 0.002110
59 0.002367
60 0.002726
61 0.003083
62 0.003714
63 0.001390
64 0.000362
65 0.000116
66 0.000086
67 0.000033
68 0.000021
69 0.000018
70 0.000013
71 0.000016
72 0.000028
73 0.000040
74 0.000046
75 0.000232
76 0.000002
77 0.000000
78 0.000000
79 0.000000
80 0.000000
81 0.000988
82 0.001227
83 0.001099
84 0.002499
85 0.002110
86 0.001769
87 0.001654
88 0.001964
89 0.002414
90 0.003066
91 0.000409
92 0.000101
93 0.000113
94 0.000097
95 0.000054
96 0.000033
97 0.000027
98 0.000014
99 0.000018
100 0.000033
101 0.000015
102 0.000000
103 0.000000
104 0.000000
105 0.000000
106 0.000000
107 0.000000
108 0.000000
109 0.000938
110 0.000988
111 0.001227
112 0.002110
113 0.002011
114 0.001596
115 0.001516
116 0.000000
117 0.000000
118 0.000000
119 0.000000
120 0.000000
121 0.000012
122 0.000115
123 0.000089
124 0.000065
125 0.000035
126 0.000040
127 0.000001
128 0.000000
129 0.000000
130 0.000000
131 0.000000
132 0.000000
133 0.000000
134 0.000000
135 0.000000
136 0.000395
137 0.000749
138 0.000938
139 0.001168
140 0.002011
141 0.001680
142 0.001516
143 0.001440
144 0.000000
145 0.000000
146 0.000000
147 0.000000
148 0.000000
149 0.000000
150 0.000000
151 0.000000
152 0.000000
153 0.000000
154 0.000000
155 0.000000
156 0.000000
157 0.000000
158 0.000000
159 0.000000
160 0.000000
161 0.000000
162 0.000000
163 0.000001
164 0.000761
165 0.000708
166 0.000890
167 0.000938
168 0.001680
169 0.001516
170 0.001440
171 0.001301
172 0.000000
173 0.000000
174 0.000000
175 0.000000
176 0.000000
177 0.000000
178 0.000000
179 0.000000
180 0.000000
181 0.000000
182 0.000000
183 0.000000
184 0.000000
185 0.000000
186 0.000000
187 0.000000
188 0.000000
189 0.000000
190 0.000000
191 0.000185
192 0.000600
193 0.000634
194 0.000670
195 0.000967
196 0.001531
197 0.001440
198 0.001184
199 0.001062
200 0.000238
201 0.000000
202 0.000000
203 0.000000
204 0.000000
205 0.000000
206 0.000000
207 0.000000
208 0.000000
209 0.000000
210 0.000000
211 0.000000
212 0.000000
213 0.000000
214 0.000000
215 0.000000
216 0.000000
217 0.000000
218 0.000000
219 0.000047
220 0.000600
221 0.000634
222 0.000704
223 0.000890
224 0.001526
225 0.001255
226 0.001073
227 0.001006
228 0.000770
229 0.000000
230 0.000000
231 0.000000
232 0.000000
233 0.000000
234 0.000000
235 0.000000
236 0.000000
237 0.000000
238 0.000000
239 0.000000
240 0.000000
241 0.000000
242 0.000000
243 0.000000
244 0.000000
245 0.000000
246 0.000000
247 0.000003
248 0.000009
249 0.000018
250 0.000051
251 0.000110
252 0.001944
253 0.001126
254 0.001066
255 0.000591
256 0.000097
257 0.000000
258 0.000000
259 0.000000
260 0.000000
261 0.000000
262 0.000000
263 0.000000
264 0.000000
265 0.000000
266 0.000000
267 0.000000
268 0.000000
269 0.000000
270 0.000000
271 0.000000
272 0.000000
273 0.000000
274 0.000000
275 0.000000
276 0.000001
277 0.000001
278 0.000003
279 0.000009
280 0.003702
281 0.000760
282 0.000194
283 0.000037
284 0.000014
285 0.000000
286 0.000000
287 0.000000
288 0.000000
289 0.000000
290 0.000000
291 0.000000
292 0.000000
293 0.000000
294 0.000000
295 0.000000
296 0.000000
297 0.000000
298 0.000000
299 0.000000
300 0.000000
301 0.000000
302 0.000000
303 0.000000
304 0.000001
305 0.000001
306 0.000002
307 0.000004
308 0.001344
309 0.000320
310 0.000065
311 0.000015
312 0.000001
313 0.000000
314 0.000000
315 0.000000
316 0.000000
317 0.000000
318 0.000000
319 0.000000
320 0.000000
321 0.000000
322 0.000000
323 0.000000
324 0.000000
325 0.000000
326 0.000000
327 0.000000
328 0.000000
329 0.000000
330 0.000000
331 0.000000
332 0.000001
333 0.000002
334 0.000003
335 0.000010
336 0.000363
337 0.000187
338 0.000091
339 0.000032
340 0.000000
341 0.000000
342 0.000000
343 0.000000
344 0.000000
345 0.000000
346 0.000000
347 0.000000
348 0.000000
349 0.000000
350 0.000000
351 0.000000
352 0.000000
353 0.000000
354 0.000000
355 0.000000
356 0.000000
357 0.000000
358 0.000000
359 0.000000
360 0.000002
361 0.000004
362 0.000010
363 0.000015
364 0.000216
365 0.000296
366 0.000169
367 0.000154
368 0.000000
369 0.000000
370 0.000000
371 0.000000
372 0.000000
373 0.000000
374 0.000000
375 0.000000
376 0.000000
377 0.000000
378 0.000000
379 0.000000
380 0.000000
381 0.000000
382 0.000000
383 0.000000
384 0.000000
385 0.000000
386 0.000000
387 0.000000
388 0.000002
389 0.000012
390 0.000018
391 0.000035
392 0.000081
393 0.000104
394 0.000143
395 0.000023
396 0.000000
397 0.000000
398 0.000000
399 0.000000
400 0.000000
401 0.000000
402 0.000000
403 0.000000
404 0.000000
405 0.000000
406 0.000000
407 0.000000
408 0.000000
409 0.000000
410 0.000000
411 0.000000
412 0.000000
413 0.000000
414 0.000000
415 0.000000
416 0.000001
417 0.000023
418 0.000040
419 0.000043
420 0.000022
421 0.000035
422 0.000044
423 0.000001
424 0.000000
425 0.000000
426 0.000000
427 0.000000
428 0.000001
429 0.000000
430 0.000000
431 0.000000
432 0.000000
433 0.000000
434 0.000000
435 0.000000
436 0.000000
437 0.000000
438 0.000006
439 0.000242
440 0.000005
441 0.000000
442 0.000000
443 0.000000
444 0.000000
445 0.000033
446 0.000018
447 0.000011
448 0.000026
449 0.000012
450 0.000009
451 0.000000
452 0.000000
453 0.000000
454 0.000000
455 0.000009
456 1.000000
457 0.000000
458 0.000000
459 0.000000
460 0.000000
461 0.000000
462 0.000000
463 0.000000
464 0.000000
465 0.000000
466 0.000001
467 0.559006
468 0.001450
469 0.000004
470 0.000000
471 0.000000
472 0.000000
473 0.000002
474 0.000004
475 0.000005
476 0.000100
477 0.000046
478 0.000005
479 0.000000
480 0.000000
481 0.000000
482 0.000000
483 0.000108
484 0.000083
485 0.000000
486 0.000000
487 0.000000
488 0.000000
489 0.000000
490 0.000000
491 0.000000
492 0.000000
493 0.000000
494 0.000000
495 0.000084
496 0.999999
497 0.000467
498 0.000001
499 0.000000
500 0.000000
501 0.000000
502 0.000005
503 0.000012
504 0.000561
505 0.000275
506 0.000003
507 0.000000
508 0.000000
509 0.000000
510 0.000001
511 0.000002
512 0.000000
513 0.000000
514 0.000000
515 0.000000
516 0.000000
517 0.000000
518 0.000000
519 0.000000
520 0.000000
521 0.000000
522 0.000000
523 0.000000
524 0.000002
525 0.001337
526 0.000020
527 0.000000
528 0.000000
529 0.000000
530 0.000039
531 0.000081
532 0.000528
533 0.000561
534 0.000006
535 0.000000
536 0.000000
537 0.000003
538 0.000015
539 0.000000
540 0.000000
541 0.000000
542 0.000000
543 0.000000
544 0.000000
545 0.000000
546 0.000000
547 0.000000
548 0.000000
549 0.000000
550 0.000000
551 0.000000
552 0.000000
553 0.000002
554 0.000862
555 0.000012
556 0.000000
557 0.000014
558 0.000378
559 0.000185
560 0.000878
561 0.001654
562 0.000017
563 0.000001
564 0.000005
565 0.000153
566 0.000004
567 0.000000
568 0.000000
569 0.000000
570 0.000000
571 0.000000
572 0.000000
573 0.000000
574 0.000000
575 0.000000
576 0.000000
577 0.000000
578 0.000000
579 0.000000
580 0.000000
581 0.000000
582 0.000099
583 0.000662
584 0.000165
585 0.005351
586 0.001593
587 0.000712
588 0.002098
589 0.004327
590 0.000507
591 0.000013
592 0.000161
593 0.000012
594 0.000000
595 0.000000
596 0.000000
597 0.000000
598 0.000000
599 0.000000
600 0.000000
601 0.000000
602 0.000000
603 0.000000
604 0.000000
605 0.000000
606 0.000000
607 0.000000
608 0.000000
609 0.000000
610 0.000001
611 0.000884
612 0.005226
613 0.010001
614 0.007475
615 0.002960
616 0.005491
617 0.010000
618 0.010001
619 0.001074
620 0.000162
621 0.000001
622 0.000000
623 0.000000
624 0.000000
625 0.000000
626 0.000000
627 0.000000
628 0.000000
629 0.000000
630 0.000000
631 0.000000
632 0.000000
633 0.000000
634 0.000000
635 0.000000
636 0.000000
637 0.000000
638 0.000002
639 0.000468
640 0.001530
641 0.005349
642 0.000000
643 0.000000
644 0.010001
645 0.010001
646 0.008376
647 0.003161
648 0.000604
649 0.000001
650 0.000000
651 0.000000
652 0.000000
653 0.000000
654 0.000001
655 0.000003
656 0.000001
657 0.000001
658 0.000000
659 0.000000
660 0.000000
661 0.000000
662 0.000000
663 0.000000
664 0.000000
665 0.000002
666 0.000076
667 0.000173
668 0.000515
669 0.000000
670 0.000000
671 0.000000
672 0.000000
673 0.008594
674 0.004006
675 0.001656
676 0.000829
677 0.000644
678 0.000005
679 0.000003
680 0.000006
681 0.000030
682 0.000340
683 0.000325
684 0.000034
685 0.000003
686 0.000001
687 0.000001
688 0.000003
689 0.000014
690 0.000006
691 0.000004
692 0.000009
693 0.000071
694 0.000081
695 0.000111
696 0.000000
697 0.000000
698 0.000000
699 0.000000
700 0.000000
701 0.000000
702 0.002107
703 0.001048
704 0.000820
705 0.000785
706 0.000644
707 0.000615
708 0.000561
709 0.000458
710 0.000375
711 0.000340
712 0.000215
713 0.000011
714 0.000004
715 0.000003
716 0.000007
717 0.000017
718 0.000048
719 0.000052
720 0.000056
721 0.000076
722 0.000103
723 0.000000
724 0.000000
725 0.000000
726 0.000000
727 0.000000
728 0.000000
729 0.000000
730 0.000000
731 0.000000
732 0.000858
733 0.000820
734 0.000675
735 0.000644
736 0.000615
737 0.000504
738 0.000458
739 0.000437
740 0.000418
741 0.000065
742 0.000012
743 0.000006
744 0.000013
745 0.000035
746 0.000052
747 0.000071
748 0.000076
749 0.000103
750 0.000000
751 0.000000
752 0.000000
753 0.000000
754 0.000000
755 0.000000
756 0.000000
757 0.000000
758 0.000000
759 0.000000
760 0.000000
761 0.000858
762 0.000820
763 0.000675
764 0.000644
765 0.000615
766 0.000587
767 0.000561
768 0.000437
769 0.000338
770 0.000057
771 0.000019
772 0.000020
773 0.000062
774 0.000052
775 0.000060
776 0.000081
777 0.000000
778 0.000005
779 0.000003
780 0.000000
781 0.000000
782 0.000000
783 0.000000
