0 0.003211
1 0.003347
2 0.002925
3 0.002685
4 0.002085
5 0.001746
6 0.001574
7 0.001494
8 0.000271
9 0.000043
10 0.000031
11 0.000027
12 0.000028
13 0.000028
14 0.000026
15 0.000030
16 0.000039
17 0.000069
18 0.000618
19 0.005154
20 0.009944
21 0.005184
22 0.002332
23 0.001369
24 0.001120
25 0.001141
26 0.001404
27 0.001475
28 0.002645
29 0.003438
30 0.003471
31 0.003020
32 0.002234
33 0.001804
34 0.001495
35 0.000895
36 0.000094
37 0.000020
38 0.000018
39 0.000019
40 0.000019
41 0.000024
42 0.000025
43 0.000026
44 0.000044
45 0.000133
46 0.000465
47 0.002752
48 0.005126
49 0.002387
50 0.000000
51 0.000000
52 0.001027
53 0.001273
54 0.001141
55 0.001404
56 0.002587
57 0.002629
58 0.003200
59 0.003480
60 0.002973
61 0.001858
62 0.001420
63 0.000351
64 0.000042
65 0.000012
66 0.000016
67 0.000013
68 0.000011
69 0.000014
70 0.000019
71 0.000034
72 0.000100
73 0.000205
74 0.000262
75 0.000674
76 0.000000
77 0.000000
78 0.000000
79 0.000000
80 0.000000
81 0.001027
82 0.001273
83 0.001141
84 0.002473
85 0.002189
86 0.002328
87 0.002930
88 0.003180
89 0.002582
90 0.001677
91 0.000123
92 0.000015
93 0.000009
94 0.000009
95 0.000009
96 0.000009
97 0.000017
98 0.000023
99 0.000059
100 0.000149
101 0.000019
102 0.000000
103 0.000000
104 0.000000
105 0.000000
106 0.000000
107 0.000000
108 0.000000
109 0.000975
110 0.001027
111 0.001273
112 0.002189
113 0.002189
114 0.001939
115 0.002329
116 0.000000
117 0.000000
118 0.000000
119 0.000000
120 0.000000
121 0.000001
122 0.000008
123 0.000008
124 0.000013
125 0.000017
126 0.000040
127 0.000001
128 0.000000
129 0.000000
130 0.000000
131 0.000000
132 0.000000
133 0.000000
134 0.000000
135 0.000000
136 0.002740
137 0.000779
138 0.000975
139 0.001212
140 0.002189
141 0.001939
142 0.001939
143 0.001939
144 0.000000
145 0.000000
146 0.000000
147 0.000000
148 0.000000
149 0.000000
150 0.000000
151 0.000000
152 0.000000
153 0.000000
154 0.000000
155 0.000000
156 0.000000
157 0.000000
158 0.000000
159 0.000000
160 0.000000
161 0.000000
162 0.000000
163 0.000000
164 0.000792
165 0.000737
166 0.000925
167 0.000975
168 0.001847
169 0.001939
170 0.001939
171 0.001939
172 0.000000
173 0.000000
174 0.000000
175 0.000000
176 0.000000
177 0.000000
178 0.000000
179 0.000000
180 0.000000
181 0.000000
182 0.000000
183 0.000000
184 0.000000
185 0.000000
186 0.000000
187 0.000000
188 0.000000
189 0.000000
190 0.000000
191 0.000001
192 0.000625
193 0.000660
194 0.000697
195 0.001064
196 0.001651
197 0.001718
198 0.001625
199 0.001718
200 0.000001
201 0.000000
202 0.000000
203 0.000000
204 0.000000
205 0.000000
206 0.000000
207 0.000000
208 0.000000
209 0.000000
210 0.000000
211 0.000000
212 0.000000
213 0.000000
214 0.000000
215 0.000000
216 0.000000
217 0.000000
218 0.000000
219 0.000008
220 0.000625
221 0.000673
222 0.000796
223 0.001006
224 0.001419
225 0.001301
226 0.001337
227 0.001524
228 0.001524
229 0.000000
230 0.000000
231 0.000000
232 0.000000
233 0.000000
234 0.000000
235 0.000000
236 0.000000
237 0.000000
238 0.000000
239 0.000000
240 0.000000
241 0.000000
242 0.000000
243 0.000000
244 0.000000
245 0.000000
246 0.000000
247 0.000002
248 0.000004
249 0.000009
250 0.000026
251 0.000064
252 0.001348
253 0.001045
254 0.001069
255 0.000358
256 0.000015
257 0.000000
258 0.000000
259 0.000000
260 0.000000
261 0.000000
262 0.000000
263 0.000000
264 0.000000
265 0.000000
266 0.000000
267 0.000000
268 0.000000
269 0.000000
270 0.000000
271 0.000000
272 0.000000
273 0.000000
274 0.000000
275 0.000001
276 0.000001
277 0.000001
278 0.000002
279 0.000003
280 0.001044
281 0.000088
282 0.000017
283 0.000001
284 0.000001
285 0.000000
286 0.000000
287 0.000000
288 0.000000
289 0.000000
290 0.000001
291 0.000001
292 0.000000
293 0.000000
294 0.000000
295 0.000000
296 0.000000
297 0.000000
298 0.000000
299 0.000000
300 0.000000
301 0.000000
302 0.000000
303 0.000001
304 0.000001
305 0.000001
306 0.000001
307 0.000001
308 0.000018
309 0.000003
310 0.000001
311 0.000000
312 0.000000
313 0.000000
314 0.000000
315 0.000000
316 0.000000
317 0.000000
318 0.000001
319 0.000001
320 0.000001
321 0.000000
322 0.000000
323 0.000000
324 0.000000
325 0.000000
326 0.000000
327 0.000000
328 0.000000
329 0.000000
330 0.000000
331 0.000000
332 0.000001
333 0.000001
334 0.000001
335 0.000002
336 0.000001
337 0.000001
338 0.000001
339 0.000000
340 0.000000
341 0.000000
342 0.000000
343 0.000000
344 0.000000
345 0.000001
346 0.000001
347 0.000002
348 0.000001
349 0.000001
350 0.000000
351 0.000000
352 0.000000
353 0.000000
354 0.000000
355 0.000000
356 0.000000
357 0.000000
358 0.000000
359 0.000000
360 0.000001
361 0.000001
362 0.000001
363 0.000001
364 0.000001
365 0.000001
366 0.000001
367 0.000001
368 0.000000
369 0.000000
370 0.000000
371 0.000000
372 0.000001
373 0.000001
374 0.000001
375 0.000001
376 0.000001
377 0.000001
378 0.000000
379 0.000000
380 0.000000
381 0.000000
382 0.000000
383 0.000000
384 0.000000
385 0.000000
386 0.000000
387 0.000000
388 0.000000
389 0.000001
390 0.000001
391 0.000004
392 0.000003
393 0.000001
394 0.000001
395 0.000000
396 0.000000
397 0.000000
398 0.000000
399 0.000001
400 0.000001
401 0.000002
402 0.000001
403 0.000001
404 0.000000
405 0.000000
406 0.000000
407 0.000000
408 0.000000
409 0.000000
410 0.000000
411 0.000000
412 0.000000
413 0.000000
414 0.000000
415 0.000000
416 0.000000
417 0.000003
418 0.000005
419 0.000008
420 0.000007
421 0.000003
422 0.000001
423 0.000000
424 0.000000
425 0.000000
426 0.000000
427 0.000001
428 0.000003
429 0.000001
430 0.000000
431 0.000000
432 0.000000
433 0.000000
434 0.000000
435 0.000001
436 0.000000
437 0.000000
438 0.000000
439 0.000000
440 0.000000
441 0.000000
442 0.000000
443 0.000000
444 0.000000
445 0.000010
446 0.000018
447 0.000019
448 0.000013
449 0.000009
450 0.000005
451 0.000000
452 0.000000
453 0.000000
454 0.000001
455 0.000014
456 0.000003
457 0.000001
458 0.000000
459 0.000000
460 0.000000
461 0.000000
462 0.000000
463 0.000001
464 0.000001
465 0.000001
466 0.000001
467 0.000000
468 0.000000
469 0.000000
470 0.000000
471 0.000000
472 0.000000
473 0.000005
474 0.000014
475 0.000020
476 0.000016
477 0.000013
478 0.000003
479 0.000000
480 0.000000
481 0.000001
482 0.000124
483 0.006282
484 0.000001
485 0.000000
486 0.000000
487 0.000000
488 0.000000
489 0.000000
490 0.000000
491 0.000000
492 0.000001
493 0.000001
494 0.000002
495 0.000001
496 0.000000
497 0.000000
498 0.000000
499 0.000000
500 0.000000
501 0.000001
502 0.000022
503 0.000026
504 0.000023
505 0.000016
506 0.000001
507 0.000000
508 0.000001
509 0.000028
510 0.999986
511 0.000007
512 0.000000
513 0.000000
514 0.000000
515 0.000000
516 0.000000
517 0.000000
518 0.000000
519 0.000000
520 0.000001
521 0.000002
522 0.000344
523 0.003665
524 0.000002
525 0.000001
526 0.000000
527 0.000000
528 0.000000
529 0.000001
530 0.000031
531 0.000037
532 0.000021
533 0.000021
534 0.000001
535 0.000000
536 0.000006
537 0.003478
538 0.000010
539 0.000001
540 0.000000
541 0.000000
542 0.000000
543 0.000000
544 0.000000
545 0.000000
546 0.000000
547 0.000000
548 0.000001
549 0.000003
550 0.000732
551 0.999976
552 0.000013
553 0.000001
554 0.000000
555 0.000000
556 0.000000
557 0.000001
558 0.000037
559 0.000040
560 0.000075
561 0.000262
562 0.000006
563 0.000002
564 0.000193
565 0.000024
566 0.000000
567 0.000000
568 0.000000
569 0.000000
570 0.000000
571 0.000000
572 0.000000
573 0.000001
574 0.000001
575 0.000001
576 0.000001
577 0.000001
578 0.000006
579 0.000083
580 0.003602
581 0.000021
582 0.000001
583 0.000000
584 0.000001
585 0.000037
586 0.000040
587 0.000052
588 0.000438
589 0.001931
590 0.000551
591 0.000102
592 0.000056
593 0.000001
594 0.000000
595 0.000000
596 0.000000
597 0.000000
598 0.000000
599 0.000000
600 0.000001
601 0.000001
602 0.000001
603 0.000001
604 0.000001
605 0.000001
606 0.000001
607 0.000002
608 0.000031
609 0.001360
610 0.000117
611 0.000015
612 0.000150
613 0.000058
614 0.000049
615 0.000052
616 0.003355
617 0.014316
618 0.010030
619 0.000713
620 0.000004
621 0.000000
622 0.000000
623 0.000000
624 0.000000
625 0.000000
626 0.000000
627 0.000000
628 0.000001
629 0.000001
630 0.000001
631 0.000001
632 0.000001
633 0.000001
634 0.000001
635 0.000000
636 0.000001
637 0.000072
638 0.003830
639 0.002428
640 0.000543
641 0.000222
642 0.000000
643 0.000000
644 0.014745
645 0.010029
646 0.001725
647 0.000237
648 0.000022
649 0.000000
650 0.000000
651 0.000000
652 0.000000
653 0.000001
654 0.000000
655 0.000000
656 0.000000
657 0.000000
658 0.000000
659 0.000000
660 0.000001
661 0.000001
662 0.000001
663 0.000000
664 0.000001
665 0.000124
666 0.008981
667 0.010050
668 0.003904
669 0.000000
670 0.000000
671 0.000000
672 0.000000
673 0.001851
674 0.000387
675 0.000067
676 0.000045
677 0.000030
678 0.000001
679 0.000000
680 0.000001
681 0.000002
682 0.000001
683 0.000000
684 0.000000
685 0.000000
686 0.000000
687 0.000000
688 0.000002
689 0.000189
690 0.000004
691 0.000005
692 0.000058
693 0.001244
694 0.001898
695 0.007061
696 0.000000
697 0.000000
698 0.000000
699 0.000000
700 0.000000
701 0.000000
702 0.000109
703 0.000053
704 0.000049
705 0.000045
706 0.000030
707 0.000027
708 0.000023
709 0.000015
710 0.000002
711 0.000000
712 0.000000
713 0.000000
714 0.000000
715 0.000001
716 0.000012
717 0.000017
718 0.000024
719 0.000027
720 0.000084
721 0.000252
722 0.000677
723 0.000000
724 0.000001
725 0.000001
726 0.000000
727 0.000000
728 0.000000
729 0.000000
730 0.000000
731 0.000000
732 0.000053
733 0.000049
734 0.000033
735 0.000030
736 0.000027
737 0.000019
738 0.000015
739 0.000001
740 0.000000
741 0.000000
742 0.000000
743 0.000002
744 0.000075
745 0.000022
746 0.000025
747 0.000033
748 0.000038
749 0.000073
750 0.000001
751 0.000001
752 0.000001
753 0.000001
754 0.000001
755 0.000000
756 0.000000
757 0.000000
758 0.000000
759 0.000000
760 0.000000
761 0.000053
762 0.000049
763 0.000033
764 0.000030
765 0.000027
766 0.000025
767 0.000002
768 0.000001
769 0.000000
770 0.000001
771 0.000006
772 0.000139
773 0.000029
774 0.000025
775 0.000028
776 0.000037
777 0.000001
778 0.000013
779 0.000021
780 0.000003
781 0.000001
782 0.000002
783 0.000000
