0 0.005235
1 0.004412
2 0.003970
3 0.004160
4 0.003731
5 0.003332
6 0.003118
7 0.003016
8 0.000974
9 0.000262
10 0.000232
11 0.000341
12 0.000550
13 0.000697
14 0.000726
15 0.001352
16 0.000923
17 0.000388
18 0.000573
19 0.002205
20 0.004952
21 0.004964
22 0.005251
23 0.005287
24 0.007398
25 0.011092
26 0.013982
27 0.010687
28 0.008165
29 0.005022
30 0.003871
31 0.003733
32 0.003618
33 0.003401
34 0.003016
35 0.002225
36 0.000469
37 0.000149
38 0.000139
39 0.000202
40 0.000345
41 0.000669
42 0.000669
43 0.001015
44 0.001377
45 0.001277
46 0.000687
47 0.001920
48 0.004707
49 0.004980
50 0.000000
51 0.000000
52 0.011092
53 0.013982
54 0.009708
55 0.005956
56 0.013370
57 0.007956
58 0.005047
59 0.003644
60 0.003406
61 0.003017
62 0.002917
63 0.001172
64 0.000265
65 0.000104
66 0.000129
67 0.000122
68 0.000188
69 0.000386
70 0.000564
71 0.000631
72 0.001959
73 0.002459
74 0.001119
75 0.001263
76 0.000006
77 0.000000
78 0.000000
79 0.000000
80 0.000000
81 0.009708
82 0.005956
83 0.003418
84 0.019909
85 0.014216
86 0.008345
87 0.004352
88 0.003043
89 0.002923
90 0.002733
91 0.000568
92 0.000125
93 0.000086
94 0.000084
95 0.000086
96 0.000113
97 0.000247
98 0.000464
99 0.000584
100 0.001771
101 0.002266
102 0.000007
103 0.000000
104 0.000000
105 0.000000
106 0.000000
107 0.000000
108 0.000000
109 0.005271
110 0.003341
111 0.002670
112 0.016546
113 0.020906
114 0.015063
115 0.008033
116 0.000000
117 0.000000
118 0.000000
119 0.000000
120 0.000001
121 0.000033
122 0.000074
123 0.000075
124 0.000079
125 0.000126
126 0.000278
127 0.000068
128 0.000004
129 0.000001
130 0.000000
131 0.000000
132 0.000000
133 0.000000
134 0.000000
135 0.000000
136 0.005241
137 0.002887
138 0.002275
139 0.003221
140 0.012656
141 0.016546
142 0.020906
143 0.017377
144 0.000001
145 0.000000
146 0.000000
147 0.000000
148 0.000000
149 0.000000
150 0.000000
151 0.000000
152 0.000002
153 0.000001
154 0.000001
155 0.000000
156 0.000000
157 0.000000
158 0.000000
159 0.000000
160 0.000000
161 0.000000
162 0.000000
163 0.000014
164 0.002703
165 0.002137
166 0.003022
167 0.004128
168 0.010001
169 0.012657
170 0.015394
171 0.020047
172 0.000036
173 0.000003
174 0.000000
175 0.000000
176 0.000000
177 0.000000
178 0.000000
179 0.000000
180 0.000000
181 0.000000
182 0.000000
183 0.000000
184 0.000000
185 0.000000
186 0.000000
187 0.000000
188 0.000000
189 0.000000
190 0.000000
191 0.002385
192 0.002151
193 0.002772
194 0.004315
195 0.007088
196 0.010001
197 0.010001
198 0.011831
199 0.015394
200 0.003452
201 0.000018
202 0.000002
203 0.000000
204 0.000000
205 0.000000
206 0.000000
207 0.000000
208 0.000000
209 0.000000
210 0.000000
211 0.000000
212 0.000000
213 0.000000
214 0.000000
215 0.000000
216 0.000000
217 0.000000
218 0.000008
219 0.001189
220 0.002979
221 0.004928
222 0.007216
223 0.008297
224 0.008332
225 0.010001
226 0.010001
227 0.011154
228 0.014350
229 0.000018
230 0.000000
231 0.000000
232 0.000000
233 0.000000
234 0.000000
235 0.000000
236 0.000000
237 0.000000
238 0.000000
239 0.000000
240 0.000000
241 0.000000
242 0.000000
243 0.000000
244 0.000000
245 0.000000
246 0.000055
247 0.000332
248 0.000898
249 0.001934
250 0.002752
251 0.003538
252 0.005069
253 0.006654
254 0.009113
255 0.006671
256 0.002109
257 0.000003
258 0.000000
259 0.000000
260 0.000000
261 0.000000
262 0.000000
263 0.000000
264 0.000000
265 0.000000
266 0.000000
267 0.000000
268 0.000000
269 0.000000
270 0.000000
271 0.000000
272 0.000000
273 0.000000
274 0.000018
275 0.000192
276 0.000380
277 0.000602
278 0.000583
279 0.000567
280 0.002675
281 0.001630
282 0.001289
283 0.000680
284 0.000453
285 0.000004
286 0.000000
287 0.000000
288 0.000000
289 0.000000
290 0.000000
291 0.000000
292 0.000000
293 0.000000
294 0.000000
295 0.000001
296 0.000000
297 0.000000
298 0.000000
299 0.000000
300 0.000000
301 0.000027
302 0.000019
303 0.000377
304 0.000375
305 0.000266
306 0.000209
307 0.000162
308 0.000579
309 0.000263
310 0.000167
311 0.000111
312 0.000029
313 0.000001
314 0.000000
315 0.000000
316 0.000000
317 0.000000
318 0.000001
319 0.000001
320 0.000000
321 0.000000
322 0.000000
323 0.000000
324 0.000000
325 0.000000
326 0.000000
327 0.000000
328 0.000094
329 0.000362
330 0.000136
331 0.000110
332 0.000216
333 0.000143
334 0.000116
335 0.000123
336 0.000278
337 0.000110
338 0.000070
339 0.000049
340 0.000004
341 0.000000
342 0.000000
343 0.000000
344 0.000000
345 0.000001
346 0.000053
347 0.000846
348 0.000303
349 0.000009
350 0.000000
351 0.000000
352 0.000000
353 0.000000
354 0.000000
355 0.000002
356 0.999998
357 0.005518
358 0.000224
359 0.000041
360 0.000240
361 0.000100
362 0.000104
363 0.000126
364 0.000419
365 0.000265
366 0.000120
367 0.000051
368 0.000001
369 0.000000
370 0.000000
371 0.000000
372 0.000000
373 0.000005
374 0.001015
375 0.029531
376 0.011669
377 0.000272
378 0.000001
379 0.000000
380 0.000000
381 0.000000
382 0.000000
383 0.000004
384 0.001701
385 0.021323
386 0.000250
387 0.000047
388 0.000169
389 0.000324
390 0.000331
391 0.000405
392 0.000791
393 0.000374
394 0.000196
395 0.000025
396 0.000000
397 0.000000
398 0.000000
399 0.000000
400 0.000000
401 0.000015
402 0.999987
403 0.040448
404 0.018971
405 0.000414
406 0.000002
407 0.000000
408 0.000000
409 0.000000
410 0.000000
411 0.000002
412 0.000038
413 0.000518
414 0.000214
415 0.000046
416 0.000125
417 0.001539
418 0.001753
419 0.001684
420 0.000665
421 0.000618
422 0.000456
423 0.000015
424 0.000000
425 0.000000
426 0.000000
427 0.000000
428 0.000000
429 0.000010
430 0.001326
431 0.008540
432 0.000829
433 0.000034
434 0.000003
435 0.000001
436 0.000000
437 0.000000
438 0.000000
439 0.000000
440 0.000000
441 0.000007
442 0.000152
443 0.000026
444 0.000128
445 0.005590
446 0.008419
447 0.008525
448 0.000554
449 0.000451
450 0.000479
451 0.000006
452 0.000000
453 0.000000
454 0.000001
455 0.000006
456 0.000006
457 0.000013
458 0.000108
459 0.000089
460 0.000007
461 0.000002
462 0.000002
463 0.000016
464 0.000016
465 0.000006
466 0.000004
467 0.000000
468 0.000000
469 0.000001
470 0.000028
471 0.000112
472 0.000205
473 0.002648
474 0.010390
475 0.011053
476 0.000512
477 0.000485
478 0.000290
479 0.000005
480 0.000001
481 0.000002
482 0.000009
483 0.000091
484 0.000466
485 0.000070
486 0.000002
487 0.000000
488 0.000000
489 0.000000
490 0.000001
491 0.000002
492 0.000035
493 0.000189
494 0.000054
495 0.000004
496 0.000000
497 0.000000
498 0.000012
499 0.000223
500 0.000076
501 0.000326
502 0.006090
503 0.008030
504 0.000980
505 0.001402
506 0.000204
507 0.000004
508 0.000001
509 0.000002
510 0.000030
511 0.001483
512 0.999996
513 0.000037
514 0.000000
515 0.000000
516 0.000000
517 0.000000
518 0.000000
519 0.000000
520 0.000005
521 0.001607
522 0.006937
523 0.000382
524 0.000036
525 0.000000
526 0.000002
527 0.000043
528 0.000026
529 0.000072
530 0.002870
531 0.004271
532 0.002858
533 0.005499
534 0.000272
535 0.000007
536 0.000001
537 0.000010
538 0.000368
539 0.003111
540 0.000190
541 0.000003
542 0.000000
543 0.000000
544 0.000000
545 0.000000
546 0.000000
547 0.000000
548 0.000003
549 0.000453
550 0.999996
551 0.020746
552 0.000858
553 0.000062
554 0.000001
555 0.000013
556 0.000049
557 0.000078
558 0.001271
559 0.002419
560 0.008130
561 0.014392
562 0.000372
563 0.000008
564 0.000011
565 0.000251
566 0.002885
567 0.000132
568 0.000006
569 0.000001
570 0.000000
571 0.000000
572 0.000000
573 0.000000
574 0.000000
575 0.000001
576 0.000004
577 0.000017
578 0.000145
579 0.002974
580 0.028854
581 0.001487
582 0.000158
583 0.000005
584 0.000126
585 0.001193
586 0.001235
587 0.001427
588 0.017261
589 0.013770
590 0.001307
591 0.000037
592 0.000171
593 0.001645
594 0.000209
595 0.000013
596 0.000002
597 0.000002
598 0.000001
599 0.000000
600 0.000000
601 0.000001
602 0.000005
603 0.000014
604 0.000013
605 0.000005
606 0.000010
607 0.000068
608 0.000939
609 0.039496
610 0.002013
611 0.000148
612 0.001369
613 0.001208
614 0.001381
615 0.001427
616 0.011786
617 0.010006
618 0.010003
619 0.002878
620 0.001462
621 0.000334
622 0.000010
623 0.000005
624 0.000011
625 0.000013
626 0.000005
627 0.000002
628 0.000001
629 0.000003
630 0.000043
631 0.000293
632 0.000165
633 0.000022
634 0.000014
635 0.000011
636 0.000069
637 0.000774
638 0.004560
639 0.003635
640 0.002260
641 0.001635
642 0.000000
643 0.000000
644 0.010005
645 0.010003
646 0.010001
647 0.010001
648 0.007081
649 0.000359
650 0.000056
651 0.000018
652 0.000029
653 0.000032
654 0.000026
655 0.000015
656 0.000011
657 0.000093
658 0.001133
659 0.002289
660 0.000994
661 0.000515
662 0.000138
663 0.000048
664 0.000033
665 0.000990
666 0.010003
667 0.006986
668 0.004262
669 0.000000
670 0.000000
671 0.000000
672 0.000000
673 0.010001
674 0.010001
675 0.009510
676 0.005888
677 0.002880
678 0.000726
679 0.000058
680 0.000070
681 0.000196
682 0.000607
683 0.000176
684 0.000050
685 0.000139
686 0.001371
687 0.007246
688 0.010005
689 0.010004
690 0.001946
691 0.000951
692 0.001699
693 0.005811
694 0.009227
695 0.010003
696 0.000000
697 0.000000
698 0.000000
699 0.000000
700 0.000000
701 0.000000
702 0.010001
703 0.006522
704 0.003274
705 0.001641
706 0.001111
707 0.001062
708 0.000976
709 0.000808
710 0.000666
711 0.000364
712 0.000194
713 0.000236
714 0.001655
715 0.004654
716 0.010004
717 0.010005
718 0.010002
719 0.005417
720 0.005148
721 0.005201
722 0.006590
723 0.000000
724 0.000000
725 0.000000
726 0.000000
727 0.000000
728 0.000000
729 0.000000
730 0.000000
731 0.000000
732 0.001900
733 0.001383
734 0.001156
735 0.001108
736 0.001062
737 0.000883
738 0.000808
739 0.000773
740 0.000624
741 0.000650
742 0.001139
743 0.002675
744 0.007386
745 0.010004
746 0.010004
747 0.008791
748 0.005222
749 0.005207
750 0.000002
751 0.000001
752 0.000002
753 0.000001
754 0.000000
755 0.000000
756 0.000000
757 0.000000
758 0.000000
759 0.000000
760 0.000000
761 0.001435
762 0.001379
763 0.001156
764 0.001108
765 0.001062
766 0.001018
767 0.001520
768 0.001661
769 0.001705
770 0.000807
771 0.001830
772 0.004818
773 0.010003
774 0.010004
775 0.010003
776 0.007807
777 0.000036
778 0.000886
779 0.000738
780 0.000285
781 0.000002
782 0.000002
783 0.000000
