0 0.005988
1 0.007079
2 0.009335
3 0.012548
4 0.015177
5 0.011373
6 0.007511
7 0.004247
8 0.001392
9 0.000591
10 0.001083
11 0.002503
12 0.008387
13 0.008276
14 0.003478
15 0.000340
16 0.000190
17 0.000124
18 0.000378
19 0.001167
20 0.002966
21 0.004510
22 0.007646
23 0.008466
24 0.006971
25 0.004843
26 0.003840
27 0.003063
28 0.004692
29 0.005881
30 0.006848
31 0.009335
32 0.012893
33 0.014933
34 0.010312
35 0.005175
36 0.000900
37 0.000352
38 0.000786
39 0.002998
40 0.004778
41 0.012690
42 0.003784
43 0.000427
44 0.000116
45 0.000122
46 0.000185
47 0.000918
48 0.003911
49 0.006770
50 0.000026
51 0.000000
52 0.004726
53 0.003677
54 0.002605
55 0.002947
56 0.004050
57 0.004502
58 0.005267
59 0.006848
60 0.009335
61 0.013497
62 0.014457
63 0.004974
64 0.000943
65 0.000332
66 0.000898
67 0.002421
68 0.004783
69 0.007950
70 0.003753
71 0.000900
72 0.000101
73 0.000092
74 0.000120
75 0.000707
76 0.000079
77 0.000022
78 0.000000
79 0.000000
80 0.000000
81 0.002457
82 0.002771
83 0.002586
84 0.003720
85 0.003489
86 0.003933
87 0.004928
88 0.007025
89 0.009915
90 0.013497
91 0.003719
92 0.000946
93 0.000661
94 0.001364
95 0.002318
96 0.003188
97 0.003027
98 0.004401
99 0.001102
100 0.000244
101 0.000044
102 0.000002
103 0.000001
104 0.000011
105 0.000001
106 0.000000
107 0.000000
108 0.000003
109 0.002342
110 0.002420
111 0.002771
112 0.003985
113 0.003179
114 0.002874
115 0.003666
116 0.000000
117 0.000000
118 0.000003
119 0.000028
120 0.000015
121 0.000959
122 0.002684
123 0.003237
124 0.001745
125 0.001589
126 0.001855
127 0.000288
128 0.000012
129 0.000000
130 0.000000
131 0.000001
132 0.000001
133 0.000002
134 0.000000
135 0.000000
136 0.000153
137 0.002033
138 0.002342
139 0.002689
140 0.005647
141 0.003758
142 0.002591
143 0.002496
144 0.000000
145 0.000000
146 0.000000
147 0.000000
148 0.000001
149 0.000044
150 0.000094
151 0.000058
152 0.000044
153 0.000010
154 0.000017
155 0.000009
156 0.000002
157 0.000001
158 0.000002
159 0.000005
160 0.000001
161 0.000002
162 0.000000
163 0.000006
164 0.002054
165 0.001963
166 0.002270
167 0.002750
168 0.008255
169 0.005353
170 0.003825
171 0.002341
172 0.000328
173 0.000000
174 0.000000
175 0.000000
176 0.000000
177 0.000003
178 0.000010
179 0.000006
180 0.000001
181 0.000000
182 0.000000
183 0.000000
184 0.000003
185 0.000028
186 0.000034
187 0.000000
188 0.000000
189 0.000000
190 0.000002
191 0.000008
192 0.001768
193 0.001837
194 0.002683
195 0.004187
196 0.010000
197 0.009047
198 0.005767
199 0.003535
200 0.001983
201 0.000006
202 0.000000
203 0.000000
204 0.000000
205 0.000000
206 0.000000
207 0.000000
208 0.000000
209 0.000000
210 0.000001
211 0.000005
212 0.000376
213 0.000394
214 0.000001
215 0.000000
216 0.000000
217 0.000000
218 0.000002
219 0.000104
220 0.001947
221 0.002899
222 0.004168
223 0.006810
224 0.011564
225 0.010000
226 0.010000
227 0.006215
228 0.003693
229 0.000362
230 0.000000
231 0.000000
232 0.000000
233 0.000000
234 0.000000
235 0.000000
236 0.000000
237 0.000001
238 0.000026
239 0.000377
240 0.999999
241 0.000071
242 0.000000
243 0.000000
244 0.000000
245 0.000000
246 0.000000
247 0.000286
248 0.000519
249 0.001125
250 0.002794
251 0.005064
252 0.008754
253 0.010540
254 0.011147
255 0.007675
256 0.002332
257 0.000106
258 0.000001
259 0.000000
260 0.000000
261 0.000000
262 0.000000
263 0.000000
264 0.000001
265 0.000004
266 0.000016
267 0.000183
268 0.000007
269 0.000003
270 0.000000
271 0.000001
272 0.000000
273 0.000000
274 0.000001
275 0.000589
276 0.000832
277 0.001639
278 0.002030
279 0.002009
280 0.004259
281 0.003457
282 0.003441
283 0.002369
284 0.001695
285 0.000047
286 0.000004
287 0.000001
288 0.000000
289 0.000000
290 0.000000
291 0.000001
292 0.000009
293 0.000014
294 0.000048
295 0.000002
296 0.000000
297 0.000000
298 0.000001
299 0.000002
300 0.000000
301 0.000000
302 0.000015
303 0.006316
304 0.006776
305 0.005631
306 0.003417
307 0.002144
308 0.001404
309 0.000778
310 0.000838
311 0.000899
312 0.000373
313 0.000040
314 0.000059
315 0.000111
316 0.000002
317 0.000000
318 0.000000
319 0.000000
320 0.000015
321 0.000186
322 0.000022
323 0.000001
324 0.000000
325 0.000000
326 0.000001
327 0.000001
328 0.000000
329 0.000000
330 0.000042
331 0.002321
332 0.011291
333 0.008897
334 0.006924
335 0.004300
336 0.001734
337 0.000938
338 0.000629
339 0.000721
340 0.000117
341 0.000030
342 0.000257
343 0.999999
344 0.000078
345 0.000000
346 0.000000
347 0.000000
348 0.000002
349 0.000020
350 0.000010
351 0.000001
352 0.000000
353 0.000000
354 0.000002
355 0.000001
356 0.000000
357 0.000000
358 0.000004
359 0.000104
360 0.003605
361 0.004836
362 0.004870
363 0.005876
364 0.004209
365 0.003526
366 0.002793
367 0.001672
368 0.000035
369 0.000016
370 0.000503
371 0.004971
372 0.000241
373 0.000003
374 0.000000
375 0.000000
376 0.000000
377 0.000000
378 0.000000
379 0.000004
380 0.000020
381 0.000025
382 0.000021
383 0.000000
384 0.000000
385 0.000001
386 0.000000
387 0.000006
388 0.000373
389 0.001917
390 0.003625
391 0.006265
392 0.006573
393 0.006876
394 0.008433
395 0.001984
396 0.000031
397 0.000021
398 0.000584
399 0.000270
400 0.000063
401 0.000022
402 0.000007
403 0.000000
404 0.000000
405 0.000000
406 0.000000
407 0.000002
408 0.000368
409 0.002555
410 0.000167
411 0.000001
412 0.000000
413 0.000003
414 0.000000
415 0.000001
416 0.000039
417 0.001062
418 0.001617
419 0.002156
420 0.006986
421 0.010481
422 0.012969
423 0.000848
424 0.000066
425 0.000090
426 0.000352
427 0.000037
428 0.000007
429 0.000013
430 0.000012
431 0.000001
432 0.000000
433 0.000000
434 0.000000
435 0.000001
436 0.000123
437 0.999999
438 0.001039
439 0.000008
440 0.000002
441 0.000005
442 0.000001
443 0.000000
444 0.000006
445 0.000591
446 0.000365
447 0.000365
448 0.006926
449 0.007964
450 0.011679
451 0.000208
452 0.000046
453 0.000780
454 0.000181
455 0.000017
456 0.000008
457 0.000009
458 0.000002
459 0.000000
460 0.000000
461 0.000000
462 0.000000
463 0.000001
464 0.000016
465 0.000175
466 0.000317
467 0.000035
468 0.000028
469 0.000015
470 0.000001
471 0.000000
472 0.000001
473 0.000064
474 0.000147
475 0.000200
476 0.006604
477 0.006315
478 0.002968
479 0.000073
480 0.000067
481 0.000306
482 0.000054
483 0.000014
484 0.000018
485 0.000005
486 0.000001
487 0.000000
488 0.000000
489 0.000001
490 0.000003
491 0.000002
492 0.000002
493 0.000003
494 0.000003
495 0.000137
496 0.000365
497 0.000042
498 0.000001
499 0.000000
500 0.000000
501 0.000010
502 0.000239
503 0.000400
504 0.010000
505 0.007418
506 0.000713
507 0.000043
508 0.000135
509 0.000051
510 0.000009
511 0.000010
512 0.000007
513 0.000004
514 0.000002
515 0.000007
516 0.000037
517 0.000033
518 0.000007
519 0.000004
520 0.000003
521 0.000000
522 0.000000
523 0.000002
524 0.000218
525 0.000046
526 0.000004
527 0.000000
528 0.000000
529 0.000014
530 0.000713
531 0.001221
532 0.010000
533 0.010000
534 0.000429
535 0.000078
536 0.000099
537 0.000017
538 0.000004
539 0.000003
540 0.000001
541 0.000008
542 0.000447
543 0.008863
544 0.011367
545 0.001113
546 0.000147
547 0.000009
548 0.000001
549 0.000000
550 0.000000
551 0.000000
552 0.000003
553 0.000086
554 0.000032
555 0.000003
556 0.000005
557 0.000114
558 0.001868
559 0.001357
560 0.010000
561 0.010000
562 0.000441
563 0.000231
564 0.000080
565 0.000008
566 0.000004
567 0.000002
568 0.000023
569 0.002269
570 0.040692
571 0.048162
572 0.022144
573 0.999989
574 0.000254
575 0.000004
576 0.000000
577 0.000000
578 0.000000
579 0.000000
580 0.000001
581 0.000025
582 0.000150
583 0.000098
584 0.000175
585 0.005649
586 0.003497
587 0.002503
588 0.010000
589 0.010000
590 0.001589
591 0.000330
592 0.000066
593 0.000006
594 0.000011
595 0.000422
596 0.007642
597 0.056955
598 0.016407
599 0.002164
600 0.000334
601 0.000124
602 0.000061
603 0.000016
604 0.000000
605 0.000000
606 0.000000
607 0.000001
608 0.000001
609 0.000003
610 0.000086
611 0.000316
612 0.010001
613 0.009170
614 0.006471
615 0.004533
616 0.010000
617 0.010000
618 0.010000
619 0.002254
620 0.000086
621 0.000123
622 0.004483
623 0.017406
624 0.040261
625 0.003608
626 0.000209
627 0.000273
628 0.000127
629 0.000142
630 0.000173
631 0.000098
632 0.000009
633 0.000001
634 0.000002
635 0.000004
636 0.000002
637 0.000005
638 0.000127
639 0.005039
640 0.008414
641 0.010001
642 0.000000
643 0.000000
644 0.010000
645 0.010000
646 0.010000
647 0.006855
648 0.005701
649 0.029567
650 0.041819
651 0.003363
652 0.000123
653 0.000260
654 0.000499
655 0.000589
656 0.002381
657 0.010001
658 0.011178
659 0.000784
660 0.000051
661 0.000019
662 0.000015
663 0.000019
664 0.000024
665 0.000086
666 0.001647
667 0.003109
668 0.005177
669 0.000000
670 0.000000
671 0.000000
672 0.000000
673 0.010000
674 0.007596
675 0.004889
676 0.003483
677 0.002786
678 0.000296
679 0.000332
680 0.000640
681 0.001896
682 0.011515
683 0.010001
684 0.010001
685 0.010001
686 0.007787
687 0.002843
688 0.000506
689 0.000710
690 0.000445
691 0.000196
692 0.000280
693 0.001137
694 0.001233
695 0.001974
696 0.000000
697 0.000000
698 0.000000
699 0.000000
700 0.000000
701 0.000000
702 0.005470
703 0.003907
704 0.003155
705 0.003283
706 0.003246
707 0.004625
708 0.007374
709 0.010198
710 0.010002
711 0.010001
712 0.010001
713 0.010001
714 0.005640
715 0.002097
716 0.001343
717 0.001706
718 0.002588
719 0.001405
720 0.001008
721 0.001178
722 0.001373
723 0.000000
724 0.000000
725 0.000000
726 0.000000
727 0.000000
728 0.000000
729 0.000000
730 0.000000
731 0.000000
732 0.003401
733 0.003513
734 0.003546
735 0.005669
736 0.008827
737 0.011072
738 0.010001
739 0.010000
740 0.010001
741 0.010420
742 0.004048
743 0.001400
744 0.002014
745 0.004537
746 0.004453
747 0.002383
748 0.001327
749 0.001373
750 0.000000
751 0.000000
752 0.000000
753 0.000000
754 0.000000
755 0.000000
756 0.000000
757 0.000000
758 0.000002
759 0.000005
760 0.000000
761 0.003777
762 0.005189
763 0.007600
764 0.010290
765 0.010001
766 0.010000
767 0.010000
768 0.010001
769 0.007553
770 0.003034
771 0.001440
772 0.003000
773 0.007751
774 0.006644
775 0.003549
776 0.002214
777 0.000033
778 0.000262
779 0.000237
780 0.000076
781 0.000002
782 0.000000
783 0.000000
