0 0.003949
1 0.004903
2 0.005939
3 0.007944
4 0.009116
5 0.010000
6 0.012015
7 0.009055
8 0.001324
9 0.000107
10 0.000055
11 0.000045
12 0.000048
13 0.000047
14 0.000053
15 0.000112
16 0.000266
17 0.000402
18 0.001079
19 0.001740
20 0.001626
21 0.001143
22 0.001401
23 0.001465
24 0.001320
25 0.001385
26 0.001676
27 0.001753
28 0.003074
29 0.003695
30 0.004216
31 0.005822
32 0.007944
33 0.009547
34 0.010000
35 0.007890
36 0.000890
37 0.000114
38 0.000053
39 0.000041
40 0.000034
41 0.000041
42 0.000072
43 0.000172
44 0.000347
45 0.000369
46 0.000238
47 0.000478
48 0.000890
49 0.001090
50 0.000013
51 0.000000
52 0.001258
53 0.001532
54 0.001385
55 0.001676
56 0.002928
57 0.002836
58 0.003082
59 0.004034
60 0.005652
61 0.007944
62 0.009547
63 0.003071
64 0.000592
65 0.000145
66 0.000111
67 0.000050
68 0.000032
69 0.000033
70 0.000093
71 0.000258
72 0.000381
73 0.000162
74 0.000064
75 0.000124
76 0.000017
77 0.000001
78 0.000000
79 0.000000
80 0.000000
81 0.001258
82 0.001532
83 0.001385
84 0.002812
85 0.002411
86 0.002330
87 0.002650
88 0.003617
89 0.005541
90 0.007944
91 0.001351
92 0.000251
93 0.000169
94 0.000129
95 0.000092
96 0.000054
97 0.000073
98 0.000155
99 0.000397
100 0.000243
101 0.000030
102 0.000000
103 0.000001
104 0.000000
105 0.000000
106 0.000000
107 0.000000
108 0.000000
109 0.001199
110 0.001258
111 0.001532
112 0.002411
113 0.002309
114 0.001874
115 0.002047
116 0.000000
117 0.000001
118 0.000001
119 0.000000
120 0.000001
121 0.000077
122 0.000157
123 0.000142
124 0.000154
125 0.000296
126 0.000382
127 0.000024
128 0.000002
129 0.000000
130 0.000000
131 0.000000
132 0.000000
133 0.000000
134 0.000000
135 0.000000
136 0.000472
137 0.000977
138 0.001199
139 0.001504
140 0.002309
141 0.001963
142 0.001789
143 0.001708
144 0.000000
145 0.000000
146 0.000001
147 0.000000
148 0.000000
149 0.000000
150 0.000000
151 0.000001
152 0.000016
153 0.000011
154 0.000040
155 0.000001
156 0.000000
157 0.000000
158 0.000000
159 0.000000
160 0.000000
161 0.000000
162 0.000000
163 0.000000
164 0.000991
165 0.000928
166 0.001221
167 0.001390
168 0.001963
169 0.001789
170 0.001708
171 0.001558
172 0.000001
173 0.000000
174 0.000000
175 0.000016
176 0.000017
177 0.000000
178 0.000000
179 0.000000
180 0.000000
181 0.000000
182 0.000000
183 0.000000
184 0.000000
185 0.000000
186 0.000000
187 0.000000
188 0.000000
189 0.000000
190 0.000000
191 0.000053
192 0.000797
193 0.000955
194 0.001168
195 0.001741
196 0.001789
197 0.001708
198 0.001432
199 0.001298
200 0.000227
201 0.000000
202 0.000000
203 0.000000
204 0.000004
205 0.000095
206 0.000008
207 0.000002
208 0.000001
209 0.000001
210 0.000000
211 0.000000
212 0.000000
213 0.000000
214 0.000000
215 0.000000
216 0.000000
217 0.000000
218 0.000000
219 0.000183
220 0.000976
221 0.001226
222 0.001528
223 0.001987
224 0.001708
225 0.001432
226 0.001298
227 0.001237
228 0.000972
229 0.000001
230 0.000000
231 0.000000
232 0.000000
233 0.000000
234 0.000431
235 0.005164
236 1.000000
237 0.000044
238 0.000000
239 0.000000
240 0.000000
241 0.000000
242 0.000000
243 0.000000
244 0.000000
245 0.000000
246 0.000000
247 0.000084
248 0.000181
249 0.000309
250 0.000566
251 0.000787
252 0.001631
253 0.001298
254 0.001237
255 0.000760
256 0.000192
257 0.000001
258 0.000000
259 0.000000
260 0.000000
261 0.000000
262 0.000058
263 0.357792
264 0.004305
265 0.000014
266 0.000000
267 0.000000
268 0.000000
269 0.000000
270 0.000000
271 0.000000
272 0.000000
273 0.000000
274 0.000000
275 0.000026
276 0.000053
277 0.000091
278 0.000153
279 0.000291
280 0.001298
281 0.000511
282 0.000287
283 0.000168
284 0.000151
285 0.000001
286 0.000000
287 0.000000
288 0.000000
289 0.000000
290 0.000000
291 0.000017
292 0.000022
293 0.000002
294 0.000000
295 0.000000
296 0.000000
297 0.000000
298 0.000000
299 0.000000
300 0.000000
301 0.000000
302 0.000000
303 0.000049
304 0.000058
305 0.000100
306 0.000144
307 0.000234
308 0.000337
309 0.000266
310 0.000192
311 0.000149
312 0.000037
313 0.000001
314 0.000000
315 0.000000
316 0.000000
317 0.000000
318 0.000000
319 0.000000
320 0.000000
321 0.000000
322 0.000000
323 0.000001
324 0.000001
325 0.000000
326 0.000000
327 0.000000
328 0.000000
329 0.000000
330 0.000001
331 0.000034
332 0.000230
333 0.000211
334 0.000253
335 0.000444
336 0.000407
337 0.000307
338 0.000430
339 0.000630
340 0.000015
341 0.000000
342 0.000000
343 0.000000
344 0.000000
345 0.000000
346 0.000000
347 0.000000
348 0.000000
349 0.000000
350 0.000000
351 0.000002
352 0.000001
353 0.000001
354 0.000000
355 0.000000
356 0.000000
357 0.000000
358 0.000002
359 0.000026
360 0.001326
361 0.001148
362 0.000964
363 0.000671
364 0.000883
365 0.001512
366 0.001197
367 0.000700
368 0.000002
369 0.000000
370 0.000000
371 0.000000
372 0.000000
373 0.000000
374 0.000000
375 0.000000
376 0.000000
377 0.000000
378 0.000000
379 0.000000
380 0.000003
381 0.000001
382 0.000001
383 0.000004
384 0.000002
385 0.000001
386 0.000001
387 0.000018
388 0.002164
389 0.004591
390 0.001696
391 0.000715
392 0.002157
393 0.001437
394 0.000954
395 0.000100
396 0.000000
397 0.000000
398 0.000000
399 0.000000
400 0.000000
401 0.000000
402 0.000000
403 0.000000
404 0.000000
405 0.000000
406 0.000000
407 0.000000
408 0.000000
409 0.000002
410 0.000021
411 0.000252
412 0.000447
413 0.000006
414 0.000001
415 0.000003
416 0.000127
417 0.002150
418 0.001325
419 0.000699
420 0.004153
421 0.002161
422 0.001703
423 0.000009
424 0.000000
425 0.000000
426 0.000000
427 0.000000
428 0.000000
429 0.000000
430 0.000000
431 0.000000
432 0.000000
433 0.000000
434 0.000000
435 0.000000
436 0.000000
437 0.000000
438 0.000051
439 0.010139
440 0.005419
441 0.000216
442 0.000001
443 0.000000
444 0.000004
445 0.000578
446 0.000364
447 0.000407
448 0.006588
449 0.005056
450 0.001372
451 0.000001
452 0.000000
453 0.000000
454 0.000000
455 0.000000
456 0.000000
457 0.000000
458 0.000000
459 0.000000
460 0.000000
461 0.000000
462 0.000000
463 0.000000
464 0.000000
465 0.000000
466 0.000009
467 1.000000
468 0.006578
469 0.000131
470 0.000002
471 0.000000
472 0.000000
473 0.000070
474 0.000286
475 0.000472
476 0.005076
477 0.002458
478 0.000295
479 0.000000
480 0.000000
481 0.000000
482 0.000000
483 0.000000
484 0.000000
485 0.000000
486 0.000000
487 0.000000
488 0.000000
489 0.000000
490 0.000000
491 0.000000
492 0.000000
493 0.000000
494 0.000000
495 0.000020
496 0.000133
497 0.000092
498 0.000003
499 0.000000
500 0.000000
501 0.000035
502 0.000926
503 0.001860
504 0.003061
505 0.001339
506 0.000028
507 0.000000
508 0.000000
509 0.000000
510 0.000000
511 0.000000
512 0.000000
513 0.000000
514 0.000000
515 0.000000
516 0.000000
517 0.000000
518 0.000000
519 0.000000
520 0.000000
521 0.000000
522 0.000000
523 0.000000
524 0.000000
525 0.000027
526 0.000029
527 0.000004
528 0.000000
529 0.000057
530 0.008810
531 0.016512
532 0.001413
533 0.000987
534 0.000008
535 0.000000
536 0.000000
537 0.000000
538 0.000000
539 0.000000
540 0.000000
541 0.000000
542 0.000002
543 0.000002
544 0.000000
545 0.000000
546 0.000000
547 0.000000
548 0.000000
549 0.000000
550 0.000000
551 0.000000
552 0.000000
553 0.000003
554 0.000161
555 0.000026
556 0.000011
557 0.000413
558 0.021092
559 0.021195
560 0.001274
561 0.001224
562 0.000009
563 0.000000
564 0.000000
565 0.000000
566 0.000000
567 0.000000
568 0.000001
569 0.000072
570 0.999777
571 0.000124
572 0.000000
573 0.000000
574 0.000000
575 0.000000
576 0.000000
577 0.000000
578 0.000000
579 0.000000
580 0.000000
581 0.000001
582 0.000068
583 0.000095
584 0.000130
585 0.012825
586 0.021195
587 0.021295
588 0.001506
589 0.001274
590 0.000083
591 0.000001
592 0.000000
593 0.000000
594 0.000000
595 0.000004
596 0.000204
597 0.005319
598 0.000148
599 0.000003
600 0.000000
601 0.000000
602 0.000000
603 0.000000
604 0.000000
605 0.000000
606 0.000000
607 0.000000
608 0.000000
609 0.000000
610 0.000008
611 0.000257
612 0.007353
613 0.010000
614 0.010000
615 0.021295
616 0.001624
617 0.001506
618 0.001274
619 0.000139
620 0.000002
621 0.000001
622 0.000015
623 0.000659
624 0.000418
625 0.000023
626 0.000001
627 0.000000
628 0.000000
629 0.000000
630 0.000000
631 0.000000
632 0.000000
633 0.000000
634 0.000000
635 0.000000
636 0.000000
637 0.000001
638 0.000030
639 0.002408
640 0.004236
641 0.007466
642 0.000000
643 0.000000
644 0.001686
645 0.001624
646 0.001564
647 0.001326
648 0.000704
649 0.000178
650 0.000184
651 0.000048
652 0.000013
653 0.000002
654 0.000002
655 0.000007
656 0.000039
657 0.000092
658 0.000039
659 0.000027
660 0.000049
661 0.000029
662 0.000004
663 0.000001
664 0.000002
665 0.000033
666 0.000966
667 0.001469
668 0.002536
669 0.000000
670 0.000000
671 0.000000
672 0.000000
673 0.001686
674 0.001624
675 0.001379
676 0.001958
677 0.003270
678 0.000190
679 0.000084
680 0.000103
681 0.000220
682 0.000841
683 0.000696
684 0.000472
685 0.000216
686 0.000121
687 0.000198
688 0.000491
689 0.000672
690 0.000202
691 0.000095
692 0.000161
693 0.000930
694 0.001004
695 0.001180
696 0.000000
697 0.000000
698 0.000000
699 0.000000
700 0.000000
701 0.000000
702 0.001686
703 0.001824
704 0.003377
705 0.006560
706 0.010060
707 0.007528
708 0.003526
709 0.001449
710 0.000790
711 0.000725
712 0.000697
713 0.000393
714 0.000457
715 0.000556
716 0.000598
717 0.000611
718 0.000756
719 0.000786
720 0.000818
721 0.000966
722 0.001138
723 0.000000
724 0.000000
725 0.000000
726 0.000000
727 0.000000
728 0.000000
729 0.000000
730 0.000000
731 0.000000
732 0.005775
733 0.010055
734 0.010050
735 0.004943
736 0.002108
737 0.001029
738 0.000947
739 0.000908
740 0.000877
741 0.000938
742 0.001136
743 0.001279
744 0.000720
745 0.000727
746 0.000786
747 0.000930
748 0.000966
749 0.001138
750 0.000000
751 0.000000
752 0.000000
753 0.000000
754 0.000000
755 0.000000
756 0.000000
757 0.000000
758 0.000000
759 0.000000
760 0.000000
761 0.010056
762 0.006672
763 0.002916
764 0.001461
765 0.001224
766 0.001177
767 0.001130
768 0.000916
769 0.002128
770 0.003135
771 0.001827
772 0.000775
773 0.000863
774 0.000786
775 0.000851
776 0.001004
777 0.000000
778 0.000333
779 0.000279
780 0.000013
781 0.000000
782 0.000000
783 0.000000
