0 0.002975
1 0.002856
2 0.002687
3 0.003912
4 0.005101
5 0.007663
6 0.009328
7 0.013698
8 0.011335
9 0.004953
10 0.001589
11 0.001571
12 0.000668
13 0.000206
14 0.000074
15 0.000065
16 0.000053
17 0.000041
18 0.000175
19 0.000793
20 0.001823
21 0.001890
22 0.002205
23 0.002280
24 0.002212
25 0.004294
26 0.006211
27 0.009432
28 0.002575
29 0.002726
30 0.002326
31 0.002465
32 0.003627
33 0.005467
34 0.007673
35 0.009404
36 0.009846
37 0.007069
38 0.003148
39 0.002713
40 0.000556
41 0.000091
42 0.000061
43 0.000049
44 0.000038
45 0.000040
46 0.000068
47 0.000424
48 0.001554
49 0.001823
50 0.000029
51 0.000000
52 0.004223
53 0.006510
54 0.010737
55 0.011323
56 0.003247
57 0.002372
58 0.002212
59 0.002118
60 0.002167
61 0.003272
62 0.005296
63 0.006561
64 0.006832
65 0.008024
66 0.012959
67 0.004098
68 0.000472
69 0.000042
70 0.000040
71 0.000033
72 0.000032
73 0.000028
74 0.000032
75 0.000165
76 0.000155
77 0.000000
78 0.000000
79 0.000000
80 0.000000
81 0.010989
82 0.011324
83 0.011081
84 0.005819
85 0.003732
86 0.002167
87 0.001684
88 0.001609
89 0.001989
90 0.003196
91 0.004045
92 0.005051
93 0.006682
94 0.020832
95 0.006473
96 0.000383
97 0.000061
98 0.000032
99 0.000026
100 0.000026
101 0.000012
102 0.000002
103 0.000000
104 0.000000
105 0.000000
106 0.000000
107 0.000000
108 0.000014
109 0.011064
110 0.011082
111 0.010065
112 0.009698
113 0.006498
114 0.004365
115 0.002133
116 0.000000
117 0.000000
118 0.000000
119 0.000000
120 0.000019
121 0.005780
122 0.016989
123 0.005917
124 0.000464
125 0.000087
126 0.000030
127 0.000006
128 0.000003
129 0.000000
130 0.000000
131 0.000000
132 0.000000
133 0.000000
134 0.000000
135 0.000015
136 0.005196
137 0.010820
138 0.011829
139 0.007162
140 0.010001
141 0.010616
142 0.007738
143 0.005400
144 0.000000
145 0.000000
146 0.000000
147 0.000000
148 0.000000
149 0.000000
150 0.000001
151 0.000002
152 0.000006
153 0.000005
154 0.000005
155 0.000001
156 0.000000
157 0.000000
158 0.000000
159 0.000000
160 0.000000
161 0.000000
162 0.000020
163 0.000064
164 0.011074
165 0.010883
166 0.006235
167 0.004625
168 0.008711
169 0.010001
170 0.012197
171 0.010578
172 0.001071
173 0.000000
174 0.000000
175 0.000000
176 0.000000
177 0.000000
178 0.000000
179 0.000000
180 0.000000
181 0.000000
182 0.000000
183 0.000000
184 0.000000
185 0.000000
186 0.000000
187 0.000000
188 0.000000
189 0.000006
190 0.000015
191 0.002041
192 0.009020
193 0.005364
194 0.003466
195 0.003233
196 0.004856
197 0.007408
198 0.010001
199 0.012334
200 0.011693
201 0.000009
202 0.000000
203 0.000000
204 0.000002
205 0.000001
206 0.000000
207 0.000000
208 0.000000
209 0.000000
210 0.000000
211 0.000000
212 0.000000
213 0.000000
214 0.000000
215 0.000000
216 0.000000
217 0.000000
218 0.000049
219 0.002226
220 0.004709
221 0.003058
222 0.002920
223 0.002885
224 0.002318
225 0.003461
226 0.005247
227 0.010001
228 0.011480
229 0.013668
230 0.000002
231 0.000000
232 0.000000
233 0.000000
234 0.000000
235 0.000000
236 0.000000
237 0.000000
238 0.000000
239 0.000000
240 0.000000
241 0.000000
242 0.000000
243 0.000000
244 0.000000
245 0.000000
246 0.000018
247 0.000217
248 0.000278
249 0.000299
250 0.000734
251 0.001542
252 0.001447
253 0.001521
254 0.002318
255 0.003503
256 0.005688
257 0.009099
258 0.000479
259 0.000006
260 0.000000
261 0.000000
262 0.000000
263 0.000000
264 0.000000
265 0.000000
266 0.000000
267 0.000000
268 0.000000
269 0.000000
270 0.000000
271 0.000000
272 0.000000
273 0.000000
274 0.000001
275 0.000028
276 0.000033
277 0.000096
278 0.000214
279 0.000491
280 0.001128
281 0.000792
282 0.000820
283 0.001201
284 0.002302
285 0.002988
286 0.999991
287 0.000103
288 0.000000
289 0.000000
290 0.000000
291 0.000000
292 0.000000
293 0.000000
294 0.000000
295 0.000002
296 0.000006
297 0.000007
298 0.000000
299 0.000000
300 0.000000
301 0.000000
302 0.000000
303 0.000030
304 0.000057
305 0.000131
306 0.000235
307 0.000375
308 0.001100
309 0.000887
310 0.000632
311 0.000501
312 0.000686
313 0.000389
314 0.003259
315 0.000099
316 0.000000
317 0.000000
318 0.000000
319 0.000000
320 0.000000
321 0.000000
322 0.000002
323 0.000555
324 0.021145
325 0.000292
326 0.000000
327 0.000000
328 0.000000
329 0.000000
330 0.000000
331 0.000009
332 0.000152
333 0.000287
334 0.000365
335 0.000425
336 0.000880
337 0.000850
338 0.000811
339 0.000354
340 0.000070
341 0.000015
342 0.000062
343 0.000006
344 0.000000
345 0.000000
346 0.000000
347 0.000000
348 0.000000
349 0.000000
350 0.000005
351 0.003256
352 0.999991
353 0.000606
354 0.000003
355 0.000000
356 0.000000
357 0.000000
358 0.000000
359 0.000002
360 0.000288
361 0.000323
362 0.000260
363 0.000167
364 0.000840
365 0.000742
366 0.000300
367 0.000113
368 0.000009
369 0.000015
370 0.000003
371 0.000001
372 0.000000
373 0.000000
374 0.000000
375 0.000000
376 0.000000
377 0.000000
378 0.000010
379 0.000737
380 0.000659
381 0.000023
382 0.000019
383 0.000011
384 0.000001
385 0.000001
386 0.000000
387 0.000003
388 0.000076
389 0.000154
390 0.000090
391 0.000085
392 0.000348
393 0.000168
394 0.000075
395 0.000017
396 0.000001
397 0.000004
398 0.000001
399 0.000000
400 0.000000
401 0.000000
402 0.000000
403 0.000000
404 0.000000
405 0.000001
406 0.000008
407 0.000010
408 0.000007
409 0.000080
410 0.000337
411 0.000731
412 0.000023
413 0.000002
414 0.000000
415 0.000001
416 0.000029
417 0.000297
418 0.000129
419 0.000123
420 0.000134
421 0.000046
422 0.000024
423 0.000005
424 0.000003
425 0.000001
426 0.000000
427 0.000000
428 0.000000
429 0.000000
430 0.000000
431 0.000000
432 0.000000
433 0.000002
434 0.000001
435 0.000001
436 0.000001
437 0.000038
438 0.011470
439 0.999987
440 0.000046
441 0.000001
442 0.000000
443 0.000000
444 0.000007
445 0.003286
446 0.003367
447 0.001623
448 0.000070
449 0.000033
450 0.000022
451 0.000003
452 0.000002
453 0.000000
454 0.000000
455 0.000000
456 0.000000
457 0.000000
458 0.000000
459 0.000000
460 0.000000
461 0.000000
462 0.000001
463 0.000000
464 0.000000
465 0.000014
466 0.001131
467 0.007539
468 0.000731
469 0.000003
470 0.000000
471 0.000000
472 0.000007
473 0.005828
474 0.015574
475 0.009912
476 0.000254
477 0.000121
478 0.000032
479 0.000001
480 0.000000
481 0.000000
482 0.000000
483 0.000000
484 0.000000
485 0.000000
486 0.000001
487 0.000000
488 0.000000
489 0.000000
490 0.000000
491 0.000000
492 0.000000
493 0.000001
494 0.000043
495 0.000224
496 0.007279
497 0.000131
498 0.000002
499 0.000000
500 0.000001
501 0.000416
502 0.030832
503 0.030739
504 0.001388
505 0.000675
506 0.000074
507 0.000009
508 0.000000
509 0.000000
510 0.000000
511 0.000000
512 0.000000
513 0.000001
514 0.000001
515 0.000000
516 0.000000
517 0.000000
518 0.000000
519 0.000000
520 0.000000
521 0.000001
522 0.000002
523 0.000046
524 0.000458
525 0.999965
526 0.000056
527 0.000001
528 0.000000
529 0.000073
530 0.009539
531 0.027079
532 0.001323
533 0.001225
534 0.000103
535 0.000013
536 0.000001
537 0.000000
538 0.000000
539 0.000000
540 0.000000
541 0.000001
542 0.000001
543 0.000001
544 0.000000
545 0.000000
546 0.000000
547 0.000000
548 0.000000
549 0.000000
550 0.000000
551 0.000001
552 0.000019
553 0.000421
554 0.002301
555 0.000025
556 0.000002
557 0.000126
558 0.010001
559 0.010002
560 0.001548
561 0.001493
562 0.000046
563 0.000005
564 0.000001
565 0.000001
566 0.000005
567 0.000006
568 0.000016
569 0.000003
570 0.000001
571 0.000001
572 0.000000
573 0.000000
574 0.000000
575 0.000000
576 0.000000
577 0.000000
578 0.000000
579 0.000000
580 0.000000
581 0.000006
582 0.000841
583 0.001388
584 0.000247
585 0.010001
586 0.010000
587 0.010000
588 0.001805
589 0.001548
590 0.000190
591 0.000006
592 0.000003
593 0.000008
594 0.000029
595 0.000368
596 0.000187
597 0.000151
598 0.000049
599 0.000010
600 0.000001
601 0.000000
602 0.000000
603 0.000000
604 0.000000
605 0.000000
606 0.000000
607 0.000000
608 0.000000
609 0.000000
610 0.000023
611 0.004150
612 0.009526
613 0.010004
614 0.010001
615 0.010000
616 0.001933
617 0.001805
618 0.001582
619 0.000330
620 0.000068
621 0.000032
622 0.000171
623 0.000308
624 0.000701
625 0.000529
626 0.000360
627 0.000316
628 0.000035
629 0.000001
630 0.000000
631 0.000000
632 0.000000
633 0.000000
634 0.000000
635 0.000000
636 0.000000
637 0.000000
638 0.000025
639 0.003249
640 0.006322
641 0.009549
642 0.000000
643 0.000000
644 0.002001
645 0.001944
646 0.002126
647 0.007386
648 0.007994
649 0.000386
650 0.000046
651 0.000104
652 0.000361
653 0.000989
654 0.000766
655 0.000416
656 0.000309
657 0.000818
658 0.000874
659 0.000072
660 0.000003
661 0.000001
662 0.000000
663 0.000000
664 0.000000
665 0.000016
666 0.000812
667 0.001784
668 0.003406
669 0.000000
670 0.000000
671 0.000000
672 0.000000
673 0.002212
674 0.005873
675 0.013916
676 0.025057
677 0.018306
678 0.000465
679 0.000288
680 0.001104
681 0.002214
682 0.004684
683 0.001719
684 0.000736
685 0.002406
686 0.003119
687 0.001606
688 0.000465
689 0.000409
690 0.000068
691 0.000037
692 0.000092
693 0.000603
694 0.000662
695 0.001032
696 0.000000
697 0.000000
698 0.000000
699 0.000000
700 0.000000
701 0.000000
702 0.012887
703 0.020474
704 0.017478
705 0.010004
706 0.010004
707 0.010004
708 0.010004
709 0.007325
710 0.002794
711 0.001194
712 0.001160
713 0.004301
714 0.012007
715 0.002684
716 0.000952
717 0.000367
718 0.000470
719 0.000493
720 0.000517
721 0.000631
722 0.000767
723 0.000000
724 0.000000
725 0.000000
726 0.000000
727 0.000000
728 0.000000
729 0.000000
730 0.000000
731 0.000000
732 0.010003
733 0.010004
734 0.010004
735 0.010004
736 0.009571
737 0.004389
738 0.001942
739 0.001150
740 0.002670
741 0.006337
742 0.014015
743 0.005712
744 0.001962
745 0.000734
746 0.000494
747 0.000603
748 0.000631
749 0.000767
750 0.000000
751 0.000000
752 0.000000
753 0.000000
754 0.000000
755 0.000000
756 0.000000
757 0.000000
758 0.000004
759 0.000005
760 0.000000
761 0.010004
762 0.010003
763 0.010003
764 0.006617
765 0.003066
766 0.001464
767 0.001463
768 0.003971
769 0.010387
770 0.010018
771 0.010014
772 0.003395
773 0.001473
774 0.000580
775 0.000542
776 0.000660
777 0.000000
778 0.000036
779 0.000022
780 0.000000
781 0.000000
782 0.000000
783 0.000000
