0 0.002331
1 0.002675
2 0.002835
3 0.005163
4 0.008367
5 0.013651
6 0.010542
7 0.005258
8 0.000384
9 0.000030
10 0.000014
11 0.000011
12 0.000012
13 0.000012
14 0.000011
15 0.000016
16 0.000022
17 0.000027
18 0.000135
19 0.000771
20 0.001930
21 0.001453
22 0.001165
23 0.000868
24 0.000701
25 0.000745
26 0.000950
27 0.001007
28 0.001939
29 0.002100
30 0.002171
31 0.002729
32 0.005428
33 0.009531
34 0.014060
35 0.005291
36 0.000258
37 0.000019
38 0.000012
39 0.000008
40 0.000008
41 0.000010
42 0.000013
43 0.000020
44 0.000023
45 0.000029
46 0.000051
47 0.000373
48 0.001254
49 0.000969
50 0.000001
51 0.000001
52 0.000659
53 0.000847
54 0.000745
55 0.000950
56 0.002100
57 0.001733
58 0.001638
59 0.002013
60 0.002577
61 0.005788
62 0.010133
63 0.002963
64 0.000190
65 0.000026
66 0.000016
67 0.000008
68 0.000005
69 0.000007
70 0.000013
71 0.000022
72 0.000028
73 0.000023
74 0.000023
75 0.000113
76 0.000001
77 0.000001
78 0.000001
79 0.000001
80 0.000001
81 0.000659
82 0.000847
83 0.000745
84 0.001994
85 0.001638
86 0.001336
87 0.001276
88 0.001655
89 0.002464
90 0.005789
91 0.000805
92 0.000108
93 0.000039
94 0.000018
95 0.000009
96 0.000006
97 0.000010
98 0.000018
99 0.000027
100 0.000024
101 0.000007
102 0.000001
103 0.000001
104 0.000001
105 0.000001
106 0.000001
107 0.000001
108 0.000002
109 0.000620
110 0.000659
111 0.000847
112 0.001638
113 0.001549
114 0.001185
115 0.001117
116 0.000001
117 0.000001
118 0.000001
119 0.000001
120 0.000001
121 0.000012
122 0.000034
123 0.000015
124 0.000014
125 0.000015
126 0.000026
127 0.000002
128 0.000001
129 0.000001
130 0.000001
131 0.000001
132 0.000001
133 0.000001
134 0.000001
135 0.000001
136 0.000120
137 0.000478
138 0.000620
139 0.000800
140 0.001549
141 0.001258
142 0.001117
143 0.001053
144 0.000001
145 0.000001
146 0.000001
147 0.000001
148 0.000001
149 0.000001
150 0.000001
151 0.000001
152 0.000001
153 0.000001
154 0.000001
155 0.000001
156 0.000001
157 0.000001
158 0.000001
159 0.000001
160 0.000001
161 0.000001
162 0.000001
163 0.000002
164 0.000487
165 0.000448
166 0.000583
167 0.000620
168 0.001258
169 0.001117
170 0.001053
171 0.000935
172 0.000002
173 0.000001
174 0.000001
175 0.000001
176 0.000001
177 0.000001
178 0.000001
179 0.000001
180 0.000001
181 0.000001
182 0.000001
183 0.000001
184 0.000001
185 0.000001
186 0.000001
187 0.000001
188 0.000001
189 0.000001
190 0.000002
191 0.000014
192 0.000370
193 0.000394
194 0.000420
195 0.000634
196 0.001164
197 0.001053
198 0.000839
199 0.000740
200 0.000112
201 0.000001
202 0.000001
203 0.000001
204 0.000001
205 0.000001
206 0.000001
207 0.000001
208 0.000001
209 0.000001
210 0.000001
211 0.000001
212 0.000001
213 0.000001
214 0.000001
215 0.000001
216 0.000001
217 0.000001
218 0.000002
219 0.000027
220 0.000370
221 0.000394
222 0.000448
223 0.000588
224 0.002535
225 0.001225
226 0.000771
227 0.000695
228 0.000510
229 0.000002
230 0.000001
231 0.000001
232 0.000001
233 0.000001
234 0.000001
235 0.000001
236 0.000001
237 0.000001
238 0.000001
239 0.000001
240 0.000001
241 0.000001
242 0.000001
243 0.000001
244 0.000001
245 0.000001
246 0.000002
247 0.000004
248 0.000010
249 0.000017
250 0.000045
251 0.000089
252 0.005978
253 0.002723
254 0.001500
255 0.000403
256 0.000052
257 0.000003
258 0.000001
259 0.000001
260 0.000001
261 0.000001
262 0.000001
263 0.000001
264 0.000001
265 0.000001
266 0.000001
267 0.000001
268 0.000001
269 0.000001
270 0.000001
271 0.000001
272 0.000001
273 0.000001
274 0.000001
275 0.000001
276 0.000002
277 0.000003
278 0.000005
279 0.000014
280 0.010004
281 0.002387
282 0.000517
283 0.000055
284 0.000011
285 0.000001
286 0.000002
287 0.000001
288 0.000001
289 0.000001
290 0.000001
291 0.000002
292 0.000002
293 0.000002
294 0.000001
295 0.000001
296 0.000001
297 0.000001
298 0.000001
299 0.000001
300 0.000001
301 0.000001
302 0.000001
303 0.000001
304 0.000002
305 0.000003
306 0.000005
307 0.000011
308 0.001522
309 0.000489
310 0.000208
311 0.000037
312 0.000002
313 0.000001
314 0.000002
315 0.000001
316 0.000001
317 0.000001
318 0.000001
319 0.000002
320 0.000002
321 0.000003
322 0.000002
323 0.000001
324 0.000001
325 0.000001
326 0.000001
327 0.000001
328 0.000001
329 0.000001
330 0.000001
331 0.000001
332 0.000003
333 0.000005
334 0.000012
335 0.000043
336 0.000285
337 0.000167
338 0.000107
339 0.000068
340 0.000002
341 0.000001
342 0.000001
343 0.000002
344 0.000001
345 0.000001
346 0.000002
347 0.000001
348 0.000002
349 0.000002
350 0.000002
351 0.000002
352 0.000001
353 0.000001
354 0.000001
355 0.000001
356 0.000001
357 0.000001
358 0.000001
359 0.000001
360 0.000007
361 0.000019
362 0.000048
363 0.000067
364 0.000058
365 0.000090
366 0.000093
367 0.000080
368 0.000001
369 0.000001
370 0.000001
371 0.000003
372 0.000005
373 0.000002
374 0.000002
375 0.000001
376 0.000001
377 0.000001
378 0.000001
379 0.000002
380 0.000002
381 0.000002
382 0.000001
383 0.000001
384 0.000001
385 0.000001
386 0.000001
387 0.000001
388 0.000008
389 0.000062
390 0.000064
391 0.000041
392 0.000015
393 0.000014
394 0.000017
395 0.000003
396 0.000001
397 0.000001
398 0.000001
399 0.000007
400 0.000024
401 0.000005
402 0.000002
403 0.000001
404 0.000001
405 0.000001
406 0.000001
407 0.000001
408 0.000002
409 0.000003
410 0.000004
411 0.000003
412 0.000002
413 0.000001
414 0.000001
415 0.000001
416 0.000002
417 0.000026
418 0.000019
419 0.000010
420 0.000008
421 0.000006
422 0.000005
423 0.000001
424 0.000001
425 0.000001
426 0.000002
427 0.000031
428 0.999966
429 0.000008
430 0.000001
431 0.000001
432 0.000001
433 0.000001
434 0.000001
435 0.000001
436 0.000002
437 0.000004
438 0.000019
439 0.000020
440 0.000004
441 0.000001
442 0.000001
443 0.000001
444 0.000001
445 0.000006
446 0.000003
447 0.000003
448 0.000011
449 0.000005
450 0.000004
451 0.000001
452 0.000001
453 0.000001
454 0.000003
455 0.000191
456 0.000192
457 0.000008
458 0.000001
459 0.000001
460 0.000001
461 0.000001
462 0.000001
463 0.000001
464 0.000001
465 0.000003
466 0.000034
467 0.999967
468 0.000042
469 0.000003
470 0.000001
471 0.000001
472 0.000001
473 0.000001
474 0.000002
475 0.000004
476 0.000049
477 0.000021
478 0.000003
479 0.000001
480 0.000001
481 0.000002
482 0.000006
483 0.000007
484 0.000006
485 0.000003
486 0.000002
487 0.000001
488 0.000001
489 0.000001
490 0.000001
491 0.000001
492 0.000001
493 0.000002
494 0.000010
495 0.000039
496 0.000838
497 0.000006
498 0.000001
499 0.000001
500 0.000001
501 0.000001
502 0.000007
503 0.000016
504 0.000368
505 0.000275
506 0.000005
507 0.000001
508 0.000001
509 0.000003
510 0.000006
511 0.000002
512 0.000001
513 0.000002
514 0.000002
515 0.000001
516 0.000001
517 0.000001
518 0.000001
519 0.000001
520 0.000001
521 0.000002
522 0.000002
523 0.000003
524 0.000006
525 0.000019
526 0.000004
527 0.000001
528 0.000001
529 0.000001
530 0.000068
531 0.000136
532 0.000727
533 0.001529
534 0.000011
535 0.000001
536 0.000003
537 0.000008
538 0.000003
539 0.000001
540 0.000001
541 0.000001
542 0.000001
543 0.000001
544 0.000001
545 0.000002
546 0.000002
547 0.000002
548 0.000001
549 0.000001
550 0.000001
551 0.000001
552 0.000002
553 0.000010
554 0.000102
555 0.000007
556 0.000001
557 0.000013
558 0.000689
559 0.000355
560 0.002574
561 0.006202
562 0.000023
563 0.000002
564 0.000006
565 0.000005
566 0.000002
567 0.000001
568 0.000001
569 0.000001
570 0.000002
571 0.000002
572 0.000001
573 0.000001
574 0.000001
575 0.000001
576 0.000001
577 0.000001
578 0.000001
579 0.000001
580 0.000001
581 0.000002
582 0.000360
583 0.001654
584 0.000163
585 0.007504
586 0.002544
587 0.001222
588 0.007939
589 0.010037
590 0.000241
591 0.000004
592 0.000004
593 0.000002
594 0.000001
595 0.000001
596 0.000001
597 0.000002
598 0.000002
599 0.000002
600 0.000001
601 0.000001
602 0.000001
603 0.000001
604 0.000001
605 0.000001
606 0.000001
607 0.000001
608 0.000001
609 0.000001
610 0.000003
611 0.004443
612 0.015460
613 0.010030
614 0.010014
615 0.004404
616 0.010034
617 0.007947
618 0.002579
619 0.000065
620 0.000004
621 0.000001
622 0.000001
623 0.000001
624 0.000001
625 0.000001
626 0.000002
627 0.000002
628 0.000001
629 0.000001
630 0.000001
631 0.000001
632 0.000001
633 0.000001
634 0.000001
635 0.000001
636 0.000001
637 0.000001
638 0.000005
639 0.001788
640 0.005237
641 0.015929
642 0.000001
643 0.000002
644 0.008060
645 0.003420
646 0.001224
647 0.000460
648 0.000141
649 0.000002
650 0.000001
651 0.000001
652 0.000001
653 0.000001
654 0.000002
655 0.000003
656 0.000007
657 0.000006
658 0.000002
659 0.000001
660 0.000002
661 0.000001
662 0.000001
663 0.000001
664 0.000001
665 0.000003
666 0.000127
667 0.000715
668 0.001970
669 0.000001
670 0.000002
671 0.000002
672 0.000001
673 0.001329
674 0.000614
675 0.000486
676 0.000551
677 0.000434
678 0.000003
679 0.000002
680 0.000003
681 0.000013
682 0.000200
683 0.000190
684 0.000140
685 0.000024
686 0.000008
687 0.000009
688 0.000041
689 0.000069
690 0.000009
691 0.000005
692 0.000013
693 0.000119
694 0.000136
695 0.000181
696 0.000001
697 0.000001
698 0.000001
699 0.000002
700 0.000001
701 0.000001
702 0.000647
703 0.000613
704 0.000581
705 0.000551
706 0.000434
707 0.000411
708 0.000368
709 0.000288
710 0.000225
711 0.000201
712 0.000191
713 0.000086
714 0.000059
715 0.000074
716 0.000055
717 0.000059
718 0.000083
719 0.000089
720 0.000095
721 0.000127
722 0.000169
723 0.000001
724 0.000002
725 0.000002
726 0.000001
727 0.000001
728 0.000001
729 0.000001
730 0.000001
731 0.000001
732 0.000613
733 0.000581
734 0.000459
735 0.000435
736 0.000411
737 0.000323
738 0.000288
739 0.000273
740 0.000259
741 0.000348
742 0.000312
743 0.000390
744 0.000093
745 0.000078
746 0.000089
747 0.000119
748 0.000127
749 0.000169
750 0.000001
751 0.000001
752 0.000001
753 0.000001
754 0.000002
755 0.000001
756 0.000001
757 0.000001
758 0.000001
759 0.000001
760 0.000001
761 0.000613
762 0.000581
763 0.000459
764 0.000435
765 0.000411
766 0.000389
767 0.000369
768 0.000274
769 0.000891
770 0.002330
771 0.000919
772 0.000201
773 0.000105
774 0.000089
775 0.000102
776 0.000136
777 0.000001
778 0.000006
779 0.000004
780 0.000001
781 0.000001
782 0.000001
783 0.000001
