0 0.004183
1 0.004053
2 0.003615
3 0.003806
4 0.003376
5 0.002980
6 0.002980
7 0.004866
8 0.001834
9 0.001023
10 0.001623
11 0.002675
12 0.003269
13 0.001823
14 0.000425
15 0.000142
16 0.000181
17 0.000383
18 0.000806
19 0.000977
20 0.001266
21 0.001324
22 0.001599
23 0.001667
24 0.001513
25 0.001583
26 0.002136
27 0.003191
28 0.003741
29 0.003927
30 0.003493
31 0.003376
32 0.003263
33 0.003048
34 0.002669
35 0.002062
36 0.000665
37 0.000667
38 0.002001
39 0.002208
40 0.003248
41 0.002201
42 0.000681
43 0.000104
44 0.000100
45 0.000281
46 0.000707
47 0.001023
48 0.001040
49 0.001266
50 0.000001
51 0.000000
52 0.001447
53 0.001977
54 0.002982
55 0.005169
56 0.003927
57 0.003493
58 0.003376
59 0.003263
60 0.003048
61 0.002669
62 0.002574
63 0.000807
64 0.000283
65 0.000468
66 0.001801
67 0.002415
68 0.001962
69 0.001975
70 0.000653
71 0.000152
72 0.000067
73 0.000139
74 0.000471
75 0.000785
76 0.000007
77 0.000000
78 0.000000
79 0.000000
80 0.000000
81 0.002816
82 0.005019
83 0.008037
84 0.003806
85 0.003376
86 0.002980
87 0.002769
88 0.002669
89 0.002574
90 0.002393
91 0.000339
92 0.000135
93 0.000394
94 0.001047
95 0.001886
96 0.001665
97 0.001354
98 0.000802
99 0.000319
100 0.000063
101 0.000042
102 0.000002
103 0.000000
104 0.000000
105 0.000000
106 0.000000
107 0.000000
108 0.002507
109 0.004824
110 0.007977
111 0.009971
112 0.003376
113 0.003263
114 0.002769
115 0.002669
116 0.000000
117 0.000000
118 0.000000
119 0.000000
120 0.000004
121 0.000203
122 0.000673
123 0.001088
124 0.000973
125 0.000555
126 0.001021
127 0.000071
128 0.000002
129 0.000000
130 0.000000
131 0.000000
132 0.000000
133 0.000000
134 0.000000
135 0.000019
136 0.004685
137 0.008094
138 0.009867
139 0.010757
140 0.003263
141 0.002872
142 0.002669
143 0.002574
144 0.000000
145 0.000000
146 0.000000
147 0.000000
148 0.000000
149 0.000000
150 0.000000
151 0.000005
152 0.000017
153 0.000007
154 0.000005
155 0.000001
156 0.000000
157 0.000000
158 0.000000
159 0.000000
160 0.000000
161 0.000000
162 0.000006
163 0.004458
164 0.009527
165 0.009910
166 0.010760
167 0.010694
168 0.002872
169 0.002669
170 0.002574
171 0.002393
172 0.000000
173 0.000000
174 0.000000
175 0.000000
176 0.000000
177 0.000000
178 0.000000
179 0.000000
180 0.000000
181 0.000000
182 0.000000
183 0.000000
184 0.000000
185 0.000000
186 0.000000
187 0.000000
188 0.000000
189 0.000002
190 0.006598
191 0.010222
192 0.010275
193 0.010809
194 0.010006
195 0.006744
196 0.002678
197 0.002574
198 0.002237
199 0.002070
200 0.000004
201 0.000000
202 0.000000
203 0.000000
204 0.000000
205 0.000000
206 0.000000
207 0.000000
208 0.000000
209 0.000000
210 0.000000
211 0.000000
212 0.000000
213 0.000000
214 0.000000
215 0.000000
216 0.000001
217 0.001055
218 0.010202
219 0.010991
220 0.011349
221 0.009021
222 0.005787
223 0.003486
224 0.002582
225 0.002244
226 0.002076
227 0.001991
228 0.001641
229 0.000000
230 0.000000
231 0.000000
232 0.000000
233 0.000000
234 0.000000
235 0.000000
236 0.000000
237 0.000000
238 0.000000
239 0.000000
240 0.000000
241 0.000000
242 0.000000
243 0.000000
244 0.000037
245 0.999996
246 0.010399
247 0.011049
248 0.007372
249 0.004085
250 0.002463
251 0.001564
252 0.002489
253 0.002076
254 0.001997
255 0.001360
256 0.000464
257 0.000000
258 0.000000
259 0.000000
260 0.000000
261 0.000000
262 0.000000
263 0.000000
264 0.000000
265 0.000000
266 0.000000
267 0.000000
268 0.000000
269 0.000000
270 0.000000
271 0.000000
272 0.000014
273 0.000222
274 0.000913
275 0.001607
276 0.002628
277 0.001583
278 0.001057
279 0.001029
280 0.002981
281 0.001049
282 0.000640
283 0.000293
284 0.000171
285 0.000000
286 0.000000
287 0.000000
288 0.000000
289 0.000000
290 0.000000
291 0.000000
292 0.000000
293 0.000000
294 0.000000
295 0.000000
296 0.000000
297 0.000000
298 0.000001
299 0.000002
300 0.000001
301 0.000004
302 0.000027
303 0.000044
304 0.000064
305 0.000102
306 0.000241
307 0.000553
308 0.001739
309 0.000846
310 0.000315
311 0.000124
312 0.000014
313 0.000002
314 0.000000
315 0.000000
316 0.000000
317 0.000000
318 0.000000
319 0.000000
320 0.000000
321 0.000000
322 0.000000
323 0.000000
324 0.000000
325 0.000042
326 0.000970
327 0.000074
328 0.000003
329 0.000001
330 0.000001
331 0.000002
332 0.000004
333 0.000011
334 0.000026
335 0.000080
336 0.001763
337 0.000927
338 0.000511
339 0.000239
340 0.000004
341 0.000002
342 0.000000
343 0.000000
344 0.000000
345 0.000000
346 0.000000
347 0.000000
348 0.000000
349 0.000000
350 0.000000
351 0.000000
352 0.000000
353 0.000087
354 0.999993
355 0.001203
356 0.000012
357 0.000001
358 0.000001
359 0.000003
360 0.000003
361 0.000003
362 0.000006
363 0.000012
364 0.001457
365 0.001705
366 0.001017
367 0.000451
368 0.000009
369 0.000007
370 0.000005
371 0.000000
372 0.000000
373 0.000000
374 0.000000
375 0.000000
376 0.000000
377 0.000000
378 0.000000
379 0.000000
380 0.000001
381 0.000018
382 0.000198
383 0.000987
384 0.000050
385 0.000003
386 0.000001
387 0.000008
388 0.000016
389 0.000016
390 0.000006
391 0.000007
392 0.000523
393 0.000531
394 0.000577
395 0.000203
396 0.000062
397 0.000195
398 0.000247
399 0.000000
400 0.000000
401 0.000000
402 0.000000
403 0.000000
404 0.000000
405 0.000000
406 0.000000
407 0.000000
408 0.000002
409 0.000004
410 0.000012
411 0.000015
412 0.000022
413 0.000002
414 0.000001
415 0.000006
416 0.000055
417 0.000071
418 0.000050
419 0.000029
420 0.000170
421 0.000256
422 0.000499
423 0.000058
424 0.000127
425 0.999996
426 0.000048
427 0.000000
428 0.000000
429 0.000000
430 0.000000
431 0.000000
432 0.000000
433 0.000000
434 0.000000
435 0.000000
436 0.000002
437 0.000003
438 0.000001
439 0.000004
440 0.000005
441 0.000001
442 0.000000
443 0.000001
444 0.000045
445 0.000393
446 0.000355
447 0.000306
448 0.000328
449 0.000312
450 0.000436
451 0.000047
452 0.000060
453 0.000124
454 0.000001
455 0.000000
456 0.000000
457 0.000000
458 0.000000
459 0.000000
460 0.000000
461 0.000000
462 0.000000
463 0.000000
464 0.000000
465 0.000000
466 0.000002
467 0.000002
468 0.000002
469 0.000001
470 0.000000
471 0.000000
472 0.000011
473 0.000598
474 0.002459
475 0.003866
476 0.001706
477 0.001620
478 0.000361
479 0.000029
480 0.000049
481 0.000001
482 0.000000
483 0.000000
484 0.000000
485 0.000000
486 0.000000
487 0.000000
488 0.000000
489 0.000000
490 0.000000
491 0.000000
492 0.000000
493 0.000000
494 0.000001
495 0.000006
496 0.000005
497 0.000002
498 0.000001
499 0.000000
500 0.000002
501 0.000356
502 0.007781
503 0.008334
504 0.009629
505 0.006570
506 0.000247
507 0.000060
508 0.000017
509 0.000000
510 0.000000
511 0.000000
512 0.000000
513 0.000000
514 0.000000
515 0.000000
516 0.000000
517 0.000000
518 0.000000
519 0.000000
520 0.000000
521 0.000000
522 0.000000
523 0.000002
524 0.000074
525 0.000148
526 0.000026
527 0.000001
528 0.000001
529 0.000080
530 0.003171
531 0.007674
532 0.010000
533 0.006312
534 0.000504
535 0.000291
536 0.000005
537 0.000000
538 0.000000
539 0.000000
540 0.000000
541 0.000000
542 0.000000
543 0.000000
544 0.000000
545 0.000000
546 0.000000
547 0.000000
548 0.000000
549 0.000000
550 0.000000
551 0.000001
552 0.000091
553 0.999975
554 0.001942
555 0.000036
556 0.000003
557 0.000025
558 0.001010
559 0.002158
560 0.005819
561 0.003720
562 0.000532
563 0.000114
564 0.000002
565 0.000000
566 0.000000
567 0.000000
568 0.000000
569 0.000000
570 0.000000
571 0.000000
572 0.000000
573 0.000000
574 0.000000
575 0.000000
576 0.000000
577 0.000000
578 0.000000
579 0.000000
580 0.000006
581 0.000540
582 0.011202
583 0.001623
584 0.000046
585 0.000791
586 0.000660
587 0.000866
588 0.003868
589 0.002237
590 0.001238
591 0.000039
592 0.000001
593 0.000000
594 0.000000
595 0.000001
596 0.000000
597 0.000000
598 0.000000
599 0.000000
600 0.000000
601 0.000000
602 0.000000
603 0.000000
604 0.000000
605 0.000000
606 0.000000
607 0.000000
608 0.000000
609 0.000014
610 0.001487
611 0.007589
612 0.005782
613 0.002087
614 0.001043
615 0.000691
616 0.002448
617 0.002305
618 0.002015
619 0.000421
620 0.000005
621 0.000001
622 0.000000
623 0.000000
624 0.000000
625 0.000000
626 0.000000
627 0.000000
628 0.000000
629 0.000000
630 0.000000
631 0.000000
632 0.000000
633 0.000000
634 0.000000
635 0.000000
636 0.000000
637 0.000001
638 0.000361
639 0.003402
640 0.010000
641 0.007660
642 0.000000
643 0.000002
644 0.002522
645 0.002448
646 0.002375
647 0.002080
648 0.000918
649 0.000009
650 0.000001
651 0.000000
652 0.000001
653 0.000003
654 0.000002
655 0.000002
656 0.000006
657 0.000024
658 0.000028
659 0.000007
660 0.000002
661 0.000001
662 0.000000
663 0.000000
664 0.000001
665 0.000010
666 0.000376
667 0.001277
668 0.003529
669 0.000000
670 0.000001
671 0.000003
672 0.000000
673 0.002522
674 0.002448
675 0.002148
676 0.002305
677 0.002015
678 0.000034
679 0.000020
680 0.000074
681 0.000844
682 0.001303
683 0.000099
684 0.000024
685 0.000035
686 0.000040
687 0.000043
688 0.000050
689 0.000084
690 0.000022
691 0.000017
692 0.000033
693 0.000145
694 0.000165
695 0.000523
696 0.000000
697 0.000000
698 0.000000
699 0.000001
700 0.000000
701 0.000000
702 0.002522
703 0.002448
704 0.002375
705 0.002305
706 0.002015
707 0.002690
708 0.004485
709 0.007903
710 0.003629
711 0.000328
712 0.000046
713 0.000030
714 0.000055
715 0.000062
716 0.000067
717 0.000072
718 0.000102
719 0.000109
720 0.000117
721 0.000155
722 0.000205
723 0.000000
724 0.000000
725 0.000000
726 0.000000
727 0.000000
728 0.000000
729 0.000000
730 0.000000
731 0.000000
732 0.002448
733 0.002375
734 0.002305
735 0.003793
736 0.007171
737 0.009999
738 0.010000
739 0.000810
740 0.000101
741 0.000043
742 0.000058
743 0.000067
744 0.000090
745 0.000096
746 0.000109
747 0.000145
748 0.000155
749 0.000205
750 0.000000
751 0.000000
752 0.000000
753 0.000000
754 0.000000
755 0.000000
756 0.000000
757 0.000000
758 0.000000
759 0.000000
760 0.000000
761 0.002448
762 0.003562
763 0.005883
764 0.009999
765 0.010000
766 0.010000
767 0.002099
768 0.000230
769 0.000058
770 0.000062
771 0.000072
772 0.000096
773 0.000128
774 0.000109
775 0.000125
776 0.000165
777 0.000000
778 0.000023
779 0.000017
780 0.000000
781 0.000000
782 0.000000
783 0.000000
