0 0.004561
1 0.004468
2 0.004055
3 0.004334
4 0.003982
5 0.004213
6 0.005021
7 0.008056
8 0.009400
9 0.006898
10 0.004499
11 0.003971
12 0.002707
13 0.001319
14 0.000446
15 0.000210
16 0.000151
17 0.000128
18 0.000364
19 0.001002
20 0.001816
21 0.001883
22 0.002197
23 0.002273
24 0.002117
25 0.002694
26 0.004176
27 0.005740
28 0.004110
29 0.004308
30 0.003909
31 0.003817
32 0.003810
33 0.003689
34 0.004168
35 0.004851
36 0.006302
37 0.006598
38 0.005213
39 0.003362
40 0.001723
41 0.001164
42 0.000607
43 0.000236
44 0.000121
45 0.000129
46 0.000189
47 0.000688
48 0.001547
49 0.001816
50 0.000027
51 0.000000
52 0.002531
53 0.004009
54 0.005541
55 0.008998
56 0.004285
57 0.003863
58 0.003754
59 0.003679
60 0.003489
61 0.003252
62 0.003283
63 0.003761
64 0.003569
65 0.004232
66 0.005490
67 0.002691
68 0.001057
69 0.000818
70 0.000733
71 0.000327
72 0.000124
73 0.000096
74 0.000112
75 0.000347
76 0.000056
77 0.000000
78 0.000000
79 0.000000
80 0.000000
81 0.005412
82 0.008998
83 0.010026
84 0.004160
85 0.003732
86 0.003341
87 0.003143
88 0.003130
89 0.003194
90 0.003277
91 0.002558
92 0.002320
93 0.002816
94 0.003495
95 0.001703
96 0.000816
97 0.000711
98 0.000837
99 0.000494
100 0.000185
101 0.000048
102 0.000003
103 0.000001
104 0.000000
105 0.000000
106 0.000000
107 0.000000
108 0.022224
109 0.009255
110 0.010026
111 0.015098
112 0.004754
113 0.003614
114 0.003112
115 0.003022
116 0.000000
117 0.000000
118 0.000001
119 0.000004
120 0.000050
121 0.001108
122 0.001533
123 0.001020
124 0.000691
125 0.000604
126 0.000754
127 0.000139
128 0.000013
129 0.000001
130 0.000000
131 0.000000
132 0.000000
133 0.000000
134 0.000001
135 0.013374
136 0.006852
137 0.009901
138 0.018279
139 0.023144
140 0.006511
141 0.004535
142 0.003007
143 0.002908
144 0.000000
145 0.000000
146 0.000000
147 0.000001
148 0.000001
149 0.000001
150 0.000001
151 0.000003
152 0.000022
153 0.000018
154 0.000027
155 0.000014
156 0.000001
157 0.000000
158 0.000000
159 0.000000
160 0.000000
161 0.000003
162 0.004201
163 0.040947
164 0.010040
165 0.021071
166 0.021018
167 0.015837
168 0.009148
169 0.006257
170 0.004643
171 0.003158
172 0.000016
173 0.000000
174 0.000000
175 0.000003
176 0.000004
177 0.000001
178 0.000000
179 0.000000
180 0.000000
181 0.000000
182 0.000000
183 0.000000
184 0.000000
185 0.000000
186 0.000000
187 0.000000
188 0.000000
189 0.000753
190 0.042698
191 0.012858
192 0.023135
193 0.018690
194 0.014060
195 0.010246
196 0.010001
197 0.010000
198 0.006759
199 0.004571
200 0.003126
201 0.000001
202 0.000000
203 0.000001
204 0.000002
205 0.000001
206 0.000000
207 0.000000
208 0.000000
209 0.000000
210 0.000000
211 0.000000
212 0.000000
213 0.000000
214 0.000000
215 0.000000
216 0.000004
217 0.001365
218 0.024752
219 0.010334
220 0.017204
221 0.013928
222 0.010076
223 0.006767
224 0.007183
225 0.009470
226 0.010001
227 0.007321
228 0.004946
229 0.000089
230 0.000000
231 0.000000
232 0.000000
233 0.000000
234 0.000000
235 0.000000
236 0.000000
237 0.000000
238 0.000000
239 0.000000
240 0.000000
241 0.000000
242 0.000000
243 0.000000
244 0.000020
245 0.000174
246 0.000855
247 0.001958
248 0.002661
249 0.002271
250 0.002946
251 0.005248
252 0.004363
253 0.005658
254 0.007657
255 0.007761
256 0.002979
257 0.001248
258 0.000002
259 0.000000
260 0.000000
261 0.000000
262 0.000000
263 0.000000
264 0.000000
265 0.000000
266 0.000000
267 0.000000
268 0.000000
269 0.000001
270 0.000013
271 0.000186
272 0.000063
273 0.000063
274 0.000074
275 0.000622
276 0.000421
277 0.000810
278 0.001311
279 0.001627
280 0.002410
281 0.001844
282 0.001805
283 0.002008
284 0.003067
285 0.002192
286 0.000097
287 0.000001
288 0.000000
289 0.000000
290 0.000000
291 0.000000
292 0.000000
293 0.000000
294 0.000000
295 0.000000
296 0.000004
297 0.000177
298 0.999998
299 0.008689
300 0.000492
301 0.000022
302 0.000055
303 0.000685
304 0.000757
305 0.000780
306 0.000720
307 0.000515
308 0.001271
309 0.000965
310 0.000799
311 0.001058
312 0.001683
313 0.003710
314 0.999935
315 0.000002
316 0.000000
317 0.000000
318 0.000000
319 0.000000
320 0.000000
321 0.000000
322 0.000000
323 0.000002
324 0.000118
325 0.009512
326 0.049292
327 0.042913
328 0.005919
329 0.000028
330 0.000060
331 0.000914
332 0.002758
333 0.001173
334 0.000581
335 0.000305
336 0.001353
337 0.001237
338 0.001422
339 0.001545
340 0.001095
341 0.001720
342 0.000630
343 0.000002
344 0.000000
345 0.000000
346 0.000000
347 0.000000
348 0.000000
349 0.000000
350 0.000001
351 0.000045
352 0.004055
353 0.030338
354 0.072688
355 0.167007
356 0.003508
357 0.000075
358 0.000041
359 0.000363
360 0.003015
361 0.001193
362 0.000622
363 0.000320
364 0.001951
365 0.002876
366 0.002566
367 0.001742
368 0.000214
369 0.000167
370 0.000023
371 0.000001
372 0.000000
373 0.000000
374 0.000000
375 0.000000
376 0.000000
377 0.000000
378 0.000008
379 0.000540
380 0.006730
381 0.054859
382 0.066936
383 0.036759
384 0.010930
385 0.000321
386 0.000004
387 0.000024
388 0.000615
389 0.000946
390 0.000902
391 0.000772
392 0.001656
393 0.001737
394 0.001204
395 0.000421
396 0.000073
397 0.000013
398 0.000001
399 0.000000
400 0.000000
401 0.000000
402 0.000000
403 0.000000
404 0.000000
405 0.000001
406 0.000086
407 0.001240
408 0.004066
409 0.018728
410 0.040792
411 0.999992
412 0.008819
413 0.000273
414 0.000004
415 0.000001
416 0.000037
417 0.000610
418 0.000864
419 0.001269
420 0.001287
421 0.000622
422 0.000388
423 0.000079
424 0.000034
425 0.000002
426 0.000000
427 0.000000
428 0.000000
429 0.000000
430 0.000000
431 0.000000
432 0.000000
433 0.000005
434 0.000098
435 0.000344
436 0.002872
437 0.016498
438 0.012784
439 0.006223
440 0.002266
441 0.000311
442 0.000007
443 0.000000
444 0.000006
445 0.000665
446 0.001173
447 0.002325
448 0.000720
449 0.000323
450 0.000166
451 0.000028
452 0.000006
453 0.000001
454 0.000000
455 0.000000
456 0.000000
457 0.000000
458 0.000000
459 0.000000
460 0.000001
461 0.000011
462 0.000023
463 0.000118
464 0.000959
465 0.001537
466 0.001558
467 0.001321
468 0.000326
469 0.000185
470 0.000030
471 0.000002
472 0.000004
473 0.000666
474 0.002697
475 0.004276
476 0.000964
477 0.000485
478 0.000141
479 0.000037
480 0.000001
481 0.000000
482 0.000000
483 0.000000
484 0.000000
485 0.000000
486 0.000000
487 0.000000
488 0.000001
489 0.000003
490 0.000008
491 0.000017
492 0.000028
493 0.000047
494 0.000057
495 0.000185
496 0.000318
497 0.000276
498 0.000226
499 0.000046
500 0.000012
501 0.000495
502 0.004852
503 0.005224
504 0.002441
505 0.001510
506 0.000203
507 0.000033
508 0.000001
509 0.000000
510 0.000000
511 0.000000
512 0.000000
513 0.000000
514 0.000001
515 0.000000
516 0.000001
517 0.000001
518 0.000000
519 0.000001
520 0.000001
521 0.000001
522 0.000012
523 0.000328
524 0.001505
525 0.001883
526 0.002551
527 0.000303
528 0.000056
529 0.000344
530 0.008557
531 0.007348
532 0.002341
533 0.002212
534 0.000420
535 0.000032
536 0.000001
537 0.000000
538 0.000000
539 0.000000
540 0.000000
541 0.000001
542 0.000001
543 0.000001
544 0.000000
545 0.000000
546 0.000000
547 0.000000
548 0.000000
549 0.000000
550 0.000004
551 0.000140
552 0.999984
553 0.013342
554 0.004202
555 0.002462
556 0.000318
557 0.000430
558 0.010004
559 0.010004
560 0.002627
561 0.002558
562 0.000375
563 0.000020
564 0.000001
565 0.000001
566 0.000001
567 0.000001
568 0.000004
569 0.000007
570 0.000004
571 0.000000
572 0.000000
573 0.000000
574 0.000000
575 0.000000
576 0.000000
577 0.000000
578 0.000001
579 0.000013
580 0.000240
581 0.007807
582 0.015650
583 0.003262
584 0.000457
585 0.006085
586 0.006764
587 0.010004
588 0.002940
589 0.002627
590 0.000441
591 0.000027
592 0.000004
593 0.000001
594 0.000004
595 0.000027
596 0.000057
597 0.000038
598 0.000006
599 0.000001
600 0.000000
601 0.000000
602 0.000000
603 0.000000
604 0.000000
605 0.000000
606 0.000000
607 0.000001
608 0.000007
609 0.000186
610 0.007167
611 0.007003
612 0.006029
613 0.006084
614 0.006097
615 0.006132
616 0.003091
617 0.002940
618 0.002627
619 0.000492
620 0.000022
621 0.000005
622 0.000006
623 0.000029
624 0.000031
625 0.000023
626 0.000014
627 0.000045
628 0.000026
629 0.000020
630 0.000006
631 0.000002
632 0.000001
633 0.000000
634 0.000000
635 0.000001
636 0.000002
637 0.000025
638 0.001220
639 0.010001
640 0.008092
641 0.006097
642 0.000000
643 0.000001
644 0.003169
645 0.003091
646 0.003014
647 0.002699
648 0.001362
649 0.000054
650 0.000018
651 0.000019
652 0.000027
653 0.000074
654 0.000374
655 0.001262
656 0.002875
657 0.002888
658 0.001079
659 0.000136
660 0.000033
661 0.000011
662 0.000004
663 0.000003
664 0.000007
665 0.000193
666 0.003446
667 0.006258
668 0.010002
669 0.000000
670 0.000000
671 0.000001
672 0.000000
673 0.003169
674 0.003091
675 0.002775
676 0.003815
677 0.005334
678 0.000377
679 0.000291
680 0.000755
681 0.002669
682 0.010000
683 0.011445
684 0.013595
685 0.005085
686 0.001490
687 0.000749
688 0.000803
689 0.001041
690 0.000319
691 0.000214
692 0.000394
693 0.001385
694 0.002256
695 0.003994
696 0.000000
697 0.000000
698 0.000000
699 0.000000
700 0.000000
701 0.000000
702 0.003169
703 0.003653
704 0.005471
705 0.008390
706 0.010000
707 0.010000
708 0.010000
709 0.010001
710 0.010000
711 0.013737
712 0.015639
713 0.006668
714 0.002233
715 0.001010
716 0.000930
717 0.000962
718 0.001148
719 0.001186
720 0.001226
721 0.001407
722 0.001638
723 0.000000
724 0.000000
725 0.000000
726 0.000000
727 0.000000
728 0.000000
729 0.000000
730 0.000000
731 0.000000
732 0.007763
733 0.010000
734 0.010000
735 0.010000
736 0.010000
737 0.010001
738 0.011264
739 0.015025
740 0.015235
741 0.009800
742 0.003349
743 0.001658
744 0.001076
745 0.001111
746 0.001186
747 0.001364
748 0.001407
749 0.001612
750 0.000000
751 0.000000
752 0.000000
753 0.000000
754 0.000000
755 0.000000
756 0.000000
757 0.000000
758 0.000000
759 0.000000
760 0.000000
761 0.010000
762 0.010000
763 0.010000
764 0.010000
765 0.010000
766 0.013088
767 0.014632
768 0.013332
769 0.009999
770 0.005040
771 0.002432
772 0.001244
773 0.001281
774 0.001186
775 0.001267
776 0.001452
777 0.000000
778 0.000209
779 0.000151
780 0.000002
781 0.000000
782 0.000000
783 0.000000
