0 0.002490
1 0.002371
2 0.001985
3 0.002150
4 0.001787
5 0.001476
6 0.001319
7 0.001249
8 0.000045
9 0.000004
10 0.000005
11 0.000007
12 0.000008
13 0.000008
14 0.000004
15 0.000002
16 0.000001
17 0.000001
18 0.000005
19 0.000026
20 0.000084
21 0.000092
22 0.000137
23 0.000149
24 0.000121
25 0.000134
26 0.000196
27 0.000215
28 0.002524
29 0.002257
30 0.001883
31 0.001787
32 0.001695
33 0.001527
34 0.001248
35 0.000444
36 0.000008
37 0.000001
38 0.000002
39 0.000004
40 0.000006
41 0.000010
42 0.000005
43 0.000002
44 0.000001
45 0.000001
46 0.000002
47 0.000015
48 0.000056
49 0.000084
50 0.000000
51 0.000000
52 0.000111
53 0.000164
54 0.000134
55 0.000197
56 0.003712
57 0.002308
58 0.001787
59 0.001696
60 0.001527
61 0.001248
62 0.001181
63 0.000075
64 0.000002
65 0.000001
66 0.000001
67 0.000002
68 0.000004
69 0.000006
70 0.000005
71 0.000002
72 0.000001
73 0.000001
74 0.000001
75 0.000004
76 0.000000
77 0.000000
78 0.000000
79 0.000000
80 0.000000
81 0.000111
82 0.000164
83 0.000192
84 0.005566
85 0.003405
86 0.002048
87 0.001319
88 0.001248
89 0.001181
90 0.001057
91 0.000013
92 0.000001
93 0.000001
94 0.000001
95 0.000001
96 0.000002
97 0.000006
98 0.000006
99 0.000003
100 0.000001
101 0.000000
102 0.000000
103 0.000000
104 0.000000
105 0.000000
106 0.000000
107 0.000000
108 0.000003
109 0.000102
110 0.000163
111 0.000535
112 0.007659
113 0.005295
114 0.003062
115 0.001818
116 0.000000
117 0.000000
118 0.000000
119 0.000000
120 0.000000
121 0.000000
122 0.000000
123 0.000001
124 0.000001
125 0.000003
126 0.000005
127 0.000001
128 0.000000
129 0.000000
130 0.000000
131 0.000000
132 0.000000
133 0.000000
134 0.000000
135 0.000002
136 0.000004
137 0.000133
138 0.000456
139 0.002033
140 0.010743
141 0.007428
142 0.005060
143 0.003379
144 0.000000
145 0.000000
146 0.000000
147 0.000000
148 0.000000
149 0.000000
150 0.000000
151 0.000000
152 0.000000
153 0.000000
154 0.000000
155 0.000000
156 0.000000
157 0.000000
158 0.000000
159 0.000000
160 0.000000
161 0.000000
162 0.000001
163 0.000002
164 0.000146
165 0.000388
166 0.001830
167 0.004973
168 0.012376
169 0.011138
170 0.007821
171 0.006387
172 0.000000
173 0.000000
174 0.000000
175 0.000000
176 0.000000
177 0.000000
178 0.000000
179 0.000000
180 0.000000
181 0.000000
182 0.000000
183 0.000000
184 0.000000
185 0.000000
186 0.000000
187 0.000000
188 0.000000
189 0.000001
190 0.000002
191 0.000004
192 0.000515
193 0.001607
194 0.005113
195 0.005960
196 0.008750
197 0.012354
198 0.011853
199 0.008617
200 0.000004
201 0.000000
202 0.000000
203 0.000000
204 0.000000
205 0.000000
206 0.000000
207 0.000000
208 0.000000
209 0.000000
210 0.000000
211 0.000000
212 0.000000
213 0.000000
214 0.000000
215 0.000000
216 0.000001
217 0.000001
218 0.000001
219 0.000008
220 0.002460
221 0.006265
222 0.005633
223 0.004048
224 0.002970
225 0.006255
226 0.009881
227 0.011851
228 0.010424
229 0.000000
230 0.000000
231 0.000000
232 0.000000
233 0.000000
234 0.000000
235 0.000000
236 0.000000
237 0.000000
238 0.000000
239 0.000000
240 0.000000
241 0.000000
242 0.000000
243 0.000000
244 0.000001
245 0.000001
246 0.000000
247 0.000018
248 0.000089
249 0.000174
250 0.000254
251 0.000169
252 0.001336
253 0.001901
254 0.003667
255 0.005418
256 0.002546
257 0.000000
258 0.000000
259 0.000000
260 0.000000
261 0.000000
262 0.000000
263 0.000000
264 0.000000
265 0.000000
266 0.000000
267 0.000000
268 0.000000
269 0.000000
270 0.000000
271 0.000001
272 0.000001
273 0.000000
274 0.000000
275 0.000003
276 0.000005
277 0.000004
278 0.000003
279 0.000002
280 0.000850
281 0.000329
282 0.000302
283 0.000228
284 0.000377
285 0.000000
286 0.000000
287 0.000000
288 0.000000
289 0.000000
290 0.000000
291 0.000000
292 0.000000
293 0.000000
294 0.000000
295 0.000000
296 0.000001
297 0.000001
298 0.000001
299 0.000001
300 0.000001
301 0.000000
302 0.000000
303 0.000004
304 0.000001
305 0.000001
306 0.000001
307 0.000000
308 0.000236
309 0.000108
310 0.000050
311 0.000037
312 0.000001
313 0.000000
314 0.000000
315 0.000000
316 0.000000
317 0.000000
318 0.000000
319 0.000000
320 0.000000
321 0.000000
322 0.000000
323 0.000000
324 0.000001
325 0.000005
326 0.000050
327 0.000010
328 0.000001
329 0.000000
330 0.000000
331 0.000000
332 0.000000
333 0.000000
334 0.000000
335 0.000000
336 0.000102
337 0.000068
338 0.000045
339 0.000022
340 0.000000
341 0.000000
342 0.000000
343 0.000000
344 0.000000
345 0.000000
346 0.000001
347 0.000001
348 0.000000
349 0.000000
350 0.000000
351 0.000000
352 0.000001
353 0.000002
354 0.001114
355 0.999983
356 0.000002
357 0.000000
358 0.000000
359 0.000000
360 0.000000
361 0.000000
362 0.000000
363 0.000000
364 0.000096
365 0.000082
366 0.000041
367 0.000019
368 0.000000
369 0.000000
370 0.000000
371 0.000000
372 0.000000
373 0.000000
374 0.000000
375 0.000001
376 0.000001
377 0.000000
378 0.000000
379 0.000000
380 0.000001
381 0.000001
382 0.000069
383 0.000134
384 0.000002
385 0.000000
386 0.000000
387 0.000000
388 0.000000
389 0.000001
390 0.000000
391 0.000000
392 0.000053
393 0.000031
394 0.000018
395 0.000000
396 0.000000
397 0.000000
398 0.000000
399 0.000000
400 0.000000
401 0.000000
402 0.000000
403 0.000001
404 0.000002
405 0.000002
406 0.000001
407 0.000001
408 0.000001
409 0.000001
410 0.000001
411 0.000001
412 0.000001
413 0.000001
414 0.000000
415 0.000000
416 0.000001
417 0.000002
418 0.000001
419 0.000001
420 0.000031
421 0.000018
422 0.000013
423 0.000000
424 0.000000
425 0.000000
426 0.000000
427 0.000000
428 0.000000
429 0.000000
430 0.000000
431 0.000000
432 0.000002
433 0.000373
434 0.000032
435 0.000003
436 0.000001
437 0.000001
438 0.000001
439 0.000000
440 0.000001
441 0.000001
442 0.000000
443 0.000000
444 0.000000
445 0.000008
446 0.000006
447 0.000003
448 0.000038
449 0.000018
450 0.000012
451 0.000000
452 0.000000
453 0.000000
454 0.000000
455 0.000000
456 0.000000
457 0.000000
458 0.000000
459 0.000000
460 0.000002
461 0.000182
462 0.999979
463 0.000004
464 0.000001
465 0.000001
466 0.000000
467 0.000000
468 0.000000
469 0.000001
470 0.000000
471 0.000000
472 0.000000
473 0.000001
474 0.000009
475 0.000021
476 0.000162
477 0.000072
478 0.000002
479 0.000000
480 0.000000
481 0.000000
482 0.000000
483 0.000000
484 0.000000
485 0.000000
486 0.000000
487 0.000001
488 0.000001
489 0.000002
490 0.000002
491 0.000003
492 0.000002
493 0.000001
494 0.000000
495 0.000000
496 0.000000
497 0.000001
498 0.000001
499 0.000000
500 0.000000
501 0.000000
502 0.000019
503 0.000202
504 0.001113
505 0.000489
506 0.000001
507 0.000000
508 0.000000
509 0.000000
510 0.000000
511 0.000000
512 0.000000
513 0.000000
514 0.000000
515 0.000001
516 0.000000
517 0.000000
518 0.000001
519 0.000001
520 0.000002
521 0.000002
522 0.000000
523 0.000000
524 0.000000
525 0.000000
526 0.000001
527 0.000000
528 0.000000
529 0.000000
530 0.000093
531 0.001446
532 0.001056
533 0.000971
534 0.000000
535 0.000000
536 0.000000
537 0.000000
538 0.000000
539 0.000000
540 0.000000
541 0.000000
542 0.000000
543 0.000000
544 0.000000
545 0.000000
546 0.000000
547 0.000001
548 0.000001
549 0.000001
550 0.000001
551 0.000000
552 0.000000
553 0.000000
554 0.000000
555 0.000001
556 0.000000
557 0.000001
558 0.000147
559 0.000353
560 0.001254
561 0.001205
562 0.000000
563 0.000000
564 0.000000
565 0.000000
566 0.000000
567 0.000001
568 0.000001
569 0.000000
570 0.000000
571 0.000000
572 0.000000
573 0.000000
574 0.000000
575 0.000000
576 0.000000
577 0.000001
578 0.000001
579 0.000001
580 0.000000
581 0.000000
582 0.000000
583 0.000001
584 0.000001
585 0.000068
586 0.000073
587 0.000130
588 0.001483
589 0.001254
590 0.000004
591 0.000000
592 0.000000
593 0.000000
594 0.000001
595 0.000001
596 0.000001
597 0.000000
598 0.000000
599 0.000000
600 0.000000
601 0.000000
602 0.000000
603 0.000000
604 0.000000
605 0.000000
606 0.000000
607 0.000001
608 0.000001
609 0.000000
610 0.000000
611 0.000001
612 0.000063
613 0.000067
614 0.000094
615 0.000101
616 0.001599
617 0.001483
618 0.001254
619 0.000011
620 0.000000
621 0.000000
622 0.000000
623 0.000000
624 0.000000
625 0.000000
626 0.000000
627 0.000000
628 0.000000
629 0.000000
630 0.000000
631 0.000000
632 0.000000
633 0.000000
634 0.000000
635 0.000001
636 0.000001
637 0.000001
638 0.000004
639 0.000105
640 0.000068
641 0.000094
642 0.000000
643 0.000000
644 0.001660
645 0.001599
646 0.001540
647 0.001305
648 0.000179
649 0.000000
650 0.000000
651 0.000000
652 0.000000
653 0.000000
654 0.000000
655 0.000000
656 0.000000
657 0.000007
658 0.000009
659 0.000001
660 0.000000
661 0.000000
662 0.000000
663 0.000001
664 0.000005
665 0.000092
666 0.001400
667 0.000443
668 0.000157
669 0.000000
670 0.000000
671 0.000000
672 0.000000
673 0.001660
674 0.001599
675 0.001364
676 0.001518
677 0.002157
678 0.000002
679 0.000001
680 0.000005
681 0.000084
682 0.000697
683 0.000032
684 0.000006
685 0.000011
686 0.000013
687 0.000014
688 0.000003
689 0.000009
690 0.000038
691 0.000105
692 0.001486
693 0.010032
694 0.005136
695 0.001494
696 0.000000
697 0.000000
698 0.000000
699 0.000000
700 0.000000
701 0.000000
702 0.001661
703 0.001601
704 0.001953
705 0.004113
706 0.007208
707 0.010012
708 0.010006
709 0.008564
710 0.002465
711 0.000130
712 0.000015
713 0.000009
714 0.000019
715 0.000013
716 0.000005
717 0.000006
718 0.000113
719 0.000515
720 0.002580
721 0.010029
722 0.010029
723 0.000000
724 0.000000
725 0.000000
726 0.000000
727 0.000000
728 0.000000
729 0.000000
730 0.000000
731 0.000000
732 0.003390
733 0.006700
734 0.010683
735 0.010008
736 0.010002
737 0.008613
738 0.008564
739 0.000455
740 0.000038
741 0.000014
742 0.000020
743 0.000008
744 0.000007
745 0.000014
746 0.000042
747 0.000225
748 0.001030
749 0.005140
750 0.000000
751 0.000000
752 0.000000
753 0.000000
754 0.000000
755 0.000000
756 0.000000
757 0.000000
758 0.000000
759 0.000000
760 0.000000
761 0.009293
762 0.010010
763 0.010004
764 0.008633
765 0.008640
766 0.008618
767 0.001454
768 0.000100
769 0.000020
770 0.000018
771 0.000007
772 0.000008
773 0.000035
774 0.000041
775 0.000081
776 0.000334
777 0.000000
778 0.000235
779 0.000189
780 0.000001
781 0.000000
782 0.000000
783 0.000000
