0 0.004268
1 0.004303
2 0.003667
3 0.003738
4 0.004260
5 0.005874
6 0.008376
7 0.009235
8 0.002227
9 0.000291
10 0.000128
11 0.000082
12 0.000087
13 0.000089
14 0.000086
15 0.000086
16 0.000071
17 0.000060
18 0.000190
19 0.000585
20 0.001778
21 0.003106
22 0.006000
23 0.007203
24 0.006945
25 0.006945
26 0.005081
27 0.003623
28 0.003967
29 0.004403
30 0.004115
31 0.003598
32 0.003235
33 0.004323
34 0.006198
35 0.006431
36 0.001095
37 0.000241
38 0.000134
39 0.000083
40 0.000065
41 0.000078
42 0.000072
43 0.000064
44 0.000054
45 0.000061
46 0.000093
47 0.000499
48 0.002751
49 0.005393
50 0.000001
51 0.000000
52 0.006945
53 0.005083
54 0.003155
55 0.002263
56 0.003859
57 0.003996
58 0.004115
59 0.004067
60 0.003416
61 0.002952
62 0.004102
63 0.001990
64 0.000570
65 0.000204
66 0.000199
67 0.000098
68 0.000050
69 0.000048
70 0.000049
71 0.000046
72 0.000047
73 0.000043
74 0.000055
75 0.000460
76 0.000008
77 0.000000
78 0.000000
79 0.000000
80 0.000000
81 0.003047
82 0.002192
83 0.001517
84 0.003738
85 0.003427
86 0.003665
87 0.003774
88 0.003614
89 0.002977
90 0.002710
91 0.000600
92 0.000178
93 0.000192
94 0.000203
95 0.000123
96 0.000068
97 0.000044
98 0.000040
99 0.000036
100 0.000039
101 0.000015
102 0.000000
103 0.000000
104 0.000000
105 0.000001
106 0.000000
107 0.000000
108 0.000000
109 0.001868
110 0.001400
111 0.001835
112 0.003427
113 0.003427
114 0.003144
115 0.003665
116 0.000000
117 0.000000
118 0.000000
119 0.000000
120 0.000000
121 0.000043
122 0.000192
123 0.000185
124 0.000107
125 0.000047
126 0.000031
127 0.000002
128 0.000000
129 0.000000
130 0.000000
131 0.000000
132 0.000000
133 0.000001
134 0.000001
135 0.000000
136 0.001836
137 0.001165
138 0.001579
139 0.002331
140 0.003427
141 0.003144
142 0.003144
143 0.003144
144 0.000000
145 0.000000
146 0.000000
147 0.000000
148 0.000000
149 0.000000
150 0.000000
151 0.000000
152 0.000002
153 0.000000
154 0.000000
155 0.000000
156 0.000000
157 0.000000
158 0.000000
159 0.000001
160 0.000008
161 0.000001
162 0.000000
163 0.000000
164 0.001243
165 0.001369
166 0.002059
167 0.002622
168 0.003037
169 0.003143
170 0.003143
171 0.003144
172 0.000001
173 0.000000
174 0.000000
175 0.000000
176 0.000000
177 0.000000
178 0.000000
179 0.000000
180 0.000000
181 0.000000
182 0.000000
183 0.000000
184 0.000000
185 0.000000
186 0.000002
187 0.000032
188 0.000001
189 0.000000
190 0.000000
191 0.000010
192 0.001345
193 0.001783
194 0.002546
195 0.003376
196 0.002818
197 0.002885
198 0.002772
199 0.002885
200 0.000042
201 0.000000
202 0.000000
203 0.000000
204 0.000000
205 0.000000
206 0.000000
207 0.000000
208 0.000000
209 0.000000
210 0.000000
211 0.000000
212 0.000000
213 0.000001
214 0.000006
215 0.000000
216 0.000000
217 0.000000
218 0.000000
219 0.000331
220 0.001972
221 0.002898
222 0.003202
223 0.003883
224 0.002836
225 0.002403
226 0.002421
227 0.002649
228 0.002648
229 0.000000
230 0.000000
231 0.000000
232 0.000000
233 0.000000
234 0.000000
235 0.000000
236 0.000000
237 0.000000
238 0.000000
239 0.000000
240 0.000002
241 0.000002
242 0.000000
243 0.000000
244 0.000000
245 0.000000
246 0.000000
247 0.000116
248 0.000316
249 0.000495
250 0.001071
251 0.002181
252 0.004224
253 0.002773
254 0.002182
255 0.001469
256 0.000416
257 0.000000
258 0.000000
259 0.000000
260 0.000000
261 0.000000
262 0.000000
263 0.000000
264 0.000000
265 0.000002
266 0.000311
267 0.002756
268 0.000383
269 0.000001
270 0.000000
271 0.000000
272 0.000000
273 0.000000
274 0.000001
275 0.000041
276 0.000068
277 0.000174
278 0.000341
279 0.000905
280 0.006308
281 0.001908
282 0.000717
283 0.000241
284 0.000110
285 0.000000
286 0.000000
287 0.000000
288 0.000000
289 0.000000
290 0.000000
291 0.000000
292 0.000000
293 0.000005
294 0.003418
295 0.999992
296 0.000351
297 0.000001
298 0.000000
299 0.000000
300 0.000000
301 0.000000
302 0.000001
303 0.000076
304 0.000119
305 0.000273
306 0.000535
307 0.000654
308 0.001809
309 0.001195
310 0.000420
311 0.000139
312 0.000011
313 0.000000
314 0.000000
315 0.000000
316 0.000000
317 0.000000
318 0.000000
319 0.000000
320 0.000001
321 0.000018
322 0.000026
323 0.000036
324 0.000034
325 0.000001
326 0.000000
327 0.000000
328 0.000000
329 0.000000
330 0.000004
331 0.000067
332 0.000505
333 0.000795
334 0.000806
335 0.000481
336 0.001120
337 0.000668
338 0.000462
339 0.000263
340 0.000003
341 0.000000
342 0.000000
343 0.000000
344 0.000000
345 0.000000
346 0.000000
347 0.000004
348 0.000051
349 0.000011
350 0.000001
351 0.000000
352 0.000001
353 0.000000
354 0.000000
355 0.000000
356 0.000000
357 0.000002
358 0.000017
359 0.000324
360 0.007262
361 0.002172
362 0.000456
363 0.000132
364 0.000665
365 0.000783
366 0.000427
367 0.000276
368 0.000001
369 0.000000
370 0.000000
371 0.000000
372 0.000000
373 0.000001
374 0.000003
375 0.000013
376 0.000019
377 0.000033
378 0.000001
379 0.000000
380 0.000000
381 0.000000
382 0.000000
383 0.000000
384 0.000001
385 0.000025
386 0.000071
387 0.000621
388 0.004251
389 0.002063
390 0.000364
391 0.000155
392 0.000183
393 0.000172
394 0.000163
395 0.000033
396 0.000000
397 0.000000
398 0.000000
399 0.000000
400 0.000000
401 0.000001
402 0.000004
403 0.000005
404 0.000006
405 0.000002
406 0.000004
407 0.000001
408 0.000000
409 0.000000
410 0.000000
411 0.000001
412 0.000032
413 0.000073
414 0.000017
415 0.000017
416 0.000191
417 0.001509
418 0.000973
419 0.000814
420 0.000073
421 0.000059
422 0.000065
423 0.000002
424 0.000000
425 0.000000
426 0.000003
427 0.000001
428 0.000000
429 0.000000
430 0.000005
431 0.000005
432 0.000001
433 0.000001
434 0.000021
435 0.000018
436 0.000001
437 0.000000
438 0.000000
439 0.000013
440 0.000084
441 0.000009
442 0.000001
443 0.000001
444 0.000016
445 0.002226
446 0.004535
447 0.006983
448 0.000094
449 0.000050
450 0.000036
451 0.000001
452 0.000000
453 0.000000
454 0.000002
455 0.000001
456 0.000000
457 0.000001
458 0.000003
459 0.000005
460 0.000001
461 0.000003
462 0.000008
463 0.000042
464 0.000036
465 0.000003
466 0.000003
467 0.000002
468 0.000006
469 0.000000
470 0.000000
471 0.000000
472 0.000014
473 0.002275
474 0.005862
475 0.005885
476 0.000257
477 0.000155
478 0.000124
479 0.000001
480 0.000000
481 0.000000
482 0.000000
483 0.000000
484 0.000000
485 0.000000
486 0.000004
487 0.000028
488 0.000098
489 0.000202
490 0.000143
491 0.000029
492 0.000020
493 0.000013
494 0.000013
495 0.000007
496 0.000001
497 0.000001
498 0.000001
499 0.000000
500 0.000002
501 0.000258
502 0.007073
503 0.007780
504 0.001073
505 0.003309
506 0.000338
507 0.000003
508 0.000000
509 0.000000
510 0.000000
511 0.000000
512 0.000000
513 0.000000
514 0.000001
515 0.000231
516 0.999994
517 0.021620
518 0.000117
519 0.000001
520 0.000001
521 0.000003
522 0.000142
523 0.000387
524 0.000020
525 0.000002
526 0.000001
527 0.000000
528 0.000001
529 0.000061
530 0.004415
531 0.008365
532 0.005595
533 0.018786
534 0.000457
535 0.000005
536 0.000001
537 0.000000
538 0.000000
539 0.000000
540 0.000000
541 0.000000
542 0.000001
543 0.000126
544 0.001486
545 0.000625
546 0.000079
547 0.000001
548 0.000000
549 0.000003
550 0.000320
551 0.999989
552 0.000184
553 0.000017
554 0.000002
555 0.000001
556 0.000001
557 0.000048
558 0.002190
559 0.003622
560 0.018811
561 0.035899
562 0.000240
563 0.000003
564 0.000001
565 0.000002
566 0.000003
567 0.000008
568 0.000020
569 0.000017
570 0.000009
571 0.000005
572 0.000002
573 0.000003
574 0.000001
575 0.000001
576 0.000001
577 0.000002
578 0.000044
579 0.000366
580 0.004056
581 0.000309
582 0.000028
583 0.000003
584 0.000017
585 0.000656
586 0.001055
587 0.001979
588 0.031460
589 0.018507
590 0.000747
591 0.000013
592 0.000003
593 0.000005
594 0.000037
595 0.000292
596 0.007878
597 0.000461
598 0.000029
599 0.000003
600 0.000000
601 0.000000
602 0.000001
603 0.000000
604 0.000000
605 0.000001
606 0.000013
607 0.000058
608 0.000468
609 0.002094
610 0.000782
611 0.000219
612 0.001554
613 0.000877
614 0.000790
615 0.000949
616 0.014778
617 0.010006
618 0.010006
619 0.001231
620 0.000100
621 0.000130
622 0.000321
623 0.000398
624 0.001049
625 0.000471
626 0.000017
627 0.000001
628 0.000001
629 0.000001
630 0.000001
631 0.000001
632 0.000000
633 0.000001
634 0.000002
635 0.000010
636 0.000050
637 0.000709
638 0.004455
639 0.005847
640 0.003021
641 0.001924
642 0.000000
643 0.000000
644 0.010006
645 0.010005
646 0.010004
647 0.010002
648 0.005468
649 0.001844
650 0.000125
651 0.000028
652 0.000062
653 0.000302
654 0.000053
655 0.000004
656 0.000003
657 0.000027
658 0.000092
659 0.000040
660 0.000039
661 0.000027
662 0.000005
663 0.000002
664 0.000011
665 0.000242
666 0.006376
667 0.010004
668 0.007062
669 0.000000
670 0.000000
671 0.000000
672 0.000000
673 0.010004
674 0.010002
675 0.010000
676 0.006839
677 0.005499
678 0.000238
679 0.000106
680 0.000602
681 0.001974
682 0.000898
683 0.000040
684 0.000008
685 0.000020
686 0.000058
687 0.000485
688 0.003261
689 0.009914
690 0.000723
691 0.000190
692 0.000238
693 0.001787
694 0.003137
695 0.007259
696 0.000000
697 0.000000
698 0.000000
699 0.000000
700 0.000000
701 0.000000
702 0.010000
703 0.007611
704 0.005243
705 0.005323
706 0.007083
707 0.010005
708 0.013502
709 0.005867
710 0.000997
711 0.000062
712 0.000015
713 0.000014
714 0.000047
715 0.000721
716 0.006539
717 0.011757
718 0.004932
719 0.002198
720 0.001118
721 0.000927
722 0.001941
723 0.000000
724 0.000001
725 0.000000
726 0.000000
727 0.000000
728 0.000000
729 0.000000
730 0.000000
731 0.000000
732 0.005188
733 0.006846
734 0.010004
735 0.010005
736 0.008596
737 0.003310
738 0.000901
739 0.000141
740 0.000033
741 0.000014
742 0.000035
743 0.000639
744 0.010108
745 0.010007
746 0.010106
747 0.004375
748 0.002017
749 0.000901
750 0.000001
751 0.000000
752 0.000000
753 0.000001
754 0.000000
755 0.000000
756 0.000000
757 0.000000
758 0.000002
759 0.000004
760 0.000000
761 0.010003
762 0.010005
763 0.012092
764 0.005569
765 0.002198
766 0.000951
767 0.000336
768 0.000060
769 0.000023
770 0.000078
771 0.000705
772 0.006825
773 0.010004
774 0.011634
775 0.007358
776 0.003915
777 0.000001
778 0.000094
779 0.000100
780 0.000002
781 0.000001
782 0.000001
783 0.000000
