0 0.003939
1 0.003919
2 0.003607
3 0.003918
4 0.003017
5 0.002002
6 0.001406
7 0.001239
8 0.000300
9 0.000238
10 0.000458
11 0.000601
12 0.000447
13 0.000244
14 0.000086
15 0.000038
16 0.000024
17 0.000018
18 0.000089
19 0.000544
20 0.002095
21 0.003141
22 0.004897
23 0.004898
24 0.004622
25 0.004622
26 0.003879
27 0.003134
28 0.005366
29 0.003939
30 0.003607
31 0.003607
32 0.003607
33 0.002693
34 0.001669
35 0.000811
36 0.000118
37 0.000194
38 0.000520
39 0.000452
40 0.000329
41 0.000140
42 0.000051
43 0.000022
44 0.000016
45 0.000017
46 0.000031
47 0.000362
48 0.002607
49 0.004622
50 0.000002
51 0.000000
52 0.004622
53 0.003797
54 0.002620
55 0.002256
56 0.009620
57 0.005366
58 0.003643
59 0.003607
60 0.003607
61 0.003073
62 0.002209
63 0.000510
64 0.000124
65 0.000208
66 0.000809
67 0.000335
68 0.000169
69 0.000051
70 0.000022
71 0.000014
72 0.000013
73 0.000012
74 0.000019
75 0.000196
76 0.000005
77 0.000000
78 0.000000
79 0.000000
80 0.000000
81 0.002495
82 0.002106
83 0.001622
84 0.013352
85 0.009581
86 0.006074
87 0.003354
88 0.003321
89 0.003321
90 0.003031
91 0.000294
92 0.000169
93 0.000293
94 0.000444
95 0.000301
96 0.000086
97 0.000032
98 0.000014
99 0.000010
100 0.000011
101 0.000004
102 0.000000
103 0.000000
104 0.000000
105 0.000000
106 0.000000
107 0.000000
108 0.000000
109 0.001728
110 0.001485
111 0.001778
112 0.012747
113 0.013352
114 0.009542
115 0.006074
116 0.000000
117 0.000000
118 0.000001
119 0.000001
120 0.000013
121 0.000445
122 0.000322
123 0.000228
124 0.000043
125 0.000015
126 0.000009
127 0.000001
128 0.000000
129 0.000000
130 0.000000
131 0.000000
132 0.000000
133 0.000000
134 0.000000
135 0.000000
136 0.000388
137 0.001197
138 0.001422
139 0.001757
140 0.009958
141 0.012747
142 0.013352
143 0.010385
144 0.000033
145 0.000000
146 0.000000
147 0.000000
148 0.000000
149 0.000002
150 0.000002
151 0.000002
152 0.000002
153 0.000000
154 0.000000
155 0.000000
156 0.000000
157 0.000000
158 0.000000
159 0.000000
160 0.000000
161 0.000000
162 0.000000
163 0.000000
164 0.001207
165 0.001126
166 0.001401
167 0.001464
168 0.010000
169 0.009958
170 0.011263
171 0.014484
172 0.010057
173 0.000263
174 0.000001
175 0.000000
176 0.000000
177 0.000001
178 0.000000
179 0.000000
180 0.000000
181 0.000000
182 0.000000
183 0.000000
184 0.000000
185 0.000000
186 0.000000
187 0.000000
188 0.000000
189 0.000000
190 0.000000
191 0.000075
192 0.001009
193 0.001057
194 0.001106
195 0.001499
196 0.016802
197 0.010000
198 0.010000
199 0.011263
200 0.014492
201 0.003699
202 0.000023
203 0.000002
204 0.000001
205 0.000000
206 0.000000
207 0.000000
208 0.000000
209 0.000000
210 0.000000
211 0.000000
212 0.000000
213 0.000000
214 0.000000
215 0.000000
216 0.000000
217 0.000000
218 0.000000
219 0.000176
220 0.001009
221 0.001062
222 0.001168
223 0.001381
224 0.021486
225 0.023955
226 0.013486
227 0.010000
228 0.009874
229 0.003643
230 0.000052
231 0.000003
232 0.000001
233 0.000000
234 0.000000
235 0.000000
236 0.000000
237 0.000000
238 0.000000
239 0.000000
240 0.000000
241 0.000000
242 0.000000
243 0.000000
244 0.000000
245 0.000000
246 0.000001
247 0.000181
248 0.000261
249 0.000324
250 0.000514
251 0.000658
252 0.009605
253 0.015416
254 0.025638
255 0.012183
256 0.001772
257 0.000052
258 0.000023
259 0.000025
260 0.000004
261 0.000000
262 0.000000
263 0.000000
264 0.000000
265 0.000000
266 0.000000
267 0.000000
268 0.000000
269 0.000000
270 0.000000
271 0.000000
272 0.000000
273 0.000000
274 0.000000
275 0.000058
276 0.000090
277 0.000125
278 0.000177
279 0.000374
280 0.001370
281 0.002382
282 0.002477
283 0.001619
284 0.001276
285 0.000021
286 0.000027
287 0.000926
288 0.000164
289 0.000017
290 0.000001
291 0.000000
292 0.000000
293 0.000000
294 0.000000
295 0.000000
296 0.000000
297 0.000000
298 0.000000
299 0.000000
300 0.000000
301 0.000000
302 0.000000
303 0.000062
304 0.000082
305 0.000149
306 0.000233
307 0.000423
308 0.000170
309 0.000077
310 0.000113
311 0.000328
312 0.000268
313 0.000267
314 0.001622
315 0.999983
316 0.000530
317 0.000006
318 0.000000
319 0.000000
320 0.000000
321 0.000001
322 0.000001
323 0.000000
324 0.000000
325 0.000000
326 0.000000
327 0.000000
328 0.000000
329 0.000000
330 0.000000
331 0.000007
332 0.000160
333 0.000282
334 0.000486
335 0.000981
336 0.000046
337 0.000038
338 0.000058
339 0.000179
340 0.000117
341 0.000448
342 0.099207
343 0.020984
344 0.000045
345 0.000001
346 0.000000
347 0.000001
348 0.000035
349 0.000134
350 0.000001
351 0.000000
352 0.000000
353 0.000000
354 0.000000
355 0.000000
356 0.000000
357 0.000000
358 0.000000
359 0.000001
360 0.000376
361 0.000670
362 0.001027
363 0.001025
364 0.000089
365 0.000165
366 0.000272
367 0.000343
368 0.000012
369 0.000194
370 0.039200
371 0.000409
372 0.000006
373 0.000001
374 0.000005
375 0.000145
376 0.002365
377 0.000052
378 0.000001
379 0.000000
380 0.000000
381 0.000000
382 0.000000
383 0.000000
384 0.000000
385 0.000000
386 0.000000
387 0.000001
388 0.000236
389 0.000996
390 0.001021
391 0.000824
392 0.000260
393 0.000319
394 0.000332
395 0.000086
396 0.000003
397 0.000023
398 0.000051
399 0.000001
400 0.000000
401 0.000014
402 0.001503
403 0.999995
404 0.000170
405 0.000002
406 0.000000
407 0.000000
408 0.000000
409 0.000000
410 0.000000
411 0.000000
412 0.000000
413 0.000000
414 0.000000
415 0.000000
416 0.000016
417 0.000704
418 0.000495
419 0.000327
420 0.000431
421 0.000257
422 0.000481
423 0.000006
424 0.000001
425 0.000009
426 0.000000
427 0.000000
428 0.000000
429 0.000028
430 0.003965
431 0.000523
432 0.000007
433 0.000000
434 0.000000
435 0.000000
436 0.000000
437 0.000000
438 0.000001
439 0.000000
440 0.000000
441 0.000000
442 0.000000
443 0.000000
444 0.000001
445 0.000243
446 0.000161
447 0.000119
448 0.000881
449 0.000352
450 0.000121
451 0.000001
452 0.000001
453 0.000000
454 0.000000
455 0.000000
456 0.000000
457 0.000007
458 0.000010
459 0.000001
460 0.000000
461 0.000000
462 0.000000
463 0.000000
464 0.000001
465 0.000105
466 0.000120
467 0.000003
468 0.000000
469 0.000000
470 0.000000
471 0.000000
472 0.000000
473 0.000015
474 0.000076
475 0.000137
476 0.001948
477 0.000466
478 0.000030
479 0.000000
480 0.000001
481 0.000000
482 0.000000
483 0.000000
484 0.000001
485 0.000000
486 0.000000
487 0.000000
488 0.000000
489 0.000000
490 0.000000
491 0.000001
492 0.000005
493 0.000238
494 0.999997
495 0.000018
496 0.000000
497 0.000000
498 0.000000
499 0.000000
500 0.000000
501 0.000002
502 0.000246
503 0.000480
504 0.004611
505 0.000624
506 0.000008
507 0.000003
508 0.000002
509 0.000000
510 0.000000
511 0.000000
512 0.000000
513 0.000000
514 0.000000
515 0.000000
516 0.000000
517 0.000000
518 0.000000
519 0.000001
520 0.000007
521 0.000013
522 0.000136
523 0.000056
524 0.000000
525 0.000000
526 0.000000
527 0.000000
528 0.000000
529 0.000002
530 0.001018
531 0.002218
532 0.000924
533 0.000721
534 0.000018
535 0.000061
536 0.000017
537 0.000000
538 0.000001
539 0.000000
540 0.000000
541 0.000000
542 0.000000
543 0.000000
544 0.000000
545 0.000000
546 0.000000
547 0.000000
548 0.000000
549 0.000001
550 0.000000
551 0.000001
552 0.000011
553 0.000001
554 0.000000
555 0.000000
556 0.000000
557 0.000017
558 0.002218
559 0.002274
560 0.000950
561 0.001241
562 0.000259
563 0.000139
564 0.000035
565 0.000011
566 0.000012
567 0.000000
568 0.000000
569 0.000000
570 0.000000
571 0.000000
572 0.000000
573 0.000000
574 0.000000
575 0.000000
576 0.000000
577 0.000000
578 0.000000
579 0.000001
580 0.000012
581 0.000117
582 0.000015
583 0.000002
584 0.000013
585 0.003108
586 0.002282
587 0.002525
588 0.001559
589 0.002783
590 0.000459
591 0.000630
592 0.000016
593 0.000014
594 0.000001
595 0.000001
596 0.000001
597 0.000001
598 0.000000
599 0.000000
600 0.000000
601 0.000000
602 0.000000
603 0.000000
604 0.000000
605 0.000000
606 0.000000
607 0.000000
608 0.000001
609 0.000021
610 0.000200
611 0.000190
612 0.006238
613 0.004394
614 0.003448
615 0.002747
616 0.003484
617 0.006247
618 0.010002
619 0.001325
620 0.000031
621 0.000004
622 0.000001
623 0.000002
624 0.000002
625 0.000001
626 0.000000
627 0.000000
628 0.000000
629 0.000000
630 0.000000
631 0.000000
632 0.000000
633 0.000000
634 0.000000
635 0.000000
636 0.000000
637 0.000002
638 0.000297
639 0.010002
640 0.009126
641 0.006939
642 0.000000
643 0.000000
644 0.006437
645 0.010001
646 0.010002
647 0.010003
648 0.003336
649 0.000018
650 0.000001
651 0.000001
652 0.000001
653 0.000001
654 0.000001
655 0.000008
656 0.000045
657 0.000432
658 0.001813
659 0.000505
660 0.000055
661 0.000009
662 0.000002
663 0.000001
664 0.000002
665 0.000110
666 0.006472
667 0.008806
668 0.010002
669 0.000000
670 0.000000
671 0.000000
672 0.000000
673 0.010002
674 0.010003
675 0.007730
676 0.004199
677 0.001915
678 0.000016
679 0.000009
680 0.000018
681 0.000069
682 0.000495
683 0.000471
684 0.000365
685 0.000977
686 0.003486
687 0.010001
688 0.010003
689 0.010003
690 0.001393
691 0.000554
692 0.001060
693 0.006399
694 0.006545
695 0.006503
696 0.000000
697 0.000000
698 0.000000
699 0.000000
700 0.000000
701 0.000000
702 0.008889
703 0.004873
704 0.002307
705 0.001164
706 0.000944
707 0.000902
708 0.000824
709 0.000673
710 0.000547
711 0.000495
712 0.000679
713 0.002182
714 0.008023
715 0.010000
716 0.010001
717 0.010001
718 0.010002
719 0.010003
720 0.010003
721 0.007334
722 0.006546
723 0.000000
724 0.000000
725 0.000000
726 0.000000
727 0.000000
728 0.000000
729 0.000000
730 0.000000
731 0.000000
732 0.001306
733 0.001193
734 0.000988
735 0.000944
736 0.000902
737 0.000740
738 0.000673
739 0.000642
740 0.001387
741 0.003886
742 0.010000
743 0.010000
744 0.009999
745 0.009999
746 0.010001
747 0.010002
748 0.010003
749 0.010002
750 0.000000
751 0.000000
752 0.000000
753 0.000000
754 0.000000
755 0.000000
756 0.000000
757 0.000000
758 0.000000
759 0.000000
760 0.000000
761 0.001245
762 0.001193
763 0.000988
764 0.000944
765 0.000902
766 0.000862
767 0.000855
768 0.002296
769 0.007893
770 0.010000
771 0.010000
772 0.009998
773 0.009998
774 0.010000
775 0.010001
776 0.010002
777 0.000000
778 0.000278
779 0.000124
780 0.000000
781 0.000000
782 0.000000
783 0.000000
