0 0.010082
1 0.010085
2 0.010097
3 0.010092
4 0.010103
5 0.010114
6 0.010119
7 0.010122
8 0.010247
9 0.010233
10 0.010206
11 0.010207
12 0.010207
13 0.010208
14 0.010208
15 0.010210
16 0.010213
17 0.010216
18 0.010200
19 0.010181
20 0.010113
21 0.010111
22 0.010102
23 0.010100
24 0.010104
25 0.010102
26 0.010093
27 0.010091
28 0.010093
29 0.010089
30 0.010100
31 0.010103
32 0.010106
33 0.010112
34 0.010121
35 0.010234
36 0.010256
37 0.010238
38 0.010210
39 0.010209
40 0.010210
41 0.010208
42 0.010210
43 0.010212
44 0.010216
45 0.010216
46 0.010210
47 0.010190
48 0.010120
49 0.010112
50 0.010136
51 0.010102
52 0.010106
53 0.010097
54 0.010101
55 0.010093
56 0.010089
57 0.010100
58 0.010103
59 0.010106
60 0.010111
61 0.010121
62 0.010123
63 0.010244
64 0.010261
65 0.010213
66 0.010210
67 0.010212
68 0.010214
69 0.010213
70 0.010214
71 0.010216
72 0.010216
73 0.010218
74 0.010218
75 0.010200
76 0.010138
77 0.010154
78 0.010250
79 0.010103
80 0.010101
81 0.010105
82 0.010097
83 0.010102
84 0.010092
85 0.010103
86 0.010113
87 0.010118
88 0.010120
89 0.010123
90 0.010127
91 0.010252
92 0.010269
93 0.010214
94 0.010215
95 0.010215
96 0.010216
97 0.010214
98 0.010215
99 0.010217
100 0.010218
101 0.010222
102 0.010231
103 0.010225
104 0.010204
105 0.010191
106 0.010264
107 0.010257
108 0.010147
109 0.010107
110 0.010106
111 0.010097
112 0.010103
113 0.010106
114 0.010118
115 0.010120
116 0.010913
117 0.010583
118 0.010419
119 0.010372
120 0.010335
121 0.010228
122 0.010216
123 0.010216
124 0.010216
125 0.010217
126 0.010218
127 0.010224
128 0.010227
129 0.010233
130 0.010241
131 0.010238
132 0.010240
133 0.010253
134 0.010253
135 0.010222
136 0.010127
137 0.010115
138 0.010108
139 0.010100
140 0.010106
141 0.010116
142 0.010121
143 0.010123
144 0.010996
145 0.010952
146 0.010610
147 0.010478
148 0.010395
149 0.010360
150 0.010329
151 0.010299
152 0.010273
153 0.010249
154 0.010227
155 0.010231
156 0.010237
157 0.010244
158 0.010246
159 0.010272
160 0.010317
161 0.010284
162 0.010248
163 0.010151
164 0.010115
165 0.010117
166 0.010110
167 0.010108
168 0.010116
169 0.010121
170 0.010123
171 0.010127
172 0.010318
173 0.010971
174 0.011128
175 0.010612
176 0.010467
177 0.010395
178 0.010386
179 0.010371
180 0.010353
181 0.010329
182 0.010311
183 0.010292
184 0.010283
185 0.010270
186 0.010262
187 0.010346
188 0.010334
189 0.010301
190 0.010159
191 0.010144
192 0.010122
193 0.010121
194 0.010119
195 0.011302
196 0.010122
197 0.010124
198 0.010132
199 0.010135
200 0.010220
201 0.010765
202 0.011082
203 0.011217
204 0.010547
205 0.010480
206 0.010381
207 0.010377
208 0.010362
209 0.010351
210 0.010344
211 0.010334
212 0.010319
213 0.010309
214 0.010327
215 0.010394
216 0.010381
217 0.010318
218 0.010196
219 0.010174
220 0.010122
221 0.010121
222 0.011954
223 0.011958
224 0.010124
225 0.010132
226 0.010136
227 0.010138
228 0.010146
229 0.010416
230 0.011026
231 0.011023
232 0.010966
233 0.010541
234 0.010540
235 0.010362
236 0.010351
237 0.010342
238 0.010332
239 0.010328
240 0.010323
241 0.010348
242 0.010420
243 0.010423
244 0.010392
245 0.010289
246 0.010239
247 0.010197
248 0.010189
249 0.011778
250 0.011777
251 0.011967
252 0.010127
253 0.010136
254 0.010138
255 0.010145
256 0.010156
257 0.010379
258 0.010483
259 0.011035
260 0.011051
261 0.010745
262 0.010363
263 0.010350
264 0.010336
265 0.010333
266 0.010327
267 0.010321
268 0.010320
269 0.010426
270 0.010423
271 0.010396
272 0.010323
273 0.010305
274 0.010260
275 0.011711
276 0.011712
277 0.011795
278 0.011790
279 0.010602
280 0.010137
281 0.010149
282 0.010150
283 0.010159
284 0.010161
285 0.010343
286 0.010460
287 0.010627
288 0.011061
289 0.010372
290 0.010353
291 0.010341
292 0.010333
293 0.010325
294 0.010322
295 0.010320
296 0.010314
297 0.010316
298 0.010397
299 0.010319
300 0.010325
301 0.010319
302 0.011726
303 0.011663
304 0.011708
305 0.011705
306 0.010206
307 0.010202
308 0.010147
309 0.010152
310 0.010160
311 0.010166
312 0.010298
313 0.010331
314 0.010351
315 0.010401
316 0.010385
317 0.010366
318 0.010349
319 0.010333
320 0.010324
321 0.010319
322 0.010316
323 0.010315
324 0.010316
325 0.010315
326 0.010318
327 0.010320
328 0.011252
329 0.011737
330 0.011703
331 0.011690
332 0.011656
333 0.010208
334 0.010205
335 0.010200
336 0.010157
337 0.010161
338 0.010162
339 0.010168
340 0.010314
341 0.010345
342 0.010324
343 0.010379
344 0.010380
345 0.010361
346 0.010349
347 0.010332
348 0.010327
349 0.010320
350 0.010315
351 0.010312
352 0.010313
353 0.010318
354 0.010318
355 0.011531
356 0.011539
357 0.011660
358 0.011720
359 0.010270
360 0.010211
361 0.010208
362 0.010204
363 0.010202
364 0.010161
365 0.010162
366 0.010165
367 0.010170
368 0.010332
369 0.010363
370 0.010298
371 0.010359
372 0.010378
373 0.010357
374 0.010347
375 0.010335
376 0.010326
377 0.010318
378 0.010318
379 0.010311
380 0.010316
381 0.010317
382 0.011415
383 0.011425
384 0.011539
385 0.011542
386 0.010342
387 0.010291
388 0.010232
389 0.010207
390 0.010206
391 0.010201
392 0.010166
393 0.010168
394 0.010171
395 0.010305
396 0.010353
397 0.010294
398 0.010287
399 0.010338
400 0.010373
401 0.010361
402 0.010348
403 0.010339
404 0.010329
405 0.010321
406 0.010315
407 0.010316
408 0.011130
409 0.011139
410 0.011349
411 0.011426
412 0.010339
413 0.010343
414 0.010348
415 0.010327
416 0.010258
417 0.010208
418 0.010205
419 0.010204
420 0.010165
421 0.010174
422 0.010176
423 0.010323
424 0.010368
425 0.010306
426 0.010297
427 0.010327
428 0.010360
429 0.010366
430 0.010353
431 0.010339
432 0.010334
433 0.010325
434 0.010320
435 0.010703
436 0.010764
437 0.010953
438 0.011147
439 0.010337
440 0.010347
441 0.010346
442 0.010358
443 0.010645
444 0.010291
445 0.010208
446 0.010206
447 0.010204
448 0.010263
449 0.010176
450 0.010178
451 0.010339
452 0.010385
453 0.010310
454 0.010310
455 0.010317
456 0.010351
457 0.010366
458 0.010354
459 0.010350
460 0.010342
461 0.010383
462 0.010461
463 0.010595
464 0.010711
465 0.010472
466 0.010341
467 0.010348
468 0.010351
469 0.010357
470 0.011354
471 0.010970
472 0.010375
473 0.010232
474 0.010263
475 0.010344
476 0.010231
477 0.010252
478 0.010359
479 0.010450
480 0.010313
481 0.010314
482 0.010315
483 0.010412
484 0.010349
485 0.010368
486 0.010360
487 0.010355
488 0.010370
489 0.010366
490 0.010391
491 0.010415
492 0.010339
493 0.010344
494 0.010350
495 0.010352
496 0.010362
497 0.011313
498 0.011380
499 0.011058
500 0.010776
501 0.010397
502 0.010337
503 0.010327
504 0.010002
505 0.010160
506 0.010334
507 0.010422
508 0.010397
509 0.010402
510 0.010443
511 0.010415
512 0.010442
513 0.010367
514 0.010375
515 0.010365
516 0.010356
517 0.010377
518 0.010377
519 0.010350
520 0.010353
521 0.010354
522 0.010357
523 0.010365
524 0.011068
525 0.011405
526 0.011558
527 0.011720
528 0.011135
529 0.010403
530 0.010303
531 0.010032
532 0.010002
533 0.010002
534 0.010221
535 0.010285
536 0.010376
537 0.010385
538 0.010488
539 0.010497
540 0.010449
541 0.010457
542 0.010380
543 0.010373
544 0.010370
545 0.010365
546 0.010362
547 0.010362
548 0.010366
549 0.010366
550 0.010428
551 0.011009
552 0.011172
553 0.011199
554 0.011570
555 0.011706
556 0.011368
557 0.010555
558 0.010031
559 0.010031
560 0.010002
561 0.010002
562 0.010191
563 0.010247
564 0.010259
565 0.010357
566 0.010465
567 0.010475
568 0.010390
569 0.010426
570 0.010489
571 0.010463
572 0.010382
573 0.010378
574 0.010375
575 0.010375
576 0.010543
577 0.010543
578 0.010532
579 0.010683
580 0.010980
581 0.011146
582 0.011137
583 0.011281
584 0.011650
585 0.010030
586 0.010030
587 0.010029
588 0.010002
589 0.010002
590 0.010146
591 0.010223
592 0.010342
593 0.010352
594 0.010355
595 0.010260
596 0.010262
597 0.010452
598 0.010517
599 0.010542
600 0.010449
601 0.010648
602 0.010657
603 0.010575
604 0.010537
605 0.010530
606 0.010523
607 0.010320
608 0.010449
609 0.010804
610 0.010977
611 0.011083
612 0.010030
613 0.010030
614 0.010028
615 0.010028
616 0.010002
617 0.010002
618 0.010002
619 0.010251
620 0.010318
621 0.010339
622 0.010251
623 0.010322
624 0.010353
625 0.010367
626 0.010534
627 0.010651
628 0.010690
629 0.010585
630 0.010596
631 0.010606
632 0.010393
633 0.010328
634 0.010323
635 0.010312
636 0.010297
637 0.010416
638 0.010563
639 0.010029
640 0.010029
641 0.010027
642 0.011872
643 0.012061
644 0.010002
645 0.010002
646 0.010002
647 0.010002
648 0.010193
649 0.010241
650 0.010334
651 0.010445
652 0.010507
653 0.010465
654 0.010491
655 0.010555
656 0.010510
657 0.010057
658 0.010055
659 0.010312
660 0.010243
661 0.010260
662 0.010277
663 0.010286
664 0.010270
665 0.010219
666 0.010029
667 0.010027
668 0.010026
669 0.011869
670 0.011875
671 0.011982
672 0.011444
673 0.010002
674 0.010002
675 0.010002
676 0.010002
677 0.010002
678 0.010403
679 0.010441
680 0.010358
681 0.010329
682 0.010023
683 0.010046
684 0.010057
685 0.010054
686 0.010052
687 0.010051
688 0.010049
689 0.010042
690 0.010194
691 0.010206
692 0.010190
693 0.010031
694 0.010029
695 0.010027
696 0.011869
697 0.011869
698 0.011841
699 0.011968
700 0.011444
701 0.011444
702 0.010002
703 0.010002
704 0.010002
705 0.010002
706 0.010002
707 0.010002
708 0.010002
709 0.010002
710 0.010013
711 0.010035
712 0.010052
713 0.010055
714 0.010049
715 0.010047
716 0.010046
717 0.010043
718 0.010035
719 0.010034
720 0.010033
721 0.010031
722 0.010028
723 0.011886
724 0.011603
725 0.011776
726 0.011867
727 0.011868
728 0.011444
729 0.011444
730 0.011444
731 0.011444
732 0.010002
733 0.010002
734 0.010002
735 0.010002
736 0.010002
737 0.010002
738 0.010002
739 0.010027
740 0.010045
741 0.010052
742 0.010049
743 0.010047
744 0.010043
745 0.010040
746 0.010035
747 0.010032
748 0.010031
749 0.010029
750 0.011006
751 0.010519
752 0.010644
753 0.011041
754 0.011927
755 0.011867
756 0.011444
757 0.011444
758 0.011648
759 0.011693
760 0.011444
761 0.010002
762 0.010002
763 0.010002
764 0.010002
765 0.010002
766 0.010002
767 0.010018
768 0.010038
769 0.010049
770 0.010048
771 0.010047
772 0.010042
773 0.010036
774 0.010035
775 0.010034
776 0.010031
777 0.010415
778 0.010301
779 0.010306
780 0.010370
781 0.010462
782 0.011001
783 0.011867
