0 0.010009
1 0.006808
2 0.004005
3 0.002631
4 0.001940
5 0.001614
6 0.001450
7 0.001375
8 0.000375
9 0.000144
10 0.000209
11 0.000285
12 0.000316
13 0.000503
14 0.000707
15 0.000597
16 0.000197
17 0.000139
18 0.000443
19 0.002352
20 0.006824
21 0.009732
22 0.006916
23 0.003761
24 0.002136
25 0.001850
26 0.002072
27 0.002100
28 0.010010
29 0.010009
30 0.006626
31 0.003767
32 0.002122
33 0.001669
34 0.001374
35 0.000892
36 0.000134
37 0.000052
38 0.000092
39 0.000199
40 0.000273
41 0.000618
42 0.001879
43 0.001339
44 0.000270
45 0.000110
46 0.000186
47 0.001327
48 0.008997
49 0.007073
50 0.000004
51 0.000001
52 0.001838
53 0.002017
54 0.001758
55 0.002024
56 0.009387
57 0.010011
58 0.010011
59 0.006487
60 0.003558
61 0.001643
62 0.001303
63 0.000407
64 0.000069
65 0.000024
66 0.000051
67 0.000095
68 0.000281
69 0.000834
70 0.003119
71 0.002266
72 0.000615
73 0.000088
74 0.000106
75 0.000897
76 0.000023
77 0.000001
78 0.000001
79 0.000001
80 0.000001
81 0.001667
82 0.001880
83 0.001701
84 0.005552
85 0.008211
86 0.010012
87 0.010012
88 0.005481
89 0.002867
90 0.001416
91 0.000165
92 0.000027
93 0.000019
94 0.000020
95 0.000040
96 0.000210
97 0.001341
98 0.002887
99 0.004916
100 0.001154
101 0.000089
102 0.000001
103 0.000001
104 0.000001
105 0.000001
106 0.000001
107 0.000001
108 0.000010
109 0.001519
110 0.001560
111 0.002626
112 0.002762
113 0.004609
114 0.006848
115 0.010013
116 0.000001
117 0.000001
118 0.000001
119 0.000001
120 0.000001
121 0.000005
122 0.000015
123 0.000027
124 0.000205
125 0.001463
126 0.002926
127 0.000454
128 0.000015
129 0.000001
130 0.000001
131 0.000001
132 0.000001
133 0.000001
134 0.000001
135 0.000002
136 0.000386
137 0.001404
138 0.002420
139 0.004322
140 0.001855
141 0.002206
142 0.003656
143 0.005704
144 0.000001
145 0.000001
146 0.000001
147 0.000001
148 0.000001
149 0.000001
150 0.000001
151 0.000001
152 0.000002
153 0.000005
154 0.000016
155 0.000003
156 0.000004
157 0.000001
158 0.000001
159 0.000001
160 0.000001
161 0.000001
162 0.000002
163 0.000489
164 0.001436
165 0.002231
166 0.004087
167 0.006087
168 0.001530
169 0.001382
170 0.001654
171 0.002835
172 0.000001
173 0.000001
174 0.000002
175 0.000002
176 0.000001
177 0.000001
178 0.000001
179 0.000001
180 0.000001
181 0.000001
182 0.000001
183 0.000001
184 0.000001
185 0.000001
186 0.000001
187 0.000001
188 0.000001
189 0.000001
190 0.000012
191 0.000501
192 0.002408
193 0.003799
194 0.006703
195 0.008122
196 0.001374
197 0.001303
198 0.001069
199 0.001216
200 0.000024
201 0.000001
202 0.000001
203 0.000002
204 0.000002
205 0.000001
206 0.000001
207 0.000001
208 0.000001
209 0.000001
210 0.000001
211 0.000001
212 0.000001
213 0.000001
214 0.000001
215 0.000001
216 0.000001
217 0.000002
218 0.000114
219 0.000262
220 0.004460
221 0.008115
222 0.008221
223 0.006064
224 0.001303
225 0.001063
226 0.000950
227 0.000898
228 0.000744
229 0.000001
230 0.000001
231 0.000001
232 0.000002
233 0.000001
234 0.000001
235 0.000001
236 0.000002
237 0.000001
238 0.000001
239 0.000001
240 0.000001
241 0.000001
242 0.000001
243 0.000001
244 0.000001
245 0.000002
246 0.000006
247 0.000186
248 0.000599
249 0.000876
250 0.000907
251 0.000946
252 0.001235
253 0.000950
254 0.000898
255 0.000570
256 0.000160
257 0.000001
258 0.000001
259 0.000001
260 0.000001
261 0.000004
262 0.000005
263 0.000005
264 0.000004
265 0.000002
266 0.000001
267 0.000001
268 0.000001
269 0.000001
270 0.000001
271 0.000001
272 0.000002
273 0.000003
274 0.000002
275 0.000063
276 0.000067
277 0.000066
278 0.000071
279 0.000076
280 0.000950
281 0.000398
282 0.000243
283 0.000085
284 0.000045
285 0.000001
286 0.000001
287 0.000001
288 0.000001
289 0.000007
290 0.999974
291 0.000024
292 0.000003
293 0.000002
294 0.000002
295 0.000001
296 0.000001
297 0.000001
298 0.000001
299 0.000002
300 0.000004
301 0.000002
302 0.000001
303 0.000044
304 0.000030
305 0.000023
306 0.000020
307 0.000023
308 0.000301
309 0.000141
310 0.000062
311 0.000027
312 0.000006
313 0.000001
314 0.000001
315 0.000001
316 0.000001
317 0.000003
318 0.000045
319 0.000356
320 0.000009
321 0.000002
322 0.000001
323 0.000001
324 0.000001
325 0.000001
326 0.000002
327 0.000041
328 0.000014
329 0.000001
330 0.000001
331 0.000003
332 0.000016
333 0.000013
334 0.000017
335 0.000029
336 0.000137
337 0.000071
338 0.000058
339 0.000064
340 0.000004
341 0.000001
342 0.000001
343 0.000001
344 0.000001
345 0.000001
346 0.000002
347 0.000020
348 0.000292
349 0.000016
350 0.000001
351 0.000001
352 0.000001
353 0.000001
354 0.000007
355 0.999961
356 0.000304
357 0.000002
358 0.000001
359 0.000001
360 0.000016
361 0.000014
362 0.000021
363 0.000024
364 0.000273
365 0.000246
366 0.000226
367 0.000241
368 0.000003
369 0.000001
370 0.000001
371 0.000001
372 0.000001
373 0.000001
374 0.000001
375 0.000004
376 0.000047
377 0.000017
378 0.000002
379 0.000001
380 0.000001
381 0.000001
382 0.000006
383 0.000694
384 0.001979
385 0.000005
386 0.000001
387 0.000001
388 0.000018
389 0.000045
390 0.000030
391 0.000025
392 0.001454
393 0.001279
394 0.001267
395 0.000131
396 0.000001
397 0.000001
398 0.000001
399 0.000001
400 0.000001
401 0.000001
402 0.000001
403 0.000002
404 0.000003
405 0.000003
406 0.000002
407 0.000001
408 0.000001
409 0.000001
410 0.000003
411 0.000006
412 0.000016
413 0.000014
414 0.000002
415 0.000001
416 0.000007
417 0.000144
418 0.000109
419 0.000069
420 0.007301
421 0.008112
422 0.004297
423 0.000068
424 0.000001
425 0.000001
426 0.000001
427 0.000001
428 0.000001
429 0.000001
430 0.000002
431 0.000001
432 0.000001
433 0.000001
434 0.000002
435 0.000003
436 0.000005
437 0.000002
438 0.000002
439 0.000001
440 0.000002
441 0.000009
442 0.000002
443 0.000001
444 0.000002
445 0.000411
446 0.000337
447 0.000209
448 0.017209
449 0.015960
450 0.010388
451 0.000034
452 0.000001
453 0.000001
454 0.000001
455 0.000004
456 0.000004
457 0.000003
458 0.000002
459 0.000001
460 0.000001
461 0.000001
462 0.000001
463 0.000002
464 0.000004
465 0.000005
466 0.000002
467 0.000001
468 0.000001
469 0.000002
470 0.000002
471 0.000001
472 0.000001
473 0.000112
474 0.000425
475 0.000664
476 0.015907
477 0.013883
478 0.002402
479 0.000005
480 0.000001
481 0.000002
482 0.000019
483 0.000423
484 0.000036
485 0.000003
486 0.000001
487 0.000001
488 0.000001
489 0.000001
490 0.000001
491 0.000001
492 0.000002
493 0.000003
494 0.000002
495 0.000001
496 0.000001
497 0.000001
498 0.000002
499 0.000001
500 0.000001
501 0.000007
502 0.001134
503 0.002867
504 0.007683
505 0.005908
506 0.000175
507 0.000001
508 0.000001
509 0.000012
510 0.000701
511 0.999954
512 0.000079
513 0.000003
514 0.000001
515 0.000001
516 0.000001
517 0.000001
518 0.000001
519 0.000001
520 0.000001
521 0.000002
522 0.000002
523 0.000001
524 0.000001
525 0.000001
526 0.000001
527 0.000001
528 0.000001
529 0.000004
530 0.001742
531 0.006580
532 0.003893
533 0.002267
534 0.000023
535 0.000001
536 0.000003
537 0.000227
538 0.006372
539 0.000401
540 0.000011
541 0.000002
542 0.000001
543 0.000001
544 0.000001
545 0.000001
546 0.000001
547 0.000001
548 0.000001
549 0.000001
550 0.000001
551 0.000001
552 0.000001
553 0.000001
554 0.000001
555 0.000003
556 0.000003
557 0.000010
558 0.001558
559 0.002735
560 0.002190
561 0.001771
562 0.000032
563 0.000002
564 0.000032
565 0.001795
566 0.000382
567 0.000016
568 0.000002
569 0.000001
570 0.000001
571 0.000001
572 0.000001
573 0.000001
574 0.000001
575 0.000001
576 0.000001
577 0.000001
578 0.000001
579 0.000001
580 0.000001
581 0.000002
582 0.000002
583 0.000007
584 0.000014
585 0.001541
586 0.000827
587 0.001437
588 0.002052
589 0.002869
590 0.000418
591 0.000035
592 0.000513
593 0.000396
594 0.000015
595 0.000002
596 0.000001
597 0.000001
598 0.000001
599 0.000001
600 0.000001
601 0.000001
602 0.000001
603 0.000001
604 0.000001
605 0.000001
606 0.000001
607 0.000001
608 0.000001
609 0.000002
610 0.000004
611 0.000088
612 0.006760
613 0.003180
614 0.001890
615 0.001167
616 0.003406
617 0.005271
618 0.008374
619 0.003612
620 0.000840
621 0.000019
622 0.000001
623 0.000001
624 0.000001
625 0.000001
626 0.000001
627 0.000001
628 0.000001
629 0.000001
630 0.000001
631 0.000002
632 0.000003
633 0.000002
634 0.000001
635 0.000001
636 0.000002
637 0.000004
638 0.000139
639 0.010017
640 0.010010
641 0.008306
642 0.000001
643 0.000001
644 0.005360
645 0.008371
646 0.010012
647 0.006971
648 0.002323
649 0.000013
650 0.000002
651 0.000001
652 0.000001
653 0.000002
654 0.000001
655 0.000001
656 0.000007
657 0.000100
658 0.000113
659 0.000023
660 0.000012
661 0.000006
662 0.000003
663 0.000003
664 0.000004
665 0.000215
666 0.010024
667 0.010020
668 0.010015
669 0.000001
670 0.000001
671 0.000001
672 0.000001
673 0.010011
674 0.007911
675 0.004365
676 0.002694
677 0.001632
678 0.000034
679 0.000019
680 0.000037
681 0.000143
682 0.000326
683 0.000114
684 0.000086
685 0.000135
686 0.000152
687 0.000160
688 0.000174
689 0.000430
690 0.000110
691 0.000131
692 0.000653
693 0.007396
694 0.010019
695 0.010021
696 0.000001
697 0.000001
698 0.000001
699 0.000001
700 0.000001
701 0.000001
702 0.005053
703 0.003162
704 0.001960
705 0.001895
706 0.001632
707 0.001575
708 0.001467
709 0.001250
710 0.001259
711 0.000447
712 0.000169
713 0.000119
714 0.000192
715 0.000308
716 0.000187
717 0.000222
718 0.000540
719 0.000918
720 0.002168
721 0.004863
722 0.008319
723 0.000001
724 0.000001
725 0.000001
726 0.000001
727 0.000001
728 0.000001
729 0.000001
730 0.000001
731 0.000001
732 0.002026
733 0.001960
734 0.001691
735 0.001632
736 0.001575
737 0.002188
738 0.004481
739 0.001572
740 0.000317
741 0.000160
742 0.000203
743 0.000271
744 0.000231
745 0.000151
746 0.000393
747 0.000668
748 0.001241
749 0.002981
750 0.000001
751 0.000001
752 0.000001
753 0.000001
754 0.000001
755 0.000001
756 0.000001
757 0.000001
758 0.000001
759 0.000001
760 0.000001
761 0.002026
762 0.001960
763 0.001691
764 0.001833
765 0.003661
766 0.007702
767 0.003219
768 0.000602
769 0.000205
770 0.000240
771 0.000211
772 0.000233
773 0.000276
774 0.000343
775 0.000425
776 0.000724
777 0.000003
778 0.000714
779 0.000986
780 0.000100
781 0.000002
782 0.000001
783 0.000001
