0 0.003694
1 0.003564
2 0.004158
3 0.006013
4 0.008092
5 0.010005
6 0.010111
7 0.007438
8 0.001116
9 0.000125
10 0.000079
11 0.000071
12 0.000075
13 0.000096
14 0.000160
15 0.000659
16 0.001388
17 0.002411
18 0.003422
19 0.006232
20 0.009625
21 0.009893
22 0.007394
23 0.005100
24 0.003001
25 0.002250
26 0.001993
27 0.001938
28 0.003795
29 0.003438
30 0.003009
31 0.003919
32 0.005815
33 0.008903
34 0.010006
35 0.007045
36 0.000812
37 0.000113
38 0.000053
39 0.000054
40 0.000054
41 0.000066
42 0.000167
43 0.000755
44 0.002056
45 0.002476
46 0.003240
47 0.006398
48 0.009253
49 0.007518
50 0.000090
51 0.000000
52 0.002126
53 0.001844
54 0.001553
55 0.001857
56 0.005099
57 0.003693
58 0.002969
59 0.002784
60 0.003587
61 0.005629
62 0.008969
63 0.003318
64 0.000664
65 0.000129
66 0.000087
67 0.000039
68 0.000034
69 0.000046
70 0.000162
71 0.000716
72 0.002547
73 0.002491
74 0.003234
75 0.005852
76 0.000198
77 0.000011
78 0.000001
79 0.000000
80 0.000000
81 0.001419
82 0.001707
83 0.001838
84 0.006974
85 0.005046
86 0.003588
87 0.002470
88 0.002255
89 0.003443
90 0.005374
91 0.001421
92 0.000316
93 0.000180
94 0.000091
95 0.000046
96 0.000028
97 0.000069
98 0.000171
99 0.000761
100 0.001498
101 0.001537
102 0.000090
103 0.000082
104 0.000007
105 0.000001
106 0.000000
107 0.000000
108 0.000000
109 0.001356
110 0.001701
111 0.002661
112 0.008280
113 0.007109
114 0.005051
115 0.003525
116 0.000000
117 0.000000
118 0.000000
119 0.000000
120 0.000002
121 0.000085
122 0.000146
123 0.000071
124 0.000050
125 0.000098
126 0.000282
127 0.000053
128 0.000030
129 0.000058
130 0.000039
131 0.000005
132 0.000001
133 0.000001
134 0.000000
135 0.000000
136 0.000164
137 0.001495
138 0.002398
139 0.003835
140 0.009098
141 0.008281
142 0.007548
143 0.005649
144 0.000000
145 0.000001
146 0.000000
147 0.000000
148 0.000000
149 0.000000
150 0.000000
151 0.000001
152 0.000003
153 0.000002
154 0.000011
155 0.000006
156 0.000016
157 0.000008
158 0.000010
159 0.000003
160 0.000001
161 0.000000
162 0.000000
163 0.000000
164 0.001564
165 0.002162
166 0.003567
167 0.005534
168 0.010001
169 0.009099
170 0.008478
171 0.008110
172 0.000001
173 0.000000
174 0.000001
175 0.000001
176 0.000001
177 0.000001
178 0.000000
179 0.000000
180 0.000000
181 0.000000
182 0.000000
183 0.000001
184 0.000001
185 0.000002
186 0.000001
187 0.000001
188 0.000001
189 0.000000
190 0.000000
191 0.000010
192 0.002279
193 0.003372
194 0.005800
195 0.008478
196 0.010002
197 0.010001
198 0.009316
199 0.008479
200 0.000236
201 0.000001
202 0.000000
203 0.000000
204 0.000001
205 0.000002
206 0.000005
207 0.000002
208 0.000001
209 0.000001
210 0.000000
211 0.000000
212 0.000000
213 0.000000
214 0.000000
215 0.000001
216 0.000000
217 0.000000
218 0.000000
219 0.000244
220 0.004132
221 0.006709
222 0.008990
223 0.009964
224 0.015553
225 0.010003
226 0.010001
227 0.009539
228 0.008681
229 0.000001
230 0.000000
231 0.000000
232 0.000000
233 0.000000
234 0.000002
235 0.000208
236 0.999984
237 0.000256
238 0.000005
239 0.000001
240 0.000000
241 0.000000
242 0.000000
243 0.000000
244 0.000000
245 0.000000
246 0.000001
247 0.000450
248 0.001139
249 0.002028
250 0.003372
251 0.004506
252 0.027529
253 0.024479
254 0.012892
255 0.007170
256 0.002565
257 0.000001
258 0.000000
259 0.000000
260 0.000000
261 0.000000
262 0.000001
263 0.000013
264 0.000259
265 0.001241
266 0.000080
267 0.000002
268 0.000000
269 0.000000
270 0.000000
271 0.000000
272 0.000000
273 0.000000
274 0.000004
275 0.000228
276 0.000343
277 0.000614
278 0.000844
279 0.000960
280 0.016251
281 0.011847
282 0.007820
283 0.003804
284 0.001775
285 0.000005
286 0.000000
287 0.000000
288 0.000002
289 0.000001
290 0.000001
291 0.000001
292 0.000004
293 0.000042
294 0.000236
295 0.000003
296 0.000001
297 0.000001
298 0.000000
299 0.000000
300 0.000000
301 0.000001
302 0.000059
303 0.000345
304 0.000386
305 0.000445
306 0.000424
307 0.000493
308 0.001239
309 0.002159
310 0.003289
311 0.004498
312 0.001356
313 0.000045
314 0.000000
315 0.000000
316 0.000001
317 0.000011
318 0.000007
319 0.000002
320 0.000001
321 0.000004
322 0.000003
323 0.000001
324 0.000001
325 0.000001
326 0.000001
327 0.000000
328 0.000001
329 0.000035
330 0.002002
331 0.001465
332 0.000904
333 0.000546
334 0.000412
335 0.000315
336 0.000458
337 0.000585
338 0.001588
339 0.007600
340 0.000488
341 0.000022
342 0.000000
343 0.000000
344 0.000001
345 0.000032
346 0.000443
347 0.000166
348 0.000006
349 0.000000
350 0.000000
351 0.000001
352 0.000005
353 0.000004
354 0.000000
355 0.000000
356 0.000001
357 0.000120
358 0.008334
359 0.004571
360 0.002355
361 0.000891
362 0.000396
363 0.000172
364 0.000781
365 0.001465
366 0.001469
367 0.001755
368 0.000027
369 0.000002
370 0.000001
371 0.000000
372 0.000000
373 0.000043
374 0.004917
375 0.012461
376 0.000012
377 0.000000
378 0.000000
379 0.000001
380 0.000008
381 0.000005
382 0.000001
383 0.000001
384 0.000001
385 0.000084
386 0.999919
387 0.003379
388 0.002012
389 0.000971
390 0.000398
391 0.000211
392 0.001102
393 0.001024
394 0.001048
395 0.000136
396 0.000001
397 0.000000
398 0.000000
399 0.000000
400 0.000001
401 0.000238
402 0.999982
403 0.000391
404 0.000009
405 0.000001
406 0.000001
407 0.000001
408 0.000002
409 0.000001
410 0.000001
411 0.000001
412 0.000001
413 0.000015
414 0.000172
415 0.000329
416 0.000398
417 0.000443
418 0.000491
419 0.000447
420 0.001011
421 0.000705
422 0.000704
423 0.000006
424 0.000000
425 0.000000
426 0.000000
427 0.000000
428 0.000002
429 0.000055
430 0.000105
431 0.000014
432 0.000002
433 0.000015
434 0.000065
435 0.000030
436 0.000001
437 0.000000
438 0.000001
439 0.000001
440 0.000000
441 0.000001
442 0.000006
443 0.000038
444 0.000106
445 0.000351
446 0.000443
447 0.000491
448 0.001044
449 0.000485
450 0.000196
451 0.000001
452 0.000000
453 0.000000
454 0.000000
455 0.000002
456 0.000001
457 0.000001
458 0.000001
459 0.000001
460 0.000007
461 0.000281
462 0.999983
463 0.000135
464 0.000001
465 0.000000
466 0.000000
467 0.000000
468 0.000000
469 0.000000
470 0.000001
471 0.000009
472 0.000083
473 0.000237
474 0.000360
475 0.000578
476 0.001678
477 0.000545
478 0.000052
479 0.000000
480 0.000000
481 0.000000
482 0.000001
483 0.000004
484 0.000001
485 0.000000
486 0.000000
487 0.000001
488 0.000014
489 0.000820
490 0.000522
491 0.000058
492 0.000001
493 0.000000
494 0.000000
495 0.000000
496 0.000000
497 0.000000
498 0.000000
499 0.000001
500 0.000080
501 0.000447
502 0.001080
503 0.002088
504 0.003014
505 0.001434
506 0.000051
507 0.000000
508 0.000000
509 0.000000
510 0.000002
511 0.000001
512 0.000000
513 0.000000
514 0.000000
515 0.000001
516 0.000010
517 0.000015
518 0.000003
519 0.000001
520 0.000001
521 0.000001
522 0.000000
523 0.000000
524 0.000000
525 0.000000
526 0.000000
527 0.000001
528 0.000016
529 0.000954
530 0.008329
531 0.013733
532 0.002645
533 0.003999
534 0.000077
535 0.000001
536 0.000001
537 0.000005
538 0.000003
539 0.000000
540 0.000000
541 0.000000
542 0.000000
543 0.000001
544 0.000001
545 0.000000
546 0.000000
547 0.000000
548 0.000000
549 0.000001
550 0.000001
551 0.000000
552 0.000000
553 0.000000
554 0.000000
555 0.000000
556 0.000023
557 0.001178
558 0.014196
559 0.017868
560 0.005592
561 0.009003
562 0.000135
563 0.000002
564 0.000007
565 0.000017
566 0.000002
567 0.000000
568 0.000000
569 0.000000
570 0.000000
571 0.000000
572 0.000000
573 0.000000
574 0.000000
575 0.000000
576 0.000000
577 0.000000
578 0.000001
579 0.000001
580 0.000001
581 0.000001
582 0.000000
583 0.000001
584 0.000032
585 0.003294
586 0.007193
587 0.011365
588 0.010560
589 0.012275
590 0.000799
591 0.000013
592 0.000011
593 0.000004
594 0.000001
595 0.000001
596 0.000003
597 0.000001
598 0.000000
599 0.000000
600 0.000000
601 0.000000
602 0.000000
603 0.000000
604 0.000000
605 0.000000
606 0.000001
607 0.000004
608 0.000007
609 0.000005
610 0.000003
611 0.000023
612 0.001029
613 0.001402
614 0.002823
615 0.006054
616 0.011354
617 0.010008
618 0.010006
619 0.000838
620 0.000013
621 0.000002
622 0.000001
623 0.000001
624 0.000001
625 0.000001
626 0.000000
627 0.000000
628 0.000000
629 0.000000
630 0.000000
631 0.000001
632 0.000000
633 0.000000
634 0.000001
635 0.000001
636 0.000005
637 0.000012
638 0.000084
639 0.001525
640 0.001062
641 0.001235
642 0.000000
643 0.000001
644 0.010008
645 0.010006
646 0.006905
647 0.003717
648 0.000949
649 0.000011
650 0.000002
651 0.000001
652 0.000002
653 0.000006
654 0.000005
655 0.000003
656 0.000005
657 0.000065
658 0.000194
659 0.000054
660 0.000018
661 0.000015
662 0.000009
663 0.000007
664 0.000020
665 0.000435
666 0.005055
667 0.003012
668 0.001837
669 0.000000
670 0.000000
671 0.000000
672 0.000000
673 0.007014
674 0.004342
675 0.002388
676 0.001840
677 0.001585
678 0.000054
679 0.000059
680 0.000249
681 0.001223
682 0.001947
683 0.000163
684 0.000025
685 0.000054
686 0.000135
687 0.000399
688 0.000808
689 0.004034
690 0.002461
691 0.001261
692 0.002531
693 0.010009
694 0.008763
695 0.005161
696 0.000000
697 0.000000
698 0.000000
699 0.000001
700 0.000000
701 0.000000
702 0.002824
703 0.001967
704 0.001902
705 0.002926
706 0.004653
707 0.010005
708 0.010010
709 0.008693
710 0.002003
711 0.000227
712 0.000046
713 0.000038
714 0.000112
715 0.000323
716 0.001271
717 0.004828
718 0.010002
719 0.010001
720 0.010005
721 0.010007
722 0.010009
723 0.000000
724 0.000000
725 0.000000
726 0.000000
727 0.000000
728 0.000000
729 0.000000
730 0.000000
731 0.000000
732 0.002745
733 0.004796
734 0.007756
735 0.010008
736 0.010010
737 0.005141
738 0.002277
739 0.000314
740 0.000091
741 0.000043
742 0.000077
743 0.000206
744 0.001335
745 0.005880
746 0.010005
747 0.010001
748 0.010001
749 0.010005
750 0.000000
751 0.000000
752 0.000000
753 0.000000
754 0.000000
755 0.000000
756 0.000000
757 0.000000
758 0.000000
759 0.000000
760 0.000000
761 0.006947
762 0.010005
763 0.010010
764 0.007719
765 0.003566
766 0.001666
767 0.000642
768 0.000153
769 0.000065
770 0.000064
771 0.000158
772 0.001206
773 0.007325
774 0.010009
775 0.010003
776 0.010001
777 0.000000
778 0.000807
779 0.000526
780 0.000003
781 0.000000
782 0.000000
783 0.000000
