0 0.002823
1 0.002700
2 0.002299
3 0.002471
4 0.002090
5 0.001757
6 0.001588
7 0.001750
8 0.000411
9 0.000097
10 0.000083
11 0.000088
12 0.000100
13 0.000272
14 0.000331
15 0.000239
16 0.000033
17 0.000054
18 0.000694
19 0.008246
20 0.013419
21 0.005661
22 0.002425
23 0.001996
24 0.001403
25 0.001150
26 0.001211
27 0.001275
28 0.002412
29 0.002583
30 0.002192
31 0.002090
32 0.001993
33 0.001813
34 0.001510
35 0.000929
36 0.000111
37 0.000034
38 0.000053
39 0.000067
40 0.000082
41 0.000114
42 0.000503
43 0.000603
44 0.000124
45 0.000143
46 0.000713
47 0.003808
48 0.006272
49 0.002503
50 0.000000
51 0.000000
52 0.001056
53 0.001092
54 0.000974
55 0.001211
56 0.002583
57 0.002192
58 0.002090
59 0.001993
60 0.001813
61 0.001510
62 0.001436
63 0.000344
64 0.000037
65 0.000015
66 0.000033
67 0.000055
68 0.000059
69 0.000078
70 0.000562
71 0.001893
72 0.003197
73 0.000380
74 0.000439
75 0.000903
76 0.000001
77 0.000000
78 0.000000
79 0.000000
80 0.000000
81 0.000872
82 0.001092
83 0.000974
84 0.002471
85 0.002090
86 0.001757
87 0.001588
88 0.001510
89 0.001436
90 0.001300
91 0.000115
92 0.000013
93 0.000008
94 0.000014
95 0.000026
96 0.000052
97 0.000115
98 0.000367
99 0.006864
100 0.016433
101 0.000772
102 0.000000
103 0.000000
104 0.000000
105 0.000000
106 0.000000
107 0.000000
108 0.000000
109 0.000826
110 0.000872
111 0.001092
112 0.002090
113 0.001993
114 0.001588
115 0.001510
116 0.000000
117 0.000000
118 0.000000
119 0.000000
120 0.000000
121 0.000002
122 0.000008
123 0.000014
124 0.000037
125 0.000309
126 0.000854
127 0.000331
128 0.000021
129 0.000000
130 0.000000
131 0.000000
132 0.000000
133 0.000000
134 0.000000
135 0.000000
136 0.002600
137 0.000654
138 0.000826
139 0.001038
140 0.001993
141 0.001670
142 0.001510
143 0.001436
144 0.000000
145 0.000000
146 0.000000
147 0.000000
148 0.000000
149 0.000000
150 0.000000
151 0.000000
152 0.000001
153 0.000001
154 0.000001
155 0.000000
156 0.000000
157 0.000000
158 0.000000
159 0.000000
160 0.000000
161 0.000000
162 0.000000
163 0.000000
164 0.000665
165 0.000618
166 0.000782
167 0.000826
168 0.001670
169 0.001510
170 0.001436
171 0.001300
172 0.000000
173 0.000000
174 0.000000
175 0.000000
176 0.000000
177 0.000000
178 0.000000
179 0.000000
180 0.000000
181 0.000000
182 0.000000
183 0.000000
184 0.000000
185 0.000000
186 0.000000
187 0.000000
188 0.000000
189 0.000000
190 0.000000
191 0.000080
192 0.000520
193 0.000551
194 0.000583
195 0.000858
196 0.001510
197 0.001436
198 0.001186
199 0.001067
200 0.000241
201 0.000000
202 0.000000
203 0.000000
204 0.000000
205 0.000000
206 0.000000
207 0.000000
208 0.000000
209 0.000000
210 0.000000
211 0.000000
212 0.000000
213 0.000000
214 0.000000
215 0.000000
216 0.000000
217 0.000000
218 0.000000
219 0.000371
220 0.000520
221 0.000551
222 0.000641
223 0.001324
224 0.001436
225 0.001186
226 0.001067
227 0.001012
228 0.000781
229 0.000000
230 0.000000
231 0.000000
232 0.000000
233 0.000000
234 0.000000
235 0.000000
236 0.000000
237 0.000000
238 0.000000
239 0.000000
240 0.000000
241 0.000000
242 0.000000
243 0.000000
244 0.000000
245 0.000000
246 0.000000
247 0.000019
248 0.000036
249 0.000079
250 0.000282
251 0.000749
252 0.001820
253 0.001067
254 0.001013
255 0.000473
256 0.000061
257 0.000000
258 0.000000
259 0.000000
260 0.000000
261 0.000000
262 0.000000
263 0.000000
264 0.000000
265 0.000000
266 0.000000
267 0.000000
268 0.000000
269 0.000000
270 0.000000
271 0.000000
272 0.000000
273 0.000000
274 0.000002
275 0.000004
276 0.000011
277 0.000040
278 0.000108
279 0.000322
280 0.003655
281 0.000539
282 0.000117
283 0.000018
284 0.000007
285 0.000000
286 0.000000
287 0.000000
288 0.000000
289 0.000000
290 0.000000
291 0.000000
292 0.000000
293 0.000000
294 0.000000
295 0.000000
296 0.000000
297 0.000000
298 0.000000
299 0.000000
300 0.000000
301 0.000000
302 0.000000
303 0.000011
304 0.000028
305 0.000082
306 0.000164
307 0.000184
308 0.000859
309 0.000179
310 0.000033
311 0.000006
312 0.000000
313 0.000000
314 0.000000
315 0.000000
316 0.000000
317 0.000000
318 0.000000
319 0.000000
320 0.000000
321 0.000000
322 0.000000
323 0.000000
324 0.000000
325 0.000000
326 0.000000
327 0.000000
328 0.000000
329 0.000000
330 0.000000
331 0.000005
332 0.000100
333 0.000152
334 0.000145
335 0.000107
336 0.000218
337 0.000103
338 0.000048
339 0.000015
340 0.000000
341 0.000000
342 0.000000
343 0.000000
344 0.000000
345 0.000000
346 0.000000
347 0.000000
348 0.000000
349 0.000000
350 0.000000
351 0.000000
352 0.000000
353 0.000000
354 0.000000
355 0.000000
356 0.000002
357 0.000047
358 0.000000
359 0.000002
360 0.000120
361 0.000079
362 0.000052
363 0.000034
364 0.000154
365 0.000215
366 0.000086
367 0.000063
368 0.000000
369 0.000000
370 0.000000
371 0.000000
372 0.000000
373 0.000000
374 0.000000
375 0.000000
376 0.000000
377 0.000000
378 0.000000
379 0.000000
380 0.000000
381 0.000000
382 0.000000
383 0.000000
384 0.002735
385 0.001543
386 0.000010
387 0.000000
388 0.000011
389 0.000027
390 0.000016
391 0.000014
392 0.000053
393 0.000051
394 0.000056
395 0.000010
396 0.000000
397 0.000000
398 0.000000
399 0.000000
400 0.000000
401 0.000001
402 0.000000
403 0.000000
404 0.000000
405 0.000000
406 0.000000
407 0.000000
408 0.000000
409 0.000000
410 0.000000
411 0.000001
412 0.999996
413 0.030125
414 0.000021
415 0.000000
416 0.000001
417 0.000009
418 0.000009
419 0.000010
420 0.000010
421 0.000017
422 0.000019
423 0.000000
424 0.000000
425 0.000000
426 0.000000
427 0.000032
428 0.000694
429 0.000004
430 0.000000
431 0.000000
432 0.000000
433 0.000000
434 0.000000
435 0.000000
436 0.000000
437 0.000000
438 0.000000
439 0.000001
440 0.000418
441 0.033673
442 0.000054
443 0.000001
444 0.000000
445 0.000019
446 0.000015
447 0.000012
448 0.000017
449 0.000007
450 0.000004
451 0.000000
452 0.000000
453 0.000000
454 0.000007
455 0.018108
456 0.999996
457 0.000001
458 0.000000
459 0.000000
460 0.000000
461 0.000000
462 0.000000
463 0.000000
464 0.000000
465 0.000000
466 0.000000
467 0.000000
468 0.000001
469 0.000009
470 0.000150
471 0.000002
472 0.000000
473 0.000013
474 0.000036
475 0.000040
476 0.000063
477 0.000028
478 0.000003
479 0.000000
480 0.000000
481 0.000000
482 0.000402
483 0.044441
484 0.000017
485 0.000000
486 0.000000
487 0.000000
488 0.000000
489 0.000000
490 0.000000
491 0.000000
492 0.000000
493 0.000000
494 0.000000
495 0.000000
496 0.000000
497 0.000000
498 0.000010
499 0.000005
500 0.000002
501 0.000009
502 0.000450
503 0.000559
504 0.000325
505 0.000172
506 0.000004
507 0.000000
508 0.000000
509 0.000024
510 0.002582
511 0.000005
512 0.000000
513 0.000000
514 0.000000
515 0.000000
516 0.000000
517 0.000000
518 0.000000
519 0.000000
520 0.000000
521 0.000000
522 0.000000
523 0.000000
524 0.000000
525 0.000000
526 0.000000
527 0.000026
528 0.000001
529 0.000010
530 0.004049
531 0.010006
532 0.000303
533 0.000746
534 0.000008
535 0.000000
536 0.000017
537 0.003610
538 0.000033
539 0.000000
540 0.000000
541 0.000000
542 0.000000
543 0.000000
544 0.000000
545 0.000000
546 0.000000
547 0.000000
548 0.000000
549 0.000000
550 0.000000
551 0.000000
552 0.000000
553 0.000000
554 0.000000
555 0.000006
556 0.000006
557 0.000034
558 0.004642
559 0.008254
560 0.001326
561 0.002943
562 0.000029
563 0.000001
564 0.000553
565 0.003146
566 0.000001
567 0.000000
568 0.000000
569 0.000000
570 0.000000
571 0.000000
572 0.000000
573 0.000000
574 0.000000
575 0.000000
576 0.000000
577 0.000000
578 0.000000
579 0.000000
580 0.000000
581 0.000000
582 0.000000
583 0.000003
584 0.000045
585 0.000959
586 0.001850
587 0.003801
588 0.003944
589 0.009443
590 0.000441
591 0.000193
592 0.000370
593 0.000006
594 0.000000
595 0.000000
596 0.000000
597 0.000000
598 0.000000
599 0.000000
600 0.000000
601 0.000000
602 0.000000
603 0.000000
604 0.000000
605 0.000000
606 0.000000
607 0.000000
608 0.000000
609 0.000000
610 0.000000
611 0.000006
612 0.000482
613 0.000526
614 0.000967
615 0.001597
616 0.012477
617 0.010005
618 0.010004
619 0.004732
620 0.000199
621 0.000000
622 0.000000
623 0.000000
624 0.000000
625 0.000000
626 0.000000
627 0.000000
628 0.000000
629 0.000000
630 0.000000
631 0.000000
632 0.000000
633 0.000000
634 0.000000
635 0.000000
636 0.000000
637 0.000000
638 0.000007
639 0.000482
640 0.000503
641 0.000606
642 0.000000
643 0.000000
644 0.010004
645 0.010004
646 0.004995
647 0.001641
648 0.000214
649 0.000001
650 0.000000
651 0.000000
652 0.000000
653 0.000000
654 0.000000
655 0.000001
656 0.000001
657 0.000002
658 0.000001
659 0.000001
660 0.000001
661 0.000001
662 0.000000
663 0.000000
664 0.000000
665 0.000012
666 0.000482
667 0.000581
668 0.000606
669 0.000000
670 0.000000
671 0.000000
672 0.000000
673 0.005141
674 0.002160
675 0.000764
676 0.000494
677 0.000386
678 0.000003
679 0.000001
680 0.000003
681 0.000014
682 0.000172
683 0.000161
684 0.000033
685 0.000007
686 0.000003
687 0.000015
688 0.000165
689 0.000322
690 0.000052
691 0.000028
692 0.000067
693 0.000462
694 0.000503
695 0.000606
696 0.000000
697 0.000000
698 0.000000
699 0.000000
700 0.000000
701 0.000000
702 0.001019
703 0.000553
704 0.000523
705 0.000494
706 0.000386
707 0.000364
708 0.000325
709 0.000251
710 0.000194
711 0.000172
712 0.000124
713 0.000018
714 0.000015
715 0.000060
716 0.000277
717 0.000290
718 0.000366
719 0.000382
720 0.000400
721 0.000482
722 0.000581
723 0.000000
724 0.000000
725 0.000000
726 0.000000
727 0.000000
728 0.000000
729 0.000000
730 0.000000
731 0.000000
732 0.000553
733 0.000523
734 0.000409
735 0.000386
736 0.000364
737 0.000283
738 0.000251
739 0.000237
740 0.000223
741 0.000049
742 0.000054
743 0.000178
744 0.000336
745 0.000350
746 0.000382
747 0.000462
748 0.000482
749 0.000581
750 0.000000
751 0.000000
752 0.000000
753 0.000000
754 0.000000
755 0.000000
756 0.000000
757 0.000000
758 0.000000
759 0.000000
760 0.000000
761 0.000553
762 0.000523
763 0.000409
764 0.000386
765 0.000364
766 0.000344
767 0.000325
768 0.000237
769 0.000256
770 0.000280
771 0.000532
772 0.000350
773 0.000424
774 0.000382
775 0.000418
776 0.000503
777 0.000000
778 0.000034
779 0.000022
780 0.000000
781 0.000000
782 0.000000
783 0.000000
