0 0.000200
1 0.000177
2 0.000116
3 0.000140
4 0.000090
5 0.000058
6 0.000045
7 0.000040
8 0.000005
9 0.000001
10 0.000002
11 0.000006
12 0.000037
13 0.000024
14 0.000004
15 0.000001
16 0.000001
17 0.000001
18 0.000001
19 0.000037
20 0.000398
21 0.000424
22 0.000560
23 0.000596
24 0.000516
25 0.000552
26 0.000718
27 0.000764
28 0.000131
29 0.000157
30 0.000102
31 0.000090
32 0.000080
33 0.000063
34 0.000040
35 0.000021
36 0.000001
37 0.000001
38 0.000002
39 0.000017
40 0.000033
41 0.000009
42 0.000001
43 0.000001
44 0.000001
45 0.000001
46 0.000001
47 0.000006
48 0.000300
49 0.000398
50 0.000001
51 0.000000
52 0.000484
53 0.000634
54 0.000552
55 0.000718
56 0.000157
57 0.000102
58 0.000090
59 0.000080
60 0.000063
61 0.000040
62 0.000036
63 0.000006
64 0.000001
65 0.000001
66 0.000004
67 0.000021
68 0.000016
69 0.000002
70 0.000001
71 0.000001
72 0.000001
73 0.000001
74 0.000001
75 0.000001
76 0.000001
77 0.000001
78 0.000000
79 0.000000
80 0.000000
81 0.000484
82 0.000634
83 0.000552
84 0.000140
85 0.000090
86 0.000058
87 0.000045
88 0.000040
89 0.000036
90 0.000028
91 0.000002
92 0.000001
93 0.000001
94 0.000010
95 0.000026
96 0.000006
97 0.000001
98 0.000001
99 0.000001
100 0.000001
101 0.000001
102 0.000001
103 0.000000
104 0.000001
105 0.000001
106 0.000000
107 0.000000
108 0.000000
109 0.000453
110 0.000484
111 0.000634
112 0.000090
113 0.000080
114 0.000045
115 0.000040
116 0.000067
117 0.000049
118 0.000023
119 0.000001
120 0.000001
121 0.000003
122 0.000024
123 0.000023
124 0.000002
125 0.000001
126 0.000001
127 0.000001
128 0.000001
129 0.000000
130 0.000001
131 0.000001
132 0.000001
133 0.000001
134 0.000000
135 0.000000
136 0.000001
137 0.000343
138 0.000453
139 0.000596
140 0.000080
141 0.000051
142 0.000040
143 0.000036
144 0.000053
145 0.000044
146 0.000006
147 0.000001
148 0.000001
149 0.000009
150 0.000040
151 0.000012
152 0.000001
153 0.000001
154 0.000001
155 0.000000
156 0.000000
157 0.000001
158 0.000001
159 0.000001
160 0.000001
161 0.000000
162 0.000000
163 0.000000
164 0.000350
165 0.000321
166 0.000424
167 0.000453
168 0.000051
169 0.000040
170 0.000036
171 0.000028
172 0.000050
173 0.000037
174 0.000002
175 0.000001
176 0.000002
177 0.000061
178 0.000005
179 0.000001
180 0.000001
181 0.000000
182 0.000000
183 0.000000
184 0.000001
185 0.000001
186 0.000001
187 0.000001
188 0.000000
189 0.000000
190 0.000000
191 0.000001
192 0.000262
193 0.000280
194 0.000299
195 0.000424
196 0.000040
197 0.000036
198 0.000023
199 0.000018
200 0.000039
201 0.000024
202 0.000001
203 0.000001
204 0.000001
205 0.000002
206 0.000001
207 0.000001
208 0.000000
209 0.000000
210 0.000001
211 0.000001
212 0.000001
213 0.000001
214 0.000000
215 0.000000
216 0.000000
217 0.000000
218 0.000000
219 0.000001
220 0.000262
221 0.000280
222 0.000280
223 0.000373
224 0.000102
225 0.000023
226 0.000018
227 0.000016
228 0.000009
229 0.000003
230 0.000001
231 0.000001
232 0.000002
233 0.000002
234 0.000001
235 0.000001
236 0.000001
237 0.000001
238 0.000001
239 0.000001
240 0.000001
241 0.000000
242 0.000000
243 0.000000
244 0.000000
245 0.000000
246 0.000000
247 0.000398
248 0.000374
249 0.000302
250 0.000405
251 0.000375
252 0.000753
253 0.000112
254 0.000032
255 0.000004
256 0.000001
257 0.000001
258 0.000001
259 0.000001
260 0.000002
261 0.000001
262 0.000001
263 0.000001
264 0.000001
265 0.000001
266 0.000001
267 0.000001
268 0.000000
269 0.000000
270 0.000000
271 0.000000
272 0.000000
273 0.000000
274 0.000001
275 0.000241
276 0.000342
277 0.000328
278 0.000341
279 0.000472
280 0.010029
281 0.000074
282 0.000003
283 0.000001
284 0.000001
285 0.000001
286 0.000001
287 0.000002
288 0.000002
289 0.000001
290 0.000001
291 0.000001
292 0.000001
293 0.000001
294 0.000001
295 0.000000
296 0.000000
297 0.000000
298 0.000000
299 0.000000
300 0.000000
301 0.000000
302 0.000001
303 0.000221
304 0.000297
305 0.000312
306 0.000329
307 0.000439
308 0.000289
309 0.000012
310 0.000001
311 0.000001
312 0.000001
313 0.000001
314 0.000001
315 0.000003
316 0.000003
317 0.000001
318 0.000001
319 0.000001
320 0.000001
321 0.000000
322 0.000000
323 0.000000
324 0.000000
325 0.000000
326 0.000000
327 0.000000
328 0.000000
329 0.000000
330 0.000001
331 0.000001
332 0.000216
333 0.000290
334 0.000306
335 0.000432
336 0.000002
337 0.000003
338 0.000003
339 0.000001
340 0.000001
341 0.000001
342 0.000003
343 0.000007
344 0.000003
345 0.000001
346 0.000001
347 0.000001
348 0.000000
349 0.000000
350 0.000000
351 0.000000
352 0.000000
353 0.000000
354 0.000000
355 0.000000
356 0.000000
357 0.000000
358 0.000001
359 0.000001
360 0.000187
361 0.000211
362 0.000281
363 0.000299
364 0.000001
365 0.000001
366 0.000001
367 0.000002
368 0.000001
369 0.000002
370 0.000042
371 0.000053
372 0.000002
373 0.000001
374 0.000001
375 0.000000
376 0.000000
377 0.000000
378 0.000000
379 0.000000
380 0.000000
381 0.000000
382 0.000000
383 0.000000
384 0.000000
385 0.000001
386 0.000001
387 0.000001
388 0.000008
389 0.000180
390 0.000207
391 0.000298
392 0.000001
393 0.000001
394 0.000001
395 0.000001
396 0.000001
397 0.000010
398 0.999975
399 0.000022
400 0.000001
401 0.000001
402 0.000000
403 0.000000
404 0.000000
405 0.000000
406 0.000000
407 0.000000
408 0.000000
409 0.000000
410 0.000000
411 0.000000
412 0.000000
413 0.000001
414 0.000000
415 0.000001
416 0.000001
417 0.000170
418 0.000192
419 0.000205
420 0.000001
421 0.000001
422 0.000001
423 0.000001
424 0.000002
425 0.000021
426 0.000144
427 0.000003
428 0.000001
429 0.000001
430 0.000001
431 0.000000
432 0.000000
433 0.000000
434 0.000000
435 0.000000
436 0.000000
437 0.000000
438 0.000000
439 0.000000
440 0.000000
441 0.000000
442 0.000000
443 0.000001
444 0.000001
445 0.000122
446 0.000166
447 0.000190
448 0.000001
449 0.000001
450 0.000001
451 0.000001
452 0.000002
453 0.000010
454 0.000003
455 0.000001
456 0.000001
457 0.000001
458 0.000001
459 0.000001
460 0.000001
461 0.000000
462 0.000000
463 0.000000
464 0.000000
465 0.000000
466 0.000000
467 0.000000
468 0.000000
469 0.000000
470 0.000000
471 0.000000
472 0.000001
473 0.000003
474 0.000131
475 0.000254
476 0.000009
477 0.000016
478 0.000003
479 0.000001
480 0.000003
481 0.000003
482 0.000001
483 0.000000
484 0.000000
485 0.000001
486 0.000001
487 0.000001
488 0.000001
489 0.000001
490 0.000000
491 0.000000
492 0.000000
493 0.000000
494 0.000000
495 0.000000
496 0.000000
497 0.000000
498 0.000000
499 0.000000
500 0.000001
501 0.000001
502 0.000624
503 0.001631
504 0.010045
505 0.002541
506 0.000001
507 0.000001
508 0.000004
509 0.000001
510 0.000000
511 0.000000
512 0.000000
513 0.000000
514 0.000001
515 0.000001
516 0.000001
517 0.000001
518 0.000001
519 0.000001
520 0.000000
521 0.000000
522 0.000000
523 0.000000
524 0.000000
525 0.000000
526 0.000001
527 0.000001
528 0.000001
529 0.000001
530 0.005217
531 0.017088
532 0.005502
533 0.000574
534 0.000001
535 0.000002
536 0.000002
537 0.000001
538 0.000000
539 0.000000
540 0.000000
541 0.000000
542 0.000000
543 0.000000
544 0.000001
545 0.000001
546 0.000001
547 0.000001
548 0.000001
549 0.000000
550 0.000000
551 0.000000
552 0.000001
553 0.000001
554 0.000001
555 0.000001
556 0.000001
557 0.000002
558 0.016900
559 0.016881
560 0.000412
561 0.000067
562 0.000001
563 0.000002
564 0.000001
565 0.000000
566 0.000000
567 0.000000
568 0.000000
569 0.000000
570 0.000000
571 0.000000
572 0.000000
573 0.000000
574 0.000001
575 0.000001
576 0.000001
577 0.000001
578 0.000001
579 0.000001
580 0.000001
581 0.000001
582 0.000001
583 0.000001
584 0.000001
585 0.016806
586 0.016742
587 0.016452
588 0.000078
589 0.000012
590 0.000003
591 0.000001
592 0.000001
593 0.000000
594 0.000000
595 0.000000
596 0.000000
597 0.000000
598 0.000000
599 0.000000
600 0.000000
601 0.000000
602 0.000000
603 0.000000
604 0.000001
605 0.000001
606 0.000001
607 0.000001
608 0.000001
609 0.000001
610 0.000001
611 0.000001
612 0.016919
613 0.016817
614 0.016464
615 0.016391
616 0.000022
617 0.000018
618 0.000012
619 0.000001
620 0.000000
621 0.000000
622 0.000000
623 0.000000
624 0.000000
625 0.000000
626 0.000000
627 0.000000
628 0.000000
629 0.000001
630 0.000001
631 0.000001
632 0.000001
633 0.000001
634 0.000001
635 0.000001
636 0.000001
637 0.000001
638 0.000002
639 0.016946
640 0.016852
641 0.016502
642 0.000001
643 0.000000
644 0.000024
645 0.000022
646 0.000020
647 0.000013
648 0.000003
649 0.000000
650 0.000000
651 0.000000
652 0.000000
653 0.000000
654 0.000000
655 0.000001
656 0.000001
657 0.000002
658 0.000002
659 0.000001
660 0.000001
661 0.000001
662 0.000001
663 0.000001
664 0.000001
665 0.000002
666 0.016944
667 0.016610
668 0.016531
669 0.000001
670 0.000001
671 0.000000
672 0.000001
673 0.000024
674 0.000022
675 0.000014
676 0.000018
677 0.000012
678 0.000001
679 0.000001
680 0.000001
681 0.000001
682 0.000005
683 0.000005
684 0.000003
685 0.000003
686 0.000002
687 0.000002
688 0.000001
689 0.000018
690 0.000123
691 0.000016
692 0.000101
693 0.017000
694 0.016857
695 0.016531
696 0.000001
697 0.000001
698 0.000001
699 0.000000
700 0.000001
701 0.000001
702 0.000024
703 0.000022
704 0.000020
705 0.000018
706 0.000012
707 0.000011
708 0.000009
709 0.000006
710 0.000005
711 0.000005
712 0.000005
713 0.000004
714 0.000003
715 0.000003
716 0.000004
717 0.000092
718 0.017333
719 0.017212
720 0.017160
721 0.016883
722 0.016584
723 0.000001
724 0.000001
725 0.000001
726 0.000001
727 0.000001
728 0.000001
729 0.000001
730 0.000001
731 0.000001
732 0.000022
733 0.000020
734 0.000013
735 0.000012
736 0.000011
737 0.000007
738 0.000006
739 0.000008
740 0.000008
741 0.000005
742 0.000003
743 0.000003
744 0.000013
745 0.000553
746 0.017345
747 0.016893
748 0.016800
749 0.016505
750 0.000001
751 0.000001
752 0.000001
753 0.000001
754 0.000001
755 0.000001
756 0.000001
757 0.000001
758 0.000000
759 0.000000
760 0.000001
761 0.000022
762 0.000020
763 0.000013
764 0.000012
765 0.000011
766 0.000010
767 0.000012
768 0.000009
769 0.000008
770 0.000005
771 0.000005
772 0.000053
773 0.004045
774 0.017440
775 0.017131
776 0.016729
777 0.000001
778 0.000011
779 0.000005
780 0.000001
781 0.000001
782 0.000001
783 0.000001
