0 0.002167
1 0.002053
2 0.001690
3 0.002586
4 0.003465
5 0.005446
6 0.005756
7 0.005756
8 0.001324
9 0.000146
10 0.000091
11 0.000136
12 0.000411
13 0.000387
14 0.000215
15 0.000103
16 0.000085
17 0.000060
18 0.000284
19 0.001408
20 0.002413
21 0.001824
22 0.001762
23 0.001833
24 0.001671
25 0.001744
26 0.002065
27 0.002149
28 0.001792
29 0.001946
30 0.001595
31 0.001569
32 0.002426
33 0.004007
34 0.005756
35 0.004003
36 0.000762
37 0.000162
38 0.000149
39 0.000259
40 0.000351
41 0.000310
42 0.000138
43 0.000089
44 0.000060
45 0.000055
46 0.000091
47 0.000474
48 0.001595
49 0.001410
50 0.000000
51 0.000000
52 0.001601
53 0.001907
54 0.001744
55 0.002274
56 0.001946
57 0.001595
58 0.001506
59 0.001422
60 0.001442
61 0.002296
62 0.004012
63 0.002051
64 0.000411
65 0.000280
66 0.000452
67 0.000660
68 0.000271
69 0.000153
70 0.000089
71 0.000063
72 0.000054
73 0.000044
74 0.000030
75 0.000124
76 0.000001
77 0.000000
78 0.000000
79 0.000000
80 0.000000
81 0.001601
82 0.002114
83 0.002878
84 0.001844
85 0.001506
86 0.001221
87 0.001080
88 0.001016
89 0.001344
90 0.002231
91 0.000696
92 0.000203
93 0.000388
94 0.001586
95 0.001465
96 0.000461
97 0.000110
98 0.000078
99 0.000054
100 0.000047
101 0.000009
102 0.000000
103 0.000000
104 0.000000
105 0.000000
106 0.000000
107 0.000000
108 0.000000
109 0.001907
110 0.002726
111 0.004411
112 0.002200
113 0.001422
114 0.001080
115 0.001016
116 0.000000
117 0.000000
118 0.000000
119 0.000000
120 0.000001
121 0.000277
122 0.004323
123 0.003302
124 0.000656
125 0.000120
126 0.000058
127 0.000002
128 0.000000
129 0.000000
130 0.000000
131 0.000000
132 0.000000
133 0.000000
134 0.000000
135 0.000000
136 0.000020
137 0.002506
138 0.004160
139 0.007245
140 0.004228
141 0.002262
142 0.001163
143 0.000956
144 0.000000
145 0.000000
146 0.000000
147 0.000000
148 0.000000
149 0.000000
150 0.000001
151 0.000009
152 0.000013
153 0.000001
154 0.000000
155 0.000000
156 0.000000
157 0.000000
158 0.000000
159 0.000000
160 0.000000
161 0.000000
162 0.000000
163 0.000000
164 0.002699
165 0.003924
166 0.007018
167 0.007018
168 0.008707
169 0.004486
170 0.002706
171 0.001344
172 0.000072
173 0.000000
174 0.000000
175 0.000000
176 0.000000
177 0.000000
178 0.000000
179 0.000000
180 0.000000
181 0.000000
182 0.000000
183 0.000000
184 0.000000
185 0.000000
186 0.000000
187 0.000000
188 0.000000
189 0.000000
190 0.000000
191 0.000000
192 0.004463
193 0.006799
194 0.006799
195 0.006683
196 0.010336
197 0.009527
198 0.005905
199 0.002792
200 0.000575
201 0.000001
202 0.000000
203 0.000000
204 0.000000
205 0.000000
206 0.000000
207 0.000000
208 0.000000
209 0.000000
210 0.000000
211 0.000000
212 0.000000
213 0.000000
214 0.000000
215 0.000000
216 0.000000
217 0.000000
218 0.000000
219 0.000060
220 0.007143
221 0.007143
222 0.005926
223 0.003922
224 0.010082
225 0.010319
226 0.009944
227 0.007248
228 0.002956
229 0.000036
230 0.000000
231 0.000000
232 0.000000
233 0.000000
234 0.000000
235 0.000000
236 0.000000
237 0.000000
238 0.000000
239 0.000000
240 0.000000
241 0.000000
242 0.000000
243 0.000000
244 0.000000
245 0.000000
246 0.000000
247 0.000438
248 0.000782
249 0.000748
250 0.000763
251 0.000776
252 0.010005
253 0.010010
254 0.010236
255 0.006368
256 0.001146
257 0.000004
258 0.000000
259 0.000000
260 0.000000
261 0.000000
262 0.000000
263 0.000000
264 0.000000
265 0.000000
266 0.000000
267 0.000000
268 0.000000
269 0.000000
270 0.000000
271 0.000000
272 0.000000
273 0.000000
274 0.000000
275 0.000091
276 0.000083
277 0.000078
278 0.000081
279 0.000092
280 0.010000
281 0.003936
282 0.001817
283 0.000622
284 0.000259
285 0.000001
286 0.000000
287 0.000000
288 0.000000
289 0.000000
290 0.000000
291 0.000000
292 0.000000
293 0.000000
294 0.000000
295 0.000000
296 0.000000
297 0.000000
298 0.000000
299 0.000000
300 0.000000
301 0.000000
302 0.000000
303 0.000053
304 0.000038
305 0.000029
306 0.000031
307 0.000041
308 0.001671
309 0.000836
310 0.000353
311 0.000148
312 0.000017
313 0.000001
314 0.000000
315 0.000002
316 0.000000
317 0.000000
318 0.000000
319 0.000000
320 0.000000
321 0.000000
322 0.000000
323 0.000000
324 0.000000
325 0.000000
326 0.000000
327 0.000000
328 0.000000
329 0.000000
330 0.000000
331 0.000002
332 0.000019
333 0.000024
334 0.000031
335 0.000050
336 0.000141
337 0.000130
338 0.000175
339 0.000134
340 0.000004
341 0.000001
342 0.000005
343 0.000110
344 0.000099
345 0.000003
346 0.000000
347 0.000000
348 0.000000
349 0.000000
350 0.000000
351 0.000000
352 0.000001
353 0.000001
354 0.000000
355 0.000000
356 0.000000
357 0.000000
358 0.000000
359 0.000000
360 0.000017
361 0.000024
362 0.000035
363 0.000040
364 0.000029
365 0.000045
366 0.000047
367 0.000068
368 0.000002
369 0.000002
370 0.000290
371 0.003779
372 0.982566
373 0.000674
374 0.000000
375 0.000000
376 0.000000
377 0.000000
378 0.000000
379 0.000000
380 0.000017
381 1.000000
382 0.000000
383 0.000000
384 0.000000
385 0.000000
386 0.000000
387 0.000000
388 0.000004
389 0.000026
390 0.000030
391 0.000042
392 0.000013
393 0.000008
394 0.000010
395 0.000007
396 0.000001
397 0.000010
398 0.999996
399 0.018242
400 0.987643
401 0.000914
402 0.000001
403 0.000000
404 0.000000
405 0.000000
406 0.000000
407 0.000000
408 0.000013
409 0.000741
410 0.000002
411 0.000000
412 0.000000
413 0.000000
414 0.000000
415 0.000000
416 0.000000
417 0.000022
418 0.000030
419 0.000034
420 0.000012
421 0.000011
422 0.000017
423 0.000001
424 0.000001
425 0.000016
426 0.002057
427 0.031832
428 0.002809
429 0.000013
430 0.000000
431 0.000000
432 0.000000
433 0.000000
434 0.000000
435 0.000000
436 0.000000
437 0.000001
438 0.000000
439 0.000000
440 0.000000
441 0.000000
442 0.000000
443 0.000000
444 0.000000
445 0.000025
446 0.000028
447 0.000034
448 0.000042
449 0.000037
450 0.000062
451 0.000001
452 0.000000
453 0.000014
454 0.000240
455 0.000219
456 0.000005
457 0.000000
458 0.000000
459 0.000000
460 0.000000
461 0.000000
462 0.000000
463 0.000000
464 0.000000
465 0.000000
466 0.000000
467 0.000000
468 0.000000
469 0.000000
470 0.000000
471 0.000000
472 0.000000
473 0.000011
474 0.000044
475 0.000048
476 0.000609
477 0.000584
478 0.000106
479 0.000001
480 0.000001
481 0.000032
482 0.000010
483 0.000000
484 0.000000
485 0.000000
486 0.000000
487 0.000000
488 0.000000
489 0.000000
490 0.000000
491 0.000000
492 0.000000
493 0.000000
494 0.000000
495 0.000000
496 0.000000
497 0.000000
498 0.000000
499 0.000000
500 0.000000
501 0.000004
502 0.000328
503 0.000393
504 0.010000
505 0.005348
506 0.000114
507 0.000005
508 0.000017
509 0.000044
510 0.000000
511 0.000000
512 0.000000
513 0.000000
514 0.000000
515 0.000000
516 0.000000
517 0.000000
518 0.000000
519 0.000000
520 0.000000
521 0.000000
522 0.000000
523 0.000000
524 0.000000
525 0.000000
526 0.000000
527 0.000000
528 0.000000
529 0.000009
530 0.002884
531 0.003738
532 0.010001
533 0.010059
534 0.000236
535 0.000077
536 0.000998
537 0.000019
538 0.000000
539 0.000000
540 0.000000
541 0.000000
542 0.000000
543 0.000000
544 0.000000
545 0.000000
546 0.000000
547 0.000000
548 0.000000
549 0.000000
550 0.000000
551 0.000000
552 0.000000
553 0.000000
554 0.000001
555 0.000000
556 0.000001
557 0.000059
558 0.010000
559 0.008468
560 0.010108
561 0.010244
562 0.000344
563 0.000217
564 0.000701
565 0.000009
566 0.000000
567 0.000000
568 0.000000
569 0.000000
570 0.000000
571 0.000000
572 0.000000
573 0.000000
574 0.000000
575 0.000000
576 0.000000
577 0.000000
578 0.000000
579 0.000000
580 0.000000
581 0.000000
582 0.000005
583 0.000005
584 0.000014
585 0.009007
586 0.010000
587 0.010000
588 0.010229
589 0.007587
590 0.000548
591 0.000861
592 0.000036
593 0.000000
594 0.000000
595 0.000000
596 0.000000
597 0.000000
598 0.000000
599 0.000000
600 0.000000
601 0.000000
602 0.000000
603 0.000000
604 0.000000
605 0.000000
606 0.000000
607 0.000000
608 0.000000
609 0.000000
610 0.000003
611 0.000007
612 0.002487
613 0.004738
614 0.009114
615 0.011206
616 0.007279
617 0.003795
618 0.001574
619 0.000117
620 0.000008
621 0.000000
622 0.000000
623 0.000000
624 0.000000
625 0.000000
626 0.000000
627 0.000002
628 0.000002
629 0.000002
630 0.000000
631 0.000000
632 0.000000
633 0.000000
634 0.000000
635 0.000000
636 0.000000
637 0.000000
638 0.000005
639 0.000709
640 0.001430
641 0.002652
642 0.000000
643 0.000000
644 0.003738
645 0.001937
646 0.000984
647 0.000795
648 0.000339
649 0.000004
650 0.000001
651 0.000000
652 0.000000
653 0.000002
654 0.000035
655 0.000185
656 0.001414
657 0.006579
658 0.001108
659 0.000003
660 0.000000
661 0.000000
662 0.000000
663 0.000000
664 0.000000
665 0.000008
666 0.000700
667 0.000840
668 0.000874
669 0.000000
670 0.000000
671 0.000000
672 0.000000
673 0.001077
674 0.001023
675 0.000835
676 0.000932
677 0.000756
678 0.000014
679 0.000013
680 0.000077
681 0.000888
682 0.009894
683 0.009896
684 0.011464
685 0.003228
686 0.000657
687 0.000111
688 0.000026
689 0.000063
690 0.000058
691 0.000025
692 0.000070
693 0.000671
694 0.000730
695 0.000874
696 0.000000
697 0.000000
698 0.000000
699 0.000000
700 0.000000
701 0.000000
702 0.001072
703 0.001023
704 0.000977
705 0.000932
706 0.000890
707 0.002356
708 0.005619
709 0.010000
710 0.009924
711 0.009897
712 0.006518
713 0.001654
714 0.000300
715 0.000227
716 0.000122
717 0.000216
718 0.000643
719 0.000556
720 0.000581
721 0.000700
722 0.000840
723 0.000000
724 0.000000
725 0.000000
726 0.000000
727 0.000000
728 0.000000
729 0.000000
730 0.000000
731 0.000000
732 0.001023
733 0.000977
734 0.001785
735 0.004075
736 0.010000
737 0.010000
738 0.010000
739 0.011080
740 0.003489
741 0.000941
742 0.000266
743 0.000255
744 0.000457
745 0.000850
746 0.001172
747 0.000671
748 0.000700
749 0.000840
750 0.000000
751 0.000000
752 0.000000
753 0.000000
754 0.000000
755 0.000000
756 0.000000
757 0.000000
758 0.000000
759 0.000000
760 0.000000
761 0.001633
762 0.003570
763 0.008359
764 0.010000
765 0.010000
766 0.010000
767 0.007213
768 0.001970
769 0.000495
770 0.000356
771 0.000339
772 0.001197
773 0.003300
774 0.001885
775 0.000931
776 0.000730
777 0.000000
778 0.000024
779 0.000014
780 0.000000
781 0.000000
782 0.000000
783 0.000000
