0 0.005387
1 0.006837
2 0.008306
3 0.009463
4 0.009415
5 0.009367
6 0.007391
7 0.004917
8 0.000948
9 0.000221
10 0.000313
11 0.001361
12 0.006315
13 0.008638
14 0.001876
15 0.000345
16 0.000179
17 0.000123
18 0.000308
19 0.000793
20 0.001973
21 0.003075
22 0.005509
23 0.006781
24 0.006567
25 0.006567
26 0.005140
27 0.003947
28 0.004369
29 0.005253
30 0.006385
31 0.008591
32 0.009415
33 0.009415
34 0.009367
35 0.004714
36 0.000610
37 0.000176
38 0.000366
39 0.003122
40 0.010369
41 0.004767
42 0.000973
43 0.000252
44 0.000131
45 0.000115
46 0.000175
47 0.000702
48 0.002755
49 0.005052
50 0.000000
51 0.000000
52 0.006567
53 0.005165
54 0.003415
55 0.002650
56 0.004551
57 0.004123
58 0.004875
59 0.006623
60 0.009358
61 0.009368
62 0.009368
63 0.003362
64 0.000449
65 0.000234
66 0.000869
67 0.005538
68 0.008509
69 0.001881
70 0.000380
71 0.000200
72 0.000109
73 0.000086
74 0.000117
75 0.000759
76 0.000002
77 0.000000
78 0.000000
79 0.000000
80 0.000000
81 0.003485
82 0.002564
83 0.001812
84 0.004432
85 0.004006
86 0.003647
87 0.005017
88 0.006894
89 0.009601
90 0.009369
91 0.001682
92 0.000404
93 0.000404
94 0.003181
95 0.009637
96 0.004802
97 0.000889
98 0.000276
99 0.000166
100 0.000112
101 0.000030
102 0.000000
103 0.000000
104 0.000000
105 0.000000
106 0.000000
107 0.000000
108 0.000000
109 0.002287
110 0.001721
111 0.001891
112 0.004006
113 0.003892
114 0.003389
115 0.003437
116 0.000000
117 0.000000
118 0.000000
119 0.000000
120 0.000001
121 0.000496
122 0.008765
123 0.010364
124 0.001836
125 0.000312
126 0.000188
127 0.000007
128 0.000000
129 0.000000
130 0.000000
131 0.000000
132 0.000000
133 0.000000
134 0.000000
135 0.000000
136 0.000088
137 0.001445
138 0.001542
139 0.001841
140 0.003892
141 0.003496
142 0.003286
143 0.003186
144 0.000000
145 0.000000
146 0.000000
147 0.000000
148 0.000000
149 0.000000
150 0.000002
151 0.000005
152 0.000003
153 0.000000
154 0.000000
155 0.000000
156 0.000000
157 0.000000
158 0.000000
159 0.000000
160 0.000000
161 0.000000
162 0.000000
163 0.000000
164 0.001533
165 0.001292
166 0.001478
167 0.001542
168 0.003496
169 0.003286
170 0.003186
171 0.002996
172 0.000001
173 0.000000
174 0.000000
175 0.000000
176 0.000000
177 0.000000
178 0.000000
179 0.000000
180 0.000000
181 0.000000
182 0.000000
183 0.000000
184 0.000000
185 0.000000
186 0.000000
187 0.000000
188 0.000000
189 0.000000
190 0.000000
191 0.000004
192 0.001109
193 0.001122
194 0.001174
195 0.001554
196 0.003286
197 0.003186
198 0.002831
199 0.002650
200 0.000016
201 0.000000
202 0.000000
203 0.000000
204 0.000000
205 0.000001
206 0.000000
207 0.000000
208 0.000000
209 0.000000
210 0.000000
211 0.000000
212 0.000000
213 0.000000
214 0.000000
215 0.000000
216 0.000000
217 0.000000
218 0.000000
219 0.000022
220 0.001073
221 0.001127
222 0.001262
223 0.001508
224 0.003212
225 0.002831
226 0.002650
227 0.002565
228 0.002178
229 0.000000
230 0.000000
231 0.000000
232 0.000000
233 0.000000
234 0.000000
235 0.000000
236 0.000000
237 0.000000
238 0.000000
239 0.000000
240 0.000000
241 0.000000
242 0.000000
243 0.000000
244 0.000000
245 0.000000
246 0.000000
247 0.000028
248 0.000059
249 0.000096
250 0.000203
251 0.000349
252 0.003222
253 0.002689
254 0.002580
255 0.001428
256 0.000292
257 0.000000
258 0.000000
259 0.000000
260 0.000000
261 0.000000
262 0.000000
263 0.000000
264 0.000000
265 0.000000
266 0.000000
267 0.000000
268 0.000000
269 0.000000
270 0.000000
271 0.000000
272 0.000000
273 0.000000
274 0.000000
275 0.000004
276 0.000008
277 0.000015
278 0.000026
279 0.000048
280 0.005910
281 0.000992
282 0.000436
283 0.000120
284 0.000057
285 0.000000
286 0.000000
287 0.000000
288 0.000000
289 0.000000
290 0.000000
291 0.000000
292 0.000002
293 0.000036
294 0.000009
295 0.000002
296 0.000000
297 0.000000
298 0.000000
299 0.000000
300 0.000000
301 0.000000
302 0.000000
303 0.000005
304 0.000008
305 0.000010
306 0.000013
307 0.000018
308 0.003831
309 0.000914
310 0.000170
311 0.000041
312 0.000004
313 0.000000
314 0.000000
315 0.000000
316 0.000000
317 0.000000
318 0.000000
319 0.000000
320 0.000004
321 0.002090
322 0.999993
323 0.000003
324 0.000000
325 0.000000
326 0.000000
327 0.000000
328 0.000000
329 0.000000
330 0.000000
331 0.000002
332 0.000008
333 0.000010
334 0.000013
335 0.000023
336 0.002323
337 0.001252
338 0.000704
339 0.000214
340 0.000002
341 0.000000
342 0.000000
343 0.000000
344 0.000000
345 0.000000
346 0.000000
347 0.000000
348 0.000001
349 0.000125
350 0.000093
351 0.000004
352 0.000000
353 0.000000
354 0.000000
355 0.000000
356 0.000000
357 0.000000
358 0.000000
359 0.000001
360 0.000007
361 0.000010
362 0.000016
363 0.000020
364 0.000977
365 0.001744
366 0.001405
367 0.000704
368 0.000003
369 0.000001
370 0.000014
371 0.000001
372 0.000000
373 0.000000
374 0.000001
375 0.000000
376 0.000001
377 0.000001
378 0.000000
379 0.000000
380 0.000000
381 0.000000
382 0.000000
383 0.000000
384 0.000000
385 0.000000
386 0.000000
387 0.000000
388 0.000004
389 0.000013
390 0.000023
391 0.000050
392 0.000528
393 0.000318
394 0.000330
395 0.000153
396 0.000013
397 0.000169
398 0.031140
399 0.000004
400 0.000000
401 0.000000
402 0.000004
403 0.000002
404 0.000000
405 0.000000
406 0.000000
407 0.000000
408 0.000000
409 0.000000
410 0.000000
411 0.000000
412 0.000001
413 0.000001
414 0.000000
415 0.000000
416 0.000002
417 0.000028
418 0.000061
419 0.000108
420 0.000206
421 0.000231
422 0.000235
423 0.000023
424 0.000031
425 0.004636
426 0.043578
427 0.000008
428 0.000000
429 0.000000
430 0.000006
431 0.000018
432 0.000000
433 0.000000
434 0.000000
435 0.000000
436 0.000000
437 0.000000
438 0.000000
439 0.000001
440 0.000001
441 0.000049
442 0.000002
443 0.000000
444 0.000003
445 0.000142
446 0.000197
447 0.000218
448 0.000234
449 0.000334
450 0.000684
451 0.000020
452 0.000055
453 0.999991
454 0.000581
455 0.000014
456 0.000001
457 0.000001
458 0.000014
459 0.000001
460 0.000000
461 0.000000
462 0.000000
463 0.000000
464 0.000000
465 0.000000
466 0.000000
467 0.000001
468 0.000007
469 0.000363
470 0.000211
471 0.000008
472 0.000012
473 0.000328
474 0.000265
475 0.000155
476 0.000932
477 0.001447
478 0.000902
479 0.000077
480 0.000199
481 0.000272
482 0.000008
483 0.000003
484 0.000002
485 0.000001
486 0.000000
487 0.000000
488 0.000000
489 0.000000
490 0.000000
491 0.000000
492 0.000000
493 0.000000
494 0.000000
495 0.000001
496 0.000062
497 0.002303
498 0.999989
499 0.000129
500 0.000015
501 0.000159
502 0.000828
503 0.000501
504 0.004009
505 0.007713
506 0.000439
507 0.000112
508 0.000780
509 0.000019
510 0.000002
511 0.000006
512 0.000001
513 0.000000
514 0.000000
515 0.000000
516 0.000000
517 0.000000
518 0.000000
519 0.000000
520 0.000000
521 0.000000
522 0.000001
523 0.000001
524 0.000033
525 0.000373
526 0.002604
527 0.000668
528 0.000036
529 0.000207
530 0.003172
531 0.003341
532 0.010008
533 0.010004
534 0.000400
535 0.000242
536 0.000218
537 0.000004
538 0.000003
539 0.000006
540 0.000000
541 0.000000
542 0.000000
543 0.000000
544 0.000000
545 0.000001
546 0.000000
547 0.000000
548 0.000000
549 0.000001
550 0.000000
551 0.000000
552 0.000001
553 0.000008
554 0.000211
555 0.004587
556 0.000606
557 0.000828
558 0.009999
559 0.009999
560 0.010003
561 0.010002
562 0.000982
563 0.000646
564 0.000028
565 0.000003
566 0.000003
567 0.000002
568 0.000000
569 0.000000
570 0.000000
571 0.000000
572 0.000000
573 0.000001
574 0.000036
575 0.000002
576 0.000002
577 0.000001
578 0.000000
579 0.000000
580 0.000000
581 0.000002
582 0.000038
583 0.000834
584 0.008766
585 0.016144
586 0.010000
587 0.010000
588 0.010001
589 0.010002
590 0.004071
591 0.000590
592 0.000009
593 0.000003
594 0.000002
595 0.000000
596 0.000000
597 0.000000
598 0.000000
599 0.000000
600 0.000000
601 0.000001
602 0.000022
603 0.000259
604 0.000185
605 0.000010
606 0.000001
607 0.000001
608 0.000000
609 0.000001
610 0.000006
611 0.000492
612 0.004263
613 0.009325
614 0.015695
615 0.010000
616 0.010002
617 0.010004
618 0.010005
619 0.002569
620 0.000035
621 0.000005
622 0.000001
623 0.000000
624 0.000000
625 0.000000
626 0.000000
627 0.000000
628 0.000000
629 0.000003
630 0.000090
631 0.008130
632 0.999991
633 0.000551
634 0.000053
635 0.000008
636 0.000001
637 0.000002
638 0.000023
639 0.000938
640 0.001872
641 0.004000
642 0.000001
643 0.000000
644 0.010003
645 0.010005
646 0.010004
647 0.010003
648 0.004620
649 0.000024
650 0.000001
651 0.000000
652 0.000000
653 0.000001
654 0.000000
655 0.000000
656 0.000000
657 0.000006
658 0.000914
659 0.030761
660 0.064402
661 0.002589
662 0.000614
663 0.000395
664 0.000040
665 0.000072
666 0.000341
667 0.000424
668 0.000605
669 0.000001
670 0.000000
671 0.000000
672 0.000000
673 0.010004
674 0.010003
675 0.010001
676 0.004923
677 0.002070
678 0.000017
679 0.000008
680 0.000015
681 0.000057
682 0.000068
683 0.000008
684 0.000002
685 0.000004
686 0.000431
687 0.022144
688 0.033783
689 0.007625
690 0.004823
691 0.001630
692 0.000632
693 0.000325
694 0.000359
695 0.000445
696 0.000000
697 0.000000
698 0.000000
699 0.000000
700 0.000000
701 0.000000
702 0.010001
703 0.005995
704 0.002550
705 0.001083
706 0.000746
707 0.000710
708 0.000643
709 0.000515
710 0.000175
711 0.000022
712 0.000005
713 0.000008
714 0.000103
715 0.012000
716 0.016343
717 0.047323
718 0.010004
719 0.003940
720 0.001410
721 0.000686
722 0.000424
723 0.000001
724 0.000001
725 0.000001
726 0.000000
727 0.000001
728 0.000000
729 0.000000
730 0.000000
731 0.000000
732 0.001384
733 0.000966
734 0.000785
735 0.000746
736 0.000710
737 0.000571
738 0.000515
739 0.000061
740 0.000014
741 0.000021
742 0.000121
743 0.000961
744 0.007549
745 0.025929
746 0.074007
747 0.010002
748 0.003279
749 0.001500
750 0.000000
751 0.000001
752 0.000000
753 0.000000
754 0.000001
755 0.000000
756 0.000000
757 0.000000
758 0.000000
759 0.000000
760 0.000000
761 0.001012
762 0.000966
763 0.000785
764 0.000746
765 0.000710
766 0.000676
767 0.000176
768 0.000047
769 0.000061
770 0.000174
771 0.000124
772 0.003782
773 0.022913
774 0.105293
775 0.021628
776 0.007956
777 0.001093
778 0.001086
779 0.000520
780 0.000242
781 0.000074
782 0.000000
783 0.000000
