0 0.005642
1 0.008866
2 0.010000
3 0.010002
4 0.014409
5 0.013098
6 0.010540
7 0.004728
8 0.000572
9 0.000060
10 0.000032
11 0.000028
12 0.000030
13 0.000030
14 0.000050
15 0.000124
16 0.000327
17 0.000272
18 0.000468
19 0.000821
20 0.000995
21 0.000914
22 0.001142
23 0.001199
24 0.001070
25 0.001128
26 0.001389
27 0.001459
28 0.003487
29 0.005412
30 0.007735
31 0.010000
32 0.010003
33 0.015545
34 0.012409
35 0.006135
36 0.000339
37 0.000044
38 0.000027
39 0.000021
40 0.000021
41 0.000028
42 0.000075
43 0.000240
44 0.000270
45 0.000149
46 0.000085
47 0.000260
48 0.000690
49 0.000868
50 0.000313
51 0.000001
52 0.001015
53 0.001259
54 0.001128
55 0.001389
56 0.002663
57 0.003242
58 0.004567
59 0.007605
60 0.010000
61 0.011821
62 0.015393
63 0.003298
64 0.000369
65 0.000050
66 0.000040
67 0.000021
68 0.000012
69 0.000032
70 0.000126
71 0.000289
72 0.000203
73 0.000051
74 0.000026
75 0.000071
76 0.000341
77 0.000052
78 0.000000
79 0.000001
80 0.000001
81 0.001015
82 0.001259
83 0.001128
84 0.002548
85 0.002157
86 0.002652
87 0.004242
88 0.007414
89 0.010000
90 0.011821
91 0.001656
92 0.000196
93 0.000087
94 0.000041
95 0.000026
96 0.000021
97 0.000058
98 0.000220
99 0.000265
100 0.000083
101 0.000011
102 0.000004
103 0.000019
104 0.000004
105 0.000000
106 0.000001
107 0.000000
108 0.000003
109 0.000963
110 0.001015
111 0.001259
112 0.002157
113 0.002057
114 0.001640
115 0.002354
116 0.000000
117 0.000001
118 0.000000
119 0.000000
120 0.000001
121 0.000036
122 0.000077
123 0.000039
124 0.000073
125 0.000138
126 0.000285
127 0.000012
128 0.000014
129 0.000004
130 0.000005
131 0.000001
132 0.000000
133 0.000000
134 0.000000
135 0.000001
136 0.000237
137 0.000770
138 0.000963
139 0.001199
140 0.002057
141 0.001725
142 0.001559
143 0.001483
144 0.000000
145 0.000001
146 0.000001
147 0.000000
148 0.000000
149 0.000000
150 0.000000
151 0.000000
152 0.000002
153 0.000006
154 0.000125
155 0.000010
156 0.000008
157 0.000001
158 0.000001
159 0.000000
160 0.000000
161 0.000000
162 0.000001
163 0.000017
164 0.000783
165 0.000729
166 0.000915
167 0.000964
168 0.001725
169 0.001559
170 0.001482
171 0.001341
172 0.000001
173 0.000000
174 0.000001
175 0.000003
176 0.000001
177 0.000000
178 0.000000
179 0.000000
180 0.000000
181 0.000000
182 0.000001
183 0.000001
184 0.000001
185 0.000001
186 0.000000
187 0.000000
188 0.000000
189 0.000001
190 0.000002
191 0.000129
192 0.000618
193 0.000653
194 0.000690
195 0.001378
196 0.001559
197 0.001482
198 0.001223
199 0.001099
200 0.000019
201 0.000000
202 0.000000
203 0.000001
204 0.000007
205 0.000002
206 0.000001
207 0.000001
208 0.000001
209 0.000001
210 0.000001
211 0.000000
212 0.000000
213 0.000000
214 0.000000
215 0.000000
216 0.000000
217 0.000001
218 0.000006
219 0.000048
220 0.000618
221 0.000694
222 0.001231
223 0.002387
224 0.001492
225 0.001223
226 0.001099
227 0.001042
228 0.000801
229 0.000001
230 0.000000
231 0.000000
232 0.000001
233 0.000021
234 0.000514
235 0.000948
236 0.000432
237 0.000002
238 0.000001
239 0.000000
240 0.000000
241 0.000000
242 0.000000
243 0.000000
244 0.000000
245 0.000001
246 0.000001
247 0.000021
248 0.000054
249 0.000163
250 0.000538
251 0.001358
252 0.001449
253 0.001115
254 0.001047
255 0.000660
256 0.000202
257 0.000001
258 0.000000
259 0.000000
260 0.000000
261 0.000003
262 0.001736
263 0.999979
264 0.000109
265 0.000001
266 0.000000
267 0.000000
268 0.000000
269 0.000000
270 0.000000
271 0.000000
272 0.000000
273 0.000001
274 0.000001
275 0.000005
276 0.000016
277 0.000061
278 0.000167
279 0.000317
280 0.001176
281 0.000481
282 0.000310
283 0.000716
284 0.003199
285 0.000003
286 0.000000
287 0.000000
288 0.000000
289 0.000001
290 0.000005
291 0.000017
292 0.000013
293 0.000001
294 0.000001
295 0.000000
296 0.000000
297 0.000000
298 0.000000
299 0.000000
300 0.000001
301 0.000001
302 0.000000
303 0.000016
304 0.000038
305 0.000099
306 0.000111
307 0.000117
308 0.000452
309 0.001280
310 0.004453
311 0.005154
312 0.000933
313 0.000019
314 0.000000
315 0.000000
316 0.000000
317 0.000000
318 0.000001
319 0.000001
320 0.000001
321 0.000001
322 0.000001
323 0.000001
324 0.000001
325 0.000001
326 0.000000
327 0.000000
328 0.000001
329 0.000001
330 0.000000
331 0.000008
332 0.000101
333 0.000098
334 0.000095
335 0.000099
336 0.006926
337 0.010249
338 0.014626
339 0.015782
340 0.000086
341 0.000001
342 0.000000
343 0.000000
344 0.000001
345 0.000000
346 0.000000
347 0.000000
348 0.000000
349 0.000001
350 0.000001
351 0.000001
352 0.000002
353 0.000001
354 0.000001
355 0.000001
356 0.000001
357 0.000000
358 0.000000
359 0.000002
360 0.000073
361 0.000075
362 0.000069
363 0.000056
364 0.034335
365 0.022802
366 0.004969
367 0.000534
368 0.000002
369 0.000000
370 0.000000
371 0.000000
372 0.000001
373 0.000001
374 0.000000
375 0.000000
376 0.000000
377 0.000000
378 0.000001
379 0.000002
380 0.000003
381 0.000005
382 0.000004
383 0.000004
384 0.000001
385 0.000000
386 0.000000
387 0.000001
388 0.000015
389 0.000056
390 0.000040
391 0.000031
392 0.017174
393 0.003047
394 0.001153
395 0.000062
396 0.000001
397 0.000000
398 0.000000
399 0.000000
400 0.000001
401 0.000001
402 0.000000
403 0.000000
404 0.000000
405 0.000000
406 0.000001
407 0.000001
408 0.000005
409 0.000044
410 0.001010
411 0.000166
412 0.000004
413 0.000001
414 0.000000
415 0.000000
416 0.000002
417 0.000032
418 0.000026
419 0.000019
420 0.006065
421 0.004167
422 0.002579
423 0.000013
424 0.000000
425 0.000000
426 0.000000
427 0.000000
428 0.000001
429 0.000000
430 0.000000
431 0.000000
432 0.000000
433 0.000000
434 0.000000
435 0.000001
436 0.000001
437 0.000230
438 0.999961
439 0.003605
440 0.000014
441 0.000001
442 0.000000
443 0.000000
444 0.000001
445 0.000049
446 0.000020
447 0.000012
448 0.006027
449 0.005645
450 0.003073
451 0.000003
452 0.000000
453 0.000000
454 0.000001
455 0.000001
456 0.000000
457 0.000000
458 0.000000
459 0.000000
460 0.000000
461 0.000000
462 0.000000
463 0.000001
464 0.000001
465 0.000010
466 0.001380
467 0.003212
468 0.000187
469 0.000002
470 0.000000
471 0.000000
472 0.000000
473 0.000014
474 0.000030
475 0.000032
476 0.006600
477 0.003338
478 0.000364
479 0.000001
480 0.000000
481 0.000001
482 0.000001
483 0.000000
484 0.000000
485 0.000000
486 0.000000
487 0.000000
488 0.000000
489 0.000001
490 0.000001
491 0.000001
492 0.000001
493 0.000002
494 0.000009
495 0.000295
496 0.000229
497 0.000009
498 0.000001
499 0.000000
500 0.000000
501 0.000008
502 0.000334
503 0.000412
504 0.004413
505 0.002031
506 0.000028
507 0.000000
508 0.000000
509 0.000001
510 0.000001
511 0.000000
512 0.000000
513 0.000000
514 0.000001
515 0.000001
516 0.000001
517 0.000001
518 0.000001
519 0.000001
520 0.000001
521 0.000001
522 0.000001
523 0.000001
524 0.000010
525 0.000010
526 0.000001
527 0.000000
528 0.000000
529 0.000016
530 0.003912
531 0.006765
532 0.002160
533 0.001246
534 0.000007
535 0.000000
536 0.000001
537 0.000001
538 0.000000
539 0.000000
540 0.000000
541 0.000001
542 0.000002
543 0.000012
544 0.000017
545 0.000002
546 0.000001
547 0.000001
548 0.000001
549 0.000001
550 0.000000
551 0.000000
552 0.000001
553 0.000012
554 0.000058
555 0.000002
556 0.000002
557 0.000132
558 0.010007
559 0.010007
560 0.001564
561 0.001509
562 0.000008
563 0.000000
564 0.000001
565 0.000000
566 0.000000
567 0.000000
568 0.000001
569 0.000006
570 0.000531
571 0.999975
572 0.001179
573 0.000003
574 0.000001
575 0.000001
576 0.000000
577 0.000000
578 0.000000
579 0.000000
580 0.000000
581 0.000002
582 0.000212
583 0.000257
584 0.000061
585 0.010001
586 0.010004
587 0.010006
588 0.001816
589 0.001564
590 0.000079
591 0.000001
592 0.000000
593 0.000000
594 0.000000
595 0.000004
596 0.000126
597 0.001330
598 0.002501
599 0.000119
600 0.000008
601 0.000002
602 0.000001
603 0.000001
604 0.000001
605 0.000001
606 0.000000
607 0.000000
608 0.000000
609 0.000001
610 0.000013
611 0.000937
612 0.024136
613 0.010001
614 0.010001
615 0.010002
616 0.001942
617 0.001816
618 0.001564
619 0.000135
620 0.000002
621 0.000002
622 0.000035
623 0.000605
624 0.012955
625 0.000242
626 0.000006
627 0.000002
628 0.000001
629 0.000002
630 0.000003
631 0.000004
632 0.000004
633 0.000001
634 0.000001
635 0.000001
636 0.000000
637 0.000001
638 0.000055
639 0.007948
640 0.016722
641 0.023244
642 0.000000
643 0.000001
644 0.002009
645 0.001942
646 0.001878
647 0.001620
648 0.002245
649 0.001014
650 0.000772
651 0.000112
652 0.000031
653 0.000059
654 0.000001
655 0.000003
656 0.000063
657 0.002252
658 0.002297
659 0.000172
660 0.000028
661 0.000009
662 0.000003
663 0.000002
664 0.000002
665 0.000012
666 0.000672
667 0.003942
668 0.008068
669 0.000000
670 0.000000
671 0.000001
672 0.000001
673 0.002009
674 0.001942
675 0.001679
676 0.001825
677 0.001584
678 0.000087
679 0.000034
680 0.000133
681 0.000536
682 0.000646
683 0.000228
684 0.000659
685 0.006157
686 0.004846
687 0.001105
688 0.000323
689 0.000253
690 0.000083
691 0.000035
692 0.000061
693 0.000415
694 0.000463
695 0.000878
696 0.000000
697 0.000000
698 0.000000
699 0.000000
700 0.000001
701 0.000001
702 0.002009
703 0.001948
704 0.001899
705 0.002621
706 0.004148
707 0.008806
708 0.010014
709 0.004352
710 0.000851
711 0.000319
712 0.000851
713 0.007880
714 0.008455
715 0.004197
716 0.000690
717 0.000178
718 0.000315
719 0.000332
720 0.000350
721 0.000436
722 0.000542
723 0.000000
724 0.000001
725 0.000001
726 0.000000
727 0.000000
728 0.000001
729 0.000001
730 0.000001
731 0.000001
732 0.002470
733 0.004295
734 0.006885
735 0.010015
736 0.005893
737 0.002692
738 0.001359
739 0.000581
740 0.001580
741 0.004030
742 0.010031
743 0.007728
744 0.001442
745 0.000243
746 0.000332
747 0.000415
748 0.000436
749 0.000542
750 0.000000
751 0.000000
752 0.000000
753 0.000001
754 0.000001
755 0.000000
756 0.000001
757 0.000001
758 0.000001
759 0.000001
760 0.000001
761 0.006208
762 0.010014
763 0.007743
764 0.004083
765 0.001916
766 0.002375
767 0.001670
768 0.002159
769 0.002707
770 0.013978
771 0.009788
772 0.002549
773 0.000660
774 0.000336
775 0.000369
776 0.000459
777 0.000001
778 0.000163
779 0.000138
780 0.000012
781 0.000001
782 0.000000
783 0.000000
