0 0.010097
1 0.010100
2 0.010112
3 0.010107
4 0.010119
5 0.010129
6 0.010134
7 0.010137
8 0.010141
9 0.010146
10 0.010148
11 0.010157
12 0.010158
13 0.010166
14 0.010169
15 0.010176
16 0.010179
17 0.010185
18 0.010155
19 0.010050
20 0.010000
21 0.010000
22 0.010000
23 0.010000
24 0.010000
25 0.010000
26 0.010000
27 0.010000
28 0.010108
29 0.010104
30 0.010115
31 0.010118
32 0.010121
33 0.010127
34 0.010136
35 0.010139
36 0.010150
37 0.010152
38 0.010156
39 0.010158
40 0.010165
41 0.010168
42 0.010171
43 0.010178
44 0.010184
45 0.010187
46 0.010178
47 0.010119
48 0.010000
49 0.010000
50 0.010215
51 0.010903
52 0.010000
53 0.010000
54 0.010000
55 0.010000
56 0.010103
57 0.010115
58 0.010118
59 0.010121
60 0.010126
61 0.010135
62 0.010138
63 0.010144
64 0.010151
65 0.010155
66 0.010157
67 0.010164
68 0.010171
69 0.010174
70 0.010176
71 0.010183
72 0.010186
73 0.010188
74 0.010191
75 0.010156
76 0.010187
77 0.010609
78 0.010824
79 0.010903
80 0.010903
81 0.010000
82 0.010000
83 0.010000
84 0.010107
85 0.010118
86 0.010127
87 0.010132
88 0.010135
89 0.010137
90 0.010141
91 0.010150
92 0.010158
93 0.010161
94 0.010164
95 0.010167
96 0.010173
97 0.010175
98 0.010178
99 0.010184
100 0.010187
101 0.010304
102 0.010340
103 0.010517
104 0.010709
105 0.010848
106 0.010786
107 0.010892
108 0.010437
109 0.010000
110 0.010000
111 0.010000
112 0.010118
113 0.010121
114 0.010132
115 0.010134
116 0.011357
117 0.010857
118 0.010569
119 0.010497
120 0.010439
121 0.010387
122 0.010166
123 0.010167
124 0.010174
125 0.010176
126 0.010183
127 0.010309
128 0.010331
129 0.010411
130 0.010587
131 0.010743
132 0.010807
133 0.010785
134 0.010756
135 0.010509
136 0.010335
137 0.010000
138 0.010000
139 0.010000
140 0.010121
141 0.010131
142 0.010135
143 0.010137
144 0.011397
145 0.011227
146 0.010663
147 0.010687
148 0.010569
149 0.010533
150 0.010501
151 0.010471
152 0.010444
153 0.010535
154 0.010325
155 0.010347
156 0.010525
157 0.010660
158 0.010732
159 0.010848
160 0.010727
161 0.010500
162 0.010513
163 0.010404
164 0.010000
165 0.010000
166 0.010000
167 0.010000
168 0.010131
169 0.010135
170 0.010137
171 0.010141
172 0.010557
173 0.011356
174 0.011321
175 0.010612
176 0.010544
177 0.010441
178 0.010536
179 0.010666
180 0.010659
181 0.010608
182 0.010767
183 0.010803
184 0.010844
185 0.010930
186 0.010991
187 0.010716
188 0.010542
189 0.010426
190 0.010432
191 0.010362
192 0.010000
193 0.010000
194 0.010000
195 0.010000
196 0.010136
197 0.010138
198 0.010145
199 0.010148
200 0.010457
201 0.011075
202 0.011237
203 0.011382
204 0.010692
205 0.010661
206 0.010634
207 0.010543
208 0.010531
209 0.010446
210 0.010444
211 0.010966
212 0.011002
213 0.010956
214 0.010918
215 0.010721
216 0.010637
217 0.010654
218 0.010515
219 0.010452
220 0.010000
221 0.010000
222 0.010000
223 0.010000
224 0.010138
225 0.010146
226 0.010149
227 0.010150
228 0.010157
229 0.010542
230 0.011325
231 0.011367
232 0.011185
233 0.010695
234 0.010700
235 0.010438
236 0.010431
237 0.010424
238 0.010417
239 0.010418
240 0.010763
241 0.010733
242 0.010646
243 0.010642
244 0.010552
245 0.010626
246 0.010566
247 0.010117
248 0.010101
249 0.010089
250 0.010077
251 0.010064
252 0.010141
253 0.010149
254 0.010151
255 0.010274
256 0.010285
257 0.010605
258 0.010695
259 0.011388
260 0.011414
261 0.010840
262 0.010425
263 0.010412
264 0.010400
265 0.010400
266 0.010396
267 0.010396
268 0.010403
269 0.010590
270 0.010565
271 0.010443
272 0.010425
273 0.010612
274 0.010557
275 0.010117
276 0.010141
277 0.010128
278 0.010118
279 0.010075
280 0.010150
281 0.010279
282 0.010282
283 0.010290
284 0.010294
285 0.010565
286 0.010573
287 0.010771
288 0.011319
289 0.010419
290 0.010397
291 0.010389
292 0.010382
293 0.010377
294 0.010379
295 0.010382
296 0.010384
297 0.010393
298 0.010427
299 0.010408
300 0.010419
301 0.010624
302 0.010571
303 0.010109
304 0.010107
305 0.010101
306 0.010095
307 0.010093
308 0.010282
309 0.010286
310 0.010293
311 0.010299
312 0.010210
313 0.010216
314 0.010540
315 0.010602
316 0.010424
317 0.010402
318 0.010381
319 0.010369
320 0.010361
321 0.010362
322 0.010362
323 0.010368
324 0.010374
325 0.010380
326 0.010390
327 0.010403
328 0.010626
329 0.010629
330 0.010295
331 0.010240
332 0.010100
333 0.010098
334 0.010093
335 0.010087
336 0.010291
337 0.010202
338 0.010204
339 0.010208
340 0.010210
341 0.010214
342 0.010507
343 0.010501
344 0.010403
345 0.010385
346 0.010372
347 0.010356
348 0.010355
349 0.010349
350 0.010351
351 0.010354
352 0.010361
353 0.010373
354 0.010379
355 0.010396
356 0.010628
357 0.010629
358 0.010315
359 0.010267
360 0.010098
361 0.010092
362 0.010087
363 0.010085
364 0.010200
365 0.010201
366 0.010203
367 0.010206
368 0.010211
369 0.010214
370 0.010385
371 0.010467
372 0.010388
373 0.010369
374 0.010362
375 0.010353
376 0.010344
377 0.010340
378 0.010343
379 0.010343
380 0.010353
381 0.010361
382 0.010376
383 0.010389
384 0.010568
385 0.010623
386 0.010341
387 0.010287
388 0.010222
389 0.010086
390 0.010085
391 0.010083
392 0.010201
393 0.010203
394 0.010206
395 0.010209
396 0.010213
397 0.010217
398 0.010219
399 0.010433
400 0.010483
401 0.010363
402 0.010353
403 0.010346
404 0.010337
405 0.010336
406 0.010332
407 0.010341
408 0.010346
409 0.010357
410 0.010372
411 0.010511
412 0.010506
413 0.010526
414 0.010344
415 0.010322
416 0.010249
417 0.010088
418 0.010083
419 0.010082
420 0.010200
421 0.010205
422 0.010207
423 0.010209
424 0.010214
425 0.010217
426 0.010221
427 0.010406
428 0.010460
429 0.010358
430 0.010346
431 0.010340
432 0.010337
433 0.010333
434 0.010333
435 0.010338
436 0.010343
437 0.010354
438 0.010363
439 0.010474
440 0.010504
441 0.010338
442 0.010355
443 0.010608
444 0.010282
445 0.010082
446 0.010081
447 0.010080
448 0.010222
449 0.010229
450 0.010208
451 0.010210
452 0.010215
453 0.010219
454 0.010225
455 0.010385
456 0.010436
457 0.010347
458 0.010341
459 0.010342
460 0.010338
461 0.010334
462 0.010334
463 0.010337
464 0.010343
465 0.010352
466 0.010366
467 0.010476
468 0.010467
469 0.010348
470 0.011189
471 0.010615
472 0.010365
473 0.010214
474 0.010111
475 0.010106
476 0.010207
477 0.010216
478 0.010225
479 0.010234
480 0.010218
481 0.010221
482 0.010226
483 0.010229
484 0.010423
485 0.010457
486 0.010337
487 0.010337
488 0.010333
489 0.010336
490 0.010340
491 0.010342
492 0.010346
493 0.010356
494 0.010420
495 0.010441
496 0.010438
497 0.011572
498 0.011270
499 0.010895
500 0.010620
501 0.010275
502 0.010106
503 0.010106
504 0.010033
505 0.010180
506 0.010204
507 0.010215
508 0.010228
509 0.010237
510 0.010250
511 0.010233
512 0.010405
513 0.010445
514 0.010341
515 0.010338
516 0.010335
517 0.010340
518 0.010342
519 0.010345
520 0.010351
521 0.010360
522 0.010415
523 0.010416
524 0.011304
525 0.011471
526 0.011668
527 0.011520
528 0.010689
529 0.010291
530 0.010106
531 0.010069
532 0.010034
533 0.010035
534 0.010037
535 0.010039
536 0.010199
537 0.010216
538 0.010226
539 0.010240
540 0.010403
541 0.010458
542 0.010463
543 0.010336
544 0.010338
545 0.010341
546 0.010344
547 0.010349
548 0.010361
549 0.010365
550 0.010453
551 0.011139
552 0.011296
553 0.011457
554 0.011566
555 0.011487
556 0.011096
557 0.010539
558 0.010068
559 0.010067
560 0.010031
561 0.010032
562 0.010034
563 0.010038
564 0.010039
565 0.010041
566 0.010181
567 0.010212
568 0.010227
569 0.010416
570 0.010456
571 0.010350
572 0.010363
573 0.010344
574 0.010350
575 0.010356
576 0.010395
577 0.010406
578 0.010456
579 0.010683
580 0.011062
581 0.011295
582 0.011427
583 0.011715
584 0.011454
585 0.010066
586 0.010066
587 0.010062
588 0.010029
589 0.010031
590 0.010033
591 0.010036
592 0.010037
593 0.010040
594 0.010040
595 0.010042
596 0.010044
597 0.010368
598 0.010409
599 0.010313
600 0.010331
601 0.010374
602 0.010400
603 0.010397
604 0.010406
605 0.010409
606 0.010400
607 0.010344
608 0.010581
609 0.010907
610 0.011265
611 0.011524
612 0.010065
613 0.010065
614 0.010062
615 0.010061
616 0.010028
617 0.010029
618 0.010031
619 0.010033
620 0.010034
621 0.010037
622 0.010038
623 0.010039
624 0.010042
625 0.010277
626 0.010357
627 0.010351
628 0.010306
629 0.010324
630 0.010352
631 0.010380
632 0.010378
633 0.010374
634 0.010357
635 0.010335
636 0.010318
637 0.010434
638 0.010638
639 0.010064
640 0.010064
641 0.010060
642 0.012030
643 0.012286
644 0.010027
645 0.010028
646 0.010028
647 0.010030
648 0.010032
649 0.010034
650 0.010037
651 0.010038
652 0.010039
653 0.010041
654 0.010308
655 0.010240
656 0.010250
657 0.010217
658 0.010215
659 0.010281
660 0.010284
661 0.010295
662 0.010304
663 0.010307
664 0.010290
665 0.010235
666 0.010065
667 0.010060
668 0.010059
669 0.012026
670 0.012075
671 0.012166
672 0.010020
673 0.010027
674 0.010027
675 0.010029
676 0.010028
677 0.010031
678 0.010036
679 0.010037
680 0.010037
681 0.010039
682 0.010150
683 0.010195
684 0.010216
685 0.010211
686 0.010210
687 0.010209
688 0.010209
689 0.010186
690 0.010217
691 0.010225
692 0.010212
693 0.010067
694 0.010064
695 0.010060
696 0.012025
697 0.012025
698 0.012035
699 0.012180
700 0.010020
701 0.010021
702 0.010027
703 0.010027
704 0.010028
705 0.010029
706 0.010031
707 0.010032
708 0.010033
709 0.010035
710 0.010112
711 0.010177
712 0.010206
713 0.010211
714 0.010204
715 0.010203
716 0.010199
717 0.010178
718 0.010076
719 0.010074
720 0.010072
721 0.010067
722 0.010062
723 0.012044
724 0.011847
725 0.011955
726 0.012022
727 0.012024
728 0.010020
729 0.010020
730 0.010020
731 0.010021
732 0.010028
733 0.010028
734 0.010031
735 0.010031
736 0.010032
737 0.010034
738 0.010036
739 0.010158
740 0.010193
741 0.010206
742 0.010204
743 0.010201
744 0.010189
745 0.010158
746 0.010075
747 0.010070
748 0.010068
749 0.010063
750 0.011138
751 0.010503
752 0.010714
753 0.011248
754 0.012088
755 0.012022
756 0.010019
757 0.010019
758 0.010046
759 0.010049
760 0.010020
761 0.010028
762 0.010029
763 0.010031
764 0.010032
765 0.010032
766 0.010033
767 0.010128
768 0.010180
769 0.010200
770 0.010201
771 0.010198
772 0.010180
773 0.010119
774 0.010075
775 0.010073
776 0.010068
777 0.010380
778 0.010246
779 0.010251
780 0.010325
781 0.010434
782 0.011169
783 0.012023
