0 0.001459
1 0.001365
2 0.001074
3 0.001196
4 0.000932
5 0.000722
6 0.000622
7 0.000577
8 0.000084
9 0.000013
10 0.000013
11 0.000033
12 0.000113
13 0.000186
14 0.000342
15 0.000131
16 0.000095
17 0.000132
18 0.001267
19 0.003237
20 0.002913
21 0.001551
22 0.001255
23 0.000950
24 0.001250
25 0.002501
26 0.005129
27 0.007250
28 0.001154
29 0.001277
30 0.001000
31 0.000932
32 0.000869
33 0.000756
34 0.000577
35 0.000323
36 0.000026
37 0.000007
38 0.000006
39 0.000012
40 0.000036
41 0.000174
42 0.000201
43 0.000777
44 0.000860
45 0.000201
46 0.000147
47 0.000394
48 0.001361
49 0.001054
50 0.000002
51 0.000002
52 0.002359
53 0.005025
54 0.007063
55 0.007256
56 0.001277
57 0.001001
58 0.000932
59 0.000869
60 0.000756
61 0.000577
62 0.000537
63 0.000108
64 0.000012
65 0.000005
66 0.000006
67 0.000006
68 0.000011
69 0.000053
70 0.000321
71 0.005736
72 0.004778
73 0.000287
74 0.000024
75 0.000064
76 0.000004
77 0.000001
78 0.000003
79 0.000002
80 0.000002
81 0.007064
82 0.007257
83 0.004649
84 0.001196
85 0.000932
86 0.000722
87 0.000622
88 0.000577
89 0.000537
90 0.000464
91 0.000033
92 0.000005
93 0.000004
94 0.000004
95 0.000004
96 0.000005
97 0.000024
98 0.000699
99 0.011628
100 0.015569
101 0.000173
102 0.000002
103 0.000002
104 0.000001
105 0.000002
106 0.000002
107 0.000003
108 0.000002
109 0.007742
110 0.004466
111 0.002775
112 0.000932
113 0.000869
114 0.000622
115 0.000577
116 0.000001
117 0.000001
118 0.000002
119 0.000002
120 0.000002
121 0.000003
122 0.000004
123 0.000004
124 0.000004
125 0.000017
126 0.001237
127 0.002207
128 0.000068
129 0.000002
130 0.000001
131 0.000001
132 0.000002
133 0.000004
134 0.000004
135 0.000004
136 0.000211
137 0.003464
138 0.002120
139 0.001359
140 0.000869
141 0.000670
142 0.000577
143 0.000537
144 0.000002
145 0.000001
146 0.000001
147 0.000002
148 0.000002
149 0.000002
150 0.000002
151 0.000002
152 0.000002
153 0.000002
154 0.000007
155 0.000004
156 0.000002
157 0.000002
158 0.000002
159 0.000002
160 0.000005
161 0.000007
162 0.000004
163 0.000002
164 0.003298
165 0.001599
166 0.001012
167 0.000692
168 0.000670
169 0.000578
170 0.000537
171 0.000464
172 0.000004
173 0.000002
174 0.000001
175 0.000001
176 0.000002
177 0.000002
178 0.000002
179 0.000002
180 0.000002
181 0.000002
182 0.000002
183 0.000002
184 0.000002
185 0.000002
186 0.000002
187 0.000004
188 0.000009
189 0.000005
190 0.000002
191 0.000003
192 0.001174
193 0.000704
194 0.000481
195 0.000701
196 0.000578
197 0.000537
198 0.000406
199 0.000348
200 0.000064
201 0.000003
202 0.000001
203 0.000001
204 0.000001
205 0.000001
206 0.000002
207 0.000002
208 0.000002
209 0.000003
210 0.000002
211 0.000002
212 0.000002
213 0.000002
214 0.000004
215 0.000009
216 0.000006
217 0.000002
218 0.000002
219 0.000020
220 0.000560
221 0.000453
222 0.000497
223 0.000641
224 0.001544
225 0.000615
226 0.000349
227 0.000323
228 0.000223
229 0.000005
230 0.000002
231 0.000001
232 0.000001
233 0.000001
234 0.000001
235 0.000001
236 0.000002
237 0.000003
238 0.000003
239 0.000003
240 0.000003
241 0.000006
242 0.000015
243 0.000014
244 0.000003
245 0.000001
246 0.000002
247 0.000008
248 0.000016
249 0.000027
250 0.000066
251 0.000121
252 0.004741
253 0.001694
254 0.000793
255 0.000190
256 0.000046
257 0.000005
258 0.000003
259 0.000001
260 0.000001
261 0.000001
262 0.000001
263 0.000002
264 0.000002
265 0.000002
266 0.000003
267 0.000003
268 0.000007
269 0.000024
270 0.999948
271 0.000029
272 0.000003
273 0.000002
274 0.000002
275 0.000005
276 0.000005
277 0.000006
278 0.000007
279 0.000013
280 0.010053
281 0.002855
282 0.000668
283 0.000102
284 0.000021
285 0.000002
286 0.000004
287 0.000002
288 0.000001
289 0.000001
290 0.000002
291 0.000002
292 0.000002
293 0.000002
294 0.000002
295 0.000002
296 0.000004
297 0.000027
298 0.000113
299 0.000026
300 0.000003
301 0.000002
302 0.000003
303 0.000050
304 0.000030
305 0.000021
306 0.000014
307 0.000013
308 0.002157
309 0.001571
310 0.000881
311 0.000149
312 0.000006
313 0.000002
314 0.000004
315 0.000003
316 0.000002
317 0.000002
318 0.000002
319 0.000003
320 0.000002
321 0.000002
322 0.000002
323 0.000002
324 0.000004
325 0.000006
326 0.000007
327 0.000004
328 0.000003
329 0.000003
330 0.000005
331 0.000014
332 0.000227
333 0.000155
334 0.000096
335 0.000081
336 0.000356
337 0.000346
338 0.000474
339 0.000447
340 0.000005
341 0.000002
342 0.000003
343 0.000004
344 0.000003
345 0.000002
346 0.000003
347 0.000003
348 0.000002
349 0.000002
350 0.000002
351 0.000003
352 0.000004
353 0.000003
354 0.000002
355 0.000002
356 0.000003
357 0.000003
358 0.000003
359 0.000005
360 0.000436
361 0.000214
362 0.000278
363 0.000294
364 0.000067
365 0.000114
366 0.000138
367 0.000155
368 0.000003
369 0.000003
370 0.000002
371 0.000006
372 0.000009
373 0.000005
374 0.000003
375 0.000002
376 0.000002
377 0.000002
378 0.000002
379 0.000003
380 0.000003
381 0.000002
382 0.000002
383 0.000002
384 0.000002
385 0.000003
386 0.000003
387 0.000003
388 0.000018
389 0.000291
390 0.000513
391 0.000296
392 0.000022
393 0.000017
394 0.000017
395 0.000005
396 0.000002
397 0.000002
398 0.000003
399 0.000011
400 0.000110
401 0.000016
402 0.000003
403 0.000002
404 0.000002
405 0.000002
406 0.000003
407 0.000003
408 0.000002
409 0.000002
410 0.000002
411 0.000002
412 0.000002
413 0.000003
414 0.000003
415 0.000002
416 0.000003
417 0.000049
418 0.000118
419 0.000275
420 0.000013
421 0.000008
422 0.000008
423 0.000002
424 0.000002
425 0.000002
426 0.000003
427 0.000022
428 0.999942
429 0.000032
430 0.000003
431 0.000002
432 0.000002
433 0.000002
434 0.000003
435 0.000002
436 0.000002
437 0.000002
438 0.000002
439 0.000002
440 0.000002
441 0.000003
442 0.000003
443 0.000002
444 0.000002
445 0.000009
446 0.000028
447 0.000064
448 0.000019
449 0.000008
450 0.000006
451 0.000002
452 0.000002
453 0.000002
454 0.000004
455 0.000016
456 0.000048
457 0.000018
458 0.000005
459 0.000003
460 0.000003
461 0.000002
462 0.000002
463 0.000002
464 0.000002
465 0.000002
466 0.000002
467 0.000002
468 0.000002
469 0.000002
470 0.000003
471 0.000002
472 0.000002
473 0.000003
474 0.000004
475 0.000021
476 0.000107
477 0.000039
478 0.000006
479 0.000002
480 0.000002
481 0.000003
482 0.000007
483 0.000007
484 0.000006
485 0.000006
486 0.000006
487 0.000004
488 0.000003
489 0.000003
490 0.000002
491 0.000002
492 0.000002
493 0.000002
494 0.000002
495 0.000002
496 0.000002
497 0.000002
498 0.000002
499 0.000002
500 0.000002
501 0.000002
502 0.000012
503 0.000025
504 0.001160
505 0.000764
506 0.000010
507 0.000002
508 0.000002
509 0.000005
510 0.000006
511 0.000004
512 0.000003
513 0.000004
514 0.000005
515 0.000003
516 0.000003
517 0.000003
518 0.000003
519 0.000002
520 0.000002
521 0.000002
522 0.000002
523 0.000002
524 0.000002
525 0.000002
526 0.000002
527 0.000002
528 0.000002
529 0.000002
530 0.000065
531 0.000199
532 0.001935
533 0.003193
534 0.000024
535 0.000003
536 0.000004
537 0.000007
538 0.000005
539 0.000003
540 0.000002
541 0.000003
542 0.000004
543 0.000003
544 0.000002
545 0.000002
546 0.000002
547 0.000002
548 0.000002
549 0.000002
550 0.000002
551 0.000002
552 0.000002
553 0.000002
554 0.000002
555 0.000002
556 0.000002
557 0.000003
558 0.000199
559 0.000212
560 0.004478
561 0.007761
562 0.000035
563 0.000003
564 0.000006
565 0.000007
566 0.000003
567 0.000002
568 0.000002
569 0.000003
570 0.000004
571 0.000004
572 0.000002
573 0.000002
574 0.000002
575 0.000002
576 0.000002
577 0.000002
578 0.000002
579 0.000002
580 0.000002
581 0.000002
582 0.000002
583 0.000002
584 0.000002
585 0.000199
586 0.000212
587 0.000276
588 0.008987
589 0.010022
590 0.000308
591 0.000007
592 0.000007
593 0.000003
594 0.000002
595 0.000003
596 0.000002
597 0.000003
598 0.000004
599 0.000004
600 0.000003
601 0.000002
602 0.000002
603 0.000002
604 0.000002
605 0.000002
606 0.000002
607 0.000002
608 0.000002
609 0.000002
610 0.000002
611 0.000003
612 0.000187
613 0.000199
614 0.000260
615 0.000276
616 0.010019
617 0.008709
618 0.004326
619 0.000237
620 0.000009
621 0.000003
622 0.000003
623 0.000002
624 0.000003
625 0.000003
626 0.000003
627 0.000004
628 0.000004
629 0.000003
630 0.000002
631 0.000002
632 0.000002
633 0.000002
634 0.000002
635 0.000002
636 0.000002
637 0.000002
638 0.000003
639 0.000187
640 0.000199
641 0.000260
642 0.000002
643 0.000002
644 0.008784
645 0.005177
646 0.003921
647 0.003845
648 0.002415
649 0.000015
650 0.000004
651 0.000003
652 0.000003
653 0.000004
654 0.000010
655 0.000022
656 0.000082
657 0.000079
658 0.000014
659 0.000002
660 0.000002
661 0.000002
662 0.000002
663 0.000002
664 0.000002
665 0.000003
666 0.000187
667 0.000245
668 0.000260
669 0.000002
670 0.000002
671 0.000002
672 0.000002
673 0.004077
674 0.003998
675 0.006656
676 0.009995
677 0.010001
678 0.000076
679 0.000041
680 0.000096
681 0.000631
682 0.005273
683 0.001754
684 0.000572
685 0.000332
686 0.000042
687 0.000009
688 0.000004
689 0.000015
690 0.000009
691 0.000005
692 0.000012
693 0.000176
694 0.000199
695 0.000260
696 0.000002
697 0.000002
698 0.000002
699 0.000002
700 0.000002
701 0.000002
702 0.006772
703 0.009994
704 0.010000
705 0.010009
706 0.010019
707 0.010023
708 0.010018
709 0.008582
710 0.002953
711 0.001155
712 0.000720
713 0.000773
714 0.000160
715 0.000028
716 0.000009
717 0.000022
718 0.000126
719 0.000134
720 0.000143
721 0.000187
722 0.000245
723 0.000002
724 0.000002
725 0.000002
726 0.000002
727 0.000002
728 0.000002
729 0.000002
730 0.000002
731 0.000002
732 0.010007
733 0.010017
734 0.010022
735 0.010020
736 0.010009
737 0.004825
738 0.001959
739 0.000936
740 0.000902
741 0.000719
742 0.000386
743 0.000081
744 0.000042
745 0.000049
746 0.000134
747 0.000176
748 0.000187
749 0.000245
750 0.000002
751 0.000002
752 0.000002
753 0.000002
754 0.000002
755 0.000002
756 0.000002
757 0.000002
758 0.000002
759 0.000002
760 0.000002
761 0.010020
762 0.010020
763 0.010013
764 0.007535
765 0.003223
766 0.001382
767 0.001162
768 0.000938
769 0.000903
770 0.000858
771 0.000223
772 0.000145
773 0.000145
774 0.000134
775 0.000152
776 0.000199
777 0.000002
778 0.000006
779 0.000004
780 0.000002
781 0.000002
782 0.000002
783 0.000002
