0 0.006627
1 0.006920
2 0.008077
3 0.010396
4 0.012604
5 0.012823
6 0.009195
7 0.005045
8 0.001056
9 0.000726
10 0.001604
11 0.001410
12 0.000651
13 0.000162
14 0.000075
15 0.000070
16 0.000057
17 0.000045
18 0.000179
19 0.000703
20 0.001515
21 0.001577
22 0.001870
23 0.001942
24 0.002632
25 0.004028
26 0.007219
27 0.009278
28 0.007232
29 0.006627
30 0.006548
31 0.008077
32 0.010804
33 0.013037
34 0.012360
35 0.005729
36 0.001118
37 0.000762
38 0.001924
39 0.001931
40 0.000608
41 0.000127
42 0.000063
43 0.000052
44 0.000041
45 0.000044
46 0.000075
47 0.000409
48 0.001269
49 0.001515
50 0.000017
51 0.000000
52 0.003897
53 0.007169
54 0.009102
55 0.009440
56 0.009045
57 0.007233
58 0.006628
59 0.006548
60 0.008077
61 0.011231
62 0.012939
63 0.004557
64 0.001644
65 0.001245
66 0.001846
67 0.001712
68 0.000423
69 0.000091
70 0.000042
71 0.000036
72 0.000035
73 0.000032
74 0.000037
75 0.000169
76 0.000153
77 0.000000
78 0.000000
79 0.000000
80 0.000000
81 0.009102
82 0.009440
83 0.014456
84 0.010009
85 0.009046
86 0.007234
87 0.006536
88 0.006460
89 0.008338
90 0.011231
91 0.002928
92 0.002248
93 0.003065
94 0.002243
95 0.000873
96 0.000379
97 0.000130
98 0.000049
99 0.000028
100 0.000029
101 0.000018
102 0.000003
103 0.000000
104 0.000000
105 0.000000
106 0.000000
107 0.000000
108 0.000006
109 0.009164
110 0.014793
111 0.009013
112 0.007931
113 0.010009
114 0.009047
115 0.007235
116 0.000000
117 0.000000
118 0.000000
119 0.000002
120 0.000058
121 0.003496
122 0.002646
123 0.000555
124 0.000214
125 0.000139
126 0.000065
127 0.000010
128 0.000004
129 0.000000
130 0.000000
131 0.000000
132 0.000000
133 0.000000
134 0.000000
135 0.000012
136 0.004110
137 0.013363
138 0.007847
139 0.005638
140 0.004912
141 0.006914
142 0.010009
143 0.009570
144 0.000012
145 0.000001
146 0.000000
147 0.000000
148 0.000000
149 0.000001
150 0.000002
151 0.000003
152 0.000004
153 0.000012
154 0.000013
155 0.000001
156 0.000000
157 0.000000
158 0.000000
159 0.000000
160 0.000000
161 0.000000
162 0.000010
163 0.000340
164 0.013158
165 0.006687
166 0.004795
167 0.003535
168 0.002654
169 0.004052
170 0.005857
171 0.010007
172 0.000076
173 0.000006
174 0.000046
175 0.000002
176 0.000004
177 0.000000
178 0.000000
179 0.000000
180 0.000000
181 0.000000
182 0.000000
183 0.000000
184 0.000000
185 0.000000
186 0.000000
187 0.000000
188 0.000000
189 0.000003
190 0.000009
191 0.008796
192 0.005482
193 0.003879
194 0.001798
195 0.001694
196 0.001925
197 0.002079
198 0.002953
199 0.004860
200 0.000328
201 0.000076
202 0.000044
203 0.000092
204 0.000157
205 0.000028
206 0.000001
207 0.000000
208 0.000000
209 0.000000
210 0.000000
211 0.000000
212 0.000000
213 0.000000
214 0.000000
215 0.000000
216 0.000000
217 0.000000
218 0.000420
219 0.001417
220 0.003336
221 0.001269
222 0.001361
223 0.001697
224 0.001839
225 0.001545
226 0.001402
227 0.002327
228 0.003397
229 0.000014
230 0.000017
231 0.000113
232 0.000128
233 0.000125
234 0.000004
235 0.000000
236 0.000000
237 0.000000
238 0.000000
239 0.000000
240 0.000000
241 0.000000
242 0.000000
243 0.000000
244 0.000000
245 0.000000
246 0.000065
247 0.000328
248 0.000212
249 0.000300
250 0.000630
251 0.001190
252 0.001757
253 0.001402
254 0.001335
255 0.001212
256 0.001487
257 0.000003
258 0.000005
259 0.999854
260 0.000032
261 0.000001
262 0.000000
263 0.000000
264 0.000000
265 0.000000
266 0.000000
267 0.000000
268 0.000000
269 0.000000
270 0.000000
271 0.000000
272 0.000000
273 0.000000
274 0.000003
275 0.000032
276 0.000056
277 0.000139
278 0.000285
279 0.000619
280 0.001397
281 0.001159
282 0.001213
283 0.000949
284 0.000902
285 0.000018
286 0.000001
287 0.000019
288 0.000015
289 0.000000
290 0.000000
291 0.000000
292 0.000000
293 0.000000
294 0.000000
295 0.000000
296 0.000014
297 0.000002
298 0.000000
299 0.000000
300 0.000000
301 0.000000
302 0.000000
303 0.000049
304 0.000095
305 0.000200
306 0.000371
307 0.000793
308 0.001504
309 0.001240
310 0.000946
311 0.000775
312 0.000101
313 0.000010
314 0.000000
315 0.000000
316 0.000001
317 0.000000
318 0.000000
319 0.000000
320 0.000000
321 0.000002
322 0.000037
323 0.000296
324 0.000891
325 0.000014
326 0.000000
327 0.000000
328 0.000000
329 0.000000
330 0.000000
331 0.000018
332 0.000231
333 0.000507
334 0.000887
335 0.001114
336 0.001437
337 0.001141
338 0.000794
339 0.000231
340 0.000008
341 0.000001
342 0.000000
343 0.000000
344 0.000000
345 0.000000
346 0.000000
347 0.000000
348 0.000000
349 0.000016
350 0.001775
351 1.000000
352 0.000275
353 0.000004
354 0.000000
355 0.000000
356 0.000000
357 0.000000
358 0.000000
359 0.000005
360 0.000748
361 0.000916
362 0.001053
363 0.001088
364 0.001140
365 0.000602
366 0.000240
367 0.000081
368 0.000001
369 0.000000
370 0.000000
371 0.000000
372 0.000000
373 0.000000
374 0.000000
375 0.000000
376 0.000002
377 0.000143
378 0.005306
379 0.001247
380 0.000012
381 0.000002
382 0.000027
383 0.000113
384 0.000008
385 0.000000
386 0.000000
387 0.000003
388 0.000276
389 0.001089
390 0.000928
391 0.000754
392 0.000286
393 0.000147
394 0.000065
395 0.000006
396 0.000000
397 0.000000
398 0.000000
399 0.000000
400 0.000000
401 0.000000
402 0.000000
403 0.000001
404 0.000017
405 0.000403
406 0.000103
407 0.000007
408 0.000002
409 0.000003
410 0.000285
411 0.032088
412 0.000731
413 0.000005
414 0.000000
415 0.000001
416 0.000033
417 0.000677
418 0.000752
419 0.000762
420 0.000101
421 0.000045
422 0.000036
423 0.000002
424 0.000000
425 0.000000
426 0.000000
427 0.000000
428 0.000000
429 0.000000
430 0.000000
431 0.000005
432 0.000071
433 0.000011
434 0.000001
435 0.000000
436 0.000000
437 0.000084
438 0.004228
439 0.089934
440 0.014937
441 0.000338
442 0.000000
443 0.000000
444 0.000007
445 0.001346
446 0.001175
447 0.000820
448 0.000088
449 0.000045
450 0.000031
451 0.000001
452 0.000000
453 0.000000
454 0.000000
455 0.000000
456 0.000000
457 0.000000
458 0.000001
459 0.000010
460 0.000002
461 0.000000
462 0.000000
463 0.000000
464 0.000003
465 0.000468
466 1.000000
467 0.012830
468 0.100505
469 0.001730
470 0.000026
471 0.000000
472 0.000004
473 0.000585
474 0.000978
475 0.000475
476 0.000295
477 0.000149
478 0.000023
479 0.000001
480 0.000000
481 0.000000
482 0.000000
483 0.000000
484 0.000000
485 0.000000
486 0.000001
487 0.000001
488 0.000000
489 0.000000
490 0.000000
491 0.000000
492 0.000007
493 0.000553
494 0.003591
495 0.011200
496 0.999994
497 0.029566
498 0.000221
499 0.000001
500 0.000001
501 0.000085
502 0.001350
503 0.001012
504 0.001379
505 0.000713
506 0.000031
507 0.000001
508 0.000000
509 0.000000
510 0.000000
511 0.000000
512 0.000000
513 0.000000
514 0.000000
515 0.000000
516 0.000000
517 0.000000
518 0.000000
519 0.000000
520 0.000001
521 0.000019
522 0.000248
523 0.002200
524 0.004170
525 0.012502
526 0.000986
527 0.000019
528 0.000000
529 0.000050
530 0.005073
531 0.007316
532 0.001314
533 0.001216
534 0.000035
535 0.000002
536 0.000000
537 0.000000
538 0.000000
539 0.000001
540 0.000000
541 0.000000
542 0.000000
543 0.000000
544 0.000000
545 0.000000
546 0.000000
547 0.000000
548 0.000000
549 0.000000
550 0.000001
551 0.000003
552 0.000160
553 0.000819
554 0.012214
555 0.000501
556 0.000023
557 0.000190
558 0.012105
559 0.013082
560 0.001538
561 0.001483
562 0.000026
563 0.000002
564 0.000001
565 0.000003
566 0.000013
567 0.000005
568 0.000001
569 0.000000
570 0.000000
571 0.000000
572 0.000000
573 0.000000
574 0.000000
575 0.000000
576 0.000000
577 0.000000
578 0.000000
579 0.000000
580 0.000001
581 0.000211
582 0.004966
583 0.022932
584 0.000549
585 0.010000
586 0.010000
587 0.010000
588 0.001794
589 0.001538
590 0.000166
591 0.000011
592 0.000006
593 0.000017
594 0.000023
595 0.000017
596 0.000036
597 0.000013
598 0.000001
599 0.000000
600 0.000000
601 0.000000
602 0.000000
603 0.000000
604 0.000000
605 0.000000
606 0.000000
607 0.000000
608 0.000000
609 0.000009
610 0.001076
611 0.005280
612 0.010000
613 0.010000
614 0.010000
615 0.010000
616 0.001922
617 0.001978
618 0.004512
619 0.001175
620 0.000070
621 0.000016
622 0.000040
623 0.000055
624 0.000201
625 0.000070
626 0.000001
627 0.000000
628 0.000001
629 0.000001
630 0.000001
631 0.000002
632 0.000001
633 0.000000
634 0.000000
635 0.000000
636 0.000001
637 0.000003
638 0.000091
639 0.005406
640 0.008845
641 0.010000
642 0.000000
643 0.000000
644 0.002127
645 0.003611
646 0.008034
647 0.012540
648 0.007062
649 0.000085
650 0.000015
651 0.000153
652 0.000048
653 0.000034
654 0.000006
655 0.000002
656 0.000014
657 0.000598
658 0.004379
659 0.000999
660 0.000153
661 0.000032
662 0.000008
663 0.000003
664 0.000006
665 0.000124
666 0.002985
667 0.003420
668 0.005522
669 0.000000
670 0.000000
671 0.000000
672 0.000000
673 0.007460
674 0.011883
675 0.014049
676 0.010000
677 0.010000
678 0.000315
679 0.000168
680 0.000206
681 0.000246
682 0.000359
683 0.000095
684 0.000092
685 0.000769
686 0.006271
687 0.010043
688 0.011243
689 0.011154
690 0.002068
691 0.001004
692 0.001939
693 0.005344
694 0.003418
695 0.003110
696 0.000000
697 0.000000
698 0.000000
699 0.000000
700 0.000000
701 0.000000
702 0.013588
703 0.010000
704 0.010000
705 0.010000
706 0.010000
707 0.005232
708 0.002635
709 0.001181
710 0.000635
711 0.000184
712 0.000144
713 0.000857
714 0.005657
715 0.010029
716 0.011286
717 0.011234
718 0.010015
719 0.009998
720 0.009989
721 0.008816
722 0.005459
723 0.000000
724 0.000000
725 0.000000
726 0.000000
727 0.000000
728 0.000000
729 0.000000
730 0.000000
731 0.000000
732 0.010000
733 0.010000
734 0.006892
735 0.003637
736 0.001689
737 0.001264
738 0.001171
739 0.000406
740 0.000354
741 0.000962
742 0.003787
743 0.009879
744 0.011321
745 0.011282
746 0.010027
747 0.010009
748 0.009994
749 0.009989
750 0.000000
751 0.000000
752 0.000000
753 0.000000
754 0.000000
755 0.000000
756 0.000000
757 0.000000
758 0.000000
759 0.000001
760 0.000000
761 0.008898
762 0.004817
763 0.002292
764 0.001538
765 0.001483
766 0.001434
767 0.001142
768 0.000828
769 0.001041
770 0.002589
771 0.006650
772 0.011352
773 0.010035
774 0.010035
775 0.010020
776 0.010005
777 0.000000
778 0.000567
779 0.000281
780 0.000001
781 0.000000
782 0.000000
783 0.000000
