0 0.001506
1 0.001413
2 0.001863
3 0.003689
4 0.006553
5 0.010013
6 0.006298
7 0.002051
8 0.000112
9 0.000009
10 0.000006
11 0.000005
12 0.000005
13 0.000016
14 0.000055
15 0.000076
16 0.000046
17 0.000012
18 0.000027
19 0.000178
20 0.001112
21 0.002800
22 0.010058
23 0.018541
24 0.015409
25 0.006396
26 0.002435
27 0.001516
28 0.001202
29 0.001325
30 0.001049
31 0.001674
32 0.003463
33 0.007919
34 0.010015
35 0.002834
36 0.000071
37 0.000004
38 0.000003
39 0.000004
40 0.000006
41 0.000028
42 0.000099
43 0.000071
44 0.000017
45 0.000006
46 0.000006
47 0.000107
48 0.002162
49 0.009019
50 0.001877
51 0.000001
52 0.006396
53 0.002358
54 0.001165
55 0.001012
56 0.001325
57 0.001049
58 0.000980
59 0.000917
60 0.001429
61 0.003152
62 0.007815
63 0.002048
64 0.000071
65 0.000006
66 0.000003
67 0.000003
68 0.000008
69 0.000038
70 0.000073
71 0.000025
72 0.000007
73 0.000003
74 0.000004
75 0.000063
76 0.013819
77 0.000002
78 0.000001
79 0.000001
80 0.000001
81 0.001085
82 0.000915
83 0.000655
84 0.001252
85 0.000980
86 0.000768
87 0.000667
88 0.000622
89 0.001288
90 0.002871
91 0.000551
92 0.000059
93 0.000010
94 0.000004
95 0.000004
96 0.000013
97 0.000086
98 0.000054
99 0.000009
100 0.000003
101 0.000002
102 0.000007
103 0.000002
104 0.000002
105 0.000002
106 0.000001
107 0.000000
108 0.000000
109 0.000671
110 0.000576
111 0.000748
112 0.001540
113 0.000931
114 0.000667
115 0.000622
116 0.000001
117 0.000001
118 0.000002
119 0.000001
120 0.000001
121 0.000009
122 0.000007
123 0.000011
124 0.000038
125 0.000073
126 0.000014
127 0.000002
128 0.000004
129 0.000003
130 0.000002
131 0.000001
132 0.000002
133 0.000001
134 0.000001
135 0.000000
136 0.000004
137 0.000413
138 0.000540
139 0.000705
140 0.009559
141 0.001781
142 0.000640
143 0.000582
144 0.000001
145 0.000002
146 0.000001
147 0.000002
148 0.000001
149 0.000001
150 0.000001
151 0.000001
152 0.000003
153 0.000004
154 0.000008
155 0.000003
156 0.000002
157 0.000002
158 0.000001
159 0.000001
160 0.000001
161 0.000001
162 0.000000
163 0.000001
164 0.000421
165 0.000386
166 0.000507
167 0.000540
168 0.021065
169 0.009393
170 0.002734
171 0.000530
172 0.000001
173 0.000001
174 0.000001
175 0.000002
176 0.000003
177 0.000003
178 0.000003
179 0.000003
180 0.000003
181 0.000001
182 0.000001
183 0.000001
184 0.000001
185 0.000001
186 0.000001
187 0.000001
188 0.000001
189 0.000001
190 0.000000
191 0.000001
192 0.000316
193 0.000338
194 0.000361
195 0.000960
196 0.036177
197 0.029151
198 0.012033
199 0.004832
200 0.000011
201 0.000001
202 0.000001
203 0.000000
204 0.000001
205 0.000003
206 0.000069
207 0.999982
208 0.000020
209 0.000003
210 0.000001
211 0.000001
212 0.000001
213 0.000001
214 0.000001
215 0.000001
216 0.000001
217 0.000000
218 0.000001
219 0.000003
220 0.000316
221 0.000345
222 0.001122
223 0.006396
224 0.009287
225 0.031577
226 0.041117
227 0.015172
228 0.005457
229 0.000001
230 0.000001
231 0.000001
232 0.000001
233 0.000001
234 0.000004
235 0.000009
236 0.000007
237 0.000003
238 0.000001
239 0.000001
240 0.000001
241 0.000001
242 0.000001
243 0.000001
244 0.000000
245 0.000000
246 0.000001
247 0.000022
248 0.000044
249 0.000397
250 0.001726
251 0.002697
252 0.009194
253 0.009205
254 0.009265
255 0.053639
256 0.018930
257 0.000001
258 0.000001
259 0.000001
260 0.000001
261 0.000001
262 0.000001
263 0.000001
264 0.000001
265 0.000002
266 0.000003
267 0.000003
268 0.000003
269 0.000001
270 0.000001
271 0.000001
272 0.000000
273 0.000000
274 0.000001
275 0.000017
276 0.000079
277 0.000186
278 0.000293
279 0.000333
280 0.002630
281 0.005354
282 0.009172
283 0.009198
284 0.052226
285 0.000013
286 0.000001
287 0.000001
288 0.000001
289 0.000001
290 0.000001
291 0.000001
292 0.000001
293 0.000001
294 0.000003
295 0.000005
296 0.000002
297 0.000001
298 0.000001
299 0.000001
300 0.000001
301 0.000001
302 0.000001
303 0.000368
304 0.000365
305 0.000296
306 0.000092
307 0.000019
308 0.000821
309 0.001472
310 0.002932
311 0.006703
312 0.000623
313 0.000005
314 0.000001
315 0.000001
316 0.000002
317 0.000001
318 0.000001
319 0.000001
320 0.000001
321 0.000002
322 0.000006
323 0.000002
324 0.000001
325 0.000001
326 0.000001
327 0.000001
328 0.000001
329 0.000001
330 0.000002
331 0.000083
332 0.000989
333 0.000141
334 0.000056
335 0.000062
336 0.000255
337 0.000336
338 0.000623
339 0.000253
340 0.000003
341 0.000001
342 0.000001
343 0.000001
344 0.000003
345 0.000003
346 0.000001
347 0.000001
348 0.000001
349 0.000002
350 0.000002
351 0.000001
352 0.000001
353 0.000001
354 0.000001
355 0.000001
356 0.000001
357 0.000001
358 0.000001
359 0.000002
360 0.000125
361 0.000143
362 0.000193
363 0.000128
364 0.000220
365 0.000087
366 0.000019
367 0.000009
368 0.000001
369 0.000001
370 0.000001
371 0.000001
372 0.000002
373 0.000005
374 0.000003
375 0.000002
376 0.000002
377 0.000002
378 0.000001
379 0.000001
380 0.000001
381 0.000001
382 0.000001
383 0.000001
384 0.000001
385 0.000001
386 0.000001
387 0.000001
388 0.000020
389 0.000125
390 0.000143
391 0.000207
392 0.000035
393 0.000011
394 0.000003
395 0.000001
396 0.000001
397 0.000001
398 0.000001
399 0.000001
400 0.000001
401 0.000006
402 0.000187
403 0.000312
404 0.000004
405 0.000001
406 0.000001
407 0.000001
408 0.000001
409 0.000001
410 0.000001
411 0.000001
412 0.000001
413 0.000001
414 0.000001
415 0.000001
416 0.000002
417 0.000116
418 0.000134
419 0.000143
420 0.000008
421 0.000003
422 0.000002
423 0.000001
424 0.000001
425 0.000001
426 0.000001
427 0.000001
428 0.000001
429 0.000004
430 0.999975
431 0.000871
432 0.000004
433 0.000001
434 0.000001
435 0.000001
436 0.000001
437 0.000001
438 0.000001
439 0.000001
440 0.000001
441 0.000001
442 0.000001
443 0.000001
444 0.000001
445 0.000085
446 0.000116
447 0.000134
448 0.000006
449 0.000003
450 0.000002
451 0.000001
452 0.000001
453 0.000001
454 0.000001
455 0.000001
456 0.000001
457 0.000003
458 0.000008
459 0.000005
460 0.000002
461 0.000001
462 0.000001
463 0.000001
464 0.000001
465 0.000001
466 0.000001
467 0.000001
468 0.000001
469 0.000001
470 0.000001
471 0.000001
472 0.000001
473 0.000005
474 0.000067
475 0.000166
476 0.000034
477 0.000013
478 0.000002
479 0.000001
480 0.000001
481 0.000001
482 0.000001
483 0.000001
484 0.000002
485 0.000002
486 0.000001
487 0.000001
488 0.000001
489 0.000001
490 0.000001
491 0.000001
492 0.000001
493 0.000001
494 0.000001
495 0.000001
496 0.000001
497 0.000001
498 0.000001
499 0.000001
500 0.000001
501 0.000001
502 0.000139
503 0.000552
504 0.000350
505 0.000149
506 0.000001
507 0.000001
508 0.000001
509 0.000001
510 0.000001
511 0.000002
512 0.000002
513 0.000001
514 0.000001
515 0.000001
516 0.000001
517 0.000001
518 0.000001
519 0.000001
520 0.000001
521 0.000001
522 0.000001
523 0.000001
524 0.000001
525 0.000001
526 0.000001
527 0.000001
528 0.000001
529 0.000001
530 0.000538
531 0.002744
532 0.000324
533 0.000287
534 0.000001
535 0.000001
536 0.000001
537 0.000001
538 0.000002
539 0.000003
540 0.000001
541 0.000001
542 0.000001
543 0.000001
544 0.000001
545 0.000001
546 0.000001
547 0.000001
548 0.000001
549 0.000001
550 0.000001
551 0.000001
552 0.000001
553 0.000001
554 0.000001
555 0.000001
556 0.000001
557 0.000004
558 0.000928
559 0.001432
560 0.000417
561 0.000492
562 0.000003
563 0.000001
564 0.000001
565 0.000003
566 0.000004
567 0.000001
568 0.000001
569 0.000001
570 0.000001
571 0.000001
572 0.000001
573 0.000001
574 0.000001
575 0.000001
576 0.000001
577 0.000001
578 0.000001
579 0.000001
580 0.000001
581 0.000001
582 0.000001
583 0.000001
584 0.000002
585 0.000928
586 0.000966
587 0.001143
588 0.000666
589 0.001418
590 0.000085
591 0.000002
592 0.000002
593 0.000003
594 0.000001
595 0.000001
596 0.000001
597 0.000001
598 0.000001
599 0.000001
600 0.000001
601 0.000001
602 0.000001
603 0.000001
604 0.000001
605 0.000001
606 0.000001
607 0.000001
608 0.000001
609 0.000001
610 0.000001
611 0.000003
612 0.000891
613 0.000928
614 0.001100
615 0.001143
616 0.001903
617 0.004220
618 0.010012
619 0.000493
620 0.000004
621 0.000001
622 0.000001
623 0.000001
624 0.000001
625 0.000001
626 0.000001
627 0.000001
628 0.000001
629 0.000001
630 0.000001
631 0.000001
632 0.000001
633 0.000001
634 0.000001
635 0.000001
636 0.000001
637 0.000001
638 0.000004
639 0.000891
640 0.000928
641 0.001100
642 0.000001
643 0.000001
644 0.004375
645 0.010009
646 0.010017
647 0.009586
648 0.001326
649 0.000002
650 0.000001
651 0.000001
652 0.000001
653 0.000001
654 0.000001
655 0.000001
656 0.000001
657 0.000022
658 0.000068
659 0.000003
660 0.000001
661 0.000001
662 0.000001
663 0.000001
664 0.000001
665 0.000006
666 0.000891
667 0.001059
668 0.001100
669 0.000001
670 0.000001
671 0.000001
672 0.000001
673 0.010016
674 0.010016
675 0.004221
676 0.001837
677 0.000672
678 0.000002
679 0.000001
680 0.000002
681 0.000010
682 0.000059
683 0.000012
684 0.000006
685 0.000020
686 0.000046
687 0.000072
688 0.000045
689 0.000153
690 0.000134
691 0.000022
692 0.000057
693 0.000857
694 0.000928
695 0.001100
696 0.000001
697 0.000001
698 0.000001
699 0.000001
700 0.000001
701 0.000001
702 0.005381
703 0.002333
704 0.000847
705 0.000534
706 0.000416
707 0.000392
708 0.000349
709 0.000269
710 0.000119
711 0.000026
712 0.000008
713 0.000015
714 0.000042
715 0.000102
716 0.000146
717 0.000623
718 0.002957
719 0.001463
720 0.000759
721 0.000892
722 0.001059
723 0.000001
724 0.000001
725 0.000001
726 0.000001
727 0.000001
728 0.000001
729 0.000001
730 0.000001
731 0.000001
732 0.000600
733 0.000564
734 0.000441
735 0.000416
736 0.000392
737 0.000304
738 0.000269
739 0.000062
740 0.000017
741 0.000011
742 0.000028
743 0.000071
744 0.000327
745 0.002403
746 0.005483
747 0.002663
748 0.001358
749 0.001060
750 0.000001
751 0.000001
752 0.000001
753 0.000001
754 0.000001
755 0.000001
756 0.000001
757 0.000001
758 0.000001
759 0.000001
760 0.000001
761 0.000597
762 0.000564
763 0.000441
764 0.000416
765 0.000392
766 0.000370
767 0.000147
768 0.000030
769 0.000012
770 0.000025
771 0.000064
772 0.000731
773 0.005764
774 0.008687
775 0.004183
776 0.002424
777 0.000001
778 0.000022
779 0.000013
780 0.000001
781 0.000001
782 0.000001
783 0.000001
