0 0.005629
1 0.003905
2 0.003979
3 0.005414
4 0.006835
5 0.008829
6 0.008830
7 0.007975
8 0.001194
9 0.000138
10 0.000071
11 0.000065
12 0.000070
13 0.000073
14 0.000086
15 0.000193
16 0.000509
17 0.001063
18 0.003512
19 0.009056
20 0.009717
21 0.006280
22 0.004991
23 0.005484
24 0.006273
25 0.006522
26 0.006737
27 0.006548
28 0.007206
29 0.005793
30 0.003393
31 0.003746
32 0.005170
33 0.007357
34 0.008830
35 0.006066
36 0.000778
37 0.000108
38 0.000058
39 0.000049
40 0.000051
41 0.000063
42 0.000058
43 0.000137
44 0.000411
45 0.002371
46 0.006086
47 0.008957
48 0.006486
49 0.005024
50 0.000002
51 0.000000
52 0.006522
53 0.006737
54 0.006161
55 0.004474
56 0.010267
57 0.007553
58 0.005907
59 0.003160
60 0.003439
61 0.004912
62 0.007261
63 0.002819
64 0.000473
65 0.000112
66 0.000084
67 0.000041
68 0.000032
69 0.000038
70 0.000055
71 0.000116
72 0.000729
73 0.004335
74 0.007024
75 0.005634
76 0.000019
77 0.000000
78 0.000000
79 0.000000
80 0.000000
81 0.006161
82 0.004368
83 0.003460
84 0.009990
85 0.010930
86 0.007811
87 0.005406
88 0.002563
89 0.003239
90 0.004670
91 0.001040
92 0.000222
93 0.000146
94 0.000084
95 0.000048
96 0.000027
97 0.000040
98 0.000078
99 0.000145
100 0.000797
101 0.001913
102 0.000027
103 0.000000
104 0.000000
105 0.000000
106 0.000000
107 0.000000
108 0.000001
109 0.003663
110 0.003327
111 0.003670
112 0.011558
113 0.010249
114 0.011746
115 0.008065
116 0.000000
117 0.000000
118 0.000000
119 0.000001
120 0.000001
121 0.000054
122 0.000130
123 0.000070
124 0.000041
125 0.000061
126 0.000129
127 0.000046
128 0.000006
129 0.000001
130 0.000000
131 0.000000
132 0.000000
133 0.000000
134 0.000002
135 0.000001
136 0.003735
137 0.003267
138 0.003522
139 0.005247
140 0.012536
141 0.011679
142 0.010518
143 0.013878
144 0.000000
145 0.000000
146 0.000000
147 0.000000
148 0.000000
149 0.000000
150 0.000000
151 0.000001
152 0.000003
153 0.000002
154 0.000002
155 0.000000
156 0.000000
157 0.000000
158 0.000000
159 0.000001
160 0.000006
161 0.000003
162 0.000001
163 0.000026
164 0.003421
165 0.003506
166 0.005040
167 0.008103
168 0.008612
169 0.012512
170 0.012019
171 0.010861
172 0.000007
173 0.000000
174 0.000001
175 0.000000
176 0.000000
177 0.000000
178 0.000000
179 0.000000
180 0.000000
181 0.000000
182 0.000000
183 0.000000
184 0.000000
185 0.000000
186 0.000001
187 0.000082
188 0.000016
189 0.000001
190 0.000001
191 0.003552
192 0.003697
193 0.004785
194 0.007971
195 0.006899
196 0.005044
197 0.007292
198 0.011311
199 0.012249
200 0.008344
201 0.000001
202 0.000000
203 0.000000
204 0.000000
205 0.000000
206 0.000000
207 0.000000
208 0.000000
209 0.000000
210 0.000000
211 0.000000
212 0.000000
213 0.000000
214 0.000002
215 0.000002
216 0.000000
217 0.000000
218 0.000027
219 0.002158
220 0.005897
221 0.008443
222 0.005886
223 0.003702
224 0.002757
225 0.003875
226 0.005382
227 0.009622
228 0.012374
229 0.000007
230 0.000000
231 0.000000
232 0.000000
233 0.000000
234 0.000000
235 0.000000
236 0.000000
237 0.000000
238 0.000000
239 0.000000
240 0.000001
241 0.000008
242 0.000002
243 0.000000
244 0.000000
245 0.000001
246 0.000217
247 0.000698
248 0.001163
249 0.000905
250 0.000824
251 0.000719
252 0.002931
253 0.001957
254 0.002707
255 0.003217
256 0.001975
257 0.000031
258 0.000000
259 0.000000
260 0.000000
261 0.000000
262 0.000000
263 0.000000
264 0.000002
265 0.000002
266 0.000009
267 0.000007
268 0.000023
269 0.000004
270 0.000000
271 0.000000
272 0.000001
273 0.000030
274 0.001037
275 0.000513
276 0.000253
277 0.000131
278 0.000103
279 0.000106
280 0.004803
281 0.001616
282 0.000629
283 0.000258
284 0.000233
285 0.000002
286 0.000000
287 0.000000
288 0.000000
289 0.000000
290 0.000000
291 0.000000
292 0.000001
293 0.000131
294 0.002069
295 0.004169
296 0.000027
297 0.000000
298 0.000000
299 0.000000
300 0.000003
301 0.999994
302 0.002610
303 0.001043
304 0.000390
305 0.000153
306 0.000105
307 0.000104
308 0.002729
309 0.001024
310 0.000318
311 0.000102
312 0.000008
313 0.000000
314 0.000000
315 0.000000
316 0.000000
317 0.000000
318 0.000005
319 0.000002
320 0.000001
321 0.000016
322 0.002974
323 0.999991
324 0.000055
325 0.000000
326 0.000000
327 0.000000
328 0.000002
329 0.000169
330 0.000344
331 0.000534
332 0.000465
333 0.000384
334 0.000331
335 0.000338
336 0.001176
337 0.000760
338 0.000451
339 0.000200
340 0.000003
341 0.000000
342 0.000000
343 0.000000
344 0.000000
345 0.000000
346 0.000236
347 0.000234
348 0.000026
349 0.000015
350 0.000028
351 0.000056
352 0.000045
353 0.000001
354 0.000000
355 0.000000
356 0.000001
357 0.000004
358 0.000015
359 0.000038
360 0.000145
361 0.000315
362 0.000529
363 0.000558
364 0.001731
365 0.001340
366 0.000708
367 0.000615
368 0.000001
369 0.000000
370 0.000000
371 0.000000
372 0.000000
373 0.000001
374 0.000029
375 0.004394
376 0.001493
377 0.000054
378 0.000002
379 0.000001
380 0.000001
381 0.000001
382 0.000000
383 0.000000
384 0.000000
385 0.000001
386 0.000002
387 0.000009
388 0.000036
389 0.000097
390 0.000172
391 0.000369
392 0.000950
393 0.001027
394 0.001135
395 0.000143
396 0.000000
397 0.000000
398 0.000000
399 0.000001
400 0.000001
401 0.000002
402 0.000013
403 0.000355
404 0.999991
405 0.000659
406 0.000003
407 0.000000
408 0.000000
409 0.000000
410 0.000001
411 0.000001
412 0.000000
413 0.000000
414 0.000001
415 0.000004
416 0.000016
417 0.000049
418 0.000061
419 0.000102
420 0.000240
421 0.000423
422 0.000495
423 0.000013
424 0.000000
425 0.000000
426 0.000000
427 0.000067
428 0.000645
429 0.000015
430 0.000001
431 0.000010
432 0.000198
433 0.000461
434 0.000008
435 0.000000
436 0.000000
437 0.000000
438 0.000000
439 0.000001
440 0.000000
441 0.000000
442 0.000000
443 0.000002
444 0.000012
445 0.000066
446 0.000057
447 0.000062
448 0.000172
449 0.000098
450 0.000120
451 0.000001
452 0.000000
453 0.000000
454 0.000009
455 0.006890
456 0.999993
457 0.000095
458 0.000003
459 0.000001
460 0.000001
461 0.000001
462 0.000001
463 0.000000
464 0.000000
465 0.000000
466 0.000000
467 0.000000
468 0.000000
469 0.000000
470 0.000000
471 0.000001
472 0.000012
473 0.000085
474 0.000111
475 0.000128
476 0.000459
477 0.000258
478 0.000041
479 0.000000
480 0.000000
481 0.000000
482 0.000072
483 0.072033
484 0.017362
485 0.000606
486 0.000007
487 0.000000
488 0.000000
489 0.000000
490 0.000000
491 0.000000
492 0.000000
493 0.000000
494 0.000000
495 0.000000
496 0.000000
497 0.000000
498 0.000000
499 0.000000
500 0.000004
501 0.000102
502 0.000880
503 0.001163
504 0.001618
505 0.000966
506 0.000020
507 0.000000
508 0.000000
509 0.000005
510 0.001669
511 0.001477
512 0.000569
513 0.000034
514 0.000002
515 0.000000
516 0.000000
517 0.000000
518 0.000000
519 0.000000
520 0.000000
521 0.000000
522 0.000000
523 0.000000
524 0.000000
525 0.000000
526 0.000000
527 0.000000
528 0.000003
529 0.000167
530 0.004456
531 0.010008
532 0.001549
533 0.001624
534 0.000023
535 0.000000
536 0.000006
537 0.000910
538 0.001779
539 0.000155
540 0.000002
541 0.000001
542 0.000000
543 0.000000
544 0.000000
545 0.000000
546 0.000000
547 0.000000
548 0.000000
549 0.000000
550 0.000000
551 0.000000
552 0.000000
553 0.000000
554 0.000000
555 0.000001
556 0.000013
557 0.000268
558 0.010008
559 0.010008
560 0.002233
561 0.003420
562 0.000041
563 0.000002
564 0.000187
565 0.037910
566 0.002047
567 0.000014
568 0.000001
569 0.000000
570 0.000000
571 0.000000
572 0.000000
573 0.000000
574 0.000000
575 0.000000
576 0.000000
577 0.000000
578 0.000000
579 0.000001
580 0.000001
581 0.000002
582 0.000002
583 0.000004
584 0.000056
585 0.003871
586 0.006414
587 0.010007
588 0.003987
589 0.006222
590 0.000670
591 0.000091
592 0.003882
593 0.002205
594 0.000023
595 0.000002
596 0.000000
597 0.000000
598 0.000000
599 0.000000
600 0.000000
601 0.000000
602 0.000000
603 0.000000
604 0.000000
605 0.000002
606 0.000003
607 0.000006
608 0.000006
609 0.000005
610 0.000005
611 0.000035
612 0.001324
613 0.002284
614 0.003946
615 0.005825
616 0.007156
617 0.010002
618 0.010001
619 0.005536
620 0.002642
621 0.000029
622 0.000003
623 0.000000
624 0.000000
625 0.000000
626 0.000000
627 0.000000
628 0.000000
629 0.000000
630 0.000000
631 0.000000
632 0.000003
633 0.000004
634 0.000011
635 0.000012
636 0.000010
637 0.000015
638 0.000134
639 0.001763
640 0.001126
641 0.001422
642 0.000000
643 0.000000
644 0.010002
645 0.010001
646 0.010000
647 0.010000
648 0.004951
649 0.000029
650 0.000003
651 0.000001
652 0.000000
653 0.000000
654 0.000002
655 0.000012
656 0.000022
657 0.000069
658 0.000104
659 0.000068
660 0.000029
661 0.000021
662 0.000037
663 0.000031
664 0.000037
665 0.000655
666 0.005843
667 0.003480
668 0.002146
669 0.000000
670 0.000000
671 0.000000
672 0.000000
673 0.010000
674 0.010000
675 0.010000
676 0.010000
677 0.009999
678 0.000091
679 0.000028
680 0.000030
681 0.000126
682 0.001113
683 0.001073
684 0.000366
685 0.000247
686 0.000243
687 0.000469
688 0.000584
689 0.001610
690 0.000933
691 0.001271
692 0.002828
693 0.010008
694 0.010283
695 0.006045
696 0.000000
697 0.000000
698 0.000000
699 0.000000
700 0.000000
701 0.000000
702 0.010000
703 0.010000
704 0.010000
705 0.007897
706 0.004373
707 0.002161
708 0.001618
709 0.001394
710 0.001197
711 0.001113
712 0.001152
713 0.000731
714 0.000827
715 0.000584
716 0.000609
717 0.000949
718 0.002306
719 0.004778
720 0.010007
721 0.010008
722 0.010007
723 0.000000
724 0.000000
725 0.000000
726 0.000000
727 0.000000
728 0.000000
729 0.000000
730 0.000000
731 0.000000
732 0.008926
733 0.005050
734 0.002849
735 0.001788
736 0.001729
737 0.001495
738 0.001394
739 0.001346
740 0.002392
741 0.002216
742 0.001534
743 0.000701
744 0.000724
745 0.000753
746 0.001373
747 0.003177
748 0.006490
749 0.010007
750 0.000000
751 0.000000
752 0.000000
753 0.000000
754 0.000000
755 0.000000
756 0.000000
757 0.000000
758 0.000000
759 0.000000
760 0.000000
761 0.003705
762 0.002123
763 0.001848
764 0.001787
765 0.001729
766 0.001673
767 0.001816
768 0.003554
769 0.006321
770 0.002455
771 0.001095
772 0.000753
773 0.000892
774 0.000926
775 0.001898
776 0.003775
777 0.000007
778 0.000968
779 0.000658
780 0.000015
781 0.000001
782 0.000000
783 0.000000
