0 0.003413
1 0.003282
2 0.002847
3 0.003035
4 0.002615
5 0.002239
6 0.002755
7 0.004264
8 0.002008
9 0.000702
10 0.000729
11 0.000790
12 0.000437
13 0.000189
14 0.000101
15 0.000105
16 0.000096
17 0.000068
18 0.000240
19 0.000895
20 0.001847
21 0.001847
22 0.002243
23 0.003050
24 0.004217
25 0.006995
26 0.009002
27 0.009327
28 0.002971
29 0.003156
30 0.002729
31 0.002615
32 0.002507
33 0.002303
34 0.002108
35 0.002026
36 0.000652
37 0.000357
38 0.000511
39 0.000655
40 0.000682
41 0.000283
42 0.000136
43 0.000092
44 0.000072
45 0.000069
46 0.000108
47 0.000539
48 0.001635
49 0.001978
50 0.000001
51 0.000000
52 0.006985
53 0.009051
54 0.009154
55 0.009303
56 0.003156
57 0.002729
58 0.002615
59 0.002507
60 0.002303
61 0.001953
62 0.001866
63 0.000728
64 0.000224
65 0.000167
66 0.000357
67 0.000560
68 0.000635
69 0.000499
70 0.000204
71 0.000082
72 0.000064
73 0.000054
74 0.000056
75 0.000246
76 0.000006
77 0.000000
78 0.000000
79 0.000000
80 0.000000
81 0.009154
82 0.009303
83 0.007189
84 0.003035
85 0.002615
86 0.002239
87 0.002044
88 0.001953
89 0.001866
90 0.001704
91 0.000297
92 0.000076
93 0.000089
94 0.000187
95 0.000334
96 0.000605
97 0.001084
98 0.000481
99 0.000132
100 0.000057
101 0.000019
102 0.000000
103 0.000000
104 0.000000
105 0.000000
106 0.000000
107 0.000000
108 0.000000
109 0.008337
110 0.007053
111 0.010497
112 0.002615
113 0.002507
114 0.002044
115 0.001953
116 0.000000
117 0.000000
118 0.000000
119 0.000000
120 0.000000
121 0.000011
122 0.000101
123 0.000215
124 0.000586
125 0.001085
126 0.001106
127 0.000020
128 0.000000
129 0.000000
130 0.000000
131 0.000000
132 0.000000
133 0.000002
134 0.000000
135 0.000000
136 0.000217
137 0.007471
138 0.012682
139 0.029604
140 0.002507
141 0.002139
142 0.001953
143 0.001866
144 0.000000
145 0.000000
146 0.000000
147 0.000000
148 0.000000
149 0.000000
150 0.000000
151 0.000000
152 0.000001
153 0.000001
154 0.000009
155 0.000000
156 0.000000
157 0.000000
158 0.000000
159 0.000000
160 0.000006
161 0.000027
162 0.000000
163 0.000000
164 0.007163
165 0.016092
166 0.037214
167 0.083356
168 0.002139
169 0.001953
170 0.001866
171 0.001704
172 0.000000
173 0.000000
174 0.000000
175 0.000000
176 0.000000
177 0.000000
178 0.000000
179 0.000000
180 0.000000
181 0.000000
182 0.000000
183 0.000000
184 0.000000
185 0.000000
186 0.000000
187 0.000005
188 0.000052
189 0.000000
190 0.000000
191 0.000003
192 0.021698
193 0.046921
194 0.131523
195 0.082216
196 0.001953
197 0.001866
198 0.001567
199 0.001422
200 0.000002
201 0.000000
202 0.000000
203 0.000000
204 0.000000
205 0.000000
206 0.000000
207 0.000000
208 0.000000
209 0.000000
210 0.000000
211 0.000000
212 0.000000
213 0.000000
214 0.000000
215 0.000001
216 0.000000
217 0.000000
218 0.000000
219 0.000582
220 0.060572
221 0.154413
222 0.071752
223 0.017064
224 0.001866
225 0.001567
226 0.001422
227 0.001355
228 0.001064
229 0.000000
230 0.000000
231 0.000000
232 0.000000
233 0.000000
234 0.000000
235 0.000000
236 0.000000
237 0.000000
238 0.000000
239 0.000000
240 0.000000
241 0.000000
242 0.000000
243 0.000000
244 0.000000
245 0.000000
246 0.000000
247 0.000748
248 0.002611
249 0.001902
250 0.000942
251 0.000743
252 0.001783
253 0.001422
254 0.001355
255 0.000805
256 0.000196
257 0.000000
258 0.000000
259 0.000000
260 0.000000
261 0.000000
262 0.000000
263 0.000000
264 0.000000
265 0.000000
266 0.000004
267 0.000321
268 0.001304
269 0.000423
270 0.000001
271 0.000000
272 0.000000
273 0.000000
274 0.000000
275 0.000110
276 0.000047
277 0.000023
278 0.000019
279 0.000021
280 0.001422
281 0.000533
282 0.000293
283 0.000125
284 0.000085
285 0.000000
286 0.000000
287 0.000000
288 0.000000
289 0.000000
290 0.000000
291 0.000000
292 0.000000
293 0.000000
294 0.000004
295 0.000662
296 0.682181
297 1.000000
298 0.000009
299 0.000000
300 0.000000
301 0.000000
302 0.000000
303 0.000026
304 0.000007
305 0.000004
306 0.000004
307 0.000006
308 0.000356
309 0.000214
310 0.000119
311 0.000055
312 0.000008
313 0.000000
314 0.000000
315 0.000000
316 0.000000
317 0.000000
318 0.000000
319 0.000000
320 0.000000
321 0.000000
322 0.000001
323 0.000024
324 0.000264
325 0.000239
326 0.000055
327 0.000000
328 0.000000
329 0.000000
330 0.000001
331 0.000006
332 0.000012
333 0.000006
334 0.000004
335 0.000008
336 0.000217
337 0.000133
338 0.000093
339 0.000049
340 0.000001
341 0.000000
342 0.000000
343 0.000000
344 0.000000
345 0.000000
346 0.000000
347 0.000000
348 0.000000
349 0.000000
350 0.000000
351 0.000001
352 0.000007
353 0.000006
354 0.000001
355 0.000000
356 0.000000
357 0.000000
358 0.000001
359 0.000004
360 0.000095
361 0.000045
362 0.000033
363 0.000017
364 0.000227
365 0.000158
366 0.000065
367 0.000029
368 0.000000
369 0.000000
370 0.000000
371 0.000000
372 0.000000
373 0.000000
374 0.000000
375 0.000000
376 0.000000
377 0.000000
378 0.000000
379 0.000000
380 0.000000
381 0.000000
382 0.000000
383 0.000000
384 0.000000
385 0.000000
386 0.000000
387 0.000002
388 0.000222
389 0.000505
390 0.000213
391 0.000117
392 0.000341
393 0.000109
394 0.000041
395 0.000004
396 0.000000
397 0.000000
398 0.000000
399 0.000000
400 0.000000
401 0.000000
402 0.000000
403 0.000000
404 0.000000
405 0.000000
406 0.000000
407 0.000000
408 0.000000
409 0.000000
410 0.000000
411 0.000000
412 0.000000
413 0.000000
414 0.000000
415 0.000000
416 0.000030
417 0.000678
418 0.000851
419 0.001320
420 0.000560
421 0.000260
422 0.000118
423 0.000003
424 0.000000
425 0.000000
426 0.000000
427 0.000000
428 0.000000
429 0.000000
430 0.000000
431 0.000000
432 0.000000
433 0.000000
434 0.000000
435 0.000000
436 0.000000
437 0.000000
438 0.000000
439 0.000000
440 0.000000
441 0.000002
442 0.000000
443 0.000000
444 0.000003
445 0.003250
446 0.003061
447 0.003572
448 0.000806
449 0.000668
450 0.000447
451 0.000002
452 0.000000
453 0.000000
454 0.000007
455 0.000012
456 0.000000
457 0.000000
458 0.000000
459 0.000000
460 0.000000
461 0.000000
462 0.000000
463 0.000000
464 0.000000
465 0.000000
466 0.000000
467 0.000000
468 0.000005
469 0.000009
470 0.000000
471 0.000000
472 0.000000
473 0.000721
474 0.010952
475 0.017295
476 0.000878
477 0.000806
478 0.000294
479 0.000003
480 0.000001
481 0.000025
482 0.000672
483 0.000418
484 0.000000
485 0.000000
486 0.000000
487 0.000000
488 0.000000
489 0.000000
490 0.000000
491 0.000000
492 0.000000
493 0.000000
494 0.000000
495 0.000000
496 0.000003
497 0.000954
498 0.000017
499 0.000000
500 0.000000
501 0.000072
502 0.003807
503 0.009304
504 0.001053
505 0.001069
506 0.000160
507 0.000006
508 0.000011
509 0.000734
510 1.000000
511 0.000591
512 0.000001
513 0.000000
514 0.000000
515 0.000000
516 0.000000
517 0.000000
518 0.000000
519 0.000000
520 0.000000
521 0.000000
522 0.000000
523 0.000000
524 0.000000
525 0.000221
526 1.000000
527 0.000026
528 0.000000
529 0.000013
530 0.002480
531 0.002625
532 0.001248
533 0.003556
534 0.000211
535 0.000008
536 0.000154
537 0.002492
538 0.001664
539 0.000214
540 0.000007
541 0.000000
542 0.000000
543 0.000000
544 0.000000
545 0.000000
546 0.000000
547 0.000000
548 0.000000
549 0.000000
550 0.000000
551 0.000000
552 0.000000
553 0.000004
554 0.000912
555 0.001361
556 0.000031
557 0.000042
558 0.001035
559 0.001585
560 0.005975
561 0.011051
562 0.000371
563 0.000084
564 0.000572
565 0.001749
566 0.000226
567 0.000022
568 0.000006
569 0.000000
570 0.000000
571 0.000000
572 0.000000
573 0.000000
574 0.000000
575 0.000000
576 0.000000
577 0.000000
578 0.000000
579 0.000000
580 0.000000
581 0.000000
582 0.000017
583 0.003885
584 0.001402
585 0.010000
586 0.003164
587 0.001469
588 0.011288
589 0.018810
590 0.002456
591 0.000604
592 0.001886
593 0.000056
594 0.000014
595 0.000005
596 0.000003
597 0.000000
598 0.000000
599 0.000000
600 0.000000
601 0.000000
602 0.000000
603 0.000000
604 0.000000
605 0.000000
606 0.000000
607 0.000000
608 0.000000
609 0.000000
610 0.000002
611 0.000193
612 0.001893
613 0.005802
614 0.010000
615 0.005620
616 0.017821
617 0.013666
618 0.010000
619 0.009284
620 0.000505
621 0.000016
622 0.000005
623 0.000003
624 0.000003
625 0.000001
626 0.000000
627 0.000000
628 0.000000
629 0.000000
630 0.000000
631 0.000000
632 0.000000
633 0.000000
634 0.000000
635 0.000000
636 0.000000
637 0.000000
638 0.000002
639 0.000243
640 0.000684
641 0.002007
642 0.000000
643 0.000000
644 0.013170
645 0.010000
646 0.009548
647 0.009539
648 0.005457
649 0.000096
650 0.000016
651 0.000007
652 0.000013
653 0.000043
654 0.000003
655 0.000000
656 0.000000
657 0.000001
658 0.000001
659 0.000000
660 0.000000
661 0.000000
662 0.000000
663 0.000000
664 0.000000
665 0.000004
666 0.000112
667 0.000155
668 0.000274
669 0.000000
670 0.000000
671 0.000000
672 0.000000
673 0.009567
674 0.009558
675 0.009548
676 0.010000
677 0.010000
678 0.000360
679 0.000220
680 0.000424
681 0.001102
682 0.000208
683 0.000005
684 0.000001
685 0.000001
686 0.000001
687 0.000001
688 0.000001
689 0.000007
690 0.000011
691 0.000007
692 0.000017
693 0.000104
694 0.000120
695 0.000160
696 0.000000
697 0.000000
698 0.000000
699 0.000000
700 0.000000
701 0.000000
702 0.009567
703 0.010000
704 0.010000
705 0.010000
706 0.010000
707 0.010000
708 0.008516
709 0.003293
710 0.000373
711 0.000017
712 0.000002
713 0.000001
714 0.000002
715 0.000002
716 0.000003
717 0.000011
718 0.000073
719 0.000078
720 0.000083
721 0.000112
722 0.000150
723 0.000000
724 0.000000
725 0.000000
726 0.000000
727 0.000000
728 0.000000
729 0.000000
730 0.000000
731 0.000000
732 0.010000
733 0.010000
734 0.010000
735 0.010000
736 0.004690
737 0.001919
738 0.000878
739 0.000055
740 0.000006
741 0.000002
742 0.000002
743 0.000002
744 0.000006
745 0.000026
746 0.000078
747 0.000104
748 0.000112
749 0.000150
750 0.000000
751 0.000000
752 0.000000
753 0.000000
754 0.000000
755 0.000000
756 0.000000
757 0.000000
758 0.000000
759 0.000000
760 0.000000
761 0.010000
762 0.010000
763 0.006436
764 0.003099
765 0.001307
766 0.001096
767 0.000189
768 0.000014
769 0.000003
770 0.000003
771 0.000003
772 0.000012
773 0.000063
774 0.000078
775 0.000089
776 0.000120
777 0.000000
778 0.000035
779 0.000029
780 0.000001
781 0.000000
782 0.000000
783 0.000000
