0 0.001596
1 0.001062
2 0.000838
3 0.000931
4 0.000735
5 0.000612
6 0.000591
7 0.000642
8 0.000035
9 0.000005
10 0.005060
11 0.063190
12 0.002477
13 0.000047
14 0.000020
15 0.000005
16 0.000002
17 0.000001
18 0.000004
19 0.000029
20 0.000141
21 0.000153
22 0.000217
23 0.000234
24 0.000196
25 0.000213
26 0.000297
27 0.000322
28 0.002656
29 0.001422
30 0.000782
31 0.000731
32 0.000683
33 0.000606
34 0.000511
35 0.000231
36 0.000007
37 0.000021
38 0.011439
39 0.102712
40 0.000115
41 0.000048
42 0.000008
43 0.000002
44 0.000001
45 0.000001
46 0.000002
47 0.000011
48 0.000099
49 0.000141
50 0.000001
51 0.000000
52 0.000180
53 0.000254
54 0.000213
55 0.000297
56 0.006124
57 0.002441
58 0.001269
59 0.000683
60 0.000599
61 0.000467
62 0.000444
63 0.000041
64 0.000002
65 0.000999
66 0.042396
67 0.012634
68 0.000060
69 0.000013
70 0.000002
71 0.000001
72 0.000001
73 0.000001
74 0.000001
75 0.000003
76 0.000001
77 0.000001
78 0.000000
79 0.000000
80 0.000000
81 0.000180
82 0.000254
83 0.000213
84 0.010004
85 0.005929
86 0.002246
87 0.000878
88 0.000467
89 0.000436
90 0.000383
91 0.000008
92 0.000002
93 0.002937
94 0.091895
95 0.000162
96 0.000049
97 0.000006
98 0.000001
99 0.000001
100 0.000001
101 0.000001
102 0.000001
103 0.000001
104 0.000001
105 0.000000
106 0.000000
107 0.000000
108 0.000000
109 0.000166
110 0.000180
111 0.000254
112 0.011456
113 0.010006
114 0.005650
115 0.001986
116 0.000000
117 0.000000
118 0.000000
119 0.000000
120 0.000001
121 0.002728
122 0.032500
123 0.000084
124 0.000012
125 0.000002
126 0.000001
127 0.000001
128 0.000001
129 0.000001
130 0.000001
131 0.000001
132 0.000001
133 0.000000
134 0.000000
135 0.000000
136 0.000001
137 0.000117
138 0.000166
139 0.000234
140 0.005208
141 0.013001
142 0.010009
143 0.007346
144 0.000001
145 0.000001
146 0.000000
147 0.000000
148 0.000000
149 0.000000
150 0.000000
151 0.000000
152 0.000000
153 0.000000
154 0.000001
155 0.000001
156 0.000001
157 0.000001
158 0.000001
159 0.000000
160 0.000000
161 0.000000
162 0.000000
163 0.000000
164 0.000120
165 0.000108
166 0.000153
167 0.000166
168 0.001962
169 0.007275
170 0.019041
171 0.010013
172 0.000002
173 0.000001
174 0.000001
175 0.000000
176 0.000000
177 0.000000
178 0.000000
179 0.000000
180 0.000000
181 0.000000
182 0.000000
183 0.000000
184 0.000001
185 0.000000
186 0.000000
187 0.000000
188 0.000000
189 0.000000
190 0.000000
191 0.000000
192 0.000084
193 0.000091
194 0.000099
195 0.000153
196 0.000834
197 0.002882
198 0.008191
199 0.041391
200 0.000146
201 0.000002
202 0.000002
203 0.000001
204 0.000000
205 0.000000
206 0.000000
207 0.000000
208 0.000000
209 0.000000
210 0.000000
211 0.000000
212 0.000000
213 0.000000
214 0.000000
215 0.000000
216 0.000000
217 0.000000
218 0.000000
219 0.000001
220 0.000084
221 0.000091
222 0.000091
223 0.000130
224 0.000436
225 0.000592
226 0.003227
227 0.009158
228 0.031204
229 0.000001
230 0.000001
231 0.000003
232 0.000001
233 0.000000
234 0.000000
235 0.000000
236 0.000000
237 0.000000
238 0.000000
239 0.000000
240 0.000000
241 0.000000
242 0.000000
243 0.000000
244 0.000000
245 0.000000
246 0.000000
247 0.000003
248 0.000005
249 0.000007
250 0.000018
251 0.000029
252 0.000409
253 0.000298
254 0.000282
255 0.001045
256 0.000144
257 0.000000
258 0.000001
259 0.000015
260 0.000006
261 0.000001
262 0.000000
263 0.000000
264 0.000000
265 0.000000
266 0.000000
267 0.000000
268 0.000000
269 0.000000
270 0.000000
271 0.000000
272 0.000000
273 0.000000
274 0.000000
275 0.000001
276 0.000001
277 0.000001
278 0.000002
279 0.000005
280 0.000298
281 0.000030
282 0.000007
283 0.000003
284 0.000011
285 0.000001
286 0.000001
287 0.000273
288 0.999991
289 0.000002
290 0.000001
291 0.000000
292 0.000000
293 0.000000
294 0.000000
295 0.000000
296 0.000000
297 0.000000
298 0.000000
299 0.000000
300 0.000000
301 0.000000
302 0.000000
303 0.000001
304 0.000001
305 0.000001
306 0.000001
307 0.000002
308 0.000007
309 0.000006
310 0.000004
311 0.000003
312 0.000001
313 0.000001
314 0.000001
315 0.000007
316 0.000011
317 0.000002
318 0.000001
319 0.000000
320 0.000000
321 0.000000
322 0.000000
323 0.000000
324 0.000000
325 0.000000
326 0.000000
327 0.000000
328 0.000000
329 0.000000
330 0.000000
331 0.000000
332 0.000001
333 0.000001
334 0.000001
335 0.000002
336 0.000006
337 0.000007
338 0.000018
339 0.000082
340 0.000001
341 0.000002
342 0.000001
343 0.000001
344 0.000002
345 0.000001
346 0.000001
347 0.000000
348 0.000000
349 0.000000
350 0.000000
351 0.000000
352 0.000000
353 0.000000
354 0.000000
355 0.000000
356 0.000000
357 0.000000
358 0.000000
359 0.000000
360 0.000001
361 0.000001
362 0.000001
363 0.000002
364 0.000039
365 0.000203
366 0.000149
367 0.000109
368 0.000001
369 0.000001
370 0.000001
371 0.000001
372 0.000001
373 0.000001
374 0.000001
375 0.000001
376 0.000000
377 0.000000
378 0.000000
379 0.000000
380 0.000000
381 0.000000
382 0.000000
383 0.000000
384 0.000000
385 0.000000
386 0.000000
387 0.000000
388 0.000001
389 0.000001
390 0.000001
391 0.000002
392 0.000140
393 0.000124
394 0.000064
395 0.000001
396 0.000001
397 0.000001
398 0.000001
399 0.000000
400 0.000000
401 0.000001
402 0.000001
403 0.000001
404 0.000001
405 0.000000
406 0.000000
407 0.000000
408 0.000000
409 0.000000
410 0.000000
411 0.000000
412 0.000000
413 0.000000
414 0.000000
415 0.000000
416 0.000000
417 0.000001
418 0.000001
419 0.000001
420 0.000149
421 0.000022
422 0.000004
423 0.000001
424 0.000001
425 0.000001
426 0.000001
427 0.000000
428 0.000000
429 0.000001
430 0.000001
431 0.000001
432 0.000001
433 0.000001
434 0.000000
435 0.000000
436 0.000000
437 0.000000
438 0.000000
439 0.000000
440 0.000000
441 0.000000
442 0.000000
443 0.000000
444 0.000000
445 0.000001
446 0.000001
447 0.000001
448 0.000020
449 0.000003
450 0.000001
451 0.000001
452 0.000001
453 0.000001
454 0.000001
455 0.000000
456 0.000000
457 0.000000
458 0.000001
459 0.000001
460 0.000001
461 0.000001
462 0.000000
463 0.000000
464 0.000000
465 0.000000
466 0.000000
467 0.000000
468 0.000000
469 0.000000
470 0.000000
471 0.000000
472 0.000000
473 0.000001
474 0.000001
475 0.000002
476 0.000012
477 0.000002
478 0.000001
479 0.000001
480 0.000001
481 0.000001
482 0.000000
483 0.000000
484 0.000000
485 0.000000
486 0.000000
487 0.000001
488 0.000001
489 0.000001
490 0.000001
491 0.000000
492 0.000000
493 0.000000
494 0.000000
495 0.000000
496 0.000000
497 0.000000
498 0.000000
499 0.000000
500 0.000000
501 0.000001
502 0.000004
503 0.000014
504 0.000039
505 0.000012
506 0.000001
507 0.000001
508 0.000001
509 0.000001
510 0.000000
511 0.000000
512 0.000000
513 0.000000
514 0.000000
515 0.000001
516 0.000001
517 0.000001
518 0.000001
519 0.000000
520 0.000000
521 0.000000
522 0.000000
523 0.000000
524 0.000000
525 0.000000
526 0.000000
527 0.000000
528 0.000001
529 0.000001
530 0.000065
531 0.000397
532 0.000035
533 0.000029
534 0.000001
535 0.000001
536 0.000001
537 0.000000
538 0.000000
539 0.000000
540 0.000000
541 0.000000
542 0.000000
543 0.000000
544 0.000001
545 0.000001
546 0.000001
547 0.000000
548 0.000000
549 0.000000
550 0.000000
551 0.000001
552 0.000001
553 0.000001
554 0.000001
555 0.000001
556 0.000001
557 0.000002
558 0.000397
559 0.000418
560 0.000050
561 0.000046
562 0.000001
563 0.000001
564 0.000001
565 0.000000
566 0.000000
567 0.000000
568 0.000000
569 0.000000
570 0.000000
571 0.000000
572 0.000001
573 0.000001
574 0.000001
575 0.000001
576 0.000000
577 0.000000
578 0.000000
579 0.000001
580 0.000001
581 0.000001
582 0.000001
583 0.000001
584 0.000002
585 0.000397
586 0.000418
587 0.000522
588 0.000073
589 0.000050
590 0.000001
591 0.000000
592 0.000000
593 0.000000
594 0.000000
595 0.000000
596 0.000000
597 0.000000
598 0.000000
599 0.000000
600 0.000000
601 0.000001
602 0.000001
603 0.000001
604 0.000001
605 0.000001
606 0.000001
607 0.000001
608 0.000001
609 0.000001
610 0.000001
611 0.000003
612 0.000377
613 0.000397
614 0.000496
615 0.000522
616 0.000087
617 0.000073
618 0.000050
619 0.000001
620 0.000001
621 0.000000
622 0.000000
623 0.000000
624 0.000000
625 0.000000
626 0.000000
627 0.000000
628 0.000000
629 0.000001
630 0.000001
631 0.000001
632 0.000001
633 0.000001
634 0.000001
635 0.000001
636 0.000001
637 0.000001
638 0.000003
639 0.000377
640 0.000397
641 0.000497
642 0.000000
643 0.000001
644 0.000095
645 0.000087
646 0.000080
647 0.000055
648 0.000009
649 0.000001
650 0.000000
651 0.000000
652 0.000000
653 0.000000
654 0.000000
655 0.000000
656 0.000001
657 0.000001
658 0.000004
659 0.000001
660 0.000001
661 0.000001
662 0.000001
663 0.000003
664 0.000003
665 0.000015
666 0.001118
667 0.000563
668 0.000497
669 0.000000
670 0.000000
671 0.000000
672 0.000000
673 0.000095
674 0.000087
675 0.000060
676 0.000073
677 0.000050
678 0.000001
679 0.000001
680 0.000001
681 0.000001
682 0.000004
683 0.000001
684 0.000001
685 0.000001
686 0.000003
687 0.000010
688 0.000003
689 0.000047
690 0.000628
691 0.000219
692 0.000567
693 0.005296
694 0.002464
695 0.001202
696 0.000000
697 0.000000
698 0.000000
699 0.000001
700 0.000000
701 0.000000
702 0.000095
703 0.000087
704 0.000080
705 0.000073
706 0.000050
707 0.000046
708 0.000039
709 0.000026
710 0.000009
711 0.000002
712 0.000001
713 0.000001
714 0.000003
715 0.000009
716 0.000029
717 0.000191
718 0.010006
719 0.010002
720 0.009999
721 0.009997
722 0.005411
723 0.000001
724 0.000001
725 0.000001
726 0.000000
727 0.000000
728 0.000000
729 0.000000
730 0.000000
731 0.000000
732 0.000087
733 0.000080
734 0.000055
735 0.000050
736 0.000046
737 0.000032
738 0.000026
739 0.000004
740 0.000001
741 0.000001
742 0.000002
743 0.000005
744 0.000080
745 0.000798
746 0.010009
747 0.010005
748 0.010001
749 0.009998
750 0.000001
751 0.000001
752 0.000001
753 0.000001
754 0.000001
755 0.000000
756 0.000000
757 0.000000
758 0.000000
759 0.000000
760 0.000000
761 0.000087
762 0.000080
763 0.000055
764 0.000050
765 0.000046
766 0.000042
767 0.000012
768 0.000002
769 0.000001
770 0.000001
771 0.000004
772 0.000148
773 0.009518
774 0.010010
775 0.010007
776 0.010004
777 0.000001
778 0.000136
779 0.000082
780 0.000002
781 0.000001
782 0.000001
783 0.000001
