0 0.003322
1 0.003194
2 0.002769
3 0.002953
4 0.002571
5 0.002340
6 0.003343
7 0.013719
8 0.007868
9 0.002236
10 0.000445
11 0.000125
12 0.000073
13 0.000059
14 0.000052
15 0.000050
16 0.000040
17 0.000033
18 0.000131
19 0.000516
20 0.001104
21 0.001156
22 0.001407
23 0.001470
24 0.001329
25 0.001418
26 0.001777
27 0.001892
28 0.002890
29 0.003071
30 0.002654
31 0.002544
32 0.002438
33 0.002371
34 0.002326
35 0.002899
36 0.001781
37 0.001412
38 0.000973
39 0.000278
40 0.000084
41 0.000061
42 0.000042
43 0.000036
44 0.000029
45 0.000032
46 0.000056
47 0.000301
48 0.000900
49 0.001104
50 0.000001
51 0.000001
52 0.001300
53 0.001676
54 0.001610
55 0.001971
56 0.003071
57 0.002654
58 0.002544
59 0.002438
60 0.002241
61 0.001935
62 0.002021
63 0.000697
64 0.000291
65 0.000421
66 0.001488
67 0.000669
68 0.000172
69 0.000048
70 0.000033
71 0.000025
72 0.000025
73 0.000022
74 0.000028
75 0.000122
76 0.000001
77 0.000001
78 0.000001
79 0.000001
80 0.000001
81 0.001552
82 0.001956
83 0.001767
84 0.002952
85 0.002544
86 0.002179
87 0.001990
88 0.001902
89 0.001818
90 0.001709
91 0.000245
92 0.000057
93 0.000160
94 0.000583
95 0.001262
96 0.000452
97 0.000107
98 0.000037
99 0.000021
100 0.000020
101 0.000002
102 0.000001
103 0.000001
104 0.000001
105 0.000001
106 0.000001
107 0.000001
108 0.000001
109 0.001713
110 0.001767
111 0.002029
112 0.002544
113 0.002438
114 0.001990
115 0.001902
116 0.000000
117 0.000000
118 0.000000
119 0.000000
120 0.000001
121 0.000009
122 0.000215
123 0.000753
124 0.001208
125 0.000256
126 0.000049
127 0.000001
128 0.000001
129 0.000001
130 0.000000
131 0.000000
132 0.000001
133 0.000001
134 0.000001
135 0.000001
136 0.000001
137 0.001567
138 0.001855
139 0.003798
140 0.002438
141 0.002082
142 0.001902
143 0.001818
144 0.000001
145 0.000000
146 0.000000
147 0.000000
148 0.000000
149 0.000000
150 0.000000
151 0.000001
152 0.000002
153 0.000001
154 0.000001
155 0.000001
156 0.000001
157 0.000000
158 0.000000
159 0.000000
160 0.000001
161 0.000001
162 0.000001
163 0.000001
164 0.001775
165 0.001867
166 0.004494
167 0.008745
168 0.002082
169 0.001902
170 0.001818
171 0.001662
172 0.000001
173 0.000000
174 0.000000
175 0.000000
176 0.000000
177 0.000000
178 0.000000
179 0.000000
180 0.000000
181 0.000001
182 0.000001
183 0.000001
184 0.000000
185 0.000000
186 0.000000
187 0.000001
188 0.000001
189 0.000001
190 0.000001
191 0.000001
192 0.002188
193 0.005448
194 0.013902
195 0.038568
196 0.001911
197 0.001818
198 0.001530
199 0.001391
200 0.000093
201 0.000001
202 0.000000
203 0.000000
204 0.000000
205 0.000000
206 0.000000
207 0.000000
208 0.000000
209 0.000000
210 0.000001
211 0.000001
212 0.000000
213 0.000000
214 0.000001
215 0.000001
216 0.000001
217 0.000001
218 0.000001
219 0.000001
220 0.006984
221 0.018985
222 0.043974
223 0.029837
224 0.001826
225 0.001537
226 0.001397
227 0.001326
228 0.001047
229 0.000001
230 0.000000
231 0.000000
232 0.000000
233 0.000000
234 0.000000
235 0.000000
236 0.000000
237 0.000000
238 0.000001
239 0.000001
240 0.000001
241 0.000001
242 0.000001
243 0.000001
244 0.000000
245 0.000000
246 0.000001
247 0.000068
248 0.000490
249 0.001422
250 0.001475
251 0.001362
252 0.001746
253 0.001397
254 0.001332
255 0.000245
256 0.000007
257 0.000001
258 0.000000
259 0.000000
260 0.000000
261 0.000000
262 0.000001
263 0.000001
264 0.000001
265 0.000000
266 0.000001
267 0.000001
268 0.000001
269 0.000001
270 0.000001
271 0.000000
272 0.000000
273 0.000001
274 0.000001
275 0.000047
276 0.000068
277 0.000043
278 0.000038
279 0.000021
280 0.001391
281 0.000071
282 0.000013
283 0.000002
284 0.000001
285 0.000001
286 0.000000
287 0.000000
288 0.000000
289 0.000000
290 0.000000
291 0.000001
292 0.000001
293 0.000001
294 0.000001
295 0.000001
296 0.000001
297 0.000001
298 0.000001
299 0.000000
300 0.000001
301 0.000001
302 0.000001
303 0.000044
304 0.000016
305 0.000007
306 0.000004
307 0.000004
308 0.000015
309 0.000003
310 0.000001
311 0.000001
312 0.000001
313 0.000001
314 0.000001
315 0.000000
316 0.000000
317 0.000000
318 0.000000
319 0.000000
320 0.000001
321 0.000001
322 0.000001
323 0.000001
324 0.000001
325 0.000002
326 0.000001
327 0.000001
328 0.000001
329 0.000001
330 0.000001
331 0.000002
332 0.000004
333 0.000003
334 0.000003
335 0.000008
336 0.000002
337 0.000001
338 0.000001
339 0.000001
340 0.000001
341 0.000000
342 0.000001
343 0.000000
344 0.000000
345 0.000000
346 0.000000
347 0.000000
348 0.000000
349 0.000001
350 0.000001
351 0.000002
352 0.000002
353 0.000002
354 0.000002
355 0.000001
356 0.000001
357 0.000001
358 0.000001
359 0.000001
360 0.000002
361 0.000004
362 0.000022
363 0.000039
364 0.000002
365 0.000001
366 0.000001
367 0.000001
368 0.000001
369 0.000000
370 0.000001
371 0.000001
372 0.000000
373 0.000000
374 0.000000
375 0.000000
376 0.000000
377 0.000001
378 0.000001
379 0.000002
380 0.000002
381 0.000003
382 0.000004
383 0.000002
384 0.000001
385 0.000000
386 0.000000
387 0.000001
388 0.000006
389 0.000039
390 0.000064
391 0.000156
392 0.000003
393 0.000002
394 0.000001
395 0.000001
396 0.000001
397 0.000000
398 0.000000
399 0.000001
400 0.000000
401 0.000000
402 0.000000
403 0.000000
404 0.000001
405 0.000001
406 0.000001
407 0.000001
408 0.000002
409 0.000002
410 0.000004
411 0.000004
412 0.000001
413 0.000001
414 0.000001
415 0.000001
416 0.000004
417 0.000151
418 0.000252
419 0.000075
420 0.000005
421 0.000004
422 0.000002
423 0.000001
424 0.000000
425 0.000000
426 0.000000
427 0.000001
428 0.000001
429 0.000000
430 0.000000
431 0.000001
432 0.000001
433 0.000001
434 0.000001
435 0.000001
436 0.000001
437 0.000001
438 0.000002
439 0.000005
440 0.000007
441 0.000003
442 0.000001
443 0.000001
444 0.000002
445 0.000075
446 0.000062
447 0.000039
448 0.000008
449 0.000006
450 0.000004
451 0.000001
452 0.000000
453 0.000000
454 0.000000
455 0.000000
456 0.000001
457 0.000001
458 0.000001
459 0.000001
460 0.000002
461 0.000001
462 0.000001
463 0.000001
464 0.000001
465 0.000001
466 0.000001
467 0.000005
468 0.000181
469 0.000876
470 0.000004
471 0.000001
472 0.000001
473 0.000008
474 0.000015
475 0.000016
476 0.000010
477 0.000008
478 0.000003
479 0.000001
480 0.000001
481 0.000001
482 0.000001
483 0.000001
484 0.000001
485 0.000002
486 0.000002
487 0.000002
488 0.000001
489 0.000001
490 0.000001
491 0.000000
492 0.000001
493 0.000001
494 0.000001
495 0.000002
496 0.000081
497 0.999968
498 0.000013
499 0.000001
500 0.000001
501 0.000001
502 0.000015
503 0.000021
504 0.000015
505 0.000010
506 0.000001
507 0.000001
508 0.000001
509 0.000001
510 0.000001
511 0.000001
512 0.000006
513 0.000022
514 0.000008
515 0.000002
516 0.000001
517 0.000000
518 0.000001
519 0.000001
520 0.000001
521 0.000001
522 0.000001
523 0.000001
524 0.000002
525 0.000015
526 0.000144
527 0.000003
528 0.000001
529 0.000002
530 0.000110
531 0.000133
532 0.000014
533 0.000011
534 0.000001
535 0.000000
536 0.000000
537 0.000001
538 0.000001
539 0.000004
540 0.000277
541 0.999968
542 0.000010
543 0.000001
544 0.000001
545 0.000001
546 0.000001
547 0.000001
548 0.000001
549 0.000001
550 0.000001
551 0.000001
552 0.000001
553 0.000001
554 0.000018
555 0.000065
556 0.000012
557 0.000057
558 0.000893
559 0.000435
560 0.000019
561 0.000018
562 0.000001
563 0.000000
564 0.000000
565 0.000001
566 0.000003
567 0.000387
568 0.002124
569 0.000023
570 0.000003
571 0.000001
572 0.000002
573 0.000001
574 0.000001
575 0.000001
576 0.000001
577 0.000000
578 0.000000
579 0.000000
580 0.000000
581 0.000001
582 0.000003
583 0.000285
584 0.000521
585 0.010054
586 0.003836
587 0.001643
588 0.000028
589 0.000019
590 0.000002
591 0.000001
592 0.000001
593 0.000004
594 0.000368
595 0.000538
596 0.000008
597 0.000002
598 0.000002
599 0.000002
600 0.000001
601 0.000001
602 0.000001
603 0.000001
604 0.000001
605 0.000000
606 0.000000
607 0.000000
608 0.000000
609 0.000001
610 0.000001
611 0.000046
612 0.001133
613 0.003776
614 0.010054
615 0.007255
616 0.000034
617 0.000028
618 0.000020
619 0.000004
620 0.000069
621 0.001162
622 0.000141
623 0.000039
624 0.000002
625 0.000001
626 0.000001
627 0.000001
628 0.000001
629 0.000001
630 0.000001
631 0.000001
632 0.000001
633 0.000001
634 0.000001
635 0.000001
636 0.000000
637 0.000001
638 0.000003
639 0.000156
640 0.000415
641 0.001213
642 0.000001
643 0.000001
644 0.000037
645 0.000034
646 0.000031
647 0.000104
648 0.000362
649 0.000333
650 0.000022
651 0.000001
652 0.000001
653 0.000001
654 0.000001
655 0.000001
656 0.000001
657 0.000001
658 0.000001
659 0.000001
660 0.000001
661 0.000001
662 0.000001
663 0.000001
664 0.000001
665 0.000004
666 0.000101
667 0.000133
668 0.000175
669 0.000001
670 0.000001
671 0.000001
672 0.000001
673 0.000037
674 0.000121
675 0.000531
676 0.005712
677 0.010053
678 0.000021
679 0.000002
680 0.000001
681 0.000002
682 0.000007
683 0.000007
684 0.000001
685 0.000001
686 0.000001
687 0.000001
688 0.000001
689 0.000001
690 0.000016
691 0.000008
692 0.000017
693 0.000095
694 0.000108
695 0.000141
696 0.000001
697 0.000001
698 0.000001
699 0.000001
700 0.000001
701 0.000001
702 0.000592
703 0.003495
704 0.010052
705 0.003355
706 0.000312
707 0.000033
708 0.000015
709 0.000011
710 0.000008
711 0.000007
712 0.000003
713 0.000001
714 0.000001
715 0.000001
716 0.000001
717 0.000001
718 0.000068
719 0.000073
720 0.000078
721 0.000101
722 0.000133
723 0.000001
724 0.000001
725 0.000001
726 0.000001
727 0.000001
728 0.000001
729 0.000001
730 0.000001
731 0.000001
732 0.005855
733 0.000532
734 0.000073
735 0.000020
736 0.000018
737 0.000013
738 0.000011
739 0.000010
740 0.000007
741 0.000002
742 0.000001
743 0.000001
744 0.000001
745 0.000003
746 0.000073
747 0.000095
748 0.000101
749 0.000133
750 0.000000
751 0.000001
752 0.000000
753 0.000000
754 0.000001
755 0.000001
756 0.000001
757 0.000001
758 0.000006
759 0.000006
760 0.000001
761 0.000173
762 0.000031
763 0.000021
764 0.000020
765 0.000018
766 0.000017
767 0.000015
768 0.000010
769 0.000003
770 0.000001
771 0.000001
772 0.000001
773 0.000022
774 0.000073
775 0.000083
776 0.000108
777 0.000001
778 0.000041
779 0.000036
780 0.000004
781 0.000001
782 0.000000
783 0.000001
