0 0.010000
1 0.009017
2 0.007863
3 0.007101
4 0.006637
5 0.006417
6 0.006417
7 0.004806
8 0.000776
9 0.000096
10 0.000064
11 0.000077
12 0.000195
13 0.000542
14 0.000815
15 0.000433
16 0.000123
17 0.000042
18 0.000134
19 0.000535
20 0.001208
21 0.001264
22 0.001532
23 0.001599
24 0.001448
25 0.001516
26 0.001816
27 0.001896
28 0.010000
29 0.010000
30 0.009017
31 0.007863
32 0.006865
33 0.006637
34 0.006417
35 0.004381
36 0.000485
37 0.000074
38 0.000041
39 0.000094
40 0.000236
41 0.000756
42 0.000701
43 0.000192
44 0.000052
45 0.000035
46 0.000058
47 0.000311
48 0.000989
49 0.001208
50 0.000005
51 0.000000
52 0.001384
53 0.001668
54 0.001516
55 0.001816
56 0.008013
57 0.010000
58 0.010000
59 0.009017
60 0.007863
61 0.006637
62 0.006417
63 0.002125
64 0.000386
65 0.000078
66 0.000068
67 0.000112
68 0.000393
69 0.000646
70 0.000322
71 0.000077
72 0.000029
73 0.000024
74 0.000029
75 0.000126
76 0.000010
77 0.000000
78 0.000000
79 0.000000
80 0.000000
81 0.001384
82 0.001668
83 0.001516
84 0.005079
85 0.007021
86 0.010000
87 0.010000
88 0.008712
89 0.007600
90 0.006637
91 0.000983
92 0.000186
93 0.000100
94 0.000131
95 0.000256
96 0.000618
97 0.000639
98 0.000154
99 0.000034
100 0.000022
101 0.000007
102 0.000000
103 0.000000
104 0.000000
105 0.000000
106 0.000000
107 0.000000
108 0.000000
109 0.001322
110 0.001384
111 0.001855
112 0.002836
113 0.004322
114 0.005978
115 0.010000
116 0.000000
117 0.000000
118 0.000000
119 0.000000
120 0.000001
121 0.000059
122 0.000358
123 0.000872
124 0.000877
125 0.000285
126 0.000050
127 0.000001
128 0.000000
129 0.000000
130 0.000000
131 0.000000
132 0.000000
133 0.000000
134 0.000000
135 0.000000
136 0.000012
137 0.001089
138 0.001656
139 0.002789
140 0.002436
141 0.002335
142 0.003528
143 0.005079
144 0.000032
145 0.000000
146 0.000000
147 0.000000
148 0.000000
149 0.000000
150 0.000001
151 0.000014
152 0.000026
153 0.000001
154 0.000000
155 0.000000
156 0.000000
157 0.000000
158 0.000000
159 0.000000
160 0.000000
161 0.000000
162 0.000000
163 0.000000
164 0.001104
165 0.001479
166 0.002556
167 0.003731
168 0.002080
169 0.001900
170 0.001817
171 0.002826
172 0.000002
173 0.000060
174 0.000085
175 0.000000
176 0.000000
177 0.000000
178 0.000000
179 0.000000
180 0.000000
181 0.000000
182 0.000000
183 0.000000
184 0.000000
185 0.000000
186 0.000000
187 0.000000
188 0.000000
189 0.000000
190 0.000000
191 0.000000
192 0.001500
193 0.002285
194 0.003915
195 0.006399
196 0.001900
197 0.001816
198 0.001529
199 0.001390
200 0.000062
201 0.000027
202 0.000069
203 0.000054
204 0.000000
205 0.000000
206 0.000000
207 0.000000
208 0.000000
209 0.000000
210 0.000000
211 0.000000
212 0.000000
213 0.000000
214 0.000000
215 0.000000
216 0.000000
217 0.000000
218 0.000000
219 0.000019
220 0.002622
221 0.004633
222 0.006431
223 0.006681
224 0.001816
225 0.001529
226 0.001390
227 0.001325
228 0.001047
229 0.000000
230 0.000000
231 0.000015
232 0.000071
233 0.000009
234 0.000001
235 0.000000
236 0.000000
237 0.000000
238 0.000000
239 0.000000
240 0.000000
241 0.000000
242 0.000000
243 0.000000
244 0.000000
245 0.000000
246 0.000000
247 0.000278
248 0.000831
249 0.001474
250 0.002173
251 0.001951
252 0.001737
253 0.001390
254 0.001325
255 0.000716
256 0.000233
257 0.000000
258 0.000000
259 0.000001
260 0.000749
261 0.999999
262 0.000253
263 0.000000
264 0.000000
265 0.000000
266 0.000000
267 0.000000
268 0.000000
269 0.000000
270 0.000000
271 0.000000
272 0.000000
273 0.000000
274 0.000000
275 0.000159
276 0.000257
277 0.000300
278 0.000278
279 0.000278
280 0.001397
281 0.000437
282 0.000342
283 0.000255
284 0.000234
285 0.000001
286 0.000000
287 0.000000
288 0.001086
289 0.003564
290 0.000020
291 0.000000
292 0.000000
293 0.000000
294 0.000000
295 0.000000
296 0.000000
297 0.000000
298 0.000000
299 0.000000
300 0.000000
301 0.000000
302 0.000000
303 0.000245
304 0.000161
305 0.000110
306 0.000107
307 0.000105
308 0.000692
309 0.000499
310 0.000280
311 0.000220
312 0.000077
313 0.000003
314 0.000000
315 0.000000
316 0.000009
317 0.000003
318 0.000000
319 0.000000
320 0.000000
321 0.000000
322 0.000000
323 0.000000
324 0.000000
325 0.000000
326 0.000000
327 0.000000
328 0.000000
329 0.000000
330 0.000001
331 0.000017
332 0.000092
333 0.000082
334 0.000086
335 0.000172
336 0.001235
337 0.001093
338 0.001546
339 0.001251
340 0.000021
341 0.000001
342 0.000000
343 0.000000
344 0.000000
345 0.000000
346 0.000000
347 0.000000
348 0.000000
349 0.000000
350 0.000000
351 0.000000
352 0.000000
353 0.000000
354 0.000000
355 0.000000
356 0.000000
357 0.000000
358 0.000000
359 0.000001
360 0.000063
361 0.000096
362 0.000181
363 0.000216
364 0.005172
365 0.005772
366 0.004490
367 0.003732
368 0.000005
369 0.000000
370 0.000000
371 0.000000
372 0.000000
373 0.000000
374 0.000000
375 0.000000
376 0.000000
377 0.000000
378 0.000000
379 0.000000
380 0.000001
381 0.000005
382 0.000000
383 0.000000
384 0.000000
385 0.000000
386 0.000000
387 0.000000
388 0.000036
389 0.000195
390 0.000203
391 0.000237
392 0.004790
393 0.004884
394 0.003566
395 0.000291
396 0.000000
397 0.000000
398 0.000000
399 0.000000
400 0.000000
401 0.000000
402 0.000000
403 0.000000
404 0.000000
405 0.000000
406 0.000000
407 0.000001
408 0.000168
409 0.999999
410 0.000000
411 0.000000
412 0.000000
413 0.000000
414 0.000000
415 0.000000
416 0.000007
417 0.000189
418 0.000224
419 0.000228
420 0.004866
421 0.002017
422 0.000912
423 0.000007
424 0.000000
425 0.000000
426 0.000001
427 0.000000
428 0.000000
429 0.000000
430 0.000000
431 0.000000
432 0.000000
433 0.000000
434 0.000000
435 0.000007
436 0.000866
437 0.000395
438 0.000001
439 0.000000
440 0.000000
441 0.000000
442 0.000000
443 0.000000
444 0.000001
445 0.000200
446 0.000154
447 0.000122
448 0.000838
449 0.000337
450 0.000172
451 0.000001
452 0.000000
453 0.000000
454 0.000000
455 0.000000
456 0.000000
457 0.000000
458 0.000000
459 0.000000
460 0.000000
461 0.000000
462 0.000000
463 0.000002
464 0.000032
465 0.000007
466 0.000000
467 0.000000
468 0.000000
469 0.000000
470 0.000000
471 0.000000
472 0.000000
473 0.000023
474 0.000066
475 0.000093
476 0.000377
477 0.000136
478 0.000027
479 0.000000
480 0.000000
481 0.000000
482 0.000000
483 0.000000
484 0.000000
485 0.000000
486 0.000000
487 0.000000
488 0.000000
489 0.000000
490 0.000000
491 0.000002
492 0.000001
493 0.000000
494 0.000000
495 0.000001
496 0.000007
497 0.000001
498 0.000000
499 0.000000
500 0.000000
501 0.000005
502 0.000132
503 0.000224
504 0.000619
505 0.000322
506 0.000007
507 0.000000
508 0.000000
509 0.000000
510 0.000000
511 0.000000
512 0.000000
513 0.000000
514 0.000000
515 0.000000
516 0.000003
517 0.000011
518 0.000060
519 0.000004
520 0.000000
521 0.000000
522 0.000000
523 0.000000
524 0.000012
525 0.000001
526 0.000000
527 0.000000
528 0.000000
529 0.000010
530 0.001044
531 0.001579
532 0.000579
533 0.000520
534 0.000006
535 0.000000
536 0.000000
537 0.000000
538 0.000000
539 0.000000
540 0.000000
541 0.000000
542 0.000000
543 0.000000
544 0.000027
545 0.001392
546 0.008697
547 0.001168
548 0.000001
549 0.000000
550 0.000000
551 0.000000
552 0.000002
553 0.000009
554 0.000003
555 0.000001
556 0.000004
557 0.000156
558 0.004412
559 0.003038
560 0.000720
561 0.000685
562 0.000006
563 0.000000
564 0.000000
565 0.000000
566 0.000000
567 0.000000
568 0.000000
569 0.000000
570 0.000000
571 0.000000
572 0.000005
573 0.999988
574 0.015094
575 0.000265
576 0.000001
577 0.000000
578 0.000000
579 0.000000
580 0.000001
581 0.000017
582 0.000039
583 0.000032
584 0.000105
585 0.010000
586 0.008743
587 0.005885
588 0.000893
589 0.000720
590 0.000053
591 0.000001
592 0.000000
593 0.000000
594 0.000000
595 0.000000
596 0.000002
597 0.000000
598 0.000000
599 0.000001
600 0.000002
601 0.000006
602 0.000019
603 0.000003
604 0.000004
605 0.000001
606 0.000006
607 0.000037
608 0.000002
609 0.000002
610 0.000038
611 0.000180
612 0.010000
613 0.010000
614 0.010000
615 0.010000
616 0.000983
617 0.000893
618 0.000720
619 0.000085
620 0.000002
621 0.000000
622 0.000001
623 0.000004
624 0.000005
625 0.000004
626 0.000001
627 0.000001
628 0.000002
629 0.000005
630 0.000007
631 0.000009
632 0.000002
633 0.000005
634 0.000416
635 0.000675
636 0.000113
637 0.000077
638 0.000264
639 0.010000
640 0.010000
641 0.010000
642 0.000000
643 0.000000
644 0.001031
645 0.000983
646 0.000937
647 0.000758
648 0.000302
649 0.000015
650 0.000007
651 0.000005
652 0.000004
653 0.000007
654 0.000007
655 0.000010
656 0.000047
657 0.001354
658 0.000650
659 0.000029
660 0.000010
661 0.000036
662 0.000150
663 0.000146
664 0.000966
665 0.000516
666 0.010001
667 0.010001
668 0.010000
669 0.000000
670 0.000000
671 0.000000
672 0.000000
673 0.001031
674 0.000983
675 0.000798
676 0.000893
677 0.000720
678 0.000027
679 0.000020
680 0.000032
681 0.000200
682 0.001890
683 0.000817
684 0.000357
685 0.000461
686 0.000228
687 0.000127
688 0.000211
689 0.001572
690 0.006278
691 0.003014
692 0.002523
693 0.013162
694 0.010001
695 0.010001
696 0.000000
697 0.000000
698 0.000000
699 0.000000
700 0.000000
701 0.000000
702 0.001031
703 0.000983
704 0.000937
705 0.000893
706 0.000720
707 0.000685
708 0.001510
709 0.003747
710 0.005926
711 0.001611
712 0.000522
713 0.000145
714 0.000090
715 0.000109
716 0.000278
717 0.003658
718 0.018651
719 0.026285
720 0.015027
721 0.011874
722 0.010001
723 0.000000
724 0.000000
725 0.000000
726 0.000000
727 0.000000
728 0.000000
729 0.000000
730 0.000000
731 0.000000
732 0.000983
733 0.000937
734 0.000758
735 0.001192
736 0.003301
737 0.008252
738 0.010000
739 0.002652
740 0.000549
741 0.000078
742 0.000035
743 0.000068
744 0.000487
745 0.004142
746 0.023207
747 0.019491
748 0.024248
749 0.010720
750 0.000000
751 0.000000
752 0.000000
753 0.000000
754 0.000000
755 0.000000
756 0.000000
757 0.000000
758 0.000000
759 0.000000
760 0.000000
761 0.000983
762 0.001101
763 0.002441
764 0.005772
765 0.010000
766 0.010000
767 0.004432
768 0.000486
769 0.000056
770 0.000027
771 0.000062
772 0.000626
773 0.006308
774 0.020167
775 0.019343
776 0.023807
777 0.000060
778 0.000701
779 0.000815
780 0.000076
781 0.000021
782 0.000000
783 0.000000
