0 0.001877
1 0.001769
2 0.001426
3 0.001666
4 0.001688
5 0.002175
6 0.003948
7 0.006868
8 0.000069
9 0.000002
10 0.000001
11 0.000001
12 0.000001
13 0.000001
14 0.000001
15 0.000001
16 0.000001
17 0.000001
18 0.000002
19 0.000007
20 0.000026
21 0.000028
22 0.000044
23 0.000049
24 0.000039
25 0.000043
26 0.000067
27 0.000075
28 0.001521
29 0.001667
30 0.001338
31 0.001255
32 0.001460
33 0.001891
34 0.002954
35 0.001330
36 0.000016
37 0.000002
38 0.000001
39 0.000001
40 0.000001
41 0.000001
42 0.000001
43 0.000001
44 0.000001
45 0.000001
46 0.000001
47 0.000004
48 0.000017
49 0.000026
50 0.000058
51 0.000073
52 0.000035
53 0.000055
54 0.000043
55 0.000067
56 0.001667
57 0.001338
58 0.001255
59 0.001177
60 0.001043
61 0.001294
62 0.001782
63 0.000099
64 0.000004
65 0.000002
66 0.000002
67 0.000001
68 0.000001
69 0.000001
70 0.000001
71 0.000001
72 0.000001
73 0.000001
74 0.000001
75 0.000002
76 0.000036
77 0.000036
78 0.000042
79 0.000047
80 0.000073
81 0.000035
82 0.000055
83 0.000043
84 0.001571
85 0.001255
86 0.000994
87 0.000867
88 0.000810
89 0.000795
90 0.001254
91 0.000009
92 0.000002
93 0.000002
94 0.000002
95 0.000001
96 0.000001
97 0.000001
98 0.000001
99 0.000001
100 0.000001
101 0.000001
102 0.000001
103 0.000001
104 0.000008
105 0.000030
106 0.000037
107 0.000059
108 0.000062
109 0.000032
110 0.000035
111 0.000055
112 0.001255
113 0.001177
114 0.000867
115 0.000810
116 0.000001
117 0.000001
118 0.000001
119 0.000001
120 0.000001
121 0.000001
122 0.000002
123 0.000001
124 0.000001
125 0.000001
126 0.000001
127 0.000001
128 0.000001
129 0.000001
130 0.000001
131 0.000001
132 0.000003
133 0.000022
134 0.000030
135 0.000047
136 0.000049
137 0.000020
138 0.000032
139 0.000049
140 0.001177
141 0.000928
142 0.000810
143 0.000757
144 0.000001
145 0.000001
146 0.000001
147 0.000001
148 0.000001
149 0.000001
150 0.000001
151 0.000001
152 0.000001
153 0.000001
154 0.000001
155 0.000001
156 0.000001
157 0.000001
158 0.000001
159 0.000001
160 0.000001
161 0.000009
162 0.000030
163 0.000028
164 0.000021
165 0.000018
166 0.000028
167 0.000112
168 0.000928
169 0.000810
170 0.000757
171 0.000662
172 0.000001
173 0.000001
174 0.000001
175 0.000001
176 0.000001
177 0.000001
178 0.000001
179 0.000001
180 0.000001
181 0.000001
182 0.000001
183 0.000001
184 0.000001
185 0.000001
186 0.000001
187 0.000001
188 0.000001
189 0.000003
190 0.000023
191 0.000027
192 0.000014
193 0.000020
194 0.000135
195 0.004015
196 0.000820
197 0.000757
198 0.000585
199 0.000507
200 0.000001
201 0.000001
202 0.000001
203 0.000001
204 0.000001
205 0.000001
206 0.000001
207 0.000001
208 0.000001
209 0.000001
210 0.000001
211 0.000001
212 0.000001
213 0.000001
214 0.000001
215 0.000001
216 0.000001
217 0.000001
218 0.000001
219 0.000002
220 0.000026
221 0.000271
222 0.002810
223 0.006184
224 0.000807
225 0.000616
226 0.000510
227 0.000472
228 0.000332
229 0.000001
230 0.000001
231 0.000001
232 0.000001
233 0.000001
234 0.000001
235 0.000001
236 0.000001
237 0.000001
238 0.000001
239 0.000001
240 0.000001
241 0.000001
242 0.000001
243 0.000001
244 0.000001
245 0.000001
246 0.000001
247 0.000001
248 0.000002
249 0.000004
250 0.000019
251 0.000021
252 0.000755
253 0.000540
254 0.000503
255 0.000484
256 0.000418
257 0.000001
258 0.000001
259 0.000001
260 0.000001
261 0.000001
262 0.000001
263 0.000001
264 0.000001
265 0.000001
266 0.000001
267 0.000001
268 0.000001
269 0.000001
270 0.000001
271 0.000001
272 0.000001
273 0.000001
274 0.000001
275 0.000001
276 0.000002
277 0.000002
278 0.000001
279 0.000001
280 0.000513
281 0.000525
282 0.000624
283 0.000491
284 0.000481
285 0.000001
286 0.000001
287 0.000001
288 0.000001
289 0.000001
290 0.000001
291 0.000001
292 0.000001
293 0.000001
294 0.000001
295 0.000001
296 0.000001
297 0.000001
298 0.000001
299 0.000001
300 0.000001
301 0.000001
302 0.000001
303 0.000002
304 0.000001
305 0.000001
306 0.000001
307 0.000001
308 0.000999
309 0.000696
310 0.000508
311 0.000401
312 0.000004
313 0.000001
314 0.000001
315 0.000001
316 0.000001
317 0.000001
318 0.000001
319 0.000001
320 0.000001
321 0.000001
322 0.000001
323 0.000001
324 0.000001
325 0.000001
326 0.000001
327 0.000001
328 0.000001
329 0.000001
330 0.000001
331 0.000001
332 0.000001
333 0.000001
334 0.000001
335 0.000001
336 0.001114
337 0.000917
338 0.000681
339 0.000352
340 0.000001
341 0.000001
342 0.000001
343 0.000001
344 0.000001
345 0.000001
346 0.000001
347 0.000001
348 0.000001
349 0.000001
350 0.000001
351 0.000001
352 0.000001
353 0.000002
354 0.000002
355 0.000001
356 0.000001
357 0.000001
358 0.000001
359 0.000001
360 0.000001
361 0.000001
362 0.000001
363 0.000001
364 0.000906
365 0.000911
366 0.000799
367 0.000502
368 0.000001
369 0.000001
370 0.000001
371 0.000001
372 0.000001
373 0.000001
374 0.000001
375 0.000001
376 0.000001
377 0.000001
378 0.000001
379 0.000001
380 0.000002
381 0.000003
382 0.000003
383 0.000002
384 0.000001
385 0.000001
386 0.000001
387 0.000001
388 0.000001
389 0.000001
390 0.000001
391 0.000001
392 0.000383
393 0.000424
394 0.000502
395 0.000003
396 0.000001
397 0.000001
398 0.000001
399 0.000001
400 0.000001
401 0.000001
402 0.000001
403 0.000001
404 0.000001
405 0.000001
406 0.000001
407 0.000001
408 0.000002
409 0.000003
410 0.000005
411 0.000003
412 0.000001
413 0.000001
414 0.000001
415 0.000001
416 0.000001
417 0.000001
418 0.000001
419 0.000001
420 0.000376
421 0.000204
422 0.000193
423 0.000001
424 0.000001
425 0.000001
426 0.000001
427 0.000001
428 0.000001
429 0.000001
430 0.000001
431 0.000001
432 0.000001
433 0.000001
434 0.000001
435 0.000001
436 0.000001
437 0.000002
438 0.000003
439 0.000004
440 0.000003
441 0.000001
442 0.000001
443 0.000001
444 0.000001
445 0.000001
446 0.000002
447 0.000002
448 0.000372
449 0.000190
450 0.000150
451 0.000001
452 0.000001
453 0.000001
454 0.000001
455 0.000001
456 0.000001
457 0.000001
458 0.000001
459 0.000001
460 0.000001
461 0.000001
462 0.000001
463 0.000001
464 0.000001
465 0.000001
466 0.000002
467 0.000004
468 0.000007
469 0.000002
470 0.000001
471 0.000001
472 0.000001
473 0.000002
474 0.000003
475 0.000003
476 0.001933
477 0.000800
478 0.000010
479 0.000001
480 0.000001
481 0.000001
482 0.000001
483 0.000001
484 0.000001
485 0.000001
486 0.000001
487 0.000001
488 0.000001
489 0.000001
490 0.000001
491 0.000001
492 0.000001
493 0.000001
494 0.000001
495 0.000003
496 0.000020
497 0.000026
498 0.000005
499 0.000001
500 0.000001
501 0.000002
502 0.000003
503 0.000003
504 0.015751
505 0.007397
506 0.000002
507 0.000001
508 0.000001
509 0.000001
510 0.000001
511 0.000001
512 0.000001
513 0.000001
514 0.000001
515 0.000001
516 0.000001
517 0.000001
518 0.000001
519 0.000001
520 0.000001
521 0.000001
522 0.000001
523 0.000002
524 0.000022
525 0.999973
526 0.000048
527 0.000003
528 0.000001
529 0.000001
530 0.000003
531 0.000003
532 0.015762
533 0.015857
534 0.000001
535 0.000001
536 0.000001
537 0.000001
538 0.000001
539 0.000001
540 0.000001
541 0.000001
542 0.000001
543 0.000001
544 0.000001
545 0.000001
546 0.000001
547 0.000001
548 0.000001
549 0.000001
550 0.000002
551 0.000002
552 0.000004
553 0.000013
554 0.002271
555 0.000006
556 0.000001
557 0.000001
558 0.000006
559 0.000003
560 0.015392
561 0.015436
562 0.000001
563 0.000001
564 0.000001
565 0.000001
566 0.000001
567 0.000001
568 0.000001
569 0.000001
570 0.000001
571 0.000001
572 0.000001
573 0.000001
574 0.000001
575 0.000001
576 0.000001
577 0.000001
578 0.000001
579 0.000001
580 0.000001
581 0.000001
582 0.000008
583 0.000160
584 0.000016
585 0.000316
586 0.000041
587 0.000013
588 0.015049
589 0.015341
590 0.000016
591 0.000001
592 0.000001
593 0.000001
594 0.000001
595 0.000001
596 0.000001
597 0.000001
598 0.000001
599 0.000001
600 0.000001
601 0.000001
602 0.000001
603 0.000001
604 0.000001
605 0.000001
606 0.000001
607 0.000001
608 0.000001
609 0.000001
610 0.000002
611 0.000064
612 0.002161
613 0.004606
614 0.000608
615 0.000117
616 0.014888
617 0.015031
618 0.015336
619 0.000044
620 0.000001
621 0.000001
622 0.000001
623 0.000001
624 0.000001
625 0.000001
626 0.000001
627 0.000002
628 0.000002
629 0.000002
630 0.000001
631 0.000001
632 0.000001
633 0.000001
634 0.000001
635 0.000001
636 0.000001
637 0.000001
638 0.000001
639 0.000023
640 0.000177
641 0.002273
642 0.000001
643 0.000002
644 0.014810
645 0.014881
646 0.014949
647 0.015254
648 0.001108
649 0.000001
650 0.000001
651 0.000001
652 0.000001
653 0.000002
654 0.000002
655 0.000001
656 0.000001
657 0.000001
658 0.000001
659 0.000001
660 0.000001
661 0.000001
662 0.000001
663 0.000001
664 0.000001
665 0.000001
666 0.000003
667 0.000006
668 0.000026
669 0.000001
670 0.000001
671 0.000002
672 0.000001
673 0.014801
674 0.014874
675 0.015177
676 0.015027
677 0.015329
678 0.000002
679 0.000001
680 0.000004
681 0.000077
682 0.000102
683 0.000002
684 0.000001
685 0.000001
686 0.000002
687 0.000002
688 0.000002
689 0.000002
690 0.000001
691 0.000001
692 0.000001
693 0.000003
694 0.000003
695 0.000004
696 0.000001
697 0.000001
698 0.000001
699 0.000002
700 0.000001
701 0.000001
702 0.014801
703 0.014880
704 0.014948
705 0.015010
706 0.015288
707 0.015324
708 0.015468
709 0.015795
710 0.001021
711 0.000009
712 0.000002
713 0.000001
714 0.000002
715 0.000002
716 0.000002
717 0.000002
718 0.000002
719 0.000002
720 0.000002
721 0.000003
722 0.000003
723 0.000001
724 0.000002
725 0.000001
726 0.000001
727 0.000001
728 0.000001
729 0.000001
730 0.000001
731 0.000001
732 0.014868
733 0.014911
734 0.015183
735 0.015245
736 0.015338
737 0.015700
738 0.015943
739 0.000039
740 0.000002
741 0.000001
742 0.000002
743 0.000002
744 0.000002
745 0.000002
746 0.000002
747 0.000003
748 0.000003
749 0.000003
750 0.000001
751 0.000001
752 0.000001
753 0.000001
754 0.000001
755 0.000001
756 0.000001
757 0.000001
758 0.000001
759 0.000001
760 0.000001
761 0.014817
762 0.014864
763 0.015178
764 0.015291
765 0.015455
766 0.015637
767 0.000275
768 0.000005
769 0.000002
770 0.000002
771 0.000002
772 0.000002
773 0.000002
774 0.000002
775 0.000002
776 0.000003
777 0.000001
778 0.000001
779 0.000001
780 0.000001
781 0.000001
782 0.000001
783 0.000001
