0 0.000626
1 0.000571
2 0.000411
3 0.000476
4 0.000339
5 0.000240
6 0.000196
7 0.000178
8 0.000023
9 0.000003
10 0.000002
11 0.000001
12 0.000001
13 0.000001
14 0.000001
15 0.000001
16 0.000001
17 0.000001
18 0.000009
19 0.000328
20 0.002512
21 0.005600
22 0.015515
23 0.023238
24 0.011509
25 0.004421
26 0.001923
27 0.001504
28 0.000453
29 0.000521
30 0.000373
31 0.000339
32 0.000308
33 0.000255
34 0.000178
35 0.000095
36 0.000006
37 0.000001
38 0.000001
39 0.000001
40 0.000001
41 0.000001
42 0.000001
43 0.000001
44 0.000000
45 0.000001
46 0.000003
47 0.000104
48 0.004992
49 0.013900
50 0.000000
51 0.000000
52 0.004360
53 0.001841
54 0.001164
55 0.001080
56 0.000521
57 0.000373
58 0.000339
59 0.000308
60 0.000255
61 0.000178
62 0.000161
63 0.000029
64 0.000002
65 0.000001
66 0.000001
67 0.000001
68 0.000000
69 0.000000
70 0.000000
71 0.000000
72 0.000001
73 0.000001
74 0.000001
75 0.000042
76 0.000000
77 0.000000
78 0.000000
79 0.000000
80 0.000000
81 0.001080
82 0.000979
83 0.000737
84 0.000476
85 0.000339
86 0.000240
87 0.000196
88 0.000178
89 0.000161
90 0.000133
91 0.000007
92 0.000001
93 0.000000
94 0.000000
95 0.000000
96 0.000000
97 0.000000
98 0.000000
99 0.000000
100 0.000001
101 0.000000
102 0.000000
103 0.000000
104 0.000000
105 0.000000
106 0.000000
107 0.000000
108 0.000000
109 0.000732
110 0.000654
111 0.000835
112 0.000339
113 0.000308
114 0.000196
115 0.000178
116 0.000000
117 0.000000
118 0.000000
119 0.000000
120 0.000000
121 0.000000
122 0.000000
123 0.000000
124 0.000000
125 0.000000
126 0.000000
127 0.000000
128 0.000000
129 0.000000
130 0.000000
131 0.000000
132 0.000000
133 0.000000
134 0.000000
135 0.000000
136 0.000000
137 0.000480
138 0.000617
139 0.000790
140 0.000380
141 0.000217
142 0.000178
143 0.000161
144 0.000000
145 0.000000
146 0.000000
147 0.000000
148 0.000000
149 0.000000
150 0.000000
151 0.000000
152 0.000000
153 0.000000
154 0.000000
155 0.000000
156 0.000000
157 0.000000
158 0.000000
159 0.000000
160 0.000000
161 0.000000
162 0.000000
163 0.000000
164 0.000489
165 0.000451
166 0.000582
167 0.000617
168 0.000856
169 0.000277
170 0.000161
171 0.000133
172 0.000000
173 0.000000
174 0.000000
175 0.000000
176 0.000000
177 0.000000
178 0.000000
179 0.000000
180 0.000000
181 0.000000
182 0.000000
183 0.000000
184 0.000000
185 0.000000
186 0.000000
187 0.000000
188 0.000000
189 0.000000
190 0.000000
191 0.000000
192 0.000376
193 0.000399
194 0.000425
195 0.000582
196 0.002619
197 0.000955
198 0.000281
199 0.000091
200 0.000001
201 0.000000
202 0.000000
203 0.000000
204 0.000000
205 0.000000
206 0.000000
207 0.000000
208 0.000000
209 0.000000
210 0.000000
211 0.000000
212 0.000000
213 0.000000
214 0.000000
215 0.000000
216 0.000000
217 0.000000
218 0.000000
219 0.000000
220 0.000376
221 0.000399
222 0.000399
223 0.000518
224 0.008230
225 0.003465
226 0.001125
227 0.000283
228 0.000082
229 0.000000
230 0.000000
231 0.000000
232 0.000000
233 0.000000
234 0.000000
235 0.000000
236 0.000000
237 0.000000
238 0.000000
239 0.000000
240 0.000000
241 0.000000
242 0.000000
243 0.000000
244 0.000000
245 0.000000
246 0.000000
247 0.000004
248 0.000011
249 0.000017
250 0.000045
251 0.000086
252 0.010000
253 0.008698
254 0.007021
255 0.000463
256 0.000006
257 0.000000
258 0.000000
259 0.000000
260 0.000000
261 0.000000
262 0.000000
263 0.000000
264 0.000000
265 0.000000
266 0.000000
267 0.000000
268 0.000000
269 0.000000
270 0.000000
271 0.000000
272 0.000000
273 0.000000
274 0.000000
275 0.000000
276 0.000001
277 0.000002
278 0.000004
279 0.000008
280 0.010000
281 0.001324
282 0.000288
283 0.000022
284 0.000001
285 0.000000
286 0.000000
287 0.000000
288 0.000000
289 0.000000
290 0.000000
291 0.000000
292 0.000000
293 0.000000
294 0.000000
295 0.000000
296 0.000000
297 0.000000
298 0.000000
299 0.000000
300 0.000000
301 0.000000
302 0.000000
303 0.000001
304 0.000001
305 0.000001
306 0.000002
307 0.000003
308 0.000044
309 0.000023
310 0.000010
311 0.000003
312 0.000000
313 0.000000
314 0.000000
315 0.000000
316 0.000000
317 0.000000
318 0.000000
319 0.000000
320 0.000000
321 0.000000
322 0.000000
323 0.000000
324 0.000000
325 0.000000
326 0.000000
327 0.000000
328 0.000000
329 0.000000
330 0.000000
331 0.000000
332 0.000001
333 0.000001
334 0.000002
335 0.000003
336 0.000000
337 0.000000
338 0.000001
339 0.000001
340 0.000000
341 0.000000
342 0.000000
343 0.000000
344 0.000000
345 0.000000
346 0.000000
347 0.000000
348 0.000000
349 0.000000
350 0.000000
351 0.000000
352 0.000000
353 0.000000
354 0.000000
355 0.000000
356 0.000000
357 0.000000
358 0.000000
359 0.000000
360 0.000001
361 0.000001
362 0.000002
363 0.000003
364 0.000000
365 0.000000
366 0.000000
367 0.000000
368 0.000000
369 0.000000
370 0.000000
371 0.000000
372 0.000000
373 0.000000
374 0.000000
375 0.000000
376 0.000000
377 0.000000
378 0.000000
379 0.000000
380 0.000000
381 0.000000
382 0.000000
383 0.000000
384 0.000000
385 0.000000
386 0.000000
387 0.000000
388 0.000000
389 0.000002
390 0.000002
391 0.000003
392 0.000000
393 0.000000
394 0.000000
395 0.000000
396 0.000000
397 0.000000
398 0.000000
399 0.000000
400 0.000000
401 0.000001
402 0.000001
403 0.000000
404 0.000000
405 0.000000
406 0.000000
407 0.000000
408 0.000000
409 0.000000
410 0.000000
411 0.000000
412 0.000000
413 0.000000
414 0.000000
415 0.000000
416 0.000000
417 0.000001
418 0.000002
419 0.000002
420 0.000000
421 0.000000
422 0.000000
423 0.000000
424 0.000000
425 0.000000
426 0.000000
427 0.000000
428 0.000000
429 1.000000
430 0.848180
431 0.000000
432 0.000000
433 0.000000
434 0.000000
435 0.000000
436 0.000000
437 0.000000
438 0.000000
439 0.000000
440 0.000000
441 0.000000
442 0.000000
443 0.000000
444 0.000000
445 0.000001
446 0.000002
447 0.000002
448 0.000000
449 0.000000
450 0.000000
451 0.000000
452 0.000000
453 0.000000
454 0.000000
455 0.000000
456 0.000000
457 0.000028
458 0.000010
459 0.000000
460 0.000000
461 0.000000
462 0.000000
463 0.000000
464 0.000000
465 0.000000
466 0.000000
467 0.000000
468 0.000000
469 0.000000
470 0.000000
471 0.000000
472 0.000000
473 0.000000
474 0.000001
475 0.000004
476 0.000001
477 0.000000
478 0.000000
479 0.000000
480 0.000000
481 0.000000
482 0.000000
483 0.000000
484 0.000000
485 0.000000
486 0.000000
487 0.000000
488 0.000000
489 0.000000
490 0.000000
491 0.000000
492 0.000000
493 0.000000
494 0.000000
495 0.000000
496 0.000000
497 0.000000
498 0.000000
499 0.000000
500 0.000000
501 0.000000
502 0.000008
503 0.000019
504 0.000043
505 0.000010
506 0.000000
507 0.000000
508 0.000000
509 0.000000
510 0.000000
511 0.000000
512 0.000000
513 0.000000
514 0.000000
515 0.000000
516 0.000000
517 0.000000
518 0.000000
519 0.000000
520 0.000000
521 0.000000
522 0.000000
523 0.000000
524 0.000000
525 0.000000
526 0.000000
527 0.000000
528 0.000000
529 0.000000
530 0.000056
531 0.000172
532 0.000039
533 0.000058
534 0.000001
535 0.000000
536 0.000000
537 0.000000
538 0.000001
539 0.000000
540 0.000000
541 0.000000
542 0.000000
543 0.000000
544 0.000000
545 0.000000
546 0.000000
547 0.000000
548 0.000000
549 0.000000
550 0.000000
551 0.000000
552 0.000000
553 0.000000
554 0.000000
555 0.000000
556 0.000000
557 0.000000
558 0.000172
559 0.000183
560 0.000132
561 0.000448
562 0.000006
563 0.000001
564 0.000003
565 0.000103
566 0.000009
567 0.000000
568 0.000000
569 0.000000
570 0.000000
571 0.000000
572 0.000000
573 0.000000
574 0.000000
575 0.000000
576 0.000000
577 0.000000
578 0.000000
579 0.000000
580 0.000000
581 0.000000
582 0.000000
583 0.000000
584 0.000000
585 0.000172
586 0.000183
587 0.000238
588 0.000702
589 0.002919
590 0.000311
591 0.000013
592 0.000061
593 0.000033
594 0.000000
595 0.000000
596 0.000000
597 0.000000
598 0.000000
599 0.000000
600 0.000000
601 0.000000
602 0.000000
603 0.000000
604 0.000000
605 0.000000
606 0.000000
607 0.000000
608 0.000000
609 0.000000
610 0.000000
611 0.000000
612 0.000161
613 0.000172
614 0.000224
615 0.000238
616 0.004564
617 0.010000
618 0.010000
619 0.001029
620 0.000052
621 0.000001
622 0.000000
623 0.000000
624 0.000000
625 0.000000
626 0.000000
627 0.000000
628 0.000000
629 0.000000
630 0.000000
631 0.000000
632 0.000000
633 0.000000
634 0.000000
635 0.000000
636 0.000000
637 0.000000
638 0.000000
639 0.000161
640 0.000172
641 0.000224
642 0.000000
643 0.000000
644 0.010000
645 0.010000
646 0.016444
647 0.009670
648 0.000648
649 0.000000
650 0.000000
651 0.000000
652 0.000000
653 0.000000
654 0.000000
655 0.000000
656 0.000000
657 0.000005
658 0.000004
659 0.000000
660 0.000000
661 0.000000
662 0.000000
663 0.000000
664 0.000000
665 0.000000
666 0.000161
667 0.000211
668 0.000224
669 0.000000
670 0.000000
671 0.000000
672 0.000000
673 0.015764
674 0.013916
675 0.002132
676 0.000360
677 0.000070
678 0.000000
679 0.000000
680 0.000000
681 0.000001
682 0.000002
683 0.000002
684 0.000002
685 0.000009
686 0.000005
687 0.000004
688 0.000001
689 0.000005
690 0.000007
691 0.000001
692 0.000003
693 0.000151
694 0.000172
695 0.000224
696 0.000000
697 0.000000
698 0.000000
699 0.000000
700 0.000000
701 0.000000
702 0.003083
703 0.000656
704 0.000110
705 0.000080
706 0.000055
707 0.000051
708 0.000043
709 0.000030
710 0.000008
711 0.000002
712 0.000002
713 0.000011
714 0.000009
715 0.000007
716 0.000008
717 0.000049
718 0.000758
719 0.000291
720 0.000123
721 0.000161
722 0.000211
723 0.000000
724 0.000000
725 0.000000
726 0.000000
727 0.000000
728 0.000000
729 0.000000
730 0.000000
731 0.000000
732 0.000094
733 0.000086
734 0.000060
735 0.000055
736 0.000051
737 0.000035
738 0.000030
739 0.000003
740 0.000003
741 0.000005
742 0.000010
743 0.000009
744 0.000031
745 0.000501
746 0.002086
747 0.000694
748 0.000277
749 0.000211
750 0.000000
751 0.000000
752 0.000000
753 0.000000
754 0.000000
755 0.000000
756 0.000000
757 0.000000
758 0.000000
759 0.000000
760 0.000000
761 0.000094
762 0.000086
763 0.000060
764 0.000055
765 0.000051
766 0.000047
767 0.000009
768 0.000004
769 0.000005
770 0.000016
771 0.000015
772 0.000117
773 0.002689
774 0.004682
775 0.001332
776 0.000621
777 0.000000
778 0.000001
779 0.000000
780 0.000000
781 0.000000
782 0.000000
783 0.000000
