0 0.002127
1 0.002014
2 0.001653
3 0.001806
4 0.001470
5 0.001188
6 0.001049
7 0.000986
8 0.000133
9 0.000024
10 0.000031
11 0.000062
12 0.000071
13 0.000089
14 0.000188
15 0.000145
16 0.000058
17 0.000022
18 0.000389
19 0.007710
20 0.020911
21 0.008148
22 0.002840
23 0.001717
24 0.001166
25 0.000938
26 0.000992
27 0.001050
28 0.001753
29 0.001907
30 0.001559
31 0.001470
32 0.001387
33 0.001235
34 0.000986
35 0.000538
36 0.000040
37 0.000008
38 0.000013
39 0.000026
40 0.000058
41 0.000083
42 0.000086
43 0.000428
44 0.000191
45 0.000096
46 0.000366
47 0.004386
48 0.009109
49 0.003092
50 0.000001
51 0.000001
52 0.000853
53 0.000886
54 0.000781
55 0.000992
56 0.001907
57 0.001559
58 0.001470
59 0.001387
60 0.001235
61 0.000986
62 0.000927
63 0.000179
64 0.000017
65 0.000005
66 0.000007
67 0.000012
68 0.000025
69 0.000055
70 0.000132
71 0.000973
72 0.001645
73 0.000956
74 0.000267
75 0.000841
76 0.000003
77 0.000001
78 0.000001
79 0.000001
80 0.000001
81 0.000692
82 0.000886
83 0.000781
84 0.001806
85 0.001470
86 0.001188
87 0.001049
88 0.000986
89 0.000927
90 0.000820
91 0.000054
92 0.000006
93 0.000004
94 0.000004
95 0.000005
96 0.000012
97 0.000056
98 0.000275
99 0.000655
100 0.010572
101 0.001980
102 0.000001
103 0.000001
104 0.000001
105 0.000001
106 0.000001
107 0.000001
108 0.000002
109 0.000652
110 0.000692
111 0.000886
112 0.001470
113 0.001387
114 0.001049
115 0.000986
116 0.000001
117 0.000001
118 0.000001
119 0.000001
120 0.000001
121 0.000002
122 0.000003
123 0.000003
124 0.000006
125 0.000074
126 0.000592
127 0.000144
128 0.000031
129 0.000002
130 0.000001
131 0.000001
132 0.000001
133 0.000001
134 0.000001
135 0.000002
136 0.001471
137 0.000504
138 0.000652
139 0.000838
140 0.001387
141 0.001116
142 0.000986
143 0.000927
144 0.000001
145 0.000001
146 0.000001
147 0.000001
148 0.000001
149 0.000001
150 0.000001
151 0.000001
152 0.000001
153 0.000001
154 0.000003
155 0.000002
156 0.000002
157 0.000001
158 0.000001
159 0.000001
160 0.000001
161 0.000001
162 0.000001
163 0.000003
164 0.000514
165 0.000473
166 0.000614
167 0.000770
168 0.001117
169 0.000986
170 0.000927
171 0.000820
172 0.000002
173 0.000001
174 0.000001
175 0.000001
176 0.000001
177 0.000001
178 0.000001
179 0.000001
180 0.000001
181 0.000001
182 0.000001
183 0.000001
184 0.000001
185 0.000002
186 0.000001
187 0.000001
188 0.000001
189 0.000001
190 0.000002
191 0.001245
192 0.000392
193 0.000418
194 0.000759
195 0.001889
196 0.000986
197 0.000927
198 0.000733
199 0.000644
200 0.000123
201 0.000001
202 0.000001
203 0.000001
204 0.000001
205 0.000001
206 0.000001
207 0.000001
208 0.000001
209 0.000001
210 0.000001
211 0.000001
212 0.000001
213 0.000002
214 0.000002
215 0.000001
216 0.000001
217 0.000002
218 0.000003
219 0.000188
220 0.000392
221 0.000886
222 0.001787
223 0.004159
224 0.000928
225 0.000733
226 0.000644
227 0.000604
228 0.000439
229 0.000002
230 0.000001
231 0.000001
232 0.000001
233 0.000001
234 0.000001
235 0.000001
236 0.000002
237 0.000001
238 0.000001
239 0.000001
240 0.000001
241 0.000002
242 0.000001
243 0.000001
244 0.000001
245 0.000002
246 0.000004
247 0.000013
248 0.000056
249 0.000195
250 0.000813
251 0.002006
252 0.001242
253 0.000645
254 0.000604
255 0.000325
256 0.000055
257 0.000002
258 0.000001
259 0.000001
260 0.000001
261 0.000001
262 0.000001
263 0.000002
264 0.000002
265 0.000003
266 0.000003
267 0.000002
268 0.000001
269 0.000001
270 0.000001
271 0.000001
272 0.000001
273 0.000002
274 0.000004
275 0.000008
276 0.000025
277 0.000105
278 0.000205
279 0.000358
280 0.002921
281 0.000486
282 0.000111
283 0.000022
284 0.000009
285 0.000001
286 0.000001
287 0.000001
288 0.000001
289 0.000001
290 0.000001
291 0.000002
292 0.000002
293 0.000004
294 0.000003
295 0.000002
296 0.000001
297 0.000001
298 0.000001
299 0.000002
300 0.000004
301 0.000003
302 0.000002
303 0.000028
304 0.000081
305 0.000115
306 0.000086
307 0.000053
308 0.001294
309 0.000298
310 0.000049
311 0.000010
312 0.000001
313 0.000001
314 0.000001
315 0.000001
316 0.000001
317 0.000001
318 0.000002
319 0.000002
320 0.000003
321 0.000002
322 0.000002
323 0.000002
324 0.000001
325 0.000001
326 0.000001
327 0.000002
328 0.000007
329 0.000007
330 0.000002
331 0.000008
332 0.000095
333 0.000047
334 0.000031
335 0.000024
336 0.000411
337 0.000221
338 0.000098
339 0.000028
340 0.000001
341 0.000001
342 0.000001
343 0.000001
344 0.000001
345 0.000001
346 0.000003
347 0.000004
348 0.000003
349 0.000002
350 0.000001
351 0.000001
352 0.000001
353 0.000001
354 0.000002
355 0.000005
356 0.000142
357 0.000102
358 0.000003
359 0.000002
360 0.000021
361 0.000016
362 0.000011
363 0.000008
364 0.000115
365 0.000199
366 0.000183
367 0.000153
368 0.000001
369 0.000001
370 0.000001
371 0.000001
372 0.000002
373 0.000003
374 0.000005
375 0.000004
376 0.000002
377 0.000001
378 0.000001
379 0.000001
380 0.000001
381 0.000001
382 0.000002
383 0.000008
384 0.999953
385 0.001340
386 0.000004
387 0.000002
388 0.000005
389 0.000006
390 0.000006
391 0.000008
392 0.000028
393 0.000035
394 0.000045
395 0.000008
396 0.000001
397 0.000001
398 0.000001
399 0.000002
400 0.000006
401 0.000008
402 0.000005
403 0.000002
404 0.000001
405 0.000001
406 0.000001
407 0.000001
408 0.000001
409 0.000001
410 0.000002
411 0.000007
412 0.000065
413 0.000806
414 0.000007
415 0.000002
416 0.000002
417 0.000016
418 0.000013
419 0.000009
420 0.000012
421 0.000009
422 0.000012
423 0.000001
424 0.000001
425 0.000001
426 0.000002
427 0.000015
428 0.000274
429 0.000018
430 0.000003
431 0.000001
432 0.000001
433 0.000001
434 0.000001
435 0.000001
436 0.000001
437 0.000001
438 0.000002
439 0.000003
440 0.000005
441 0.000007
442 0.000008
443 0.000002
444 0.000002
445 0.000054
446 0.000038
447 0.000025
448 0.000016
449 0.000007
450 0.000005
451 0.000001
452 0.000001
453 0.000001
454 0.000003
455 0.001153
456 0.999959
457 0.000011
458 0.000002
459 0.000001
460 0.000001
461 0.000001
462 0.000001
463 0.000001
464 0.000001
465 0.000001
466 0.000002
467 0.000002
468 0.000001
469 0.000002
470 0.000006
471 0.000003
472 0.000002
473 0.000018
474 0.000121
475 0.000110
476 0.000074
477 0.000031
478 0.000003
479 0.000001
480 0.000001
481 0.000001
482 0.000008
483 0.000325
484 0.000017
485 0.000003
486 0.000001
487 0.000001
488 0.000001
489 0.000001
490 0.000001
491 0.000001
492 0.000001
493 0.000001
494 0.000001
495 0.000001
496 0.000001
497 0.000001
498 0.000003
499 0.000004
500 0.000002
501 0.000003
502 0.000394
503 0.001209
504 0.000588
505 0.000251
506 0.000006
507 0.000001
508 0.000001
509 0.000004
510 0.000028
511 0.000006
512 0.000002
513 0.000001
514 0.000001
515 0.000001
516 0.000002
517 0.000002
518 0.000001
519 0.000001
520 0.000001
521 0.000001
522 0.000001
523 0.000001
524 0.000001
525 0.000001
526 0.000001
527 0.000003
528 0.000002
529 0.000002
530 0.000886
531 0.005046
532 0.000560
533 0.001973
534 0.000012
535 0.000001
536 0.000002
537 0.000041
538 0.000009
539 0.000002
540 0.000001
541 0.000001
542 0.000001
543 0.000001
544 0.000002
545 0.000002
546 0.000001
547 0.000001
548 0.000001
549 0.000001
550 0.000001
551 0.000001
552 0.000001
553 0.000001
554 0.000001
555 0.000002
556 0.000002
557 0.000004
558 0.001005
559 0.001828
560 0.003226
561 0.006334
562 0.000033
563 0.000001
564 0.000018
565 0.000139
566 0.000002
567 0.000001
568 0.000001
569 0.000001
570 0.000001
571 0.000001
572 0.000001
573 0.000001
574 0.000001
575 0.000001
576 0.000001
577 0.000002
578 0.000001
579 0.000001
580 0.000001
581 0.000001
582 0.000001
583 0.000001
584 0.000003
585 0.000360
586 0.000443
587 0.000905
588 0.008104
589 0.016895
590 0.000328
591 0.000029
592 0.000040
593 0.000004
594 0.000001
595 0.000001
596 0.000001
597 0.000001
598 0.000001
599 0.000001
600 0.000001
601 0.000001
602 0.000001
603 0.000001
604 0.000001
605 0.000002
606 0.000002
607 0.000001
608 0.000001
609 0.000001
610 0.000001
611 0.000003
612 0.000342
613 0.000360
614 0.000443
615 0.000464
616 0.021038
617 0.010043
618 0.010032
619 0.000418
620 0.000037
621 0.000001
622 0.000001
623 0.000001
624 0.000001
625 0.000001
626 0.000001
627 0.000001
628 0.000001
629 0.000001
630 0.000001
631 0.000001
632 0.000001
633 0.000001
634 0.000001
635 0.000001
636 0.000001
637 0.000001
638 0.000003
639 0.000342
640 0.000359
641 0.000443
642 0.000001
643 0.000001
644 0.010039
645 0.010030
646 0.005703
647 0.002284
648 0.000335
649 0.000002
650 0.000001
651 0.000001
652 0.000001
653 0.000001
654 0.000001
655 0.000002
656 0.000003
657 0.000005
658 0.000005
659 0.000003
660 0.000002
661 0.000002
662 0.000001
663 0.000001
664 0.000001
665 0.000005
666 0.000342
667 0.000422
668 0.000443
669 0.000001
670 0.000001
671 0.000002
672 0.000001
673 0.005838
674 0.002866
675 0.001209
676 0.000839
677 0.000681
678 0.000004
679 0.000003
680 0.000005
681 0.000022
682 0.000342
683 0.000325
684 0.000062
685 0.000013
686 0.000014
687 0.000065
688 0.000151
689 0.000219
690 0.000025
691 0.000012
692 0.000033
693 0.000326
694 0.000359
695 0.000443
696 0.000001
697 0.000001
698 0.000001
699 0.000001
700 0.000001
701 0.000001
702 0.001537
703 0.000921
704 0.000879
705 0.000839
706 0.000681
707 0.000648
708 0.000588
709 0.000473
710 0.000380
711 0.000342
712 0.000243
713 0.000053
714 0.000066
715 0.000177
716 0.000186
717 0.000195
718 0.000252
719 0.000265
720 0.000278
721 0.000342
722 0.000422
723 0.000001
724 0.000001
725 0.000001
726 0.000001
727 0.000001
728 0.000001
729 0.000001
730 0.000001
731 0.000001
732 0.000921
733 0.000879
734 0.000715
735 0.000681
736 0.000648
737 0.000524
738 0.000473
739 0.000450
740 0.000428
741 0.000264
742 0.000237
743 0.000220
744 0.000230
745 0.000240
746 0.000265
747 0.000326
748 0.000342
749 0.000422
750 0.000001
751 0.000001
752 0.000001
753 0.000001
754 0.000001
755 0.000001
756 0.000001
757 0.000001
758 0.000001
759 0.000001
760 0.000001
761 0.000921
762 0.000879
763 0.000715
764 0.000681
765 0.000648
766 0.000618
767 0.000588
768 0.000636
769 0.001327
770 0.001144
771 0.000385
772 0.000241
773 0.000297
774 0.000265
775 0.000292
776 0.000359
777 0.000001
778 0.000012
779 0.000008
780 0.000001
781 0.000001
782 0.000001
783 0.000001
