0 0.010090
1 0.010000
2 0.010109
3 0.009758
4 0.006767
5 0.004035
6 0.002640
7 0.002524
8 0.000488
9 0.000082
10 0.000061
11 0.000210
12 0.000841
13 0.001929
14 0.001174
15 0.000483
16 0.000155
17 0.000073
18 0.000153
19 0.000512
20 0.001753
21 0.002950
22 0.006679
23 0.007389
24 0.007051
25 0.006045
26 0.004254
27 0.003116
28 0.012922
29 0.010090
30 0.010000
31 0.010109
32 0.008853
33 0.006144
34 0.003599
35 0.001560
36 0.000185
37 0.000041
38 0.000055
39 0.000234
40 0.001025
41 0.001926
42 0.000672
43 0.000255
44 0.000144
45 0.000106
46 0.000098
47 0.000553
48 0.002643
49 0.006184
50 0.000172
51 0.000000
52 0.006045
53 0.004188
54 0.002552
55 0.001958
56 0.017680
57 0.012922
58 0.010259
59 0.010000
60 0.010109
61 0.008385
62 0.005505
63 0.000999
64 0.000086
65 0.000026
66 0.000090
67 0.000296
68 0.000909
69 0.000617
70 0.000315
71 0.000132
72 0.000142
73 0.000104
74 0.000122
75 0.000497
76 0.002120
77 0.000000
78 0.000000
79 0.000000
80 0.000000
81 0.002444
82 0.001824
83 0.001260
84 0.023103
85 0.019656
86 0.014366
87 0.010259
88 0.010000
89 0.011538
90 0.008731
91 0.000616
92 0.000051
93 0.000025
94 0.000121
95 0.000519
96 0.000545
97 0.000258
98 0.000137
99 0.000106
100 0.000133
101 0.000123
102 0.000093
103 0.000001
104 0.000000
105 0.000000
106 0.000000
107 0.000000
108 0.000000
109 0.001451
110 0.001148
111 0.001357
112 0.015249
113 0.022546
114 0.021597
115 0.014366
116 0.000000
117 0.000000
118 0.000000
119 0.000000
120 0.000000
121 0.000020
122 0.000216
123 0.000772
124 0.000227
125 0.000077
126 0.000048
127 0.000045
128 0.000058
129 0.000007
130 0.000000
131 0.000000
132 0.000000
133 0.000000
134 0.000000
135 0.000000
136 0.000034
137 0.000881
138 0.001046
139 0.001318
140 0.008582
141 0.014675
142 0.021734
143 0.022678
144 0.000000
145 0.000000
146 0.000000
147 0.000000
148 0.000000
149 0.000000
150 0.000000
151 0.000001
152 0.000001
153 0.000001
154 0.000010
155 0.000003
156 0.000001
157 0.000000
158 0.000000
159 0.000000
160 0.000000
161 0.000000
162 0.000000
163 0.000000
164 0.000867
165 0.000797
166 0.001013
167 0.001066
168 0.005343
169 0.008250
170 0.012716
171 0.020602
172 0.000000
173 0.000000
174 0.000001
175 0.000000
176 0.000000
177 0.000000
178 0.000000
179 0.000000
180 0.000000
181 0.000000
182 0.000000
183 0.000000
184 0.000000
185 0.000000
186 0.000000
187 0.000000
188 0.000000
189 0.000000
190 0.000000
191 0.000000
192 0.000691
193 0.000729
194 0.000770
195 0.001196
196 0.004000
197 0.004874
198 0.006920
199 0.012227
200 0.000268
201 0.000000
202 0.000000
203 0.000001
204 0.000019
205 0.000005
206 0.000001
207 0.000000
208 0.000000
209 0.000000
210 0.000000
211 0.000000
212 0.000000
213 0.000000
214 0.000000
215 0.000000
216 0.000000
217 0.000000
218 0.000000
219 0.000014
220 0.000691
221 0.000729
222 0.000969
223 0.001798
224 0.002780
225 0.003213
226 0.003890
227 0.005822
228 0.010195
229 0.000000
230 0.000000
231 0.000000
232 0.000081
233 0.999995
234 0.000017
235 0.000000
236 0.000000
237 0.000000
238 0.000000
239 0.000000
240 0.000000
241 0.000000
242 0.000000
243 0.000000
244 0.000000
245 0.000000
246 0.000000
247 0.000034
248 0.000069
249 0.000164
250 0.000485
251 0.001060
252 0.002340
253 0.002089
254 0.002548
255 0.003403
256 0.004281
257 0.000001
258 0.000000
259 0.000000
260 0.000002
261 0.000095
262 0.000004
263 0.000000
264 0.000000
265 0.000000
266 0.000000
267 0.000000
268 0.000000
269 0.000000
270 0.000000
271 0.000000
272 0.000000
273 0.000000
274 0.000000
275 0.000006
276 0.000019
277 0.000062
278 0.000170
279 0.000542
280 0.001938
281 0.001659
282 0.001717
283 0.001825
284 0.002567
285 0.000004
286 0.000000
287 0.000000
288 0.000000
289 0.000000
290 0.000001
291 0.000000
292 0.000001
293 0.000002
294 0.000003
295 0.000001
296 0.000000
297 0.000000
298 0.000000
299 0.000000
300 0.000000
301 0.000000
302 0.000000
303 0.000017
304 0.000037
305 0.000127
306 0.000262
307 0.000324
308 0.001970
309 0.001729
310 0.001399
311 0.001181
312 0.000129
313 0.000001
314 0.000000
315 0.000000
316 0.000000
317 0.000000
318 0.000000
319 0.000004
320 0.000026
321 0.000475
322 0.000302
323 0.000001
324 0.000000
325 0.000000
326 0.000000
327 0.000000
328 0.000000
329 0.000000
330 0.000003
331 0.000012
332 0.000166
333 0.000243
334 0.000330
335 0.000476
336 0.001909
337 0.001608
338 0.001187
339 0.000335
340 0.000003
341 0.000000
342 0.000000
343 0.000000
344 0.000000
345 0.000000
346 0.000000
347 0.000027
348 0.005708
349 0.999981
350 0.000028
351 0.000000
352 0.000000
353 0.000000
354 0.000000
355 0.000000
356 0.000000
357 0.000001
358 0.000007
359 0.000022
360 0.000257
361 0.000367
362 0.000398
363 0.000352
364 0.001759
365 0.000826
366 0.000294
367 0.000099
368 0.000000
369 0.000000
370 0.000000
371 0.000000
372 0.000000
373 0.000000
374 0.000000
375 0.000081
376 0.009540
377 0.000813
378 0.000003
379 0.000000
380 0.000000
381 0.000000
382 0.000000
383 0.000000
384 0.000000
385 0.000033
386 0.000060
387 0.000045
388 0.000123
389 0.000361
390 0.000331
391 0.000206
392 0.000388
393 0.000188
394 0.000075
395 0.000004
396 0.000000
397 0.000000
398 0.000000
399 0.000000
400 0.000000
401 0.000000
402 0.000000
403 0.000006
404 0.000025
405 0.000006
406 0.000001
407 0.000000
408 0.000000
409 0.000001
410 0.000001
411 0.000000
412 0.000001
413 0.001575
414 0.001517
415 0.000119
416 0.000054
417 0.000215
418 0.000106
419 0.000064
420 0.000122
421 0.000052
422 0.000040
423 0.000001
424 0.000000
425 0.000000
426 0.000000
427 0.000000
428 0.000000
429 0.000000
430 0.000000
431 0.000000
432 0.000000
433 0.000000
434 0.000000
435 0.000001
436 0.000016
437 0.000045
438 0.000001
439 0.000000
440 0.000002
441 0.002826
442 0.999960
443 0.000119
444 0.000040
445 0.000161
446 0.000057
447 0.000024
448 0.000100
449 0.000053
450 0.000036
451 0.000000
452 0.000000
453 0.000000
454 0.000000
455 0.000000
456 0.000000
457 0.000000
458 0.000000
459 0.000000
460 0.000000
461 0.000000
462 0.000000
463 0.000012
464 0.001591
465 0.001036
466 0.000003
467 0.000000
468 0.000002
469 0.000067
470 0.000531
471 0.000093
472 0.000028
473 0.000035
474 0.000071
475 0.000078
476 0.000279
477 0.000155
478 0.000020
479 0.000000
480 0.000000
481 0.000000
482 0.000000
483 0.000000
484 0.000000
485 0.000000
486 0.000000
487 0.000000
488 0.000000
489 0.000000
490 0.000000
491 0.000012
492 0.999990
493 0.000877
494 0.000004
495 0.000000
496 0.000000
497 0.000001
498 0.000010
499 0.000080
500 0.000022
501 0.000064
502 0.000692
503 0.000884
504 0.001036
505 0.000610
506 0.000026
507 0.000000
508 0.000000
509 0.000000
510 0.000000
511 0.000000
512 0.000000
513 0.000000
514 0.000000
515 0.000000
516 0.000000
517 0.000000
518 0.000000
519 0.000002
520 0.000011
521 0.000006
522 0.000001
523 0.000001
524 0.000000
525 0.000000
526 0.000002
527 0.000124
528 0.000107
529 0.000343
530 0.004124
531 0.009997
532 0.001166
533 0.003576
534 0.000051
535 0.000001
536 0.000001
537 0.000000
538 0.000001
539 0.000001
540 0.000000
541 0.000000
542 0.000000
543 0.000000
544 0.000000
545 0.000000
546 0.000000
547 0.000000
548 0.000000
549 0.000000
550 0.000000
551 0.000001
552 0.000003
553 0.000001
554 0.000003
555 0.000167
556 0.006958
557 0.001905
558 0.010000
559 0.010000
560 0.006530
561 0.011396
562 0.000114
563 0.000002
564 0.000001
565 0.000002
566 0.000002
567 0.000000
568 0.000000
569 0.000000
570 0.000000
571 0.000000
572 0.000000
573 0.000000
574 0.000000
575 0.000000
576 0.000000
577 0.000000
578 0.000000
579 0.000002
580 0.000112
581 0.000089
582 0.000032
583 0.000280
584 0.014044
585 0.010000
586 0.010000
587 0.010000
588 0.013069
589 0.022782
590 0.000901
591 0.000005
592 0.000003
593 0.000002
594 0.000001
595 0.000000
596 0.000000
597 0.000000
598 0.000000
599 0.000000
600 0.000000
601 0.000000
602 0.000000
603 0.000000
604 0.000000
605 0.000000
606 0.000000
607 0.000004
608 0.000037
609 0.000383
610 0.000256
611 0.000333
612 0.010000
613 0.010000
614 0.010000
615 0.010000
616 0.021212
617 0.012442
618 0.010011
619 0.000959
620 0.000012
621 0.000001
622 0.000000
623 0.000000
624 0.000000
625 0.000000
626 0.000000
627 0.000000
628 0.000000
629 0.000000
630 0.000000
631 0.000000
632 0.000000
633 0.000000
634 0.000000
635 0.000001
636 0.000008
637 0.000060
638 0.000453
639 0.010000
640 0.010000
641 0.010000
642 0.000000
643 0.000002
644 0.012224
645 0.010010
646 0.010009
647 0.010007
648 0.002795
649 0.000007
650 0.000000
651 0.000000
652 0.000000
653 0.000000
654 0.000000
655 0.000000
656 0.000007
657 0.000167
658 0.000085
659 0.000003
660 0.000000
661 0.000000
662 0.000001
663 0.000002
664 0.000014
665 0.000649
666 0.010002
667 0.010001
668 0.010000
669 0.000000
670 0.000001
671 0.000002
672 0.000000
673 0.010008
674 0.010007
675 0.007495
676 0.004189
677 0.002026
678 0.000011
679 0.000006
680 0.000013
681 0.000063
682 0.000339
683 0.000173
684 0.000167
685 0.000221
686 0.000066
687 0.000017
688 0.000007
689 0.000048
690 0.000110
691 0.000142
692 0.000633
693 0.005207
694 0.010001
695 0.010002
696 0.000000
697 0.000000
698 0.000000
699 0.000001
700 0.000000
701 0.000000
702 0.008707
703 0.004975
704 0.002467
705 0.001395
706 0.001172
707 0.001124
708 0.001036
709 0.001001
710 0.001296
711 0.000675
712 0.000274
713 0.000137
714 0.000052
715 0.000014
716 0.000020
717 0.000080
718 0.000481
719 0.000521
720 0.001194
721 0.002741
722 0.006271
723 0.000000
724 0.000000
725 0.000000
726 0.000000
727 0.000000
728 0.000000
729 0.000000
730 0.000000
731 0.000000
732 0.001508
733 0.001450
734 0.001221
735 0.001172
736 0.001125
737 0.001917
738 0.004516
739 0.002062
740 0.000490
741 0.000109
742 0.000035
743 0.000016
744 0.000043
745 0.000180
746 0.000505
747 0.000618
748 0.000777
749 0.001749
750 0.000000
751 0.000000
752 0.000000
753 0.000000
754 0.000000
755 0.000000
756 0.000000
757 0.000000
758 0.000000
759 0.000000
760 0.000000
761 0.001508
762 0.001450
763 0.001221
764 0.001549
765 0.003516
766 0.008608
767 0.003848
768 0.000744
769 0.000087
770 0.000025
771 0.000023
772 0.000080
773 0.000397
774 0.000505
775 0.000555
776 0.000678
777 0.000000
778 0.000211
779 0.000268
780 0.000005
781 0.000000
782 0.000000
783 0.000000
