0 0.010046
1 0.010049
2 0.010056
3 0.010055
4 0.010063
5 0.010073
6 0.010080
7 0.010085
8 0.000073
9 0.000003
10 0.000002
11 0.000002
12 0.000002
13 0.000003
14 0.000004
15 0.000005
16 0.000004
17 0.000005
18 0.000007
19 0.000008
20 0.000012
21 0.000013
22 0.000021
23 0.000023
24 0.000018
25 0.000020
26 0.000032
27 0.000035
28 0.010051
29 0.010049
30 0.010057
31 0.010060
32 0.010064
33 0.010070
34 0.010081
35 0.002051
36 0.000013
37 0.000001
38 0.000001
39 0.000001
40 0.000002
41 0.000003
42 0.000003
43 0.000004
44 0.000004
45 0.000006
46 0.000007
47 0.000010
48 0.000008
49 0.000012
50 0.000028
51 0.000041
52 0.000016
53 0.000026
54 0.000020
55 0.000032
56 0.010049
57 0.010055
58 0.010057
59 0.010060
60 0.010066
61 0.010076
62 0.010081
63 0.000176
64 0.000004
65 0.000001
66 0.000001
67 0.000001
68 0.000001
69 0.000002
70 0.000002
71 0.000003
72 0.000004
73 0.000004
74 0.000006
75 0.000007
76 0.000017
77 0.000019
78 0.000023
79 0.000026
80 0.000041
81 0.000016
82 0.000026
83 0.000020
84 0.010051
85 0.010057
86 0.010063
87 0.010068
88 0.010072
89 0.010076
90 0.010083
91 0.000025
92 0.000001
93 0.000001
94 0.000001
95 0.000001
96 0.000001
97 0.000002
98 0.000002
99 0.000002
100 0.000003
101 0.000004
102 0.000009
103 0.000010
104 0.000016
105 0.000017
106 0.000021
107 0.000033
108 0.000033
109 0.000015
110 0.000017
111 0.000069
112 0.010059
113 0.010060
114 0.010068
115 0.010070
116 0.013757
117 0.013075
118 0.002150
119 0.000006
120 0.000000
121 0.000000
122 0.000001
123 0.000001
124 0.000001
125 0.000001
126 0.000002
127 0.000003
128 0.000005
129 0.000006
130 0.000008
131 0.000010
132 0.000016
133 0.000013
134 0.000017
135 0.000026
136 0.000025
137 0.000012
138 0.000057
139 0.000494
140 0.010061
141 0.010068
142 0.010071
143 0.010072
144 0.013826
145 0.013739
146 0.000158
147 0.000002
148 0.000000
149 0.000000
150 0.000001
151 0.000001
152 0.000001
153 0.000002
154 0.000002
155 0.000004
156 0.000003
157 0.000005
158 0.000005
159 0.000009
160 0.000010
161 0.000010
162 0.000017
163 0.000015
164 0.000013
165 0.000050
166 0.000453
167 0.002621
168 0.010069
169 0.010073
170 0.010074
171 0.010078
172 0.011687
173 0.013858
174 0.000021
175 0.000001
176 0.000000
177 0.000000
178 0.000001
179 0.000001
180 0.000001
181 0.000002
182 0.000002
183 0.000004
184 0.000003
185 0.000004
186 0.000005
187 0.000006
188 0.000009
189 0.000010
190 0.000013
191 0.000027
192 0.000065
193 0.000376
194 0.004409
195 0.006595
196 0.010073
197 0.010075
198 0.010083
199 0.010087
200 0.010784
201 0.012894
202 0.000003
203 0.000000
204 0.000000
205 0.000000
206 0.000001
207 0.000001
208 0.000001
209 0.000001
210 0.000002
211 0.000003
212 0.000003
213 0.000003
214 0.000004
215 0.000005
216 0.000006
217 0.000008
218 0.000024
219 0.000102
220 0.000456
221 0.006635
222 0.003033
223 0.000360
224 0.010075
225 0.010083
226 0.010087
227 0.010089
228 0.010100
229 0.000088
230 0.000001
231 0.000000
232 0.000000
233 0.000000
234 0.000000
235 0.000001
236 0.000001
237 0.000001
238 0.000001
239 0.000002
240 0.000003
241 0.000003
242 0.000003
243 0.000005
244 0.000005
245 0.000020
246 0.000254
247 0.001020
248 0.999932
249 0.000550
250 0.000118
251 0.000030
252 0.010078
253 0.010088
254 0.010090
255 0.010890
256 0.012720
257 0.000007
258 0.000000
259 0.000000
260 0.000000
261 0.000000
262 0.000000
263 0.000001
264 0.000001
265 0.000001
266 0.000001
267 0.000001
268 0.000002
269 0.000002
270 0.000003
271 0.000004
272 0.000016
273 0.000185
274 0.001815
275 0.002388
276 0.000331
277 0.000037
278 0.000012
279 0.000007
280 0.010088
281 0.011484
282 0.012449
283 0.013953
284 0.015018
285 0.000001
286 0.000000
287 0.000000
288 0.000000
289 0.000000
290 0.000000
291 0.000000
292 0.000000
293 0.000001
294 0.000001
295 0.000001
296 0.000001
297 0.000002
298 0.000003
299 0.000017
300 0.000095
301 0.001679
302 0.001454
303 0.000062
304 0.000019
305 0.000005
306 0.000004
307 0.000006
308 0.012495
309 0.013571
310 0.014635
311 0.015588
312 0.000062
313 0.000000
314 0.000000
315 0.000000
316 0.000000
317 0.000000
318 0.000000
319 0.000000
320 0.000000
321 0.000001
322 0.000001
323 0.000001
324 0.000001
325 0.000002
326 0.000012
327 0.000088
328 0.000725
329 0.000262
330 0.000017
331 0.000007
332 0.000002
333 0.000003
334 0.000004
335 0.000006
336 0.014253
337 0.014963
338 0.015285
339 0.015640
340 0.000002
341 0.000000
342 0.000000
343 0.000000
344 0.000000
345 0.000000
346 0.000000
347 0.000000
348 0.000000
349 0.000000
350 0.000000
351 0.000001
352 0.000001
353 0.000007
354 0.000055
355 0.000178
356 0.000062
357 0.000012
358 0.000002
359 0.000002
360 0.000002
361 0.000002
362 0.000003
363 0.000004
364 0.014549
365 0.014688
366 0.015025
367 0.015196
368 0.000000
369 0.000000
370 0.000000
371 0.000000
372 0.000000
373 0.000000
374 0.000000
375 0.000000
376 0.000000
377 0.000000
378 0.000000
379 0.000001
380 0.000004
381 0.000021
382 0.000038
383 0.000011
384 0.000005
385 0.000002
386 0.000001
387 0.000002
388 0.000002
389 0.000002
390 0.000002
391 0.000004
392 0.014289
393 0.014627
394 0.014972
395 0.000038
396 0.000000
397 0.000000
398 0.000000
399 0.000000
400 0.000000
401 0.000000
402 0.000000
403 0.000000
404 0.000000
405 0.000000
406 0.000001
407 0.000002
408 0.000007
409 0.000009
410 0.000003
411 0.000002
412 0.000001
413 0.000001
414 0.000001
415 0.000001
416 0.000002
417 0.000002
418 0.000002
419 0.000002
420 0.014267
421 0.014379
422 0.014725
423 0.000001
424 0.000000
425 0.000000
426 0.000000
427 0.000000
428 0.000000
429 0.000000
430 0.000000
431 0.000000
432 0.000000
433 0.000000
434 0.000001
435 0.000002
436 0.000003
437 0.000001
438 0.000001
439 0.000001
440 0.000001
441 0.000001
442 0.000001
443 0.000001
444 0.000001
445 0.000001
446 0.000002
447 0.000002
448 0.014265
449 0.014314
450 0.014670
451 0.000000
452 0.000000
453 0.000000
454 0.000000
455 0.000000
456 0.000000
457 0.000000
458 0.000000
459 0.000000
460 0.000000
461 0.000001
462 0.000001
463 0.000001
464 0.000000
465 0.000000
466 0.000000
467 0.000001
468 0.000001
469 0.000001
470 0.000001
471 0.000001
472 0.000001
473 0.000001
474 0.000001
475 0.000004
476 0.014127
477 0.014313
478 0.000198
479 0.000000
480 0.000000
481 0.000000
482 0.000000
483 0.000000
484 0.000000
485 0.000000
486 0.000000
487 0.000000
488 0.000000
489 0.000000
490 0.000000
491 0.000000
492 0.000000
493 0.000000
494 0.000000
495 0.000000
496 0.000000
497 0.000001
498 0.000001
499 0.000001
500 0.000001
501 0.000004
502 0.000012
503 0.000059
504 0.013566
505 0.014148
506 0.000003
507 0.000000
508 0.000000
509 0.000000
510 0.000000
511 0.000000
512 0.000000
513 0.000000
514 0.000000
515 0.000000
516 0.000000
517 0.000000
518 0.000000
519 0.000000
520 0.000000
521 0.000000
522 0.000000
523 0.000000
524 0.000000
525 0.000000
526 0.000001
527 0.000004
528 0.000018
529 0.000082
530 0.000602
531 0.010482
532 0.013665
533 0.013802
534 0.000000
535 0.000000
536 0.000000
537 0.000000
538 0.000000
539 0.000000
540 0.000000
541 0.000000
542 0.000000
543 0.000000
544 0.000000
545 0.000000
546 0.000000
547 0.000000
548 0.000000
549 0.000000
550 0.000000
551 0.000001
552 0.000001
553 0.000007
554 0.000033
555 0.000253
556 0.003180
557 0.010896
558 0.010461
559 0.010463
560 0.013438
561 0.013500
562 0.000000
563 0.000000
564 0.000000
565 0.000000
566 0.000000
567 0.000000
568 0.000000
569 0.000000
570 0.000000
571 0.000000
572 0.000000
573 0.000000
574 0.000000
575 0.000000
576 0.000000
577 0.000001
578 0.000002
579 0.000009
580 0.000092
581 0.002571
582 0.013488
583 0.013157
584 0.012976
585 0.010430
586 0.010438
587 0.010420
588 0.013194
589 0.013439
590 0.000007
591 0.000000
592 0.000000
593 0.000000
594 0.000000
595 0.000000
596 0.000000
597 0.000000
598 0.000000
599 0.000000
600 0.000000
601 0.000000
602 0.000000
603 0.000000
604 0.000002
605 0.000039
606 0.001074
607 0.010997
608 0.010958
609 0.011493
610 0.012536
611 0.013373
612 0.010407
613 0.010415
614 0.010400
615 0.010404
616 0.013080
617 0.013191
618 0.013435
619 0.000016
620 0.000000
621 0.000000
622 0.000000
623 0.000000
624 0.000000
625 0.000000
626 0.000000
627 0.000000
628 0.000000
629 0.000000
630 0.000003
631 0.000271
632 0.017463
633 0.016862
634 0.014039
635 0.010933
636 0.010867
637 0.010752
638 0.011103
639 0.010384
640 0.010386
641 0.010371
642 0.013655
643 0.013951
644 0.013020
645 0.013074
646 0.013128
647 0.013370
648 0.000428
649 0.000000
650 0.000000
651 0.000000
652 0.000000
653 0.000000
654 0.000000
655 0.000001
656 0.000034
657 0.015635
658 0.015670
659 0.016340
660 0.016735
661 0.015116
662 0.012734
663 0.010823
664 0.010758
665 0.010551
666 0.010381
667 0.010353
668 0.010350
669 0.013595
670 0.013603
671 0.013972
672 0.000000
673 0.013013
674 0.013070
675 0.013309
676 0.013189
677 0.013430
678 0.000001
679 0.000001
680 0.000001
681 0.000022
682 0.014387
683 0.014764
684 0.015218
685 0.015226
686 0.015464
687 0.015454
688 0.015733
689 0.013857
690 0.010543
691 0.010548
692 0.010501
693 0.010399
694 0.010379
695 0.010348
696 0.013579
697 0.013584
698 0.013538
699 0.013741
700 0.000000
701 0.000000
702 0.013013
703 0.013074
704 0.013127
705 0.013177
706 0.013401
707 0.013426
708 0.013516
709 0.013724
710 0.014078
711 0.014504
712 0.014784
713 0.014903
714 0.015016
715 0.015067
716 0.014773
717 0.012970
718 0.010440
719 0.010434
720 0.010426
721 0.010396
722 0.010365
723 0.013597
724 0.013052
725 0.013696
726 0.013541
727 0.013567
728 0.000000
729 0.000000
730 0.000000
731 0.000000
732 0.013066
733 0.013102
734 0.013318
735 0.013350
736 0.013374
737 0.013578
738 0.013655
739 0.014037
740 0.014340
741 0.014719
742 0.014931
743 0.014935
744 0.013987
745 0.012043
746 0.010434
747 0.010406
748 0.010400
749 0.010372
750 0.012239
751 0.011434
752 0.011467
753 0.012577
754 0.013634
755 0.013534
756 0.000000
757 0.000000
758 0.000000
759 0.000000
760 0.000000
761 0.013031
762 0.013060
763 0.013269
764 0.013295
765 0.013316
766 0.013335
767 0.013583
768 0.014154
769 0.014353
770 0.014605
771 0.014625
772 0.013214
773 0.011078
774 0.010435
775 0.010421
776 0.010394
777 0.011118
778 0.010689
779 0.010699
780 0.010928
781 0.011226
782 0.012310
783 0.013547
