0 0.002808
1 0.002458
2 0.002069
3 0.002235
4 0.001867
5 0.001551
6 0.001391
7 0.001318
8 0.000032
9 0.000001
10 0.000001
11 0.000001
12 0.000001
13 0.000004
14 0.000007
15 0.000010
16 0.000003
17 0.000001
18 0.000003
19 0.000015
20 0.000051
21 0.000057
22 0.000090
23 0.000099
24 0.000078
25 0.000087
26 0.000135
27 0.000150
28 0.003900
29 0.002677
30 0.001966
31 0.001867
32 0.001775
33 0.001604
34 0.001318
35 0.000426
36 0.000005
37 0.000001
38 0.000001
39 0.000001
40 0.000001
41 0.000002
42 0.000005
43 0.000006
44 0.000003
45 0.000002
46 0.000001
47 0.000009
48 0.000032
49 0.000051
50 0.000000
51 0.000000
52 0.000070
53 0.000110
54 0.000088
55 0.000135
56 0.006203
57 0.004154
58 0.002748
59 0.001775
60 0.001604
61 0.001318
62 0.001249
63 0.000061
64 0.000001
65 0.000000
66 0.000001
67 0.000000
68 0.000000
69 0.000001
70 0.000002
71 0.000005
72 0.000005
73 0.000001
74 0.000001
75 0.000003
76 0.000000
77 0.000000
78 0.000000
79 0.000000
80 0.000000
81 0.000071
82 0.000116
83 0.000277
84 0.010379
85 0.006752
86 0.004420
87 0.002522
88 0.001373
89 0.001249
90 0.001123
91 0.000009
92 0.000001
93 0.000000
94 0.000000
95 0.000000
96 0.000000
97 0.000001
98 0.000001
99 0.000003
100 0.000005
101 0.000001
102 0.000000
103 0.000000
104 0.000000
105 0.000000
106 0.000000
107 0.000000
108 0.000010
109 0.000089
110 0.000248
111 0.000949
112 0.016498
113 0.012544
114 0.007810
115 0.005179
116 0.000000
117 0.000000
118 0.000000
119 0.000000
120 0.000000
121 0.000000
122 0.000000
123 0.000000
124 0.000000
125 0.000000
126 0.000001
127 0.000000
128 0.000000
129 0.000000
130 0.000000
131 0.000000
132 0.000000
133 0.000000
134 0.000000
135 0.000001
136 0.000072
137 0.000205
138 0.000855
139 0.004059
140 0.021331
141 0.017603
142 0.015929
143 0.010926
144 0.000000
145 0.000000
146 0.000000
147 0.000000
148 0.000000
149 0.000000
150 0.000000
151 0.000000
152 0.000000
153 0.000000
154 0.000000
155 0.000000
156 0.000000
157 0.000000
158 0.000000
159 0.000000
160 0.000000
161 0.000000
162 0.000001
163 0.000077
164 0.000229
165 0.000720
166 0.003796
167 0.005343
168 0.014922
169 0.020689
170 0.018935
171 0.016491
172 0.000000
173 0.000000
174 0.000000
175 0.000000
176 0.000000
177 0.000000
178 0.000000
179 0.000000
180 0.000000
181 0.000000
182 0.000000
183 0.000000
184 0.000000
185 0.000000
186 0.000000
187 0.000000
188 0.000000
189 0.000001
190 0.000010
191 0.000209
192 0.000941
193 0.003319
194 0.005620
195 0.005911
196 0.006672
197 0.012969
198 0.019962
199 0.019651
200 0.000020
201 0.000000
202 0.000000
203 0.000000
204 0.000000
205 0.000000
206 0.000000
207 0.000000
208 0.000000
209 0.000000
210 0.000000
211 0.000000
212 0.000000
213 0.000000
214 0.000000
215 0.000000
216 0.000000
217 0.000001
218 0.000035
219 0.000256
220 0.004833
221 0.006283
222 0.005083
223 0.003440
224 0.002629
225 0.004384
226 0.009377
227 0.018571
228 0.019532
229 0.000000
230 0.000000
231 0.000000
232 0.000000
233 0.000000
234 0.000000
235 0.000000
236 0.000000
237 0.000000
238 0.000000
239 0.000000
240 0.000000
241 0.000000
242 0.000000
243 0.000000
244 0.000001
245 0.000001
246 0.000001
247 0.000041
248 0.000115
249 0.000171
250 0.000246
251 0.001054
252 0.001340
253 0.001768
254 0.002689
255 0.004642
256 0.003521
257 0.000000
258 0.000000
259 0.000000
260 0.000000
261 0.000000
262 0.000000
263 0.000000
264 0.000000
265 0.000000
266 0.000000
267 0.000000
268 0.000000
269 0.000000
270 0.000001
271 0.000001
272 0.000001
273 0.000001
274 0.000001
275 0.000005
276 0.000006
277 0.000024
278 0.000024
279 0.000014
280 0.000909
281 0.000348
282 0.000303
283 0.000182
284 0.000224
285 0.000000
286 0.000000
287 0.000000
288 0.000000
289 0.000000
290 0.000000
291 0.000000
292 0.000000
293 0.000000
294 0.000000
295 0.000000
296 0.000000
297 0.000001
298 0.000001
299 0.000028
300 0.000012
301 0.000002
302 0.000001
303 0.000011
304 0.000013
305 0.000004
306 0.000002
307 0.000001
308 0.000240
309 0.000110
310 0.000042
311 0.000029
312 0.000001
313 0.000000
314 0.000000
315 0.000000
316 0.000000
317 0.000000
318 0.000000
319 0.000000
320 0.000000
321 0.000000
322 0.000000
323 0.000000
324 0.000000
325 0.000000
326 0.000003
327 0.001777
328 0.999984
329 0.000022
330 0.000005
331 0.000015
332 0.000013
333 0.000003
334 0.000001
335 0.000000
336 0.000076
337 0.000052
338 0.000036
339 0.000019
340 0.000000
341 0.000000
342 0.000000
343 0.000000
344 0.000000
345 0.000000
346 0.000000
347 0.000000
348 0.000000
349 0.000000
350 0.000000
351 0.000000
352 0.000000
353 0.000001
354 0.000003
355 0.000872
356 0.008945
357 0.000087
358 0.000003
359 0.000003
360 0.000020
361 0.000002
362 0.000001
363 0.000001
364 0.000072
365 0.000060
366 0.000035
367 0.000019
368 0.000000
369 0.000000
370 0.000000
371 0.000000
372 0.000000
373 0.000000
374 0.000000
375 0.000000
376 0.000000
377 0.000000
378 0.000000
379 0.000000
380 0.000000
381 0.000001
382 0.000001
383 0.000013
384 0.000059
385 0.000004
386 0.000001
387 0.000000
388 0.000002
389 0.000006
390 0.000004
391 0.000003
392 0.000049
393 0.000032
394 0.000018
395 0.000000
396 0.000000
397 0.000000
398 0.000000
399 0.000000
400 0.000000
401 0.000000
402 0.000000
403 0.000000
404 0.000001
405 0.000001
406 0.000001
407 0.000001
408 0.000001
409 0.000001
410 0.000001
411 0.000001
412 0.000001
413 0.000001
414 0.000000
415 0.000000
416 0.000000
417 0.000002
418 0.000007
419 0.000007
420 0.000035
421 0.000020
422 0.000014
423 0.000000
424 0.000000
425 0.000000
426 0.000000
427 0.000000
428 0.000000
429 0.000000
430 0.000000
431 0.000000
432 0.000000
433 0.000002
434 0.000017
435 0.000011
436 0.000001
437 0.000001
438 0.000001
439 0.000000
440 0.000000
441 0.000001
442 0.000000
443 0.000000
444 0.000000
445 0.000001
446 0.000001
447 0.000003
448 0.000049
449 0.000021
450 0.000014
451 0.000000
452 0.000000
453 0.000000
454 0.000000
455 0.000000
456 0.000000
457 0.000000
458 0.000000
459 0.000000
460 0.000000
461 0.000003
462 0.999987
463 0.001877
464 0.000002
465 0.000001
466 0.000000
467 0.000000
468 0.000000
469 0.000000
470 0.000000
471 0.000000
472 0.000000
473 0.000000
474 0.000000
475 0.000001
476 0.000197
477 0.000089
478 0.000002
479 0.000000
480 0.000000
481 0.000000
482 0.000000
483 0.000000
484 0.000000
485 0.000000
486 0.000000
487 0.000000
488 0.000001
489 0.000001
490 0.000003
491 0.000012
492 0.000003
493 0.000001
494 0.000001
495 0.000000
496 0.000000
497 0.000000
498 0.000000
499 0.000000
500 0.000000
501 0.000000
502 0.000001
503 0.000003
504 0.001136
505 0.000581
506 0.000000
507 0.000000
508 0.000000
509 0.000000
510 0.000000
511 0.000000
512 0.000000
513 0.000000
514 0.000000
515 0.000001
516 0.000001
517 0.000001
518 0.000000
519 0.000001
520 0.000001
521 0.000002
522 0.000001
523 0.000000
524 0.000000
525 0.000000
526 0.000000
527 0.000000
528 0.000000
529 0.000000
530 0.000010
531 0.000092
532 0.001078
533 0.000991
534 0.000000
535 0.000000
536 0.000000
537 0.000000
538 0.000000
539 0.000000
540 0.000000
541 0.000000
542 0.000000
543 0.000001
544 0.000000
545 0.000000
546 0.000000
547 0.000000
548 0.000001
549 0.000001
550 0.000001
551 0.000001
552 0.000000
553 0.000000
554 0.000000
555 0.000000
556 0.000001
557 0.000001
558 0.000092
559 0.000098
560 0.001280
561 0.001230
562 0.000000
563 0.000000
564 0.000000
565 0.000000
566 0.000000
567 0.000000
568 0.000000
569 0.000000
570 0.000000
571 0.000000
572 0.000000
573 0.000000
574 0.000000
575 0.000000
576 0.000000
577 0.000000
578 0.000001
579 0.000001
580 0.000001
581 0.000000
582 0.000000
583 0.000001
584 0.000001
585 0.000092
586 0.000098
587 0.000133
588 0.001515
589 0.001280
590 0.000003
591 0.000000
592 0.000000
593 0.000000
594 0.000000
595 0.000000
596 0.000001
597 0.000000
598 0.000000
599 0.000000
600 0.000000
601 0.000000
602 0.000000
603 0.000000
604 0.000000
605 0.000000
606 0.000000
607 0.000002
608 0.000003
609 0.000002
610 0.000001
611 0.000001
612 0.000085
613 0.000092
614 0.000124
615 0.000133
616 0.001633
617 0.001515
618 0.001280
619 0.000007
620 0.000000
621 0.000000
622 0.000000
623 0.000000
624 0.000000
625 0.000000
626 0.000000
627 0.000000
628 0.000000
629 0.000000
630 0.000000
631 0.000000
632 0.000000
633 0.000000
634 0.000000
635 0.000001
636 0.000003
637 0.000008
638 0.000021
639 0.000552
640 0.000122
641 0.000124
642 0.000000
643 0.000000
644 0.001696
645 0.001633
646 0.001573
647 0.001332
648 0.000135
649 0.000000
650 0.000000
651 0.000000
652 0.000000
653 0.000000
654 0.000000
655 0.000000
656 0.000000
657 0.000010
658 0.000014
659 0.000002
660 0.000001
661 0.000001
662 0.000001
663 0.000002
664 0.000006
665 0.000353
666 0.006709
667 0.002206
668 0.000812
669 0.000000
670 0.000000
671 0.000000
672 0.000000
673 0.001696
674 0.001633
675 0.001387
676 0.001515
677 0.001288
678 0.000001
679 0.000000
680 0.000002
681 0.000048
682 0.000500
683 0.000024
684 0.000005
685 0.000020
686 0.000020
687 0.000022
688 0.000025
689 0.000073
690 0.000047
691 0.000121
692 0.001540
693 0.010019
694 0.017564
695 0.007146
696 0.000000
697 0.000000
698 0.000000
699 0.000000
700 0.000000
701 0.000000
702 0.001696
703 0.001633
704 0.001583
705 0.002568
706 0.004312
707 0.010003
708 0.010006
709 0.008565
710 0.001215
711 0.000086
712 0.000019
713 0.000015
714 0.000028
715 0.000032
716 0.000034
717 0.000037
718 0.000148
719 0.000606
720 0.002759
721 0.010013
722 0.010019
723 0.000000
724 0.000000
725 0.000000
726 0.000000
727 0.000000
728 0.000000
729 0.000000
730 0.000000
731 0.000000
732 0.002391
733 0.004461
734 0.007553
735 0.010004
736 0.010005
737 0.004791
738 0.003997
739 0.000263
740 0.000058
741 0.000022
742 0.000030
743 0.000034
744 0.000047
745 0.000050
746 0.000058
747 0.000280
748 0.001161
749 0.005300
750 0.000000
751 0.000000
752 0.000000
753 0.000000
754 0.000000
755 0.000000
756 0.000000
757 0.000000
758 0.000000
759 0.000000
760 0.000000
761 0.006730
762 0.010003
763 0.010006
764 0.007514
765 0.003737
766 0.003854
767 0.001338
768 0.000134
769 0.000030
770 0.000032
771 0.000037
772 0.000050
773 0.000069
774 0.000058
775 0.000108
776 0.000405
777 0.000000
778 0.000289
779 0.000234
780 0.000001
781 0.000000
782 0.000000
783 0.000000
