0 0.004551
1 0.002588
2 0.001385
3 0.001526
4 0.001216
5 0.000962
6 0.000839
7 0.000784
8 0.000164
9 0.000081
10 0.000164
11 0.000407
12 0.000315
13 0.000155
14 0.000040
15 0.000016
16 0.000010
17 0.000007
18 0.000044
19 0.000347
20 0.001097
21 0.001156
22 0.001560
23 0.002969
24 0.003662
25 0.005009
26 0.005085
27 0.005084
28 0.006886
29 0.004535
30 0.002462
31 0.001250
32 0.001141
33 0.001004
34 0.000784
35 0.000480
36 0.000056
37 0.000059
38 0.000176
39 0.000313
40 0.000220
41 0.000071
42 0.000022
43 0.000009
44 0.000006
45 0.000007
46 0.000013
47 0.000147
48 0.000911
49 0.001273
50 0.000025
51 0.000000
52 0.005556
53 0.005085
54 0.004811
55 0.005082
56 0.008217
57 0.007194
58 0.004563
59 0.002447
60 0.001117
61 0.000784
62 0.000733
63 0.000197
64 0.000036
65 0.000060
66 0.000356
67 0.000223
68 0.000099
69 0.000021
70 0.000009
71 0.000005
72 0.000005
73 0.000005
74 0.000005
75 0.000042
76 0.000017
77 0.000001
78 0.000000
79 0.000000
80 0.000000
81 0.004812
82 0.005083
83 0.004807
84 0.008513
85 0.008072
86 0.007585
87 0.004057
88 0.002098
89 0.000905
90 0.000641
91 0.000070
92 0.000030
93 0.000081
94 0.000282
95 0.000196
96 0.000040
97 0.000012
98 0.000005
99 0.000004
100 0.000004
101 0.000002
102 0.000000
103 0.000001
104 0.000000
105 0.000001
106 0.000000
107 0.000000
108 0.000001
109 0.004810
110 0.004807
111 0.003739
112 0.009142
113 0.008513
114 0.007930
115 0.008483
116 0.000000
117 0.000000
118 0.000000
119 0.000000
120 0.000001
121 0.000080
122 0.000211
123 0.000120
124 0.000015
125 0.000005
126 0.000004
127 0.000001
128 0.000000
129 0.000000
130 0.000000
131 0.000000
132 0.000000
133 0.000000
134 0.000001
135 0.000001
136 0.000482
137 0.004060
138 0.003105
139 0.002594
140 0.009823
141 0.009142
142 0.008513
143 0.008071
144 0.000002
145 0.000000
146 0.000000
147 0.000000
148 0.000000
149 0.000000
150 0.000000
151 0.000000
152 0.000000
153 0.000000
154 0.000000
155 0.000000
156 0.000001
157 0.000000
158 0.000000
159 0.000000
160 0.000000
161 0.000000
162 0.000001
163 0.000003
164 0.004239
165 0.002545
166 0.002091
167 0.001575
168 0.010001
169 0.009823
170 0.009307
171 0.008666
172 0.005987
173 0.000009
174 0.000000
175 0.000000
176 0.000000
177 0.000000
178 0.000000
179 0.000000
180 0.000000
181 0.000000
182 0.000000
183 0.000000
184 0.000000
185 0.000000
186 0.000000
187 0.000001
188 0.000001
189 0.000001
190 0.000001
191 0.000135
192 0.002254
193 0.001610
194 0.001057
195 0.001298
196 0.005385
197 0.010001
198 0.010001
199 0.009307
200 0.008674
201 0.000081
202 0.000002
203 0.000001
204 0.000000
205 0.000000
206 0.000000
207 0.000000
208 0.000000
209 0.000000
210 0.000000
211 0.000000
212 0.000000
213 0.000000
214 0.000000
215 0.000000
216 0.000000
217 0.000000
218 0.000002
219 0.000121
220 0.001399
221 0.000899
222 0.000981
223 0.001143
224 0.001918
225 0.003406
226 0.006301
227 0.010001
228 0.009476
229 0.001961
230 0.000002
231 0.000001
232 0.000002
233 0.000001
234 0.000000
235 0.000000
236 0.000000
237 0.000000
238 0.000000
239 0.000000
240 0.000000
241 0.000000
242 0.000001
243 0.000000
244 0.000000
245 0.000000
246 0.000001
247 0.000098
248 0.000114
249 0.000159
250 0.000283
251 0.000408
252 0.000685
253 0.001105
254 0.002004
255 0.003101
256 0.001850
257 0.000053
258 0.000014
259 0.000008
260 0.000023
261 0.000004
262 0.000001
263 0.000000
264 0.000000
265 0.000000
266 0.000000
267 0.000000
268 0.000000
269 0.000001
270 0.000001
271 0.000000
272 0.000000
273 0.000000
274 0.000000
275 0.000013
276 0.000023
277 0.000037
278 0.000057
279 0.000096
280 0.000491
281 0.000162
282 0.000133
283 0.000115
284 0.000732
285 0.000045
286 0.000152
287 0.000491
288 0.000114
289 0.000004
290 0.000001
291 0.000000
292 0.000000
293 0.000000
294 0.000000
295 0.000000
296 0.000001
297 0.000001
298 0.000000
299 0.000000
300 0.000000
301 0.000000
302 0.000000
303 0.000015
304 0.000021
305 0.000027
306 0.000033
307 0.000058
308 0.000112
309 0.000057
310 0.000099
311 0.000131
312 0.000081
313 0.000039
314 0.000702
315 0.999988
316 0.000003
317 0.000001
318 0.000001
319 0.000001
320 0.000000
321 0.000000
322 0.000001
323 0.000001
324 0.000001
325 0.000000
326 0.000000
327 0.000000
328 0.000000
329 0.000000
330 0.000000
331 0.000001
332 0.000020
333 0.000032
334 0.000059
335 0.000136
336 0.000220
337 0.000278
338 0.000377
339 0.000478
340 0.000018
341 0.000004
342 0.000079
343 0.000069
344 0.000001
345 0.000000
346 0.000000
347 0.000001
348 0.000001
349 0.000002
350 0.000003
351 0.000002
352 0.000001
353 0.000000
354 0.000000
355 0.000000
356 0.000000
357 0.000000
358 0.000000
359 0.000000
360 0.000038
361 0.000079
362 0.000166
363 0.000276
364 0.000728
365 0.001357
366 0.001260
367 0.000195
368 0.000002
369 0.000001
370 0.000007
371 0.000003
372 0.000001
373 0.000000
374 0.000000
375 0.000001
376 0.000056
377 0.001339
378 0.000043
379 0.000001
380 0.000000
381 0.000000
382 0.000000
383 0.000000
384 0.000000
385 0.000000
386 0.000000
387 0.000000
388 0.000020
389 0.000239
390 0.000344
391 0.000389
392 0.000987
393 0.000349
394 0.000224
395 0.000015
396 0.000001
397 0.000001
398 0.000001
399 0.000001
400 0.000001
401 0.000000
402 0.000000
403 0.000004
404 0.000704
405 0.999964
406 0.000082
407 0.000001
408 0.000000
409 0.000000
410 0.000000
411 0.000001
412 0.000000
413 0.000000
414 0.000000
415 0.000000
416 0.000003
417 0.000320
418 0.000381
419 0.000295
420 0.000223
421 0.000127
422 0.000055
423 0.000001
424 0.000001
425 0.000001
426 0.000001
427 0.000000
428 0.000001
429 0.000001
430 0.000001
431 0.000006
432 0.000070
433 0.000045
434 0.000005
435 0.000001
436 0.000001
437 0.000001
438 0.000001
439 0.000001
440 0.000000
441 0.000000
442 0.000000
443 0.000000
444 0.000001
445 0.000259
446 0.000160
447 0.000112
448 0.000169
449 0.000038
450 0.000012
451 0.000000
452 0.000001
453 0.000001
454 0.000000
455 0.000000
456 0.000001
457 0.000001
458 0.000003
459 0.000003
460 0.000001
461 0.000001
462 0.000001
463 0.000001
464 0.000001
465 0.000001
466 0.000002
467 0.000001
468 0.000000
469 0.000000
470 0.000000
471 0.000000
472 0.000000
473 0.000012
474 0.000051
475 0.000064
476 0.000324
477 0.000065
478 0.000004
479 0.000000
480 0.000001
481 0.000001
482 0.000000
483 0.000000
484 0.000001
485 0.000003
486 0.000003
487 0.000001
488 0.000000
489 0.000000
490 0.000000
491 0.000001
492 0.000010
493 0.000497
494 0.000048
495 0.000002
496 0.000001
497 0.000000
498 0.000000
499 0.000000
500 0.000000
501 0.000001
502 0.000088
503 0.000184
504 0.001188
505 0.000355
506 0.000005
507 0.000001
508 0.000001
509 0.000000
510 0.000000
511 0.000001
512 0.000001
513 0.000002
514 0.000001
515 0.000000
516 0.000000
517 0.000000
518 0.000000
519 0.000001
520 0.000026
521 0.999980
522 0.006908
523 0.000007
524 0.000001
525 0.000000
526 0.000000
527 0.000000
528 0.000000
529 0.000001
530 0.000415
531 0.001004
532 0.000827
533 0.000755
534 0.000011
535 0.000002
536 0.000001
537 0.000000
538 0.000000
539 0.000001
540 0.000001
541 0.000001
542 0.000001
543 0.000000
544 0.000000
545 0.000001
546 0.000001
547 0.000001
548 0.000005
549 0.000017
550 0.000018
551 0.000046
552 0.000003
553 0.000001
554 0.000000
555 0.000000
556 0.000000
557 0.000003
558 0.001004
559 0.001043
560 0.000999
561 0.000956
562 0.000015
563 0.000002
564 0.000001
565 0.000001
566 0.000003
567 0.000002
568 0.000001
569 0.000000
570 0.000001
571 0.000001
572 0.000001
573 0.000001
574 0.000001
575 0.000001
576 0.000001
577 0.000001
578 0.000001
579 0.000006
580 0.000656
581 0.000035
582 0.000002
583 0.000000
584 0.000002
585 0.001004
586 0.001043
587 0.001224
588 0.001202
589 0.001007
590 0.000070
591 0.000008
592 0.000002
593 0.000004
594 0.000005
595 0.000001
596 0.000001
597 0.000001
598 0.000001
599 0.000001
600 0.000001
601 0.000001
602 0.000000
603 0.000000
604 0.000001
605 0.000001
606 0.000001
607 0.000002
608 0.000049
609 0.001747
610 0.000066
611 0.000039
612 0.001251
613 0.001005
614 0.001181
615 0.001225
616 0.001306
617 0.001259
618 0.002495
619 0.000535
620 0.000021
621 0.000007
622 0.000002
623 0.000002
624 0.000002
625 0.000001
626 0.000001
627 0.000001
628 0.000001
629 0.000000
630 0.000000
631 0.000001
632 0.000001
633 0.000001
634 0.000000
635 0.000001
636 0.000002
637 0.000055
638 0.001029
639 0.003665
640 0.002178
641 0.001520
642 0.000000
643 0.000000
644 0.001391
645 0.002279
646 0.004813
647 0.009190
648 0.004719
649 0.000033
650 0.000008
651 0.000003
652 0.000003
653 0.000002
654 0.000002
655 0.000006
656 0.000040
657 0.000944
658 0.004281
659 0.000152
660 0.000004
661 0.000001
662 0.000000
663 0.000001
664 0.000001
665 0.000086
666 0.010000
667 0.007495
668 0.004340
669 0.000000
670 0.000000
671 0.000000
672 0.000000
673 0.004497
674 0.008231
675 0.011007
676 0.010022
677 0.010022
678 0.000114
679 0.000033
680 0.000025
681 0.000061
682 0.000537
683 0.000513
684 0.000653
685 0.002101
686 0.008140
687 0.008442
688 0.002239
689 0.001002
690 0.000104
691 0.000072
692 0.000457
693 0.010001
694 0.010001
695 0.010000
696 0.000000
697 0.000000
698 0.000000
699 0.000001
700 0.000000
701 0.000000
702 0.010707
703 0.010020
704 0.010021
705 0.010011
706 0.004473
707 0.001731
708 0.000876
709 0.000721
710 0.000591
711 0.000538
712 0.001376
713 0.004629
714 0.010015
715 0.018391
716 0.004483
717 0.001368
718 0.001294
719 0.001336
720 0.002721
721 0.005588
722 0.010002
723 0.000000
724 0.000001
725 0.000001
726 0.000000
727 0.000000
728 0.000000
729 0.000000
730 0.000000
731 0.000000
732 0.010012
733 0.005375
734 0.002482
735 0.001153
736 0.000956
737 0.000790
738 0.000721
739 0.000940
740 0.002875
741 0.008277
742 0.010022
743 0.013837
744 0.007683
745 0.001713
746 0.002313
747 0.001209
748 0.001855
749 0.003725
750 0.000001
751 0.000001
752 0.000001
753 0.000001
754 0.000000
755 0.000000
756 0.000000
757 0.000000
758 0.000001
759 0.000000
760 0.000000
761 0.003500
762 0.001659
763 0.001044
764 0.000999
765 0.000956
766 0.000916
767 0.001896
768 0.004912
769 0.010022
770 0.013073
771 0.010067
772 0.008056
773 0.005904
774 0.003538
775 0.001855
776 0.001294
777 0.000000
778 0.000072
779 0.000064
780 0.000001
781 0.000000
782 0.000001
783 0.000000
