0 0.003261
1 0.003131
2 0.002742
3 0.003159
4 0.003941
5 0.005800
6 0.008447
7 0.009291
8 0.002949
9 0.000510
10 0.001533
11 0.005924
12 0.004325
13 0.000502
14 0.000337
15 0.000255
16 0.000131
17 0.000069
18 0.000202
19 0.000832
20 0.001893
21 0.002859
22 0.004870
23 0.007317
24 0.007499
25 0.007499
26 0.007035
27 0.005290
28 0.002825
29 0.003007
30 0.002587
31 0.002671
32 0.002887
33 0.004378
34 0.006459
35 0.006777
36 0.001682
37 0.001069
38 0.009449
39 0.010815
40 0.001761
41 0.000391
42 0.000297
43 0.000156
44 0.000075
45 0.000049
46 0.000083
47 0.000494
48 0.002611
49 0.004500
50 0.000000
51 0.000000
52 0.007499
53 0.007582
54 0.004931
55 0.003735
56 0.003007
57 0.002587
58 0.002568
59 0.002587
60 0.002671
61 0.002867
62 0.004351
63 0.002636
64 0.001017
65 0.003347
66 0.035102
67 0.013652
68 0.000511
69 0.000260
70 0.000182
71 0.000086
72 0.000047
73 0.000036
74 0.000042
75 0.000333
76 0.000004
77 0.000000
78 0.000000
79 0.000000
80 0.000000
81 0.005364
82 0.003879
83 0.002422
84 0.002888
85 0.002503
86 0.002219
87 0.002251
88 0.002343
89 0.002420
90 0.002867
91 0.000978
92 0.000536
93 0.018677
94 0.117671
95 0.013806
96 0.000722
97 0.000262
98 0.000119
99 0.000051
100 0.000033
101 0.000012
102 0.000000
103 0.000000
104 0.000000
105 0.000000
106 0.000000
107 0.000000
108 0.000000
109 0.003633
110 0.002452
111 0.002376
112 0.002475
113 0.002369
114 0.002004
115 0.002078
116 0.000000
117 0.000000
118 0.000000
119 0.000000
120 0.000008
121 0.023138
122 0.135260
123 0.007710
124 0.001230
125 0.000265
126 0.000060
127 0.000002
128 0.000000
129 0.000000
130 0.000000
131 0.000000
132 0.000000
133 0.000000
134 0.000000
135 0.000000
136 0.000073
137 0.002198
138 0.001970
139 0.002296
140 0.002369
141 0.002011
142 0.001831
143 0.001824
144 0.000000
145 0.000000
146 0.000000
147 0.000000
148 0.000000
149 0.000002
150 0.000012
151 0.000010
152 0.000030
153 0.000001
154 0.000000
155 0.000000
156 0.000000
157 0.000000
158 0.000000
159 0.000000
160 0.000000
161 0.000001
162 0.000000
163 0.000000
164 0.002089
165 0.001682
166 0.001899
167 0.001970
168 0.003684
169 0.002078
170 0.001747
171 0.001590
172 0.000006
173 0.000000
174 0.000000
175 0.000000
176 0.000000
177 0.000003
178 0.000000
179 0.000000
180 0.000000
181 0.000000
182 0.000000
183 0.000000
184 0.000000
185 0.000000
186 0.000001
187 0.000000
188 0.000000
189 0.000000
190 0.000000
191 0.000000
192 0.001490
193 0.001498
194 0.001557
195 0.002060
196 0.005859
197 0.003852
198 0.002178
199 0.001320
200 0.001557
201 0.000000
202 0.000000
203 0.000000
204 0.000001
205 0.000001
206 0.000000
207 0.000000
208 0.000000
209 0.000000
210 0.000000
211 0.000000
212 0.000000
213 0.000000
214 0.000000
215 0.000000
216 0.000000
217 0.000000
218 0.000000
219 0.000026
220 0.001441
221 0.001505
222 0.001736
223 0.002018
224 0.009999
225 0.006539
226 0.004118
227 0.002234
228 0.001137
229 0.000011
230 0.000000
231 0.000000
232 0.000000
233 0.000000
234 0.000000
235 0.000000
236 0.000000
237 0.000000
238 0.000000
239 0.000000
240 0.000000
241 0.000000
242 0.000000
243 0.000000
244 0.000000
245 0.000000
246 0.000000
247 0.000088
248 0.000163
249 0.000250
250 0.000456
251 0.000690
252 0.010006
253 0.010002
254 0.008573
255 0.002913
256 0.000436
257 0.000016
258 0.000000
259 0.000000
260 0.000000
261 0.000000
262 0.000000
263 0.000000
264 0.000000
265 0.000004
266 0.000026
267 0.000065
268 0.000006
269 0.000000
270 0.000000
271 0.000000
272 0.000000
273 0.000000
274 0.000000
275 0.000018
276 0.000031
277 0.000055
278 0.000085
279 0.000139
280 0.006228
281 0.003970
282 0.002284
283 0.000854
284 0.000199
285 0.000002
286 0.000000
287 0.000000
288 0.000000
289 0.000000
290 0.000000
291 0.000000
292 0.000000
293 0.000003
294 0.000206
295 0.999997
296 0.000016
297 0.000000
298 0.000000
299 0.000000
300 0.000000
301 0.000000
302 0.000000
303 0.000022
304 0.000029
305 0.000039
306 0.000046
307 0.000060
308 0.000731
309 0.000554
310 0.000379
311 0.000242
312 0.000036
313 0.000002
314 0.000048
315 0.000004
316 0.000000
317 0.000000
318 0.000000
319 0.000000
320 0.000001
321 0.000013
322 0.000175
323 0.000038
324 0.000001
325 0.000000
326 0.000000
327 0.000000
328 0.000000
329 0.000000
330 0.000000
331 0.000004
332 0.000030
333 0.000037
334 0.000046
335 0.000073
336 0.000101
337 0.000083
338 0.000091
339 0.000114
340 0.000014
341 0.000056
342 0.002184
343 0.001736
344 0.000001
345 0.000000
346 0.000000
347 0.000000
348 0.000001
349 0.000032
350 0.000010
351 0.000000
352 0.000000
353 0.000000
354 0.000000
355 0.000000
356 0.000000
357 0.000000
358 0.000000
359 0.000001
360 0.000050
361 0.000037
362 0.000055
363 0.000078
364 0.000053
365 0.000049
366 0.000041
367 0.000172
368 0.000009
369 0.000219
370 0.075494
371 0.998456
372 0.000008
373 0.000000
374 0.000000
375 0.000000
376 0.000000
377 0.000003
378 0.000001
379 0.000000
380 0.000000
381 0.000001
382 0.000000
383 0.000000
384 0.000000
385 0.000000
386 0.000000
387 0.000001
388 0.000052
389 0.000159
390 0.000159
391 0.000190
392 0.000044
393 0.000057
394 0.000108
395 0.000041
396 0.000016
397 0.000626
398 0.060179
399 0.002556
400 0.000035
401 0.000000
402 0.000000
403 0.000000
404 0.000000
405 0.000000
406 0.000000
407 0.000000
408 0.000000
409 0.000002
410 0.000000
411 0.000000
412 0.000000
413 0.000000
414 0.000000
415 0.000000
416 0.000037
417 0.000942
418 0.001067
419 0.000995
420 0.000165
421 0.000202
422 0.000293
423 0.000027
424 0.000014
425 0.000610
426 0.002956
427 0.000071
428 0.000016
429 0.000002
430 0.000001
431 0.000000
432 0.000000
433 0.000000
434 0.000000
435 0.000000
436 0.000005
437 0.000004
438 0.000000
439 0.000000
440 0.000000
441 0.000000
442 0.000000
443 0.000000
444 0.000010
445 0.005336
446 0.005901
447 0.003622
448 0.000605
449 0.000583
450 0.000472
451 0.000007
452 0.000016
453 0.001167
454 0.000024
455 0.000001
456 0.000002
457 0.000005
458 0.000003
459 0.000000
460 0.000000
461 0.000000
462 0.000000
463 0.000000
464 0.000001
465 0.000003
466 0.000000
467 0.000000
468 0.000000
469 0.000000
470 0.000000
471 0.000000
472 0.000004
473 0.001976
474 0.007003
475 0.006776
476 0.003771
477 0.001369
478 0.000266
479 0.000013
480 0.000087
481 0.000067
482 0.000001
483 0.000000
484 0.000000
485 0.000002
486 0.000000
487 0.000000
488 0.000000
489 0.000000
490 0.000000
491 0.000000
492 0.000000
493 0.000000
494 0.000000
495 0.000008
496 0.000047
497 0.000001
498 0.000000
499 0.000000
500 0.000000
501 0.000142
502 0.007549
503 0.008060
504 0.010021
505 0.005801
506 0.000250
507 0.000039
508 0.000385
509 0.000014
510 0.000000
511 0.000000
512 0.000000
513 0.000000
514 0.000000
515 0.000000
516 0.000000
517 0.000000
518 0.000000
519 0.000000
520 0.000000
521 0.000000
522 0.000000
523 0.000040
524 1.000000
525 0.000096
526 0.000001
527 0.000000
528 0.000000
529 0.000026
530 0.004655
531 0.008682
532 0.008421
533 0.009249
534 0.000284
535 0.000486
536 0.000606
537 0.000003
538 0.000001
539 0.000001
540 0.000000
541 0.000000
542 0.000000
543 0.000000
544 0.000000
545 0.000000
546 0.000000
547 0.000000
548 0.000000
549 0.000000
550 0.000000
551 0.000002
552 0.000864
553 0.007213
554 0.000050
555 0.000001
556 0.000001
557 0.000036
558 0.002535
559 0.004050
560 0.008302
561 0.008564
562 0.000318
563 0.000778
564 0.000279
565 0.000007
566 0.000006
567 0.000002
568 0.000000
569 0.000000
570 0.000000
571 0.000000
572 0.000000
573 0.000000
574 0.000001
575 0.000001
576 0.000000
577 0.000000
578 0.000000
579 0.000000
580 0.000010
581 0.000527
582 0.004323
583 0.000065
584 0.000029
585 0.002482
586 0.002245
587 0.002305
588 0.008045
589 0.009425
590 0.002797
591 0.001244
592 0.000020
593 0.000006
594 0.000008
595 0.000002
596 0.000001
597 0.000001
598 0.000003
599 0.000009
600 0.000019
601 0.000086
602 0.000006
603 0.000000
604 0.000000
605 0.000000
606 0.000000
607 0.000000
608 0.000000
609 0.000013
610 0.001075
611 0.005338
612 0.008471
613 0.004510
614 0.002919
615 0.002305
616 0.009430
617 0.010000
618 0.010001
619 0.001853
620 0.000078
621 0.000016
622 0.000005
623 0.000004
624 0.000026
625 0.000351
626 0.007078
627 0.313932
628 0.054718
629 0.007848
630 0.000027
631 0.000000
632 0.000000
633 0.000000
634 0.000000
635 0.000000
636 0.000000
637 0.000002
638 0.000195
639 0.011436
640 0.012596
641 0.010000
642 0.000000
643 0.000000
644 0.010000
645 0.010000
646 0.010001
647 0.010000
648 0.005147
649 0.000134
650 0.000198
651 0.001488
652 0.006471
653 0.035072
654 0.026625
655 0.053908
656 0.078911
657 0.029957
658 0.000621
659 0.000001
660 0.000000
661 0.000000
662 0.000000
663 0.000000
664 0.000001
665 0.000042
666 0.002894
667 0.006282
668 0.011713
669 0.000000
670 0.000000
671 0.000000
672 0.000000
673 0.010001
674 0.010000
675 0.010000
676 0.007786
677 0.003863
678 0.004268
679 0.005373
680 0.008608
681 0.003477
682 0.004401
683 0.022025
684 0.188813
685 0.018603
686 0.000253
687 0.000011
688 0.000007
689 0.000048
690 0.000102
691 0.000057
692 0.000129
693 0.000733
694 0.001360
695 0.003571
696 0.000000
697 0.000000
698 0.000000
699 0.000000
700 0.000000
701 0.000000
702 0.010000
703 0.008524
704 0.004449
705 0.002166
706 0.001145
707 0.001324
708 0.001899
709 0.003298
710 0.012264
711 0.054543
712 0.120566
713 0.007977
714 0.000153
715 0.000026
716 0.000021
717 0.000087
718 0.000580
719 0.000605
720 0.000632
721 0.000757
722 0.000913
723 0.000000
724 0.000000
725 0.000000
726 0.000000
727 0.000000
728 0.000000
729 0.000000
730 0.000000
731 0.000000
732 0.002503
733 0.001423
734 0.001293
735 0.001685
736 0.002896
737 0.006312
738 0.024412
739 0.124261
740 0.036672
741 0.003421
742 0.000167
743 0.000056
744 0.000050
745 0.000202
746 0.000605
747 0.000727
748 0.000757
749 0.000905
750 0.000000
751 0.000000
752 0.000000
753 0.000000
754 0.000000
755 0.000000
756 0.000000
757 0.000000
758 0.000000
759 0.000000
760 0.000000
761 0.001459
762 0.001808
763 0.002383
764 0.003854
765 0.013382
766 0.058254
767 0.114853
768 0.014003
769 0.001085
770 0.000328
771 0.000121
772 0.000149
773 0.000474
774 0.000611
775 0.000660
776 0.000789
777 0.000000
778 0.000058
779 0.000037
780 0.000000
781 0.000000
782 0.000000
783 0.000000
