0 0.005030
1 0.005547
2 0.006781
3 0.010001
4 0.010001
5 0.013461
6 0.009457
7 0.005491
8 0.000527
9 0.000096
10 0.000072
11 0.000065
12 0.000069
13 0.000122
14 0.000515
15 0.002100
16 0.002393
17 0.001357
18 0.001968
19 0.003008
20 0.007308
21 0.008175
22 0.007554
23 0.005490
24 0.003345
25 0.002366
26 0.001995
27 0.001793
28 0.006495
29 0.004837
30 0.005179
31 0.006604
32 0.010001
33 0.010002
34 0.013289
35 0.005712
36 0.000553
37 0.000053
38 0.000046
39 0.000049
40 0.000050
41 0.000141
42 0.000602
43 0.001946
44 0.001665
45 0.001475
46 0.001670
47 0.004758
48 0.007708
49 0.007612
50 0.001297
51 0.000000
52 0.002229
53 0.001840
54 0.001425
55 0.001715
56 0.008855
57 0.006368
58 0.004652
59 0.004981
60 0.006347
61 0.010001
62 0.010002
63 0.004375
64 0.000462
65 0.000086
66 0.000044
67 0.000035
68 0.000052
69 0.000168
70 0.000640
71 0.001260
72 0.001663
73 0.001384
74 0.001921
75 0.004749
76 0.001474
77 0.000010
78 0.000000
79 0.000000
80 0.000000
81 0.001297
82 0.001571
83 0.001425
84 0.010000
85 0.008855
86 0.006243
87 0.004389
88 0.004698
89 0.006182
90 0.010001
91 0.001949
92 0.000318
93 0.000118
94 0.000044
95 0.000027
96 0.000074
97 0.000281
98 0.000528
99 0.000521
100 0.001301
101 0.000996
102 0.000568
103 0.000608
104 0.000006
105 0.000000
106 0.000000
107 0.000000
108 0.000000
109 0.001238
110 0.001297
111 0.001571
112 0.010000
113 0.010000
114 0.008855
115 0.006061
116 0.000000
117 0.000000
118 0.000000
119 0.000000
120 0.000003
121 0.000075
122 0.000096
123 0.000048
124 0.000151
125 0.000446
126 0.000286
127 0.000180
128 0.000196
129 0.000875
130 0.000037
131 0.000004
132 0.000001
133 0.000000
134 0.000000
135 0.000000
136 0.000043
137 0.001014
138 0.001238
139 0.001861
140 0.010001
141 0.010000
142 0.010000
143 0.009128
144 0.000000
145 0.000000
146 0.000000
147 0.000000
148 0.000000
149 0.000000
150 0.000000
151 0.000001
152 0.000005
153 0.000024
154 0.000071
155 0.000066
156 0.000135
157 0.000010
158 0.000005
159 0.000001
160 0.000000
161 0.000000
162 0.000000
163 0.000000
164 0.001028
165 0.000965
166 0.001643
167 0.002324
168 0.020417
169 0.010288
170 0.010000
171 0.010000
172 0.000001
173 0.000000
174 0.000006
175 0.000001
176 0.000000
177 0.000000
178 0.000000
179 0.000000
180 0.000000
181 0.000000
182 0.000000
183 0.000000
184 0.000000
185 0.000001
186 0.000001
187 0.000000
188 0.000000
189 0.000000
190 0.000000
191 0.000001
192 0.000949
193 0.001400
194 0.002289
195 0.004324
196 0.026323
197 0.026432
198 0.015382
199 0.010000
200 0.000248
201 0.000001
202 0.000000
203 0.000000
204 0.000001
205 0.000011
206 0.000013
207 0.000008
208 0.000002
209 0.000000
210 0.000000
211 0.000000
212 0.000000
213 0.000000
214 0.000000
215 0.000000
216 0.000000
217 0.000000
218 0.000000
219 0.000034
220 0.001550
221 0.002610
222 0.004482
223 0.006898
224 0.017045
225 0.023822
226 0.032021
227 0.019861
228 0.010288
229 0.000000
230 0.000000
231 0.000000
232 0.000000
233 0.000002
234 0.000133
235 0.999995
236 0.000363
237 0.000004
238 0.000000
239 0.000000
240 0.000000
241 0.000000
242 0.000000
243 0.000000
244 0.000000
245 0.000000
246 0.000000
247 0.000139
248 0.000411
249 0.001188
250 0.002277
251 0.003464
252 0.003723
253 0.011451
254 0.021628
255 0.027944
256 0.033143
257 0.000002
258 0.000000
259 0.000000
260 0.000001
261 0.000002
262 0.000016
263 0.000036
264 0.000325
265 0.000064
266 0.000005
267 0.000001
268 0.000000
269 0.000000
270 0.000000
271 0.000000
272 0.000000
273 0.000000
274 0.000000
275 0.000071
276 0.000213
277 0.000403
278 0.000657
279 0.000979
280 0.001877
281 0.002174
282 0.005810
283 0.017390
284 0.028618
285 0.000085
286 0.000000
287 0.000000
288 0.000002
289 0.000005
290 0.000003
291 0.000002
292 0.000005
293 0.001274
294 0.000378
295 0.000005
296 0.000000
297 0.000000
298 0.000000
299 0.000000
300 0.000000
301 0.000000
302 0.000005
303 0.000212
304 0.000258
305 0.000380
306 0.000420
307 0.000448
308 0.002408
309 0.001800
310 0.001526
311 0.002769
312 0.002665
313 0.000089
314 0.000000
315 0.000000
316 0.000000
317 0.000018
318 0.000014
319 0.000007
320 0.000084
321 0.000174
322 0.000129
323 0.000001
324 0.000000
325 0.000000
326 0.000000
327 0.000000
328 0.000000
329 0.000001
330 0.000409
331 0.000381
332 0.000409
333 0.000372
334 0.000374
335 0.000281
336 0.002433
337 0.002132
338 0.001554
339 0.001102
340 0.000035
341 0.000004
342 0.000000
343 0.000000
344 0.000000
345 0.000022
346 0.000650
347 0.002622
348 0.000301
349 0.000010
350 0.000000
351 0.000000
352 0.000000
353 0.000000
354 0.000000
355 0.000000
356 0.000000
357 0.000015
358 0.002071
359 0.001562
360 0.000761
361 0.000291
362 0.000147
363 0.000098
364 0.001845
365 0.001920
366 0.001754
367 0.001254
368 0.000002
369 0.000000
370 0.000000
371 0.000000
372 0.000000
373 0.000092
374 0.024244
375 0.999986
376 0.000137
377 0.000000
378 0.000000
379 0.000000
380 0.000002
381 0.000010
382 0.000000
383 0.000000
384 0.000000
385 0.000204
386 0.999980
387 0.002025
388 0.000611
389 0.000301
390 0.000124
391 0.000068
392 0.001129
393 0.001149
394 0.000912
395 0.000057
396 0.000000
397 0.000000
398 0.000000
399 0.000000
400 0.000000
401 0.000245
402 0.058693
403 0.008740
404 0.000017
405 0.000000
406 0.000000
407 0.000000
408 0.000006
409 0.000018
410 0.000001
411 0.000000
412 0.000000
413 0.000153
414 0.001698
415 0.000310
416 0.000357
417 0.000247
418 0.000203
419 0.000142
420 0.001066
421 0.000394
422 0.000209
423 0.000002
424 0.000000
425 0.000000
426 0.000000
427 0.000000
428 0.000000
429 0.000007
430 0.000088
431 0.000014
432 0.000006
433 0.000003
434 0.000007
435 0.000011
436 0.000036
437 0.000008
438 0.000001
439 0.000000
440 0.000000
441 0.000010
442 0.000049
443 0.000045
444 0.000093
445 0.000308
446 0.000390
447 0.000326
448 0.000467
449 0.000163
450 0.000066
451 0.000000
452 0.000000
453 0.000000
454 0.000000
455 0.000004
456 0.000001
457 0.000000
458 0.000000
459 0.000000
460 0.000001
461 0.000065
462 0.004757
463 0.999989
464 0.000144
465 0.000003
466 0.000000
467 0.000000
468 0.000000
469 0.000000
470 0.000003
471 0.000037
472 0.000053
473 0.000206
474 0.000320
475 0.000513
476 0.000588
477 0.000191
478 0.000030
479 0.000000
480 0.000000
481 0.000000
482 0.000001
483 0.000010
484 0.000000
485 0.000000
486 0.000000
487 0.000000
488 0.000000
489 0.000105
490 0.006231
491 0.014035
492 0.000497
493 0.000001
494 0.000000
495 0.000000
496 0.000000
497 0.000000
498 0.000001
499 0.000009
500 0.000046
501 0.000216
502 0.000982
503 0.001946
504 0.001374
505 0.001032
506 0.000037
507 0.000000
508 0.000000
509 0.000001
510 0.000005
511 0.000002
512 0.000000
513 0.000000
514 0.000000
515 0.000000
516 0.000000
517 0.000003
518 0.000062
519 0.000008
520 0.000002
521 0.000001
522 0.000000
523 0.000000
524 0.000000
525 0.000000
526 0.000000
527 0.000011
528 0.000219
529 0.000531
530 0.004325
531 0.010002
532 0.001957
533 0.003035
534 0.000053
535 0.000001
536 0.000001
537 0.000023
538 0.000009
539 0.000000
540 0.000000
541 0.000000
542 0.000000
543 0.000000
544 0.000000
545 0.000000
546 0.000000
547 0.000000
548 0.000000
549 0.000000
550 0.000000
551 0.000000
552 0.000000
553 0.000000
554 0.000000
555 0.000008
556 0.000245
557 0.002713
558 0.010003
559 0.010003
560 0.004216
561 0.006865
562 0.000093
563 0.000002
564 0.000012
565 0.000032
566 0.000004
567 0.000000
568 0.000000
569 0.000000
570 0.000000
571 0.000000
572 0.000000
573 0.000000
574 0.000000
575 0.000000
576 0.000000
577 0.000000
578 0.000000
579 0.000013
580 0.000026
581 0.000007
582 0.000002
583 0.000007
584 0.000606
585 0.012192
586 0.015824
587 0.011313
588 0.007889
589 0.010006
590 0.000724
591 0.000011
592 0.000017
593 0.000006
594 0.000001
595 0.000001
596 0.000003
597 0.000000
598 0.000000
599 0.000000
600 0.000000
601 0.000000
602 0.000000
603 0.000000
604 0.000000
605 0.000000
606 0.000000
607 0.000018
608 0.000100
609 0.000081
610 0.000038
611 0.000080
612 0.004974
613 0.007170
614 0.011694
615 0.015180
616 0.010006
617 0.010006
618 0.010006
619 0.000942
620 0.000014
621 0.000004
622 0.000002
623 0.000002
624 0.000001
625 0.000000
626 0.000000
627 0.000000
628 0.000000
629 0.000000
630 0.000000
631 0.000000
632 0.000000
633 0.000000
634 0.000000
635 0.000002
636 0.000008
637 0.000031
638 0.000217
639 0.003335
640 0.003024
641 0.004202
642 0.000000
643 0.000001
644 0.010006
645 0.010005
646 0.007900
647 0.004187
648 0.001106
649 0.000008
650 0.000002
651 0.000000
652 0.000000
653 0.000002
654 0.000004
655 0.000005
656 0.000016
657 0.000046
658 0.000018
659 0.000010
660 0.000003
661 0.000006
662 0.000007
663 0.000009
664 0.000025
665 0.000543
666 0.010001
667 0.006647
668 0.003917
669 0.000000
670 0.000000
671 0.000000
672 0.000000
673 0.007985
674 0.004889
675 0.002646
676 0.001786
677 0.001522
678 0.000022
679 0.000016
680 0.000071
681 0.000702
682 0.003317
683 0.000622
684 0.000086
685 0.000039
686 0.000024
687 0.000043
688 0.000108
689 0.001091
690 0.003364
691 0.001311
692 0.002575
693 0.010001
694 0.010001
695 0.010001
696 0.000000
697 0.000000
698 0.000000
699 0.000001
700 0.000000
701 0.000000
702 0.003131
703 0.001932
704 0.001835
705 0.001773
706 0.001522
707 0.003077
708 0.005738
709 0.010005
710 0.005867
711 0.000832
712 0.000088
713 0.000027
714 0.000035
715 0.000039
716 0.000143
717 0.001088
718 0.009305
719 0.012169
720 0.010005
721 0.010002
722 0.010001
723 0.000000
724 0.000000
725 0.000000
726 0.000000
727 0.000000
728 0.000000
729 0.000000
730 0.000000
731 0.000000
732 0.001899
733 0.001835
734 0.002530
735 0.004586
736 0.010003
737 0.010007
738 0.008685
739 0.000946
740 0.000103
741 0.000037
742 0.000037
743 0.000042
744 0.000111
745 0.001209
746 0.005404
747 0.011583
748 0.010006
749 0.010004
750 0.000000
751 0.000000
752 0.000000
753 0.000000
754 0.000000
755 0.000000
756 0.000000
757 0.000000
758 0.000000
759 0.000000
760 0.000000
761 0.002383
762 0.004189
763 0.007721
764 0.010005
765 0.010006
766 0.005844
767 0.001129
768 0.000136
769 0.000056
770 0.000047
771 0.000052
772 0.000169
773 0.001103
774 0.003647
775 0.006775
776 0.012406
777 0.000000
778 0.000843
779 0.000557
780 0.000004
781 0.000000
782 0.000000
783 0.000000
