0 0.003975
1 0.004585
2 0.004430
3 0.004750
4 0.004054
5 0.003523
6 0.003199
7 0.003999
8 0.001664
9 0.000819
10 0.000842
11 0.001513
12 0.002158
13 0.001005
14 0.000519
15 0.000221
16 0.000113
17 0.000055
18 0.000207
19 0.000843
20 0.001896
21 0.002635
22 0.004561
23 0.006808
24 0.007874
25 0.007875
26 0.008691
27 0.007809
28 0.003260
29 0.003917
30 0.004238
31 0.004431
32 0.004391
33 0.003983
34 0.003522
35 0.002159
36 0.000685
37 0.000326
38 0.000977
39 0.003382
40 0.003921
41 0.001313
42 0.000348
43 0.000131
44 0.000065
45 0.000051
46 0.000086
47 0.000490
48 0.002312
49 0.004099
50 0.000007
51 0.000000
52 0.007875
53 0.008984
54 0.007429
55 0.006006
56 0.003154
57 0.003119
58 0.003439
59 0.004238
60 0.004431
61 0.004061
62 0.003683
63 0.001438
64 0.000298
65 0.000206
66 0.000951
67 0.005769
68 0.006144
69 0.001665
70 0.000248
71 0.000076
72 0.000041
73 0.000037
74 0.000044
75 0.000268
76 0.000021
77 0.000001
78 0.000001
79 0.000000
80 0.000000
81 0.007862
82 0.006207
83 0.003988
84 0.002855
85 0.002634
86 0.002653
87 0.003147
88 0.004025
89 0.004098
90 0.004061
91 0.000767
92 0.000163
93 0.000215
94 0.001256
95 0.005786
96 0.007347
97 0.002378
98 0.000339
99 0.000046
100 0.000034
101 0.000016
102 0.000000
103 0.000000
104 0.000000
105 0.000002
106 0.000000
107 0.000001
108 0.000002
109 0.005660
110 0.004056
111 0.002787
112 0.003073
113 0.002344
114 0.002088
115 0.002458
116 0.000000
117 0.000000
118 0.000000
119 0.000000
120 0.000001
121 0.000137
122 0.001752
123 0.003900
124 0.005949
125 0.002546
126 0.000372
127 0.000008
128 0.000000
129 0.000000
130 0.000000
131 0.000000
132 0.000001
133 0.000006
134 0.000001
135 0.000001
136 0.002389
137 0.003569
138 0.002329
139 0.002337
140 0.004771
141 0.002855
142 0.001814
143 0.001828
144 0.000000
145 0.000000
146 0.000000
147 0.000000
148 0.000000
149 0.000000
150 0.000001
151 0.000007
152 0.000035
153 0.000018
154 0.000005
155 0.000000
156 0.000000
157 0.000000
158 0.000000
159 0.000001
160 0.000008
161 0.000003
162 0.000001
163 0.000004
164 0.003055
165 0.001940
166 0.001930
167 0.002003
168 0.007728
169 0.004459
170 0.002918
171 0.001579
172 0.000104
173 0.000000
174 0.000000
175 0.000000
176 0.000000
177 0.000000
178 0.000001
179 0.000000
180 0.000000
181 0.000000
182 0.000000
183 0.000000
184 0.000000
185 0.000000
186 0.000002
187 0.000007
188 0.000003
189 0.000001
190 0.000001
191 0.000350
192 0.001653
193 0.001517
194 0.001578
195 0.002058
196 0.010003
197 0.008685
198 0.004900
199 0.002643
200 0.001318
201 0.000002
202 0.000000
203 0.000000
204 0.000000
205 0.000000
206 0.000000
207 0.000000
208 0.000000
209 0.000000
210 0.000000
211 0.000000
212 0.000000
213 0.000001
214 0.000001
215 0.000001
216 0.000000
217 0.000000
218 0.000001
219 0.000374
220 0.001459
221 0.001522
222 0.001698
223 0.001987
224 0.009440
225 0.010004
226 0.010002
227 0.005387
228 0.002792
229 0.000133
230 0.000000
231 0.000000
232 0.000000
233 0.000000
234 0.000000
235 0.000000
236 0.000000
237 0.000000
238 0.000001
239 0.000004
240 0.000011
241 0.000008
242 0.000001
243 0.000000
244 0.000000
245 0.000000
246 0.000001
247 0.000108
248 0.000195
249 0.000279
250 0.000496
251 0.000722
252 0.004882
253 0.007174
254 0.010368
255 0.007443
256 0.001830
257 0.000050
258 0.000001
259 0.000000
260 0.000000
261 0.000000
262 0.000000
263 0.000000
264 0.000000
265 0.000000
266 0.000002
267 0.000088
268 0.999989
269 0.000231
270 0.000001
271 0.000000
272 0.000000
273 0.000000
274 0.000001
275 0.000024
276 0.000040
277 0.000068
278 0.000103
279 0.000166
280 0.001993
281 0.001649
282 0.001753
283 0.001439
284 0.001110
285 0.000014
286 0.000001
287 0.000001
288 0.000000
289 0.000000
290 0.000001
291 0.000000
292 0.000000
293 0.000000
294 0.000001
295 0.000051
296 0.000531
297 0.000121
298 0.000001
299 0.000000
300 0.000000
301 0.000000
302 0.000001
303 0.000100
304 0.000080
305 0.000067
306 0.000061
307 0.000115
308 0.000473
309 0.000295
310 0.000259
311 0.000236
312 0.000085
313 0.000009
314 0.000015
315 0.000027
316 0.000003
317 0.000000
318 0.000000
319 0.000001
320 0.000005
321 0.000005
322 0.000013
323 0.000011
324 0.000011
325 0.000005
326 0.000000
327 0.000000
328 0.000000
329 0.000001
330 0.000002
331 0.000065
332 0.000288
333 0.000297
334 0.000325
335 0.000429
336 0.000239
337 0.000127
338 0.000099
339 0.000141
340 0.000019
341 0.000005
342 0.000108
343 0.999986
344 0.000115
345 0.000001
346 0.000000
347 0.000000
348 0.000005
349 0.000276
350 0.000097
351 0.000010
352 0.000001
353 0.000000
354 0.000000
355 0.000000
356 0.000000
357 0.000000
358 0.000001
359 0.000016
360 0.001853
361 0.002009
362 0.002325
363 0.002148
364 0.000189
365 0.000213
366 0.000242
367 0.000228
368 0.000004
369 0.000003
370 0.000259
371 0.002261
372 0.000471
373 0.000004
374 0.000000
375 0.000000
376 0.000002
377 0.000099
378 0.000535
379 0.000017
380 0.000001
381 0.000000
382 0.000000
383 0.000000
384 0.000000
385 0.000000
386 0.000000
387 0.000005
388 0.001351
389 0.006099
390 0.007313
391 0.006958
392 0.000227
393 0.000274
394 0.000389
395 0.000109
396 0.000002
397 0.000002
398 0.000082
399 0.000137
400 0.000052
401 0.000004
402 0.000001
403 0.000000
404 0.000001
405 0.000004
406 0.000021
407 0.000065
408 0.000002
409 0.000000
410 0.000000
411 0.000001
412 0.000001
413 0.000000
414 0.000000
415 0.000001
416 0.000107
417 0.004958
418 0.008098
419 0.011370
420 0.000407
421 0.000408
422 0.000513
423 0.000026
424 0.000001
425 0.000002
426 0.000019
427 0.000003
428 0.000002
429 0.000002
430 0.000001
431 0.000001
432 0.000001
433 0.000000
434 0.000001
435 0.000002
436 0.000006
437 0.000001
438 0.000002
439 0.000008
440 0.000002
441 0.000001
442 0.000000
443 0.000000
444 0.000005
445 0.003850
446 0.007444
447 0.010850
448 0.000778
449 0.000464
450 0.000495
451 0.000003
452 0.000001
453 0.000006
454 0.000003
455 0.000001
456 0.000001
457 0.000001
458 0.000001
459 0.000001
460 0.000000
461 0.000000
462 0.000000
463 0.000000
464 0.000001
465 0.000017
466 0.000179
467 0.000347
468 0.000056
469 0.000001
470 0.000000
471 0.000000
472 0.000001
473 0.000484
474 0.002089
475 0.003151
476 0.002453
477 0.001443
478 0.000179
479 0.000001
480 0.000001
481 0.000005
482 0.000001
483 0.000000
484 0.000000
485 0.000001
486 0.000001
487 0.000000
488 0.000000
489 0.000000
490 0.000000
491 0.000000
492 0.000000
493 0.000005
494 0.002717
495 0.999972
496 0.000345
497 0.000029
498 0.000001
499 0.000000
500 0.000000
501 0.000023
502 0.000610
503 0.000770
504 0.009698
505 0.003844
506 0.000151
507 0.000003
508 0.000005
509 0.000004
510 0.000000
511 0.000000
512 0.000000
513 0.000000
514 0.000000
515 0.000000
516 0.000000
517 0.000000
518 0.000000
519 0.000000
520 0.000000
521 0.000004
522 0.000245
523 0.008133
524 0.006072
525 0.000200
526 0.000008
527 0.000001
528 0.000000
529 0.000005
530 0.000617
531 0.000973
532 0.006426
533 0.006271
534 0.000144
535 0.000032
536 0.000079
537 0.000004
538 0.000001
539 0.000000
540 0.000000
541 0.000000
542 0.000000
543 0.000000
544 0.000000
545 0.000000
546 0.000000
547 0.000000
548 0.000000
549 0.000001
550 0.000021
551 0.000107
552 0.002592
553 0.001938
554 0.000069
555 0.000003
556 0.000001
557 0.000029
558 0.000969
559 0.001007
560 0.005437
561 0.006479
562 0.000275
563 0.000104
564 0.000063
565 0.000009
566 0.000003
567 0.000001
568 0.000000
569 0.000000
570 0.000001
571 0.000001
572 0.000001
573 0.000001
574 0.000001
575 0.000000
576 0.000000
577 0.000001
578 0.000001
579 0.000003
580 0.000053
581 0.001232
582 0.001733
583 0.000036
584 0.000042
585 0.003193
586 0.001912
587 0.001343
588 0.007184
589 0.010002
590 0.001279
591 0.000090
592 0.000043
593 0.000004
594 0.000003
595 0.000002
596 0.000007
597 0.000026
598 0.000069
599 0.000360
600 0.000058
601 0.000002
602 0.000001
603 0.000000
604 0.000000
605 0.000000
606 0.000000
607 0.000000
608 0.000001
609 0.000030
610 0.000491
611 0.001498
612 0.010009
613 0.005595
614 0.003731
615 0.002550
616 0.010002
617 0.010004
618 0.010005
619 0.001887
620 0.000067
621 0.000011
622 0.000009
623 0.000030
624 0.000242
625 0.002113
626 0.999971
627 0.012609
628 0.002022
629 0.000045
630 0.000001
631 0.000000
632 0.000000
633 0.000000
634 0.000000
635 0.000000
636 0.000000
637 0.000003
638 0.000418
639 0.012071
640 0.012191
641 0.010010
642 0.000000
643 0.000001
644 0.010003
645 0.010005
646 0.010005
647 0.010005
648 0.005044
649 0.000340
650 0.000270
651 0.001177
652 0.006851
653 0.007983
654 0.011851
655 0.007949
656 0.002876
657 0.000579
658 0.000149
659 0.000013
660 0.000004
661 0.000002
662 0.000001
663 0.000000
664 0.000001
665 0.000056
666 0.003429
667 0.007003
668 0.012380
669 0.000000
670 0.000000
671 0.000001
672 0.000000
673 0.010005
674 0.010005
675 0.010004
676 0.010002
677 0.007582
678 0.006103
679 0.005353
680 0.007030
681 0.009847
682 0.009781
683 0.004438
684 0.001678
685 0.000925
686 0.000416
687 0.000385
688 0.000506
689 0.000644
690 0.000127
691 0.000070
692 0.000158
693 0.000906
694 0.001727
695 0.004180
696 0.000000
697 0.000000
698 0.000000
699 0.000001
700 0.000000
701 0.000000
702 0.010003
703 0.010002
704 0.008019
705 0.004922
706 0.005008
707 0.006543
708 0.010007
709 0.010580
710 0.005921
711 0.002995
712 0.001242
713 0.001116
714 0.001527
715 0.001347
716 0.001138
717 0.000584
718 0.000726
719 0.000755
720 0.000786
721 0.000932
722 0.001112
723 0.000000
724 0.000001
725 0.000000
726 0.000000
727 0.000000
728 0.000000
729 0.000000
730 0.000000
731 0.000000
732 0.005367
733 0.004871
734 0.005408
735 0.008936
736 0.009791
737 0.007531
738 0.004086
739 0.001904
740 0.001445
741 0.001198
742 0.002652
743 0.003922
744 0.002105
745 0.000917
746 0.000755
747 0.000896
748 0.000932
749 0.001101
750 0.000000
751 0.000000
752 0.000000
753 0.000000
754 0.000000
755 0.000000
756 0.000000
757 0.000000
758 0.000001
759 0.000001
760 0.000000
761 0.005114
762 0.008058
763 0.010007
764 0.009190
765 0.005206
766 0.002804
767 0.001787
768 0.001490
769 0.002056
770 0.004570
771 0.008753
772 0.003365
773 0.001658
774 0.000755
775 0.000819
776 0.000968
777 0.000000
778 0.000069
779 0.000045
780 0.000000
781 0.000000
782 0.000000
783 0.000000
