0 0.004411
1 0.004282
2 0.003848
3 0.004037
4 0.003609
5 0.003212
6 0.003223
7 0.005290
8 0.001609
9 0.000814
10 0.001486
11 0.002636
12 0.003108
13 0.001370
14 0.000309
15 0.000115
16 0.000150
17 0.000293
18 0.000605
19 0.000732
20 0.000970
21 0.001019
22 0.001262
23 0.001322
24 0.001186
25 0.001247
26 0.001749
27 0.002752
28 0.003973
29 0.004158
30 0.003726
31 0.003609
32 0.003496
33 0.003281
34 0.002899
35 0.002219
36 0.000581
37 0.000506
38 0.001892
39 0.002153
40 0.002826
41 0.001787
42 0.000490
43 0.000073
44 0.000084
45 0.000231
46 0.000531
47 0.000780
48 0.000777
49 0.000970
50 0.000001
51 0.000000
52 0.001127
53 0.001603
54 0.002549
55 0.004742
56 0.004158
57 0.003726
58 0.003609
59 0.003496
60 0.003281
61 0.002899
62 0.002802
63 0.000802
64 0.000248
65 0.000395
66 0.001696
67 0.002250
68 0.001672
69 0.001660
70 0.000445
71 0.000105
72 0.000053
73 0.000115
74 0.000363
75 0.000585
76 0.000005
77 0.000000
78 0.000000
79 0.000000
80 0.000000
81 0.002389
82 0.004586
83 0.008080
84 0.004037
85 0.003609
86 0.003212
87 0.002999
88 0.002899
89 0.002802
90 0.002617
91 0.000310
92 0.000121
93 0.000398
94 0.000968
95 0.001602
96 0.001308
97 0.001078
98 0.000599
99 0.000216
100 0.000045
101 0.000036
102 0.000002
103 0.000000
104 0.000000
105 0.000000
106 0.000000
107 0.000000
108 0.001485
109 0.004404
110 0.008011
111 0.009993
112 0.003609
113 0.003496
114 0.002999
115 0.002899
116 0.000000
117 0.000000
118 0.000000
119 0.000000
120 0.000003
121 0.000194
122 0.000645
123 0.000845
124 0.000741
125 0.000388
126 0.000777
127 0.000048
128 0.000001
129 0.000000
130 0.000000
131 0.000000
132 0.000000
133 0.000000
134 0.000000
135 0.000007
136 0.004260
137 0.008123
138 0.009874
139 0.010199
140 0.003496
141 0.003104
142 0.002899
143 0.002802
144 0.000000
145 0.000000
146 0.000000
147 0.000000
148 0.000000
149 0.000000
150 0.000000
151 0.000003
152 0.000010
153 0.000004
154 0.000004
155 0.000001
156 0.000000
157 0.000000
158 0.000000
159 0.000000
160 0.000000
161 0.000000
162 0.000002
163 0.004112
164 0.009766
165 0.009605
166 0.010359
167 0.010792
168 0.003104
169 0.002899
170 0.002802
171 0.002617
172 0.000000
173 0.000000
174 0.000000
175 0.000000
176 0.000000
177 0.000000
178 0.000000
179 0.000000
180 0.000000
181 0.000000
182 0.000000
183 0.000000
184 0.000000
185 0.000000
186 0.000000
187 0.000000
188 0.000000
189 0.000001
190 0.005514
191 0.010280
192 0.009753
193 0.010526
194 0.010037
195 0.008017
196 0.002899
197 0.002802
198 0.002459
199 0.002287
200 0.000003
201 0.000000
202 0.000000
203 0.000000
204 0.000000
205 0.000000
206 0.000000
207 0.000000
208 0.000000
209 0.000000
210 0.000000
211 0.000000
212 0.000000
213 0.000000
214 0.000000
215 0.000000
216 0.000000
217 0.000429
218 0.010205
219 0.010403
220 0.011420
221 0.009218
222 0.006963
223 0.004190
224 0.002802
225 0.002459
226 0.002287
227 0.002205
228 0.001842
229 0.000000
230 0.000000
231 0.000000
232 0.000000
233 0.000000
234 0.000000
235 0.000000
236 0.000000
237 0.000000
238 0.000000
239 0.000000
240 0.000000
241 0.000000
242 0.000000
243 0.000000
244 0.000015
245 1.000000
246 0.010315
247 0.011441
248 0.008369
249 0.004703
250 0.002764
251 0.001554
252 0.002840
253 0.002287
254 0.002205
255 0.001510
256 0.000529
257 0.000000
258 0.000000
259 0.000000
260 0.000000
261 0.000000
262 0.000000
263 0.000000
264 0.000000
265 0.000000
266 0.000000
267 0.000000
268 0.000000
269 0.000000
270 0.000000
271 0.000000
272 0.000013
273 0.000248
274 0.000994
275 0.001981
276 0.003162
277 0.001674
278 0.000989
279 0.000786
280 0.004184
281 0.001530
282 0.000736
283 0.000335
284 0.000208
285 0.000000
286 0.000000
287 0.000000
288 0.000000
289 0.000000
290 0.000000
291 0.000000
292 0.000000
293 0.000000
294 0.000000
295 0.000000
296 0.000000
297 0.000000
298 0.000000
299 0.000000
300 0.000000
301 0.000004
302 0.000033
303 0.000047
304 0.000063
305 0.000090
306 0.000178
307 0.000426
308 0.002393
309 0.001214
310 0.000528
311 0.000204
312 0.000016
313 0.000002
314 0.000000
315 0.000000
316 0.000000
317 0.000000
318 0.000000
319 0.000000
320 0.000000
321 0.000000
322 0.000000
323 0.000000
324 0.000000
325 0.000010
326 0.000197
327 0.000033
328 0.000001
329 0.000000
330 0.000001
331 0.000002
332 0.000003
333 0.000008
334 0.000018
335 0.000059
336 0.002010
337 0.001432
338 0.000825
339 0.000403
340 0.000006
341 0.000002
342 0.000000
343 0.000000
344 0.000000
345 0.000000
346 0.000000
347 0.000000
348 0.000000
349 0.000000
350 0.000000
351 0.000000
352 0.000000
353 0.000142
354 0.999999
355 0.000658
356 0.000006
357 0.000000
358 0.000000
359 0.000001
360 0.000001
361 0.000002
362 0.000004
363 0.000008
364 0.001571
365 0.001769
366 0.001159
367 0.000699
368 0.000018
369 0.000018
370 0.000014
371 0.000000
372 0.000000
373 0.000000
374 0.000000
375 0.000000
376 0.000000
377 0.000000
378 0.000000
379 0.000000
380 0.000001
381 0.000031
382 0.000674
383 0.001283
384 0.000044
385 0.000002
386 0.000000
387 0.000003
388 0.000005
389 0.000005
390 0.000003
391 0.000005
392 0.000584
393 0.000564
394 0.000714
395 0.000263
396 0.000111
397 0.000507
398 0.000321
399 0.000000
400 0.000000
401 0.000000
402 0.000000
403 0.000000
404 0.000000
405 0.000000
406 0.000000
407 0.000001
408 0.000003
409 0.000010
410 0.000031
411 0.000061
412 0.000022
413 0.000002
414 0.000001
415 0.000003
416 0.000019
417 0.000022
418 0.000015
419 0.000009
420 0.000194
421 0.000425
422 0.000817
423 0.000075
424 0.000164
425 1.000000
426 0.000025
427 0.000000
428 0.000000
429 0.000000
430 0.000000
431 0.000000
432 0.000000
433 0.000000
434 0.000000
435 0.000000
436 0.000009
437 0.000004
438 0.000003
439 0.000014
440 0.000016
441 0.000001
442 0.000000
443 0.000001
444 0.000032
445 0.000117
446 0.000073
447 0.000042
448 0.000562
449 0.000530
450 0.000745
451 0.000061
452 0.000059
453 0.000048
454 0.000000
455 0.000000
456 0.000000
457 0.000000
458 0.000000
459 0.000000
460 0.000000
461 0.000000
462 0.000000
463 0.000000
464 0.000000
465 0.000001
466 0.000003
467 0.000013
468 0.000013
469 0.000002
470 0.000000
471 0.000000
472 0.000006
473 0.000138
474 0.000350
475 0.000317
476 0.002627
477 0.002642
478 0.000397
479 0.000032
480 0.000041
481 0.000000
482 0.000000
483 0.000000
484 0.000000
485 0.000000
486 0.000000
487 0.000000
488 0.000000
489 0.000000
490 0.000000
491 0.000000
492 0.000000
493 0.000000
494 0.000002
495 0.000024
496 0.000034
497 0.000007
498 0.000000
499 0.000000
500 0.000001
501 0.000064
502 0.001257
503 0.002445
504 0.011242
505 0.007221
506 0.000233
507 0.000064
508 0.000007
509 0.000000
510 0.000000
511 0.000000
512 0.000000
513 0.000000
514 0.000000
515 0.000000
516 0.000000
517 0.000000
518 0.000000
519 0.000000
520 0.000000
521 0.000000
522 0.000000
523 0.000006
524 0.000071
525 0.000157
526 0.000026
527 0.000000
528 0.000000
529 0.000034
530 0.002047
531 0.007902
532 0.010000
533 0.006350
534 0.000408
535 0.000131
536 0.000001
537 0.000000
538 0.000000
539 0.000000
540 0.000000
541 0.000000
542 0.000000
543 0.000000
544 0.000000
545 0.000000
546 0.000000
547 0.000000
548 0.000000
549 0.000000
550 0.000000
551 0.000001
552 0.000179
553 0.008531
554 0.003542
555 0.000050
556 0.000002
557 0.000021
558 0.001018
559 0.002204
560 0.005859
561 0.003765
562 0.000504
563 0.000055
564 0.000000
565 0.000000
566 0.000000
567 0.000000
568 0.000000
569 0.000000
570 0.000000
571 0.000000
572 0.000000
573 0.000000
574 0.000000
575 0.000000
576 0.000000
577 0.000000
578 0.000000
579 0.000000
580 0.000085
581 0.999997
582 0.174997
583 0.012362
584 0.000034
585 0.000291
586 0.000363
587 0.000873
588 0.003913
589 0.002275
590 0.001062
591 0.000021
592 0.000000
593 0.000000
594 0.000000
595 0.000000
596 0.000000
597 0.000000
598 0.000000
599 0.000000
600 0.000000
601 0.000000
602 0.000000
603 0.000000
604 0.000000
605 0.000000
606 0.000000
607 0.000000
608 0.000004
609 0.000251
610 0.010192
611 0.008938
612 0.001897
613 0.000729
614 0.000380
615 0.000322
616 0.002487
617 0.002343
618 0.002050
619 0.000279
620 0.000003
621 0.000000
622 0.000000
623 0.000000
624 0.000000
625 0.000000
626 0.000000
627 0.000000
628 0.000000
629 0.000000
630 0.000000
631 0.000000
632 0.000000
633 0.000000
634 0.000000
635 0.000000
636 0.000000
637 0.000018
638 0.001377
639 0.010000
640 0.005229
641 0.002574
642 0.000000
643 0.000001
644 0.002562
645 0.002487
646 0.002414
647 0.002116
648 0.000842
649 0.000005
650 0.000001
651 0.000000
652 0.000000
653 0.000001
654 0.000001
655 0.000001
656 0.000002
657 0.000021
658 0.000024
659 0.000007
660 0.000002
661 0.000001
662 0.000000
663 0.000000
664 0.000001
665 0.000029
666 0.000922
667 0.003395
668 0.010000
669 0.000000
670 0.000000
671 0.000004
672 0.000000
673 0.002562
674 0.002487
675 0.002185
676 0.002343
677 0.002050
678 0.000023
679 0.000012
680 0.000046
681 0.000518
682 0.001286
683 0.000092
684 0.000021
685 0.000031
686 0.000036
687 0.000039
688 0.000044
689 0.000076
690 0.000022
691 0.000017
692 0.000032
693 0.000133
694 0.000371
695 0.001270
696 0.000000
697 0.000000
698 0.000000
699 0.000000
700 0.000000
701 0.000000
702 0.002562
703 0.002487
704 0.002414
705 0.002343
706 0.002050
707 0.002731
708 0.004530
709 0.007929
710 0.003661
711 0.000312
712 0.000041
713 0.000026
714 0.000049
715 0.000056
716 0.000060
717 0.000064
718 0.000093
719 0.000099
720 0.000106
721 0.000142
722 0.000188
723 0.000000
724 0.000000
725 0.000000
726 0.000000
727 0.000000
728 0.000000
729 0.000000
730 0.000000
731 0.000000
732 0.002487
733 0.002414
734 0.002343
735 0.003838
736 0.007203
737 0.010000
738 0.010000
739 0.000787
740 0.000093
741 0.000039
742 0.000052
743 0.000060
744 0.000081
745 0.000087
746 0.000099
747 0.000133
748 0.000142
749 0.000188
750 0.000000
751 0.000000
752 0.000000
753 0.000000
754 0.000000
755 0.000000
756 0.000000
757 0.000000
758 0.000000
759 0.000000
760 0.000000
761 0.002487
762 0.003607
763 0.005923
764 0.010000
765 0.010000
766 0.010000
767 0.002058
768 0.000215
769 0.000053
770 0.000056
771 0.000064
772 0.000087
773 0.000116
774 0.000099
775 0.000114
776 0.000151
777 0.000000
778 0.000028
779 0.000021
780 0.000000
781 0.000000
782 0.000000
783 0.000000
