0 0.004004
1 0.007991
2 0.011874
3 0.013153
4 0.009257
5 0.004765
6 0.002289
7 0.001165
8 0.000141
9 0.000023
10 0.000016
11 0.000013
12 0.000014
13 0.000013
14 0.000068
15 0.000100
16 0.000133
17 0.000032
18 0.000167
19 0.001203
20 0.002097
21 0.001400
22 0.001053
23 0.001105
24 0.000987
25 0.001040
26 0.001279
27 0.001343
28 0.002379
29 0.003870
30 0.007499
31 0.011876
32 0.012361
33 0.008185
34 0.003687
35 0.001242
36 0.000070
37 0.000011
38 0.000010
39 0.000010
40 0.000009
41 0.000014
42 0.000090
43 0.000136
44 0.000050
45 0.000030
46 0.000055
47 0.000342
48 0.001217
49 0.000890
50 0.000001
51 0.000001
52 0.000938
53 0.001160
54 0.001040
55 0.001279
56 0.001807
57 0.002203
58 0.003146
59 0.007500
60 0.011879
61 0.011611
62 0.007682
63 0.000976
64 0.000058
65 0.000009
66 0.000009
67 0.000007
68 0.000006
69 0.000043
70 0.000094
71 0.000120
72 0.000029
73 0.000024
74 0.000018
75 0.000071
76 0.000001
77 0.000001
78 0.000001
79 0.000001
80 0.000001
81 0.000938
82 0.001160
83 0.001040
84 0.001547
85 0.001375
86 0.001716
87 0.003012
88 0.007964
89 0.012042
90 0.011614
91 0.000837
92 0.000044
93 0.000012
94 0.000006
95 0.000005
96 0.000009
97 0.000065
98 0.000123
99 0.000030
100 0.000025
101 0.000006
102 0.000001
103 0.000001
104 0.000001
105 0.000001
106 0.000001
107 0.000001
108 0.000003
109 0.000891
110 0.000938
111 0.001160
112 0.002863
113 0.001375
114 0.000967
115 0.001509
116 0.000001
117 0.000001
118 0.000001
119 0.000001
120 0.000001
121 0.000006
122 0.000009
123 0.000005
124 0.000037
125 0.000086
126 0.000095
127 0.000002
128 0.000001
129 0.000001
130 0.000001
131 0.000001
132 0.000001
133 0.000001
134 0.000001
135 0.000002
136 0.000010
137 0.000716
138 0.000891
139 0.001105
140 0.005687
141 0.002650
142 0.001155
143 0.000751
144 0.000001
145 0.000001
146 0.000001
147 0.000001
148 0.000001
149 0.000001
150 0.000001
151 0.000001
152 0.000001
153 0.000001
154 0.000001
155 0.000001
156 0.000001
157 0.000001
158 0.000001
159 0.000001
160 0.000001
161 0.000001
162 0.000002
163 0.000003
164 0.000727
165 0.000678
166 0.000847
167 0.001142
168 0.010013
169 0.005401
170 0.002881
171 0.001186
172 0.000002
173 0.000001
174 0.000001
175 0.000001
176 0.000001
177 0.000001
178 0.000001
179 0.000001
180 0.000001
181 0.000001
182 0.000001
183 0.000001
184 0.000001
185 0.000001
186 0.000001
187 0.000001
188 0.000001
189 0.000002
190 0.000003
191 0.000003
192 0.000578
193 0.000610
194 0.001096
195 0.002462
196 0.010015
197 0.010016
198 0.006467
199 0.002608
200 0.000005
201 0.000002
202 0.000002
203 0.000001
204 0.000001
205 0.000001
206 0.000001
207 0.000001
208 0.000001
209 0.000001
210 0.000001
211 0.000001
212 0.000001
213 0.000001
214 0.000001
215 0.000001
216 0.000001
217 0.000002
218 0.000002
219 0.000006
220 0.000666
221 0.001238
222 0.002339
223 0.004736
224 0.004348
225 0.008035
226 0.010020
227 0.007897
228 0.002981
229 0.000001
230 0.000002
231 0.000001
232 0.000001
233 0.000001
234 0.000001
235 0.000001
236 0.000001
237 0.000001
238 0.000001
239 0.000001
240 0.000001
241 0.000001
242 0.000001
243 0.000001
244 0.000001
245 0.000001
246 0.000001
247 0.000016
248 0.000066
249 0.000226
250 0.001039
251 0.002893
252 0.001530
253 0.002624
254 0.004991
255 0.006106
256 0.001353
257 0.000001
258 0.000002
259 0.000002
260 0.000001
261 0.000001
262 0.000001
263 0.000001
264 0.000001
265 0.000001
266 0.000001
267 0.000001
268 0.000001
269 0.000001
270 0.000001
271 0.000001
272 0.000001
273 0.000001
274 0.000001
275 0.000006
276 0.000018
277 0.000113
278 0.000257
279 0.000336
280 0.000509
281 0.000267
282 0.000248
283 0.000178
284 0.000227
285 0.000001
286 0.000001
287 0.000002
288 0.000002
289 0.000001
290 0.000002
291 0.000003
292 0.000003
293 0.000001
294 0.000001
295 0.000001
296 0.000001
297 0.000001
298 0.000001
299 0.000001
300 0.000001
301 0.000001
302 0.000001
303 0.000023
304 0.000065
305 0.000111
306 0.000071
307 0.000046
308 0.000080
309 0.000038
310 0.000016
311 0.000018
312 0.000004
313 0.000001
314 0.000001
315 0.000001
316 0.000005
317 0.000004
318 0.000002
319 0.000003
320 0.000002
321 0.000002
322 0.000001
323 0.000001
324 0.000001
325 0.000001
326 0.000001
327 0.000002
328 0.000001
329 0.000001
330 0.000001
331 0.000006
332 0.000077
333 0.000041
334 0.000026
335 0.000017
336 0.000024
337 0.000015
338 0.000010
339 0.000006
340 0.000001
341 0.000001
342 0.000001
343 0.000001
344 0.000037
345 0.000201
346 0.000004
347 0.000001
348 0.000001
349 0.000001
350 0.000001
351 0.000001
352 0.000001
353 0.000001
354 0.000002
355 0.000002
356 0.000001
357 0.000001
358 0.000001
359 0.000001
360 0.000019
361 0.000012
362 0.000008
363 0.000008
364 0.000022
365 0.000019
366 0.000009
367 0.000004
368 0.000001
369 0.000001
370 0.000001
371 0.000002
372 0.000023
373 0.999958
374 0.000004
375 0.000001
376 0.000001
377 0.000001
378 0.000002
379 0.000002
380 0.000002
381 0.000002
382 0.000003
383 0.000002
384 0.000001
385 0.000001
386 0.000001
387 0.000001
388 0.000002
389 0.000005
390 0.000006
391 0.000008
392 0.000014
393 0.000008
394 0.000004
395 0.000002
396 0.000001
397 0.000001
398 0.000002
399 0.000003
400 0.000005
401 0.000008
402 0.000003
403 0.000001
404 0.000001
405 0.000001
406 0.000001
407 0.000005
408 0.000070
409 0.000045
410 0.000007
411 0.000002
412 0.000001
413 0.000001
414 0.000001
415 0.000001
416 0.000001
417 0.000004
418 0.000006
419 0.000007
420 0.000008
421 0.000005
422 0.000016
423 0.000002
424 0.000001
425 0.000001
426 0.000003
427 0.000002
428 0.000001
429 0.000002
430 0.000003
431 0.000002
432 0.000001
433 0.000001
434 0.000001
435 0.000004
436 0.000141
437 0.999963
438 0.000037
439 0.000002
440 0.000001
441 0.000001
442 0.000001
443 0.000001
444 0.000001
445 0.000005
446 0.000006
447 0.000007
448 0.000024
449 0.000053
450 0.000085
451 0.000002
452 0.000001
453 0.000001
454 0.000002
455 0.000002
456 0.000001
457 0.000001
458 0.000002
459 0.000002
460 0.000002
461 0.000002
462 0.000002
463 0.000004
464 0.000015
465 0.000232
466 0.000107
467 0.000004
468 0.000001
469 0.000001
470 0.000001
471 0.000001
472 0.000001
473 0.000002
474 0.000005
475 0.000011
476 0.001124
477 0.000970
478 0.000207
479 0.000001
480 0.000001
481 0.000002
482 0.000002
483 0.000001
484 0.000001
485 0.000001
486 0.000001
487 0.000002
488 0.000003
489 0.000003
490 0.000003
491 0.000003
492 0.000004
493 0.000006
494 0.000008
495 0.000005
496 0.000002
497 0.000001
498 0.000001
499 0.000001
500 0.000001
501 0.000001
502 0.000020
503 0.000043
504 0.032434
505 0.014245
506 0.000048
507 0.000001
508 0.000001
509 0.000002
510 0.000001
511 0.000001
512 0.000001
513 0.000001
514 0.000001
515 0.000003
516 0.000005
517 0.000003
518 0.000002
519 0.000002
520 0.000002
521 0.000002
522 0.000001
523 0.000003
524 0.000005
525 0.000002
526 0.000001
527 0.000001
528 0.000001
529 0.000001
530 0.000106
531 0.000282
532 0.023491
533 0.010030
534 0.000070
535 0.000001
536 0.000002
537 0.000001
538 0.000001
539 0.000001
540 0.000001
541 0.000001
542 0.000001
543 0.000003
544 0.000003
545 0.000002
546 0.000001
547 0.000001
548 0.000002
549 0.000001
550 0.000001
551 0.000001
552 0.000004
553 0.000008
554 0.000002
555 0.000001
556 0.000001
557 0.000005
558 0.000502
559 0.000299
560 0.010022
561 0.010008
562 0.000032
563 0.000002
564 0.000002
565 0.000001
566 0.000001
567 0.000001
568 0.000001
569 0.000001
570 0.000001
571 0.000001
572 0.000001
573 0.000002
574 0.000001
575 0.000001
576 0.000001
577 0.000001
578 0.000001
579 0.000001
580 0.000002
581 0.000011
582 0.000093
583 0.000009
584 0.000010
585 0.003235
586 0.001424
587 0.000813
588 0.010005
589 0.004529
590 0.000105
591 0.000002
592 0.000002
593 0.000001
594 0.000002
595 0.000003
596 0.000007
597 0.000001
598 0.000001
599 0.000001
600 0.000001
601 0.000001
602 0.000002
603 0.000002
604 0.000001
605 0.000001
606 0.000001
607 0.000001
608 0.000001
609 0.000001
610 0.000054
611 0.000431
612 0.010022
613 0.007939
614 0.004095
615 0.002215
616 0.004748
617 0.002207
618 0.000888
619 0.000053
620 0.000002
621 0.000001
622 0.000004
623 0.000008
624 0.000002
625 0.000001
626 0.000001
627 0.000001
628 0.000001
629 0.000002
630 0.000003
631 0.000002
632 0.000001
633 0.000001
634 0.000001
635 0.000001
636 0.000001
637 0.000001
638 0.000012
639 0.007238
640 0.015950
641 0.010023
642 0.000001
643 0.000001
644 0.002414
645 0.001197
646 0.000825
647 0.000667
648 0.000241
649 0.000005
650 0.000001
651 0.000001
652 0.000001
653 0.000001
654 0.000001
655 0.000001
656 0.000012
657 0.001476
658 0.018385
659 0.000094
660 0.000002
661 0.000001
662 0.000001
663 0.000001
664 0.000001
665 0.000003
666 0.001082
667 0.003146
668 0.007584
669 0.000001
670 0.000001
671 0.000001
672 0.000001
673 0.000910
674 0.000866
675 0.000702
676 0.000786
677 0.000634
678 0.000007
679 0.000004
680 0.000008
681 0.000031
682 0.000163
683 0.000071
684 0.000102
685 0.000731
686 0.005725
687 0.001913
688 0.000148
689 0.000355
690 0.000141
691 0.000017
692 0.000020
693 0.000252
694 0.000323
695 0.001461
696 0.000001
697 0.000001
698 0.000001
699 0.000001
700 0.000001
701 0.000001
702 0.000910
703 0.000866
704 0.000825
705 0.000786
706 0.000634
707 0.000603
708 0.000545
709 0.000742
710 0.000934
711 0.000405
712 0.000090
713 0.000295
714 0.001422
715 0.001112
716 0.000252
717 0.001318
718 0.003792
719 0.001250
720 0.000456
721 0.000267
722 0.000342
723 0.000001
724 0.000001
725 0.000001
726 0.000001
727 0.000001
728 0.000001
729 0.000001
730 0.000001
731 0.000001
732 0.000866
733 0.000825
734 0.000667
735 0.000634
736 0.000715
737 0.001675
738 0.005241
739 0.001127
740 0.000181
741 0.000321
742 0.000370
743 0.000214
744 0.000507
745 0.002839
746 0.010024
747 0.003117
748 0.001082
749 0.000503
750 0.000001
751 0.000001
752 0.000001
753 0.000002
754 0.000001
755 0.000001
756 0.000001
757 0.000001
758 0.000001
759 0.000001
760 0.000001
761 0.000866
762 0.000826
763 0.000668
764 0.001255
765 0.003670
766 0.009999
767 0.002567
768 0.000374
769 0.000134
770 0.000114
771 0.000067
772 0.001016
773 0.006093
774 0.010036
775 0.006272
776 0.002608
777 0.000001
778 0.000009
779 0.000005
780 0.000001
781 0.000001
782 0.000001
783 0.000001
