0 0.003557
1 0.003446
2 0.003079
3 0.003237
4 0.002884
5 0.002569
6 0.002406
7 0.002329
8 0.000006
9 0.000001
10 0.000001
11 0.000001
12 0.000001
13 0.000001
14 0.000001
15 0.000001
16 0.000001
17 0.000001
18 0.000002
19 0.000002
20 0.000003
21 0.000004
22 0.000006
23 0.000007
24 0.000005
25 0.000006
26 0.000014
27 0.000058
28 0.003183
29 0.003339
30 0.002979
31 0.002884
32 0.002793
33 0.002623
34 0.002329
35 0.000343
36 0.000002
37 0.000001
38 0.000001
39 0.000001
40 0.000001
41 0.000001
42 0.000001
43 0.000001
44 0.000001
45 0.000001
46 0.000002
47 0.000003
48 0.000002
49 0.000003
50 0.000001
51 0.000001
52 0.000005
53 0.000011
54 0.000046
55 0.000689
56 0.003339
57 0.002979
58 0.002884
59 0.002793
60 0.002623
61 0.002329
62 0.002256
63 0.000017
64 0.000001
65 0.000001
66 0.000001
67 0.000001
68 0.000001
69 0.000001
70 0.000001
71 0.000001
72 0.000001
73 0.000001
74 0.000002
75 0.000002
76 0.000001
77 0.000000
78 0.000000
79 0.000001
80 0.000001
81 0.000037
82 0.000604
83 0.004718
84 0.003237
85 0.002884
86 0.002569
87 0.002406
88 0.002329
89 0.002256
90 0.002120
91 0.000002
92 0.000001
93 0.000001
94 0.000001
95 0.000001
96 0.000001
97 0.000001
98 0.000001
99 0.000001
100 0.000001
101 0.000001
102 0.000001
103 0.000000
104 0.000000
105 0.000000
106 0.000001
107 0.000001
108 0.000010
109 0.000577
110 0.004544
111 0.010073
112 0.002884
113 0.002793
114 0.002406
115 0.002329
116 0.000001
117 0.000001
118 0.000001
119 0.000002
120 0.000002
121 0.000001
122 0.000001
123 0.000001
124 0.000001
125 0.000001
126 0.000001
127 0.000001
128 0.000001
129 0.000000
130 0.000000
131 0.000000
132 0.000000
133 0.000000
134 0.000001
135 0.000003
136 0.000508
137 0.004146
138 0.009492
139 0.000861
140 0.002793
141 0.002486
142 0.002329
143 0.002256
144 0.000001
145 0.000000
146 0.000001
147 0.000001
148 0.000001
149 0.000002
150 0.000002
151 0.000002
152 0.000001
153 0.000001
154 0.000001
155 0.000001
156 0.000000
157 0.000000
158 0.000000
159 0.000000
160 0.000000
161 0.000001
162 0.000002
163 0.000419
164 0.009492
165 0.004074
166 0.000385
167 0.000054
168 0.002486
169 0.002329
170 0.002256
171 0.002120
172 0.000001
173 0.000001
174 0.000001
175 0.000001
176 0.000001
177 0.000001
178 0.000001
179 0.000001
180 0.000001
181 0.000001
182 0.000001
183 0.000001
184 0.000000
185 0.000000
186 0.000000
187 0.000000
188 0.000001
189 0.000002
190 0.000169
191 0.011849
192 0.001737
193 0.000158
194 0.000014
195 0.000005
196 0.002329
197 0.002256
198 0.002004
199 0.001880
200 0.000001
201 0.000001
202 0.000001
203 0.000001
204 0.000001
205 0.000001
206 0.000001
207 0.000001
208 0.000001
209 0.000001
210 0.000001
211 0.000001
212 0.000001
213 0.000001
214 0.000001
215 0.000001
216 0.000002
217 0.000021
218 0.012615
219 0.000860
220 0.000076
221 0.000009
222 0.000003
223 0.000003
224 0.002256
225 0.002004
226 0.001880
227 0.001822
228 0.001567
229 0.000001
230 0.000001
231 0.000001
232 0.000001
233 0.000001
234 0.000000
235 0.000000
236 0.000000
237 0.000000
238 0.000000
239 0.000000
240 0.000001
241 0.000001
242 0.000001
243 0.000003
244 0.003384
245 0.999980
246 0.000377
247 0.000036
248 0.000005
249 0.000002
250 0.000003
251 0.000003
252 0.002186
253 0.001880
254 0.001822
255 0.001226
256 0.000383
257 0.000001
258 0.000001
259 0.000001
260 0.000001
261 0.000001
262 0.000001
263 0.000000
264 0.000000
265 0.000000
266 0.000000
267 0.000000
268 0.000000
269 0.000000
270 0.000001
271 0.000003
272 0.000654
273 0.000036
274 0.000005
275 0.000003
276 0.000003
277 0.000003
278 0.000003
279 0.000003
280 0.001880
281 0.000872
282 0.000513
283 0.000207
284 0.000118
285 0.000001
286 0.000001
287 0.000001
288 0.000001
289 0.000001
290 0.000001
291 0.000001
292 0.000001
293 0.000001
294 0.000000
295 0.000000
296 0.000001
297 0.000001
298 0.000001
299 0.000003
300 0.000007
301 0.000004
302 0.000002
303 0.000001
304 0.000002
305 0.000002
306 0.000002
307 0.000002
308 0.000523
309 0.000305
310 0.000160
311 0.000080
312 0.000001
313 0.000001
314 0.000001
315 0.000001
316 0.000001
317 0.000001
318 0.000001
319 0.000001
320 0.000001
321 0.000001
322 0.000001
323 0.000001
324 0.000001
325 0.000001
326 0.000001
327 0.000004
328 0.000004
329 0.000002
330 0.000001
331 0.000001
332 0.000001
333 0.000001
334 0.000001
335 0.000001
336 0.000228
337 0.000147
338 0.000106
339 0.000070
340 0.000001
341 0.000001
342 0.000001
343 0.000001
344 0.000001
345 0.000001
346 0.000001
347 0.000001
348 0.000001
349 0.000001
350 0.000001
351 0.000001
352 0.000001
353 0.000001
354 0.000002
355 0.000002
356 0.000002
357 0.000002
358 0.000001
359 0.000001
360 0.000001
361 0.000001
362 0.000001
363 0.000001
364 0.000199
365 0.000173
366 0.000098
367 0.000058
368 0.000001
369 0.000001
370 0.000001
371 0.000001
372 0.000001
373 0.000001
374 0.000001
375 0.000001
376 0.000001
377 0.000001
378 0.000001
379 0.000001
380 0.000001
381 0.000001
382 0.000002
383 0.000002
384 0.000001
385 0.000001
386 0.000001
387 0.000001
388 0.000001
389 0.000001
390 0.000001
391 0.000001
392 0.000163
393 0.000101
394 0.000061
395 0.000001
396 0.000001
397 0.000001
398 0.000001
399 0.000001
400 0.000001
401 0.000001
402 0.000001
403 0.000001
404 0.000001
405 0.000001
406 0.000001
407 0.000001
408 0.000001
409 0.000001
410 0.000001
411 0.000001
412 0.000001
413 0.000001
414 0.000001
415 0.000001
416 0.000001
417 0.000001
418 0.000001
419 0.000001
420 0.000117
421 0.000089
422 0.000066
423 0.000001
424 0.000001
425 0.000001
426 0.000001
427 0.000001
428 0.000001
429 0.000001
430 0.000001
431 0.000001
432 0.000001
433 0.000001
434 0.000001
435 0.000001
436 0.000001
437 0.000001
438 0.000001
439 0.000001
440 0.000001
441 0.000001
442 0.000001
443 0.000001
444 0.000001
445 0.000001
446 0.000001
447 0.000001
448 0.000261
449 0.000118
450 0.000069
451 0.000001
452 0.000001
453 0.000001
454 0.000001
455 0.000001
456 0.000001
457 0.000001
458 0.000001
459 0.000001
460 0.000001
461 0.000001
462 0.000001
463 0.000001
464 0.000001
465 0.000001
466 0.000001
467 0.000001
468 0.000001
469 0.000001
470 0.000001
471 0.000001
472 0.000001
473 0.000001
474 0.000001
475 0.000001
476 0.000647
477 0.000380
478 0.000002
479 0.000001
480 0.000001
481 0.000001
482 0.000001
483 0.000001
484 0.000001
485 0.000001
486 0.000001
487 0.000001
488 0.000001
489 0.000001
490 0.000001
491 0.000001
492 0.000001
493 0.000001
494 0.000001
495 0.000001
496 0.000001
497 0.000001
498 0.000001
499 0.000001
500 0.000001
501 0.000001
502 0.000001
503 0.000001
504 0.001393
505 0.001512
506 0.000001
507 0.000001
508 0.000001
509 0.000001
510 0.000001
511 0.000001
512 0.000001
513 0.000001
514 0.000001
515 0.000001
516 0.000001
517 0.000001
518 0.000001
519 0.000001
520 0.000001
521 0.000001
522 0.000001
523 0.000001
524 0.000001
525 0.000001
526 0.000001
527 0.000001
528 0.000001
529 0.000001
530 0.000001
531 0.000002
532 0.001324
533 0.001222
534 0.000001
535 0.000001
536 0.000001
537 0.000001
538 0.000001
539 0.000001
540 0.000001
541 0.000001
542 0.000001
543 0.000001
544 0.000001
545 0.000001
546 0.000001
547 0.000001
548 0.000001
549 0.000001
550 0.000001
551 0.000001
552 0.000001
553 0.000001
554 0.000001
555 0.000001
556 0.000001
557 0.000001
558 0.000002
559 0.000003
560 0.001560
561 0.001502
562 0.000001
563 0.000001
564 0.000001
565 0.000001
566 0.000001
567 0.000001
568 0.000001
569 0.000001
570 0.000001
571 0.000001
572 0.000001
573 0.000001
574 0.000001
575 0.000001
576 0.000001
577 0.000001
578 0.000001
579 0.000001
580 0.000001
581 0.000001
582 0.000001
583 0.000001
584 0.000001
585 0.000002
586 0.000003
587 0.000004
588 0.001829
589 0.001560
590 0.000001
591 0.000001
592 0.000001
593 0.000001
594 0.000001
595 0.000001
596 0.000001
597 0.000001
598 0.000001
599 0.000001
600 0.000001
601 0.000001
602 0.000001
603 0.000001
604 0.000001
605 0.000001
606 0.000001
607 0.000001
608 0.000001
609 0.000001
610 0.000001
611 0.000001
612 0.000002
613 0.000002
614 0.000003
615 0.000004
616 0.001963
617 0.001829
618 0.001560
619 0.000001
620 0.000001
621 0.000001
622 0.000001
623 0.000001
624 0.000001
625 0.000001
626 0.000001
627 0.000001
628 0.000001
629 0.000001
630 0.000001
631 0.000001
632 0.000001
633 0.000001
634 0.000001
635 0.000001
636 0.000001
637 0.000001
638 0.000001
639 0.000002
640 0.000002
641 0.000003
642 0.000001
643 0.000001
644 0.002034
645 0.001963
646 0.001895
647 0.001620
648 0.000025
649 0.000001
650 0.000001
651 0.000001
652 0.000001
653 0.000001
654 0.000001
655 0.000001
656 0.000001
657 0.000001
658 0.000001
659 0.000001
660 0.000001
661 0.000001
662 0.000001
663 0.000001
664 0.000001
665 0.000001
666 0.000002
667 0.000003
668 0.000003
669 0.000001
670 0.000001
671 0.000001
672 0.000001
673 0.002034
674 0.001963
675 0.001683
676 0.001829
677 0.001560
678 0.000001
679 0.000001
680 0.000001
681 0.000001
682 0.000028
683 0.000002
684 0.000001
685 0.000001
686 0.000001
687 0.000001
688 0.000001
689 0.000002
690 0.000001
691 0.000001
692 0.000001
693 0.000002
694 0.000002
695 0.000003
696 0.000001
697 0.000001
698 0.000001
699 0.000001
700 0.000001
701 0.000001
702 0.002034
703 0.001963
704 0.001895
705 0.001829
706 0.001561
707 0.001504
708 0.001395
709 0.002622
710 0.000507
711 0.000006
712 0.000001
713 0.000001
714 0.000001
715 0.000001
716 0.000001
717 0.000001
718 0.000002
719 0.000002
720 0.000002
721 0.000002
722 0.000003
723 0.000001
724 0.000001
725 0.000001
726 0.000001
727 0.000001
728 0.000001
729 0.000001
730 0.000001
731 0.000001
732 0.001963
733 0.001895
734 0.001621
735 0.001562
736 0.002492
737 0.004618
738 0.009999
739 0.000032
740 0.000002
741 0.000001
742 0.000001
743 0.000001
744 0.000002
745 0.000002
746 0.000002
747 0.000002
748 0.000002
749 0.000003
750 0.000001
751 0.000001
752 0.000001
753 0.000001
754 0.000001
755 0.000001
756 0.000001
757 0.000001
758 0.000001
759 0.000001
760 0.000001
761 0.001964
762 0.001897
763 0.002067
764 0.003716
765 0.007770
766 0.010001
767 0.000236
768 0.000004
769 0.000001
770 0.000001
771 0.000001
772 0.000002
773 0.000002
774 0.000002
775 0.000002
776 0.000002
777 0.000001
778 0.000002
779 0.000002
780 0.000001
781 0.000001
782 0.000001
783 0.000001
