0 0.003899
1 0.004109
2 0.003380
3 0.002978
4 0.002555
5 0.002194
6 0.002007
7 0.001920
8 0.000381
9 0.000064
10 0.000047
11 0.000042
12 0.000045
13 0.000046
14 0.000044
15 0.000052
16 0.000066
17 0.000114
18 0.000798
19 0.004602
20 0.008003
21 0.004132
22 0.002264
23 0.001417
24 0.001206
25 0.001264
26 0.001543
27 0.001617
28 0.003710
29 0.004644
30 0.004405
31 0.003637
32 0.002509
33 0.002255
34 0.001920
35 0.001186
36 0.000141
37 0.000031
38 0.000029
39 0.000031
40 0.000032
41 0.000039
42 0.000042
43 0.000046
44 0.000076
45 0.000211
46 0.000574
47 0.002678
48 0.004100
49 0.002334
50 0.000000
51 0.000000
52 0.001142
53 0.001404
54 0.001264
55 0.001543
56 0.003547
57 0.004080
58 0.005121
59 0.005225
60 0.004116
61 0.002190
62 0.001837
63 0.000491
64 0.000065
65 0.000020
66 0.000026
67 0.000022
68 0.000019
69 0.000025
70 0.000034
71 0.000062
72 0.000160
73 0.000277
74 0.000351
75 0.000768
76 0.000000
77 0.000000
78 0.000000
79 0.000000
80 0.000000
81 0.001142
82 0.001404
83 0.001264
84 0.003598
85 0.003278
86 0.004158
87 0.006620
88 0.007034
89 0.004203
90 0.002053
91 0.000183
92 0.000024
93 0.000015
94 0.000015
95 0.000015
96 0.000016
97 0.000030
98 0.000040
99 0.000099
100 0.000228
101 0.000059
102 0.000000
103 0.000000
104 0.000000
105 0.000000
106 0.000000
107 0.000000
108 0.000000
109 0.001086
110 0.001142
111 0.001404
112 0.003291
113 0.003291
114 0.003182
115 0.005149
116 0.000000
117 0.000000
118 0.000000
119 0.000000
120 0.000000
121 0.000001
122 0.000013
123 0.000013
124 0.000023
125 0.000030
126 0.000070
127 0.000002
128 0.000000
129 0.000000
130 0.000000
131 0.000000
132 0.000000
133 0.000000
134 0.000000
135 0.000000
136 0.000252
137 0.000876
138 0.001086
139 0.001340
140 0.003291
141 0.003013
142 0.003013
143 0.003013
144 0.000000
145 0.000000
146 0.000000
147 0.000000
148 0.000000
149 0.000000
150 0.000000
151 0.000000
152 0.000000
153 0.000000
154 0.000000
155 0.000000
156 0.000000
157 0.000000
158 0.000000
159 0.000000
160 0.000000
161 0.000000
162 0.000000
163 0.000000
164 0.000889
165 0.000830
166 0.001033
167 0.001086
168 0.003013
169 0.003013
170 0.003013
171 0.003013
172 0.000000
173 0.000000
174 0.000000
175 0.000000
176 0.000000
177 0.000000
178 0.000000
179 0.000000
180 0.000000
181 0.000000
182 0.000000
183 0.000000
184 0.000000
185 0.000000
186 0.000000
187 0.000000
188 0.000000
189 0.000000
190 0.000000
191 0.000001
192 0.000707
193 0.000746
194 0.000787
195 0.001180
196 0.003013
197 0.003013
198 0.002759
199 0.002759
200 0.000000
201 0.000000
202 0.000000
203 0.000000
204 0.000000
205 0.000000
206 0.000000
207 0.000000
208 0.000000
209 0.000000
210 0.000000
211 0.000000
212 0.000000
213 0.000000
214 0.000000
215 0.000000
216 0.000000
217 0.000000
218 0.000000
219 0.000015
220 0.000707
221 0.000762
222 0.000889
223 0.001114
224 0.002582
225 0.002646
226 0.002759
227 0.002759
228 0.002529
229 0.000000
230 0.000000
231 0.000000
232 0.000000
233 0.000000
234 0.000000
235 0.000000
236 0.000000
237 0.000000
238 0.000000
239 0.000000
240 0.000000
241 0.000000
242 0.000000
243 0.000000
244 0.000000
245 0.000000
246 0.000000
247 0.000001
248 0.000002
249 0.000005
250 0.000018
251 0.000049
252 0.002070
253 0.002063
254 0.002359
255 0.001240
256 0.000116
257 0.000000
258 0.000000
259 0.000000
260 0.000000
261 0.000000
262 0.000000
263 0.000000
264 0.000000
265 0.000000
266 0.000000
267 0.000000
268 0.000000
269 0.000000
270 0.000000
271 0.000000
272 0.000000
273 0.000000
274 0.000000
275 0.000000
276 0.000000
277 0.000000
278 0.000001
279 0.000001
280 0.001413
281 0.000289
282 0.000105
283 0.000021
284 0.000007
285 0.000000
286 0.000000
287 0.000000
288 0.000000
289 0.000000
290 0.000000
291 0.000000
292 0.000000
293 0.000000
294 0.000000
295 0.000000
296 0.000000
297 0.000000
298 0.000000
299 0.000000
300 0.000000
301 0.000000
302 0.000000
303 0.000000
304 0.000000
305 0.000000
306 0.000000
307 0.000000
308 0.000084
309 0.000022
310 0.000005
311 0.000002
312 0.000000
313 0.000000
314 0.000000
315 0.000000
316 0.000000
317 0.000000
318 0.000000
319 0.000000
320 0.000000
321 0.000000
322 0.000000
323 0.000000
324 0.000000
325 0.000000
326 0.000000
327 0.000000
328 0.000000
329 0.000000
330 0.000000
331 0.000000
332 0.000000
333 0.000000
334 0.000000
335 0.000001
336 0.000009
337 0.000003
338 0.000002
339 0.000001
340 0.000000
341 0.000000
342 0.000000
343 0.000000
344 0.000000
345 0.000000
346 0.000000
347 0.000000
348 0.000000
349 0.000000
350 0.000000
351 0.000000
352 0.000000
353 0.000000
354 0.000000
355 0.000000
356 0.000000
357 0.000000
358 0.000000
359 0.000000
360 0.000000
361 0.000000
362 0.000000
363 0.000001
364 0.000006
365 0.000004
366 0.000002
367 0.000001
368 0.000000
369 0.000000
370 0.000000
371 0.000000
372 0.000000
373 0.000000
374 0.000000
375 0.000000
376 0.000000
377 0.000000
378 0.000000
379 0.000000
380 0.000000
381 0.000000
382 0.000000
383 0.000000
384 0.000000
385 0.000000
386 0.000000
387 0.000000
388 0.000000
389 0.000000
390 0.000001
391 0.000001
392 0.000014
393 0.000006
394 0.000002
395 0.000000
396 0.000000
397 0.000000
398 0.000000
399 0.000000
400 0.000000
401 0.000000
402 0.000000
403 0.000000
404 0.000000
405 0.000000
406 0.000000
407 0.000000
408 0.000000
409 0.000000
410 0.000000
411 0.000000
412 0.000000
413 0.000000
414 0.000000
415 0.000000
416 0.000000
417 0.000001
418 0.000001
419 0.000002
420 0.000045
421 0.000020
422 0.000008
423 0.000000
424 0.000000
425 0.000000
426 0.000000
427 0.000000
428 0.000001
429 0.000000
430 0.000000
431 0.000000
432 0.000000
433 0.000000
434 0.000000
435 0.000000
436 0.000000
437 0.000000
438 0.000000
439 0.000000
440 0.000000
441 0.000000
442 0.000000
443 0.000000
444 0.000000
445 0.000002
446 0.000004
447 0.000005
448 0.000079
449 0.000058
450 0.000032
451 0.000000
452 0.000000
453 0.000000
454 0.000000
455 0.000006
456 0.000000
457 0.000000
458 0.000000
459 0.000000
460 0.000000
461 0.000000
462 0.000000
463 0.000000
464 0.000000
465 0.000000
466 0.000000
467 0.000000
468 0.000000
469 0.000000
470 0.000000
471 0.000000
472 0.000000
473 0.000001
474 0.000005
475 0.000008
476 0.000092
477 0.000079
478 0.000016
479 0.000000
480 0.000000
481 0.000000
482 0.000175
483 0.004469
484 0.000000
485 0.000000
486 0.000000
487 0.000000
488 0.000000
489 0.000000
490 0.000000
491 0.000000
492 0.000000
493 0.000000
494 0.000000
495 0.000000
496 0.000000
497 0.000000
498 0.000000
499 0.000000
500 0.000000
501 0.000000
502 0.000009
503 0.000011
504 0.000125
505 0.000092
506 0.000003
507 0.000000
508 0.000000
509 0.000041
510 0.999997
511 0.000015
512 0.000000
513 0.000000
514 0.000000
515 0.000000
516 0.000000
517 0.000000
518 0.000000
519 0.000000
520 0.000000
521 0.000001
522 0.000565
523 0.000173
524 0.000001
525 0.000000
526 0.000000
527 0.000000
528 0.000000
529 0.000000
530 0.000013
531 0.000015
532 0.000114
533 0.000102
534 0.000002
535 0.000000
536 0.000008
537 0.004148
538 0.000023
539 0.000000
540 0.000000
541 0.000000
542 0.000000
543 0.000000
544 0.000000
545 0.000000
546 0.000000
547 0.000000
548 0.000000
549 0.000001
550 0.999996
551 0.039925
552 0.000059
553 0.000001
554 0.000000
555 0.000000
556 0.000000
557 0.000000
558 0.000015
559 0.000016
560 0.000251
561 0.000638
562 0.000011
563 0.000002
564 0.000250
565 0.000054
566 0.000000
567 0.000000
568 0.000000
569 0.000000
570 0.000000
571 0.000000
572 0.000000
573 0.000000
574 0.000000
575 0.000000
576 0.000000
577 0.000000
578 0.000038
579 0.001358
580 0.022533
581 0.000100
582 0.000003
583 0.000000
584 0.000000
585 0.000015
586 0.000016
587 0.000023
588 0.000927
589 0.002665
590 0.000536
591 0.000120
592 0.000128
593 0.000001
594 0.000000
595 0.000000
596 0.000000
597 0.000000
598 0.000000
599 0.000000
600 0.000000
601 0.000000
602 0.000000
603 0.000000
604 0.000000
605 0.000000
606 0.000000
607 0.000013
608 0.000391
609 0.036696
610 0.000238
611 0.000009
612 0.000020
613 0.000016
614 0.000021
615 0.000023
616 0.003918
617 0.012048
618 0.010005
619 0.001315
620 0.000013
621 0.000000
622 0.000000
623 0.000000
624 0.000000
625 0.000000
626 0.000000
627 0.000000
628 0.000000
629 0.000000
630 0.000000
631 0.000000
632 0.000000
633 0.000000
634 0.000000
635 0.000000
636 0.000011
637 0.000334
638 0.002111
639 0.000271
640 0.000070
641 0.000031
642 0.000000
643 0.000000
644 0.012291
645 0.010005
646 0.002972
647 0.000723
648 0.000103
649 0.000000
650 0.000000
651 0.000000
652 0.000000
653 0.000000
654 0.000000
655 0.000000
656 0.000000
657 0.000000
658 0.000000
659 0.000000
660 0.000000
661 0.000000
662 0.000000
663 0.000000
664 0.000001
665 0.000263
666 0.010007
667 0.002362
668 0.000443
669 0.000000
670 0.000000
671 0.000000
672 0.000000
673 0.003122
674 0.001031
675 0.000283
676 0.000209
677 0.000155
678 0.000002
679 0.000001
680 0.000004
681 0.000013
682 0.000001
683 0.000000
684 0.000000
685 0.000000
686 0.000000
687 0.000000
688 0.000003
689 0.000007
690 0.000002
691 0.000003
692 0.000028
693 0.000847
694 0.004225
695 0.010007
696 0.000000
697 0.000000
698 0.000000
699 0.000000
700 0.000000
701 0.000000
702 0.000407
703 0.000240
704 0.000224
705 0.000209
706 0.000155
707 0.000144
708 0.000125
709 0.000092
710 0.000009
711 0.000000
712 0.000000
713 0.000000
714 0.000000
715 0.000001
716 0.000006
717 0.000006
718 0.000009
719 0.000010
720 0.000035
721 0.000147
722 0.001028
723 0.000000
724 0.000000
725 0.000000
726 0.000000
727 0.000000
728 0.000000
729 0.000000
730 0.000000
731 0.000000
732 0.000240
733 0.000224
734 0.000166
735 0.000155
736 0.000144
737 0.000106
738 0.000092
739 0.000001
740 0.000000
741 0.000000
742 0.000000
743 0.000003
744 0.000008
745 0.000008
746 0.000009
747 0.000013
748 0.000016
749 0.000055
750 0.000000
751 0.000000
752 0.000000
753 0.000000
754 0.000000
755 0.000000
756 0.000000
757 0.000000
758 0.000000
759 0.000000
760 0.000000
761 0.000240
762 0.000224
763 0.000166
764 0.000155
765 0.000144
766 0.000134
767 0.000007
768 0.000000
769 0.000000
770 0.000001
771 0.000006
772 0.000008
773 0.000011
774 0.000009
775 0.000011
776 0.000015
777 0.000000
778 0.000018
779 0.000057
780 0.000017
781 0.000000
782 0.000001
783 0.000000
