0 0.003629
1 0.002468
2 0.001879
3 0.002041
4 0.001684
5 0.001380
6 0.001228
7 0.001159
8 0.000034
9 0.000002
10 0.000002
11 0.000002
12 0.000003
13 0.000006
14 0.000009
15 0.000013
16 0.000004
17 0.000002
18 0.000004
19 0.000020
20 0.000064
21 0.000070
22 0.000108
23 0.000119
24 0.000095
25 0.000105
26 0.000158
27 0.000174
28 0.004464
29 0.003428
30 0.002157
31 0.001684
32 0.001595
33 0.001431
34 0.001159
35 0.000406
36 0.000006
37 0.000001
38 0.000001
39 0.000001
40 0.000002
41 0.000003
42 0.000008
43 0.000009
44 0.000005
45 0.000003
46 0.000002
47 0.000012
48 0.000041
49 0.000064
50 0.000001
51 0.000001
52 0.000086
53 0.000130
54 0.000106
55 0.000199
56 0.006227
57 0.004337
58 0.003108
59 0.001968
60 0.001431
61 0.001159
62 0.001094
63 0.000063
64 0.000002
65 0.000001
66 0.000001
67 0.000001
68 0.000001
69 0.000002
70 0.000003
71 0.000007
72 0.000008
73 0.000003
74 0.000002
75 0.000004
76 0.000001
77 0.000001
78 0.000001
79 0.000001
80 0.000001
81 0.000086
82 0.000166
83 0.000933
84 0.009892
85 0.006282
86 0.004049
87 0.002437
88 0.001463
89 0.001094
90 0.000975
91 0.000010
92 0.000001
93 0.000001
94 0.000001
95 0.000001
96 0.000001
97 0.000001
98 0.000002
99 0.000004
100 0.000007
101 0.000002
102 0.000001
103 0.000001
104 0.000001
105 0.000001
106 0.000001
107 0.000001
108 0.000008
109 0.000157
110 0.000806
111 0.003077
112 0.016619
113 0.010964
114 0.006841
115 0.003879
116 0.000001
117 0.000001
118 0.000001
119 0.000001
120 0.000001
121 0.000001
122 0.000001
123 0.000001
124 0.000001
125 0.000001
126 0.000001
127 0.000001
128 0.000001
129 0.000001
130 0.000001
131 0.000001
132 0.000001
133 0.000001
134 0.000001
135 0.000003
136 0.000129
137 0.000638
138 0.002569
139 0.012722
140 0.015805
141 0.015962
142 0.012162
143 0.007814
144 0.000001
145 0.000001
146 0.000001
147 0.000001
148 0.000001
149 0.000001
150 0.000001
151 0.000001
152 0.000001
153 0.000001
154 0.000001
155 0.000001
156 0.000001
157 0.000001
158 0.000001
159 0.000001
160 0.000001
161 0.000001
162 0.000002
163 0.000051
164 0.000693
165 0.002146
166 0.011282
167 0.008100
168 0.006160
169 0.015141
170 0.015978
171 0.013819
172 0.000001
173 0.000001
174 0.000001
175 0.000001
176 0.000001
177 0.000001
178 0.000001
179 0.000001
180 0.000001
181 0.000001
182 0.000001
183 0.000001
184 0.000001
185 0.000001
186 0.000001
187 0.000001
188 0.000001
189 0.000002
190 0.000012
191 0.000629
192 0.002779
193 0.009637
194 0.006070
195 0.006330
196 0.002505
197 0.004736
198 0.011955
199 0.015330
200 0.000017
201 0.000001
202 0.000001
203 0.000001
204 0.000001
205 0.000001
206 0.000001
207 0.000001
208 0.000001
209 0.000001
210 0.000001
211 0.000001
212 0.000001
213 0.000001
214 0.000001
215 0.000001
216 0.000001
217 0.000003
218 0.000032
219 0.000762
220 0.011592
221 0.006648
222 0.006101
223 0.004163
224 0.001320
225 0.001804
226 0.003070
227 0.009570
228 0.014664
229 0.000001
230 0.000001
231 0.000001
232 0.000001
233 0.000001
234 0.000001
235 0.000001
236 0.000001
237 0.000001
238 0.000001
239 0.000001
240 0.000001
241 0.000001
242 0.000001
243 0.000001
244 0.000002
245 0.000003
246 0.000004
247 0.000083
248 0.000134
249 0.000226
250 0.000322
251 0.000447
252 0.001033
253 0.000810
254 0.001294
255 0.001616
256 0.001386
257 0.000001
258 0.000001
259 0.000001
260 0.000001
261 0.000001
262 0.000001
263 0.000001
264 0.000001
265 0.000001
266 0.000001
267 0.000001
268 0.000001
269 0.000001
270 0.000001
271 0.000004
272 0.000010
273 0.000005
274 0.000002
275 0.000008
276 0.000009
277 0.000012
278 0.000017
279 0.000027
280 0.000776
281 0.000298
282 0.000171
283 0.000098
284 0.000106
285 0.000001
286 0.000001
287 0.000001
288 0.000001
289 0.000001
290 0.000001
291 0.000001
292 0.000001
293 0.000001
294 0.000001
295 0.000001
296 0.000001
297 0.000001
298 0.000003
299 0.000143
300 0.000388
301 0.000031
302 0.000011
303 0.000472
304 0.000144
305 0.000011
306 0.000004
307 0.000003
308 0.000230
309 0.000102
310 0.000043
311 0.000021
312 0.000001
313 0.000001
314 0.000001
315 0.000001
316 0.000001
317 0.000001
318 0.000001
319 0.000001
320 0.000001
321 0.000001
322 0.000001
323 0.000001
324 0.000001
325 0.000001
326 0.000002
327 0.000049
328 0.999961
329 0.000840
330 0.000071
331 0.000396
332 0.000941
333 0.000124
334 0.000031
335 0.000005
336 0.000086
337 0.000056
338 0.000038
339 0.000018
340 0.000001
341 0.000001
342 0.000001
343 0.000001
344 0.000001
345 0.000001
346 0.000001
347 0.000001
348 0.000001
349 0.000001
350 0.000001
351 0.000001
352 0.000001
353 0.000001
354 0.000002
355 0.000009
356 0.000170
357 0.000033
358 0.000008
359 0.000016
360 0.001327
361 0.000202
362 0.000043
363 0.000012
364 0.000073
365 0.000066
366 0.000036
367 0.000016
368 0.000001
369 0.000001
370 0.000001
371 0.000001
372 0.000001
373 0.000001
374 0.000001
375 0.000001
376 0.000001
377 0.000001
378 0.000001
379 0.000001
380 0.000001
381 0.000002
382 0.000002
383 0.000005
384 0.000007
385 0.000006
386 0.000002
387 0.000001
388 0.000007
389 0.000010
390 0.000064
391 0.000090
392 0.000045
393 0.000026
394 0.000015
395 0.000001
396 0.000001
397 0.000001
398 0.000001
399 0.000001
400 0.000001
401 0.000001
402 0.000001
403 0.000001
404 0.000002
405 0.000002
406 0.000002
407 0.000002
408 0.000002
409 0.000002
410 0.000002
411 0.000003
412 0.000002
413 0.000002
414 0.000001
415 0.000001
416 0.000001
417 0.000004
418 0.000010
419 0.000011
420 0.000028
421 0.000016
422 0.000011
423 0.000001
424 0.000001
425 0.000001
426 0.000001
427 0.000001
428 0.000001
429 0.000001
430 0.000001
431 0.000001
432 0.000001
433 0.000004
434 0.000035
435 0.000022
436 0.000005
437 0.000002
438 0.000002
439 0.000002
440 0.000001
441 0.000001
442 0.000001
443 0.000001
444 0.000001
445 0.000001
446 0.000002
447 0.000004
448 0.000037
449 0.000016
450 0.000011
451 0.000001
452 0.000001
453 0.000001
454 0.000001
455 0.000001
456 0.000001
457 0.000001
458 0.000001
459 0.000001
460 0.000001
461 0.000004
462 0.000149
463 0.999960
464 0.000056
465 0.000004
466 0.000002
467 0.000001
468 0.000001
469 0.000001
470 0.000001
471 0.000001
472 0.000001
473 0.000001
474 0.000001
475 0.000002
476 0.000165
477 0.000071
478 0.000002
479 0.000001
480 0.000001
481 0.000001
482 0.000001
483 0.000001
484 0.000001
485 0.000001
486 0.000001
487 0.000001
488 0.000001
489 0.000003
490 0.000013
491 0.000073
492 0.000101
493 0.000007
494 0.000002
495 0.000001
496 0.000001
497 0.000001
498 0.000001
499 0.000001
500 0.000001
501 0.000001
502 0.000001
503 0.000005
504 0.001142
505 0.000518
506 0.000001
507 0.000001
508 0.000001
509 0.000001
510 0.000001
511 0.000001
512 0.000001
513 0.000001
514 0.000001
515 0.000001
516 0.000002
517 0.000002
518 0.000002
519 0.000003
520 0.000004
521 0.000005
522 0.000003
523 0.000001
524 0.000001
525 0.000001
526 0.000001
527 0.000001
528 0.000001
529 0.000001
530 0.000014
531 0.000101
532 0.001083
533 0.000995
534 0.000001
535 0.000001
536 0.000001
537 0.000001
538 0.000001
539 0.000001
540 0.000001
541 0.000001
542 0.000001
543 0.000002
544 0.000002
545 0.000001
546 0.000001
547 0.000001
548 0.000001
549 0.000003
550 0.000003
551 0.000002
552 0.000001
553 0.000001
554 0.000001
555 0.000001
556 0.000001
557 0.000002
558 0.000101
559 0.000108
560 0.001288
561 0.001237
562 0.000001
563 0.000001
564 0.000001
565 0.000001
566 0.000001
567 0.000001
568 0.000001
569 0.000002
570 0.000002
571 0.000001
572 0.000001
573 0.000001
574 0.000001
575 0.000001
576 0.000001
577 0.000001
578 0.000002
579 0.000002
580 0.000002
581 0.000001
582 0.000001
583 0.000001
584 0.000001
585 0.000101
586 0.000108
587 0.000145
588 0.001525
589 0.001288
590 0.000004
591 0.000001
592 0.000001
593 0.000001
594 0.000001
595 0.000002
596 0.000002
597 0.000001
598 0.000001
599 0.000001
600 0.000001
601 0.000001
602 0.000001
603 0.000001
604 0.000001
605 0.000001
606 0.000001
607 0.000002
608 0.000004
609 0.000003
610 0.000002
611 0.000003
612 0.000119
613 0.000101
614 0.000135
615 0.000145
616 0.001645
617 0.001525
618 0.001288
619 0.000009
620 0.000001
621 0.000001
622 0.000001
623 0.000002
624 0.000001
625 0.000001
626 0.000001
627 0.000001
628 0.000001
629 0.000001
630 0.000001
631 0.000001
632 0.000001
633 0.000001
634 0.000001
635 0.000001
636 0.000002
637 0.000007
638 0.000028
639 0.000906
640 0.000331
641 0.000171
642 0.000001
643 0.000001
644 0.001708
645 0.001645
646 0.001584
647 0.001341
648 0.000147
649 0.000001
650 0.000001
651 0.000001
652 0.000001
653 0.000001
654 0.000001
655 0.000001
656 0.000001
657 0.000014
658 0.000017
659 0.000003
660 0.000001
661 0.000001
662 0.000001
663 0.000001
664 0.000002
665 0.000157
666 0.010053
667 0.003938
668 0.001282
669 0.000001
670 0.000001
671 0.000001
672 0.000001
673 0.001708
674 0.001645
675 0.001396
676 0.001525
677 0.001288
678 0.000001
679 0.000001
680 0.000002
681 0.000040
682 0.001002
683 0.000061
684 0.000014
685 0.000021
686 0.000024
687 0.000026
688 0.000030
689 0.000050
690 0.000007
691 0.000013
692 0.000126
693 0.003956
694 0.010066
695 0.010046
696 0.000001
697 0.000001
698 0.000001
699 0.000001
700 0.000001
701 0.000001
702 0.001708
703 0.001645
704 0.001584
705 0.001526
706 0.001351
707 0.002941
708 0.005790
709 0.010015
710 0.003199
711 0.000218
712 0.000028
713 0.000018
714 0.000032
715 0.000037
716 0.000040
717 0.000042
718 0.000061
719 0.000088
720 0.000318
721 0.001282
722 0.005539
723 0.000001
724 0.000001
725 0.000001
726 0.000001
727 0.000001
728 0.000001
729 0.000001
730 0.000001
731 0.000001
732 0.001646
733 0.001630
734 0.002366
735 0.004529
736 0.010012
737 0.010012
738 0.010002
739 0.000588
740 0.000063
741 0.000026
742 0.000035
743 0.000040
744 0.000053
745 0.000057
746 0.000066
747 0.000091
748 0.000160
749 0.000591
750 0.000001
751 0.000001
752 0.000001
753 0.000001
754 0.000001
755 0.000001
756 0.000001
757 0.000001
758 0.000001
759 0.000001
760 0.000001
761 0.002216
762 0.004105
763 0.007841
764 0.010014
765 0.010005
766 0.009998
767 0.001710
768 0.000149
769 0.000036
770 0.000037
771 0.000042
772 0.000057
773 0.000077
774 0.000065
775 0.000075
776 0.000104
777 0.000001
778 0.000026
779 0.000043
780 0.000001
781 0.000001
782 0.000001
783 0.000001
