0 0.005246
1 0.004685
2 0.004370
3 0.004681
4 0.004391
5 0.004125
6 0.002964
7 0.001880
8 0.000355
9 0.000301
10 0.002383
11 0.003055
12 0.000804
13 0.000335
14 0.000190
15 0.000085
16 0.000041
17 0.000024
18 0.000113
19 0.000661
20 0.002374
21 0.003392
22 0.005134
23 0.005135
24 0.004864
25 0.004863
26 0.004111
27 0.003369
28 0.005771
29 0.005577
30 0.004395
31 0.004370
32 0.004379
33 0.004396
34 0.003781
35 0.001851
36 0.000214
37 0.000684
38 0.003084
39 0.002734
40 0.000434
41 0.000255
42 0.000118
43 0.000048
44 0.000022
45 0.000023
46 0.000045
47 0.000452
48 0.002925
49 0.004863
50 0.000001
51 0.000000
52 0.004863
53 0.004029
54 0.002851
55 0.002481
56 0.012393
57 0.006563
58 0.005376
59 0.004395
60 0.004371
61 0.004098
62 0.004113
63 0.001379
64 0.000368
65 0.002297
66 0.005587
67 0.000912
68 0.000266
69 0.000121
70 0.000054
71 0.000024
72 0.000018
73 0.000017
74 0.000028
75 0.000263
76 0.000003
77 0.000000
78 0.000000
79 0.000000
80 0.000000
81 0.002725
82 0.002326
83 0.001833
84 0.014467
85 0.014049
86 0.009064
87 0.005785
88 0.004109
89 0.004086
90 0.004098
91 0.000735
92 0.000897
93 0.006086
94 0.005016
95 0.000406
96 0.000190
97 0.000080
98 0.000032
99 0.000015
100 0.000015
101 0.000007
102 0.000000
103 0.000000
104 0.000000
105 0.000000
106 0.000000
107 0.000000
108 0.000000
109 0.001910
110 0.001689
111 0.001996
112 0.015193
113 0.015600
114 0.016445
115 0.010203
116 0.000000
117 0.000000
118 0.000001
119 0.000002
120 0.000318
121 0.014108
122 0.003385
123 0.000374
124 0.000101
125 0.000039
126 0.000014
127 0.000001
128 0.000000
129 0.000000
130 0.000000
131 0.000000
132 0.000000
133 0.000000
134 0.000000
135 0.000000
136 0.000372
137 0.001363
138 0.001622
139 0.001951
140 0.009760
141 0.015317
142 0.016677
143 0.020156
144 0.000061
145 0.000001
146 0.000000
147 0.000000
148 0.000002
149 0.000049
150 0.000006
151 0.000007
152 0.000003
153 0.000000
154 0.000000
155 0.000000
156 0.000000
157 0.000000
158 0.000000
159 0.000000
160 0.000000
161 0.000000
162 0.000000
163 0.000001
164 0.001380
165 0.001306
166 0.001581
167 0.001647
168 0.009917
169 0.009761
170 0.013155
171 0.016486
172 0.010387
173 0.000281
174 0.000001
175 0.000001
176 0.000003
177 0.000006
178 0.000000
179 0.000000
180 0.000000
181 0.000000
182 0.000000
183 0.000000
184 0.000000
185 0.000000
186 0.000000
187 0.000000
188 0.000000
189 0.000000
190 0.000000
191 0.000046
192 0.001165
193 0.001216
194 0.001270
195 0.001654
196 0.010002
197 0.009958
198 0.009799
199 0.013267
200 0.015536
201 0.003578
202 0.000027
203 0.000027
204 0.000019
205 0.000000
206 0.000000
207 0.000000
208 0.000000
209 0.000000
210 0.000000
211 0.000000
212 0.000000
213 0.000000
214 0.000000
215 0.000000
216 0.000000
217 0.000000
218 0.000001
219 0.000165
220 0.001165
221 0.001216
222 0.001311
223 0.001549
224 0.011796
225 0.010003
226 0.010001
227 0.009837
228 0.009688
229 0.001705
230 0.000079
231 0.000032
232 0.000014
233 0.000000
234 0.000000
235 0.000000
236 0.000000
237 0.000000
238 0.000000
239 0.000000
240 0.000000
241 0.000000
242 0.000000
243 0.000000
244 0.000000
245 0.000000
246 0.000001
247 0.000180
248 0.000270
249 0.000337
250 0.000607
251 0.001098
252 0.005726
253 0.008786
254 0.011702
255 0.006334
256 0.001718
257 0.000062
258 0.000127
259 0.000084
260 0.000006
261 0.000001
262 0.000000
263 0.000000
264 0.000000
265 0.000000
266 0.000000
267 0.000000
268 0.000000
269 0.000000
270 0.000000
271 0.000000
272 0.000000
273 0.000000
274 0.000000
275 0.000054
276 0.000085
277 0.000174
278 0.000335
279 0.000704
280 0.002038
281 0.001360
282 0.001319
283 0.000855
284 0.000369
285 0.000009
286 0.000050
287 0.001189
288 0.000084
289 0.000004
290 0.000002
291 0.000000
292 0.000000
293 0.000000
294 0.000000
295 0.000000
296 0.000000
297 0.000000
298 0.000000
299 0.000000
300 0.000000
301 0.000000
302 0.000000
303 0.000068
304 0.000130
305 0.000265
306 0.000432
307 0.000800
308 0.000190
309 0.000113
310 0.000114
311 0.000105
312 0.000042
313 0.000120
314 0.000877
315 0.011136
316 0.000564
317 0.000022
318 0.000001
319 0.000000
320 0.000001
321 0.000003
322 0.000003
323 0.000000
324 0.000000
325 0.000000
326 0.000000
327 0.000000
328 0.000000
329 0.000000
330 0.000000
331 0.000016
332 0.000287
333 0.000523
334 0.000791
335 0.000952
336 0.000058
337 0.000032
338 0.000024
339 0.000098
340 0.000020
341 0.000657
342 0.028213
343 0.999976
344 0.000088
345 0.000002
346 0.000001
347 0.000001
348 0.000025
349 0.000209
350 0.000004
351 0.000000
352 0.000000
353 0.000000
354 0.000000
355 0.000000
356 0.000000
357 0.000000
358 0.000000
359 0.000003
360 0.000692
361 0.000810
362 0.000777
363 0.000546
364 0.000050
365 0.000072
366 0.000102
367 0.000133
368 0.000018
369 0.000751
370 0.070623
371 0.000397
372 0.000004
373 0.000001
374 0.000011
375 0.000093
376 0.001241
377 0.000042
378 0.000001
379 0.000000
380 0.000000
381 0.000000
382 0.000000
383 0.000000
384 0.000000
385 0.000000
386 0.000000
387 0.000001
388 0.000175
389 0.000494
390 0.000340
391 0.000258
392 0.000103
393 0.000140
394 0.000209
395 0.000060
396 0.000042
397 0.000295
398 0.000735
399 0.000003
400 0.000001
401 0.000018
402 0.000436
403 0.999989
404 0.000094
405 0.000002
406 0.000000
407 0.000000
408 0.000000
409 0.000000
410 0.000000
411 0.000000
412 0.000000
413 0.000000
414 0.000000
415 0.000000
416 0.000006
417 0.000189
418 0.000149
419 0.000110
420 0.000252
421 0.000293
422 0.000274
423 0.000009
424 0.000007
425 0.000076
426 0.000002
427 0.000000
428 0.000001
429 0.000026
430 0.002235
431 0.000079
432 0.000003
433 0.000000
434 0.000000
435 0.000000
436 0.000001
437 0.000007
438 0.000012
439 0.000001
440 0.000000
441 0.000000
442 0.000000
443 0.000000
444 0.000000
445 0.000073
446 0.000093
447 0.000108
448 0.000511
449 0.000276
450 0.000130
451 0.000004
452 0.000004
453 0.000005
454 0.000000
455 0.000000
456 0.000001
457 0.000051
458 0.000004
459 0.000001
460 0.000000
461 0.000000
462 0.000000
463 0.000000
464 0.000001
465 0.000121
466 0.999992
467 0.000011
468 0.000000
469 0.000000
470 0.000000
471 0.000000
472 0.000000
473 0.000016
474 0.000079
475 0.000147
476 0.001943
477 0.000468
478 0.000032
479 0.000001
480 0.000003
481 0.000001
482 0.000000
483 0.000000
484 0.000002
485 0.000001
486 0.000000
487 0.000000
488 0.000000
489 0.000000
490 0.000000
491 0.000001
492 0.000005
493 0.000078
494 0.001400
495 0.000238
496 0.000000
497 0.000000
498 0.000000
499 0.000000
500 0.000000
501 0.000003
502 0.000250
503 0.000467
504 0.004304
505 0.001036
506 0.000014
507 0.000005
508 0.000010
509 0.000000
510 0.000000
511 0.000001
512 0.000000
513 0.000000
514 0.000000
515 0.000000
516 0.000000
517 0.000000
518 0.000001
519 0.000001
520 0.000001
521 0.000008
522 0.000041
523 0.000020
524 0.000008
525 0.000000
526 0.000000
527 0.000000
528 0.000000
529 0.000003
530 0.000943
531 0.001914
532 0.001695
533 0.000833
534 0.000019
535 0.000080
536 0.000031
537 0.000002
538 0.000002
539 0.000001
540 0.000000
541 0.000000
542 0.000000
543 0.000000
544 0.000000
545 0.000000
546 0.000000
547 0.000000
548 0.000000
549 0.000001
550 0.000000
551 0.000002
552 0.000016
553 0.000023
554 0.000001
555 0.000000
556 0.000001
557 0.000032
558 0.002292
559 0.001967
560 0.000944
561 0.001243
562 0.000159
563 0.000157
564 0.000142
565 0.000025
566 0.000019
567 0.000000
568 0.000000
569 0.000000
570 0.000000
571 0.000000
572 0.000000
573 0.000000
574 0.000000
575 0.000000
576 0.000000
577 0.000000
578 0.000000
579 0.000000
580 0.000012
581 0.000232
582 0.000257
583 0.000008
584 0.000032
585 0.005399
586 0.003718
587 0.002877
588 0.001565
589 0.002804
590 0.000607
591 0.000693
592 0.000038
593 0.000024
594 0.000002
595 0.000001
596 0.000000
597 0.000001
598 0.000000
599 0.000000
600 0.000000
601 0.000000
602 0.000000
603 0.000000
604 0.000000
605 0.000000
606 0.000000
607 0.000001
608 0.000001
609 0.000032
610 0.000266
611 0.000606
612 0.010005
613 0.008109
614 0.006021
615 0.004559
616 0.003467
617 0.006309
618 0.010004
619 0.001552
620 0.000048
621 0.000006
622 0.000002
623 0.000001
624 0.000002
625 0.000001
626 0.000000
627 0.000000
628 0.000000
629 0.000000
630 0.000000
631 0.000001
632 0.000001
633 0.000000
634 0.000000
635 0.000000
636 0.000000
637 0.000002
638 0.000497
639 0.008228
640 0.009855
641 0.010005
642 0.000000
643 0.000000
644 0.006390
645 0.010003
646 0.010005
647 0.010005
648 0.002595
649 0.000018
650 0.000001
651 0.000001
652 0.000001
653 0.000001
654 0.000002
655 0.000010
656 0.000051
657 0.000577
658 0.002319
659 0.000486
660 0.000082
661 0.000013
662 0.000003
663 0.000001
664 0.000003
665 0.000105
666 0.005331
667 0.006618
668 0.008379
669 0.000000
670 0.000000
671 0.000000
672 0.000000
673 0.010005
674 0.010005
675 0.005565
676 0.002957
677 0.001339
678 0.000021
679 0.000013
680 0.000024
681 0.000079
682 0.000486
683 0.000462
684 0.000499
685 0.001668
686 0.004471
687 0.007016
688 0.007420
689 0.010276
690 0.001578
691 0.000636
692 0.001238
693 0.006258
694 0.005510
695 0.005551
696 0.000000
697 0.000000
698 0.000000
699 0.000000
700 0.000000
701 0.000000
702 0.006636
703 0.003588
704 0.001658
705 0.001134
706 0.000934
707 0.000892
708 0.000814
709 0.000663
710 0.000538
711 0.000486
712 0.001092
713 0.003758
714 0.008904
715 0.007164
716 0.007636
717 0.008309
718 0.010007
719 0.010008
720 0.010005
721 0.008024
722 0.006438
723 0.000000
724 0.000000
725 0.000000
726 0.000000
727 0.000000
728 0.000000
729 0.000000
730 0.000000
731 0.000000
732 0.001253
733 0.001184
734 0.000978
735 0.000934
736 0.000892
737 0.000730
738 0.000663
739 0.000744
740 0.002347
741 0.006805
742 0.010001
743 0.008697
744 0.007831
745 0.007557
746 0.008769
747 0.010007
748 0.010007
749 0.010004
750 0.000000
751 0.000000
752 0.000000
753 0.000000
754 0.000000
755 0.000000
756 0.000000
757 0.000000
758 0.000000
759 0.000000
760 0.000000
761 0.001236
762 0.001184
763 0.000978
764 0.000934
765 0.000892
766 0.000853
767 0.001547
768 0.004064
769 0.010000
770 0.010001
771 0.011989
772 0.007907
773 0.005608
774 0.006638
775 0.010039
776 0.010007
777 0.000000
778 0.000360
779 0.000163
780 0.000001
781 0.000000
782 0.000000
783 0.000000
