0 0.002187
1 0.002074
2 0.001712
3 0.001866
4 0.001528
5 0.001244
6 0.001103
7 0.001040
8 0.000195
9 0.000071
10 0.000291
11 0.003593
12 0.007097
13 0.000922
14 0.000264
15 0.000096
16 0.000054
17 0.000028
18 0.000094
19 0.000438
20 0.000940
21 0.000990
22 0.001426
23 0.002673
24 0.004168
25 0.007549
26 0.007715
27 0.006724
28 0.001813
29 0.001967
30 0.001617
31 0.001528
32 0.001444
33 0.001291
34 0.001039
35 0.000618
36 0.000067
37 0.000024
38 0.000379
39 0.003712
40 0.007577
41 0.001754
42 0.000435
43 0.000065
44 0.000032
45 0.000020
46 0.000027
47 0.000168
48 0.000750
49 0.001097
50 0.000021
51 0.000001
52 0.007549
53 0.007715
54 0.005647
55 0.003833
56 0.003007
57 0.001618
58 0.001528
59 0.001444
60 0.001291
61 0.001039
62 0.000979
63 0.000245
64 0.000030
65 0.000020
66 0.000495
67 0.002765
68 0.003595
69 0.003192
70 0.000590
71 0.000085
72 0.000020
73 0.000012
74 0.000010
75 0.000050
76 0.000012
77 0.000006
78 0.000002
79 0.000001
80 0.000001
81 0.005552
82 0.003676
83 0.002100
84 0.005303
85 0.002779
86 0.001491
87 0.001103
88 0.001039
89 0.000979
90 0.000870
91 0.000085
92 0.000011
93 0.000052
94 0.000378
95 0.001401
96 0.001033
97 0.003191
98 0.001204
99 0.000142
100 0.000016
101 0.000004
102 0.000001
103 0.000001
104 0.000001
105 0.000006
106 0.000001
107 0.000001
108 0.000000
109 0.002963
110 0.001951
111 0.001353
112 0.010012
113 0.005257
114 0.002717
115 0.001373
116 0.000001
117 0.000000
118 0.000001
119 0.000000
120 0.000001
121 0.000085
122 0.000623
123 0.000383
124 0.000454
125 0.001106
126 0.001622
127 0.000022
128 0.000001
129 0.000001
130 0.000001
131 0.000001
132 0.000002
133 0.000003
134 0.000001
135 0.000000
136 0.000144
137 0.001526
138 0.001041
139 0.001340
140 0.010011
141 0.010012
142 0.005402
143 0.003071
144 0.000001
145 0.000001
146 0.000000
147 0.000000
148 0.000001
149 0.000001
150 0.000001
151 0.000001
152 0.000003
153 0.000004
154 0.000012
155 0.000004
156 0.000001
157 0.000001
158 0.000001
159 0.000002
160 0.000004
161 0.000001
162 0.000001
163 0.000000
164 0.001386
165 0.000795
166 0.001028
167 0.001082
168 0.005450
169 0.010011
170 0.010013
171 0.006180
172 0.000135
173 0.000001
174 0.000001
175 0.000000
176 0.000001
177 0.000001
178 0.000001
179 0.000001
180 0.000000
181 0.000000
182 0.000001
183 0.000001
184 0.000001
185 0.000001
186 0.000002
187 0.000005
188 0.000002
189 0.000001
190 0.000000
191 0.000002
192 0.000693
193 0.000738
194 0.000779
195 0.001139
196 0.002593
197 0.004264
198 0.007376
199 0.010012
200 0.000199
201 0.000147
202 0.000001
203 0.000000
204 0.000000
205 0.000001
206 0.000001
207 0.000001
208 0.000001
209 0.000001
210 0.000001
211 0.000001
212 0.000001
213 0.000001
214 0.000002
215 0.000002
216 0.000001
217 0.000000
218 0.000000
219 0.000026
220 0.000699
221 0.000747
222 0.000845
223 0.001024
224 0.001067
225 0.001683
226 0.002684
227 0.005800
228 0.010012
229 0.000049
230 0.000002
231 0.000001
232 0.000000
233 0.000001
234 0.000001
235 0.000001
236 0.000001
237 0.000002
238 0.000002
239 0.000002
240 0.000008
241 0.000010
242 0.000003
243 0.000001
244 0.000000
245 0.000000
246 0.000000
247 0.000044
248 0.000081
249 0.000118
250 0.000225
251 0.000335
252 0.000924
253 0.000696
254 0.001011
255 0.001431
256 0.000997
257 0.000003
258 0.000003
259 0.000008
260 0.000001
261 0.000001
262 0.000001
263 0.000001
264 0.000001
265 0.000001
266 0.000001
267 0.000005
268 0.000178
269 0.999977
270 0.000004
271 0.000001
272 0.000000
273 0.000000
274 0.000001
275 0.000014
276 0.000015
277 0.000026
278 0.000040
279 0.000069
280 0.000693
281 0.000293
282 0.000186
283 0.000107
284 0.000182
285 0.000001
286 0.000002
287 0.001354
288 0.000419
289 0.000002
290 0.000001
291 0.000001
292 0.000001
293 0.000001
294 0.000001
295 0.000002
296 0.000033
297 0.000026
298 0.000003
299 0.000001
300 0.000001
301 0.000001
302 0.000001
303 0.000071
304 0.000058
305 0.000046
306 0.000035
307 0.000036
308 0.000508
309 0.000199
310 0.000084
311 0.000077
312 0.000027
313 0.000002
314 0.000002
315 0.000246
316 0.999971
317 0.000069
318 0.000001
319 0.000001
320 0.000001
321 0.000001
322 0.000001
323 0.000001
324 0.000001
325 0.000001
326 0.000001
327 0.000001
328 0.000001
329 0.000001
330 0.000002
331 0.000032
332 0.000218
333 0.000156
334 0.000120
335 0.000123
336 0.001053
337 0.000737
338 0.000890
339 0.000594
340 0.000010
341 0.000002
342 0.000002
343 0.000072
344 0.004474
345 0.001909
346 0.000002
347 0.000001
348 0.000001
349 0.000001
350 0.000001
351 0.000001
352 0.000001
353 0.000001
354 0.000001
355 0.000001
356 0.000001
357 0.000001
358 0.000001
359 0.000004
360 0.000309
361 0.000348
362 0.000447
363 0.000286
364 0.012057
365 0.014562
366 0.008180
367 0.003097
368 0.000003
369 0.000002
370 0.000012
371 0.000024
372 0.000140
373 0.000071
374 0.000003
375 0.000001
376 0.000001
377 0.000001
378 0.000001
379 0.000001
380 0.000001
381 0.000000
382 0.000001
383 0.000001
384 0.000001
385 0.000001
386 0.000001
387 0.000001
388 0.000141
389 0.000416
390 0.000348
391 0.000474
392 0.009627
393 0.018873
394 0.018088
395 0.000728
396 0.000003
397 0.000014
398 0.000903
399 0.000024
400 0.000003
401 0.000003
402 0.000002
403 0.000003
404 0.000002
405 0.000001
406 0.000001
407 0.000001
408 0.000001
409 0.000000
410 0.000000
411 0.000001
412 0.000001
413 0.000001
414 0.000001
415 0.000001
416 0.000004
417 0.000339
418 0.000633
419 0.000626
420 0.001790
421 0.001401
422 0.002704
423 0.000111
424 0.000045
425 0.000263
426 0.006757
427 0.000017
428 0.000001
429 0.000001
430 0.000002
431 0.000004
432 0.000002
433 0.000001
434 0.000001
435 0.000001
436 0.000001
437 0.000000
438 0.000000
439 0.000001
440 0.000001
441 0.000001
442 0.000001
443 0.000001
444 0.000001
445 0.000104
446 0.000222
447 0.000414
448 0.000370
449 0.000299
450 0.001351
451 0.000007
452 0.000008
453 0.002372
454 0.999959
455 0.000018
456 0.000001
457 0.000002
458 0.000003
459 0.000002
460 0.000001
461 0.000001
462 0.000001
463 0.000001
464 0.000001
465 0.000001
466 0.000000
467 0.000001
468 0.000001
469 0.000001
470 0.000001
471 0.000001
472 0.000001
473 0.000005
474 0.000075
475 0.000243
476 0.002081
477 0.002054
478 0.000254
479 0.000002
480 0.000005
481 0.000261
482 0.000027
483 0.000003
484 0.000001
485 0.000002
486 0.000004
487 0.000002
488 0.000001
489 0.000001
490 0.000001
491 0.000001
492 0.000001
493 0.000001
494 0.000000
495 0.000001
496 0.000001
497 0.000001
498 0.000001
499 0.000001
500 0.000001
501 0.000001
502 0.000064
503 0.000249
504 0.029074
505 0.015135
506 0.000181
507 0.000003
508 0.000016
509 0.000017
510 0.000001
511 0.000001
512 0.000001
513 0.000001
514 0.000002
515 0.000002
516 0.000001
517 0.000001
518 0.000001
519 0.000001
520 0.000001
521 0.000001
522 0.000001
523 0.000001
524 0.000001
525 0.000001
526 0.000001
527 0.000001
528 0.000001
529 0.000001
530 0.000329
531 0.000851
532 0.029024
533 0.025343
534 0.000067
535 0.000011
536 0.000825
537 0.000005
538 0.000001
539 0.000001
540 0.000001
541 0.000001
542 0.000001
543 0.000001
544 0.000001
545 0.000001
546 0.000001
547 0.000001
548 0.000001
549 0.000001
550 0.000001
551 0.000001
552 0.000001
553 0.000001
554 0.000001
555 0.000001
556 0.000001
557 0.000006
558 0.000848
559 0.000883
560 0.018246
561 0.010012
562 0.000074
563 0.000087
564 0.000180
565 0.000004
566 0.000001
567 0.000001
568 0.000001
569 0.000001
570 0.000001
571 0.000001
572 0.000001
573 0.000001
574 0.000001
575 0.000001
576 0.000001
577 0.000001
578 0.000001
579 0.000001
580 0.000001
581 0.000001
582 0.000001
583 0.000001
584 0.000003
585 0.000848
586 0.000883
587 0.001049
588 0.010010
589 0.010004
590 0.001579
591 0.000483
592 0.000022
593 0.000001
594 0.000001
595 0.000001
596 0.000001
597 0.000001
598 0.000001
599 0.000001
600 0.000001
601 0.000001
602 0.000001
603 0.000001
604 0.000001
605 0.000001
606 0.000001
607 0.000001
608 0.000001
609 0.000001
610 0.000001
611 0.000005
612 0.000814
613 0.000848
614 0.001009
615 0.001049
616 0.010002
617 0.009999
618 0.010001
619 0.003340
620 0.000017
621 0.000002
622 0.000001
623 0.000001
624 0.000001
625 0.000001
626 0.000001
627 0.000001
628 0.000001
629 0.000001
630 0.000001
631 0.000001
632 0.000001
633 0.000001
634 0.000001
635 0.000001
636 0.000001
637 0.000001
638 0.000007
639 0.000814
640 0.000848
641 0.001009
642 0.000001
643 0.000001
644 0.009998
645 0.010000
646 0.010005
647 0.010010
648 0.004019
649 0.000021
650 0.000003
651 0.000001
652 0.000001
653 0.000001
654 0.000001
655 0.000002
656 0.000041
657 0.001163
658 0.000618
659 0.000028
660 0.000003
661 0.000002
662 0.000001
663 0.000001
664 0.000001
665 0.000011
666 0.000814
667 0.000971
668 0.001009
669 0.000001
670 0.000001
671 0.000001
672 0.000001
673 0.010005
674 0.010009
675 0.010010
676 0.010007
677 0.010005
678 0.000116
679 0.000048
680 0.000053
681 0.000150
682 0.000343
683 0.000126
684 0.000255
685 0.000808
686 0.000882
687 0.000643
688 0.000521
689 0.001736
690 0.001070
691 0.000183
692 0.000222
693 0.001034
694 0.000848
695 0.001009
696 0.000001
697 0.000001
698 0.000001
699 0.000001
700 0.000001
701 0.000001
702 0.010009
703 0.010008
704 0.010004
705 0.010001
706 0.009999
707 0.004878
708 0.002606
709 0.001410
710 0.000680
711 0.000156
712 0.000205
713 0.000471
714 0.001179
715 0.000793
716 0.000968
717 0.002901
718 0.010007
719 0.007214
720 0.003337
721 0.001890
722 0.001113
723 0.000001
724 0.000001
725 0.000001
726 0.000001
727 0.000001
728 0.000001
729 0.000001
730 0.000001
731 0.000001
732 0.010001
733 0.009999
734 0.006295
735 0.003515
736 0.001749
737 0.001512
738 0.001410
739 0.000313
740 0.000155
741 0.000272
742 0.000769
743 0.001034
744 0.001553
745 0.004675
746 0.010011
747 0.010004
748 0.006242
749 0.003461
750 0.000001
751 0.000001
752 0.000001
753 0.000001
754 0.000001
755 0.000001
756 0.000001
757 0.000001
758 0.000000
759 0.000000
760 0.000001
761 0.007998
762 0.004558
763 0.002318
764 0.001809
765 0.001749
766 0.001692
767 0.000666
768 0.000157
769 0.000226
770 0.000534
771 0.001163
772 0.002451
773 0.007440
774 0.010013
775 0.010008
776 0.010002
777 0.000001
778 0.000087
779 0.000030
780 0.000001
781 0.000001
782 0.000001
783 0.000001
