0 0.010004
1 0.010003
2 0.008881
3 0.006151
4 0.003719
5 0.001963
6 0.001782
7 0.001698
8 0.000423
9 0.000118
10 0.000146
11 0.000253
12 0.000280
13 0.000330
14 0.000256
15 0.000182
16 0.000143
17 0.000196
18 0.000720
19 0.002540
20 0.004918
21 0.005752
22 0.006692
23 0.005464
24 0.003388
25 0.002415
26 0.002443
27 0.002443
28 0.011152
29 0.010004
30 0.010003
31 0.008809
32 0.005248
33 0.002975
34 0.001698
35 0.001125
36 0.000171
37 0.000045
38 0.000070
39 0.000130
40 0.000241
41 0.000325
42 0.000478
43 0.000394
44 0.000230
45 0.000200
46 0.000290
47 0.001211
48 0.005627
49 0.006170
50 0.000002
51 0.000000
52 0.002415
53 0.002443
54 0.002183
55 0.002443
56 0.008531
57 0.012037
58 0.010005
59 0.010004
60 0.008702
61 0.004311
62 0.002422
63 0.000516
64 0.000087
65 0.000030
66 0.000042
67 0.000068
68 0.000128
69 0.000275
70 0.000698
71 0.000843
72 0.000478
73 0.000173
74 0.000127
75 0.000693
76 0.000008
77 0.000001
78 0.000000
79 0.000000
80 0.000000
81 0.002183
82 0.002443
83 0.002012
84 0.005949
85 0.008762
86 0.011343
87 0.010006
88 0.010003
89 0.007459
90 0.004019
91 0.000326
92 0.000035
93 0.000023
94 0.000022
95 0.000032
96 0.000071
97 0.000368
98 0.001051
99 0.002323
100 0.000820
101 0.000075
102 0.000000
103 0.000000
104 0.000000
105 0.000000
106 0.000000
107 0.000001
108 0.000013
109 0.002117
110 0.001958
111 0.002068
112 0.002874
113 0.005922
114 0.007964
115 0.011024
116 0.000000
117 0.000001
118 0.000000
119 0.000000
120 0.000000
121 0.000007
122 0.000019
123 0.000019
124 0.000051
125 0.000306
126 0.001822
127 0.000222
128 0.000003
129 0.000000
130 0.000000
131 0.000000
132 0.000000
133 0.000000
134 0.000000
135 0.000001
136 0.001605
137 0.001650
138 0.001711
139 0.001813
140 0.002464
141 0.002568
142 0.005004
143 0.007024
144 0.000001
145 0.000000
146 0.000000
147 0.000000
148 0.000000
149 0.000000
150 0.000000
151 0.000000
152 0.000001
153 0.000002
154 0.000005
155 0.000001
156 0.000001
157 0.000000
158 0.000000
159 0.000000
160 0.000000
161 0.000000
162 0.000001
163 0.000972
164 0.001752
165 0.001401
166 0.001458
167 0.001661
168 0.001870
169 0.002032
170 0.002195
171 0.003862
172 0.000001
173 0.000001
174 0.000001
175 0.000001
176 0.000000
177 0.000000
178 0.000000
179 0.000000
180 0.000000
181 0.000000
182 0.000000
183 0.000000
184 0.000000
185 0.000000
186 0.000000
187 0.000000
188 0.000000
189 0.000000
190 0.000022
191 0.000741
192 0.001223
193 0.001113
194 0.001645
195 0.003085
196 0.001698
197 0.001618
198 0.001469
199 0.001648
200 0.000475
201 0.000000
202 0.000000
203 0.000001
204 0.000002
205 0.000000
206 0.000000
207 0.000000
208 0.000000
209 0.000000
210 0.000000
211 0.000000
212 0.000000
213 0.000000
214 0.000000
215 0.000000
216 0.000000
217 0.000001
218 0.000432
219 0.000409
220 0.001045
221 0.001853
222 0.002908
223 0.005256
224 0.001618
225 0.001347
226 0.001216
227 0.001201
228 0.001170
229 0.000001
230 0.000000
231 0.000000
232 0.000001
233 0.000001
234 0.000000
235 0.000000
236 0.000000
237 0.000000
238 0.000000
239 0.000000
240 0.000000
241 0.000000
242 0.000000
243 0.000000
244 0.000000
245 0.000001
246 0.000018
247 0.000066
248 0.000218
249 0.000553
250 0.001560
251 0.002992
252 0.001542
253 0.001216
254 0.001156
255 0.000701
256 0.000171
257 0.000001
258 0.000000
259 0.000000
260 0.000000
261 0.000001
262 0.000012
263 0.000041
264 0.000063
265 0.000001
266 0.000000
267 0.000000
268 0.000000
269 0.000000
270 0.000000
271 0.000000
272 0.000000
273 0.000001
274 0.000001
275 0.000032
276 0.000084
277 0.000266
278 0.000459
279 0.000483
280 0.001216
281 0.000465
282 0.000256
283 0.000077
284 0.000037
285 0.000000
286 0.000000
287 0.000000
288 0.000000
289 0.000001
290 0.000596
291 0.999986
292 0.000138
293 0.000005
294 0.000001
295 0.000000
296 0.000000
297 0.000000
298 0.000000
299 0.000001
300 0.000001
301 0.000001
302 0.000001
303 0.000095
304 0.000192
305 0.000208
306 0.000150
307 0.000108
308 0.000309
309 0.000136
310 0.000052
311 0.000021
312 0.000003
313 0.000000
314 0.000000
315 0.000000
316 0.000000
317 0.000001
318 0.000076
319 0.000870
320 0.000244
321 0.000012
322 0.000001
323 0.000001
324 0.000000
325 0.000000
326 0.000001
327 0.000003
328 0.000007
329 0.000001
330 0.000001
331 0.000027
332 0.000148
333 0.000094
334 0.000073
335 0.000064
336 0.000139
337 0.000049
338 0.000035
339 0.000049
340 0.000003
341 0.000000
342 0.000000
343 0.000000
344 0.000000
345 0.000000
346 0.000001
347 0.000010
348 0.000227
349 0.000148
350 0.000005
351 0.000000
352 0.000000
353 0.000000
354 0.000001
355 0.000522
356 0.000894
357 0.000003
358 0.000001
359 0.000002
360 0.000051
361 0.000043
362 0.000034
363 0.000039
364 0.000263
365 0.000225
366 0.000246
367 0.000183
368 0.000002
369 0.000000
370 0.000000
371 0.000000
372 0.000000
373 0.000000
374 0.000000
375 0.000001
376 0.000024
377 0.000237
378 0.000004
379 0.000000
380 0.000000
381 0.000000
382 0.000004
383 0.002791
384 0.999980
385 0.000022
386 0.000000
387 0.000001
388 0.000015
389 0.000034
390 0.000029
391 0.000041
392 0.001700
393 0.001430
394 0.001640
395 0.000295
396 0.000001
397 0.000000
398 0.000000
399 0.000000
400 0.000000
401 0.000000
402 0.000000
403 0.000001
404 0.000002
405 0.000002
406 0.000003
407 0.000001
408 0.000000
409 0.000000
410 0.000003
411 0.000394
412 0.000452
413 0.000085
414 0.000001
415 0.000000
416 0.000005
417 0.000086
418 0.000071
419 0.000051
420 0.004734
421 0.008473
422 0.009892
423 0.000133
424 0.000001
425 0.000000
426 0.000000
427 0.000000
428 0.000000
429 0.000001
430 0.000001
431 0.000001
432 0.000000
433 0.000000
434 0.000001
435 0.000001
436 0.000001
437 0.000002
438 0.000002
439 0.000004
440 0.000006
441 0.000031
442 0.000001
443 0.000000
444 0.000001
445 0.000232
446 0.000175
447 0.000124
448 0.055947
449 0.043891
450 0.023020
451 0.000056
452 0.000001
453 0.000000
454 0.000000
455 0.000001
456 0.000004
457 0.000002
458 0.000001
459 0.000000
460 0.000000
461 0.000000
462 0.000000
463 0.000001
464 0.000001
465 0.000002
466 0.000003
467 0.000001
468 0.000001
469 0.000002
470 0.000004
471 0.000000
472 0.000001
473 0.000093
474 0.000424
475 0.000406
476 0.046057
477 0.046928
478 0.014592
479 0.000026
480 0.000001
481 0.000001
482 0.000002
483 0.000020
484 0.000109
485 0.000044
486 0.000001
487 0.000000
488 0.000000
489 0.000000
490 0.000000
491 0.000000
492 0.000001
493 0.000001
494 0.000001
495 0.000001
496 0.000000
497 0.000001
498 0.000002
499 0.000001
500 0.000001
501 0.000036
502 0.001791
503 0.002344
504 0.010006
505 0.014294
506 0.001009
507 0.000003
508 0.000001
509 0.000003
510 0.000091
511 0.001258
512 0.999983
513 0.000022
514 0.000001
515 0.000000
516 0.000000
517 0.000000
518 0.000000
519 0.000000
520 0.000000
521 0.000001
522 0.000001
523 0.000000
524 0.000000
525 0.000000
526 0.000001
527 0.000006
528 0.000001
529 0.000050
530 0.008863
531 0.017998
532 0.008584
533 0.004583
534 0.000037
535 0.000000
536 0.000001
537 0.000022
538 0.001240
539 0.010620
540 0.000323
541 0.000010
542 0.000001
543 0.000000
544 0.000000
545 0.000000
546 0.000000
547 0.000000
548 0.000000
549 0.000000
550 0.000000
551 0.000000
552 0.000000
553 0.000000
554 0.000001
555 0.000009
556 0.000037
557 0.000308
558 0.017983
559 0.018098
560 0.004148
561 0.002311
562 0.000017
563 0.000001
564 0.000003
565 0.000194
566 0.001926
567 0.000541
568 0.000016
569 0.000001
570 0.000001
571 0.000000
572 0.000000
573 0.000000
574 0.000000
575 0.000000
576 0.000000
577 0.000000
578 0.000000
579 0.000000
580 0.000001
581 0.000001
582 0.000002
583 0.000017
584 0.000177
585 0.010000
586 0.018082
587 0.018190
588 0.002445
589 0.001383
590 0.000272
591 0.000008
592 0.000063
593 0.000739
594 0.000148
595 0.000010
596 0.000001
597 0.000000
598 0.000000
599 0.000000
600 0.000000
601 0.000000
602 0.000000
603 0.000000
604 0.000000
605 0.000000
606 0.000000
607 0.000001
608 0.000002
609 0.000005
610 0.000006
611 0.000126
612 0.010007
613 0.010002
614 0.010000
615 0.012749
616 0.001752
617 0.003624
618 0.006330
619 0.002504
620 0.001107
621 0.000145
622 0.000003
623 0.000001
624 0.000000
625 0.000000
626 0.000000
627 0.000000
628 0.000000
629 0.000000
630 0.000000
631 0.000001
632 0.000001
633 0.000001
634 0.000001
635 0.000001
636 0.000003
637 0.000019
638 0.000618
639 0.010013
640 0.010011
641 0.010006
642 0.000000
643 0.000000
644 0.003696
645 0.006226
646 0.012174
647 0.010007
648 0.005642
649 0.000040
650 0.000001
651 0.000000
652 0.000000
653 0.000001
654 0.000002
655 0.000002
656 0.000002
657 0.000008
658 0.000025
659 0.000023
660 0.000012
661 0.000004
662 0.000002
663 0.000001
664 0.000008
665 0.000516
666 0.028018
667 0.025007
668 0.010012
669 0.000000
670 0.000000
671 0.000000
672 0.000000
673 0.011767
674 0.010006
675 0.008664
676 0.004860
677 0.002360
678 0.000024
679 0.000013
680 0.000026
681 0.000097
682 0.000668
683 0.000152
684 0.000028
685 0.000016
686 0.000055
687 0.000244
688 0.000336
689 0.000472
690 0.000083
691 0.000056
692 0.000314
693 0.008720
694 0.014073
695 0.027031
696 0.000000
697 0.000000
698 0.000000
699 0.000000
700 0.000000
701 0.000000
702 0.010003
703 0.005736
704 0.002856
705 0.001420
706 0.001195
707 0.001147
708 0.001057
709 0.000880
710 0.000730
711 0.000355
712 0.000077
713 0.000037
714 0.000127
715 0.000390
716 0.000407
717 0.000425
718 0.000537
719 0.000561
720 0.000689
721 0.001818
722 0.008823
723 0.000000
724 0.000000
725 0.000000
726 0.000000
727 0.000000
728 0.000000
729 0.000000
730 0.000000
731 0.000000
732 0.001743
733 0.001476
734 0.001245
735 0.001195
736 0.001147
737 0.000959
738 0.000881
739 0.000844
740 0.000174
741 0.000123
742 0.000220
743 0.000407
744 0.000493
745 0.000514
746 0.000561
747 0.000675
748 0.000705
749 0.000915
750 0.000000
751 0.000000
752 0.000000
753 0.000000
754 0.000000
755 0.000000
756 0.000000
757 0.000000
758 0.000000
759 0.000000
760 0.000000
761 0.001534
762 0.001476
763 0.001245
764 0.001195
765 0.001147
766 0.001102
767 0.001059
768 0.000468
769 0.000401
770 0.000390
771 0.000426
772 0.000514
773 0.000621
774 0.000561
775 0.000612
776 0.000734
777 0.000002
778 0.000589
779 0.001118
780 0.000201
781 0.000001
782 0.000000
783 0.000000
