0 0.002203
1 0.002089
2 0.001723
3 0.001878
4 0.001536
5 0.001248
6 0.001105
7 0.001041
8 0.000244
9 0.000048
10 0.000035
11 0.000028
12 0.000030
13 0.000027
14 0.000025
15 0.000026
16 0.000039
17 0.000101
18 0.001178
19 0.006454
20 0.006202
21 0.002852
22 0.002426
23 0.002196
24 0.001767
25 0.001637
26 0.001859
27 0.001939
28 0.001825
29 0.001981
30 0.001627
31 0.001536
32 0.001451
33 0.001296
34 0.001041
35 0.000682
36 0.000091
37 0.000023
38 0.000020
39 0.000021
40 0.000019
41 0.000022
42 0.000024
43 0.000028
44 0.000059
45 0.000197
46 0.000449
47 0.001383
48 0.003059
49 0.002168
50 0.000000
51 0.000000
52 0.001517
53 0.001709
54 0.001555
55 0.001859
56 0.001981
57 0.001627
58 0.001536
59 0.001451
60 0.001296
61 0.001041
62 0.000980
63 0.000296
64 0.000045
65 0.000014
66 0.000018
67 0.000014
68 0.000011
69 0.000014
70 0.000023
71 0.000043
72 0.000156
73 0.000236
74 0.000121
75 0.000276
76 0.000000
77 0.000000
78 0.000000
79 0.000000
80 0.000000
81 0.001421
82 0.001709
83 0.001555
84 0.001878
85 0.001536
86 0.001248
87 0.001105
88 0.001041
89 0.000980
90 0.000869
91 0.000113
92 0.000017
93 0.000011
94 0.000010
95 0.000010
96 0.000009
97 0.000021
98 0.000036
99 0.000107
100 0.000224
101 0.000027
102 0.000000
103 0.000000
104 0.000000
105 0.000000
106 0.000000
107 0.000000
108 0.000000
109 0.001359
110 0.001421
111 0.001709
112 0.001536
113 0.001451
114 0.001105
115 0.001041
116 0.000000
117 0.000000
118 0.000000
119 0.000000
120 0.000000
121 0.000002
122 0.000008
123 0.000008
124 0.000012
125 0.000027
126 0.000084
127 0.000002
128 0.000000
129 0.000000
130 0.000000
131 0.000000
132 0.000000
133 0.000000
134 0.000000
135 0.000000
136 0.000003
137 0.001121
138 0.001359
139 0.001639
140 0.001451
141 0.001174
142 0.001041
143 0.000980
144 0.000000
145 0.000000
146 0.000000
147 0.000000
148 0.000000
149 0.000000
150 0.000000
151 0.000000
152 0.000000
153 0.000000
154 0.000000
155 0.000000
156 0.000000
157 0.000000
158 0.000000
159 0.000000
160 0.000000
161 0.000000
162 0.000000
163 0.000000
164 0.001137
165 0.001069
166 0.001299
167 0.001359
168 0.001391
169 0.001041
170 0.000980
171 0.000869
172 0.000006
173 0.000000
174 0.000000
175 0.000000
176 0.000000
177 0.000000
178 0.000000
179 0.000000
180 0.000000
181 0.000000
182 0.000000
183 0.000000
184 0.000000
185 0.000000
186 0.000000
187 0.000000
188 0.000000
189 0.000000
190 0.000000
191 0.000000
192 0.000928
193 0.000972
194 0.001020
195 0.001459
196 0.001834
197 0.001314
198 0.000779
199 0.000686
200 0.001190
201 0.000003
202 0.000000
203 0.000000
204 0.000000
205 0.000000
206 0.000000
207 0.000000
208 0.000000
209 0.000000
210 0.000000
211 0.000000
212 0.000000
213 0.000000
214 0.000000
215 0.000000
216 0.000000
217 0.000000
218 0.000000
219 0.000001
220 0.000928
221 0.000972
222 0.001132
223 0.001384
224 0.003026
225 0.001803
226 0.001191
227 0.000721
228 0.000472
229 0.000003
230 0.000000
231 0.000000
232 0.000000
233 0.000000
234 0.000000
235 0.000000
236 0.000000
237 0.000000
238 0.000000
239 0.000000
240 0.000000
241 0.000000
242 0.000000
243 0.000000
244 0.000000
245 0.000000
246 0.000000
247 0.000009
248 0.000019
249 0.000036
250 0.000087
251 0.000174
252 0.003785
253 0.003083
254 0.002112
255 0.000557
256 0.000032
257 0.000001
258 0.000000
259 0.000000
260 0.000000
261 0.000000
262 0.000000
263 0.000000
264 0.000000
265 0.000000
266 0.000000
267 0.000000
268 0.000000
269 0.000000
270 0.000000
271 0.000000
272 0.000000
273 0.000000
274 0.000000
275 0.000002
276 0.000003
277 0.000005
278 0.000009
279 0.000015
280 0.003537
281 0.000747
282 0.000245
283 0.000028
284 0.000005
285 0.000000
286 0.000000
287 0.000000
288 0.000000
289 0.000000
290 0.000000
291 0.000000
292 0.000000
293 0.000000
294 0.000000
295 0.000000
296 0.000000
297 0.000000
298 0.000000
299 0.000000
300 0.000000
301 0.000000
302 0.000000
303 0.000002
304 0.000003
305 0.000004
306 0.000005
307 0.000009
308 0.000245
309 0.000071
310 0.000023
311 0.000008
312 0.000001
313 0.000000
314 0.000000
315 0.000000
316 0.000000
317 0.000000
318 0.000000
319 0.000000
320 0.000000
321 0.000000
322 0.000000
323 0.000000
324 0.000000
325 0.000000
326 0.000000
327 0.000000
328 0.000000
329 0.000000
330 0.000000
331 0.000000
332 0.000003
333 0.000005
334 0.000008
335 0.000019
336 0.000060
337 0.000023
338 0.000012
339 0.000007
340 0.000000
341 0.000000
342 0.000000
343 0.000000
344 0.000000
345 0.000000
346 0.000000
347 0.000000
348 0.000000
349 0.000000
350 0.000000
351 0.000000
352 0.000000
353 0.000000
354 0.000000
355 0.000000
356 0.000000
357 0.000000
358 0.000000
359 0.000000
360 0.000005
361 0.000010
362 0.000021
363 0.000033
364 0.000073
365 0.000048
366 0.000022
367 0.000011
368 0.000000
369 0.000000
370 0.000000
371 0.000000
372 0.000000
373 0.000000
374 0.000000
375 0.000000
376 0.000000
377 0.000000
378 0.000000
379 0.000000
380 0.000000
381 0.000000
382 0.000000
383 0.000000
384 0.000000
385 0.000000
386 0.000000
387 0.000000
388 0.000003
389 0.000026
390 0.000031
391 0.000037
392 0.000102
393 0.000055
394 0.000025
395 0.000003
396 0.000000
397 0.000000
398 0.000000
399 0.000004
400 0.000063
401 0.000002
402 0.000000
403 0.000000
404 0.000000
405 0.000000
406 0.000000
407 0.000000
408 0.000000
409 0.000000
410 0.000000
411 0.000000
412 0.000000
413 0.000000
414 0.000000
415 0.000000
416 0.000000
417 0.000028
418 0.000035
419 0.000047
420 0.000017
421 0.000024
422 0.000034
423 0.000001
424 0.000000
425 0.000000
426 0.000000
427 0.000436
428 0.025052
429 0.000047
430 0.000000
431 0.000000
432 0.000000
433 0.000000
434 0.000000
435 0.000000
436 0.000000
437 0.000000
438 0.000000
439 0.000000
440 0.000000
441 0.000000
442 0.000000
443 0.000000
444 0.000000
445 0.000047
446 0.000048
447 0.000037
448 0.000007
449 0.000005
450 0.000006
451 0.000000
452 0.000000
453 0.000000
454 0.000009
455 0.002801
456 0.029675
457 0.000000
458 0.000000
459 0.000000
460 0.000000
461 0.000000
462 0.000000
463 0.000000
464 0.000000
465 0.000000
466 0.000000
467 0.000000
468 0.000000
469 0.000000
470 0.000000
471 0.000000
472 0.000000
473 0.000004
474 0.000018
475 0.000026
476 0.000018
477 0.000007
478 0.000001
479 0.000000
480 0.000000
481 0.000001
482 0.000353
483 0.999997
484 0.000009
485 0.000000
486 0.000000
487 0.000000
488 0.000000
489 0.000000
490 0.000000
491 0.000000
492 0.000000
493 0.000000
494 0.000000
495 0.000000
496 0.000000
497 0.000000
498 0.000000
499 0.000000
500 0.000000
501 0.000000
502 0.000019
503 0.000027
504 0.000154
505 0.000064
506 0.000003
507 0.000000
508 0.000000
509 0.000013
510 0.000922
511 0.000002
512 0.000000
513 0.000000
514 0.000000
515 0.000000
516 0.000000
517 0.000000
518 0.000001
519 0.000000
520 0.000002
521 0.000000
522 0.000000
523 0.000000
524 0.000000
525 0.000000
526 0.000000
527 0.000000
528 0.000000
529 0.000000
530 0.000058
531 0.000134
532 0.000147
533 0.000690
534 0.000023
535 0.000001
536 0.000022
537 0.000312
538 0.000002
539 0.000000
540 0.000000
541 0.000000
542 0.000000
543 0.000000
544 0.000000
545 0.000000
546 0.000031
547 1.000000
548 0.000345
549 0.000000
550 0.000000
551 0.000000
552 0.000000
553 0.000000
554 0.000000
555 0.000000
556 0.000000
557 0.000001
558 0.000134
559 0.000141
560 0.001395
561 0.003659
562 0.000115
563 0.000009
564 0.000194
565 0.000190
566 0.000001
567 0.000000
568 0.000000
569 0.000000
570 0.000000
571 0.000000
572 0.000000
573 0.000000
574 0.000003
575 0.009161
576 0.000491
577 0.000000
578 0.000000
579 0.000000
580 0.000000
581 0.000000
582 0.000000
583 0.000000
584 0.000000
585 0.000134
586 0.000141
587 0.000178
588 0.005286
589 0.014966
590 0.001351
591 0.000105
592 0.000114
593 0.000002
594 0.000000
595 0.000000
596 0.000000
597 0.000000
598 0.000000
599 0.000000
600 0.000000
601 0.000000
602 0.000000
603 0.000001
604 0.000002
605 0.000000
606 0.000000
607 0.000001
608 0.000000
609 0.000000
610 0.000000
611 0.000001
612 0.000127
613 0.000134
614 0.000169
615 0.000178
616 0.021235
617 0.010005
618 0.010004
619 0.001348
620 0.000028
621 0.000000
622 0.000000
623 0.000000
624 0.000000
625 0.000000
626 0.000000
627 0.000000
628 0.000000
629 0.000000
630 0.000001
631 0.000001
632 0.000000
633 0.000000
634 0.000000
635 0.000011
636 0.000006
637 0.000002
638 0.000001
639 0.000127
640 0.000134
641 0.000169
642 0.000000
643 0.000000
644 0.010004
645 0.010003
646 0.003225
647 0.000841
648 0.000136
649 0.000001
650 0.000000
651 0.000000
652 0.000000
653 0.000000
654 0.000000
655 0.000000
656 0.000001
657 0.000034
658 0.001064
659 0.000045
660 0.000000
661 0.000000
662 0.000001
663 0.000001
664 0.000001
665 0.000026
666 0.000127
667 0.000160
668 0.000169
669 0.000000
670 0.000000
671 0.000000
672 0.000000
673 0.003377
674 0.001180
675 0.000342
676 0.000254
677 0.000189
678 0.000003
679 0.000003
680 0.000004
681 0.000011
682 0.000015
683 0.000010
684 0.000026
685 0.000235
686 0.000608
687 0.000091
688 0.000003
689 0.000151
690 0.006717
691 0.000453
692 0.000229
693 0.000642
694 0.000286
695 0.000169
696 0.000000
697 0.000000
698 0.000000
699 0.000000
700 0.000000
701 0.000000
702 0.000485
703 0.000290
704 0.000271
705 0.000254
706 0.000189
707 0.000177
708 0.000154
709 0.000114
710 0.000140
711 0.000072
712 0.000059
713 0.001076
714 0.000280
715 0.000002
716 0.000003
717 0.000142
718 0.019053
719 0.042965
720 0.006908
721 0.001929
722 0.000693
723 0.000000
724 0.000000
725 0.000000
726 0.000000
727 0.000000
728 0.000000
729 0.000000
730 0.000000
731 0.000000
732 0.000290
733 0.000271
734 0.000203
735 0.000189
736 0.000177
737 0.000338
738 0.001537
739 0.000624
740 0.000107
741 0.001241
742 0.000120
743 0.000001
744 0.000001
745 0.000206
746 0.005562
747 0.042165
748 0.010000
749 0.006994
750 0.000000
751 0.000000
752 0.000000
753 0.000000
754 0.000000
755 0.000000
756 0.000000
757 0.000000
758 0.000000
759 0.000000
760 0.000000
761 0.000290
762 0.000271
763 0.000203
764 0.000238
765 0.000988
766 0.005320
767 0.001609
768 0.003810
769 0.000631
770 0.000017
771 0.000001
772 0.000003
773 0.000117
774 0.002464
775 0.011082
776 0.065265
777 0.000001
778 0.000134
779 0.000024
780 0.000000
781 0.000000
782 0.000000
783 0.000000
