0 0.002271
1 0.003108
2 0.003856
3 0.006014
4 0.005748
5 0.005495
6 0.005496
7 0.003798
8 0.000669
9 0.000100
10 0.000145
11 0.000380
12 0.000773
13 0.000512
14 0.000187
15 0.000070
16 0.000064
17 0.000051
18 0.000322
19 0.001871
20 0.004462
21 0.004132
22 0.003293
23 0.002546
24 0.001912
25 0.001988
26 0.002322
27 0.002409
28 0.001887
29 0.002045
30 0.002512
31 0.003707
32 0.005747
33 0.005749
34 0.005496
35 0.003969
36 0.000554
37 0.000192
38 0.000200
39 0.000661
40 0.000605
41 0.000307
42 0.000099
43 0.000063
44 0.000048
45 0.000065
46 0.000118
47 0.000857
48 0.003867
49 0.003009
50 0.000000
51 0.000000
52 0.001838
53 0.002158
54 0.001988
55 0.002322
56 0.002045
57 0.001685
58 0.001592
59 0.002326
60 0.003495
61 0.005493
62 0.005495
63 0.002137
64 0.000499
65 0.000427
66 0.000826
67 0.000807
68 0.000397
69 0.000131
70 0.000060
71 0.000049
72 0.000055
73 0.000054
74 0.000053
75 0.000339
76 0.000002
77 0.000000
78 0.000000
79 0.000000
80 0.000000
81 0.001838
82 0.002158
83 0.001989
84 0.001944
85 0.001592
86 0.001297
87 0.001291
88 0.001987
89 0.003216
90 0.005493
91 0.001089
92 0.000357
93 0.000921
94 0.003281
95 0.001653
96 0.000293
97 0.000071
98 0.000056
99 0.000045
100 0.000057
101 0.000016
102 0.000000
103 0.000000
104 0.000000
105 0.000000
106 0.000000
107 0.000000
108 0.000001
109 0.001768
110 0.001838
111 0.002376
112 0.002777
113 0.001585
114 0.001151
115 0.001084
116 0.000000
117 0.000000
118 0.000000
119 0.000000
120 0.000001
121 0.000724
122 0.009061
123 0.003245
124 0.000397
125 0.000056
126 0.000044
127 0.000003
128 0.000000
129 0.000000
130 0.000000
131 0.000000
132 0.000000
133 0.000000
134 0.000000
135 0.000001
136 0.000018
137 0.001495
138 0.002173
139 0.003489
140 0.006115
141 0.003500
142 0.001489
143 0.001047
144 0.000001
145 0.000000
146 0.000000
147 0.000000
148 0.000000
149 0.000000
150 0.000001
151 0.000001
152 0.000002
153 0.000001
154 0.000000
155 0.000000
156 0.000000
157 0.000000
158 0.000000
159 0.000000
160 0.000000
161 0.000001
162 0.000001
163 0.000001
164 0.001513
165 0.001972
166 0.003251
167 0.004497
168 0.011617
169 0.007360
170 0.004673
171 0.001899
172 0.000003
173 0.000001
174 0.000000
175 0.000000
176 0.000000
177 0.000000
178 0.000000
179 0.000000
180 0.000000
181 0.000000
182 0.000000
183 0.000000
184 0.000000
185 0.000000
186 0.000000
187 0.000000
188 0.000000
189 0.000001
190 0.000001
191 0.000000
192 0.002039
193 0.002952
194 0.004687
195 0.007031
196 0.012307
197 0.012732
198 0.009649
199 0.004872
200 0.000022
201 0.000001
202 0.000001
203 0.000000
204 0.000001
205 0.000001
206 0.000000
207 0.000000
208 0.000000
209 0.000000
210 0.000000
211 0.000000
212 0.000000
213 0.000000
214 0.000000
215 0.000000
216 0.000001
217 0.000001
218 0.000000
219 0.000019
220 0.003323
221 0.005414
222 0.007013
223 0.007030
224 0.010016
225 0.010021
226 0.012114
227 0.010954
228 0.005014
229 0.000003
230 0.000001
231 0.000000
232 0.000001
233 0.000001
234 0.000001
235 0.000000
236 0.000000
237 0.000000
238 0.000000
239 0.000000
240 0.000000
241 0.000000
242 0.000000
243 0.000000
244 0.000001
245 0.000000
246 0.000000
247 0.000076
248 0.000285
249 0.000593
250 0.001051
251 0.001260
252 0.010008
253 0.010015
254 0.010020
255 0.007600
256 0.001544
257 0.000001
258 0.000001
259 0.000001
260 0.000000
261 0.000000
262 0.000001
263 0.000001
264 0.000001
265 0.000001
266 0.000001
267 0.000000
268 0.000000
269 0.000000
270 0.000000
271 0.000001
272 0.000001
273 0.000000
274 0.000000
275 0.000022
276 0.000038
277 0.000058
278 0.000070
279 0.000082
280 0.010011
281 0.003967
282 0.001838
283 0.000670
284 0.000418
285 0.000001
286 0.000001
287 0.000003
288 0.000001
289 0.000000
290 0.000001
291 0.000001
292 0.000002
293 0.000002
294 0.000001
295 0.000000
296 0.000000
297 0.000000
298 0.000000
299 0.000001
300 0.000000
301 0.000000
302 0.000000
303 0.000035
304 0.000026
305 0.000022
306 0.000020
307 0.000017
308 0.001403
309 0.000908
310 0.000497
311 0.000256
312 0.000034
313 0.000003
314 0.000001
315 0.000007
316 0.000004
317 0.000001
318 0.000001
319 0.000001
320 0.000001
321 0.000001
322 0.000001
323 0.000001
324 0.000000
325 0.000000
326 0.000001
327 0.000001
328 0.000000
329 0.000000
330 0.000000
331 0.000002
332 0.000016
333 0.000012
334 0.000011
335 0.000019
336 0.000180
337 0.000198
338 0.000255
339 0.000233
340 0.000009
341 0.000003
342 0.000003
343 0.000020
344 0.000039
345 0.000004
346 0.000001
347 0.000001
348 0.000001
349 0.000001
350 0.000001
351 0.000001
352 0.000002
353 0.000002
354 0.000002
355 0.000001
356 0.000000
357 0.000000
358 0.000000
359 0.000000
360 0.000007
361 0.000009
362 0.000014
363 0.000016
364 0.000048
365 0.000073
366 0.000064
367 0.000073
368 0.000003
369 0.000012
370 0.000224
371 0.000097
372 0.000437
373 0.000443
374 0.000004
375 0.000001
376 0.000000
377 0.000000
378 0.000000
379 0.000001
380 0.000010
381 0.000123
382 0.000004
383 0.000001
384 0.000000
385 0.000000
386 0.000000
387 0.000000
388 0.000002
389 0.000011
390 0.000012
391 0.000017
392 0.000022
393 0.000012
394 0.000011
395 0.000008
396 0.000003
397 0.000042
398 0.999946
399 0.000481
400 0.000556
401 0.999952
402 0.000005
403 0.000001
404 0.000000
405 0.000000
406 0.000000
407 0.000001
408 0.000005
409 0.999983
410 0.000007
411 0.000001
412 0.000000
413 0.000000
414 0.000000
415 0.000000
416 0.000001
417 0.000009
418 0.000012
419 0.000015
420 0.000013
421 0.000013
422 0.000020
423 0.000002
424 0.000003
425 0.000062
426 0.005106
427 0.001944
428 0.000430
429 0.000026
430 0.000003
431 0.000001
432 0.000000
433 0.000000
434 0.000000
435 0.000001
436 0.000002
437 0.000011
438 0.000008
439 0.000001
440 0.000001
441 0.000000
442 0.000000
443 0.000000
444 0.000000
445 0.000009
446 0.000012
447 0.000015
448 0.000047
449 0.000042
450 0.000072
451 0.000003
452 0.000002
453 0.000063
454 0.000532
455 0.000262
456 0.000003
457 0.000001
458 0.000001
459 0.000001
460 0.000001
461 0.000001
462 0.000001
463 0.000001
464 0.000001
465 0.000001
466 0.000001
467 0.000001
468 0.000001
469 0.000001
470 0.000000
471 0.000000
472 0.000000
473 0.000002
474 0.000011
475 0.000022
476 0.000660
477 0.000640
478 0.000126
479 0.000004
480 0.000005
481 0.000138
482 0.000053
483 0.000002
484 0.000001
485 0.000000
486 0.000001
487 0.000001
488 0.000001
489 0.000001
490 0.000001
491 0.000001
492 0.000001
493 0.000000
494 0.000000
495 0.000001
496 0.000002
497 0.000001
498 0.000000
499 0.000000
500 0.000000
501 0.000001
502 0.000060
503 0.000067
504 0.010033
505 0.005415
506 0.000151
507 0.000014
508 0.000145
509 0.000250
510 0.000005
511 0.000001
512 0.000000
513 0.000000
514 0.000001
515 0.000001
516 0.000001
517 0.000001
518 0.000001
519 0.000001
520 0.000001
521 0.000000
522 0.000000
523 0.000000
524 0.000001
525 0.000001
526 0.000001
527 0.000000
528 0.000000
529 0.000003
530 0.000599
531 0.000663
532 0.010024
533 0.010020
534 0.000314
535 0.000155
536 0.008310
537 0.000219
538 0.000001
539 0.000000
540 0.000000
541 0.000000
542 0.000001
543 0.000001
544 0.000001
545 0.000001
546 0.000001
547 0.000001
548 0.000001
549 0.000000
550 0.000000
551 0.000000
552 0.000001
553 0.000001
554 0.000001
555 0.000001
556 0.000001
557 0.000053
558 0.003536
559 0.001914
560 0.010017
561 0.010016
562 0.000487
563 0.002105
564 0.003382
565 0.000037
566 0.000001
567 0.000000
568 0.000000
569 0.000000
570 0.000000
571 0.000000
572 0.000000
573 0.000000
574 0.000001
575 0.000001
576 0.000000
577 0.000000
578 0.000000
579 0.000000
580 0.000000
581 0.000001
582 0.000003
583 0.000003
584 0.000026
585 0.010015
586 0.010307
587 0.005703
588 0.010015
589 0.010017
590 0.001548
591 0.003555
592 0.000200
593 0.000001
594 0.000001
595 0.000001
596 0.000001
597 0.000000
598 0.000000
599 0.000000
600 0.000000
601 0.000001
602 0.000001
603 0.000000
604 0.000000
605 0.000000
606 0.000000
607 0.000000
608 0.000000
609 0.000000
610 0.000001
611 0.000007
612 0.003131
613 0.007947
614 0.010014
615 0.010016
616 0.010013
617 0.008356
618 0.003401
619 0.000283
620 0.000007
621 0.000001
622 0.000001
623 0.000001
624 0.000001
625 0.000000
626 0.000000
627 0.000000
628 0.000002
629 0.000003
630 0.000001
631 0.000001
632 0.000000
633 0.000000
634 0.000000
635 0.000000
636 0.000000
637 0.000000
638 0.000002
639 0.000564
640 0.001344
641 0.003256
642 0.000000
643 0.000000
644 0.008449
645 0.004279
646 0.001831
647 0.000785
648 0.000361
649 0.000006
650 0.000001
651 0.000001
652 0.000001
653 0.000001
654 0.000001
655 0.000006
656 0.000173
657 0.010057
658 0.001561
659 0.000007
660 0.000001
661 0.000000
662 0.000000
663 0.000000
664 0.000000
665 0.000004
666 0.000254
667 0.000326
668 0.000619
669 0.000000
670 0.000000
671 0.000000
672 0.000001
673 0.001962
674 0.001011
675 0.000825
676 0.000920
677 0.000746
678 0.000020
679 0.000012
680 0.000025
681 0.000229
682 0.000748
683 0.000291
684 0.000504
685 0.002203
686 0.000870
687 0.000164
688 0.000035
689 0.000062
690 0.000032
691 0.000009
692 0.000025
693 0.000240
694 0.000269
695 0.000345
696 0.000000
697 0.000000
698 0.000000
699 0.000000
700 0.000001
701 0.000001
702 0.001060
703 0.001011
704 0.000965
705 0.000921
706 0.000747
707 0.000711
708 0.001291
709 0.003123
710 0.004205
711 0.000516
712 0.000349
713 0.000423
714 0.000536
715 0.000221
716 0.000237
717 0.000270
718 0.000606
719 0.000227
720 0.000198
721 0.000254
722 0.000326
723 0.000000
724 0.000001
725 0.000000
726 0.000000
727 0.000000
728 0.000001
729 0.000001
730 0.000001
731 0.000001
732 0.001011
733 0.000965
734 0.000785
735 0.001036
736 0.002788
737 0.006833
738 0.010006
739 0.001132
740 0.000244
741 0.000124
742 0.000186
743 0.000248
744 0.000595
745 0.001465
746 0.001509
747 0.000536
748 0.000255
749 0.000326
750 0.000000
751 0.000000
752 0.000000
753 0.000001
754 0.000000
755 0.000000
756 0.000001
757 0.000001
758 0.000000
759 0.000000
760 0.000001
761 0.001011
762 0.000965
763 0.002090
764 0.004841
765 0.010002
766 0.010009
767 0.002609
768 0.000142
769 0.000051
770 0.000097
771 0.000333
772 0.001176
773 0.006329
774 0.002993
775 0.001045
776 0.000482
777 0.000000
778 0.000010
779 0.000006
780 0.000000
781 0.000000
782 0.000000
783 0.000000
