0 0.003254
1 0.003435
2 0.003125
3 0.003435
4 0.003125
5 0.003565
6 0.006659
7 0.009450
8 0.000190
9 0.000004
10 0.000002
11 0.000002
12 0.000002
13 0.000002
14 0.000002
15 0.000002
16 0.000002
17 0.000002
18 0.000005
19 0.000020
20 0.000059
21 0.000065
22 0.000097
23 0.000106
24 0.000086
25 0.000095
26 0.000140
27 0.000154
28 0.002590
29 0.003196
30 0.003124
31 0.003125
32 0.003125
33 0.003126
34 0.003940
35 0.002707
36 0.000050
37 0.000004
38 0.000002
39 0.000002
40 0.000002
41 0.000002
42 0.000002
43 0.000002
44 0.000002
45 0.000002
46 0.000003
47 0.000012
48 0.000040
49 0.000059
50 0.000031
51 0.000032
52 0.000078
53 0.000117
54 0.000095
55 0.000140
56 0.002488
57 0.002455
58 0.002732
59 0.003124
60 0.003124
61 0.002844
62 0.002985
63 0.000219
64 0.000014
65 0.000004
66 0.000004
67 0.000002
68 0.000002
69 0.000002
70 0.000002
71 0.000002
72 0.000002
73 0.000002
74 0.000002
75 0.000004
76 0.000024
77 0.000018
78 0.000017
79 0.000022
80 0.000032
81 0.000078
82 0.000117
83 0.000095
84 0.002208
85 0.002003
86 0.002021
87 0.002390
88 0.002843
89 0.002844
90 0.002844
91 0.000031
92 0.000004
93 0.000004
94 0.000004
95 0.000003
96 0.000002
97 0.000002
98 0.000002
99 0.000002
100 0.000002
101 0.000002
102 0.000002
103 0.000002
104 0.000006
105 0.000014
106 0.000015
107 0.000028
108 0.000043
109 0.000071
110 0.000078
111 0.000117
112 0.001835
113 0.001741
114 0.001514
115 0.001842
116 0.000001
117 0.000001
118 0.000001
119 0.000001
120 0.000001
121 0.000002
122 0.000004
123 0.000004
124 0.000003
125 0.000002
126 0.000002
127 0.000001
128 0.000001
129 0.000001
130 0.000001
131 0.000002
132 0.000003
133 0.000010
134 0.000017
135 0.000029
136 0.000164
137 0.000048
138 0.000071
139 0.000106
140 0.001741
141 0.001431
142 0.001279
143 0.001290
144 0.000001
145 0.000001
146 0.000001
147 0.000001
148 0.000001
149 0.000001
150 0.000001
151 0.000001
152 0.000001
153 0.000001
154 0.000002
155 0.000001
156 0.000001
157 0.000001
158 0.000001
159 0.000001
160 0.000002
161 0.000005
162 0.000019
163 0.000029
164 0.000049
165 0.000044
166 0.000065
167 0.000071
168 0.001431
169 0.001279
170 0.001210
171 0.001082
172 0.000001
173 0.000001
174 0.000001
175 0.000001
176 0.000001
177 0.000001
178 0.000001
179 0.000001
180 0.000001
181 0.000001
182 0.000001
183 0.000001
184 0.000001
185 0.000001
186 0.000001
187 0.000001
188 0.000001
189 0.000003
190 0.000020
191 0.000071
192 0.000033
193 0.000036
194 0.000040
195 0.000065
196 0.001279
197 0.001210
198 0.000977
199 0.000868
200 0.000001
201 0.000001
202 0.000001
203 0.000001
204 0.000001
205 0.000001
206 0.000001
207 0.000001
208 0.000001
209 0.000001
210 0.000001
211 0.000001
212 0.000001
213 0.000001
214 0.000001
215 0.000001
216 0.000001
217 0.000002
218 0.000002
219 0.000004
220 0.000033
221 0.000036
222 0.000036
223 0.000054
224 0.001210
225 0.000977
226 0.000868
227 0.000818
228 0.000610
229 0.000001
230 0.000001
231 0.000001
232 0.000001
233 0.000001
234 0.000001
235 0.000001
236 0.000001
237 0.000001
238 0.000001
239 0.000001
240 0.000001
241 0.000001
242 0.000001
243 0.000001
244 0.000001
245 0.000001
246 0.000002
247 0.000001
248 0.000002
249 0.000002
250 0.000002
251 0.000003
252 0.001144
253 0.000868
254 0.000818
255 0.000763
256 0.000461
257 0.000001
258 0.000001
259 0.000001
260 0.000001
261 0.000001
262 0.000001
263 0.000001
264 0.000001
265 0.000001
266 0.000001
267 0.000002
268 0.000001
269 0.000001
270 0.000001
271 0.000001
272 0.000001
273 0.000001
274 0.000001
275 0.000001
276 0.000001
277 0.000001
278 0.000001
279 0.000002
280 0.000868
281 0.000676
282 0.000638
283 0.000406
284 0.000346
285 0.000001
286 0.000001
287 0.000001
288 0.000001
289 0.000001
290 0.000001
291 0.000002
292 0.000002
293 0.000002
294 0.000002
295 0.000002
296 0.000002
297 0.000001
298 0.000001
299 0.000001
300 0.000001
301 0.000001
302 0.000001
303 0.000001
304 0.000001
305 0.000001
306 0.000001
307 0.000001
308 0.000887
309 0.000603
310 0.000380
311 0.000273
312 0.000005
313 0.000001
314 0.000001
315 0.000001
316 0.000001
317 0.000001
318 0.000001
319 0.000001
320 0.000002
321 0.000002
322 0.000002
323 0.000002
324 0.000002
325 0.000002
326 0.000001
327 0.000001
328 0.000001
329 0.000001
330 0.000001
331 0.000001
332 0.000001
333 0.000001
334 0.000001
335 0.000002
336 0.000673
337 0.000467
338 0.000383
339 0.000234
340 0.000002
341 0.000001
342 0.000001
343 0.000001
344 0.000001
345 0.000001
346 0.000001
347 0.000001
348 0.000002
349 0.000002
350 0.000003
351 0.000003
352 0.000002
353 0.000002
354 0.000002
355 0.000001
356 0.000001
357 0.000001
358 0.000001
359 0.000001
360 0.000001
361 0.000001
362 0.000002
363 0.000002
364 0.000502
365 0.000497
366 0.000429
367 0.000267
368 0.000001
369 0.000001
370 0.000001
371 0.000001
372 0.000001
373 0.000001
374 0.000001
375 0.000001
376 0.000001
377 0.000002
378 0.000003
379 0.000004
380 0.000003
381 0.000003
382 0.000003
383 0.000002
384 0.000001
385 0.000001
386 0.000001
387 0.000001
388 0.000002
389 0.000002
390 0.000002
391 0.000003
392 0.000323
393 0.000295
394 0.000295
395 0.000004
396 0.000001
397 0.000001
398 0.000001
399 0.000001
400 0.000001
401 0.000001
402 0.000001
403 0.000001
404 0.000001
405 0.000001
406 0.000002
407 0.000003
408 0.000004
409 0.000005
410 0.000005
411 0.000003
412 0.000002
413 0.000001
414 0.000001
415 0.000001
416 0.000002
417 0.000003
418 0.000004
419 0.000004
420 0.000298
421 0.000177
422 0.000175
423 0.000001
424 0.000001
425 0.000001
426 0.000001
427 0.000001
428 0.000001
429 0.000001
430 0.000001
431 0.000001
432 0.000001
433 0.000001
434 0.000001
435 0.000002
436 0.000003
437 0.000006
438 0.000011
439 0.000011
440 0.000004
441 0.000002
442 0.000001
443 0.000002
444 0.000002
445 0.000004
446 0.000002
447 0.000002
448 0.000321
449 0.000170
450 0.000133
451 0.000001
452 0.000001
453 0.000001
454 0.000001
455 0.000001
456 0.000001
457 0.000001
458 0.000001
459 0.000001
460 0.000001
461 0.000001
462 0.000001
463 0.000001
464 0.000002
465 0.000004
466 0.000050
467 0.000369
468 0.000027
469 0.000005
470 0.000002
471 0.000001
472 0.000001
473 0.000002
474 0.000002
475 0.000002
476 0.001282
477 0.000603
478 0.000014
479 0.000001
480 0.000001
481 0.000001
482 0.000001
483 0.000001
484 0.000001
485 0.000001
486 0.000001
487 0.000001
488 0.000001
489 0.000001
490 0.000001
491 0.000001
492 0.000002
493 0.000003
494 0.000013
495 0.999827
496 0.999795
497 0.000016
498 0.000003
499 0.000001
500 0.000001
501 0.000001
502 0.000002
503 0.000002
504 0.007020
505 0.003811
506 0.000003
507 0.000001
508 0.000001
509 0.000001
510 0.000001
511 0.000001
512 0.000001
513 0.000001
514 0.000001
515 0.000001
516 0.000001
517 0.000001
518 0.000001
519 0.000002
520 0.000002
521 0.000002
522 0.000003
523 0.000006
524 0.000028
525 0.000033
526 0.000004
527 0.000001
528 0.000001
529 0.000001
530 0.000002
531 0.000004
532 0.006975
533 0.006904
534 0.000002
535 0.000001
536 0.000001
537 0.000001
538 0.000001
539 0.000001
540 0.000001
541 0.000001
542 0.000001
543 0.000001
544 0.000001
545 0.000002
546 0.000002
547 0.000002
548 0.000002
549 0.000001
550 0.000001
551 0.000001
552 0.000003
553 0.000014
554 0.000022
555 0.000003
556 0.000001
557 0.000002
558 0.000020
559 0.000008
560 0.007126
561 0.007090
562 0.000002
563 0.000001
564 0.000001
565 0.000001
566 0.000001
567 0.000001
568 0.000001
569 0.000001
570 0.000001
571 0.000001
572 0.000002
573 0.000002
574 0.000002
575 0.000001
576 0.000001
577 0.000001
578 0.000001
579 0.000001
580 0.000001
581 0.000003
582 0.001467
583 0.000314
584 0.000085
585 0.001563
586 0.000193
587 0.000053
588 0.007283
589 0.007126
590 0.000018
591 0.000001
592 0.000001
593 0.000001
594 0.000001
595 0.000001
596 0.000002
597 0.000002
598 0.000002
599 0.000002
600 0.000002
601 0.000001
602 0.000001
603 0.000001
604 0.000001
605 0.000001
606 0.000001
607 0.000001
608 0.000001
609 0.000001
610 0.000006
611 0.002254
612 0.010031
613 0.009998
614 0.002892
615 0.000561
616 0.007356
617 0.007283
618 0.007126
619 0.000046
620 0.000002
621 0.000001
622 0.000001
623 0.000002
624 0.000003
625 0.000003
626 0.000002
627 0.000002
628 0.000001
629 0.000001
630 0.000001
631 0.000001
632 0.000001
633 0.000001
634 0.000001
635 0.000001
636 0.000001
637 0.000001
638 0.000002
639 0.000486
640 0.005254
641 0.010030
642 0.000001
643 0.000003
644 0.007393
645 0.007356
646 0.007319
647 0.007162
648 0.000819
649 0.000002
650 0.000001
651 0.000002
652 0.000002
653 0.000002
654 0.000001
655 0.000001
656 0.000001
657 0.000001
658 0.000002
659 0.000001
660 0.000001
661 0.000001
662 0.000001
663 0.000001
664 0.000001
665 0.000001
666 0.000009
667 0.000070
668 0.000535
669 0.000001
670 0.000002
671 0.000003
672 0.000001
673 0.007393
674 0.007356
675 0.007199
676 0.007283
677 0.007126
678 0.000003
679 0.000002
680 0.000004
681 0.000042
682 0.000088
683 0.000002
684 0.000001
685 0.000002
686 0.000002
687 0.000002
688 0.000002
689 0.000002
690 0.000002
691 0.000001
692 0.000002
693 0.000004
694 0.000004
695 0.000015
696 0.000001
697 0.000001
698 0.000001
699 0.000002
700 0.000001
701 0.000001
702 0.007393
703 0.007356
704 0.007319
705 0.007283
706 0.007126
707 0.007090
708 0.007020
709 0.006870
710 0.000749
711 0.000008
712 0.000002
713 0.000002
714 0.000002
715 0.000002
716 0.000002
717 0.000002
718 0.000003
719 0.000003
720 0.000003
721 0.000004
722 0.000005
723 0.000001
724 0.000002
725 0.000002
726 0.000001
727 0.000001
728 0.000001
729 0.000001
730 0.000001
731 0.000001
732 0.007356
733 0.007319
734 0.007162
735 0.007126
736 0.007090
737 0.006939
738 0.006870
739 0.000036
740 0.000002
741 0.000002
742 0.000002
743 0.000002
744 0.000003
745 0.000003
746 0.000003
747 0.000004
748 0.000004
749 0.000005
750 0.000001
751 0.000001
752 0.000001
753 0.000001
754 0.000001
755 0.000001
756 0.000001
757 0.000001
758 0.000002
759 0.000002
760 0.000001
761 0.007356
762 0.007319
763 0.007162
764 0.007126
765 0.007090
766 0.007055
767 0.000239
768 0.000005
769 0.000002
770 0.000002
771 0.000002
772 0.000003
773 0.000003
774 0.000003
775 0.000003
776 0.000004
777 0.000001
778 0.000002
779 0.000001
780 0.000001
781 0.000001
782 0.000001
783 0.000001
