0 0.005410
1 0.005410
2 0.005123
3 0.005410
4 0.004561
5 0.003488
6 0.002765
7 0.003737
8 0.001740
9 0.000848
10 0.000868
11 0.002095
12 0.003607
13 0.002353
14 0.001045
15 0.000593
16 0.000308
17 0.000140
18 0.000308
19 0.000957
20 0.001888
21 0.002667
22 0.004628
23 0.006933
24 0.007869
25 0.007869
26 0.009289
27 0.008413
28 0.005122
29 0.005410
30 0.005123
31 0.005123
32 0.005123
33 0.004237
34 0.003097
35 0.001783
36 0.000618
37 0.000355
38 0.001008
39 0.002963
40 0.006859
41 0.003269
42 0.000947
43 0.000378
44 0.000186
45 0.000102
46 0.000150
47 0.000632
48 0.002227
49 0.004010
50 0.000015
51 0.000000
52 0.007869
53 0.009515
54 0.008749
55 0.006825
56 0.005410
57 0.005122
58 0.005122
59 0.005123
60 0.005123
61 0.004614
62 0.003721
63 0.001206
64 0.000248
65 0.000187
66 0.000983
67 0.005292
68 0.010262
69 0.004478
70 0.001074
71 0.000242
72 0.000096
73 0.000073
74 0.000086
75 0.000377
76 0.000040
77 0.000003
78 0.000002
79 0.000000
80 0.000000
81 0.009087
82 0.007113
83 0.004502
84 0.004852
85 0.005122
86 0.004851
87 0.004851
88 0.004852
89 0.004852
90 0.004652
91 0.000778
92 0.000149
93 0.000188
94 0.000978
95 0.006549
96 0.008534
97 0.008718
98 0.001387
99 0.000217
100 0.000070
101 0.000033
102 0.000001
103 0.000000
104 0.000001
105 0.000008
106 0.000000
107 0.000001
108 0.000002
109 0.006559
110 0.004460
111 0.002942
112 0.004514
113 0.004329
114 0.004624
115 0.004851
116 0.000000
117 0.000000
118 0.000000
119 0.000000
120 0.000001
121 0.000122
122 0.001356
123 0.003806
124 0.010582
125 0.005726
126 0.001457
127 0.000027
128 0.000001
129 0.000000
130 0.000000
131 0.000000
132 0.000001
133 0.000012
134 0.000003
135 0.000002
136 0.002855
137 0.004046
138 0.002472
139 0.002353
140 0.005511
141 0.004355
142 0.003764
143 0.004355
144 0.000000
145 0.000000
146 0.000000
147 0.000000
148 0.000000
149 0.000000
150 0.000001
151 0.000007
152 0.000089
153 0.000053
154 0.000023
155 0.000001
156 0.000000
157 0.000000
158 0.000000
159 0.000003
160 0.000037
161 0.000006
162 0.000002
163 0.000009
164 0.003497
165 0.002057
166 0.001945
167 0.002011
168 0.008124
169 0.005218
170 0.004355
171 0.003394
172 0.000294
173 0.000000
174 0.000000
175 0.000000
176 0.000000
177 0.000000
178 0.000000
179 0.000000
180 0.000000
181 0.000000
182 0.000000
183 0.000000
184 0.000000
185 0.000000
186 0.000005
187 0.000044
188 0.000007
189 0.000001
190 0.000002
191 0.000518
192 0.001760
193 0.001532
194 0.001588
195 0.002101
196 0.010001
197 0.008926
198 0.005628
199 0.004128
200 0.002955
201 0.000005
202 0.000000
203 0.000000
204 0.000000
205 0.000000
206 0.000000
207 0.000000
208 0.000000
209 0.000000
210 0.000000
211 0.000000
212 0.000000
213 0.000001
214 0.000001
215 0.000001
216 0.000000
217 0.000000
218 0.000003
219 0.000404
220 0.001469
221 0.001527
222 0.001713
223 0.002001
224 0.008881
225 0.010002
226 0.010001
227 0.006075
228 0.004128
229 0.000307
230 0.000000
231 0.000000
232 0.000000
233 0.000000
234 0.000000
235 0.000000
236 0.000000
237 0.000000
238 0.000001
239 0.000007
240 0.000033
241 0.000021
242 0.000001
243 0.000000
244 0.000000
245 0.000000
246 0.000002
247 0.000107
248 0.000194
249 0.000282
250 0.000502
251 0.000732
252 0.005083
253 0.006927
254 0.009347
255 0.007525
256 0.002235
257 0.000088
258 0.000000
259 0.000000
260 0.000000
261 0.000000
262 0.000000
263 0.000000
264 0.000000
265 0.000000
266 0.000008
267 0.000119
268 0.999997
269 0.000943
270 0.000003
271 0.000000
272 0.000000
273 0.000000
274 0.000001
275 0.000023
276 0.000039
277 0.000067
278 0.000102
279 0.000193
280 0.002455
281 0.001959
282 0.001953
283 0.001756
284 0.001523
285 0.000026
286 0.000002
287 0.000000
288 0.000000
289 0.000000
290 0.000001
291 0.000000
292 0.000000
293 0.000001
294 0.000003
295 0.000224
296 0.000567
297 0.000505
298 0.000003
299 0.000000
300 0.000000
301 0.000000
302 0.000003
303 0.000098
304 0.000079
305 0.000072
306 0.000087
307 0.000153
308 0.000797
309 0.000545
310 0.000434
311 0.000445
312 0.000146
313 0.000014
314 0.000022
315 0.000040
316 0.000013
317 0.000001
318 0.000000
319 0.000001
320 0.000003
321 0.000007
322 0.000045
323 0.000062
324 0.000068
325 0.000005
326 0.000000
327 0.000000
328 0.000000
329 0.000000
330 0.000007
331 0.000098
332 0.000402
333 0.000408
334 0.000444
335 0.000582
336 0.000541
337 0.000340
338 0.000262
339 0.000315
340 0.000035
341 0.000007
342 0.000118
343 0.999995
344 0.000758
345 0.000005
346 0.000000
347 0.000000
348 0.000005
349 0.000059
350 0.000313
351 0.000083
352 0.000006
353 0.000000
354 0.000000
355 0.000000
356 0.000000
357 0.000000
358 0.000002
359 0.000053
360 0.002546
361 0.002737
362 0.003062
363 0.002109
364 0.000522
365 0.000572
366 0.000611
367 0.000522
368 0.000008
369 0.000004
370 0.000372
371 0.012529
372 0.002826
373 0.000035
374 0.000000
375 0.000000
376 0.000002
377 0.000091
378 0.000148
379 0.000138
380 0.000002
381 0.000000
382 0.000000
383 0.000000
384 0.000000
385 0.000000
386 0.000000
387 0.000019
388 0.002339
389 0.006447
390 0.006448
391 0.007373
392 0.000557
393 0.000645
394 0.000796
395 0.000230
396 0.000003
397 0.000006
398 0.000271
399 0.000674
400 0.000379
401 0.000007
402 0.000001
403 0.000000
404 0.000002
405 0.000006
406 0.000022
407 0.000018
408 0.000006
409 0.000000
410 0.000000
411 0.000000
412 0.000001
413 0.000000
414 0.000000
415 0.000002
416 0.000182
417 0.005168
418 0.009003
419 0.009966
420 0.001331
421 0.001170
422 0.001114
423 0.000055
424 0.000002
425 0.000005
426 0.000164
427 0.000027
428 0.000004
429 0.000003
430 0.000002
431 0.000002
432 0.000001
433 0.000001
434 0.000001
435 0.000001
436 0.000002
437 0.000011
438 0.000013
439 0.000054
440 0.000002
441 0.000002
442 0.000000
443 0.000000
444 0.000015
445 0.003100
446 0.004169
447 0.004527
448 0.004392
449 0.002829
450 0.002778
451 0.000014
452 0.000001
453 0.000041
454 0.000021
455 0.000007
456 0.000001
457 0.000002
458 0.000002
459 0.000001
460 0.000000
461 0.000000
462 0.000000
463 0.000000
464 0.000001
465 0.000044
466 0.002411
467 0.000697
468 0.000138
469 0.000003
470 0.000001
471 0.000000
472 0.000002
473 0.000251
474 0.000669
475 0.000973
476 0.007776
477 0.009048
478 0.001548
479 0.000011
480 0.000004
481 0.000052
482 0.000010
483 0.000000
484 0.000000
485 0.000001
486 0.000001
487 0.000000
488 0.000000
489 0.000000
490 0.000000
491 0.000000
492 0.000001
493 0.000035
494 0.999995
495 0.014231
496 0.000658
497 0.000164
498 0.000002
499 0.000000
500 0.000000
501 0.000014
502 0.000255
503 0.000461
504 0.011298
505 0.006658
506 0.000481
507 0.000017
508 0.000090
509 0.000096
510 0.000005
511 0.000001
512 0.000001
513 0.000001
514 0.000000
515 0.000000
516 0.000000
517 0.000000
518 0.000000
519 0.000000
520 0.000001
521 0.000027
522 0.000492
523 0.010321
524 0.004795
525 0.000434
526 0.000010
527 0.000001
528 0.000000
529 0.000007
530 0.000498
531 0.000974
532 0.007401
533 0.007368
534 0.000150
535 0.000032
536 0.000313
537 0.000047
538 0.000007
539 0.000002
540 0.000001
541 0.000000
542 0.000000
543 0.000000
544 0.000000
545 0.000000
546 0.000000
547 0.000000
548 0.000001
549 0.000010
550 0.000032
551 0.000109
552 0.002222
553 0.001711
554 0.000148
555 0.000003
556 0.000002
557 0.000038
558 0.000943
559 0.000981
560 0.006052
561 0.006499
562 0.000277
563 0.000072
564 0.000097
565 0.000012
566 0.000004
567 0.000003
568 0.000003
569 0.000004
570 0.000011
571 0.000020
572 0.000013
573 0.000001
574 0.000000
575 0.000000
576 0.000000
577 0.000001
578 0.000001
579 0.000006
580 0.000037
581 0.001468
582 0.000922
583 0.000025
584 0.000065
585 0.001979
586 0.001213
587 0.001178
588 0.007140
589 0.010001
590 0.001293
591 0.000082
592 0.000048
593 0.000004
594 0.000003
595 0.000005
596 0.000017
597 0.000134
598 0.001113
599 0.999959
600 0.003986
601 0.000042
602 0.000001
603 0.000000
604 0.000000
605 0.000000
606 0.000000
607 0.000001
608 0.000005
609 0.000051
610 0.000769
611 0.000995
612 0.005926
613 0.003415
614 0.002330
615 0.001627
616 0.010000
617 0.010001
618 0.010001
619 0.001857
620 0.000068
621 0.000012
622 0.000019
623 0.000081
624 0.000622
625 0.017355
626 0.022376
627 0.013428
628 0.004612
629 0.000543
630 0.000038
631 0.000002
632 0.000001
633 0.000000
634 0.000000
635 0.000000
636 0.000001
637 0.000010
638 0.000457
639 0.010003
640 0.010325
641 0.006875
642 0.000000
643 0.000000
644 0.010001
645 0.010001
646 0.010002
647 0.010001
648 0.004939
649 0.000344
650 0.000530
651 0.011272
652 0.021503
653 0.022443
654 0.025397
655 0.011512
656 0.000700
657 0.000758
658 0.000560
659 0.000259
660 0.000098
661 0.000023
662 0.000005
663 0.000003
664 0.000004
665 0.000117
666 0.003127
667 0.006495
668 0.010002
669 0.000000
670 0.000000
671 0.000000
672 0.000000
673 0.010001
674 0.010001
675 0.010001
676 0.010001
677 0.010414
678 0.003789
679 0.008362
680 0.013130
681 0.009626
682 0.006752
683 0.003066
684 0.001353
685 0.001824
686 0.001718
687 0.001376
688 0.000600
689 0.000623
690 0.000280
691 0.000160
692 0.000208
693 0.001007
694 0.001844
695 0.003734
696 0.000000
697 0.000000
698 0.000000
699 0.000000
700 0.000000
701 0.000000
702 0.010001
703 0.010001
704 0.010406
705 0.007337
706 0.006567
707 0.006238
708 0.009218
709 0.009343
710 0.004519
711 0.002267
712 0.001485
713 0.003039
714 0.005814
715 0.002706
716 0.001114
717 0.000564
718 0.000704
719 0.000733
720 0.000764
721 0.000907
722 0.001237
723 0.000000
724 0.000000
725 0.000000
726 0.000000
727 0.000000
728 0.000000
729 0.000000
730 0.000000
731 0.000000
732 0.007558
733 0.006143
734 0.005752
735 0.007767
736 0.010008
737 0.006430
738 0.003361
739 0.001866
740 0.002383
741 0.004434
742 0.010001
743 0.005198
744 0.002078
745 0.000893
746 0.000733
747 0.000872
748 0.000907
749 0.001074
750 0.000000
751 0.000000
752 0.000000
753 0.000000
754 0.000000
755 0.000000
756 0.000000
757 0.000000
758 0.000000
759 0.000001
760 0.000000
761 0.005750
762 0.007234
763 0.010009
764 0.008676
765 0.004835
766 0.002609
767 0.002111
768 0.003353
769 0.007114
770 0.010002
771 0.008515
772 0.003330
773 0.001628
774 0.000733
775 0.000796
776 0.000943
777 0.000001
778 0.000460
779 0.000413
780 0.000010
781 0.000000
782 0.000000
783 0.000000
