0 0.013679
1 0.014211
2 0.007784
3 0.004335
4 0.001624
5 0.000692
6 0.000329
7 0.000300
8 0.000008
9 0.000001
10 0.000001
11 0.000001
12 0.000001
13 0.000001
14 0.000001
15 0.000001
16 0.000001
17 0.000001
18 0.000002
19 0.000010
20 0.000053
21 0.000058
22 0.000088
23 0.000096
24 0.000078
25 0.000086
26 0.000127
27 0.000139
28 0.006897
29 0.013680
30 0.014953
31 0.007785
32 0.003368
33 0.001254
34 0.000483
35 0.000094
36 0.000002
37 0.000001
38 0.000001
39 0.000001
40 0.000001
41 0.000001
42 0.000001
43 0.000001
44 0.000001
45 0.000001
46 0.000001
47 0.000004
48 0.000036
49 0.000053
50 0.000001
51 0.000001
52 0.000071
53 0.000105
54 0.000086
55 0.000127
56 0.003676
57 0.006898
58 0.012365
59 0.014955
60 0.007786
61 0.002504
62 0.000886
63 0.000022
64 0.000001
65 0.000001
66 0.000001
67 0.000001
68 0.000001
69 0.000001
70 0.000001
71 0.000001
72 0.000001
73 0.000001
74 0.000001
75 0.000002
76 0.000001
77 0.000001
78 0.000001
79 0.000001
80 0.000001
81 0.000071
82 0.000105
83 0.000086
84 0.001617
85 0.002837
86 0.006225
87 0.013222
88 0.013506
89 0.007027
90 0.002391
91 0.000007
92 0.000001
93 0.000001
94 0.000001
95 0.000001
96 0.000001
97 0.000001
98 0.000001
99 0.000001
100 0.000001
101 0.000001
102 0.000001
103 0.000001
104 0.000001
105 0.000001
106 0.000001
107 0.000001
108 0.000002
109 0.000064
110 0.000071
111 0.000105
112 0.000713
113 0.001173
114 0.002081
115 0.006226
116 0.000001
117 0.000001
118 0.000001
119 0.000001
120 0.000001
121 0.000001
122 0.000001
123 0.000001
124 0.000001
125 0.000001
126 0.000001
127 0.000001
128 0.000001
129 0.000001
130 0.000001
131 0.000001
132 0.000001
133 0.000001
134 0.000001
135 0.000002
136 0.000001
137 0.000043
138 0.000064
139 0.000096
140 0.000501
141 0.000483
142 0.000794
143 0.001453
144 0.000001
145 0.000001
146 0.000001
147 0.000001
148 0.000001
149 0.000001
150 0.000001
151 0.000001
152 0.000001
153 0.000001
154 0.000001
155 0.000001
156 0.000001
157 0.000001
158 0.000001
159 0.000001
160 0.000001
161 0.000001
162 0.000001
163 0.000003
164 0.000044
165 0.000039
166 0.000059
167 0.000064
168 0.000361
169 0.000300
170 0.000330
171 0.000620
172 0.000001
173 0.000001
174 0.000001
175 0.000001
176 0.000001
177 0.000001
178 0.000001
179 0.000001
180 0.000001
181 0.000001
182 0.000001
183 0.000001
184 0.000001
185 0.000001
186 0.000001
187 0.000001
188 0.000001
189 0.000001
190 0.000002
191 0.000002
192 0.000030
193 0.000033
194 0.000036
195 0.000059
196 0.000300
197 0.000273
198 0.000193
199 0.000221
200 0.000001
201 0.000001
202 0.000001
203 0.000001
204 0.000001
205 0.000001
206 0.000001
207 0.000001
208 0.000001
209 0.000001
210 0.000001
211 0.000001
212 0.000001
213 0.000001
214 0.000001
215 0.000001
216 0.000001
217 0.000001
218 0.000003
219 0.000001
220 0.000030
221 0.000033
222 0.000041
223 0.000130
224 0.000273
225 0.000192
226 0.000159
227 0.000144
228 0.000124
229 0.000001
230 0.000001
231 0.000001
232 0.000001
233 0.000001
234 0.000001
235 0.000001
236 0.000001
237 0.000001
238 0.000001
239 0.000001
240 0.000001
241 0.000001
242 0.000001
243 0.000001
244 0.000001
245 0.000002
246 0.000002
247 0.000001
248 0.000001
249 0.000001
250 0.000002
251 0.000011
252 0.000249
253 0.000159
254 0.000144
255 0.000058
256 0.000005
257 0.000001
258 0.000001
259 0.000001
260 0.000001
261 0.000001
262 0.000001
263 0.000001
264 0.000001
265 0.000001
266 0.000001
267 0.000001
268 0.000001
269 0.000001
270 0.000001
271 0.000001
272 0.000001
273 0.000002
274 0.000001
275 0.000001
276 0.000001
277 0.000001
278 0.000001
279 0.000002
280 0.000159
281 0.000026
282 0.000009
283 0.000002
284 0.000001
285 0.000001
286 0.000001
287 0.000001
288 0.000001
289 0.000001
290 0.000001
291 0.000001
292 0.000001
293 0.000001
294 0.000001
295 0.000001
296 0.000001
297 0.000001
298 0.000001
299 0.000001
300 0.000001
301 0.000001
302 0.000001
303 0.000001
304 0.000001
305 0.000001
306 0.000001
307 0.000002
308 0.000010
309 0.000003
310 0.000002
311 0.000001
312 0.000001
313 0.000001
314 0.000001
315 0.000001
316 0.000001
317 0.000001
318 0.000001
319 0.000002
320 0.000002
321 0.000001
322 0.000001
323 0.000001
324 0.000001
325 0.000001
326 0.000001
327 0.000001
328 0.000002
329 0.000001
330 0.000001
331 0.000001
332 0.000001
333 0.000001
334 0.000002
335 0.000005
336 0.000002
337 0.000001
338 0.000001
339 0.000001
340 0.000001
341 0.000001
342 0.000001
343 0.000001
344 0.000001
345 0.000001
346 0.000001
347 0.000001
348 0.000002
349 0.000002
350 0.000001
351 0.000001
352 0.000001
353 0.000001
354 0.000001
355 0.000002
356 0.000001
357 0.000001
358 0.000001
359 0.000001
360 0.000002
361 0.000003
362 0.000002
363 0.000002
364 0.000002
365 0.000002
366 0.000001
367 0.000001
368 0.000001
369 0.000001
370 0.000001
371 0.000001
372 0.000001
373 0.000001
374 0.000001
375 0.000001
376 0.000001
377 0.000002
378 0.000003
379 0.000002
380 0.000001
381 0.000001
382 0.000002
383 0.000002
384 0.000001
385 0.000001
386 0.000001
387 0.000001
388 0.000002
389 0.000002
390 0.000001
391 0.000001
392 0.000002
393 0.000001
394 0.000001
395 0.000001
396 0.000001
397 0.000001
398 0.000001
399 0.000001
400 0.000001
401 0.000001
402 0.000001
403 0.000001
404 0.000001
405 0.000002
406 0.000003
407 0.000004
408 0.000002
409 0.000002
410 0.000003
411 0.000002
412 0.000001
413 0.000001
414 0.000001
415 0.000001
416 0.000001
417 0.000001
418 0.000001
419 0.000001
420 0.000001
421 0.000001
422 0.000001
423 0.000001
424 0.000001
425 0.000001
426 0.000001
427 0.000001
428 0.000001
429 0.000001
430 0.000001
431 0.000001
432 0.000001
433 0.000001
434 0.000002
435 0.000005
436 0.000010
437 0.000014
438 0.000012
439 0.000003
440 0.000001
441 0.000001
442 0.000001
443 0.000001
444 0.000001
445 0.000001
446 0.000001
447 0.000001
448 0.000002
449 0.000001
450 0.000001
451 0.000001
452 0.000001
453 0.000001
454 0.000001
455 0.000001
456 0.000001
457 0.000001
458 0.000001
459 0.000001
460 0.000001
461 0.000001
462 0.000001
463 0.000004
464 0.000052
465 0.999969
466 0.000075
467 0.000003
468 0.000001
469 0.000001
470 0.000001
471 0.000001
472 0.000001
473 0.000001
474 0.000001
475 0.000001
476 0.000006
477 0.000002
478 0.000001
479 0.000001
480 0.000001
481 0.000001
482 0.000001
483 0.000001
484 0.000001
485 0.000001
486 0.000001
487 0.000001
488 0.000001
489 0.000001
490 0.000001
491 0.000003
492 0.000009
493 0.000143
494 0.000051
495 0.000004
496 0.000001
497 0.000001
498 0.000001
499 0.000001
500 0.000001
501 0.000001
502 0.000001
503 0.000001
504 0.000126
505 0.000033
506 0.000001
507 0.000001
508 0.000001
509 0.000001
510 0.000001
511 0.000001
512 0.000001
513 0.000001
514 0.000001
515 0.000001
516 0.000001
517 0.000002
518 0.000002
519 0.000001
520 0.000002
521 0.000004
522 0.000005
523 0.000005
524 0.000003
525 0.000001
526 0.000001
527 0.000001
528 0.000001
529 0.000001
530 0.000002
531 0.000003
532 0.000115
533 0.000099
534 0.000001
535 0.000001
536 0.000001
537 0.000001
538 0.000001
539 0.000001
540 0.000001
541 0.000001
542 0.000001
543 0.000001
544 0.000001
545 0.000001
546 0.000001
547 0.000001
548 0.000001
549 0.000001
550 0.000001
551 0.000003
552 0.000005
553 0.000003
554 0.000001
555 0.000001
556 0.000001
557 0.000001
558 0.000003
559 0.000003
560 0.000155
561 0.000145
562 0.000001
563 0.000001
564 0.000001
565 0.000001
566 0.000001
567 0.000001
568 0.000001
569 0.000001
570 0.000001
571 0.000001
572 0.000001
573 0.000001
574 0.000001
575 0.000001
576 0.000001
577 0.000001
578 0.000001
579 0.000001
580 0.000003
581 0.000009
582 0.000004
583 0.000001
584 0.000001
585 0.000016
586 0.000005
587 0.000005
588 0.000210
589 0.000155
590 0.000001
591 0.000001
592 0.000001
593 0.000001
594 0.000001
595 0.000001
596 0.000002
597 0.000002
598 0.000001
599 0.000001
600 0.000001
601 0.000001
602 0.000001
603 0.000001
604 0.000001
605 0.000001
606 0.000001
607 0.000001
608 0.000001
609 0.000002
610 0.000031
611 0.000049
612 0.000773
613 0.000094
614 0.000026
615 0.000009
616 0.000241
617 0.000210
618 0.000155
619 0.000002
620 0.000001
621 0.000001
622 0.000001
623 0.000002
624 0.000002
625 0.000001
626 0.000001
627 0.000001
628 0.000001
629 0.000001
630 0.000001
631 0.000001
632 0.000001
633 0.000001
634 0.000001
635 0.000001
636 0.000001
637 0.000001
638 0.000013
639 0.010084
640 0.010050
641 0.001505
642 0.000001
643 0.000001
644 0.000258
645 0.000241
646 0.000225
647 0.000167
648 0.000019
649 0.000001
650 0.000001
651 0.000001
652 0.000001
653 0.000001
654 0.000001
655 0.000001
656 0.000001
657 0.000001
658 0.000002
659 0.000001
660 0.000001
661 0.000001
662 0.000001
663 0.000001
664 0.000001
665 0.000001
666 0.001116
667 0.021338
668 0.010084
669 0.000001
670 0.000001
671 0.000001
672 0.000001
673 0.000258
674 0.000241
675 0.000179
676 0.000210
677 0.000155
678 0.000001
679 0.000001
680 0.000001
681 0.000002
682 0.000002
683 0.000001
684 0.000001
685 0.000001
686 0.000002
687 0.000002
688 0.000001
689 0.000001
690 0.000001
691 0.000001
692 0.000001
693 0.000024
694 0.000166
695 0.002211
696 0.000001
697 0.000001
698 0.000001
699 0.000001
700 0.000001
701 0.000001
702 0.000258
703 0.000241
704 0.000225
705 0.000210
706 0.000155
707 0.000145
708 0.000126
709 0.000093
710 0.000019
711 0.000002
712 0.000001
713 0.000001
714 0.000002
715 0.000001
716 0.000001
717 0.000001
718 0.000002
719 0.000002
720 0.000002
721 0.000003
722 0.000045
723 0.000001
724 0.000001
725 0.000001
726 0.000001
727 0.000001
728 0.000001
729 0.000001
730 0.000001
731 0.000001
732 0.000241
733 0.000225
734 0.000167
735 0.000155
736 0.000145
737 0.000135
738 0.000568
739 0.000015
740 0.000002
741 0.000002
742 0.000002
743 0.000001
744 0.000001
745 0.000001
746 0.000002
747 0.000003
748 0.000003
749 0.000004
750 0.000001
751 0.000001
752 0.000001
753 0.000001
754 0.000001
755 0.000001
756 0.000001
757 0.000001
758 0.000001
759 0.000002
760 0.000001
761 0.000241
762 0.000225
763 0.000167
764 0.000156
765 0.000387
766 0.001984
767 0.000280
768 0.000005
769 0.000002
770 0.000001
771 0.000001
772 0.000001
773 0.000002
774 0.000002
775 0.000003
776 0.000003
777 0.000001
778 0.000001
779 0.000001
780 0.000001
781 0.000001
782 0.000001
783 0.000001
