0 0.003330
1 0.003759
2 0.004711
3 0.007193
4 0.008757
5 0.010002
6 0.012496
7 0.013237
8 0.001986
9 0.000129
10 0.000060
11 0.000047
12 0.000049
13 0.000049
14 0.000047
15 0.000101
16 0.000225
17 0.000439
18 0.001170
19 0.002129
20 0.001782
21 0.001194
22 0.001355
23 0.001418
24 0.001276
25 0.001340
26 0.001626
27 0.001703
28 0.002867
29 0.003080
30 0.003209
31 0.004578
32 0.007193
33 0.009357
34 0.010002
35 0.009858
36 0.001239
37 0.000168
38 0.000056
39 0.000045
40 0.000036
41 0.000042
42 0.000063
43 0.000146
44 0.000336
45 0.000408
46 0.000310
47 0.000569
48 0.000951
49 0.001054
50 0.000012
51 0.000000
52 0.001215
53 0.001484
54 0.001340
55 0.001626
56 0.003017
57 0.002634
58 0.002553
59 0.003033
60 0.004385
61 0.007193
62 0.009357
63 0.002981
64 0.000808
65 0.000198
66 0.000162
67 0.000056
68 0.000037
69 0.000030
70 0.000083
71 0.000218
72 0.000421
73 0.000208
74 0.000087
75 0.000144
76 0.000015
77 0.000002
78 0.000000
79 0.000000
80 0.000000
81 0.001215
82 0.001484
83 0.001340
84 0.002901
85 0.002498
86 0.002163
87 0.002123
88 0.002626
89 0.004262
90 0.007193
91 0.001268
92 0.000233
93 0.000229
94 0.000184
95 0.000146
96 0.000063
97 0.000077
98 0.000131
99 0.000439
100 0.000308
101 0.000044
102 0.000000
103 0.000001
104 0.000000
105 0.000000
106 0.000000
107 0.000000
108 0.000000
109 0.001157
110 0.001215
111 0.001484
112 0.002498
113 0.002394
114 0.001954
115 0.001890
116 0.000000
117 0.000001
118 0.000000
119 0.000000
120 0.000001
121 0.000069
122 0.000214
123 0.000203
124 0.000217
125 0.000329
126 0.000455
127 0.000033
128 0.000002
129 0.000001
130 0.000001
131 0.000000
132 0.000000
133 0.000000
134 0.000000
135 0.000000
136 0.000507
137 0.000939
138 0.001157
139 0.001463
140 0.002394
141 0.002044
142 0.001868
143 0.001786
144 0.000000
145 0.000000
146 0.000001
147 0.000000
148 0.000000
149 0.000000
150 0.000000
151 0.000001
152 0.000015
153 0.000012
154 0.000052
155 0.000002
156 0.000001
157 0.000000
158 0.000000
159 0.000000
160 0.000000
161 0.000000
162 0.000000
163 0.000000
164 0.000953
165 0.000891
166 0.001184
167 0.001351
168 0.002044
169 0.001868
170 0.001786
171 0.001633
172 0.000000
173 0.000000
174 0.000000
175 0.000008
176 0.000036
177 0.000000
178 0.000000
179 0.000000
180 0.000000
181 0.000000
182 0.000000
183 0.000000
184 0.000000
185 0.000000
186 0.000000
187 0.000000
188 0.000000
189 0.000000
190 0.000000
191 0.000059
192 0.000767
193 0.000922
194 0.001132
195 0.001723
196 0.001981
197 0.001786
198 0.001504
199 0.001368
200 0.000207
201 0.000000
202 0.000000
203 0.000000
204 0.000002
205 0.000075
206 0.000012
207 0.000001
208 0.000001
209 0.000002
210 0.000002
211 0.000000
212 0.000000
213 0.000000
214 0.000000
215 0.000000
216 0.000000
217 0.000000
218 0.000000
219 0.000172
220 0.000943
221 0.001188
222 0.001522
223 0.001983
224 0.001904
225 0.001604
226 0.001450
227 0.001305
228 0.001033
229 0.000000
230 0.000000
231 0.000000
232 0.000000
233 0.000000
234 0.000146
235 0.005164
236 0.999993
237 0.000361
238 0.000003
239 0.000000
240 0.000000
241 0.000000
242 0.000000
243 0.000000
244 0.000000
245 0.000000
246 0.000000
247 0.000069
248 0.000153
249 0.000276
250 0.000521
251 0.000740
252 0.001821
253 0.001458
254 0.001391
255 0.000858
256 0.000209
257 0.000000
258 0.000000
259 0.000000
260 0.000000
261 0.000000
262 0.000011
263 0.033166
264 0.024352
265 0.000210
266 0.000001
267 0.000000
268 0.000000
269 0.000000
270 0.000000
271 0.000000
272 0.000000
273 0.000000
274 0.000001
275 0.000021
276 0.000043
277 0.000077
278 0.000128
279 0.000245
280 0.001368
281 0.000559
282 0.000330
283 0.000153
284 0.000139
285 0.000001
286 0.000000
287 0.000000
288 0.000000
289 0.000000
290 0.000000
291 0.000015
292 0.000031
293 0.000005
294 0.000001
295 0.000000
296 0.000001
297 0.000000
298 0.000000
299 0.000000
300 0.000000
301 0.000000
302 0.000001
303 0.000041
304 0.000049
305 0.000084
306 0.000118
307 0.000192
308 0.000356
309 0.000229
310 0.000164
311 0.000137
312 0.000032
313 0.000001
314 0.000000
315 0.000000
316 0.000000
317 0.000000
318 0.000000
319 0.000000
320 0.000000
321 0.000000
322 0.000000
323 0.000001
324 0.000005
325 0.000001
326 0.000000
327 0.000000
328 0.000000
329 0.000000
330 0.000001
331 0.000035
332 0.000201
333 0.000175
334 0.000207
335 0.000379
336 0.000242
337 0.000236
338 0.000358
339 0.000542
340 0.000016
341 0.000000
342 0.000000
343 0.000000
344 0.000000
345 0.000000
346 0.000000
347 0.000000
348 0.000000
349 0.000000
350 0.000000
351 0.000002
352 0.000002
353 0.000004
354 0.000000
355 0.000000
356 0.000000
357 0.000001
358 0.000002
359 0.000029
360 0.001199
361 0.001012
362 0.000860
363 0.000586
364 0.000491
365 0.000921
366 0.000901
367 0.000687
368 0.000002
369 0.000000
370 0.000000
371 0.000000
372 0.000000
373 0.000000
374 0.000000
375 0.000000
376 0.000000
377 0.000000
378 0.000000
379 0.000000
380 0.000003
381 0.000002
382 0.000004
383 0.000018
384 0.000005
385 0.000001
386 0.000001
387 0.000023
388 0.002486
389 0.004487
390 0.001618
391 0.000662
392 0.001684
393 0.001051
394 0.000687
395 0.000071
396 0.000000
397 0.000000
398 0.000000
399 0.000000
400 0.000000
401 0.000000
402 0.000000
403 0.000000
404 0.000000
405 0.000000
406 0.000000
407 0.000000
408 0.000000
409 0.000004
410 0.000050
411 0.000721
412 0.001632
413 0.000013
414 0.000001
415 0.000004
416 0.000156
417 0.002143
418 0.001307
419 0.000675
420 0.004250
421 0.002176
422 0.001341
423 0.000006
424 0.000000
425 0.000000
426 0.000000
427 0.000000
428 0.000000
429 0.000000
430 0.000000
431 0.000000
432 0.000000
433 0.000000
434 0.000000
435 0.000000
436 0.000000
437 0.000000
438 0.000068
439 0.027310
440 0.019568
441 0.000705
442 0.000003
443 0.000000
444 0.000005
445 0.000561
446 0.000350
447 0.000386
448 0.006661
449 0.004758
450 0.001284
451 0.000001
452 0.000000
453 0.000000
454 0.000000
455 0.000000
456 0.000000
457 0.000000
458 0.000000
459 0.000000
460 0.000000
461 0.000000
462 0.000000
463 0.000000
464 0.000000
465 0.000000
466 0.000007
467 0.999989
468 0.025579
469 0.000424
470 0.000004
471 0.000000
472 0.000001
473 0.000076
474 0.000277
475 0.000464
476 0.004537
477 0.002283
478 0.000271
479 0.000000
480 0.000000
481 0.000000
482 0.000000
483 0.000000
484 0.000000
485 0.000000
486 0.000000
487 0.000000
488 0.000000
489 0.000000
490 0.000000
491 0.000000
492 0.000000
493 0.000000
494 0.000001
495 0.000022
496 0.000277
497 0.000253
498 0.000010
499 0.000000
500 0.000000
501 0.000051
502 0.000915
503 0.001868
504 0.002787
505 0.001259
506 0.000028
507 0.000000
508 0.000000
509 0.000000
510 0.000000
511 0.000000
512 0.000000
513 0.000000
514 0.000000
515 0.000000
516 0.000000
517 0.000000
518 0.000000
519 0.000000
520 0.000000
521 0.000000
522 0.000000
523 0.000000
524 0.000001
525 0.000066
526 0.000080
527 0.000010
528 0.000001
529 0.000087
530 0.011083
531 0.019572
532 0.001321
533 0.001046
534 0.000008
535 0.000000
536 0.000000
537 0.000000
538 0.000000
539 0.000000
540 0.000000
541 0.000000
542 0.000002
543 0.000002
544 0.000000
545 0.000000
546 0.000000
547 0.000000
548 0.000000
549 0.000000
550 0.000000
551 0.000000
552 0.000000
553 0.000004
554 0.000366
555 0.000044
556 0.000020
557 0.000604
558 0.026112
559 0.026300
560 0.001334
561 0.001266
562 0.000009
563 0.000000
564 0.000000
565 0.000000
566 0.000000
567 0.000000
568 0.000002
569 0.000089
570 0.999995
571 0.000030
572 0.000000
573 0.000000
574 0.000000
575 0.000000
576 0.000000
577 0.000000
578 0.000000
579 0.000000
580 0.000000
581 0.000002
582 0.000105
583 0.000167
584 0.000158
585 0.013427
586 0.026296
587 0.026474
588 0.001548
589 0.001308
590 0.000082
591 0.000001
592 0.000000
593 0.000000
594 0.000000
595 0.000005
596 0.000255
597 0.003210
598 0.000082
599 0.000001
600 0.000000
601 0.000000
602 0.000000
603 0.000000
604 0.000000
605 0.000000
606 0.000000
607 0.000000
608 0.000000
609 0.000000
610 0.000013
611 0.000439
612 0.006990
613 0.010002
614 0.010003
615 0.026473
616 0.001661
617 0.001543
618 0.001308
619 0.000135
620 0.000002
621 0.000001
622 0.000018
623 0.000464
624 0.000243
625 0.000013
626 0.000001
627 0.000000
628 0.000000
629 0.000000
630 0.000000
631 0.000000
632 0.000000
633 0.000000
634 0.000000
635 0.000000
636 0.000000
637 0.000001
638 0.000028
639 0.002142
640 0.003896
641 0.007104
642 0.000000
643 0.000000
644 0.001724
645 0.001661
646 0.001601
647 0.001360
648 0.000752
649 0.000196
650 0.000169
651 0.000028
652 0.000007
653 0.000001
654 0.000002
655 0.000007
656 0.000025
657 0.000046
658 0.000020
659 0.000024
660 0.000038
661 0.000023
662 0.000004
663 0.000001
664 0.000001
665 0.000031
666 0.000842
667 0.001271
668 0.002263
669 0.000000
670 0.000000
671 0.000000
672 0.000000
673 0.001724
674 0.001661
675 0.001420
676 0.002201
677 0.003647
678 0.000195
679 0.000076
680 0.000092
681 0.000211
682 0.000865
683 0.000719
684 0.000460
685 0.000121
686 0.000068
687 0.000129
688 0.000412
689 0.000574
690 0.000186
691 0.000076
692 0.000150
693 0.000809
694 0.000876
695 0.001039
696 0.000000
697 0.000000
698 0.000000
699 0.000000
700 0.000000
701 0.000000
702 0.001724
703 0.002079
704 0.003777
705 0.007217
706 0.010003
707 0.007469
708 0.003541
709 0.001475
710 0.000818
711 0.000751
712 0.000719
713 0.000260
714 0.000272
715 0.000346
716 0.000497
717 0.000519
718 0.000650
719 0.000677
720 0.000706
721 0.000842
722 0.001000
723 0.000000
724 0.000000
725 0.000000
726 0.000000
727 0.000000
728 0.000000
729 0.000000
730 0.000000
731 0.000000
732 0.006476
733 0.010003
734 0.010002
735 0.004936
736 0.002133
737 0.001061
738 0.000977
739 0.000938
740 0.000905
741 0.000865
742 0.000731
743 0.000907
744 0.000598
745 0.000623
746 0.000677
747 0.000809
748 0.000842
749 0.001000
750 0.000000
751 0.000000
752 0.000000
753 0.000000
754 0.000000
755 0.000000
756 0.000000
757 0.000000
758 0.000000
759 0.000000
760 0.000000
761 0.010002
762 0.006636
763 0.002937
764 0.001487
765 0.001258
766 0.001210
767 0.001164
768 0.000953
769 0.002178
770 0.002282
771 0.001470
772 0.000632
773 0.000747
774 0.000677
775 0.000736
776 0.000876
777 0.000000
778 0.000320
779 0.000269
780 0.000011
781 0.000000
782 0.000000
783 0.000000
