0 0.004040
1 0.004220
2 0.003910
3 0.004220
4 0.003909
5 0.003623
6 0.003301
7 0.004102
8 0.001713
9 0.000830
10 0.000851
11 0.001660
12 0.002234
13 0.000912
14 0.000458
15 0.000207
16 0.000108
17 0.000058
18 0.000220
19 0.000864
20 0.001901
21 0.002564
22 0.004457
23 0.006730
24 0.007881
25 0.007881
26 0.008690
27 0.007471
28 0.003363
29 0.003983
30 0.003909
31 0.003910
32 0.003910
33 0.003909
34 0.003622
35 0.002243
36 0.000711
37 0.000337
38 0.001010
39 0.003859
40 0.003690
41 0.001096
42 0.000282
43 0.000122
44 0.000061
45 0.000057
46 0.000094
47 0.000517
48 0.002214
49 0.003956
50 0.000009
51 0.000000
52 0.007881
53 0.009039
54 0.007065
55 0.005452
56 0.003261
57 0.003224
58 0.003513
59 0.003909
60 0.003910
61 0.003623
62 0.003623
63 0.001483
64 0.000312
65 0.000213
66 0.001110
67 0.006264
68 0.005633
69 0.001255
70 0.000197
71 0.000067
72 0.000046
73 0.000041
74 0.000049
75 0.000284
76 0.000024
77 0.000001
78 0.000001
79 0.000000
80 0.000000
81 0.007498
82 0.005636
83 0.003569
84 0.002962
85 0.002742
86 0.002760
87 0.003157
88 0.003623
89 0.003624
90 0.003624
91 0.000760
92 0.000171
93 0.000224
94 0.001469
95 0.005864
96 0.006469
97 0.001595
98 0.000256
99 0.000040
100 0.000038
101 0.000017
102 0.000000
103 0.000000
104 0.000000
105 0.000002
106 0.000000
107 0.000001
108 0.000002
109 0.005289
110 0.003653
111 0.002651
112 0.003178
113 0.002449
114 0.002195
115 0.002567
116 0.000000
117 0.000000
118 0.000000
119 0.000000
120 0.000001
121 0.000166
122 0.001967
123 0.004003
124 0.004050
125 0.001900
126 0.000271
127 0.000008
128 0.000000
129 0.000000
130 0.000000
131 0.000000
132 0.000000
133 0.000004
134 0.000001
135 0.000001
136 0.002155
137 0.003258
138 0.002231
139 0.002349
140 0.004869
141 0.002961
142 0.001913
143 0.001932
144 0.000000
145 0.000000
146 0.000000
147 0.000000
148 0.000000
149 0.000000
150 0.000001
151 0.000008
152 0.000025
153 0.000014
154 0.000004
155 0.000000
156 0.000000
157 0.000000
158 0.000000
159 0.000001
160 0.000004
161 0.000003
162 0.000001
163 0.000005
164 0.002999
165 0.001830
166 0.001941
167 0.002014
168 0.007780
169 0.004559
170 0.003026
171 0.001674
172 0.000105
173 0.000000
174 0.000000
175 0.000000
176 0.000000
177 0.000000
178 0.000001
179 0.000000
180 0.000000
181 0.000000
182 0.000000
183 0.000000
184 0.000000
185 0.000000
186 0.000001
187 0.000004
188 0.000003
189 0.000000
190 0.000001
191 0.000237
192 0.001601
193 0.001527
194 0.001589
195 0.002030
196 0.010001
197 0.008716
198 0.004994
199 0.002754
200 0.001395
201 0.000002
202 0.000000
203 0.000000
204 0.000000
205 0.000000
206 0.000000
207 0.000000
208 0.000000
209 0.000000
210 0.000000
211 0.000000
212 0.000000
213 0.000000
214 0.000001
215 0.000000
216 0.000000
217 0.000000
218 0.000001
219 0.000370
220 0.001469
221 0.001527
222 0.001686
223 0.001972
224 0.010208
225 0.010002
226 0.010001
227 0.005477
228 0.002907
229 0.000211
230 0.000000
231 0.000000
232 0.000000
233 0.000000
234 0.000000
235 0.000000
236 0.000000
237 0.000000
238 0.000001
239 0.000003
240 0.000007
241 0.000007
242 0.000000
243 0.000000
244 0.000000
245 0.000000
246 0.000001
247 0.000117
248 0.000203
249 0.000291
250 0.000513
251 0.000740
252 0.005426
253 0.008216
254 0.011464
255 0.007350
256 0.001858
257 0.000056
258 0.000000
259 0.000000
260 0.000000
261 0.000000
262 0.000000
263 0.000000
264 0.000000
265 0.000000
266 0.000002
267 0.000103
268 0.999994
269 0.000170
270 0.000001
271 0.000000
272 0.000000
273 0.000000
274 0.000001
275 0.000026
276 0.000044
277 0.000073
278 0.000110
279 0.000179
280 0.002328
281 0.001923
282 0.002131
283 0.001965
284 0.001268
285 0.000016
286 0.000001
287 0.000000
288 0.000000
289 0.000000
290 0.000000
291 0.000000
292 0.000000
293 0.000000
294 0.000001
295 0.000131
296 0.000755
297 0.000121
298 0.000001
299 0.000000
300 0.000000
301 0.000000
302 0.000001
303 0.000104
304 0.000085
305 0.000071
306 0.000066
307 0.000100
308 0.000457
309 0.000338
310 0.000377
311 0.000347
312 0.000129
313 0.000013
314 0.000016
315 0.000028
316 0.000002
317 0.000000
318 0.000000
319 0.000000
320 0.000003
321 0.000004
322 0.000015
323 0.000020
324 0.000016
325 0.000004
326 0.000000
327 0.000000
328 0.000000
329 0.000000
330 0.000003
331 0.000070
332 0.000310
333 0.000244
334 0.000268
335 0.000362
336 0.000241
337 0.000140
338 0.000110
339 0.000215
340 0.000029
341 0.000007
342 0.000151
343 0.999994
344 0.000049
345 0.000000
346 0.000000
347 0.000000
348 0.000006
349 0.000334
350 0.000107
351 0.000008
352 0.000001
353 0.000000
354 0.000000
355 0.000000
356 0.000000
357 0.000000
358 0.000001
359 0.000017
360 0.001478
361 0.001605
362 0.001857
363 0.001717
364 0.000200
365 0.000224
366 0.000226
367 0.000241
368 0.000005
369 0.000004
370 0.000268
371 0.002779
372 0.000294
373 0.000001
374 0.000000
375 0.000000
376 0.000004
377 0.000148
378 0.000489
379 0.000010
380 0.000000
381 0.000000
382 0.000000
383 0.000000
384 0.000000
385 0.000000
386 0.000000
387 0.000005
388 0.001106
389 0.004755
390 0.006279
391 0.006949
392 0.000230
393 0.000273
394 0.000384
395 0.000106
396 0.000001
397 0.000002
398 0.000071
399 0.000136
400 0.000040
401 0.000003
402 0.000001
403 0.000000
404 0.000001
405 0.000006
406 0.000020
407 0.000060
408 0.000002
409 0.000000
410 0.000000
411 0.000000
412 0.000000
413 0.000000
414 0.000000
415 0.000001
416 0.000119
417 0.005406
418 0.007548
419 0.009844
420 0.000456
421 0.000465
422 0.000505
423 0.000023
424 0.000001
425 0.000001
426 0.000021
427 0.000002
428 0.000002
429 0.000002
430 0.000002
431 0.000002
432 0.000001
433 0.000000
434 0.000001
435 0.000002
436 0.000013
437 0.000001
438 0.000001
439 0.000004
440 0.000001
441 0.000000
442 0.000000
443 0.000000
444 0.000007
445 0.003819
446 0.007824
447 0.014686
448 0.000821
449 0.000505
450 0.000437
451 0.000003
452 0.000000
453 0.000004
454 0.000002
455 0.000001
456 0.000000
457 0.000001
458 0.000001
459 0.000000
460 0.000000
461 0.000000
462 0.000000
463 0.000000
464 0.000001
465 0.000023
466 0.000075
467 0.000148
468 0.000052
469 0.000001
470 0.000000
471 0.000000
472 0.000001
473 0.000919
474 0.004754
475 0.007864
476 0.002505
477 0.001193
478 0.000165
479 0.000001
480 0.000001
481 0.000005
482 0.000001
483 0.000000
484 0.000000
485 0.000001
486 0.000000
487 0.000000
488 0.000000
489 0.000000
490 0.000000
491 0.000000
492 0.000000
493 0.000004
494 0.001720
495 0.999982
496 0.000398
497 0.000037
498 0.000002
499 0.000000
500 0.000001
501 0.000068
502 0.001802
503 0.002032
504 0.007815
505 0.003139
506 0.000131
507 0.000003
508 0.000008
509 0.000003
510 0.000000
511 0.000000
512 0.000000
513 0.000000
514 0.000000
515 0.000000
516 0.000000
517 0.000000
518 0.000000
519 0.000000
520 0.000000
521 0.000003
522 0.000206
523 0.020850
524 0.028909
525 0.000596
526 0.000025
527 0.000001
528 0.000000
529 0.000014
530 0.000971
531 0.001056
532 0.005184
533 0.005174
534 0.000148
535 0.000037
536 0.000082
537 0.000004
538 0.000000
539 0.000000
540 0.000000
541 0.000000
542 0.000000
543 0.000000
544 0.000000
545 0.000000
546 0.000000
547 0.000000
548 0.000000
549 0.000001
550 0.000040
551 0.000662
552 0.019313
553 0.014731
554 0.000244
555 0.000006
556 0.000001
557 0.000033
558 0.001019
559 0.001058
560 0.004724
561 0.006458
562 0.000278
563 0.000263
564 0.000076
565 0.000009
566 0.000003
567 0.000001
568 0.000000
569 0.000000
570 0.000000
571 0.000001
572 0.000000
573 0.000001
574 0.000000
575 0.000000
576 0.000000
577 0.000000
578 0.000001
579 0.000012
580 0.000300
581 0.004712
582 0.004760
583 0.000047
584 0.000050
585 0.003270
586 0.001980
587 0.001402
588 0.007178
589 0.010001
590 0.001292
591 0.000148
592 0.000055
593 0.000004
594 0.000004
595 0.000002
596 0.000004
597 0.000014
598 0.000038
599 0.000171
600 0.000084
601 0.000005
602 0.000000
603 0.000000
604 0.000000
605 0.000000
606 0.000000
607 0.000000
608 0.000002
609 0.000088
610 0.001446
611 0.004183
612 0.010006
613 0.005660
614 0.003808
615 0.002625
616 0.010001
617 0.010002
618 0.010003
619 0.001838
620 0.000068
621 0.000012
622 0.000007
623 0.000019
624 0.000133
625 0.001226
626 0.999986
627 0.012489
628 0.003987
629 0.000139
630 0.000001
631 0.000000
632 0.000000
633 0.000000
634 0.000000
635 0.000000
636 0.000000
637 0.000003
638 0.000493
639 0.012908
640 0.012266
641 0.010006
642 0.000000
643 0.000000
644 0.010002
645 0.010003
646 0.010003
647 0.010003
648 0.005121
649 0.000296
650 0.000213
651 0.000803
652 0.005610
653 0.007603
654 0.008934
655 0.007539
656 0.004128
657 0.001108
658 0.000160
659 0.000011
660 0.000003
661 0.000002
662 0.000001
663 0.000000
664 0.000001
665 0.000068
666 0.003762
667 0.007578
668 0.013220
669 0.000000
670 0.000000
671 0.000000
672 0.000000
673 0.010003
674 0.010003
675 0.010002
676 0.010001
677 0.007123
678 0.005317
679 0.004737
680 0.006951
681 0.009617
682 0.008222
683 0.004924
684 0.002378
685 0.001162
686 0.000337
687 0.000315
688 0.000423
689 0.000684
690 0.000141
691 0.000079
692 0.000174
693 0.000957
694 0.001903
695 0.004563
696 0.000000
697 0.000000
698 0.000000
699 0.000000
700 0.000000
701 0.000000
702 0.010002
703 0.010001
704 0.007615
705 0.004693
706 0.004761
707 0.006548
708 0.010003
709 0.009251
710 0.006176
711 0.003358
712 0.001749
713 0.001173
714 0.001206
715 0.001075
716 0.001192
717 0.000622
718 0.000769
719 0.000799
720 0.000832
721 0.000981
722 0.001170
723 0.000000
724 0.000000
725 0.000000
726 0.000000
727 0.000000
728 0.000000
729 0.000000
730 0.000000
731 0.000000
732 0.005095
733 0.004626
734 0.005514
735 0.008942
736 0.009671
737 0.007292
738 0.004300
739 0.002410
740 0.001513
741 0.001232
742 0.002132
743 0.003099
744 0.002175
745 0.000966
746 0.000799
747 0.000945
748 0.000981
749 0.001155
750 0.000000
751 0.000000
752 0.000000
753 0.000000
754 0.000000
755 0.000000
756 0.000000
757 0.000000
758 0.000001
759 0.000001
760 0.000000
761 0.005115
762 0.008073
763 0.010004
764 0.008939
765 0.005463
766 0.002944
767 0.001966
768 0.001532
769 0.001665
770 0.003642
771 0.007510
772 0.003440
773 0.001723
774 0.000799
775 0.000865
776 0.001019
777 0.000000
778 0.000076
779 0.000050
780 0.000000
781 0.000000
782 0.000000
783 0.000000
