0 0.001907
1 0.001798
2 0.001455
3 0.001620
4 0.001961
5 0.003137
6 0.006845
7 0.008240
8 0.000067
9 0.000003
10 0.000002
11 0.000002
12 0.000002
13 0.000002
14 0.000002
15 0.000002
16 0.000002
17 0.000002
18 0.000003
19 0.000008
20 0.000025
21 0.000028
22 0.000044
23 0.000048
24 0.000038
25 0.000043
26 0.000066
27 0.000073
28 0.001550
29 0.001696
30 0.001365
31 0.001282
32 0.001388
33 0.002214
34 0.004867
35 0.002345
36 0.000020
37 0.000002
38 0.000002
39 0.000002
40 0.000002
41 0.000002
42 0.000002
43 0.000002
44 0.000002
45 0.000002
46 0.000002
47 0.000005
48 0.000017
49 0.000025
50 0.000050
51 0.000061
52 0.000034
53 0.000054
54 0.000043
55 0.000066
56 0.001696
57 0.001365
58 0.001282
59 0.001204
60 0.001063
61 0.001250
62 0.002153
63 0.000171
64 0.000007
65 0.000003
66 0.000002
67 0.000002
68 0.000002
69 0.000002
70 0.000002
71 0.000002
72 0.000002
73 0.000002
74 0.000002
75 0.000002
76 0.000033
77 0.000030
78 0.000035
79 0.000039
80 0.000061
81 0.000035
82 0.000054
83 0.000043
84 0.001600
85 0.001282
86 0.001019
87 0.000892
88 0.000834
89 0.000809
90 0.001212
91 0.000013
92 0.000003
93 0.000003
94 0.000002
95 0.000002
96 0.000002
97 0.000002
98 0.000002
99 0.000002
100 0.000002
101 0.000002
102 0.000002
103 0.000002
104 0.000008
105 0.000025
106 0.000031
107 0.000049
108 0.000052
109 0.000031
110 0.000035
111 0.000054
112 0.001282
113 0.001204
114 0.000892
115 0.000834
116 0.000001
117 0.000001
118 0.000001
119 0.000001
120 0.000001
121 0.000002
122 0.000002
123 0.000002
124 0.000002
125 0.000002
126 0.000002
127 0.000002
128 0.000002
129 0.000002
130 0.000002
131 0.000002
132 0.000003
133 0.000019
134 0.000026
135 0.000040
136 0.000041
137 0.000020
138 0.000031
139 0.000048
140 0.001204
141 0.000953
142 0.000834
143 0.000780
144 0.000001
145 0.000001
146 0.000001
147 0.000001
148 0.000001
149 0.000001
150 0.000001
151 0.000001
152 0.000002
153 0.000002
154 0.000002
155 0.000002
156 0.000002
157 0.000002
158 0.000002
159 0.000002
160 0.000002
161 0.000008
162 0.000025
163 0.000024
164 0.000021
165 0.000018
166 0.000028
167 0.000034
168 0.000953
169 0.000834
170 0.000780
171 0.000684
172 0.000001
173 0.000001
174 0.000001
175 0.000001
176 0.000001
177 0.000001
178 0.000001
179 0.000001
180 0.000001
181 0.000001
182 0.000001
183 0.000001
184 0.000001
185 0.000001
186 0.000001
187 0.000002
188 0.000002
189 0.000003
190 0.000020
191 0.000023
192 0.000014
193 0.000015
194 0.000027
195 0.001889
196 0.000860
197 0.000780
198 0.000606
199 0.000526
200 0.000002
201 0.000001
202 0.000001
203 0.000001
204 0.000001
205 0.000001
206 0.000001
207 0.000001
208 0.000001
209 0.000001
210 0.000001
211 0.000001
212 0.000001
213 0.000001
214 0.000001
215 0.000001
216 0.000001
217 0.000002
218 0.000002
219 0.000002
220 0.000014
221 0.000047
222 0.001970
223 0.005125
224 0.000815
225 0.000632
226 0.000539
227 0.000491
228 0.000348
229 0.000001
230 0.000001
231 0.000001
232 0.000001
233 0.000001
234 0.000001
235 0.000001
236 0.000001
237 0.000001
238 0.000002
239 0.000001
240 0.000001
241 0.000001
242 0.000001
243 0.000001
244 0.000001
245 0.000001
246 0.000002
247 0.000002
248 0.000002
249 0.000004
250 0.000014
251 0.000047
252 0.000763
253 0.000549
254 0.000512
255 0.000568
256 0.000447
257 0.000001
258 0.000001
259 0.000001
260 0.000001
261 0.000001
262 0.000001
263 0.000002
264 0.000001
265 0.000001
266 0.000002
267 0.000002
268 0.000002
269 0.000001
270 0.000001
271 0.000001
272 0.000001
273 0.000001
274 0.000001
275 0.000002
276 0.000002
277 0.000002
278 0.000003
279 0.000002
280 0.000526
281 0.000563
282 0.000654
283 0.000497
284 0.000481
285 0.000001
286 0.000001
287 0.000001
288 0.000001
289 0.000001
290 0.000001
291 0.000002
292 0.000002
293 0.000002
294 0.000002
295 0.000002
296 0.000002
297 0.000002
298 0.000001
299 0.000001
300 0.000001
301 0.000001
302 0.000002
303 0.000002
304 0.000002
305 0.000002
306 0.000002
307 0.000002
308 0.000896
309 0.000727
310 0.000496
311 0.000395
312 0.000004
313 0.000002
314 0.000001
315 0.000001
316 0.000001
317 0.000001
318 0.000001
319 0.000001
320 0.000002
321 0.000002
322 0.000002
323 0.000002
324 0.000002
325 0.000002
326 0.000002
327 0.000001
328 0.000001
329 0.000001
330 0.000002
331 0.000002
332 0.000002
333 0.000002
334 0.000002
335 0.000002
336 0.000902
337 0.000711
338 0.000547
339 0.000338
340 0.000002
341 0.000001
342 0.000001
343 0.000001
344 0.000001
345 0.000001
346 0.000001
347 0.000001
348 0.000001
349 0.000002
350 0.000002
351 0.000002
352 0.000002
353 0.000003
354 0.000002
355 0.000002
356 0.000002
357 0.000001
358 0.000001
359 0.000001
360 0.000002
361 0.000002
362 0.000002
363 0.000002
364 0.000683
365 0.000695
366 0.000609
367 0.000385
368 0.000002
369 0.000001
370 0.000001
371 0.000001
372 0.000001
373 0.000001
374 0.000001
375 0.000001
376 0.000001
377 0.000001
378 0.000002
379 0.000002
380 0.000003
381 0.000004
382 0.000004
383 0.000003
384 0.000002
385 0.000001
386 0.000001
387 0.000001
388 0.000002
389 0.000002
390 0.000002
391 0.000002
392 0.000373
393 0.000387
394 0.000383
395 0.000003
396 0.000001
397 0.000001
398 0.000001
399 0.000001
400 0.000001
401 0.000001
402 0.000001
403 0.000001
404 0.000001
405 0.000001
406 0.000001
407 0.000002
408 0.000003
409 0.000005
410 0.000008
411 0.000005
412 0.000002
413 0.000001
414 0.000001
415 0.000001
416 0.000001
417 0.000002
418 0.000002
419 0.000002
420 0.000365
421 0.000201
422 0.000191
423 0.000002
424 0.000001
425 0.000001
426 0.000001
427 0.000001
428 0.000001
429 0.000001
430 0.000001
431 0.000001
432 0.000001
433 0.000001
434 0.000001
435 0.000002
436 0.000002
437 0.000004
438 0.000007
439 0.000007
440 0.000004
441 0.000002
442 0.000001
443 0.000001
444 0.000001
445 0.000002
446 0.000003
447 0.000003
448 0.000375
449 0.000184
450 0.000148
451 0.000001
452 0.000001
453 0.000001
454 0.000001
455 0.000001
456 0.000001
457 0.000001
458 0.000001
459 0.000001
460 0.000001
461 0.000001
462 0.000001
463 0.000001
464 0.000002
465 0.000002
466 0.000003
467 0.000008
468 0.000011
469 0.000003
470 0.000001
471 0.000001
472 0.000002
473 0.000003
474 0.000005
475 0.000005
476 0.001894
477 0.000796
478 0.000011
479 0.000001
480 0.000001
481 0.000001
482 0.000001
483 0.000001
484 0.000001
485 0.000001
486 0.000001
487 0.000001
488 0.000001
489 0.000001
490 0.000001
491 0.000001
492 0.000001
493 0.000001
494 0.000002
495 0.000004
496 0.000036
497 0.000036
498 0.000007
499 0.000003
500 0.000003
501 0.000003
502 0.000004
503 0.000004
504 0.014583
505 0.007151
506 0.000002
507 0.000001
508 0.000001
509 0.000001
510 0.000001
511 0.000001
512 0.000001
513 0.000001
514 0.000001
515 0.000001
516 0.000001
517 0.000001
518 0.000001
519 0.000001
520 0.000001
521 0.000001
522 0.000002
523 0.000004
524 0.000030
525 0.999956
526 0.000077
527 0.000004
528 0.000002
529 0.000002
530 0.000003
531 0.000003
532 0.014595
533 0.014668
534 0.000002
535 0.000001
536 0.000001
537 0.000001
538 0.000001
539 0.000001
540 0.000001
541 0.000001
542 0.000001
543 0.000001
544 0.000001
545 0.000001
546 0.000001
547 0.000001
548 0.000002
549 0.000002
550 0.000003
551 0.000003
552 0.000005
553 0.000020
554 0.000682
555 0.000009
556 0.000002
557 0.000002
558 0.000004
559 0.000003
560 0.014320
561 0.014355
562 0.000002
563 0.000001
564 0.000001
565 0.000001
566 0.000001
567 0.000001
568 0.000001
569 0.000001
570 0.000001
571 0.000001
572 0.000001
573 0.000001
574 0.000002
575 0.000002
576 0.000002
577 0.000002
578 0.000002
579 0.000002
580 0.000001
581 0.000002
582 0.000009
583 0.000147
584 0.000017
585 0.000246
586 0.000028
587 0.000009
588 0.014063
589 0.014284
590 0.000014
591 0.000002
592 0.000001
593 0.000001
594 0.000001
595 0.000001
596 0.000001
597 0.000001
598 0.000001
599 0.000001
600 0.000002
601 0.000002
602 0.000002
603 0.000002
604 0.000002
605 0.000001
606 0.000001
607 0.000001
608 0.000001
609 0.000001
610 0.000002
611 0.000029
612 0.001945
613 0.004380
614 0.000496
615 0.000085
616 0.013940
617 0.014049
618 0.014280
619 0.000037
620 0.000002
621 0.000001
622 0.000001
623 0.000001
624 0.000001
625 0.000002
626 0.000002
627 0.000002
628 0.000003
629 0.000002
630 0.000002
631 0.000001
632 0.000001
633 0.000001
634 0.000001
635 0.000001
636 0.000001
637 0.000001
638 0.000002
639 0.000015
640 0.000133
641 0.002053
642 0.000002
643 0.000003
644 0.013881
645 0.013935
646 0.013987
647 0.014219
648 0.000972
649 0.000002
650 0.000002
651 0.000002
652 0.000002
653 0.000002
654 0.000003
655 0.000002
656 0.000002
657 0.000002
658 0.000002
659 0.000002
660 0.000001
661 0.000001
662 0.000001
663 0.000001
664 0.000001
665 0.000002
666 0.000003
667 0.000004
668 0.000018
669 0.000002
670 0.000002
671 0.000003
672 0.000001
673 0.013874
674 0.013930
675 0.014161
676 0.014046
677 0.014275
678 0.000003
679 0.000002
680 0.000004
681 0.000079
682 0.000061
683 0.000002
684 0.000002
685 0.000002
686 0.000002
687 0.000002
688 0.000002
689 0.000002
690 0.000002
691 0.000002
692 0.000002
693 0.000002
694 0.000003
695 0.000003
696 0.000002
697 0.000002
698 0.000002
699 0.000003
700 0.000001
701 0.000001
702 0.013874
703 0.013934
704 0.013987
705 0.014034
706 0.014246
707 0.014275
708 0.014384
709 0.014629
710 0.000732
711 0.000005
712 0.000002
713 0.000002
714 0.000002
715 0.000002
716 0.000002
717 0.000002
718 0.000002
719 0.000002
720 0.000002
721 0.000003
722 0.000003
723 0.000002
724 0.000002
725 0.000002
726 0.000002
727 0.000002
728 0.000001
729 0.000001
730 0.000001
731 0.000001
732 0.013926
733 0.013960
734 0.014169
735 0.014216
736 0.014286
737 0.014555
738 0.014732
739 0.000023
740 0.000002
741 0.000002
742 0.000002
743 0.000002
744 0.000002
745 0.000002
746 0.000002
747 0.000002
748 0.000003
749 0.000003
750 0.000001
751 0.000001
752 0.000001
753 0.000001
754 0.000002
755 0.000002
756 0.000001
757 0.000001
758 0.000002
759 0.000002
760 0.000001
761 0.013889
762 0.013927
763 0.014166
764 0.014250
765 0.014369
766 0.014500
767 0.000179
768 0.000004
769 0.000002
770 0.000002
771 0.000002
772 0.000002
773 0.000002
774 0.000002
775 0.000002
776 0.000003
777 0.000001
778 0.000002
779 0.000002
780 0.000001
781 0.000001
782 0.000001
783 0.000002
