0 0.003213
1 0.003084
2 0.002849
3 0.003545
4 0.004184
5 0.005707
6 0.008319
7 0.009212
8 0.003227
9 0.000559
10 0.001380
11 0.004698
12 0.003974
13 0.000521
14 0.000353
15 0.000268
16 0.000144
17 0.000077
18 0.000230
19 0.000949
20 0.002152
21 0.003019
22 0.005043
23 0.007333
24 0.007701
25 0.007701
26 0.007473
27 0.005817
28 0.002779
29 0.002960
30 0.002756
31 0.003022
32 0.003213
33 0.004530
34 0.006312
35 0.007030
36 0.001939
37 0.001017
38 0.007602
39 0.008594
40 0.001638
41 0.000403
42 0.000313
43 0.000169
44 0.000085
45 0.000057
46 0.000094
47 0.000543
48 0.002735
49 0.004539
50 0.000002
51 0.000000
52 0.007701
53 0.007764
54 0.005443
55 0.004238
56 0.002960
57 0.002543
58 0.002534
59 0.002756
60 0.003022
61 0.003190
62 0.004500
63 0.002830
64 0.001205
65 0.003093
66 0.026751
67 0.012089
68 0.000523
69 0.000269
70 0.000195
71 0.000095
72 0.000054
73 0.000041
74 0.000047
75 0.000310
76 0.000010
77 0.000000
78 0.000000
79 0.000000
80 0.000000
81 0.005618
82 0.004289
83 0.002877
84 0.002842
85 0.002460
86 0.002179
87 0.002236
88 0.002545
89 0.002726
90 0.003190
91 0.001161
92 0.000570
93 0.014933
94 0.076201
95 0.012672
96 0.000740
97 0.000268
98 0.000130
99 0.000058
100 0.000038
101 0.000015
102 0.000000
103 0.000000
104 0.000000
105 0.000001
106 0.000000
107 0.000000
108 0.000000
109 0.003907
110 0.002792
111 0.002658
112 0.002433
113 0.002328
114 0.001966
115 0.002039
116 0.000000
117 0.000000
118 0.000000
119 0.000000
120 0.000006
121 0.014923
122 0.098616
123 0.007817
124 0.001280
125 0.000283
126 0.000067
127 0.000003
128 0.000000
129 0.000000
130 0.000000
131 0.000000
132 0.000000
133 0.000001
134 0.000000
135 0.000000
136 0.000105
137 0.002421
138 0.002233
139 0.002575
140 0.002328
141 0.001974
142 0.001795
143 0.001788
144 0.000000
145 0.000000
146 0.000000
147 0.000000
148 0.000000
149 0.000001
150 0.000009
151 0.000009
152 0.000030
153 0.000002
154 0.000000
155 0.000000
156 0.000000
157 0.000000
158 0.000000
159 0.000001
160 0.000001
161 0.000005
162 0.000000
163 0.000001
164 0.002337
165 0.001868
166 0.002159
167 0.002233
168 0.003636
169 0.002040
170 0.001713
171 0.001558
172 0.000006
173 0.000000
174 0.000000
175 0.000000
176 0.000000
177 0.000002
178 0.000000
179 0.000000
180 0.000000
181 0.000000
182 0.000000
183 0.000000
184 0.000000
185 0.000000
186 0.000003
187 0.000001
188 0.000000
189 0.000000
190 0.000000
191 0.000001
192 0.001683
193 0.001731
194 0.001795
195 0.002279
196 0.005816
197 0.003804
198 0.002140
199 0.001292
200 0.001550
201 0.000000
202 0.000000
203 0.000000
204 0.000001
205 0.000001
206 0.000000
207 0.000000
208 0.000000
209 0.000000
210 0.000000
211 0.000000
212 0.000000
213 0.000000
214 0.000000
215 0.000000
216 0.000000
217 0.000000
218 0.000000
219 0.000038
220 0.001670
221 0.001731
222 0.001928
223 0.002238
224 0.010001
225 0.006500
226 0.004071
227 0.002196
228 0.001112
229 0.000012
230 0.000000
231 0.000000
232 0.000000
233 0.000000
234 0.000000
235 0.000000
236 0.000000
237 0.000000
238 0.000000
239 0.000000
240 0.000000
241 0.000000
242 0.000000
243 0.000000
244 0.000000
245 0.000000
246 0.000000
247 0.000096
248 0.000178
249 0.000273
250 0.000499
251 0.000755
252 0.010002
253 0.010002
254 0.008554
255 0.003022
256 0.000484
257 0.000024
258 0.000000
259 0.000000
260 0.000000
261 0.000000
262 0.000000
263 0.000000
264 0.000000
265 0.000011
266 0.000061
267 0.000181
268 0.000059
269 0.000000
270 0.000000
271 0.000000
272 0.000000
273 0.000000
274 0.000000
275 0.000020
276 0.000033
277 0.000059
278 0.000092
279 0.000152
280 0.004883
281 0.003523
282 0.002528
283 0.001172
284 0.000327
285 0.000005
286 0.000001
287 0.000000
288 0.000000
289 0.000000
290 0.000000
291 0.000000
292 0.000000
293 0.000004
294 0.000221
295 0.999999
296 0.000070
297 0.000000
298 0.000000
299 0.000000
300 0.000000
301 0.000000
302 0.000000
303 0.000024
304 0.000032
305 0.000042
306 0.000052
307 0.000066
308 0.000621
309 0.000519
310 0.000470
311 0.000465
312 0.000098
313 0.000005
314 0.000122
315 0.000006
316 0.000000
317 0.000000
318 0.000000
319 0.000000
320 0.000001
321 0.000013
322 0.000154
323 0.000054
324 0.000006
325 0.000000
326 0.000000
327 0.000000
328 0.000000
329 0.000000
330 0.000000
331 0.000004
332 0.000034
333 0.000041
334 0.000052
335 0.000080
336 0.000147
337 0.000125
338 0.000147
339 0.000192
340 0.000047
341 0.000146
342 0.003307
343 0.002720
344 0.000001
345 0.000000
346 0.000000
347 0.000000
348 0.000002
349 0.000044
350 0.000016
351 0.000001
352 0.000000
353 0.000000
354 0.000000
355 0.000000
356 0.000000
357 0.000000
358 0.000000
359 0.000001
360 0.000059
361 0.000044
362 0.000065
363 0.000090
364 0.000127
365 0.000116
366 0.000107
367 0.000403
368 0.000021
369 0.000258
370 0.063707
371 0.999988
372 0.000010
373 0.000000
374 0.000000
375 0.000000
376 0.000000
377 0.000006
378 0.000002
379 0.000000
380 0.000000
381 0.000004
382 0.000000
383 0.000000
384 0.000000
385 0.000000
386 0.000000
387 0.000001
388 0.000067
389 0.000205
390 0.000194
391 0.000221
392 0.000090
393 0.000182
394 0.000311
395 0.000115
396 0.000024
397 0.000398
398 0.018499
399 0.002203
400 0.000048
401 0.000000
402 0.000000
403 0.000000
404 0.000000
405 0.000000
406 0.000000
407 0.000000
408 0.000001
409 0.000004
410 0.000000
411 0.000000
412 0.000000
413 0.000000
414 0.000000
415 0.000000
416 0.000047
417 0.001202
418 0.001294
419 0.001105
420 0.000398
421 0.000458
422 0.000645
423 0.000048
424 0.000012
425 0.000213
426 0.001118
427 0.000057
428 0.000015
429 0.000002
430 0.000001
431 0.000000
432 0.000000
433 0.000000
434 0.000000
435 0.000000
436 0.000069
437 0.000006
438 0.000000
439 0.000000
440 0.000000
441 0.000000
442 0.000000
443 0.000000
444 0.000013
445 0.006006
446 0.006207
447 0.003839
448 0.001244
449 0.001082
450 0.000505
451 0.000008
452 0.000012
453 0.000409
454 0.000015
455 0.000001
456 0.000001
457 0.000004
458 0.000002
459 0.000000
460 0.000000
461 0.000000
462 0.000000
463 0.000000
464 0.000004
465 0.000012
466 0.000000
467 0.000000
468 0.000000
469 0.000000
470 0.000000
471 0.000000
472 0.000004
473 0.002009
474 0.006381
475 0.005855
476 0.004365
477 0.001346
478 0.000265
479 0.000009
480 0.000029
481 0.000030
482 0.000001
483 0.000000
484 0.000000
485 0.000002
486 0.000000
487 0.000000
488 0.000000
489 0.000000
490 0.000000
491 0.000000
492 0.000000
493 0.000000
494 0.000000
495 0.000018
496 0.000093
497 0.000002
498 0.000000
499 0.000000
500 0.000000
501 0.000116
502 0.006532
503 0.006871
504 0.010006
505 0.005182
506 0.000282
507 0.000034
508 0.000130
509 0.000009
510 0.000000
511 0.000000
512 0.000000
513 0.000000
514 0.000000
515 0.000000
516 0.000000
517 0.000000
518 0.000000
519 0.000000
520 0.000000
521 0.000000
522 0.000000
523 0.000084
524 0.999999
525 0.000127
526 0.000001
527 0.000000
528 0.000000
529 0.000021
530 0.003832
531 0.008470
532 0.007949
533 0.008793
534 0.000335
535 0.000243
536 0.000301
537 0.000003
538 0.000001
539 0.000001
540 0.000000
541 0.000000
542 0.000000
543 0.000000
544 0.000000
545 0.000000
546 0.000000
547 0.000000
548 0.000000
549 0.000000
550 0.000000
551 0.000002
552 0.001433
553 0.005051
554 0.000066
555 0.000001
556 0.000001
557 0.000033
558 0.002406
559 0.003862
560 0.008131
561 0.008345
562 0.000434
563 0.000469
564 0.000177
565 0.000010
566 0.000008
567 0.000003
568 0.000000
569 0.000000
570 0.000000
571 0.000000
572 0.000000
573 0.000000
574 0.000000
575 0.000000
576 0.000000
577 0.000000
578 0.000000
579 0.000000
580 0.000019
581 0.001631
582 0.003935
583 0.000065
584 0.000028
585 0.002406
586 0.002127
587 0.002184
588 0.007920
589 0.009817
590 0.002062
591 0.000744
592 0.000028
593 0.000009
594 0.000010
595 0.000003
596 0.000001
597 0.000001
598 0.000003
599 0.000008
600 0.000007
601 0.000008
602 0.000000
603 0.000000
604 0.000000
605 0.000000
606 0.000000
607 0.000000
608 0.000000
609 0.000035
610 0.001885
611 0.005231
612 0.008445
613 0.004462
614 0.002863
615 0.002184
616 0.009624
617 0.010000
618 0.010001
619 0.002140
620 0.000112
621 0.000024
622 0.000008
623 0.000008
624 0.000016
625 0.000093
626 0.001633
627 0.982007
628 0.006959
629 0.000838
630 0.000005
631 0.000000
632 0.000000
633 0.000000
634 0.000000
635 0.000000
636 0.000000
637 0.000002
638 0.000196
639 0.011521
640 0.012453
641 0.010000
642 0.000000
643 0.000000
644 0.010000
645 0.010001
646 0.010001
647 0.010001
648 0.005779
649 0.000234
650 0.000097
651 0.000157
652 0.000821
653 0.003008
654 0.007482
655 0.016034
656 0.091753
657 0.019808
658 0.000351
659 0.000001
660 0.000000
661 0.000000
662 0.000000
663 0.000000
664 0.000001
665 0.000041
666 0.002840
667 0.006256
668 0.011855
669 0.000000
670 0.000000
671 0.000000
672 0.000000
673 0.010001
674 0.010001
675 0.010000
676 0.007735
677 0.004220
678 0.002028
679 0.001245
680 0.002646
681 0.005254
682 0.009910
683 0.037748
684 0.143430
685 0.013241
686 0.000166
687 0.000015
688 0.000010
689 0.000056
690 0.000093
691 0.000052
692 0.000120
693 0.000696
694 0.001334
695 0.003533
696 0.000000
697 0.000000
698 0.000000
699 0.000000
700 0.000000
701 0.000000
702 0.010000
703 0.008467
704 0.004689
705 0.002416
706 0.001372
707 0.002327
708 0.004548
709 0.009748
710 0.018192
711 0.082880
712 0.075834
713 0.004747
714 0.000152
715 0.000033
716 0.000025
717 0.000095
718 0.000548
719 0.000573
720 0.000599
721 0.000720
722 0.000871
723 0.000000
724 0.000000
725 0.000000
726 0.000000
727 0.000000
728 0.000000
729 0.000000
730 0.000000
731 0.000000
732 0.002795
733 0.001656
734 0.001896
735 0.003591
736 0.008369
737 0.011382
738 0.035502
739 0.126041
740 0.024534
741 0.001995
742 0.000216
743 0.000069
744 0.000056
745 0.000208
746 0.000573
747 0.000690
748 0.000720
749 0.000864
750 0.000000
751 0.000000
752 0.000000
753 0.000000
754 0.000000
755 0.000000
756 0.000000
757 0.000000
758 0.000000
759 0.000000
760 0.000000
761 0.001820
762 0.003283
763 0.006327
764 0.009779
765 0.018426
766 0.072005
767 0.068717
768 0.008087
769 0.000981
770 0.000430
771 0.000145
772 0.000158
773 0.000452
774 0.000576
775 0.000626
776 0.000751
777 0.000000
778 0.000053
779 0.000034
780 0.000000
781 0.000000
782 0.000000
783 0.000000
