0 0.005133
1 0.004036
2 0.004225
3 0.005758
4 0.007358
5 0.009617
6 0.009618
7 0.007782
8 0.001382
9 0.000203
10 0.000115
11 0.000103
12 0.000110
13 0.000135
14 0.000256
15 0.000815
16 0.001501
17 0.003185
18 0.006080
19 0.008850
20 0.008579
21 0.006839
22 0.007063
23 0.007063
24 0.005524
25 0.004303
26 0.004904
27 0.006007
28 0.006917
29 0.005215
30 0.003489
31 0.003990
32 0.005544
33 0.007905
34 0.009618
35 0.006689
36 0.001014
37 0.000174
38 0.000103
39 0.000080
40 0.000082
41 0.000100
42 0.000248
43 0.000740
44 0.002643
45 0.005661
46 0.006706
47 0.006680
48 0.006897
49 0.006863
50 0.000006
51 0.000000
52 0.004191
53 0.004777
54 0.006019
55 0.009956
56 0.009668
57 0.007358
58 0.006033
59 0.003261
60 0.003664
61 0.005246
62 0.007788
63 0.003395
64 0.000696
65 0.000203
66 0.000149
67 0.000071
68 0.000054
69 0.000096
70 0.000204
71 0.000824
72 0.004366
73 0.006716
74 0.005540
75 0.005386
76 0.000044
77 0.000000
78 0.000000
79 0.000000
80 0.000000
81 0.005864
82 0.009956
83 0.009242
84 0.011469
85 0.010403
86 0.007765
87 0.005939
88 0.002675
89 0.003453
90 0.005001
91 0.001351
92 0.000356
93 0.000250
94 0.000157
95 0.000089
96 0.000057
97 0.000154
98 0.000245
99 0.000967
100 0.003410
101 0.004014
102 0.000045
103 0.000001
104 0.000000
105 0.000001
106 0.000000
107 0.000001
108 0.000001
109 0.009438
110 0.009243
111 0.007024
112 0.014027
113 0.012483
114 0.012052
115 0.008605
116 0.000000
117 0.000000
118 0.000000
119 0.000000
120 0.000002
121 0.000096
122 0.000233
123 0.000131
124 0.000230
125 0.000211
126 0.000519
127 0.000139
128 0.000028
129 0.000003
130 0.000000
131 0.000000
132 0.000001
133 0.000001
134 0.000002
135 0.000001
136 0.009444
137 0.008764
138 0.006925
139 0.006119
140 0.017118
141 0.014898
142 0.013775
143 0.015369
144 0.000000
145 0.000000
146 0.000000
147 0.000000
148 0.000000
149 0.000000
150 0.000000
151 0.000001
152 0.000014
153 0.000009
154 0.000008
155 0.000001
156 0.000000
157 0.000000
158 0.000001
159 0.000008
160 0.000018
161 0.000002
162 0.000001
163 0.000028
164 0.008666
165 0.006828
166 0.006033
167 0.006787
168 0.012953
169 0.017081
170 0.015990
171 0.012213
172 0.000061
173 0.000000
174 0.000000
175 0.000000
176 0.000001
177 0.000000
178 0.000000
179 0.000000
180 0.000000
181 0.000000
182 0.000000
183 0.000000
184 0.000000
185 0.000000
186 0.000014
187 0.000288
188 0.000014
189 0.000001
190 0.000002
191 0.005388
192 0.006571
193 0.005948
194 0.006960
195 0.008412
196 0.006977
197 0.010876
198 0.016920
199 0.016442
200 0.007567
201 0.000008
202 0.000000
203 0.000000
204 0.000000
205 0.000000
206 0.000001
207 0.000000
208 0.000000
209 0.000000
210 0.000000
211 0.000000
212 0.000000
213 0.000000
214 0.000014
215 0.000005
216 0.000000
217 0.000000
218 0.000020
219 0.003993
220 0.006502
221 0.007615
222 0.008640
223 0.008765
224 0.005939
225 0.006382
226 0.007992
227 0.015850
228 0.016654
229 0.000091
230 0.000000
231 0.000000
232 0.000000
233 0.000000
234 0.000000
235 0.000004
236 0.000010
237 0.000002
238 0.000001
239 0.000001
240 0.000002
241 0.000003
242 0.000001
243 0.000000
244 0.000000
245 0.000001
246 0.000084
247 0.000684
248 0.001289
249 0.002049
250 0.002151
251 0.001887
252 0.007288
253 0.005624
254 0.005608
255 0.004954
256 0.003679
257 0.000070
258 0.000000
259 0.000000
260 0.000000
261 0.000000
262 0.000000
263 0.000001
264 0.000010
265 0.000127
266 0.000399
267 0.000594
268 0.000118
269 0.000010
270 0.000000
271 0.000000
272 0.000001
273 0.000004
274 0.000192
275 0.000255
276 0.000360
277 0.000296
278 0.000267
279 0.000246
280 0.010000
281 0.004566
282 0.001965
283 0.000909
284 0.000610
285 0.000007
286 0.000000
287 0.000000
288 0.000000
289 0.000000
290 0.000000
291 0.000000
292 0.000002
293 0.000131
294 0.999985
295 0.013560
296 0.000474
297 0.000003
298 0.000000
299 0.000000
300 0.000003
301 0.000231
302 0.000980
303 0.000724
304 0.000289
305 0.000125
306 0.000081
307 0.000067
308 0.005100
309 0.002089
310 0.001254
311 0.000426
312 0.000051
313 0.000001
314 0.000000
315 0.000000
316 0.000000
317 0.000001
318 0.000075
319 0.000010
320 0.000003
321 0.000020
322 0.000852
323 0.006410
324 0.000542
325 0.000002
326 0.000000
327 0.000000
328 0.000013
329 0.999988
330 0.002004
331 0.000807
332 0.000411
333 0.000173
334 0.000116
335 0.000117
336 0.009773
337 0.004233
338 0.001271
339 0.000669
340 0.000017
341 0.000000
342 0.000000
343 0.000000
344 0.000000
345 0.000008
346 0.000608
347 0.002239
348 0.000074
349 0.000015
350 0.000033
351 0.000390
352 0.000092
353 0.000003
354 0.000000
355 0.000000
356 0.000012
357 0.000545
358 0.000606
359 0.000392
360 0.000536
361 0.000380
362 0.000343
363 0.000239
364 0.004318
365 0.005821
366 0.006322
367 0.003834
368 0.000007
369 0.000000
370 0.000000
371 0.000002
372 0.000010
373 0.000046
374 0.000365
375 0.007515
376 0.006226
377 0.000228
378 0.000028
379 0.000004
380 0.000003
381 0.000001
382 0.000001
383 0.000001
384 0.000006
385 0.000026
386 0.000071
387 0.000124
388 0.000349
389 0.000538
390 0.000595
391 0.000643
392 0.000492
393 0.001424
394 0.002623
395 0.000638
396 0.000005
397 0.000000
398 0.000001
399 0.000067
400 0.001594
401 0.000206
402 0.000043
403 0.001128
404 0.034121
405 0.006554
406 0.000097
407 0.000001
408 0.000000
409 0.000000
410 0.000001
411 0.000001
412 0.000001
413 0.000001
414 0.000009
415 0.000040
416 0.000167
417 0.000512
418 0.000566
419 0.000595
420 0.000174
421 0.000136
422 0.000243
423 0.000026
424 0.000001
425 0.000000
426 0.000078
427 0.016170
428 0.999992
429 0.000338
430 0.000058
431 0.000085
432 0.001367
433 0.999989
434 0.000556
435 0.000003
436 0.000000
437 0.000000
438 0.000000
439 0.000001
440 0.000000
441 0.000000
442 0.000001
443 0.000011
444 0.000063
445 0.000410
446 0.000512
447 0.000566
448 0.000216
449 0.000123
450 0.000090
451 0.000001
452 0.000000
453 0.000003
454 0.000293
455 0.041239
456 0.035442
457 0.014201
458 0.000168
459 0.000020
460 0.000153
461 0.000305
462 0.000168
463 0.000004
464 0.000000
465 0.000000
466 0.000000
467 0.000000
468 0.000000
469 0.000000
470 0.000000
471 0.000002
472 0.000033
473 0.000221
474 0.000428
475 0.000672
476 0.000562
477 0.000365
478 0.000113
479 0.000000
480 0.000000
481 0.000001
482 0.000108
483 0.000640
484 0.001496
485 0.002526
486 0.001143
487 0.000201
488 0.000007
489 0.000002
490 0.000001
491 0.000001
492 0.000000
493 0.000000
494 0.000000
495 0.000000
496 0.000000
497 0.000000
498 0.000000
499 0.000001
500 0.000015
501 0.000140
502 0.001225
503 0.002300
504 0.002311
505 0.002449
506 0.000115
507 0.000001
508 0.000001
509 0.000021
510 0.000065
511 0.000013
512 0.000012
513 0.000120
514 0.000158
515 0.000014
516 0.000001
517 0.000000
518 0.000000
519 0.000000
520 0.000000
521 0.000000
522 0.000000
523 0.000000
524 0.000000
525 0.000000
526 0.000000
527 0.000000
528 0.000004
529 0.000221
530 0.004765
531 0.010010
532 0.004128
533 0.006273
534 0.000146
535 0.000001
536 0.000024
537 0.000348
538 0.000085
539 0.000015
540 0.000008
541 0.000003
542 0.000001
543 0.000000
544 0.000000
545 0.000000
546 0.000000
547 0.000000
548 0.000000
549 0.000000
550 0.000000
551 0.000000
552 0.000000
553 0.000000
554 0.000000
555 0.000001
556 0.000013
557 0.000250
558 0.007798
559 0.010009
560 0.008018
561 0.010000
562 0.000128
563 0.000005
564 0.000146
565 0.000601
566 0.000147
567 0.000069
568 0.000012
569 0.000001
570 0.000000
571 0.000000
572 0.000000
573 0.000000
574 0.000000
575 0.000000
576 0.000000
577 0.000000
578 0.000001
579 0.000002
580 0.000002
581 0.000001
582 0.000002
583 0.000003
584 0.000044
585 0.002489
586 0.004205
587 0.007083
588 0.010000
589 0.010000
590 0.000905
591 0.000131
592 0.000227
593 0.000138
594 0.000109
595 0.000032
596 0.000006
597 0.000001
598 0.000000
599 0.000000
600 0.000000
601 0.000000
602 0.000000
603 0.000000
604 0.000000
605 0.000003
606 0.000008
607 0.000022
608 0.000014
609 0.000008
610 0.000008
611 0.000044
612 0.001127
613 0.001518
614 0.002551
615 0.003775
616 0.010000
617 0.010000
618 0.009999
619 0.001287
620 0.000179
621 0.000042
622 0.000019
623 0.000003
624 0.000001
625 0.000000
626 0.000000
627 0.000000
628 0.000000
629 0.000000
630 0.000000
631 0.000000
632 0.000001
633 0.000002
634 0.000008
635 0.000011
636 0.000013
637 0.000023
638 0.000129
639 0.001441
640 0.001143
641 0.001335
642 0.000000
643 0.000000
644 0.010000
645 0.010000
646 0.009138
647 0.013474
648 0.006600
649 0.000080
650 0.000009
651 0.000002
652 0.000002
653 0.000002
654 0.000005
655 0.000022
656 0.000115
657 0.000189
658 0.000082
659 0.000023
660 0.000027
661 0.000022
662 0.000018
663 0.000022
664 0.000050
665 0.000578
666 0.004553
667 0.002768
668 0.001735
669 0.000000
670 0.000000
671 0.000000
672 0.000000
673 0.009175
674 0.012966
675 0.013179
676 0.013480
677 0.010005
678 0.000238
679 0.000124
680 0.000127
681 0.000285
682 0.001322
683 0.001279
684 0.001066
685 0.000444
686 0.000242
687 0.000261
688 0.000582
689 0.001375
690 0.000839
691 0.001092
692 0.002973
693 0.010007
694 0.007819
695 0.004681
696 0.000000
697 0.000000
698 0.000000
699 0.000000
700 0.000000
701 0.000000
702 0.012957
703 0.012971
704 0.010005
705 0.010002
706 0.010000
707 0.005707
708 0.003193
709 0.001626
710 0.001414
711 0.001322
712 0.001279
713 0.000867
714 0.000795
715 0.000859
716 0.000686
717 0.000835
718 0.001959
719 0.003911
720 0.007771
721 0.010007
722 0.010006
723 0.000000
724 0.000000
725 0.000000
726 0.000000
727 0.000000
728 0.000000
729 0.000000
730 0.000000
731 0.000000
732 0.010003
733 0.010000
734 0.007218
735 0.004192
736 0.002196
737 0.001734
738 0.001626
739 0.001575
740 0.001526
741 0.001800
742 0.001876
743 0.002033
744 0.000930
745 0.000842
746 0.001203
747 0.002676
748 0.005258
749 0.010006
750 0.000000
751 0.000001
752 0.000000
753 0.000000
754 0.000000
755 0.000000
756 0.000000
757 0.000000
758 0.000000
759 0.000000
760 0.000000
761 0.009003
762 0.005321
763 0.002839
764 0.002044
765 0.001983
766 0.001923
767 0.001866
768 0.001576
769 0.002999
770 0.005022
771 0.003163
772 0.001428
773 0.000996
774 0.000916
775 0.001650
776 0.003176
777 0.000007
778 0.001112
779 0.000771
780 0.000011
781 0.000002
782 0.000000
783 0.000000
