0 0.000280
1 0.000251
2 0.000406
3 0.001408
4 0.004258
5 0.010012
6 0.007331
7 0.000824
8 0.000012
9 0.000001
10 0.000001
11 0.000001
12 0.000001
13 0.000001
14 0.000001
15 0.000001
16 0.000002
17 0.000012
18 0.000499
19 0.055256
20 0.042000
21 0.004797
22 0.000252
23 0.000256
24 0.000216
25 0.000232
26 0.000313
27 0.000337
28 0.000190
29 0.000225
30 0.000151
31 0.000337
32 0.001251
33 0.006211
34 0.010019
35 0.002180
36 0.000010
37 0.000001
38 0.000001
39 0.000001
40 0.000001
41 0.000001
42 0.000001
43 0.000001
44 0.000007
45 0.000010
46 0.000461
47 0.001184
48 0.012377
49 0.000197
50 0.000001
51 0.000000
52 0.000200
53 0.000271
54 0.000232
55 0.000313
56 0.000225
57 0.000151
58 0.000135
59 0.000121
60 0.000256
61 0.001050
62 0.006046
63 0.001112
64 0.000019
65 0.000001
66 0.000001
67 0.000001
68 0.000001
69 0.000001
70 0.000001
71 0.000003
72 0.000011
73 0.000228
74 0.000023
75 0.000060
76 0.000001
77 0.000002
78 0.000001
79 0.000000
80 0.000000
81 0.000200
82 0.000271
83 0.000232
84 0.000202
85 0.000135
86 0.000091
87 0.000072
88 0.000065
89 0.000214
90 0.000884
91 0.000174
92 0.000030
93 0.000002
94 0.000001
95 0.000001
96 0.000001
97 0.000001
98 0.000001
99 0.000012
100 0.000094
101 0.000009
102 0.000001
103 0.000001
104 0.000001
105 0.000001
106 0.000000
107 0.000000
108 0.000000
109 0.000186
110 0.000200
111 0.000271
112 0.000135
113 0.000121
114 0.000072
115 0.000065
116 0.000000
117 0.000001
118 0.000001
119 0.000000
120 0.000001
121 0.000003
122 0.000002
123 0.000001
124 0.000001
125 0.000001
126 0.000005
127 0.000002
128 0.000001
129 0.000001
130 0.000002
131 0.000001
132 0.000001
133 0.000001
134 0.000000
135 0.000000
136 0.000001
137 0.000138
138 0.000186
139 0.000253
140 0.000121
141 0.000081
142 0.000065
143 0.000058
144 0.000000
145 0.000001
146 0.000001
147 0.000001
148 0.000001
149 0.000000
150 0.000000
151 0.000001
152 0.000001
153 0.000001
154 0.000001
155 0.000002
156 0.000002
157 0.000002
158 0.000001
159 0.000001
160 0.000000
161 0.000000
162 0.000000
163 0.000000
164 0.000141
165 0.000128
166 0.000174
167 0.000186
168 0.000081
169 0.000065
170 0.000058
171 0.000047
172 0.000000
173 0.000000
174 0.000001
175 0.000002
176 0.000002
177 0.000003
178 0.000001
179 0.000000
180 0.000000
181 0.000001
182 0.000001
183 0.000002
184 0.000001
185 0.000001
186 0.000001
187 0.000000
188 0.000000
189 0.000000
190 0.000000
191 0.000001
192 0.000103
193 0.000111
194 0.000119
195 0.000174
196 0.000065
197 0.000058
198 0.000039
199 0.000031
200 0.000001
201 0.000000
202 0.000000
203 0.000000
204 0.000001
205 0.000003
206 0.000005
207 0.000005
208 0.000002
209 0.000002
210 0.000002
211 0.000001
212 0.000001
213 0.000000
214 0.000000
215 0.000000
216 0.000000
217 0.000000
218 0.000000
219 0.000001
220 0.000103
221 0.000111
222 0.000111
223 0.000151
224 0.000058
225 0.000039
226 0.000031
227 0.000028
228 0.000017
229 0.000000
230 0.000000
231 0.000000
232 0.000000
233 0.000001
234 0.000003
235 0.000010
236 0.999987
237 0.000173
238 0.000003
239 0.000001
240 0.000000
241 0.000000
242 0.000000
243 0.000000
244 0.000000
245 0.000000
246 0.000000
247 0.000002
248 0.000003
249 0.000005
250 0.000013
251 0.000024
252 0.000052
253 0.000031
254 0.000028
255 0.000011
256 0.000002
257 0.000000
258 0.000000
259 0.000000
260 0.000000
261 0.000001
262 0.000001
263 0.000002
264 0.000062
265 0.000022
266 0.000003
267 0.000001
268 0.000001
269 0.000000
270 0.000000
271 0.000000
272 0.000000
273 0.000000
274 0.000000
275 0.000001
276 0.000001
277 0.000001
278 0.000001
279 0.000002
280 0.000031
281 0.000006
282 0.000003
283 0.000001
284 0.000001
285 0.000001
286 0.000000
287 0.000000
288 0.000000
289 0.000001
290 0.000001
291 0.000001
292 0.000001
293 0.000001
294 0.000001
295 0.000001
296 0.000001
297 0.000001
298 0.000001
299 0.000000
300 0.000000
301 0.000000
302 0.000001
303 0.000001
304 0.000001
305 0.000001
306 0.000001
307 0.000001
308 0.000003
309 0.000002
310 0.000002
311 0.000001
312 0.000001
313 0.000001
314 0.000001
315 0.000000
316 0.000000
317 0.000000
318 0.000001
319 0.000001
320 0.000001
321 0.000001
322 0.000001
323 0.000001
324 0.000001
325 0.000001
326 0.000001
327 0.000001
328 0.000001
329 0.000001
330 0.000001
331 0.000001
332 0.000001
333 0.000001
334 0.000001
335 0.000001
336 0.000002
337 0.000002
338 0.000003
339 0.000006
340 0.000001
341 0.000001
342 0.000001
343 0.000000
344 0.000000
345 0.000001
346 0.000001
347 0.000001
348 0.000000
349 0.000000
350 0.000001
351 0.000001
352 0.000001
353 0.000001
354 0.000001
355 0.000001
356 0.000001
357 0.000001
358 0.000001
359 0.000001
360 0.000005
361 0.000003
362 0.000003
363 0.000002
364 0.000005
365 0.000011
366 0.000011
367 0.000007
368 0.000001
369 0.000001
370 0.000001
371 0.000000
372 0.000000
373 0.000001
374 0.000001
375 0.000000
376 0.000000
377 0.000000
378 0.000000
379 0.000001
380 0.000001
381 0.000001
382 0.000001
383 0.000001
384 0.000001
385 0.000001
386 0.000001
387 0.000001
388 0.000003
389 0.000022
390 0.000011
391 0.000008
392 0.000010
393 0.000008
394 0.000007
395 0.000001
396 0.000001
397 0.000001
398 0.000001
399 0.000000
400 0.000001
401 0.000001
402 0.000001
403 0.000000
404 0.000000
405 0.000000
406 0.000000
407 0.000000
408 0.000001
409 0.000001
410 0.000001
411 0.000001
412 0.000001
413 0.000001
414 0.000001
415 0.000001
416 0.000001
417 0.000038
418 0.000043
419 0.000035
420 0.000011
421 0.000005
422 0.000005
423 0.000001
424 0.000001
425 0.000001
426 0.000001
427 0.000001
428 0.000001
429 0.000001
430 0.000000
431 0.000000
432 0.000000
433 0.000000
434 0.000000
435 0.000000
436 0.000001
437 0.000001
438 0.000001
439 0.000001
440 0.000001
441 0.000001
442 0.000001
443 0.000001
444 0.000001
445 0.000029
446 0.000038
447 0.000043
448 0.000015
449 0.000004
450 0.000001
451 0.000001
452 0.000001
453 0.000001
454 0.000001
455 0.000001
456 0.000001
457 0.000000
458 0.000000
459 0.000000
460 0.000000
461 0.000000
462 0.000000
463 0.000000
464 0.000000
465 0.000001
466 0.000001
467 0.000001
468 0.000001
469 0.000001
470 0.000001
471 0.000001
472 0.000001
473 0.000002
474 0.000033
475 0.000074
476 0.000075
477 0.000006
478 0.000001
479 0.000001
480 0.000001
481 0.000001
482 0.000001
483 0.000001
484 0.000001
485 0.000000
486 0.000000
487 0.000000
488 0.000000
489 0.000000
490 0.000000
491 0.000000
492 0.000000
493 0.000000
494 0.000001
495 0.000001
496 0.000001
497 0.000001
498 0.000001
499 0.000001
500 0.000001
501 0.000001
502 0.000187
503 0.000558
504 0.001027
505 0.000072
506 0.000001
507 0.000001
508 0.000001
509 0.000001
510 0.000001
511 0.000001
512 0.000001
513 0.000000
514 0.000000
515 0.000000
516 0.000000
517 0.000000
518 0.000000
519 0.000000
520 0.000000
521 0.000000
522 0.000000
523 0.000001
524 0.000001
525 0.000001
526 0.000001
527 0.000001
528 0.000001
529 0.000001
530 0.000625
531 0.005750
532 0.000262
533 0.000150
534 0.000001
535 0.000001
536 0.000001
537 0.000001
538 0.000001
539 0.000001
540 0.000001
541 0.000000
542 0.000000
543 0.000000
544 0.000000
545 0.000000
546 0.000000
547 0.000000
548 0.000000
549 0.000000
550 0.000000
551 0.000001
552 0.000001
553 0.000001
554 0.000001
555 0.000001
556 0.000001
557 0.000001
558 0.000715
559 0.001576
560 0.000234
561 0.000218
562 0.000001
563 0.000001
564 0.000001
565 0.000001
566 0.000001
567 0.000001
568 0.000001
569 0.000001
570 0.000000
571 0.000000
572 0.000000
573 0.000000
574 0.000000
575 0.000000
576 0.000000
577 0.000000
578 0.000001
579 0.000001
580 0.000001
581 0.000001
582 0.000001
583 0.000001
584 0.000001
585 0.000136
586 0.000229
587 0.000616
588 0.000315
589 0.000234
590 0.000003
591 0.000001
592 0.000001
593 0.000001
594 0.000001
595 0.000001
596 0.000001
597 0.000001
598 0.000001
599 0.000000
600 0.000000
601 0.000000
602 0.000000
603 0.000000
604 0.000000
605 0.000001
606 0.000001
607 0.000001
608 0.000001
609 0.000001
610 0.000001
611 0.000001
612 0.000127
613 0.000136
614 0.000182
615 0.000195
616 0.000359
617 0.000314
618 0.000234
619 0.000004
620 0.000001
621 0.000001
622 0.000001
623 0.000001
624 0.000001
625 0.000001
626 0.000001
627 0.000001
628 0.000001
629 0.000001
630 0.000001
631 0.000001
632 0.000001
633 0.000001
634 0.000001
635 0.000001
636 0.000001
637 0.000001
638 0.000001
639 0.000127
640 0.000136
641 0.000182
642 0.000001
643 0.000001
644 0.000384
645 0.000359
646 0.000336
647 0.000251
648 0.000035
649 0.000001
650 0.000001
651 0.000001
652 0.000001
653 0.000001
654 0.000001
655 0.000001
656 0.000001
657 0.000001
658 0.000001
659 0.000001
660 0.000001
661 0.000001
662 0.000001
663 0.000001
664 0.000001
665 0.000001
666 0.000127
667 0.000171
668 0.000182
669 0.000001
670 0.000001
671 0.000001
672 0.000001
673 0.000384
674 0.000359
675 0.000269
676 0.000314
677 0.000234
678 0.000001
679 0.000001
680 0.000001
681 0.000003
682 0.000012
683 0.000001
684 0.000001
685 0.000001
686 0.000001
687 0.000001
688 0.000001
689 0.000002
690 0.000001
691 0.000001
692 0.000001
693 0.000118
694 0.000136
695 0.000182
696 0.000001
697 0.000001
698 0.000001
699 0.000001
700 0.000001
701 0.000001
702 0.000384
703 0.000359
704 0.000336
705 0.000314
706 0.000234
707 0.000218
708 0.000190
709 0.000139
710 0.000038
711 0.000003
712 0.000001
713 0.000001
714 0.000001
715 0.000001
716 0.000001
717 0.000004
718 0.000082
719 0.000087
720 0.000094
721 0.000127
722 0.000171
723 0.000001
724 0.000001
725 0.000001
726 0.000001
727 0.000001
728 0.000001
729 0.000001
730 0.000001
731 0.000001
732 0.000359
733 0.000336
734 0.000251
735 0.000234
736 0.000218
737 0.000161
738 0.000139
739 0.000010
740 0.000002
741 0.000001
742 0.000001
743 0.000001
744 0.000002
745 0.000014
746 0.000087
747 0.000118
748 0.000127
749 0.000171
750 0.000001
751 0.000001
752 0.000001
753 0.000001
754 0.000001
755 0.000001
756 0.000001
757 0.000001
758 0.000001
759 0.000001
760 0.000001
761 0.000359
762 0.000336
763 0.000251
764 0.000234
765 0.000218
766 0.000203
767 0.000040
768 0.000003
769 0.000001
770 0.000001
771 0.000001
772 0.000004
773 0.000053
774 0.000087
775 0.000101
776 0.000136
777 0.000001
778 0.000001
779 0.000001
780 0.000001
781 0.000001
782 0.000001
783 0.000001
