0 0.001303
1 0.001215
2 0.000945
3 0.001058
4 0.000815
5 0.000623
6 0.000534
7 0.000494
8 0.000090
9 0.000033
10 0.000084
11 0.000127
12 0.000883
13 0.000391
14 0.000075
15 0.000006
16 0.000043
17 0.000142
18 0.000756
19 0.001690
20 0.002767
21 0.003672
22 0.006372
23 0.007096
24 0.006390
25 0.003099
26 0.001964
27 0.001269
28 0.001019
29 0.001133
30 0.000877
31 0.000815
32 0.000757
33 0.000654
34 0.000494
35 0.000258
36 0.000017
37 0.000007
38 0.000021
39 0.000094
40 0.000126
41 0.000827
42 0.000153
43 0.000034
44 0.000083
45 0.000144
46 0.000068
47 0.000292
48 0.003227
49 0.005573
50 0.000001
51 0.000001
52 0.002957
53 0.001821
54 0.000933
55 0.000885
56 0.001133
57 0.000877
58 0.000815
59 0.000757
60 0.000654
61 0.000494
62 0.000458
63 0.000080
64 0.000007
65 0.000002
66 0.000007
67 0.000025
68 0.000093
69 0.000783
70 0.000934
71 0.001174
72 0.000164
73 0.000048
74 0.000012
75 0.000096
76 0.000003
77 0.000001
78 0.000001
79 0.000001
80 0.000001
81 0.000836
82 0.000788
83 0.000692
84 0.001058
85 0.000815
86 0.000623
87 0.000534
88 0.000494
89 0.000458
90 0.000393
91 0.000022
92 0.000003
93 0.000002
94 0.000002
95 0.000006
96 0.000031
97 0.000174
98 0.011221
99 0.010010
100 0.000292
101 0.000006
102 0.000001
103 0.000001
104 0.000001
105 0.000001
106 0.000001
107 0.000001
108 0.000000
109 0.000575
110 0.000611
111 0.000788
112 0.000815
113 0.000757
114 0.000534
115 0.000494
116 0.000001
117 0.000001
118 0.000003
119 0.000002
120 0.000001
121 0.000001
122 0.000002
123 0.000002
124 0.000009
125 0.000417
126 0.056123
127 0.001853
128 0.000002
129 0.000001
130 0.000001
131 0.000001
132 0.000001
133 0.000001
134 0.000001
135 0.000000
136 0.000006
137 0.000442
138 0.000575
139 0.000744
140 0.000757
141 0.000576
142 0.000494
143 0.000458
144 0.000001
145 0.000001
146 0.000001
147 0.000001
148 0.000002
149 0.000004
150 0.000001
151 0.000001
152 0.000001
153 0.000002
154 0.000030
155 0.000003
156 0.000001
157 0.000001
158 0.000002
159 0.000002
160 0.000002
161 0.000001
162 0.000000
163 0.000000
164 0.000450
165 0.000415
166 0.000540
167 0.000575
168 0.000577
169 0.000494
170 0.000458
171 0.000393
172 0.000001
173 0.000001
174 0.000000
175 0.000000
176 0.000001
177 0.000002
178 0.000003
179 0.000003
180 0.000002
181 0.000001
182 0.000001
183 0.000001
184 0.000001
185 0.000003
186 0.000003
187 0.000002
188 0.000001
189 0.000000
190 0.000000
191 0.000001
192 0.000342
193 0.000365
194 0.000389
195 0.000627
196 0.000494
197 0.000458
198 0.000342
199 0.000292
200 0.000056
201 0.000001
202 0.000000
203 0.000000
204 0.000000
205 0.000000
206 0.000001
207 0.000002
208 0.000002
209 0.000002
210 0.000002
211 0.000004
212 0.000050
213 0.000118
214 0.000002
215 0.000001
216 0.000000
217 0.000000
218 0.000000
219 0.000003
220 0.000342
221 0.000365
222 0.000446
223 0.000586
224 0.001381
225 0.000527
226 0.000292
227 0.000270
228 0.000183
229 0.000002
230 0.000001
231 0.000000
232 0.000000
233 0.000000
234 0.000000
235 0.000001
236 0.000001
237 0.000002
238 0.000004
239 0.000063
240 0.999981
241 0.000017
242 0.000001
243 0.000001
244 0.000000
245 0.000000
246 0.000001
247 0.000013
248 0.000016
249 0.000028
250 0.000069
251 0.000122
252 0.004511
253 0.001522
254 0.000687
255 0.000139
256 0.000024
257 0.000002
258 0.000001
259 0.000000
260 0.000000
261 0.000000
262 0.000001
263 0.000001
264 0.000001
265 0.000001
266 0.000002
267 0.000003
268 0.000004
269 0.000003
270 0.000001
271 0.000001
272 0.000001
273 0.000001
274 0.000001
275 0.000014
276 0.000014
277 0.000015
278 0.000018
279 0.000022
280 0.010027
281 0.002253
282 0.000423
283 0.000046
284 0.000008
285 0.000001
286 0.000001
287 0.000001
288 0.000000
289 0.000000
290 0.000001
291 0.000001
292 0.000001
293 0.000001
294 0.000001
295 0.000001
296 0.000001
297 0.000001
298 0.000001
299 0.000001
300 0.000001
301 0.000001
302 0.000001
303 0.000184
304 0.000121
305 0.000079
306 0.000045
307 0.000040
308 0.001319
309 0.000886
310 0.000428
311 0.000064
312 0.000002
313 0.000001
314 0.000001
315 0.000001
316 0.000001
317 0.000001
318 0.000001
319 0.000001
320 0.000001
321 0.000001
322 0.000001
323 0.000001
324 0.000001
325 0.000001
326 0.000001
327 0.000001
328 0.000001
329 0.000001
330 0.000001
331 0.000007
332 0.000178
333 0.000214
334 0.000228
335 0.000275
336 0.000090
337 0.000126
338 0.000200
339 0.000199
340 0.000002
341 0.000001
342 0.000001
343 0.000002
344 0.000001
345 0.000001
346 0.000001
347 0.000001
348 0.000001
349 0.000001
350 0.000001
351 0.000001
352 0.000001
353 0.000001
354 0.000001
355 0.000001
356 0.000001
357 0.000001
358 0.000001
359 0.000001
360 0.000055
361 0.000153
362 0.000214
363 0.000228
364 0.000017
365 0.000029
366 0.000033
367 0.000052
368 0.000001
369 0.000001
370 0.000001
371 0.000003
372 0.000005
373 0.000002
374 0.000001
375 0.000001
376 0.000001
377 0.000001
378 0.000001
379 0.000001
380 0.000001
381 0.000001
382 0.000001
383 0.000001
384 0.000001
385 0.000001
386 0.000001
387 0.000001
388 0.000002
389 0.000029
390 0.000068
391 0.000193
392 0.000007
393 0.000004
394 0.000004
395 0.000002
396 0.000001
397 0.000001
398 0.000002
399 0.000010
400 0.000042
401 0.000005
402 0.000001
403 0.000001
404 0.000001
405 0.000001
406 0.000001
407 0.000001
408 0.000001
409 0.000001
410 0.000001
411 0.000001
412 0.000001
413 0.000001
414 0.000001
415 0.000001
416 0.000001
417 0.000007
418 0.000014
419 0.000029
420 0.000005
421 0.000004
422 0.000013
423 0.000001
424 0.000001
425 0.000001
426 0.000001
427 0.000011
428 0.999977
429 0.000016
430 0.000001
431 0.000001
432 0.000001
433 0.000001
434 0.000001
435 0.000001
436 0.000001
437 0.000001
438 0.000001
439 0.000001
440 0.000001
441 0.000001
442 0.000001
443 0.000001
444 0.000001
445 0.000003
446 0.000004
447 0.000008
448 0.000019
449 0.000022
450 0.000037
451 0.000001
452 0.000001
453 0.000001
454 0.000001
455 0.000005
456 0.000034
457 0.000009
458 0.000002
459 0.000001
460 0.000001
461 0.000001
462 0.000001
463 0.000001
464 0.000001
465 0.000001
466 0.000001
467 0.000001
468 0.000001
469 0.000001
470 0.000001
471 0.000001
472 0.000001
473 0.000001
474 0.000003
475 0.000006
476 0.000618
477 0.000475
478 0.000047
479 0.000001
480 0.000001
481 0.000001
482 0.000002
483 0.000003
484 0.000002
485 0.000002
486 0.000001
487 0.000001
488 0.000001
489 0.000001
490 0.000001
491 0.000001
492 0.000001
493 0.000001
494 0.000001
495 0.000001
496 0.000001
497 0.000001
498 0.000001
499 0.000001
500 0.000001
501 0.000001
502 0.000012
503 0.000030
504 0.016133
505 0.008222
506 0.000020
507 0.000001
508 0.000001
509 0.000002
510 0.000002
511 0.000002
512 0.000001
513 0.000001
514 0.000001
515 0.000001
516 0.000001
517 0.000001
518 0.000001
519 0.000001
520 0.000001
521 0.000001
522 0.000001
523 0.000001
524 0.000001
525 0.000001
526 0.000001
527 0.000001
528 0.000001
529 0.000001
530 0.000087
531 0.000280
532 0.013108
533 0.010007
534 0.000025
535 0.000001
536 0.000001
537 0.000002
538 0.000002
539 0.000001
540 0.000001
541 0.000001
542 0.000001
543 0.000001
544 0.000001
545 0.000001
546 0.000001
547 0.000001
548 0.000001
549 0.000001
550 0.000001
551 0.000001
552 0.000001
553 0.000001
554 0.000001
555 0.000001
556 0.000001
557 0.000001
558 0.000280
559 0.000296
560 0.010005
561 0.010002
562 0.000021
563 0.000001
564 0.000005
565 0.000006
566 0.000001
567 0.000001
568 0.000001
569 0.000001
570 0.000001
571 0.000001
572 0.000001
573 0.000001
574 0.000001
575 0.000001
576 0.000001
577 0.000001
578 0.000001
579 0.000001
580 0.000001
581 0.000001
582 0.000001
583 0.000001
584 0.000001
585 0.000280
586 0.000296
587 0.000379
588 0.010001
589 0.010000
590 0.000285
591 0.000007
592 0.000007
593 0.000001
594 0.000001
595 0.000001
596 0.000001
597 0.000001
598 0.000001
599 0.000001
600 0.000001
601 0.000001
602 0.000001
603 0.000001
604 0.000001
605 0.000001
606 0.000001
607 0.000001
608 0.000001
609 0.000001
610 0.000001
611 0.000001
612 0.000264
613 0.000280
614 0.000358
615 0.000379
616 0.010000
617 0.010000
618 0.009999
619 0.000556
620 0.000006
621 0.000001
622 0.000001
623 0.000001
624 0.000001
625 0.000001
626 0.000001
627 0.000001
628 0.000001
629 0.000001
630 0.000001
631 0.000001
632 0.000001
633 0.000001
634 0.000001
635 0.000001
636 0.000001
637 0.000001
638 0.000001
639 0.000264
640 0.000280
641 0.000358
642 0.000001
643 0.000001
644 0.010000
645 0.009999
646 0.009998
647 0.004898
648 0.000730
649 0.000002
650 0.000001
651 0.000001
652 0.000001
653 0.000001
654 0.000001
655 0.000002
656 0.000011
657 0.000015
658 0.000003
659 0.000001
660 0.000001
661 0.000001
662 0.000001
663 0.000001
664 0.000001
665 0.000002
666 0.000264
667 0.000339
668 0.000358
669 0.000001
670 0.000001
671 0.000001
672 0.000001
673 0.009998
674 0.005971
675 0.002529
676 0.001262
677 0.000739
678 0.000004
679 0.000002
680 0.000004
681 0.000020
682 0.000364
683 0.000346
684 0.000258
685 0.000060
686 0.000009
687 0.000002
688 0.000002
689 0.000011
690 0.000009
691 0.000004
692 0.000013
693 0.000249
694 0.000280
695 0.000358
696 0.000001
697 0.000001
698 0.000001
699 0.000001
700 0.000001
701 0.000001
702 0.003142
703 0.001606
704 0.000956
705 0.000912
706 0.000739
707 0.000703
708 0.000636
709 0.000509
710 0.000406
711 0.000365
712 0.000346
713 0.000182
714 0.000032
715 0.000007
716 0.000004
717 0.000020
718 0.000182
719 0.000193
720 0.000205
721 0.000264
722 0.000339
723 0.000001
724 0.000001
725 0.000001
726 0.000001
727 0.000001
728 0.000001
729 0.000001
730 0.000001
731 0.000001
732 0.001002
733 0.000956
734 0.000776
735 0.000739
736 0.000703
737 0.000565
738 0.000509
739 0.000484
740 0.000460
741 0.000346
742 0.000072
743 0.000018
744 0.000012
745 0.000053
746 0.000193
747 0.000249
748 0.000264
749 0.000339
750 0.000001
751 0.000001
752 0.000001
753 0.000001
754 0.000001
755 0.000001
756 0.000001
757 0.000001
758 0.000000
759 0.000000
760 0.000001
761 0.001002
762 0.000956
763 0.000776
764 0.000739
765 0.000703
766 0.000669
767 0.000637
768 0.000484
769 0.000461
770 0.000209
771 0.000048
772 0.000047
773 0.000140
774 0.000193
775 0.000217
776 0.000280
777 0.000001
778 0.000005
779 0.000003
780 0.000001
781 0.000001
782 0.000001
783 0.000001
