0 0.010075
1 0.010078
2 0.010089
3 0.010085
4 0.010096
5 0.010106
6 0.010112
7 0.010114
8 0.010341
9 0.010331
10 0.010220
11 0.010220
12 0.010219
13 0.010219
14 0.010219
15 0.010220
16 0.010223
17 0.010226
18 0.010210
19 0.010193
20 0.010177
21 0.010176
22 0.010172
23 0.010170
24 0.010172
25 0.010170
26 0.010166
27 0.010165
28 0.010086
29 0.010081
30 0.010092
31 0.010095
32 0.010098
33 0.010104
34 0.010114
35 0.010359
36 0.010381
37 0.010338
38 0.010225
39 0.010223
40 0.010223
41 0.010220
42 0.010221
43 0.010223
44 0.010226
45 0.010225
46 0.010219
47 0.010199
48 0.010181
49 0.010176
50 0.010396
51 0.010934
52 0.010172
53 0.010168
54 0.010170
55 0.010166
56 0.010081
57 0.010092
58 0.010095
59 0.010098
60 0.010103
61 0.010113
62 0.010116
63 0.010368
64 0.010388
65 0.010229
66 0.010225
67 0.010227
68 0.010228
69 0.010226
70 0.010225
71 0.010226
72 0.010227
73 0.010228
74 0.010227
75 0.010209
76 0.010328
77 0.010666
78 0.010918
79 0.010936
80 0.010933
81 0.010172
82 0.010168
83 0.010170
84 0.010085
85 0.010095
86 0.010105
87 0.010110
88 0.010113
89 0.010115
90 0.010120
91 0.010377
92 0.010397
93 0.010231
94 0.010231
95 0.010230
96 0.010230
97 0.010226
98 0.010227
99 0.010229
100 0.010228
101 0.010341
102 0.010375
103 0.010501
104 0.010675
105 0.010849
106 0.010874
107 0.010884
108 0.010422
109 0.010173
110 0.010172
111 0.010168
112 0.010096
113 0.010098
114 0.010110
115 0.010113
116 0.010050
117 0.010183
118 0.010367
119 0.010390
120 0.010410
121 0.010235
122 0.010232
123 0.010231
124 0.010230
125 0.010230
126 0.010230
127 0.010352
128 0.010371
129 0.010451
130 0.010548
131 0.010709
132 0.010819
133 0.010881
134 0.010858
135 0.010543
136 0.010364
137 0.010177
138 0.010173
139 0.010170
140 0.010099
141 0.010108
142 0.010113
143 0.010115
144 0.010183
145 0.010192
146 0.010414
147 0.010403
148 0.010247
149 0.010243
150 0.010241
151 0.010238
152 0.010235
153 0.010356
154 0.010374
155 0.010448
156 0.010517
157 0.010602
158 0.010671
159 0.010855
160 0.010916
161 0.010661
162 0.010608
163 0.010411
164 0.010176
165 0.010178
166 0.010175
167 0.010174
168 0.010109
169 0.010113
170 0.010116
171 0.010120
172 0.010140
173 0.010175
174 0.010428
175 0.010455
176 0.010267
177 0.010248
178 0.010355
179 0.010363
180 0.010380
181 0.010393
182 0.010464
183 0.010522
184 0.010652
185 0.010674
186 0.010800
187 0.010919
188 0.010713
189 0.010546
190 0.010424
191 0.010387
192 0.010180
193 0.010180
194 0.010179
195 0.010350
196 0.010114
197 0.010116
198 0.010124
199 0.010128
200 0.010142
201 0.010152
202 0.010429
203 0.010470
204 0.010383
205 0.010358
206 0.010381
207 0.010393
208 0.010404
209 0.010327
210 0.010339
211 0.010655
212 0.010628
213 0.010735
214 0.010788
215 0.010738
216 0.010635
217 0.010558
218 0.010411
219 0.010368
220 0.010180
221 0.010180
222 0.010965
223 0.011784
224 0.010116
225 0.010125
226 0.010129
227 0.010130
228 0.010139
229 0.010450
230 0.010499
231 0.010356
232 0.010406
233 0.010412
234 0.010422
235 0.010331
236 0.010317
237 0.010323
238 0.010330
239 0.010338
240 0.010741
241 0.010689
242 0.010743
243 0.010643
244 0.010500
245 0.010475
246 0.010413
247 0.010183
248 0.010212
249 0.011491
250 0.012279
251 0.012769
252 0.010119
253 0.010129
254 0.010131
255 0.010243
256 0.010257
257 0.010551
258 0.010590
259 0.010372
260 0.010377
261 0.010360
262 0.010326
263 0.010328
264 0.010329
265 0.010320
266 0.010324
267 0.010329
268 0.010342
269 0.010750
270 0.010642
271 0.010494
272 0.010380
273 0.010480
274 0.010416
275 0.010924
276 0.011733
277 0.012502
278 0.012502
279 0.012348
280 0.010130
281 0.010249
282 0.010254
283 0.010263
284 0.010269
285 0.010576
286 0.010542
287 0.010316
288 0.010313
289 0.010312
290 0.010309
291 0.010330
292 0.010333
293 0.010334
294 0.010321
295 0.010326
296 0.010332
297 0.010345
298 0.010489
299 0.010367
300 0.010382
301 0.010487
302 0.011477
303 0.012268
304 0.012452
305 0.012452
306 0.011656
307 0.010617
308 0.010254
309 0.010260
310 0.010267
311 0.010274
312 0.010556
313 0.010524
314 0.010326
315 0.010320
316 0.010315
317 0.010313
318 0.010313
319 0.010308
320 0.010330
321 0.010333
322 0.010339
323 0.010346
324 0.010334
325 0.010340
326 0.010355
327 0.010368
328 0.010563
329 0.011985
330 0.012268
331 0.012389
332 0.012319
333 0.011038
334 0.010338
335 0.010186
336 0.010265
337 0.010199
338 0.010201
339 0.010205
340 0.010570
341 0.010605
342 0.010329
343 0.010327
344 0.010322
345 0.010316
346 0.010318
347 0.010314
348 0.010315
349 0.010337
350 0.010341
351 0.010344
352 0.010353
353 0.010342
354 0.010353
355 0.011291
356 0.012046
357 0.012112
358 0.012285
359 0.011500
360 0.010503
361 0.010193
362 0.010191
363 0.010190
364 0.010197
365 0.010198
366 0.010200
367 0.010204
368 0.010624
369 0.010623
370 0.010335
371 0.010334
372 0.010330
373 0.010323
374 0.010320
375 0.010317
376 0.010318
377 0.010318
378 0.010344
379 0.010345
380 0.010357
381 0.010391
382 0.011623
383 0.011844
384 0.011903
385 0.011993
386 0.010646
387 0.010271
388 0.010212
389 0.010195
390 0.010194
391 0.010191
392 0.010197
393 0.010200
394 0.010202
395 0.010634
396 0.010679
397 0.010360
398 0.010349
399 0.010341
400 0.010340
401 0.010332
402 0.010325
403 0.010326
404 0.010323
405 0.010322
406 0.010322
407 0.010329
408 0.010941
409 0.011582
410 0.011602
411 0.011757
412 0.011151
413 0.010422
414 0.010328
415 0.010308
416 0.010243
417 0.010197
418 0.010195
419 0.010195
420 0.010197
421 0.010201
422 0.010204
423 0.010648
424 0.010691
425 0.010375
426 0.010361
427 0.010353
428 0.010345
429 0.010341
430 0.010338
431 0.010329
432 0.010331
433 0.010326
434 0.010330
435 0.010867
436 0.011078
437 0.011551
438 0.011597
439 0.010613
440 0.010377
441 0.010328
442 0.010340
443 0.010685
444 0.010275
445 0.010200
446 0.010197
447 0.010196
448 0.010219
449 0.010224
450 0.010205
451 0.010662
452 0.010705
453 0.010377
454 0.010377
455 0.010367
456 0.010359
457 0.010350
458 0.010342
459 0.010341
460 0.010340
461 0.010336
462 0.010784
463 0.010844
464 0.010964
465 0.011094
466 0.010393
467 0.010392
468 0.010375
469 0.010366
470 0.011154
471 0.010693
472 0.010390
473 0.010221
474 0.010281
475 0.010359
476 0.010202
477 0.010212
478 0.010583
479 0.010700
480 0.010380
481 0.010380
482 0.010381
483 0.010446
484 0.010374
485 0.010364
486 0.010353
487 0.010352
488 0.010348
489 0.010349
490 0.010427
491 0.010664
492 0.010438
493 0.010368
494 0.010380
495 0.010367
496 0.010378
497 0.011269
498 0.011152
499 0.010924
500 0.010846
501 0.010407
502 0.010351
503 0.010341
504 0.010032
505 0.010169
506 0.010467
507 0.010591
508 0.010392
509 0.010398
510 0.010407
511 0.010480
512 0.010483
513 0.010378
514 0.010372
515 0.010367
516 0.010361
517 0.010362
518 0.010366
519 0.010366
520 0.010375
521 0.010378
522 0.010383
523 0.010375
524 0.011146
525 0.011533
526 0.011444
527 0.011444
528 0.010924
529 0.010407
530 0.010314
531 0.010001
532 0.010033
533 0.010034
534 0.010446
535 0.010506
536 0.010368
537 0.010378
538 0.010480
539 0.010489
540 0.010434
541 0.010415
542 0.010382
543 0.010382
544 0.010379
545 0.010375
546 0.010376
547 0.010380
548 0.010385
549 0.010391
550 0.010472
551 0.011121
552 0.011418
553 0.011295
554 0.011599
555 0.011420
556 0.011204
557 0.010548
558 0.010024
559 0.010001
560 0.010030
561 0.010031
562 0.010382
563 0.010309
564 0.010326
565 0.010425
566 0.010454
567 0.010465
568 0.010382
569 0.010392
570 0.010404
571 0.010408
572 0.010418
573 0.010395
574 0.010392
575 0.010395
576 0.010714
577 0.010715
578 0.010688
579 0.010835
580 0.011070
581 0.011443
582 0.011198
583 0.011497
584 0.011340
585 0.010024
586 0.010024
587 0.010024
588 0.010028
589 0.010030
590 0.010246
591 0.010280
592 0.010403
593 0.010417
594 0.010421
595 0.010328
596 0.010330
597 0.010458
598 0.010471
599 0.010486
600 0.010397
601 0.010838
602 0.010853
603 0.010842
604 0.010846
605 0.010695
606 0.010675
607 0.010291
608 0.010556
609 0.010863
610 0.011258
611 0.011287
612 0.010001
613 0.010024
614 0.010024
615 0.010024
616 0.010027
617 0.010028
618 0.010030
619 0.010313
620 0.010369
621 0.010397
622 0.010314
623 0.010357
624 0.010419
625 0.010424
626 0.010558
627 0.010868
628 0.010834
629 0.010771
630 0.010789
631 0.010805
632 0.010320
633 0.010336
634 0.010304
635 0.010284
636 0.010269
637 0.010418
638 0.010595
639 0.010001
640 0.010001
641 0.010001
642 0.011827
643 0.012054
644 0.010026
645 0.010027
646 0.010027
647 0.010029
648 0.010294
649 0.010257
650 0.010391
651 0.010440
652 0.010746
653 0.010730
654 0.010783
655 0.010776
656 0.010768
657 0.010051
658 0.010053
659 0.010229
660 0.010255
661 0.010247
662 0.010255
663 0.010256
664 0.010241
665 0.010181
666 0.010001
667 0.010001
668 0.010001
669 0.011799
670 0.011842
671 0.011956
672 0.012187
673 0.010026
674 0.010026
675 0.010028
676 0.010027
677 0.010030
678 0.010412
679 0.010650
680 0.010604
681 0.010592
682 0.010041
683 0.010043
684 0.010047
685 0.010048
686 0.010051
687 0.010052
688 0.010056
689 0.010037
690 0.010124
691 0.010155
692 0.010119
693 0.010001
694 0.010001
695 0.010001
696 0.011799
697 0.011799
698 0.011807
699 0.011934
700 0.012187
701 0.012188
702 0.010026
703 0.010026
704 0.010027
705 0.010028
706 0.010030
707 0.010031
708 0.010032
709 0.010034
710 0.010039
711 0.010042
712 0.010044
713 0.010045
714 0.010048
715 0.010049
716 0.010046
717 0.010028
718 0.010001
719 0.010001
720 0.010001
721 0.010001
722 0.010001
723 0.011814
724 0.011586
725 0.011703
726 0.011799
727 0.011799
728 0.012187
729 0.012187
730 0.012188
731 0.012188
732 0.010027
733 0.010027
734 0.010029
735 0.010030
736 0.010031
737 0.010033
738 0.010035
739 0.010039
740 0.010040
741 0.010044
742 0.010047
743 0.010048
744 0.010039
745 0.010018
746 0.010001
747 0.010001
748 0.010001
749 0.010001
750 0.010952
751 0.010445
752 0.010676
753 0.011204
754 0.011855
755 0.011799
756 0.012186
757 0.012187
758 0.012390
759 0.012457
760 0.012188
761 0.010027
762 0.010027
763 0.010030
764 0.010030
765 0.010031
766 0.010032
767 0.010035
768 0.010040
769 0.010041
770 0.010044
771 0.010045
772 0.010031
773 0.010007
774 0.010001
775 0.010001
776 0.010001
777 0.010330
778 0.010193
779 0.010203
780 0.010284
781 0.010386
782 0.011050
783 0.011799
