0 0.002594
1 0.002475
2 0.002090
3 0.002254
4 0.001890
5 0.001577
6 0.002371
7 0.004588
8 0.001376
9 0.000211
10 0.000278
11 0.000248
12 0.000294
13 0.000200
14 0.000188
15 0.000142
16 0.000088
17 0.000034
18 0.000079
19 0.000276
20 0.000733
21 0.000831
22 0.001744
23 0.003266
24 0.004893
25 0.006454
26 0.006672
27 0.005783
28 0.002198
29 0.002362
30 0.001987
31 0.001890
32 0.001799
33 0.001629
34 0.001533
35 0.001512
36 0.000299
37 0.000117
38 0.000423
39 0.000796
40 0.000479
41 0.000236
42 0.000168
43 0.000126
44 0.000042
45 0.000021
46 0.000021
47 0.000150
48 0.000636
49 0.001347
50 0.000001
51 0.000000
52 0.006454
53 0.006673
54 0.004766
55 0.003223
56 0.002362
57 0.001987
58 0.001890
59 0.001799
60 0.001629
61 0.001346
62 0.001278
63 0.000324
64 0.000071
65 0.000087
66 0.000731
67 0.002464
68 0.000860
69 0.000301
70 0.000127
71 0.000057
72 0.000021
73 0.000009
74 0.000011
75 0.000054
76 0.000002
77 0.000000
78 0.000001
79 0.000000
80 0.000000
81 0.004678
82 0.003078
83 0.001706
84 0.002561
85 0.001891
86 0.001577
87 0.001419
88 0.001346
89 0.001278
90 0.001152
91 0.000093
92 0.000015
93 0.000116
94 0.001000
95 0.003003
96 0.002097
97 0.000634
98 0.000144
99 0.000026
100 0.000011
101 0.000003
102 0.000000
103 0.000000
104 0.000000
105 0.000001
106 0.000001
107 0.000001
108 0.000000
109 0.002426
110 0.001575
111 0.001091
112 0.004216
113 0.002352
114 0.001419
115 0.001346
116 0.000001
117 0.000000
118 0.000001
119 0.000000
120 0.000001
121 0.000040
122 0.001027
123 0.002012
124 0.003020
125 0.001239
126 0.000112
127 0.000001
128 0.000001
129 0.000000
130 0.000000
131 0.000000
132 0.000001
133 0.000001
134 0.000001
135 0.000000
136 0.000047
137 0.001202
138 0.000819
139 0.001100
140 0.007376
141 0.003997
142 0.002073
143 0.001278
144 0.000001
145 0.000001
146 0.000000
147 0.000000
148 0.000001
149 0.000000
150 0.000000
151 0.000002
152 0.000032
153 0.000007
154 0.000001
155 0.000000
156 0.000000
157 0.000000
158 0.000001
159 0.000002
160 0.000003
161 0.000001
162 0.000000
163 0.000000
164 0.001087
165 0.000607
166 0.000823
167 0.000870
168 0.010010
169 0.007172
170 0.004332
171 0.002144
172 0.000264
173 0.000001
174 0.000000
175 0.000000
176 0.000001
177 0.000001
178 0.000001
179 0.000000
180 0.000000
181 0.000000
182 0.000000
183 0.000000
184 0.000000
185 0.000001
186 0.000002
187 0.000006
188 0.000001
189 0.000000
190 0.000000
191 0.000001
192 0.000532
193 0.000573
194 0.000608
195 0.000896
196 0.008460
197 0.010010
198 0.008384
199 0.004052
200 0.000227
201 0.000020
202 0.000001
203 0.000000
204 0.000000
205 0.000001
206 0.000001
207 0.000001
208 0.000001
209 0.000000
210 0.000000
211 0.000000
212 0.000001
213 0.000001
214 0.000002
215 0.000001
216 0.000000
217 0.000000
218 0.000000
219 0.000009
220 0.000540
221 0.000573
222 0.000655
223 0.000793
224 0.003689
225 0.005926
226 0.010008
227 0.010012
228 0.004573
229 0.000034
230 0.000002
231 0.000001
232 0.000000
233 0.000000
234 0.000000
235 0.000001
236 0.000001
237 0.000002
238 0.000002
239 0.000002
240 0.000002
241 0.000002
242 0.000001
243 0.000000
244 0.000000
245 0.000000
246 0.000000
247 0.000026
248 0.000050
249 0.000076
250 0.000150
251 0.000231
252 0.001907
253 0.002434
254 0.003961
255 0.005468
256 0.002026
257 0.000002
258 0.000003
259 0.000002
260 0.000001
261 0.000000
262 0.000000
263 0.000000
264 0.000001
265 0.000002
266 0.000010
267 0.000220
268 0.000414
269 0.000013
270 0.000001
271 0.000000
272 0.000000
273 0.000000
274 0.000000
275 0.000005
276 0.000008
277 0.000014
278 0.000023
279 0.000042
280 0.002875
281 0.000767
282 0.000369
283 0.000264
284 0.000313
285 0.000001
286 0.000001
287 0.000009
288 0.000003
289 0.000001
290 0.000001
291 0.000001
292 0.000001
293 0.000001
294 0.000003
295 0.000290
296 0.999974
297 0.000006
298 0.000001
299 0.000000
300 0.000000
301 0.000000
302 0.000000
303 0.000005
304 0.000008
305 0.000010
306 0.000012
307 0.000018
308 0.001547
309 0.000526
310 0.000135
311 0.000057
312 0.000005
313 0.000001
314 0.000001
315 0.000054
316 0.000051
317 0.000001
318 0.000001
319 0.000001
320 0.000001
321 0.000001
322 0.000001
323 0.000006
324 0.000004
325 0.000001
326 0.000001
327 0.000000
328 0.000000
329 0.000000
330 0.000001
331 0.000004
332 0.000019
333 0.000010
334 0.000012
335 0.000021
336 0.001069
337 0.000677
338 0.000266
339 0.000086
340 0.000001
341 0.000001
342 0.000002
343 0.000191
344 0.999969
345 0.000006
346 0.000001
347 0.000001
348 0.000001
349 0.000001
350 0.000001
351 0.000001
352 0.000001
353 0.000001
354 0.000001
355 0.000000
356 0.000000
357 0.000001
358 0.000001
359 0.000002
360 0.000062
361 0.000045
362 0.000043
363 0.000024
364 0.000770
365 0.000951
366 0.000528
367 0.000599
368 0.000001
369 0.000002
370 0.000019
371 0.000144
372 0.000158
373 0.000027
374 0.000001
375 0.000001
376 0.000001
377 0.000001
378 0.000001
379 0.000001
380 0.000000
381 0.000000
382 0.000000
383 0.000000
384 0.000000
385 0.000001
386 0.000001
387 0.000001
388 0.000066
389 0.000166
390 0.000112
391 0.000100
392 0.000171
393 0.000284
394 0.000764
395 0.000260
396 0.000004
397 0.000020
398 0.001883
399 0.000062
400 0.000006
401 0.000005
402 0.000004
403 0.000002
404 0.000001
405 0.000001
406 0.000001
407 0.000000
408 0.000000
409 0.000000
410 0.000000
411 0.000000
412 0.000000
413 0.000001
414 0.000001
415 0.000001
416 0.000005
417 0.000205
418 0.000339
419 0.000239
420 0.000083
421 0.000236
422 0.000611
423 0.000019
424 0.000005
425 0.000430
426 0.999947
427 0.000116
428 0.000004
429 0.000005
430 0.000006
431 0.000003
432 0.000001
433 0.000001
434 0.000001
435 0.000000
436 0.000000
437 0.000000
438 0.000000
439 0.000000
440 0.000001
441 0.000001
442 0.000001
443 0.000001
444 0.000001
445 0.000154
446 0.000205
447 0.000233
448 0.000304
449 0.000273
450 0.000269
451 0.000001
452 0.000003
453 0.001333
454 0.003157
455 0.000031
456 0.000005
457 0.000008
458 0.000008
459 0.000002
460 0.000001
461 0.000001
462 0.000000
463 0.000000
464 0.000000
465 0.000000
466 0.000000
467 0.000000
468 0.000001
469 0.000001
470 0.000001
471 0.000000
472 0.000001
473 0.000015
474 0.000136
475 0.000296
476 0.002142
477 0.001062
478 0.000120
479 0.000001
480 0.000005
481 0.000744
482 0.000007
483 0.000001
484 0.000002
485 0.000005
486 0.000010
487 0.000002
488 0.000001
489 0.000001
490 0.000000
491 0.000000
492 0.000000
493 0.000000
494 0.000000
495 0.000000
496 0.000001
497 0.000001
498 0.000001
499 0.000000
500 0.000001
501 0.000002
502 0.000227
503 0.000869
504 0.010007
505 0.006147
506 0.000057
507 0.000005
508 0.000203
509 0.000022
510 0.000001
511 0.000001
512 0.000001
513 0.000001
514 0.000002
515 0.000002
516 0.000001
517 0.000001
518 0.000000
519 0.000000
520 0.000000
521 0.000000
522 0.000000
523 0.000000
524 0.000001
525 0.000001
526 0.000001
527 0.000001
528 0.000001
529 0.000002
530 0.000610
531 0.002649
532 0.010011
533 0.010013
534 0.000038
535 0.000097
536 0.003730
537 0.000004
538 0.000001
539 0.000001
540 0.000001
541 0.000001
542 0.000001
543 0.000001
544 0.000001
545 0.000001
546 0.000001
547 0.000001
548 0.000000
549 0.000000
550 0.000000
551 0.000000
552 0.000001
553 0.000001
554 0.000001
555 0.000001
556 0.000001
557 0.000009
558 0.000774
559 0.001258
560 0.010013
561 0.008479
562 0.000135
563 0.000717
564 0.000246
565 0.000002
566 0.000001
567 0.000001
568 0.000001
569 0.000001
570 0.000001
571 0.000001
572 0.000001
573 0.000001
574 0.000001
575 0.000001
576 0.000001
577 0.000000
578 0.000000
579 0.000001
580 0.000001
581 0.000001
582 0.000001
583 0.000001
584 0.000005
585 0.000668
586 0.000698
587 0.000843
588 0.008045
589 0.010226
590 0.006207
591 0.003124
592 0.000010
593 0.000001
594 0.000001
595 0.000001
596 0.000001
597 0.000000
598 0.000000
599 0.000001
600 0.000001
601 0.000001
602 0.000001
603 0.000001
604 0.000001
605 0.000001
606 0.000001
607 0.000001
608 0.000001
609 0.000001
610 0.000001
611 0.000008
612 0.000639
613 0.000668
614 0.000807
615 0.000843
616 0.008981
617 0.009903
618 0.012591
619 0.003992
620 0.000008
621 0.000001
622 0.000001
623 0.000001
624 0.000001
625 0.000000
626 0.000000
627 0.000001
628 0.000001
629 0.000001
630 0.000001
631 0.000001
632 0.000001
633 0.000001
634 0.000001
635 0.000001
636 0.000001
637 0.000001
638 0.000009
639 0.000639
640 0.000668
641 0.000807
642 0.000001
643 0.000001
644 0.008647
645 0.011451
646 0.010007
647 0.010011
648 0.003469
649 0.000012
650 0.000002
651 0.000001
652 0.000001
653 0.000001
654 0.000001
655 0.000002
656 0.000048
657 0.000317
658 0.000286
659 0.000019
660 0.000001
661 0.000001
662 0.000001
663 0.000001
664 0.000001
665 0.000015
666 0.000639
667 0.000774
668 0.000807
669 0.000001
670 0.000001
671 0.000001
672 0.000001
673 0.010006
674 0.010009
675 0.010011
676 0.010008
677 0.010005
678 0.000066
679 0.000016
680 0.000015
681 0.000047
682 0.000167
683 0.000325
684 0.000368
685 0.000532
686 0.000317
687 0.000301
688 0.000188
689 0.000340
690 0.000194
691 0.000038
692 0.000081
693 0.000611
694 0.000668
695 0.000807
696 0.000001
697 0.000001
698 0.000001
699 0.000001
700 0.000001
701 0.000001
702 0.010010
703 0.010008
704 0.010005
705 0.010000
706 0.005450
707 0.002199
708 0.000986
709 0.000815
710 0.000358
711 0.000343
712 0.000317
713 0.000896
714 0.000433
715 0.000393
716 0.000503
717 0.001154
718 0.002420
719 0.001093
720 0.000526
721 0.000639
722 0.000774
723 0.000001
724 0.000001
725 0.000001
726 0.000001
727 0.000001
728 0.000001
729 0.000001
730 0.000001
731 0.000001
732 0.010001
733 0.006450
734 0.003095
735 0.001479
736 0.001072
737 0.000891
738 0.000815
739 0.000219
740 0.000401
741 0.000513
742 0.000454
743 0.000433
744 0.000918
745 0.003749
746 0.004903
747 0.002149
748 0.001006
749 0.000774
750 0.000001
751 0.000001
752 0.000001
753 0.000001
754 0.000001
755 0.000001
756 0.000001
757 0.000001
758 0.000000
759 0.000000
760 0.000001
761 0.004276
762 0.002093
763 0.001167
764 0.001119
765 0.001072
766 0.001028
767 0.000369
768 0.000404
769 0.000439
770 0.000961
771 0.000558
772 0.001648
773 0.006804
774 0.008345
775 0.003594
776 0.001931
777 0.000001
778 0.000040
779 0.000025
780 0.000001
781 0.000001
782 0.000001
783 0.000001
