0 0.010000
1 0.010000
2 0.006559
3 0.003439
4 0.001452
5 0.000612
6 0.000522
7 0.000483
8 0.000054
9 0.000006
10 0.000004
11 0.000003
12 0.000010
13 0.000035
14 0.000101
15 0.000036
16 0.000024
17 0.000006
18 0.000021
19 0.000120
20 0.000473
21 0.000503
22 0.000656
23 0.000696
24 0.000607
25 0.000828
26 0.001549
27 0.003005
28 0.008627
29 0.010000
30 0.010000
31 0.006374
32 0.002584
33 0.000982
34 0.000483
35 0.000244
36 0.000014
37 0.000002
38 0.000002
39 0.000002
40 0.000015
41 0.000064
42 0.000062
43 0.000032
44 0.000008
45 0.000003
46 0.000003
47 0.000043
48 0.000360
49 0.000473
50 0.000009
51 0.000000
52 0.000742
53 0.001440
54 0.003183
55 0.010676
56 0.008011
57 0.009060
58 0.010317
59 0.010000
60 0.006107
61 0.001814
62 0.000692
63 0.000072
64 0.000005
65 0.000001
66 0.000002
67 0.000004
68 0.000018
69 0.000083
70 0.000033
71 0.000013
72 0.000003
73 0.000001
74 0.000001
75 0.000010
76 0.000012
77 0.000000
78 0.000000
79 0.000000
80 0.000000
81 0.003048
82 0.010676
83 0.017766
84 0.009840
85 0.008147
86 0.008993
87 0.010221
88 0.010000
89 0.004603
90 0.001581
91 0.000030
92 0.000002
93 0.000001
94 0.000001
95 0.000008
96 0.000028
97 0.000051
98 0.000028
99 0.000004
100 0.000001
101 0.000000
102 0.000000
103 0.000000
104 0.000000
105 0.000000
106 0.000000
107 0.000000
108 0.000000
109 0.011969
110 0.017766
111 0.018317
112 0.015561
113 0.011533
114 0.007827
115 0.008843
116 0.000000
117 0.000000
118 0.000000
119 0.000000
120 0.000000
121 0.000000
122 0.000002
123 0.000013
124 0.000077
125 0.000032
126 0.000007
127 0.000000
128 0.000000
129 0.000000
130 0.000000
131 0.000000
132 0.000000
133 0.000000
134 0.000000
135 0.000000
136 0.000109
137 0.017207
138 0.016896
139 0.008939
140 0.017129
141 0.015594
142 0.012960
143 0.008645
144 0.000000
145 0.000000
146 0.000000
147 0.000000
148 0.000000
149 0.000000
150 0.000000
151 0.000000
152 0.000000
153 0.000000
154 0.000000
155 0.000000
156 0.000000
157 0.000000
158 0.000000
159 0.000000
160 0.000000
161 0.000000
162 0.000000
163 0.000000
164 0.018593
165 0.015572
166 0.007128
167 0.002711
168 0.008310
169 0.016545
170 0.016601
171 0.013360
172 0.000000
173 0.000000
174 0.000000
175 0.000000
176 0.000000
177 0.000000
178 0.000000
179 0.000000
180 0.000000
181 0.000000
182 0.000000
183 0.000000
184 0.000000
185 0.000000
186 0.000000
187 0.000000
188 0.000000
189 0.000000
190 0.000000
191 0.000001
192 0.013328
193 0.005523
194 0.001510
195 0.001579
196 0.002574
197 0.005514
198 0.015899
199 0.016055
200 0.000171
201 0.000000
202 0.000000
203 0.000006
204 0.000000
205 0.000000
206 0.000000
207 0.000000
208 0.000000
209 0.000000
210 0.000000
211 0.000000
212 0.000000
213 0.000000
214 0.000000
215 0.000000
216 0.000000
217 0.000000
218 0.000000
219 0.000145
220 0.004029
221 0.001190
222 0.001707
223 0.005183
224 0.000821
225 0.001473
226 0.003076
227 0.013747
228 0.015499
229 0.000000
230 0.000000
231 0.000000
232 0.000004
233 0.000021
234 0.000002
235 0.000000
236 0.000000
237 0.000000
238 0.000000
239 0.000000
240 0.000000
241 0.000000
242 0.000000
243 0.000000
244 0.000000
245 0.000000
246 0.000000
247 0.000138
248 0.000086
249 0.000381
250 0.001166
251 0.001762
252 0.000429
253 0.000437
254 0.000774
255 0.001248
256 0.000856
257 0.000000
258 0.000000
259 0.000000
260 0.000000
261 0.001788
262 0.999999
263 0.000000
264 0.000000
265 0.000000
266 0.000000
267 0.000000
268 0.000000
269 0.000000
270 0.000000
271 0.000000
272 0.000000
273 0.000000
274 0.000000
275 0.000013
276 0.000052
277 0.000091
278 0.000147
279 0.000203
280 0.000282
281 0.000076
282 0.000037
283 0.000142
284 0.000364
285 0.000000
286 0.000000
287 0.000000
288 0.000000
289 0.000593
290 0.000062
291 0.000000
292 0.000000
293 0.000000
294 0.000000
295 0.000000
296 0.000000
297 0.000000
298 0.000000
299 0.000000
300 0.000000
301 0.000000
302 0.000000
303 0.000033
304 0.000041
305 0.000057
306 0.000036
307 0.000009
308 0.000051
309 0.000115
310 0.000068
311 0.000047
312 0.000012
313 0.000001
314 0.000000
315 0.000000
316 0.000000
317 0.000001
318 0.000001
319 0.000000
320 0.000000
321 0.000000
322 0.000000
323 0.000000
324 0.000000
325 0.000000
326 0.000000
327 0.000000
328 0.000000
329 0.000000
330 0.000000
331 0.000001
332 0.000035
333 0.000011
334 0.000006
335 0.000011
336 0.000109
337 0.000099
338 0.000173
339 0.000242
340 0.000001
341 0.000000
342 0.000000
343 0.000000
344 0.000000
345 0.000000
346 0.000000
347 0.000000
348 0.000000
349 0.000000
350 0.000000
351 0.000000
352 0.000000
353 0.000000
354 0.000000
355 0.000000
356 0.000000
357 0.000000
358 0.000000
359 0.000000
360 0.000003
361 0.000004
362 0.000007
363 0.000008
364 0.000284
365 0.000342
366 0.000120
367 0.000076
368 0.000000
369 0.000000
370 0.000000
371 0.000000
372 0.000000
373 0.000000
374 0.000000
375 0.000000
376 0.000000
377 0.000001
378 0.000102
379 0.000039
380 0.000000
381 0.000000
382 0.000000
383 0.000000
384 0.000000
385 0.000000
386 0.000000
387 0.000000
388 0.000001
389 0.000005
390 0.000006
391 0.000009
392 0.000109
393 0.000092
394 0.000078
395 0.000002
396 0.000000
397 0.000000
398 0.000000
399 0.000000
400 0.000000
401 0.000000
402 0.000000
403 0.000000
404 0.000002
405 0.000690
406 0.206489
407 0.000402
408 0.000000
409 0.000000
410 0.000000
411 0.000000
412 0.000000
413 0.000000
414 0.000000
415 0.000000
416 0.000000
417 0.000004
418 0.000006
419 0.000006
420 0.000115
421 0.000059
422 0.000019
423 0.000000
424 0.000000
425 0.000000
426 0.000000
427 0.000000
428 0.000000
429 0.000000
430 0.000000
431 0.000000
432 0.000001
433 0.999999
434 0.001376
435 0.000010
436 0.000000
437 0.000000
438 0.000000
439 0.000000
440 0.000000
441 0.000000
442 0.000000
443 0.000000
444 0.000000
445 0.000004
446 0.000005
447 0.000006
448 0.000082
449 0.000014
450 0.000004
451 0.000000
452 0.000000
453 0.000000
454 0.000000
455 0.000000
456 0.000000
457 0.000000
458 0.000000
459 0.000000
460 0.000000
461 0.000000
462 0.000000
463 0.000000
464 0.000000
465 0.000000
466 0.000000
467 0.000000
468 0.000000
469 0.000000
470 0.000000
471 0.000000
472 0.000000
473 0.000001
474 0.000004
475 0.000010
476 0.000160
477 0.000024
478 0.000001
479 0.000000
480 0.000000
481 0.000000
482 0.000000
483 0.000000
484 0.000000
485 0.000000
486 0.000000
487 0.000000
488 0.000000
489 0.000000
490 0.000000
491 0.000000
492 0.000000
493 0.000000
494 0.000000
495 0.000000
496 0.000000
497 0.000000
498 0.000000
499 0.000000
500 0.000000
501 0.000000
502 0.000036
503 0.000059
504 0.000755
505 0.000176
506 0.000001
507 0.000000
508 0.000000
509 0.000000
510 0.000000
511 0.000000
512 0.000000
513 0.000000
514 0.000000
515 0.000000
516 0.000000
517 0.000000
518 0.000000
519 0.000000
520 0.000000
521 0.000000
522 0.000000
523 0.000000
524 0.000000
525 0.000000
526 0.000000
527 0.000000
528 0.000000
529 0.000000
530 0.000653
531 0.001312
532 0.000491
533 0.000440
534 0.000001
535 0.000000
536 0.000000
537 0.000000
538 0.000000
539 0.000000
540 0.000000
541 0.000000
542 0.000000
543 0.000000
544 0.000000
545 0.000000
546 0.000000
547 0.000000
548 0.000000
549 0.000000
550 0.000000
551 0.000000
552 0.000000
553 0.000000
554 0.000000
555 0.000000
556 0.000000
557 0.000014
558 0.004961
559 0.003044
560 0.000614
561 0.000583
562 0.000001
563 0.000000
564 0.000000
565 0.000000
566 0.000000
567 0.000000
568 0.000000
569 0.000000
570 0.000000
571 0.000000
572 0.000000
573 0.000000
574 0.000000
575 0.000000
576 0.000000
577 0.000000
578 0.000000
579 0.000000
580 0.000001
581 0.000001
582 0.000000
583 0.000000
584 0.000006
585 0.010001
586 0.010001
587 0.007109
588 0.000766
589 0.000614
590 0.000015
591 0.000000
592 0.000000
593 0.000000
594 0.000000
595 0.000000
596 0.000000
597 0.000000
598 0.000000
599 0.000000
600 0.000000
601 0.000000
602 0.000000
603 0.000000
604 0.000000
605 0.000000
606 0.000000
607 0.000000
608 0.000000
609 0.000002
610 0.000001
611 0.000012
612 0.010001
613 0.010001
614 0.010001
615 0.010001
616 0.000845
617 0.000766
618 0.000614
619 0.000028
620 0.000000
621 0.000000
622 0.000000
623 0.000000
624 0.000000
625 0.000000
626 0.000000
627 0.000000
628 0.000000
629 0.000000
630 0.000000
631 0.000000
632 0.000000
633 0.000000
634 0.000000
635 0.000000
636 0.000000
637 0.000000
638 0.000019
639 0.010000
640 0.010000
641 0.010001
642 0.000000
643 0.000000
644 0.000888
645 0.000845
646 0.000804
647 0.000908
648 0.000504
649 0.000003
650 0.000001
651 0.000000
652 0.000000
653 0.000000
654 0.000000
655 0.000000
656 0.000000
657 0.000002
658 0.000002
659 0.000000
660 0.000000
661 0.000000
662 0.000000
663 0.000000
664 0.000000
665 0.000035
666 0.010000
667 0.010000
668 0.010000
669 0.000000
670 0.000000
671 0.000000
672 0.000000
673 0.000888
674 0.000996
675 0.001889
676 0.004591
677 0.010001
678 0.000043
679 0.000019
680 0.000015
681 0.000035
682 0.000080
683 0.000012
684 0.000003
685 0.000004
686 0.000003
687 0.000003
688 0.000003
689 0.000096
690 0.000262
691 0.000215
692 0.000610
693 0.010001
694 0.010000
695 0.010000
696 0.000000
697 0.000000
698 0.000000
699 0.000000
700 0.000000
701 0.000000
702 0.002021
703 0.003953
704 0.010001
705 0.010001
706 0.010001
707 0.004129
708 0.001487
709 0.000467
710 0.000173
711 0.000030
712 0.000007
713 0.000004
714 0.000005
715 0.000005
716 0.000007
717 0.000114
718 0.002641
719 0.006512
720 0.013704
721 0.010001
722 0.010001
723 0.000000
724 0.000000
725 0.000000
726 0.000000
727 0.000000
728 0.000000
729 0.000000
730 0.000000
731 0.000000
732 0.010001
733 0.010001
734 0.006265
735 0.002381
736 0.000774
737 0.000465
738 0.000417
739 0.000074
740 0.000016
741 0.000006
742 0.000006
743 0.000006
744 0.000019
745 0.000116
746 0.001402
747 0.003965
748 0.009611
749 0.010001
750 0.000000
751 0.000000
752 0.000000
753 0.000000
754 0.000000
755 0.000000
756 0.000000
757 0.000000
758 0.000000
759 0.000000
760 0.000000
761 0.008599
762 0.003617
763 0.001201
764 0.000636
765 0.000583
766 0.000554
767 0.000189
768 0.000030
769 0.000011
770 0.000008
771 0.000009
772 0.000040
773 0.000300
774 0.000648
775 0.002113
776 0.004961
777 0.000000
778 0.000081
779 0.000039
780 0.000000
781 0.000000
782 0.000000
783 0.000000
