0 0.010037
1 0.010040
2 0.010046
3 0.010045
4 0.010051
5 0.010060
6 0.010065
7 0.010069
8 0.000090
9 0.000004
10 0.000002
11 0.000002
12 0.000003
13 0.000004
14 0.000005
15 0.000007
16 0.000005
17 0.000006
18 0.000009
19 0.000010
20 0.000015
21 0.000017
22 0.000026
23 0.000028
24 0.000022
25 0.000025
26 0.000038
27 0.000042
28 0.010042
29 0.010040
30 0.010046
31 0.010049
32 0.010052
33 0.010057
34 0.010066
35 0.002352
36 0.000017
37 0.000001
38 0.000001
39 0.000002
40 0.000002
41 0.000004
42 0.000004
43 0.000005
44 0.000005
45 0.000008
46 0.000008
47 0.000012
48 0.000010
49 0.000015
50 0.000030
51 0.000041
52 0.000020
53 0.000031
54 0.000025
55 0.000038
56 0.010040
57 0.010045
58 0.010047
59 0.010049
60 0.010054
61 0.010062
62 0.010065
63 0.000217
64 0.000005
65 0.000001
66 0.000001
67 0.000001
68 0.000002
69 0.000002
70 0.000003
71 0.000004
72 0.000005
73 0.000005
74 0.000008
75 0.000008
76 0.000019
77 0.000021
78 0.000024
79 0.000027
80 0.000041
81 0.000020
82 0.000031
83 0.000025
84 0.010042
85 0.010046
86 0.010052
87 0.010056
88 0.010059
89 0.010062
90 0.010067
91 0.000032
92 0.000002
93 0.000001
94 0.000001
95 0.000001
96 0.000001
97 0.000002
98 0.000002
99 0.000003
100 0.000004
101 0.000005
102 0.000010
103 0.000010
104 0.000017
105 0.000018
106 0.000022
107 0.000033
108 0.000032
109 0.000018
110 0.000020
111 0.000031
112 0.010048
113 0.010049
114 0.010055
115 0.010057
116 0.013586
117 0.012847
118 0.002485
119 0.000008
120 0.000001
121 0.000001
122 0.000001
123 0.000001
124 0.000001
125 0.000001
126 0.000002
127 0.000003
128 0.000006
129 0.000007
130 0.000009
131 0.000011
132 0.000017
133 0.000013
134 0.000017
135 0.000025
136 0.000021
137 0.000012
138 0.000038
139 0.000187
140 0.010050
141 0.010055
142 0.010058
143 0.010059
144 0.013586
145 0.013524
146 0.000200
147 0.000002
148 0.000000
149 0.000001
150 0.000001
151 0.000001
152 0.000001
153 0.000002
154 0.000002
155 0.000004
156 0.000003
157 0.000005
158 0.000006
159 0.000010
160 0.000011
161 0.000011
162 0.000017
163 0.000015
164 0.000012
165 0.000031
166 0.000154
167 0.000671
168 0.010056
169 0.010059
170 0.010060
171 0.010063
172 0.011660
173 0.013602
174 0.000027
175 0.000001
176 0.000000
177 0.000000
178 0.000001
179 0.000001
180 0.000001
181 0.000002
182 0.000002
183 0.000004
184 0.000004
185 0.000005
186 0.000006
187 0.000006
188 0.000009
189 0.000010
190 0.000013
191 0.000014
192 0.000037
193 0.000136
194 0.001142
195 0.013944
196 0.010059
197 0.010061
198 0.010067
199 0.010070
200 0.010777
201 0.012814
202 0.000003
203 0.000000
204 0.000000
205 0.000000
206 0.000001
207 0.000001
208 0.000001
209 0.000001
210 0.000002
211 0.000003
212 0.000004
213 0.000004
214 0.000004
215 0.000006
216 0.000007
217 0.000008
218 0.000009
219 0.000046
220 0.000221
221 0.001974
222 0.015763
223 0.004964
224 0.010061
225 0.010067
226 0.010071
227 0.010073
228 0.010081
229 0.000114
230 0.000001
231 0.000000
232 0.000000
233 0.000000
234 0.000000
235 0.000001
236 0.000001
237 0.000001
238 0.000001
239 0.000002
240 0.000003
241 0.000003
242 0.000004
243 0.000005
244 0.000006
245 0.000014
246 0.000069
247 0.000294
248 0.003269
249 0.999978
250 0.001225
251 0.000241
252 0.010063
253 0.010071
254 0.010073
255 0.011024
256 0.012465
257 0.000009
258 0.000000
259 0.000000
260 0.000000
261 0.000000
262 0.000000
263 0.000001
264 0.000001
265 0.000001
266 0.000001
267 0.000002
268 0.000002
269 0.000002
270 0.000003
271 0.000004
272 0.000010
273 0.000055
274 0.000311
275 0.001818
276 0.003186
277 0.000295
278 0.000076
279 0.000026
280 0.010071
281 0.011500
282 0.012257
283 0.013400
284 0.014185
285 0.000001
286 0.000000
287 0.000000
288 0.000000
289 0.000000
290 0.000000
291 0.000000
292 0.000000
293 0.000001
294 0.000001
295 0.000001
296 0.000002
297 0.000002
298 0.000003
299 0.000010
300 0.000035
301 0.000314
302 0.002636
303 0.000391
304 0.000120
305 0.000025
306 0.000010
307 0.000008
308 0.012293
309 0.013115
310 0.013908
311 0.014601
312 0.000074
313 0.000000
314 0.000000
315 0.000000
316 0.000000
317 0.000000
318 0.000000
319 0.000000
320 0.000000
321 0.000001
322 0.000001
323 0.000001
324 0.000001
325 0.000002
326 0.000007
327 0.000034
328 0.000251
329 0.001295
330 0.000095
331 0.000036
332 0.000009
333 0.000004
334 0.000005
335 0.000008
336 0.013627
337 0.014150
338 0.014149
339 0.014410
340 0.000002
341 0.000000
342 0.000000
343 0.000000
344 0.000000
345 0.000000
346 0.000000
347 0.000000
348 0.000000
349 0.000000
350 0.000000
351 0.000001
352 0.000001
353 0.000004
354 0.000023
355 0.000177
356 0.000131
357 0.000036
358 0.000008
359 0.000004
360 0.000003
361 0.000003
362 0.000004
363 0.000005
364 0.013602
365 0.013707
366 0.013958
367 0.014083
368 0.000000
369 0.000000
370 0.000000
371 0.000000
372 0.000000
373 0.000000
374 0.000000
375 0.000000
376 0.000000
377 0.000000
378 0.000000
379 0.000001
380 0.000003
381 0.000010
382 0.000071
383 0.000030
384 0.000012
385 0.000005
386 0.000002
387 0.000002
388 0.000003
389 0.000003
390 0.000003
391 0.000005
392 0.013408
393 0.013661
394 0.013917
395 0.000048
396 0.000000
397 0.000000
398 0.000000
399 0.000000
400 0.000000
401 0.000000
402 0.000000
403 0.000000
404 0.000000
405 0.000000
406 0.000001
407 0.000002
408 0.000006
409 0.000019
410 0.000008
411 0.000004
412 0.000002
413 0.000001
414 0.000001
415 0.000002
416 0.000002
417 0.000002
418 0.000003
419 0.000003
420 0.013390
421 0.013473
422 0.013731
423 0.000001
424 0.000000
425 0.000000
426 0.000000
427 0.000000
428 0.000000
429 0.000000
430 0.000000
431 0.000000
432 0.000000
433 0.000000
434 0.000001
435 0.000003
436 0.000006
437 0.000002
438 0.000001
439 0.000001
440 0.000001
441 0.000001
442 0.000001
443 0.000001
444 0.000002
445 0.000002
446 0.000002
447 0.000003
448 0.013192
449 0.013422
450 0.013687
451 0.000000
452 0.000000
453 0.000000
454 0.000000
455 0.000000
456 0.000000
457 0.000000
458 0.000000
459 0.000000
460 0.000000
461 0.000001
462 0.000001
463 0.000001
464 0.000001
465 0.000001
466 0.000000
467 0.000001
468 0.000001
469 0.000001
470 0.000001
471 0.000001
472 0.000001
473 0.000001
474 0.000002
475 0.000004
476 0.013081
477 0.013221
478 0.000234
479 0.000000
480 0.000000
481 0.000000
482 0.000000
483 0.000000
484 0.000000
485 0.000000
486 0.000000
487 0.000000
488 0.000000
489 0.000000
490 0.000000
491 0.000000
492 0.000000
493 0.000000
494 0.000000
495 0.000000
496 0.000000
497 0.000001
498 0.000001
499 0.000001
500 0.000002
501 0.000005
502 0.000015
503 0.000069
504 0.012849
505 0.013087
506 0.000003
507 0.000000
508 0.000000
509 0.000000
510 0.000000
511 0.000000
512 0.000000
513 0.000000
514 0.000000
515 0.000000
516 0.000000
517 0.000000
518 0.000000
519 0.000000
520 0.000000
521 0.000000
522 0.000000
523 0.000000
524 0.000000
525 0.000001
526 0.000002
527 0.000005
528 0.000020
529 0.000091
530 0.000631
531 0.010490
532 0.012923
533 0.013026
534 0.000001
535 0.000000
536 0.000000
537 0.000000
538 0.000000
539 0.000000
540 0.000000
541 0.000000
542 0.000000
543 0.000000
544 0.000000
545 0.000000
546 0.000000
547 0.000000
548 0.000000
549 0.000000
550 0.000000
551 0.000001
552 0.000001
553 0.000007
554 0.000035
555 0.000255
556 0.002918
557 0.010933
558 0.010470
559 0.010471
560 0.012748
561 0.012794
562 0.000000
563 0.000000
564 0.000000
565 0.000000
566 0.000000
567 0.000000
568 0.000000
569 0.000000
570 0.000000
571 0.000000
572 0.000000
573 0.000000
574 0.000000
575 0.000000
576 0.000000
577 0.000001
578 0.000002
579 0.000009
580 0.000093
581 0.002471
582 0.011979
583 0.012422
584 0.012470
585 0.010440
586 0.010447
587 0.010429
588 0.012559
589 0.012747
590 0.000008
591 0.000000
592 0.000000
593 0.000000
594 0.000000
595 0.000000
596 0.000000
597 0.000000
598 0.000000
599 0.000000
600 0.000000
601 0.000000
602 0.000000
603 0.000000
604 0.000003
605 0.000041
606 0.001050
607 0.010901
608 0.011451
609 0.011828
610 0.012064
611 0.012063
612 0.010419
613 0.010426
614 0.010409
615 0.010413
616 0.012471
617 0.012556
618 0.012744
619 0.000024
620 0.000000
621 0.000000
622 0.000000
623 0.000000
624 0.000000
625 0.000000
626 0.000000
627 0.000000
628 0.000000
629 0.000000
630 0.000003
631 0.000262
632 0.015742
633 0.015310
634 0.013344
635 0.010846
636 0.010791
637 0.010980
638 0.011614
639 0.010396
640 0.010398
641 0.010382
642 0.012730
643 0.012982
644 0.012424
645 0.012466
646 0.012508
647 0.012694
648 0.000641
649 0.000000
650 0.000000
651 0.000000
652 0.000000
653 0.000000
654 0.000000
655 0.000001
656 0.000032
657 0.014593
658 0.014618
659 0.014891
660 0.015186
661 0.014182
662 0.012324
663 0.010759
664 0.010705
665 0.010530
666 0.010391
667 0.010364
668 0.010361
669 0.012675
670 0.012731
671 0.012833
672 0.000000
673 0.012419
674 0.012463
675 0.012647
676 0.012554
677 0.012740
678 0.000001
679 0.000001
680 0.000001
681 0.000021
682 0.013540
683 0.013901
684 0.014282
685 0.014280
686 0.014457
687 0.014451
688 0.014652
689 0.013211
690 0.010541
691 0.010539
692 0.010498
693 0.010408
694 0.010388
695 0.010357
696 0.012659
697 0.012664
698 0.012682
699 0.012826
700 0.000000
701 0.000000
702 0.012419
703 0.012466
704 0.012508
705 0.012546
706 0.012719
707 0.012739
708 0.012809
709 0.012970
710 0.013275
711 0.013672
712 0.013940
713 0.014043
714 0.014115
715 0.014152
716 0.013923
717 0.012521
718 0.010452
719 0.010445
720 0.010436
721 0.010406
722 0.010374
723 0.012667
724 0.012394
725 0.012633
726 0.012624
727 0.012649
728 0.000000
729 0.000000
730 0.000000
731 0.000000
732 0.012460
733 0.012489
734 0.012656
735 0.012682
736 0.012702
737 0.012861
738 0.012921
739 0.013292
740 0.013583
741 0.013896
742 0.014052
743 0.014051
744 0.013314
745 0.011773
746 0.010446
747 0.010418
748 0.010410
749 0.010381
750 0.011895
751 0.011126
752 0.011517
753 0.011915
754 0.012682
755 0.012617
756 0.000000
757 0.000000
758 0.000000
759 0.000000
760 0.000000
761 0.012435
762 0.012458
763 0.012621
764 0.012643
765 0.012661
766 0.012677
767 0.012918
768 0.013421
769 0.013611
770 0.013805
771 0.013813
772 0.012709
773 0.010980
774 0.010447
775 0.010432
776 0.010405
777 0.010863
778 0.010484
779 0.010491
780 0.010693
781 0.010947
782 0.011808
783 0.012629
