0 0.002905
1 0.002886
2 0.002656
3 0.003123
4 0.002925
5 0.004469
6 0.009259
7 0.019647
8 0.002424
9 0.000144
10 0.000043
11 0.000029
12 0.000027
13 0.000026
14 0.000025
15 0.000024
16 0.000019
17 0.000015
18 0.000083
19 0.000535
20 0.001683
21 0.001796
22 0.002037
23 0.002037
24 0.001796
25 0.001720
26 0.001742
27 0.001598
28 0.002485
29 0.002660
30 0.002401
31 0.002553
32 0.002802
33 0.003134
34 0.005071
35 0.007004
36 0.001429
37 0.000182
38 0.000058
39 0.000031
40 0.000023
41 0.000022
42 0.000020
43 0.000017
44 0.000013
45 0.000017
46 0.000045
47 0.000384
48 0.001585
49 0.001796
50 0.000001
51 0.000000
52 0.001705
53 0.001683
54 0.001275
55 0.001330
56 0.002660
57 0.002259
58 0.002154
59 0.002236
60 0.002405
61 0.002507
62 0.003252
63 0.001297
64 0.000449
65 0.000187
66 0.000159
67 0.000047
68 0.000026
69 0.000019
70 0.000012
71 0.000011
72 0.000012
73 0.000016
74 0.000028
75 0.000192
76 0.000002
77 0.000000
78 0.000000
79 0.000000
80 0.000000
81 0.001192
82 0.001212
83 0.001033
84 0.002545
85 0.002154
86 0.001812
87 0.001638
88 0.001822
89 0.002094
90 0.002477
91 0.000361
92 0.000096
93 0.000166
94 0.000147
95 0.000096
96 0.000047
97 0.000037
98 0.000015
99 0.000008
100 0.000014
101 0.000005
102 0.000000
103 0.000000
104 0.000000
105 0.000000
106 0.000000
107 0.000000
108 0.000001
109 0.000927
110 0.000927
111 0.001157
112 0.002154
113 0.002054
114 0.001637
115 0.001556
116 0.000000
117 0.000000
118 0.000000
119 0.000000
120 0.000000
121 0.000010
122 0.000180
123 0.000137
124 0.000112
125 0.000049
126 0.000027
127 0.000000
128 0.000000
129 0.000000
130 0.000000
131 0.000000
132 0.000000
133 0.000000
134 0.000000
135 0.000000
136 0.001552
137 0.000698
138 0.000878
139 0.001100
140 0.002054
141 0.001722
142 0.001556
143 0.001480
144 0.000000
145 0.000000
146 0.000000
147 0.000000
148 0.000000
149 0.000000
150 0.000000
151 0.000000
152 0.000000
153 0.000000
154 0.000000
155 0.000000
156 0.000000
157 0.000000
158 0.000000
159 0.000000
160 0.000000
161 0.000000
162 0.000000
163 0.000004
164 0.000709
165 0.000659
166 0.000832
167 0.000878
168 0.001722
169 0.001556
170 0.001480
171 0.001338
172 0.000000
173 0.000000
174 0.000000
175 0.000000
176 0.000000
177 0.000000
178 0.000000
179 0.000000
180 0.000000
181 0.000000
182 0.000000
183 0.000000
184 0.000000
185 0.000000
186 0.000000
187 0.000000
188 0.000000
189 0.000000
190 0.000001
191 0.000351
192 0.000556
193 0.000588
194 0.000623
195 0.000951
196 0.001651
197 0.001480
198 0.001220
199 0.001097
200 0.000550
201 0.000000
202 0.000000
203 0.000000
204 0.000000
205 0.000000
206 0.000000
207 0.000000
208 0.000000
209 0.000000
210 0.000000
211 0.000000
212 0.000000
213 0.000000
214 0.000000
215 0.000000
216 0.000000
217 0.000000
218 0.000000
219 0.000046
220 0.000556
221 0.000595
222 0.000707
223 0.000900
224 0.001602
225 0.001321
226 0.001158
227 0.001040
228 0.000799
229 0.000000
230 0.000000
231 0.000000
232 0.000000
233 0.000000
234 0.000000
235 0.000000
236 0.000000
237 0.000000
238 0.000000
239 0.000000
240 0.000000
241 0.000000
242 0.000000
243 0.000000
244 0.000000
245 0.000000
246 0.000000
247 0.000002
248 0.000006
249 0.000012
250 0.000037
251 0.000085
252 0.001523
253 0.001187
254 0.001125
255 0.000527
256 0.000058
257 0.000000
258 0.000000
259 0.000000
260 0.000000
261 0.000000
262 0.000000
263 0.000000
264 0.000000
265 0.000000
266 0.000000
267 0.000000
268 0.000000
269 0.000000
270 0.000000
271 0.000000
272 0.000000
273 0.000000
274 0.000000
275 0.000000
276 0.000000
277 0.000001
278 0.000002
279 0.000004
280 0.001269
281 0.000255
282 0.000104
283 0.000023
284 0.000010
285 0.000000
286 0.000000
287 0.000000
288 0.000000
289 0.000000
290 0.000000
291 0.000000
292 0.000000
293 0.000000
294 0.000000
295 0.000000
296 0.000000
297 0.000000
298 0.000000
299 0.000000
300 0.000000
301 0.000000
302 0.000000
303 0.000000
304 0.000000
305 0.000001
306 0.000001
307 0.000001
308 0.000254
309 0.000062
310 0.000013
311 0.000005
312 0.000000
313 0.000000
314 0.000000
315 0.000000
316 0.000000
317 0.000000
318 0.000000
319 0.000000
320 0.000000
321 0.000000
322 0.000000
323 0.000000
324 0.000000
325 0.000000
326 0.000000
327 0.000000
328 0.000000
329 0.000000
330 0.000000
331 0.000000
332 0.000000
333 0.000001
334 0.000001
335 0.000002
336 0.000134
337 0.000041
338 0.000017
339 0.000006
340 0.000000
341 0.000000
342 0.000000
343 0.000000
344 0.000000
345 0.000000
346 0.000000
347 0.000000
348 0.000000
349 0.000000
350 0.000000
351 0.000000
352 0.000000
353 0.000000
354 0.000000
355 0.000000
356 0.000000
357 0.000000
358 0.000000
359 0.000000
360 0.000000
361 0.000001
362 0.000002
363 0.000005
364 0.000157
365 0.000143
366 0.000054
367 0.000019
368 0.000000
369 0.000000
370 0.000000
371 0.000000
372 0.000000
373 0.000000
374 0.000000
375 0.000000
376 0.000000
377 0.000000
378 0.000000
379 0.000000
380 0.000000
381 0.000000
382 0.000000
383 0.000000
384 0.000000
385 0.000000
386 0.000000
387 0.000000
388 0.000000
389 0.000003
390 0.000006
391 0.000018
392 0.000100
393 0.000120
394 0.000087
395 0.000007
396 0.000000
397 0.000000
398 0.000000
399 0.000000
400 0.000000
401 0.000000
402 0.000000
403 0.000000
404 0.000000
405 0.000000
406 0.000000
407 0.000000
408 0.000000
409 0.000000
410 0.000001
411 0.000001
412 0.000000
413 0.000000
414 0.000000
415 0.000000
416 0.000000
417 0.000010
418 0.000026
419 0.000029
420 0.000028
421 0.000036
422 0.000048
423 0.000001
424 0.000000
425 0.000000
426 0.000000
427 0.000000
428 0.000001
429 0.000001
430 0.000000
431 0.000000
432 0.000000
433 0.000000
434 0.000000
435 0.000000
436 0.000000
437 0.000000
438 0.000004
439 0.000566
440 0.000088
441 0.000000
442 0.000000
443 0.000000
444 0.000000
445 0.000023
446 0.000012
447 0.000008
448 0.000014
449 0.000011
450 0.000012
451 0.000000
452 0.000000
453 0.000000
454 0.000000
455 0.000002
456 0.000238
457 0.000001
458 0.000000
459 0.000000
460 0.000000
461 0.000000
462 0.000000
463 0.000000
464 0.000000
465 0.000000
466 0.000001
467 0.010441
468 0.004476
469 0.000009
470 0.000000
471 0.000000
472 0.000000
473 0.000001
474 0.000003
475 0.000003
476 0.000053
477 0.000025
478 0.000002
479 0.000000
480 0.000000
481 0.000000
482 0.000000
483 0.000069
484 0.999991
485 0.000001
486 0.000000
487 0.000000
488 0.000000
489 0.000000
490 0.000000
491 0.000000
492 0.000000
493 0.000000
494 0.000000
495 0.000066
496 0.999991
497 0.001119
498 0.000001
499 0.000000
500 0.000000
501 0.000000
502 0.000003
503 0.000007
504 0.000293
505 0.000144
506 0.000002
507 0.000000
508 0.000000
509 0.000000
510 0.000002
511 0.001055
512 0.000001
513 0.000000
514 0.000000
515 0.000000
516 0.000000
517 0.000000
518 0.000000
519 0.000000
520 0.000000
521 0.000000
522 0.000000
523 0.000000
524 0.000002
525 0.003282
526 0.000041
527 0.000000
528 0.000000
529 0.000000
530 0.000019
531 0.000052
532 0.000275
533 0.000248
534 0.000001
535 0.000000
536 0.000000
537 0.000004
538 0.000739
539 0.000001
540 0.000000
541 0.000000
542 0.000000
543 0.000000
544 0.000000
545 0.000000
546 0.000000
547 0.000000
548 0.000000
549 0.000000
550 0.000000
551 0.000000
552 0.000000
553 0.000002
554 0.002329
555 0.000023
556 0.000000
557 0.000008
558 0.000193
559 0.000093
560 0.000341
561 0.000325
562 0.000002
563 0.000000
564 0.000010
565 0.002175
566 0.000013
567 0.000000
568 0.000000
569 0.000000
570 0.000000
571 0.000000
572 0.000000
573 0.000000
574 0.000000
575 0.000000
576 0.000000
577 0.000000
578 0.000000
579 0.000000
580 0.000000
581 0.000000
582 0.000075
583 0.000970
584 0.000167
585 0.003292
586 0.000889
587 0.000379
588 0.000425
589 0.000700
590 0.000074
591 0.000009
592 0.000256
593 0.000024
594 0.000000
595 0.000000
596 0.000000
597 0.000000
598 0.000000
599 0.000000
600 0.000000
601 0.000000
602 0.000000
603 0.000000
604 0.000000
605 0.000000
606 0.000000
607 0.000000
608 0.000000
609 0.000000
610 0.000001
611 0.000700
612 0.004738
613 0.010018
614 0.004791
615 0.001746
616 0.000964
617 0.002082
618 0.005606
619 0.001078
620 0.000308
621 0.000001
622 0.000000
623 0.000000
624 0.000000
625 0.000000
626 0.000000
627 0.000000
628 0.000000
629 0.000000
630 0.000000
631 0.000000
632 0.000000
633 0.000000
634 0.000000
635 0.000000
636 0.000000
637 0.000000
638 0.000001
639 0.000328
640 0.001197
641 0.004863
642 0.000000
643 0.000000
644 0.002272
645 0.005798
646 0.010023
647 0.005667
648 0.000785
649 0.000001
650 0.000000
651 0.000000
652 0.000000
653 0.000000
654 0.000000
655 0.000000
656 0.000000
657 0.000000
658 0.000000
659 0.000000
660 0.000000
661 0.000000
662 0.000000
663 0.000000
664 0.000000
665 0.000001
666 0.000048
667 0.000114
668 0.000365
669 0.000000
670 0.000000
671 0.000000
672 0.000000
673 0.010022
674 0.007575
675 0.002142
676 0.000886
677 0.000341
678 0.000003
679 0.000001
680 0.000003
681 0.000014
682 0.000172
683 0.000124
684 0.000004
685 0.000001
686 0.000000
687 0.000000
688 0.000000
689 0.000002
690 0.000004
691 0.000003
692 0.000006
693 0.000045
694 0.000052
695 0.000072
696 0.000000
697 0.000000
698 0.000000
699 0.000000
700 0.000000
701 0.000000
702 0.002838
703 0.001171
704 0.000447
705 0.000425
706 0.000341
707 0.000324
708 0.000293
709 0.000236
710 0.000190
711 0.000172
712 0.000024
713 0.000002
714 0.000000
715 0.000000
716 0.000001
717 0.000004
718 0.000030
719 0.000033
720 0.000035
721 0.000048
722 0.000067
723 0.000000
724 0.000000
725 0.000000
726 0.000000
727 0.000000
728 0.000000
729 0.000000
730 0.000000
731 0.000000
732 0.000470
733 0.000447
734 0.000359
735 0.000341
736 0.000324
737 0.000261
738 0.000236
739 0.000224
740 0.000111
741 0.000007
742 0.000001
743 0.000000
744 0.000002
745 0.000014
746 0.000033
747 0.000045
748 0.000048
749 0.000067
750 0.000000
751 0.000000
752 0.000000
753 0.000000
754 0.000000
755 0.000000
756 0.000000
757 0.000000
758 0.000000
759 0.000000
760 0.000000
761 0.000470
762 0.000447
763 0.000359
764 0.000341
765 0.000324
766 0.000308
767 0.000293
768 0.000224
769 0.000025
770 0.000002
771 0.000001
772 0.000003
773 0.000039
774 0.000033
775 0.000038
776 0.000052
777 0.000000
778 0.000004
779 0.000003
780 0.000000
781 0.000000
782 0.000000
783 0.000000
