0 0.002724
1 0.002600
2 0.002197
3 0.002370
4 0.001988
5 0.001656
6 0.001488
7 0.001411
8 0.000291
9 0.000052
10 0.000038
11 0.000032
12 0.000034
13 0.000032
14 0.000030
15 0.000033
16 0.000060
17 0.000125
18 0.001197
19 0.006347
20 0.007461
21 0.003404
22 0.001768
23 0.001425
24 0.001256
25 0.001319
26 0.001598
27 0.001673
28 0.002311
29 0.002482
30 0.002090
31 0.001988
32 0.001891
33 0.001712
34 0.001411
35 0.000881
36 0.000105
37 0.000025
38 0.000023
39 0.000024
40 0.000023
41 0.000027
42 0.000028
43 0.000038
44 0.000074
45 0.000234
46 0.000562
47 0.002156
48 0.003532
49 0.001718
50 0.000000
51 0.000000
52 0.001196
53 0.001460
54 0.001319
55 0.001598
56 0.002482
57 0.002090
58 0.001988
59 0.001891
60 0.001712
61 0.001411
62 0.001338
63 0.000364
64 0.000050
65 0.000016
66 0.000020
67 0.000016
68 0.000014
69 0.000016
70 0.000021
71 0.000053
72 0.000180
73 0.000309
74 0.000231
75 0.000456
76 0.000000
77 0.000000
78 0.000000
79 0.000000
80 0.000000
81 0.001196
82 0.001460
83 0.001319
84 0.002370
85 0.001988
86 0.001656
87 0.001488
88 0.001411
89 0.001338
90 0.001203
91 0.000134
92 0.000018
93 0.000012
94 0.000011
95 0.000011
96 0.000011
97 0.000017
98 0.000035
99 0.000107
100 0.000274
101 0.000040
102 0.000000
103 0.000000
104 0.000000
105 0.000000
106 0.000000
107 0.000000
108 0.000000
109 0.001140
110 0.001196
111 0.001460
112 0.001988
113 0.001891
114 0.001488
115 0.001411
116 0.000000
117 0.000000
118 0.000000
119 0.000000
120 0.000000
121 0.000001
122 0.000010
123 0.000010
124 0.000011
125 0.000017
126 0.000061
127 0.000002
128 0.000000
129 0.000000
130 0.000000
131 0.000000
132 0.000000
133 0.000000
134 0.000000
135 0.000000
136 0.000036
137 0.000927
138 0.001140
139 0.001395
140 0.002005
141 0.001570
142 0.001411
143 0.001338
144 0.000000
145 0.000000
146 0.000000
147 0.000000
148 0.000000
149 0.000000
150 0.000000
151 0.000000
152 0.000000
153 0.000000
154 0.000000
155 0.000000
156 0.000000
157 0.000000
158 0.000000
159 0.000000
160 0.000000
161 0.000000
162 0.000000
163 0.000001
164 0.000941
165 0.000881
166 0.001086
167 0.001140
168 0.001980
169 0.001596
170 0.001338
171 0.001203
172 0.000000
173 0.000000
174 0.000000
175 0.000000
176 0.000000
177 0.000000
178 0.000000
179 0.000000
180 0.000000
181 0.000000
182 0.000000
183 0.000000
184 0.000000
185 0.000000
186 0.000000
187 0.000000
188 0.000000
189 0.000000
190 0.000000
191 0.000004
192 0.000756
193 0.000795
194 0.000837
195 0.001183
196 0.002225
197 0.001923
198 0.001394
199 0.001032
200 0.000001
201 0.000000
202 0.000000
203 0.000000
204 0.000000
205 0.000000
206 0.000000
207 0.000000
208 0.000000
209 0.000000
210 0.000000
211 0.000000
212 0.000000
213 0.000000
214 0.000000
215 0.000000
216 0.000000
217 0.000000
218 0.000001
219 0.000005
220 0.000756
221 0.000795
222 0.000898
223 0.001115
224 0.002518
225 0.002134
226 0.001726
227 0.001327
228 0.000855
229 0.000000
230 0.000000
231 0.000000
232 0.000000
233 0.000000
234 0.000000
235 0.000000
236 0.000000
237 0.000000
238 0.000000
239 0.000000
240 0.000000
241 0.000000
242 0.000000
243 0.000000
244 0.000000
245 0.000000
246 0.000001
247 0.000002
248 0.000005
249 0.000011
250 0.000031
251 0.000073
252 0.002518
253 0.002267
254 0.002267
255 0.000736
256 0.000051
257 0.000000
258 0.000000
259 0.000000
260 0.000000
261 0.000000
262 0.000000
263 0.000000
264 0.000000
265 0.000000
266 0.000000
267 0.000000
268 0.000000
269 0.000000
270 0.000000
271 0.000000
272 0.000000
273 0.000000
274 0.000001
275 0.000001
276 0.000001
277 0.000001
278 0.000002
279 0.000004
280 0.002201
281 0.000407
282 0.000133
283 0.000018
284 0.000004
285 0.000000
286 0.000000
287 0.000000
288 0.000000
289 0.000000
290 0.000000
291 0.000000
292 0.000000
293 0.000000
294 0.000000
295 0.000000
296 0.000000
297 0.000000
298 0.000000
299 0.000000
300 0.000000
301 0.000000
302 0.000000
303 0.000001
304 0.000001
305 0.000001
306 0.000001
307 0.000002
308 0.000126
309 0.000031
310 0.000008
311 0.000002
312 0.000001
313 0.000000
314 0.000000
315 0.000000
316 0.000000
317 0.000001
318 0.000001
319 0.000001
320 0.000000
321 0.000000
322 0.000000
323 0.000000
324 0.000000
325 0.000000
326 0.000000
327 0.000000
328 0.000000
329 0.000000
330 0.000000
331 0.000000
332 0.000001
333 0.000001
334 0.000001
335 0.000002
336 0.000009
337 0.000005
338 0.000003
339 0.000002
340 0.000000
341 0.000000
342 0.000000
343 0.000000
344 0.000000
345 0.000001
346 0.000001
347 0.000001
348 0.000000
349 0.000000
350 0.000000
351 0.000000
352 0.000000
353 0.000000
354 0.000000
355 0.000000
356 0.000000
357 0.000000
358 0.000000
359 0.000000
360 0.000001
361 0.000001
362 0.000001
363 0.000002
364 0.000005
365 0.000004
366 0.000003
367 0.000003
368 0.000000
369 0.000000
370 0.000000
371 0.000000
372 0.000001
373 0.000001
374 0.000001
375 0.000001
376 0.000001
377 0.000000
378 0.000000
379 0.000000
380 0.000000
381 0.000000
382 0.000000
383 0.000000
384 0.000000
385 0.000000
386 0.000000
387 0.000000
388 0.000001
389 0.000001
390 0.000001
391 0.000002
392 0.000012
393 0.000005
394 0.000003
395 0.000001
396 0.000000
397 0.000000
398 0.000000
399 0.000001
400 0.000002
401 0.000002
402 0.000001
403 0.000001
404 0.000000
405 0.000000
406 0.000000
407 0.000000
408 0.000000
409 0.000000
410 0.000000
411 0.000000
412 0.000000
413 0.000000
414 0.000000
415 0.000000
416 0.000000
417 0.000001
418 0.000002
419 0.000003
420 0.000047
421 0.000019
422 0.000007
423 0.000000
424 0.000000
425 0.000000
426 0.000001
427 0.000002
428 0.000004
429 0.000001
430 0.000001
431 0.000000
432 0.000000
433 0.000000
434 0.000000
435 0.000000
436 0.000000
437 0.000000
438 0.000000
439 0.000000
440 0.000000
441 0.000000
442 0.000000
443 0.000000
444 0.000000
445 0.000002
446 0.000004
447 0.000007
448 0.000085
449 0.000062
450 0.000034
451 0.000000
452 0.000000
453 0.000000
454 0.000002
455 0.000027
456 0.000003
457 0.000001
458 0.000000
459 0.000000
460 0.000000
461 0.000000
462 0.000000
463 0.000000
464 0.000000
465 0.000000
466 0.000000
467 0.000000
468 0.000000
469 0.000000
470 0.000000
471 0.000000
472 0.000000
473 0.000002
474 0.000011
475 0.000016
476 0.000098
477 0.000085
478 0.000018
479 0.000000
480 0.000000
481 0.000002
482 0.000124
483 0.002346
484 0.000001
485 0.000000
486 0.000000
487 0.000000
488 0.000000
489 0.000000
490 0.000000
491 0.000000
492 0.000000
493 0.000000
494 0.000000
495 0.000000
496 0.000000
497 0.000000
498 0.000000
499 0.000000
500 0.000000
501 0.000001
502 0.000019
503 0.000024
504 0.000134
505 0.000098
506 0.000004
507 0.000000
508 0.000001
509 0.000039
510 0.999978
511 0.000015
512 0.000000
513 0.000000
514 0.000000
515 0.000000
516 0.000000
517 0.000000
518 0.000001
519 0.000001
520 0.000001
521 0.000001
522 0.000001
523 0.000000
524 0.000000
525 0.000000
526 0.000000
527 0.000000
528 0.000000
529 0.000000
530 0.000030
531 0.000038
532 0.000122
533 0.000105
534 0.000002
535 0.000000
536 0.000009
537 0.003685
538 0.000028
539 0.000001
540 0.000000
541 0.000000
542 0.000000
543 0.000000
544 0.000000
545 0.000000
546 0.000001
547 0.000001
548 0.000002
549 0.000008
550 0.000004
551 0.000001
552 0.000000
553 0.000000
554 0.000000
555 0.000000
556 0.000000
557 0.000001
558 0.000038
559 0.000040
560 0.000165
561 0.000410
562 0.000009
563 0.000004
564 0.000402
565 0.000065
566 0.000001
567 0.000000
568 0.000000
569 0.000000
570 0.000000
571 0.000000
572 0.000000
573 0.000000
574 0.000001
575 0.000001
576 0.000004
577 0.999984
578 0.000564
579 0.000003
580 0.000001
581 0.000000
582 0.000000
583 0.000000
584 0.000001
585 0.000038
586 0.000040
587 0.000053
588 0.000590
589 0.001645
590 0.000345
591 0.000149
592 0.000238
593 0.000001
594 0.000000
595 0.000000
596 0.000000
597 0.000000
598 0.000000
599 0.000001
600 0.000001
601 0.000001
602 0.000001
603 0.000001
604 0.000002
605 0.000009
606 0.000142
607 0.002165
608 0.000024
609 0.000002
610 0.000000
611 0.000001
612 0.000036
613 0.000038
614 0.000050
615 0.000053
616 0.002386
617 0.007331
618 0.010022
619 0.001355
620 0.000015
621 0.000000
622 0.000000
623 0.000000
624 0.000000
625 0.000001
626 0.000001
627 0.000001
628 0.000001
629 0.000001
630 0.000001
631 0.000001
632 0.000001
633 0.000002
634 0.000003
635 0.000071
636 0.000146
637 0.000646
638 0.000022
639 0.000036
640 0.000038
641 0.000050
642 0.000000
643 0.000000
644 0.007473
645 0.010021
646 0.003061
647 0.000761
648 0.000102
649 0.000001
650 0.000001
651 0.000002
652 0.000005
653 0.000012
654 0.000001
655 0.000001
656 0.000000
657 0.000000
658 0.000001
659 0.000001
660 0.000002
661 0.000001
662 0.000001
663 0.000003
664 0.000016
665 0.000190
666 0.000206
667 0.000075
668 0.000050
669 0.000000
670 0.000000
671 0.000000
672 0.000001
673 0.003212
674 0.001081
675 0.000301
676 0.000223
677 0.000165
678 0.000168
679 0.000071
680 0.000048
681 0.000020
682 0.000003
683 0.000001
684 0.000000
685 0.000000
686 0.000001
687 0.000004
688 0.000008
689 0.000018
690 0.000022
691 0.000070
692 0.001687
693 0.003763
694 0.000788
695 0.000228
696 0.000000
697 0.000000
698 0.000000
699 0.000000
700 0.000001
701 0.000001
702 0.000431
703 0.000256
704 0.000239
705 0.000223
706 0.000165
707 0.000154
708 0.000134
709 0.000098
710 0.000013
711 0.000001
712 0.000001
713 0.000001
714 0.000002
715 0.000016
716 0.000010
717 0.000010
718 0.000059
719 0.000252
720 0.001580
721 0.010023
722 0.003882
723 0.000000
724 0.000001
725 0.000001
726 0.000000
727 0.000000
728 0.000001
729 0.000001
730 0.000001
731 0.000001
732 0.000256
733 0.000239
734 0.000177
735 0.000165
736 0.000154
737 0.000113
738 0.000098
739 0.000002
740 0.000001
741 0.000001
742 0.000004
743 0.000017
744 0.000013
745 0.000013
746 0.000026
747 0.000111
748 0.000532
749 0.003881
750 0.000002
751 0.000004
752 0.000003
753 0.000001
754 0.000000
755 0.000000
756 0.000001
757 0.000001
758 0.000000
759 0.000000
760 0.000001
761 0.000256
762 0.000239
763 0.000177
764 0.000165
765 0.000154
766 0.000143
767 0.000011
768 0.000001
769 0.000002
770 0.000016
771 0.000015
772 0.000014
773 0.000017
774 0.000026
775 0.000044
776 0.000163
777 0.000001
778 0.001117
779 0.001384
780 0.000012
781 0.000001
782 0.000001
783 0.000000
