0 0.002173
1 0.003006
2 0.003755
3 0.005935
4 0.005665
5 0.005407
6 0.005406
7 0.003624
8 0.000623
9 0.000156
10 0.000410
11 0.001213
12 0.001092
13 0.000382
14 0.000134
15 0.000058
16 0.000049
17 0.000039
18 0.000295
19 0.001832
20 0.004491
21 0.004163
22 0.003324
23 0.002575
24 0.001938
25 0.002015
26 0.002350
27 0.002437
28 0.001793
29 0.001949
30 0.002412
31 0.003605
32 0.005664
33 0.005665
34 0.005407
35 0.003920
36 0.000471
37 0.000427
38 0.000572
39 0.001477
40 0.000675
41 0.000219
42 0.000079
43 0.000047
44 0.000036
45 0.000050
46 0.000103
47 0.000799
48 0.003898
49 0.003039
50 0.000001
51 0.000000
52 0.001864
53 0.002186
54 0.002015
55 0.002350
56 0.001949
57 0.001594
58 0.001504
59 0.002227
60 0.003393
61 0.005406
62 0.005408
63 0.002121
64 0.000679
65 0.000947
66 0.002555
67 0.000771
68 0.000305
69 0.000093
70 0.000042
71 0.000034
72 0.000040
73 0.000046
74 0.000044
75 0.000301
76 0.000005
77 0.000000
78 0.000000
79 0.000000
80 0.000000
81 0.001864
82 0.002185
83 0.002015
84 0.001980
85 0.001504
86 0.001215
87 0.001210
88 0.001893
89 0.003114
90 0.005407
91 0.001081
92 0.001120
93 0.003464
94 0.005792
95 0.001059
96 0.000164
97 0.000054
98 0.000038
99 0.000031
100 0.000048
101 0.000014
102 0.000000
103 0.000000
104 0.000000
105 0.000000
106 0.000000
107 0.000000
108 0.000001
109 0.001793
110 0.001864
111 0.002393
112 0.003475
113 0.001869
114 0.001147
115 0.001008
116 0.000000
117 0.000000
118 0.000000
119 0.000000
120 0.000005
121 0.005064
122 0.007535
123 0.001378
124 0.000114
125 0.000036
126 0.000029
127 0.000003
128 0.000000
129 0.000000
130 0.000000
131 0.000000
132 0.000000
133 0.000000
134 0.000000
135 0.000000
136 0.000035
137 0.001518
138 0.002172
139 0.003386
140 0.007558
141 0.004016
142 0.001847
143 0.001288
144 0.000000
145 0.000000
146 0.000000
147 0.000000
148 0.000000
149 0.000000
150 0.000001
151 0.000001
152 0.000001
153 0.000000
154 0.000000
155 0.000000
156 0.000000
157 0.000000
158 0.000000
159 0.000000
160 0.000000
161 0.000000
162 0.000000
163 0.000003
164 0.001536
165 0.001973
166 0.003143
167 0.004335
168 0.011273
169 0.008881
170 0.005937
171 0.002095
172 0.000001
173 0.000000
174 0.000000
175 0.000000
176 0.000000
177 0.000000
178 0.000000
179 0.000000
180 0.000000
181 0.000000
182 0.000000
183 0.000000
184 0.000000
185 0.000000
186 0.000000
187 0.000000
188 0.000000
189 0.000000
190 0.000001
191 0.000001
192 0.001997
193 0.002857
194 0.004517
195 0.006876
196 0.012133
197 0.013132
198 0.010073
199 0.005875
200 0.000025
201 0.000001
202 0.000000
203 0.000000
204 0.000000
205 0.000000
206 0.000000
207 0.000000
208 0.000000
209 0.000000
210 0.000000
211 0.000000
212 0.000000
213 0.000000
214 0.000000
215 0.000000
216 0.000000
217 0.000000
218 0.000001
219 0.000034
220 0.003212
221 0.005211
222 0.006923
223 0.007152
224 0.010007
225 0.010009
226 0.013675
227 0.009750
228 0.006017
229 0.000001
230 0.000000
231 0.000000
232 0.000001
233 0.000000
234 0.000000
235 0.000000
236 0.000000
237 0.000000
238 0.000000
239 0.000000
240 0.000000
241 0.000000
242 0.000000
243 0.000000
244 0.000000
245 0.000000
246 0.000000
247 0.000089
248 0.000315
249 0.000658
250 0.001168
251 0.001363
252 0.010005
253 0.010006
254 0.010009
255 0.008530
256 0.001838
257 0.000001
258 0.000001
259 0.000001
260 0.000000
261 0.000000
262 0.000000
263 0.000001
264 0.000001
265 0.000001
266 0.000001
267 0.000000
268 0.000000
269 0.000000
270 0.000000
271 0.000000
272 0.000000
273 0.000000
274 0.000000
275 0.000028
276 0.000049
277 0.000074
278 0.000087
279 0.000099
280 0.010006
281 0.004484
282 0.002252
283 0.001027
284 0.000705
285 0.000001
286 0.000001
287 0.000002
288 0.000001
289 0.000000
290 0.000000
291 0.000001
292 0.000004
293 0.000002
294 0.000001
295 0.000000
296 0.000000
297 0.000000
298 0.000000
299 0.000000
300 0.000000
301 0.000000
302 0.000000
303 0.000046
304 0.000034
305 0.000028
306 0.000025
307 0.000021
308 0.001732
309 0.001347
310 0.000789
311 0.000414
312 0.000058
313 0.000026
314 0.000001
315 0.000006
316 0.000003
317 0.000001
318 0.000001
319 0.000001
320 0.000002
321 0.000004
322 0.000001
323 0.000001
324 0.000000
325 0.000000
326 0.000000
327 0.000000
328 0.000000
329 0.000000
330 0.000000
331 0.000002
332 0.000020
333 0.000015
334 0.000014
335 0.000024
336 0.000239
337 0.000268
338 0.000386
339 0.000369
340 0.000013
341 0.000082
342 0.000019
343 0.000033
344 0.000026
345 0.000005
346 0.000001
347 0.000001
348 0.000001
349 0.000001
350 0.000001
351 0.000001
352 0.000000
353 0.000000
354 0.000001
355 0.000001
356 0.000000
357 0.000000
358 0.000000
359 0.000000
360 0.000009
361 0.000011
362 0.000017
363 0.000020
364 0.000055
365 0.000084
366 0.000079
367 0.000172
368 0.000040
369 0.000325
370 0.005655
371 0.000090
372 0.000062
373 0.000123
374 0.000009
375 0.000001
376 0.000000
377 0.000000
378 0.000000
379 0.000001
380 0.000003
381 0.000005
382 0.000003
383 0.000000
384 0.000000
385 0.000000
386 0.000000
387 0.000000
388 0.000002
389 0.000013
390 0.000015
391 0.000021
392 0.000024
393 0.000012
394 0.000055
395 0.000038
396 0.000052
397 0.000837
398 0.999973
399 0.000038
400 0.000019
401 0.999977
402 0.000141
403 0.000001
404 0.000000
405 0.000000
406 0.000000
407 0.000000
408 0.000003
409 0.999986
410 0.000033
411 0.000001
412 0.000000
413 0.000000
414 0.000000
415 0.000000
416 0.000000
417 0.000011
418 0.000015
419 0.000018
420 0.000046
421 0.000068
422 0.000094
423 0.000008
424 0.000019
425 0.000197
426 0.000197
427 0.000013
428 0.000012
429 0.000138
430 0.000023
431 0.000001
432 0.000000
433 0.000000
434 0.000000
435 0.000000
436 0.000001
437 0.000472
438 0.000142
439 0.000001
440 0.000000
441 0.000000
442 0.000000
443 0.000000
444 0.000000
445 0.000012
446 0.000015
447 0.000018
448 0.000245
449 0.000198
450 0.000316
451 0.000009
452 0.000005
453 0.000023
454 0.000006
455 0.000003
456 0.000002
457 0.000001
458 0.000002
459 0.000001
460 0.000001
461 0.000000
462 0.000000
463 0.000000
464 0.000001
465 0.000002
466 0.000002
467 0.000001
468 0.000001
469 0.000000
470 0.000000
471 0.000000
472 0.000000
473 0.000002
474 0.000013
475 0.000026
476 0.003328
477 0.001007
478 0.000113
479 0.000007
480 0.000010
481 0.000005
482 0.000002
483 0.000001
484 0.000001
485 0.000000
486 0.000000
487 0.000001
488 0.000001
489 0.000001
490 0.000001
491 0.000001
492 0.000001
493 0.000000
494 0.000000
495 0.000001
496 0.000001
497 0.000000
498 0.000000
499 0.000000
500 0.000000
501 0.000001
502 0.000051
503 0.000078
504 0.010023
505 0.005388
506 0.000147
507 0.000024
508 0.000043
509 0.000005
510 0.000001
511 0.000001
512 0.000000
513 0.000000
514 0.000000
515 0.000001
516 0.000001
517 0.000001
518 0.000001
519 0.000001
520 0.000001
521 0.000000
522 0.000000
523 0.000000
524 0.000001
525 0.000001
526 0.000000
527 0.000000
528 0.000000
529 0.000002
530 0.000476
531 0.000555
532 0.010015
533 0.010013
534 0.000323
535 0.000189
536 0.000162
537 0.000010
538 0.000001
539 0.000000
540 0.000000
541 0.000000
542 0.000000
543 0.000000
544 0.000000
545 0.000000
546 0.000000
547 0.000001
548 0.000001
549 0.000000
550 0.000000
551 0.000000
552 0.000000
553 0.000001
554 0.000001
555 0.000000
556 0.000001
557 0.000033
558 0.002703
559 0.001511
560 0.010011
561 0.010013
562 0.000511
563 0.000246
564 0.000135
565 0.000008
566 0.000001
567 0.000000
568 0.000000
569 0.000000
570 0.000000
571 0.000000
572 0.000000
573 0.000000
574 0.000000
575 0.000000
576 0.000000
577 0.000000
578 0.000000
579 0.000000
580 0.000000
581 0.000001
582 0.000002
583 0.000002
584 0.000018
585 0.010015
586 0.008015
587 0.004258
588 0.010012
589 0.010016
590 0.001511
591 0.000172
592 0.000011
593 0.000002
594 0.000001
595 0.000001
596 0.000001
597 0.000000
598 0.000000
599 0.000000
600 0.000000
601 0.000000
602 0.000000
603 0.000000
604 0.000000
605 0.000000
606 0.000000
607 0.000000
608 0.000000
609 0.000000
610 0.000001
611 0.000006
612 0.003312
613 0.008075
614 0.010014
615 0.010012
616 0.010014
617 0.008929
618 0.004113
619 0.000417
620 0.000007
621 0.000001
622 0.000001
623 0.000001
624 0.000001
625 0.000000
626 0.000000
627 0.000000
628 0.000001
629 0.000003
630 0.000007
631 0.000001
632 0.000000
633 0.000000
634 0.000000
635 0.000000
636 0.000000
637 0.000000
638 0.000002
639 0.000648
640 0.001480
641 0.003439
642 0.000000
643 0.000000
644 0.008590
645 0.004771
646 0.002279
647 0.001098
648 0.000494
649 0.000012
650 0.000002
651 0.000001
652 0.000001
653 0.000002
654 0.000001
655 0.000008
656 0.000191
657 0.010026
658 0.065892
659 0.000253
660 0.000001
661 0.000000
662 0.000000
663 0.000000
664 0.000000
665 0.000004
666 0.000303
667 0.000383
668 0.000708
669 0.000000
670 0.000000
671 0.000000
672 0.000000
673 0.002357
674 0.001323
675 0.001080
676 0.001189
677 0.000989
678 0.000027
679 0.000016
680 0.000034
681 0.000278
682 0.000911
683 0.000361
684 0.000584
685 0.026310
686 0.032471
687 0.006920
688 0.000077
689 0.000176
690 0.000055
691 0.000012
692 0.000028
693 0.000287
694 0.000320
695 0.000404
696 0.000000
697 0.000000
698 0.000000
699 0.000000
700 0.000000
701 0.000000
702 0.001347
703 0.001292
704 0.001240
705 0.001189
706 0.000989
707 0.000947
708 0.001602
709 0.003510
710 0.004546
711 0.000614
712 0.000426
713 0.012260
714 0.017988
715 0.000568
716 0.000353
717 0.000544
718 0.001028
719 0.000374
720 0.000257
721 0.000303
722 0.000383
723 0.000000
724 0.000000
725 0.000000
726 0.000000
727 0.000000
728 0.000000
729 0.000000
730 0.000000
731 0.000000
732 0.001292
733 0.001240
734 0.001033
735 0.001319
736 0.003172
737 0.007086
738 0.010001
739 0.001296
740 0.001360
741 0.003504
742 0.006204
743 0.000398
744 0.000811
745 0.001947
746 0.002290
747 0.000807
748 0.000361
749 0.000383
750 0.000000
751 0.000000
752 0.000000
753 0.000000
754 0.000000
755 0.000000
756 0.000000
757 0.000000
758 0.000000
759 0.000000
760 0.000000
761 0.001292
762 0.001240
763 0.002455
764 0.005198
765 0.009999
766 0.010003
767 0.002833
768 0.002919
769 0.001366
770 0.000385
771 0.000495
772 0.001475
773 0.006627
774 0.003986
775 0.001418
776 0.000627
777 0.000000
778 0.000010
779 0.000006
780 0.000000
781 0.000000
782 0.000000
783 0.000000
