0 0.010000
1 0.009797
2 0.009532
3 0.008346
4 0.005582
5 0.003352
6 0.002474
7 0.002801
8 0.000788
9 0.000261
10 0.000623
11 0.001928
12 0.001929
13 0.000977
14 0.000290
15 0.000113
16 0.000060
17 0.000049
18 0.000177
19 0.000613
20 0.001587
21 0.002577
22 0.004813
23 0.006097
24 0.007545
25 0.009893
26 0.014925
27 0.010966
28 0.010000
29 0.010000
30 0.009797
31 0.009532
32 0.007491
33 0.004827
34 0.002766
35 0.001637
36 0.000306
37 0.000235
38 0.000802
39 0.001994
40 0.001249
41 0.000537
42 0.000212
43 0.000114
44 0.000046
45 0.000050
46 0.000080
47 0.000432
48 0.002094
49 0.004037
50 0.000030
51 0.000000
52 0.009894
53 0.016272
54 0.010586
55 0.005694
56 0.010546
57 0.010000
58 0.010000
59 0.009797
60 0.009532
61 0.006593
62 0.004152
63 0.000848
64 0.000133
65 0.000238
66 0.001444
67 0.001841
68 0.000645
69 0.000236
70 0.000184
71 0.000113
72 0.000059
73 0.000035
74 0.000043
75 0.000311
76 0.000490
77 0.000000
78 0.000000
79 0.000000
80 0.000000
81 0.011753
82 0.006337
83 0.002676
84 0.007021
85 0.009429
86 0.010347
87 0.010000
88 0.009730
89 0.009118
90 0.006462
91 0.000567
92 0.000109
93 0.000307
94 0.001507
95 0.001406
96 0.000395
97 0.000156
98 0.000132
99 0.000126
100 0.000074
101 0.000022
102 0.000007
103 0.000000
104 0.000000
105 0.000000
106 0.000000
107 0.000000
108 0.000002
109 0.005860
110 0.002753
111 0.001774
112 0.004156
113 0.006109
114 0.008242
115 0.010347
116 0.000000
117 0.000000
118 0.000000
119 0.000000
120 0.000001
121 0.000226
122 0.001209
123 0.000710
124 0.000225
125 0.000094
126 0.000114
127 0.000060
128 0.000018
129 0.000000
130 0.000000
131 0.000000
132 0.000000
133 0.000000
134 0.000000
135 0.000000
136 0.000134
137 0.002459
138 0.001415
139 0.001690
140 0.002810
141 0.003505
142 0.005134
143 0.007163
144 0.000000
145 0.000000
146 0.000000
147 0.000000
148 0.000000
149 0.000000
150 0.000000
151 0.000000
152 0.000001
153 0.000003
154 0.000019
155 0.000001
156 0.000000
157 0.000000
158 0.000000
159 0.000000
160 0.000000
161 0.000000
162 0.000000
163 0.000065
164 0.002055
165 0.001117
166 0.001344
167 0.001405
168 0.002435
169 0.002244
170 0.002717
171 0.004238
172 0.000000
173 0.000000
174 0.000000
175 0.000000
176 0.000000
177 0.000000
178 0.000000
179 0.000000
180 0.000000
181 0.000000
182 0.000000
183 0.000000
184 0.000000
185 0.000000
186 0.000000
187 0.000000
188 0.000000
189 0.000001
190 0.000002
191 0.000012
192 0.000966
193 0.001010
194 0.001058
195 0.001467
196 0.002243
197 0.002153
198 0.001841
199 0.002146
200 0.000045
201 0.000000
202 0.000000
203 0.000014
204 0.000005
205 0.000001
206 0.000000
207 0.000000
208 0.000000
209 0.000000
210 0.000000
211 0.000000
212 0.000000
213 0.000000
214 0.000000
215 0.000000
216 0.000000
217 0.000000
218 0.000007
219 0.000017
220 0.000964
221 0.001014
222 0.001301
223 0.002186
224 0.002153
225 0.001841
226 0.001687
227 0.001616
228 0.001469
229 0.000000
230 0.000000
231 0.000000
232 0.999998
233 0.000047
234 0.000000
235 0.000000
236 0.000000
237 0.000000
238 0.000000
239 0.000000
240 0.000000
241 0.000000
242 0.000000
243 0.000000
244 0.000000
245 0.000000
246 0.000000
247 0.000049
248 0.000095
249 0.000213
250 0.000590
251 0.001279
252 0.002067
253 0.001687
254 0.001615
255 0.001482
256 0.001189
257 0.000000
258 0.000000
259 0.000000
260 0.000007
261 0.000029
262 0.000000
263 0.000000
264 0.000000
265 0.000000
266 0.000000
267 0.000000
268 0.000000
269 0.000000
270 0.000000
271 0.000000
272 0.000000
273 0.000000
274 0.000000
275 0.000009
276 0.000025
277 0.000079
278 0.000186
279 0.000462
280 0.001687
281 0.001428
282 0.001482
283 0.001188
284 0.001136
285 0.000001
286 0.000000
287 0.000000
288 0.000000
289 0.000000
290 0.000000
291 0.000000
292 0.000000
293 0.000000
294 0.000000
295 0.000000
296 0.000000
297 0.000000
298 0.000000
299 0.000000
300 0.000000
301 0.000000
302 0.000000
303 0.000023
304 0.000049
305 0.000116
306 0.000200
307 0.000269
308 0.002186
309 0.001577
310 0.001188
311 0.000862
312 0.000051
313 0.000001
314 0.000000
315 0.000000
316 0.000000
317 0.000000
318 0.000000
319 0.000000
320 0.000003
321 0.000029
322 0.000136
323 0.000004
324 0.000000
325 0.000000
326 0.000000
327 0.000000
328 0.000000
329 0.000000
330 0.000000
331 0.000013
332 0.000143
333 0.000201
334 0.000268
335 0.000378
336 0.002268
337 0.001773
338 0.000657
339 0.000146
340 0.000002
341 0.000000
342 0.000000
343 0.000000
344 0.000000
345 0.000000
346 0.000000
347 0.000001
348 0.000110
349 0.999975
350 0.001944
351 0.000003
352 0.000000
353 0.000000
354 0.000000
355 0.000001
356 0.000000
357 0.000000
358 0.000000
359 0.000005
360 0.000210
361 0.000287
362 0.000364
363 0.000388
364 0.001118
365 0.000534
366 0.000184
367 0.000059
368 0.000000
369 0.000000
370 0.000000
371 0.000000
372 0.000000
373 0.000000
374 0.000000
375 0.000001
376 0.000992
377 0.006751
378 0.000105
379 0.000001
380 0.000000
381 0.000000
382 0.000003
383 0.000005
384 0.000000
385 0.000000
386 0.000000
387 0.000002
388 0.000097
389 0.000378
390 0.000351
391 0.000367
392 0.000192
393 0.000099
394 0.000043
395 0.000005
396 0.000000
397 0.000000
398 0.000000
399 0.000000
400 0.000000
401 0.000000
402 0.000000
403 0.000001
404 0.000082
405 0.000026
406 0.000003
407 0.000000
408 0.000000
409 0.000002
410 0.000381
411 0.000010
412 0.000010
413 0.000030
414 0.000002
415 0.000000
416 0.000018
417 0.000296
418 0.000252
419 0.000159
420 0.000058
421 0.000037
422 0.000028
423 0.000001
424 0.000000
425 0.000000
426 0.000000
427 0.000000
428 0.000000
429 0.000000
430 0.000000
431 0.000000
432 0.000000
433 0.000000
434 0.000000
435 0.000000
436 0.000007
437 0.000250
438 0.000957
439 0.000093
440 0.000039
441 0.003742
442 0.000033
443 0.000000
444 0.000001
445 0.000119
446 0.000073
447 0.000052
448 0.000078
449 0.000039
450 0.000026
451 0.000000
452 0.000000
453 0.000000
454 0.000000
455 0.000000
456 0.000000
457 0.000000
458 0.000000
459 0.000000
460 0.000000
461 0.000000
462 0.000000
463 0.000000
464 0.000045
465 0.999990
466 0.002013
467 0.000454
468 0.000322
469 0.999987
470 0.000273
471 0.000002
472 0.000000
473 0.000017
474 0.000023
475 0.000040
476 0.000235
477 0.000125
478 0.000018
479 0.000000
480 0.000000
481 0.000000
482 0.000000
483 0.000000
484 0.000000
485 0.000000
486 0.000000
487 0.000000
488 0.000000
489 0.000000
490 0.000000
491 0.000001
492 0.000056
493 0.001495
494 0.001305
495 0.000275
496 0.001113
497 0.000406
498 0.001021
499 0.000006
500 0.000000
501 0.000007
502 0.000157
503 0.000195
504 0.000936
505 0.000522
506 0.000012
507 0.000000
508 0.000000
509 0.000000
510 0.000000
511 0.000000
512 0.000000
513 0.000000
514 0.000000
515 0.000000
516 0.000000
517 0.000000
518 0.000000
519 0.000001
520 0.000004
521 0.000004
522 0.000003
523 0.000025
524 0.000259
525 0.000127
526 0.000119
527 0.000109
528 0.000008
529 0.000024
530 0.001478
531 0.002010
532 0.000884
533 0.000807
534 0.000017
535 0.000002
536 0.000001
537 0.000000
538 0.000000
539 0.000001
540 0.000000
541 0.000000
542 0.000000
543 0.000000
544 0.000000
545 0.000000
546 0.000000
547 0.000000
548 0.000000
549 0.000000
550 0.000000
551 0.000000
552 0.000118
553 0.000934
554 0.001348
555 0.004950
556 0.000546
557 0.000479
558 0.007227
559 0.004504
560 0.001076
561 0.001845
562 0.000036
563 0.000002
564 0.000003
565 0.000003
566 0.000004
567 0.000002
568 0.000000
569 0.000000
570 0.000000
571 0.000000
572 0.000000
573 0.000000
574 0.000000
575 0.000000
576 0.000000
577 0.000000
578 0.000000
579 0.000000
580 0.000022
581 0.002350
582 0.024143
583 0.016845
584 0.013105
585 0.010000
586 0.010000
587 0.009999
588 0.002272
589 0.003996
590 0.000601
591 0.000014
592 0.000004
593 0.000004
594 0.000008
595 0.000003
596 0.000002
597 0.000000
598 0.000000
599 0.000000
600 0.000000
601 0.000000
602 0.000000
603 0.000000
604 0.000000
605 0.000000
606 0.000000
607 0.000001
608 0.000004
609 0.000100
610 0.007420
611 0.022202
612 0.010000
613 0.010000
614 0.010000
615 0.010000
616 0.004871
617 0.008662
618 0.010009
619 0.001328
620 0.000031
621 0.000012
622 0.000010
623 0.000005
624 0.000002
625 0.000000
626 0.000000
627 0.000000
628 0.000000
629 0.000000
630 0.000000
631 0.000000
632 0.000000
633 0.000000
634 0.000000
635 0.000002
636 0.000004
637 0.000019
638 0.000457
639 0.010000
640 0.010000
641 0.010000
642 0.000000
643 0.000002
644 0.008746
645 0.010007
646 0.010012
647 0.010014
648 0.009212
649 0.000078
650 0.000004
651 0.000001
652 0.000001
653 0.000001
654 0.000000
655 0.000000
656 0.000004
657 0.000139
658 0.000189
659 0.000019
660 0.000001
661 0.000000
662 0.000001
663 0.000006
664 0.000023
665 0.000523
666 0.010001
667 0.010000
668 0.010000
669 0.000000
670 0.000000
671 0.000002
672 0.000000
673 0.010011
674 0.010013
675 0.018888
676 0.016958
677 0.008227
678 0.000051
679 0.000010
680 0.000019
681 0.000075
682 0.000161
683 0.000083
684 0.000080
685 0.000225
686 0.000249
687 0.000107
688 0.000021
689 0.000057
690 0.000329
691 0.000479
692 0.002212
693 0.010001
694 0.010001
695 0.010000
696 0.000000
697 0.000000
698 0.000000
699 0.000001
700 0.000000
701 0.000000
702 0.013627
703 0.018529
704 0.009342
705 0.003317
706 0.001083
707 0.001019
708 0.000936
709 0.000771
710 0.000635
711 0.000328
712 0.000277
713 0.000199
714 0.000345
715 0.000084
716 0.000026
717 0.000076
718 0.000854
719 0.001954
720 0.004484
721 0.010028
722 0.010001
723 0.000000
724 0.000000
725 0.000000
726 0.000000
727 0.000000
728 0.000000
729 0.000000
730 0.000000
731 0.000000
732 0.005281
733 0.001353
734 0.001111
735 0.001064
736 0.001019
737 0.000977
738 0.002268
739 0.001229
740 0.000493
741 0.000262
742 0.000214
743 0.000056
744 0.000039
745 0.000175
746 0.000518
747 0.001234
748 0.002782
749 0.006262
750 0.000000
751 0.000000
752 0.000000
753 0.000000
754 0.000000
755 0.000000
756 0.000000
757 0.000000
758 0.000000
759 0.000000
760 0.000000
761 0.001385
762 0.001330
763 0.001111
764 0.001064
765 0.001825
766 0.004459
767 0.003835
768 0.000877
769 0.000371
770 0.000139
771 0.000046
772 0.000074
773 0.000393
774 0.000512
775 0.000687
776 0.001517
777 0.000000
778 0.000611
779 0.000550
780 0.000004
781 0.000000
782 0.000000
783 0.000000
