0 0.010086
1 0.010090
2 0.010101
3 0.010096
4 0.010108
5 0.010118
6 0.010123
7 0.010126
8 0.010484
9 0.010455
10 0.010185
11 0.010187
12 0.010187
13 0.010190
14 0.010191
15 0.010194
16 0.010196
17 0.010199
18 0.010186
19 0.010170
20 0.010163
21 0.010162
22 0.010162
23 0.010162
24 0.010162
25 0.010162
26 0.010161
27 0.010161
28 0.010098
29 0.010093
30 0.010104
31 0.010107
32 0.010110
33 0.010116
34 0.010126
35 0.010515
36 0.010513
37 0.010399
38 0.010187
39 0.010188
40 0.010190
41 0.010190
42 0.010192
43 0.010195
44 0.010199
45 0.010200
46 0.010195
47 0.010177
48 0.010163
49 0.010162
50 0.010182
51 0.010174
52 0.010162
53 0.010161
54 0.010161
55 0.010161
56 0.010093
57 0.010104
58 0.010107
59 0.010110
60 0.010116
61 0.010125
62 0.010128
63 0.010514
64 0.010512
65 0.010188
66 0.010187
67 0.010190
68 0.010193
69 0.010193
70 0.010195
71 0.010198
72 0.010199
73 0.010201
74 0.010203
75 0.010186
76 0.010184
77 0.010180
78 0.010176
79 0.010174
80 0.010173
81 0.010162
82 0.010161
83 0.010161
84 0.010096
85 0.010107
86 0.010117
87 0.010122
88 0.010125
89 0.010127
90 0.010131
91 0.010513
92 0.010512
93 0.010189
94 0.010190
95 0.010191
96 0.010194
97 0.010194
98 0.010196
99 0.010199
100 0.010200
101 0.010229
102 0.010231
103 0.010242
104 0.010217
105 0.010177
106 0.010175
107 0.010163
108 0.010163
109 0.010162
110 0.010162
111 0.010161
112 0.010108
113 0.010110
114 0.010122
115 0.010124
116 0.011207
117 0.010788
118 0.010837
119 0.010750
120 0.010651
121 0.010272
122 0.010191
123 0.010192
124 0.010194
125 0.010195
126 0.010198
127 0.010225
128 0.010225
129 0.010226
130 0.010229
131 0.010246
132 0.010211
133 0.010164
134 0.010164
135 0.010163
136 0.010162
137 0.010162
138 0.010162
139 0.010161
140 0.010111
141 0.010120
142 0.010125
143 0.010127
144 0.011289
145 0.011230
146 0.011049
147 0.010897
148 0.010466
149 0.010426
150 0.010391
151 0.010357
152 0.010328
153 0.010322
154 0.010222
155 0.010223
156 0.010225
157 0.010228
158 0.010212
159 0.010241
160 0.010223
161 0.010196
162 0.010164
163 0.010163
164 0.010162
165 0.010162
166 0.010162
167 0.010162
168 0.010121
169 0.010125
170 0.010127
171 0.010131
172 0.010366
173 0.011298
174 0.011762
175 0.011002
176 0.010465
177 0.010420
178 0.010434
179 0.010463
180 0.010437
181 0.010405
182 0.010379
183 0.010356
184 0.010325
185 0.010310
186 0.010300
187 0.010219
188 0.010235
189 0.010208
190 0.010164
191 0.010163
192 0.010163
193 0.010163
194 0.010162
195 0.013130
196 0.010126
197 0.010128
198 0.010135
199 0.010139
200 0.010238
201 0.010969
202 0.011769
203 0.011830
204 0.010647
205 0.010457
206 0.010449
207 0.010410
208 0.010386
209 0.010351
210 0.010340
211 0.010386
212 0.010369
213 0.010355
214 0.010345
215 0.010340
216 0.010352
217 0.010316
218 0.010213
219 0.010204
220 0.010163
221 0.010367
222 0.015154
223 0.017556
224 0.010128
225 0.010136
226 0.010139
227 0.010141
228 0.010149
229 0.010757
230 0.011509
231 0.011401
232 0.011121
233 0.010631
234 0.010500
235 0.010364
236 0.010351
237 0.010339
238 0.010326
239 0.010319
240 0.010312
241 0.010310
242 0.010303
243 0.010335
244 0.010363
245 0.010323
246 0.010281
247 0.010231
248 0.011300
249 0.016879
250 0.017306
251 0.017976
252 0.010131
253 0.010140
254 0.010142
255 0.010173
256 0.010179
257 0.010709
258 0.010807
259 0.011285
260 0.011442
261 0.010908
262 0.010363
263 0.010347
264 0.010332
265 0.010325
266 0.010317
267 0.010310
268 0.010307
269 0.010303
270 0.010302
271 0.010302
272 0.010304
273 0.010312
274 0.010276
275 0.015036
276 0.016928
277 0.017312
278 0.017302
279 0.013348
280 0.010141
281 0.010175
282 0.010173
283 0.010179
284 0.010179
285 0.010637
286 0.010730
287 0.010752
288 0.011291
289 0.010369
290 0.010346
291 0.010333
292 0.010323
293 0.010314
294 0.010310
295 0.010308
296 0.010300
297 0.010301
298 0.010300
299 0.010301
300 0.010304
301 0.010532
302 0.015808
303 0.017064
304 0.017082
305 0.016729
306 0.011614
307 0.010206
308 0.010170
309 0.010173
310 0.010179
311 0.010184
312 0.010692
313 0.010606
314 0.010324
315 0.010398
316 0.010381
317 0.010358
318 0.010337
319 0.010321
320 0.010310
321 0.010305
322 0.010301
323 0.010300
324 0.010300
325 0.010298
326 0.010299
327 0.010300
328 0.013254
329 0.016960
330 0.017097
331 0.017149
332 0.015403
333 0.010449
334 0.010206
335 0.010203
336 0.010177
337 0.010156
338 0.010157
339 0.010163
340 0.010683
341 0.010664
342 0.010285
343 0.010362
344 0.010368
345 0.010348
346 0.010333
347 0.010315
348 0.010310
349 0.010301
350 0.010297
351 0.010295
352 0.010294
353 0.010299
354 0.010297
355 0.015752
356 0.016871
357 0.016908
358 0.017079
359 0.011579
360 0.010209
361 0.010206
362 0.010203
363 0.010202
364 0.010156
365 0.010157
366 0.010160
367 0.010166
368 0.010675
369 0.010654
370 0.010245
371 0.010330
372 0.010359
373 0.010338
374 0.010329
375 0.010316
376 0.010305
377 0.010298
378 0.010297
379 0.010291
380 0.010294
381 0.011348
382 0.016069
383 0.016705
384 0.016856
385 0.015276
386 0.010428
387 0.010303
388 0.010248
389 0.010203
390 0.010202
391 0.010201
392 0.010161
393 0.010164
394 0.010166
395 0.010696
396 0.010665
397 0.010223
398 0.010221
399 0.010296
400 0.010346
401 0.010338
402 0.010325
403 0.010315
404 0.010304
405 0.010297
406 0.010291
407 0.010293
408 0.013964
409 0.015284
410 0.015665
411 0.016073
412 0.011494
413 0.010325
414 0.010331
415 0.010334
416 0.010271
417 0.010204
418 0.010201
419 0.010200
420 0.010161
421 0.010170
422 0.010172
423 0.010685
424 0.010657
425 0.010228
426 0.010227
427 0.010272
428 0.010324
429 0.010337
430 0.010323
431 0.010313
432 0.010307
433 0.010299
434 0.010294
435 0.014018
436 0.014444
437 0.014883
438 0.014979
439 0.010388
440 0.010324
441 0.010328
442 0.010342
443 0.010643
444 0.010300
445 0.010201
446 0.010200
447 0.010199
448 0.010186
449 0.010195
450 0.010174
451 0.010676
452 0.010648
453 0.010231
454 0.010234
455 0.010252
456 0.010303
457 0.010331
458 0.010321
459 0.010319
460 0.010311
461 0.011418
462 0.013372
463 0.013848
464 0.014141
465 0.012033
466 0.010311
467 0.010321
468 0.010327
469 0.010338
470 0.011316
471 0.010797
472 0.010380
473 0.010243
474 0.010300
475 0.010402
476 0.010146
477 0.010172
478 0.010546
479 0.010637
480 0.010233
481 0.010234
482 0.010237
483 0.010388
484 0.010291
485 0.010324
486 0.010322
487 0.010319
488 0.011385
489 0.012101
490 0.012730
491 0.013059
492 0.010382
493 0.010312
494 0.010319
495 0.010324
496 0.010337
497 0.011186
498 0.011309
499 0.011021
500 0.010868
501 0.010502
502 0.010402
503 0.010402
504 0.010000
505 0.010068
506 0.010363
507 0.010466
508 0.010244
509 0.010252
510 0.010381
511 0.010423
512 0.010457
513 0.010314
514 0.010365
515 0.011121
516 0.011536
517 0.011636
518 0.011695
519 0.010315
520 0.010317
521 0.010320
522 0.010323
523 0.010335
524 0.011281
525 0.011371
526 0.011442
527 0.011569
528 0.011056
529 0.010492
530 0.010430
531 0.010052
532 0.010000
533 0.010000
534 0.010299
535 0.010328
536 0.010224
537 0.010234
538 0.010421
539 0.010432
540 0.010304
541 0.010502
542 0.011014
543 0.011091
544 0.011120
545 0.010394
546 0.010321
547 0.010323
548 0.010329
549 0.010329
550 0.010437
551 0.011542
552 0.011812
553 0.011791
554 0.011556
555 0.011634
556 0.011455
557 0.010491
558 0.010051
559 0.010051
560 0.010000
561 0.010000
562 0.010269
563 0.010187
564 0.010190
565 0.010369
566 0.010398
567 0.010349
568 0.010241
569 0.010321
570 0.010658
571 0.010895
572 0.010351
573 0.010329
574 0.010331
575 0.010332
576 0.010978
577 0.010999
578 0.011002
579 0.010976
580 0.011552
581 0.011886
582 0.011388
583 0.011236
584 0.011456
585 0.010050
586 0.010049
587 0.010047
588 0.010000
589 0.010000
590 0.010166
591 0.010180
592 0.010370
593 0.010369
594 0.010339
595 0.010190
596 0.010190
597 0.010394
598 0.010466
599 0.010497
600 0.010325
601 0.010973
602 0.011014
603 0.011027
604 0.011048
605 0.011029
606 0.011041
607 0.010325
608 0.010504
609 0.010995
610 0.011421
611 0.011294
612 0.010049
613 0.010049
614 0.010046
615 0.010046
616 0.010000
617 0.010000
618 0.010000
619 0.010375
620 0.010372
621 0.010370
622 0.010187
623 0.010309
624 0.010369
625 0.010378
626 0.010556
627 0.011031
628 0.010989
629 0.010961
630 0.011003
631 0.011048
632 0.010334
633 0.010350
634 0.010327
635 0.010317
636 0.010301
637 0.010418
638 0.010805
639 0.010048
640 0.010048
641 0.010045
642 0.011896
643 0.012137
644 0.010000
645 0.010000
646 0.010000
647 0.010000
648 0.010376
649 0.010274
650 0.010370
651 0.010400
652 0.010847
653 0.010786
654 0.010907
655 0.010977
656 0.010969
657 0.010082
658 0.010078
659 0.010248
660 0.010270
661 0.010265
662 0.010283
663 0.010291
664 0.010276
665 0.010226
666 0.010048
667 0.010045
668 0.010044
669 0.011893
670 0.011939
671 0.012060
672 0.013757
673 0.010000
674 0.010000
675 0.010000
676 0.010000
677 0.010000
678 0.010442
679 0.010493
680 0.010634
681 0.010703
682 0.010031
683 0.010066
684 0.010083
685 0.010077
686 0.010074
687 0.010072
688 0.010070
689 0.010062
690 0.010208
691 0.010216
692 0.010203
693 0.010051
694 0.010048
695 0.010044
696 0.011893
697 0.011893
698 0.011901
699 0.012038
700 0.013757
701 0.013757
702 0.010000
703 0.010000
704 0.010000
705 0.010000
706 0.010000
707 0.010000
708 0.010000
709 0.010000
710 0.010015
711 0.010050
712 0.010076
713 0.010080
714 0.010071
715 0.010068
716 0.010066
717 0.010064
718 0.010058
719 0.010056
720 0.010054
721 0.010050
722 0.010047
723 0.011897
724 0.011655
725 0.011859
726 0.011890
727 0.011892
728 0.013757
729 0.013757
730 0.013757
731 0.013757
732 0.010000
733 0.010000
734 0.010000
735 0.010000
736 0.010000
737 0.010000
738 0.010000
739 0.010037
740 0.010065
741 0.010075
742 0.010071
743 0.010068
744 0.010063
745 0.010061
746 0.010057
747 0.010053
748 0.010052
749 0.010048
750 0.011172
751 0.010470
752 0.010635
753 0.011277
754 0.011937
755 0.011890
756 0.013757
757 0.013757
758 0.014928
759 0.015172
760 0.013757
761 0.010000
762 0.010000
763 0.010000
764 0.010000
765 0.010000
766 0.010000
767 0.010024
768 0.010055
769 0.010072
770 0.010070
771 0.010067
772 0.010062
773 0.010057
774 0.010058
775 0.010055
776 0.010052
777 0.010359
778 0.010237
779 0.010242
780 0.010309
781 0.010408
782 0.011163
783 0.011891
