0 0.001407
1 0.006512
2 0.010051
3 0.010031
4 0.002511
5 0.000305
6 0.000058
7 0.000037
8 0.000002
9 0.000002
10 0.000002
11 0.000002
12 0.000002
13 0.000002
14 0.000002
15 0.000002
16 0.000004
17 0.000003
18 0.000003
19 0.000009
20 0.000026
21 0.000022
22 0.000035
23 0.000039
24 0.000030
25 0.000034
26 0.000054
27 0.000060
28 0.000319
29 0.001231
30 0.004043
31 0.010054
32 0.010031
33 0.001388
34 0.000155
35 0.000010
36 0.000002
37 0.000002
38 0.000002
39 0.000002
40 0.000002
41 0.000002
42 0.000002
43 0.000003
44 0.000003
45 0.000002
46 0.000002
47 0.000002
48 0.000013
49 0.000020
50 0.000140
51 0.000001
52 0.000027
53 0.000043
54 0.000034
55 0.000054
56 0.000148
57 0.000258
58 0.000721
59 0.003815
60 0.010061
61 0.005858
62 0.000778
63 0.000005
64 0.000002
65 0.000002
66 0.000002
67 0.000002
68 0.000002
69 0.000002
70 0.000003
71 0.000004
72 0.000002
73 0.000002
74 0.000002
75 0.000002
76 0.000039
77 0.000003
78 0.000001
79 0.000001
80 0.000001
81 0.000027
82 0.000043
83 0.000034
84 0.000131
85 0.000084
86 0.000147
87 0.000575
88 0.003500
89 0.010066
90 0.005600
91 0.000003
92 0.000002
93 0.000002
94 0.000002
95 0.000002
96 0.000002
97 0.000002
98 0.000003
99 0.000003
100 0.000002
101 0.000002
102 0.000002
103 0.000004
104 0.000002
105 0.000001
106 0.000001
107 0.000001
108 0.000001
109 0.000024
110 0.000027
111 0.000043
112 0.000084
113 0.000074
114 0.000042
115 0.000106
116 0.000001
117 0.000002
118 0.000001
119 0.000001
120 0.000001
121 0.000001
122 0.000002
123 0.000002
124 0.000002
125 0.000003
126 0.000004
127 0.000002
128 0.000002
129 0.000003
130 0.000003
131 0.000002
132 0.000001
133 0.000001
134 0.000001
135 0.000001
136 0.000001
137 0.000016
138 0.000024
139 0.000039
140 0.000074
141 0.000048
142 0.000037
143 0.000033
144 0.000001
145 0.000001
146 0.000002
147 0.000001
148 0.000001
149 0.000001
150 0.000001
151 0.000001
152 0.000001
153 0.000002
154 0.000003
155 0.000003
156 0.000004
157 0.000003
158 0.000002
159 0.000001
160 0.000001
161 0.000001
162 0.000001
163 0.000001
164 0.000016
165 0.000014
166 0.000022
167 0.000024
168 0.000048
169 0.000037
170 0.000033
171 0.000026
172 0.000001
173 0.000001
174 0.000002
175 0.000004
176 0.000002
177 0.000001
178 0.000001
179 0.000001
180 0.000001
181 0.000001
182 0.000002
183 0.000002
184 0.000002
185 0.000001
186 0.000001
187 0.000001
188 0.000001
189 0.000001
190 0.000001
191 0.000001
192 0.000010
193 0.000011
194 0.000013
195 0.000022
196 0.000037
197 0.000033
198 0.000021
199 0.000017
200 0.000001
201 0.000001
202 0.000001
203 0.000002
204 0.000007
205 0.000005
206 0.000002
207 0.000002
208 0.000002
209 0.000002
210 0.000001
211 0.000001
212 0.000001
213 0.000001
214 0.000001
215 0.000001
216 0.000001
217 0.000001
218 0.000001
219 0.000001
220 0.000010
221 0.000011
222 0.000011
223 0.000018
224 0.000034
225 0.000021
226 0.000017
227 0.000015
228 0.000009
229 0.000001
230 0.000001
231 0.000001
232 0.000002
233 0.000006
234 0.000176
235 0.000130
236 0.000017
237 0.000003
238 0.000001
239 0.000001
240 0.000001
241 0.000001
242 0.000001
243 0.000001
244 0.000001
245 0.000001
246 0.000001
247 0.000001
248 0.000001
249 0.000002
250 0.000002
251 0.000004
252 0.000031
253 0.000017
254 0.000015
255 0.000007
256 0.000002
257 0.000001
258 0.000001
259 0.000001
260 0.000001
261 0.000004
262 0.000034
263 0.999969
264 0.000015
265 0.000002
266 0.000001
267 0.000001
268 0.000001
269 0.000001
270 0.000001
271 0.000001
272 0.000001
273 0.000001
274 0.000001
275 0.000001
276 0.000001
277 0.000001
278 0.000001
279 0.000001
280 0.000019
281 0.000004
282 0.000003
283 0.000007
284 0.000494
285 0.000001
286 0.000001
287 0.000001
288 0.000001
289 0.000001
290 0.000004
291 0.000007
292 0.000005
293 0.000003
294 0.000001
295 0.000001
296 0.000001
297 0.000001
298 0.000001
299 0.000001
300 0.000001
301 0.000001
302 0.000001
303 0.000001
304 0.000001
305 0.000001
306 0.000001
307 0.000001
308 0.000003
309 0.000018
310 0.000809
311 0.001452
312 0.000019
313 0.000002
314 0.000001
315 0.000001
316 0.000001
317 0.000001
318 0.000001
319 0.000001
320 0.000002
321 0.000002
322 0.000002
323 0.000001
324 0.000001
325 0.000001
326 0.000001
327 0.000001
328 0.000001
329 0.000001
330 0.000001
331 0.000001
332 0.000001
333 0.000001
334 0.000001
335 0.000001
336 0.001463
337 0.003692
338 0.008327
339 0.019646
340 0.000003
341 0.000002
342 0.000001
343 0.000001
344 0.000001
345 0.000001
346 0.000001
347 0.000001
348 0.000001
349 0.000002
350 0.000002
351 0.000002
352 0.000001
353 0.000001
354 0.000001
355 0.000001
356 0.000001
357 0.000001
358 0.000001
359 0.000001
360 0.000001
361 0.000001
362 0.000001
363 0.000001
364 0.012747
365 0.033220
366 0.001562
367 0.000005
368 0.000002
369 0.000001
370 0.000001
371 0.000001
372 0.000001
373 0.000001
374 0.000001
375 0.000001
376 0.000001
377 0.000001
378 0.000001
379 0.000002
380 0.000002
381 0.000001
382 0.000001
383 0.000001
384 0.000001
385 0.000001
386 0.000001
387 0.000001
388 0.000001
389 0.000001
390 0.000001
391 0.000001
392 0.000650
393 0.000018
394 0.000006
395 0.000002
396 0.000001
397 0.000001
398 0.000001
399 0.000001
400 0.000001
401 0.000001
402 0.000001
403 0.000001
404 0.000001
405 0.000001
406 0.000001
407 0.000001
408 0.000001
409 0.000001
410 0.000001
411 0.000001
412 0.000001
413 0.000001
414 0.000001
415 0.000001
416 0.000001
417 0.000001
418 0.000001
419 0.000001
420 0.000006
421 0.000004
422 0.000004
423 0.000002
424 0.000001
425 0.000001
426 0.000001
427 0.000001
428 0.000001
429 0.000001
430 0.000001
431 0.000001
432 0.000001
433 0.000001
434 0.000001
435 0.000001
436 0.000001
437 0.000001
438 0.000001
439 0.000001
440 0.000001
441 0.000001
442 0.000001
443 0.000001
444 0.000001
445 0.000002
446 0.000001
447 0.000001
448 0.000007
449 0.000003
450 0.000002
451 0.000001
452 0.000001
453 0.000001
454 0.000002
455 0.000002
456 0.000001
457 0.000001
458 0.000001
459 0.000001
460 0.000001
461 0.000001
462 0.000001
463 0.000001
464 0.000001
465 0.000001
466 0.000001
467 0.000001
468 0.000001
469 0.000001
470 0.000001
471 0.000001
472 0.000001
473 0.000002
474 0.000002
475 0.000002
476 0.000075
477 0.000006
478 0.000002
479 0.000001
480 0.000001
481 0.000001
482 0.000002
483 0.000001
484 0.000001
485 0.000001
486 0.000001
487 0.000001
488 0.000001
489 0.000001
490 0.000001
491 0.000001
492 0.000001
493 0.000001
494 0.000001
495 0.000001
496 0.000002
497 0.000001
498 0.000001
499 0.000001
500 0.000002
501 0.000002
502 0.000007
503 0.000016
504 0.001907
505 0.000100
506 0.000001
507 0.000001
508 0.000001
509 0.000002
510 0.000002
511 0.000001
512 0.000001
513 0.000001
514 0.000001
515 0.000001
516 0.000001
517 0.000001
518 0.000001
519 0.000001
520 0.000001
521 0.000001
522 0.000001
523 0.000001
524 0.000002
525 0.000002
526 0.000002
527 0.000002
528 0.000002
529 0.000002
530 0.000852
531 0.005899
532 0.000496
533 0.000187
534 0.000001
535 0.000001
536 0.000001
537 0.000002
538 0.000001
539 0.000001
540 0.000001
541 0.000001
542 0.000001
543 0.000001
544 0.000001
545 0.000001
546 0.000001
547 0.000001
548 0.000001
549 0.000001
550 0.000001
551 0.000001
552 0.000002
553 0.000002
554 0.000002
555 0.000002
556 0.000002
557 0.000002
558 0.010028
559 0.010024
560 0.000278
561 0.000261
562 0.000001
563 0.000001
564 0.000001
565 0.000001
566 0.000001
567 0.000001
568 0.000001
569 0.000001
570 0.000001
571 0.000001
572 0.000001
573 0.000001
574 0.000001
575 0.000001
576 0.000001
577 0.000001
578 0.000001
579 0.000001
580 0.000001
581 0.000002
582 0.000001
583 0.000002
584 0.000002
585 0.010028
586 0.010030
587 0.010026
588 0.000363
589 0.000278
590 0.000002
591 0.000001
592 0.000001
593 0.000001
594 0.000001
595 0.000001
596 0.000001
597 0.000001
598 0.000001
599 0.000001
600 0.000001
601 0.000001
602 0.000001
603 0.000001
604 0.000001
605 0.000001
606 0.000001
607 0.000001
608 0.000001
609 0.000001
610 0.000001
611 0.000002
612 0.004350
613 0.010018
614 0.010026
615 0.010028
616 0.000409
617 0.000363
618 0.000278
619 0.000002
620 0.000001
621 0.000001
622 0.000001
623 0.000001
624 0.000001
625 0.000001
626 0.000001
627 0.000001
628 0.000001
629 0.000001
630 0.000001
631 0.000001
632 0.000001
633 0.000001
634 0.000001
635 0.000001
636 0.000001
637 0.000001
638 0.000001
639 0.000538
640 0.001543
641 0.004476
642 0.000001
643 0.000001
644 0.000435
645 0.000409
646 0.000385
647 0.000296
648 0.000015
649 0.000001
650 0.000001
651 0.000001
652 0.000001
653 0.000001
654 0.000001
655 0.000001
656 0.000001
657 0.000001
658 0.000001
659 0.000001
660 0.000001
661 0.000001
662 0.000001
663 0.000001
664 0.000001
665 0.000001
666 0.000128
667 0.000217
668 0.000593
669 0.000001
670 0.000001
671 0.000001
672 0.000001
673 0.000435
674 0.000409
675 0.000315
676 0.000363
677 0.000278
678 0.000001
679 0.000001
680 0.000001
681 0.000002
682 0.000015
683 0.000002
684 0.000001
685 0.000001
686 0.000001
687 0.000001
688 0.000001
689 0.000003
690 0.000002
691 0.000001
692 0.000002
693 0.000119
694 0.000137
695 0.000184
696 0.000001
697 0.000001
698 0.000001
699 0.000001
700 0.000001
701 0.000001
702 0.000435
703 0.000409
704 0.000385
705 0.000363
706 0.000278
707 0.000261
708 0.000231
709 0.000175
710 0.000048
711 0.000004
712 0.000001
713 0.000001
714 0.000001
715 0.000001
716 0.000002
717 0.000005
718 0.000082
719 0.000088
720 0.000094
721 0.000127
722 0.000172
723 0.000001
724 0.000001
725 0.000001
726 0.000001
727 0.000001
728 0.000001
729 0.000001
730 0.000001
731 0.000001
732 0.000409
733 0.000385
734 0.000296
735 0.000278
736 0.000261
737 0.000199
738 0.000175
739 0.000013
740 0.000002
741 0.000001
742 0.000001
743 0.000001
744 0.000003
745 0.000015
746 0.000088
747 0.000119
748 0.000127
749 0.000172
750 0.000001
751 0.000001
752 0.000001
753 0.000001
754 0.000001
755 0.000001
756 0.000001
757 0.000001
758 0.000001
759 0.000001
760 0.000001
761 0.000409
762 0.000385
763 0.000296
764 0.000278
765 0.000261
766 0.000245
767 0.000047
768 0.000004
769 0.000002
770 0.000002
771 0.000002
772 0.000005
773 0.000053
774 0.000088
775 0.000101
776 0.000136
777 0.000001
778 0.000001
779 0.000001
780 0.000001
781 0.000001
782 0.000001
783 0.000001
