0 0.004442
1 0.004314
2 0.003878
3 0.004068
4 0.003640
5 0.003241
6 0.003028
7 0.002927
8 0.000769
9 0.000176
10 0.000156
11 0.000269
12 0.000471
13 0.000625
14 0.000463
15 0.000242
16 0.000102
17 0.000088
18 0.000256
19 0.000720
20 0.001344
21 0.001401
22 0.001674
23 0.001741
24 0.002247
25 0.003712
26 0.006231
27 0.008009
28 0.004193
29 0.004189
30 0.003757
31 0.003640
32 0.003526
33 0.003310
34 0.002927
35 0.002058
36 0.000336
37 0.000095
38 0.000092
39 0.000152
40 0.000323
41 0.000598
42 0.000598
43 0.000271
44 0.000114
45 0.000089
46 0.000132
47 0.000497
48 0.001119
49 0.001344
50 0.000001
51 0.000000
52 0.003558
53 0.006140
54 0.007871
55 0.008059
56 0.005088
57 0.003955
58 0.003640
59 0.003526
60 0.003310
61 0.002927
62 0.002829
63 0.000960
64 0.000178
65 0.000064
66 0.000085
67 0.000108
68 0.000214
69 0.000371
70 0.000507
71 0.000346
72 0.000148
73 0.000064
74 0.000078
75 0.000244
76 0.000005
77 0.000000
78 0.000000
79 0.000000
80 0.000000
81 0.007871
82 0.008059
83 0.017686
84 0.006136
85 0.004758
86 0.003625
87 0.003028
88 0.002927
89 0.002829
90 0.002644
91 0.000420
92 0.000080
93 0.000053
94 0.000054
95 0.000074
96 0.000122
97 0.000284
98 0.000425
99 0.000501
100 0.000219
101 0.000040
102 0.000000
103 0.000000
104 0.000000
105 0.000000
106 0.000000
107 0.000000
108 0.000008
109 0.011371
110 0.017184
111 0.012162
112 0.006995
113 0.005867
114 0.004369
115 0.003324
116 0.000000
117 0.000000
118 0.000000
119 0.000000
120 0.000000
121 0.000011
122 0.000045
123 0.000050
124 0.000076
125 0.000140
126 0.000288
127 0.000064
128 0.000003
129 0.000000
130 0.000000
131 0.000000
132 0.000000
133 0.000000
134 0.000000
135 0.000008
136 0.002820
137 0.014392
138 0.009948
139 0.007131
140 0.007028
141 0.006797
142 0.005566
143 0.004501
144 0.000000
145 0.000000
146 0.000000
147 0.000000
148 0.000000
149 0.000000
150 0.000000
151 0.000000
152 0.000000
153 0.000000
154 0.000001
155 0.000000
156 0.000000
157 0.000000
158 0.000000
159 0.000000
160 0.000000
161 0.000001
162 0.000008
163 0.000014
164 0.013866
165 0.008052
166 0.005833
167 0.003082
168 0.007207
169 0.006828
170 0.006805
171 0.005852
172 0.000000
173 0.000000
174 0.000000
175 0.000000
176 0.000000
177 0.000000
178 0.000000
179 0.000000
180 0.000000
181 0.000000
182 0.000000
183 0.000000
184 0.000000
185 0.000000
186 0.000000
187 0.000000
188 0.000002
189 0.000008
190 0.000014
191 0.000500
192 0.006382
193 0.004667
194 0.003225
195 0.004601
196 0.009104
197 0.007814
198 0.006643
199 0.006612
200 0.000015
201 0.000000
202 0.000000
203 0.000000
204 0.000000
205 0.000000
206 0.000000
207 0.000000
208 0.000000
209 0.000000
210 0.000000
211 0.000000
212 0.000000
213 0.000000
214 0.000000
215 0.000000
216 0.000000
217 0.000000
218 0.000001
219 0.000608
220 0.004873
221 0.003584
222 0.005157
223 0.011417
224 0.008205
225 0.008756
226 0.008607
227 0.006650
228 0.006432
229 0.000000
230 0.000000
231 0.000000
232 0.000000
233 0.000000
234 0.000000
235 0.000000
236 0.000000
237 0.000000
238 0.000000
239 0.000000
240 0.000000
241 0.000000
242 0.000001
243 0.000001
244 0.000000
245 0.000000
246 0.000000
247 0.000067
248 0.000172
249 0.000588
250 0.002212
251 0.004252
252 0.006046
253 0.007484
254 0.008218
255 0.006353
256 0.002094
257 0.000000
258 0.000000
259 0.000000
260 0.000000
261 0.000000
262 0.000000
263 0.000000
264 0.000000
265 0.000000
266 0.000000
267 0.000000
268 0.000000
269 0.000046
270 1.000000
271 0.000043
272 0.000000
273 0.000000
274 0.000003
275 0.000072
276 0.000118
277 0.000267
278 0.000217
279 0.000292
280 0.004038
281 0.002546
282 0.002238
283 0.001203
284 0.000852
285 0.000000
286 0.000000
287 0.000000
288 0.000000
289 0.000000
290 0.000000
291 0.000000
292 0.000000
293 0.000000
294 0.000000
295 0.000000
296 0.000000
297 0.000049
298 0.000628
299 0.000009
300 0.000000
301 0.000000
302 0.000049
303 0.004567
304 0.002673
305 0.000777
306 0.000413
307 0.000180
308 0.001305
309 0.000831
310 0.000514
311 0.000398
312 0.000074
313 0.000002
314 0.000000
315 0.000000
316 0.000000
317 0.000000
318 0.000000
319 0.000000
320 0.000000
321 0.000000
322 0.000000
323 0.000000
324 0.000000
325 0.000001
326 0.000002
327 0.000001
328 0.000000
329 0.000001
330 0.000462
331 0.004027
332 0.013764
333 0.005028
334 0.001668
335 0.000567
336 0.000679
337 0.000443
338 0.000342
339 0.000256
340 0.000011
341 0.000001
342 0.000000
343 0.000000
344 0.000000
345 0.000000
346 0.000000
347 0.000000
348 0.000000
349 0.000000
350 0.000000
351 0.000000
352 0.000000
353 0.000000
354 0.000000
355 0.000000
356 0.000000
357 0.000004
358 0.000005
359 0.000185
360 0.004727
361 0.002779
362 0.001880
363 0.001352
364 0.000511
365 0.000517
366 0.000366
367 0.000246
368 0.000002
369 0.000000
370 0.000000
371 0.000000
372 0.000000
373 0.000000
374 0.000000
375 0.000000
376 0.000000
377 0.000000
378 0.000000
379 0.000000
380 0.000000
381 0.000000
382 0.000000
383 0.000000
384 0.000005
385 0.000002
386 0.000000
387 0.000003
388 0.000096
389 0.000427
390 0.000703
391 0.000773
392 0.000333
393 0.000276
394 0.000235
395 0.000047
396 0.000001
397 0.000000
398 0.000000
399 0.000000
400 0.000000
401 0.000000
402 0.000000
403 0.000000
404 0.000034
405 0.000051
406 0.000002
407 0.000000
408 0.000000
409 0.000000
410 0.000000
411 0.000000
412 0.000001
413 0.000001
414 0.000000
415 0.000000
416 0.000002
417 0.000036
418 0.000116
419 0.000366
420 0.000202
421 0.000170
422 0.000173
423 0.000007
424 0.000000
425 0.000000
426 0.000000
427 0.000000
428 0.000000
429 0.000000
430 0.000000
431 0.000000
432 0.000213
433 0.001754
434 0.000357
435 0.000014
436 0.000001
437 0.000000
438 0.000000
439 0.000000
440 0.000000
441 0.000001
442 0.000000
443 0.000000
444 0.000000
445 0.000017
446 0.000069
447 0.000233
448 0.000213
449 0.000131
450 0.000111
451 0.000001
452 0.000000
453 0.000000
454 0.000000
455 0.000000
456 0.000000
457 0.000000
458 0.000000
459 0.000000
460 0.000023
461 0.007812
462 0.015921
463 0.002517
464 0.000019
465 0.000000
466 0.000000
467 0.000000
468 0.000000
469 0.000000
470 0.000000
471 0.000000
472 0.000000
473 0.000013
474 0.000065
475 0.000132
476 0.000532
477 0.000315
478 0.000060
479 0.000000
480 0.000000
481 0.000000
482 0.000000
483 0.000000
484 0.000000
485 0.000000
486 0.000000
487 0.000000
488 0.000017
489 0.002352
490 0.205379
491 1.000000
492 0.000025
493 0.000000
494 0.000000
495 0.000000
496 0.000000
497 0.000000
498 0.000000
499 0.000000
500 0.000000
501 0.000006
502 0.000114
503 0.000140
504 0.001644
505 0.001024
506 0.000035
507 0.000000
508 0.000000
509 0.000000
510 0.000000
511 0.000000
512 0.000000
513 0.000000
514 0.000000
515 0.000001
516 0.000014
517 0.002012
518 0.002123
519 0.000258
520 0.000019
521 0.000001
522 0.000000
523 0.000000
524 0.000000
525 0.000000
526 0.000000
527 0.000001
528 0.000000
529 0.000004
530 0.000165
531 0.000206
532 0.001573
533 0.001466
534 0.000026
535 0.000001
536 0.000000
537 0.000000
538 0.000000
539 0.000000
540 0.000000
541 0.000000
542 0.000000
543 0.000001
544 0.000002
545 0.000005
546 0.000013
547 0.000026
548 0.000029
549 0.000132
550 0.000039
551 0.000002
552 0.000000
553 0.000000
554 0.000000
555 0.000001
556 0.000001
557 0.000010
558 0.000199
559 0.000215
560 0.001817
561 0.001758
562 0.000027
563 0.000001
564 0.000000
565 0.000001
566 0.000001
567 0.000002
568 0.000018
569 0.000001
570 0.000000
571 0.000000
572 0.000000
573 0.000000
574 0.000002
575 0.000141
576 0.002447
577 0.713838
578 0.002955
579 0.000267
580 0.000008
581 0.000001
582 0.000000
583 0.000001
584 0.000006
585 0.000199
586 0.000212
587 0.000274
588 0.002092
589 0.001817
590 0.000163
591 0.000004
592 0.000002
593 0.000001
594 0.000006
595 0.000101
596 0.000263
597 0.000037
598 0.000000
599 0.000000
600 0.000000
601 0.000000
602 0.000001
603 0.000029
604 0.002154
605 0.931631
606 0.015869
607 0.003433
608 0.000356
609 0.000029
610 0.000005
611 0.000008
612 0.000188
613 0.000199
614 0.000259
615 0.000274
616 0.002227
617 0.002092
618 0.001817
619 0.000345
620 0.000021
621 0.000023
622 0.000092
623 0.000172
624 0.000624
625 0.000679
626 0.000057
627 0.000028
628 0.000031
629 0.000011
630 0.000000
631 0.000001
632 0.000027
633 0.000259
634 0.002121
635 0.013763
636 0.008584
637 0.000628
638 0.000103
639 0.000350
640 0.000199
641 0.000259
642 0.000000
643 0.000000
644 0.002299
645 0.002227
646 0.002969
647 0.004505
648 0.003422
649 0.000133
650 0.001783
651 0.007112
652 0.007627
653 0.025823
654 0.002667
655 0.000164
656 0.000018
657 0.000012
658 0.000008
659 0.000008
660 0.000028
661 0.000053
662 0.000521
663 0.000733
664 0.002370
665 0.007084
666 0.002755
667 0.001100
668 0.000479
669 0.000000
670 0.000000
671 0.000000
672 0.000000
673 0.003122
674 0.004654
675 0.007128
676 0.010000
677 0.010000
678 0.026657
679 0.094116
680 0.049082
681 0.007195
682 0.001454
683 0.000128
684 0.000022
685 0.000011
686 0.000012
687 0.000037
688 0.000216
689 0.001272
690 0.001589
691 0.002474
692 0.003776
693 0.010000
694 0.007690
695 0.002877
696 0.000000
697 0.000000
698 0.000000
699 0.000000
700 0.000000
701 0.000000
702 0.007230
703 0.010000
704 0.010000
705 0.010000
706 0.010000
707 0.010000
708 0.010000
709 0.010000
710 0.003901
711 0.000390
712 0.000027
713 0.000010
714 0.000027
715 0.000084
716 0.000084
717 0.000479
718 0.002326
719 0.008426
720 0.012491
721 0.010044
722 0.010000
723 0.000000
724 0.000000
725 0.000000
726 0.000000
727 0.000000
728 0.000000
729 0.000000
730 0.000000
731 0.000000
732 0.010000
733 0.010000
734 0.010000
735 0.010000
736 0.010000
737 0.010000
738 0.010000
739 0.000704
740 0.000040
741 0.000015
742 0.000044
743 0.000089
744 0.000110
745 0.000204
746 0.000943
747 0.003989
748 0.014117
749 0.011296
750 0.000000
751 0.000012
752 0.000003
753 0.000000
754 0.000000
755 0.000000
756 0.000000
757 0.000000
758 0.000012
759 0.000028
760 0.000000
761 0.010000
762 0.010000
763 0.010000
764 0.010000
765 0.010000
766 0.010000
767 0.001218
768 0.000076
769 0.000031
770 0.000083
771 0.000092
772 0.000115
773 0.000150
774 0.000420
775 0.001580
776 0.005156
777 0.000065
778 0.001388
779 0.000910
780 0.000038
781 0.000015
782 0.000000
783 0.000000
