0 0.001388
1 0.002621
2 0.004451
3 0.010012
4 0.010014
5 0.005099
6 0.002004
7 0.000668
8 0.000063
9 0.000007
10 0.000005
11 0.000004
12 0.000005
13 0.000033
14 0.000110
15 0.000082
16 0.000046
17 0.000014
18 0.000036
19 0.000140
20 0.000460
21 0.000625
22 0.001333
23 0.002343
24 0.004645
25 0.008922
26 0.012130
27 0.009571
28 0.001095
29 0.001213
30 0.001979
31 0.004217
32 0.010014
33 0.010015
34 0.003788
35 0.000821
36 0.000021
37 0.000003
38 0.000003
39 0.000003
40 0.000008
41 0.000052
42 0.000179
43 0.000050
44 0.000020
45 0.000007
46 0.000005
47 0.000045
48 0.000451
49 0.000998
50 0.000312
51 0.000000
52 0.008923
53 0.012131
54 0.008644
55 0.003432
56 0.001243
57 0.000949
58 0.000884
59 0.001789
60 0.003892
61 0.010017
62 0.010015
63 0.000675
64 0.000019
65 0.000002
66 0.000003
67 0.000002
68 0.000014
69 0.000066
70 0.000076
71 0.000034
72 0.000008
73 0.000003
74 0.000002
75 0.000013
76 0.000299
77 0.000001
78 0.000001
79 0.000000
80 0.000000
81 0.008645
82 0.003322
83 0.001352
84 0.002144
85 0.000917
86 0.000687
87 0.000716
88 0.001541
89 0.003691
90 0.010019
91 0.000511
92 0.000015
93 0.000003
94 0.000002
95 0.000006
96 0.000022
97 0.000135
98 0.000045
99 0.000012
100 0.000004
101 0.000001
102 0.000001
103 0.000001
104 0.000001
105 0.000001
106 0.000001
107 0.000000
108 0.000000
109 0.002564
110 0.001258
111 0.000901
112 0.011083
113 0.002496
114 0.000632
115 0.000549
116 0.000001
117 0.000001
118 0.000001
119 0.000000
120 0.000001
121 0.000003
122 0.000002
123 0.000009
124 0.000057
125 0.000072
126 0.000019
127 0.000002
128 0.000001
129 0.000001
130 0.000001
131 0.000001
132 0.000001
133 0.000000
134 0.000000
135 0.000000
136 0.000028
137 0.000939
138 0.000660
139 0.000680
140 0.024132
141 0.010656
142 0.002877
143 0.000687
144 0.000001
145 0.000002
146 0.000001
147 0.000001
148 0.000001
149 0.000000
150 0.000000
151 0.000001
152 0.000002
153 0.000003
154 0.000003
155 0.000002
156 0.000001
157 0.000001
158 0.000001
159 0.000001
160 0.000001
161 0.000000
162 0.000000
163 0.000000
164 0.000834
165 0.000478
166 0.000489
167 0.000521
168 0.019057
169 0.025102
170 0.013381
171 0.005442
172 0.000001
173 0.000000
174 0.000001
175 0.000002
176 0.000003
177 0.000002
178 0.000001
179 0.000001
180 0.000001
181 0.000001
182 0.000001
183 0.000001
184 0.000001
185 0.000000
186 0.000000
187 0.000001
188 0.000001
189 0.000000
190 0.000000
191 0.000001
192 0.000350
193 0.000326
194 0.000348
195 0.000851
196 0.008627
197 0.014860
198 0.033846
199 0.013888
200 0.000089
201 0.000001
202 0.000001
203 0.000001
204 0.000001
205 0.000014
206 0.000376
207 0.000087
208 0.000003
209 0.000001
210 0.000001
211 0.000000
212 0.000000
213 0.000000
214 0.000001
215 0.000001
216 0.000000
217 0.000000
218 0.000000
219 0.000004
220 0.000305
221 0.000331
222 0.000924
223 0.005407
224 0.008489
225 0.008479
226 0.008567
227 0.039028
228 0.018006
229 0.000001
230 0.000001
231 0.000001
232 0.000001
233 0.000002
234 0.000053
235 0.999972
236 0.000009
237 0.000001
238 0.000001
239 0.000000
240 0.000000
241 0.000001
242 0.000001
243 0.000000
244 0.000000
245 0.000000
246 0.000000
247 0.000017
248 0.000034
249 0.000282
250 0.001299
251 0.002030
252 0.003194
253 0.006435
254 0.008424
255 0.006767
256 0.053611
257 0.000002
258 0.000001
259 0.000001
260 0.000001
261 0.000001
262 0.000001
263 0.000002
264 0.000001
265 0.000001
266 0.000001
267 0.000001
268 0.000001
269 0.000001
270 0.000001
271 0.000000
272 0.000000
273 0.000000
274 0.000000
275 0.000007
276 0.000051
277 0.000121
278 0.000196
279 0.000249
280 0.000759
281 0.001908
282 0.004856
283 0.011012
284 0.010869
285 0.000017
286 0.000001
287 0.000001
288 0.000002
289 0.000001
290 0.000001
291 0.000000
292 0.000001
293 0.000001
294 0.000002
295 0.000004
296 0.000002
297 0.000001
298 0.000000
299 0.000000
300 0.000000
301 0.000000
302 0.000001
303 0.000034
304 0.000057
305 0.000077
306 0.000045
307 0.000012
308 0.000428
309 0.000561
310 0.000980
311 0.001962
312 0.000538
313 0.000006
314 0.000001
315 0.000001
316 0.000002
317 0.000002
318 0.000001
319 0.000000
320 0.000001
321 0.000001
322 0.000004
323 0.000006
324 0.000002
325 0.000001
326 0.000001
327 0.000000
328 0.000000
329 0.000001
330 0.000001
331 0.000003
332 0.000045
333 0.000013
334 0.000008
335 0.000015
336 0.000353
337 0.000282
338 0.000172
339 0.000293
340 0.000006
341 0.000001
342 0.000001
343 0.000000
344 0.000002
345 0.000003
346 0.000001
347 0.000001
348 0.000001
349 0.000002
350 0.000004
351 0.000002
352 0.000001
353 0.000001
354 0.000001
355 0.000001
356 0.000001
357 0.000001
358 0.000001
359 0.000001
360 0.000009
361 0.000007
362 0.000009
363 0.000011
364 0.000215
365 0.000201
366 0.000173
367 0.000101
368 0.000001
369 0.000001
370 0.000001
371 0.000001
372 0.000001
373 0.000002
374 0.000003
375 0.000002
376 0.000003
377 0.000003
378 0.000001
379 0.000001
380 0.000001
381 0.000001
382 0.000001
383 0.000001
384 0.000001
385 0.000001
386 0.000001
387 0.000001
388 0.000005
389 0.000022
390 0.000016
391 0.000015
392 0.000157
393 0.000135
394 0.000072
395 0.000002
396 0.000001
397 0.000001
398 0.000001
399 0.000001
400 0.000001
401 0.000001
402 0.000019
403 0.000209
404 0.000162
405 0.000003
406 0.000001
407 0.000001
408 0.000001
409 0.000001
410 0.000001
411 0.000000
412 0.000001
413 0.000001
414 0.000001
415 0.000001
416 0.000001
417 0.000056
418 0.000046
419 0.000032
420 0.000145
421 0.000033
422 0.000014
423 0.000001
424 0.000001
425 0.000001
426 0.000001
427 0.000001
428 0.000001
429 0.000001
430 0.000016
431 0.999977
432 0.000144
433 0.000003
434 0.000001
435 0.000000
436 0.000000
437 0.000001
438 0.000001
439 0.000000
440 0.000001
441 0.000001
442 0.000001
443 0.000001
444 0.000001
445 0.000083
446 0.000113
447 0.000079
448 0.000050
449 0.000011
450 0.000003
451 0.000001
452 0.000000
453 0.000001
454 0.000001
455 0.000001
456 0.000001
457 0.000001
458 0.000005
459 0.000006
460 0.000005
461 0.000001
462 0.000001
463 0.000001
464 0.000001
465 0.000000
466 0.000000
467 0.000000
468 0.000001
469 0.000001
470 0.000001
471 0.000001
472 0.000001
473 0.000010
474 0.000087
475 0.000168
476 0.000099
477 0.000018
478 0.000002
479 0.000001
480 0.000000
481 0.000001
482 0.000001
483 0.000001
484 0.000001
485 0.000002
486 0.000001
487 0.000001
488 0.000001
489 0.000001
490 0.000001
491 0.000001
492 0.000001
493 0.000001
494 0.000000
495 0.000001
496 0.000001
497 0.000001
498 0.000001
499 0.000001
500 0.000001
501 0.000002
502 0.000396
503 0.001006
504 0.000617
505 0.000232
506 0.000001
507 0.000001
508 0.000001
509 0.000001
510 0.000001
511 0.000001
512 0.000002
513 0.000001
514 0.000001
515 0.000001
516 0.000001
517 0.000001
518 0.000001
519 0.000001
520 0.000001
521 0.000001
522 0.000001
523 0.000001
524 0.000001
525 0.000001
526 0.000001
527 0.000001
528 0.000001
529 0.000002
530 0.003081
531 0.010016
532 0.000578
533 0.000521
534 0.000002
535 0.000001
536 0.000001
537 0.000001
538 0.000001
539 0.000003
540 0.000001
541 0.000001
542 0.000000
543 0.000000
544 0.000001
545 0.000001
546 0.000001
547 0.000001
548 0.000001
549 0.000001
550 0.000001
551 0.000001
552 0.000001
553 0.000001
554 0.000001
555 0.000001
556 0.000001
557 0.000013
558 0.010001
559 0.010007
560 0.000715
561 0.000680
562 0.000002
563 0.000001
564 0.000001
565 0.000003
566 0.000011
567 0.000001
568 0.000001
569 0.000000
570 0.000000
571 0.000000
572 0.000000
573 0.000001
574 0.000001
575 0.000001
576 0.000000
577 0.000001
578 0.000001
579 0.000001
580 0.000001
581 0.000001
582 0.000001
583 0.000001
584 0.000002
585 0.002408
586 0.004534
587 0.008536
588 0.000881
589 0.000715
590 0.000029
591 0.000001
592 0.000004
593 0.000011
594 0.000002
595 0.000001
596 0.000001
597 0.000000
598 0.000000
599 0.000000
600 0.000000
601 0.000001
602 0.000001
603 0.000001
604 0.000001
605 0.000001
606 0.000001
607 0.000001
608 0.000001
609 0.000001
610 0.000001
611 0.000002
612 0.000712
613 0.001325
614 0.002468
615 0.003952
616 0.000968
617 0.001438
618 0.002762
619 0.000276
620 0.000005
621 0.000002
622 0.000001
623 0.000001
624 0.000001
625 0.000000
626 0.000000
627 0.000000
628 0.000000
629 0.000001
630 0.000001
631 0.000001
632 0.000001
633 0.000001
634 0.000001
635 0.000001
636 0.000001
637 0.000001
638 0.000003
639 0.000712
640 0.000743
641 0.000893
642 0.000000
643 0.000000
644 0.001612
645 0.002979
646 0.006956
647 0.010014
648 0.002977
649 0.000007
650 0.000001
651 0.000001
652 0.000001
653 0.000001
654 0.000001
655 0.000001
656 0.000001
657 0.000006
658 0.000019
659 0.000003
660 0.000001
661 0.000001
662 0.000001
663 0.000001
664 0.000001
665 0.000004
666 0.000712
667 0.000857
668 0.000893
669 0.000000
670 0.000001
671 0.000000
672 0.000001
673 0.007063
674 0.010011
675 0.010019
676 0.010161
677 0.005042
678 0.000007
679 0.000002
680 0.000003
681 0.000018
682 0.000102
683 0.000018
684 0.000006
685 0.000006
686 0.000013
687 0.000043
688 0.000098
689 0.000668
690 0.000484
691 0.000065
692 0.000098
693 0.000791
694 0.000744
695 0.000893
696 0.000000
697 0.000000
698 0.000001
699 0.000001
700 0.000001
701 0.000001
702 0.010017
703 0.010016
704 0.006272
705 0.002581
706 0.001078
707 0.000680
708 0.000617
709 0.000495
710 0.000215
711 0.000042
712 0.000011
713 0.000008
714 0.000012
715 0.000036
716 0.000139
717 0.001447
718 0.010011
719 0.005991
720 0.002688
721 0.001489
722 0.000858
723 0.000001
724 0.000001
725 0.000001
726 0.000000
727 0.000000
728 0.000001
729 0.000001
730 0.000001
731 0.000001
732 0.003246
733 0.001396
734 0.000759
735 0.000715
736 0.000680
737 0.000548
738 0.000495
739 0.000100
740 0.000025
741 0.000011
742 0.000010
743 0.000022
744 0.000166
745 0.002527
746 0.010016
747 0.010008
748 0.005181
749 0.002808
750 0.000001
751 0.000001
752 0.000001
753 0.000001
754 0.000001
755 0.000000
756 0.000001
757 0.000001
758 0.000001
759 0.000000
760 0.000001
761 0.000982
762 0.000923
763 0.000751
764 0.000715
765 0.000680
766 0.000648
767 0.000239
768 0.000044
769 0.000017
770 0.000013
771 0.000019
772 0.000204
773 0.003110
774 0.010017
775 0.010014
776 0.010007
777 0.000001
778 0.000033
779 0.000010
780 0.000001
781 0.000001
782 0.000001
783 0.000000
