0 0.005368
1 0.003781
2 0.003906
3 0.005350
4 0.006787
5 0.008815
6 0.008818
7 0.007957
8 0.001197
9 0.000138
10 0.000073
11 0.000066
12 0.000071
13 0.000073
14 0.000087
15 0.000203
16 0.000581
17 0.001430
18 0.004676
19 0.011841
20 0.009613
21 0.006549
22 0.005588
23 0.006727
24 0.006947
25 0.006558
26 0.006771
27 0.006582
28 0.006921
29 0.005528
30 0.003234
31 0.003673
32 0.005104
33 0.007283
34 0.008817
35 0.005971
36 0.000773
37 0.000108
38 0.000059
39 0.000050
40 0.000052
41 0.000063
42 0.000060
43 0.000154
44 0.000531
45 0.003230
46 0.007945
47 0.009107
48 0.006854
49 0.005594
50 0.000004
51 0.000001
52 0.006558
53 0.006771
54 0.006198
55 0.004874
56 0.010039
57 0.007260
58 0.005594
59 0.003007
60 0.003351
61 0.004780
62 0.007123
63 0.002801
64 0.000483
65 0.000116
66 0.000086
67 0.000041
68 0.000033
69 0.000038
70 0.000062
71 0.000137
72 0.001000
73 0.005739
74 0.007721
75 0.005942
76 0.000028
77 0.000000
78 0.000000
79 0.000001
80 0.000001
81 0.006198
82 0.004760
83 0.003780
84 0.009856
85 0.010613
86 0.007455
87 0.005149
88 0.002428
89 0.003124
90 0.004519
91 0.001027
92 0.000230
93 0.000155
94 0.000087
95 0.000049
96 0.000027
97 0.000046
98 0.000093
99 0.000196
100 0.001070
101 0.002506
102 0.000034
103 0.000001
104 0.000000
105 0.000001
106 0.000000
107 0.000001
108 0.000002
109 0.003965
110 0.003637
111 0.004007
112 0.011362
113 0.010104
114 0.011549
115 0.007730
116 0.000000
117 0.000000
118 0.000000
119 0.000001
120 0.000001
121 0.000057
122 0.000136
123 0.000072
124 0.000044
125 0.000080
126 0.000181
127 0.000067
128 0.000009
129 0.000001
130 0.000000
131 0.000000
132 0.000001
133 0.000001
134 0.000004
135 0.000002
136 0.004147
137 0.003577
138 0.003813
139 0.005262
140 0.012246
141 0.011476
142 0.010361
143 0.013605
144 0.000000
145 0.000000
146 0.000000
147 0.000000
148 0.000000
149 0.000000
150 0.000000
151 0.000001
152 0.000003
153 0.000003
154 0.000004
155 0.000001
156 0.000000
157 0.000000
158 0.000000
159 0.000004
160 0.000017
161 0.000007
162 0.000002
163 0.000028
164 0.003970
165 0.003894
166 0.005058
167 0.008085
168 0.008295
169 0.012170
170 0.011850
171 0.010692
172 0.000006
173 0.000000
174 0.000001
175 0.000000
176 0.000001
177 0.000000
178 0.000000
179 0.000000
180 0.000000
181 0.000000
182 0.000000
183 0.000000
184 0.000000
185 0.000000
186 0.000002
187 0.000238
188 0.000033
189 0.000002
190 0.000002
191 0.004227
192 0.004331
193 0.004920
194 0.007954
195 0.007556
196 0.004767
197 0.007010
198 0.010749
199 0.012070
200 0.008423
201 0.000001
202 0.000000
203 0.000000
204 0.000000
205 0.000000
206 0.000001
207 0.000000
208 0.000000
209 0.000000
210 0.000000
211 0.000000
212 0.000000
213 0.000000
214 0.000005
215 0.000004
216 0.000001
217 0.000001
218 0.000029
219 0.002610
220 0.005906
221 0.008420
222 0.006530
223 0.004147
224 0.002570
225 0.003598
226 0.005150
227 0.009265
228 0.012037
229 0.000007
230 0.000000
231 0.000000
232 0.000000
233 0.000000
234 0.000001
235 0.000001
236 0.000002
237 0.000001
238 0.000000
239 0.000001
240 0.000003
241 0.000015
242 0.000003
243 0.000000
244 0.000000
245 0.000001
246 0.000268
247 0.000634
248 0.001156
249 0.000982
250 0.000908
251 0.000799
252 0.002784
253 0.001843
254 0.002491
255 0.003102
256 0.001996
257 0.000032
258 0.000000
259 0.000000
260 0.000000
261 0.000000
262 0.000000
263 0.000001
264 0.000006
265 0.000006
266 0.000032
267 0.000022
268 0.000055
269 0.000006
270 0.000001
271 0.000000
272 0.000002
273 0.000036
274 0.001000
275 0.000547
276 0.000269
277 0.000141
278 0.000106
279 0.000101
280 0.004734
281 0.001586
282 0.000622
283 0.000250
284 0.000244
285 0.000003
286 0.000000
287 0.000000
288 0.000000
289 0.000000
290 0.000001
291 0.000001
292 0.000001
293 0.000249
294 0.004924
295 0.010925
296 0.000052
297 0.000001
298 0.000000
299 0.000000
300 0.000006
301 0.999982
302 0.003004
303 0.001175
304 0.000433
305 0.000171
306 0.000105
307 0.000104
308 0.002862
309 0.001057
310 0.000344
311 0.000113
312 0.000008
313 0.000000
314 0.000000
315 0.000000
316 0.000000
317 0.000001
318 0.000019
319 0.000004
320 0.000002
321 0.000023
322 0.004095
323 0.999970
324 0.000107
325 0.000001
326 0.000000
327 0.000000
328 0.000004
329 0.000193
330 0.000426
331 0.000630
332 0.000506
333 0.000438
334 0.000353
335 0.000348
336 0.001311
337 0.000879
338 0.000518
339 0.000229
340 0.000003
341 0.000000
342 0.000000
343 0.000000
344 0.000000
345 0.000001
346 0.000622
347 0.000551
348 0.000045
349 0.000023
350 0.000023
351 0.000080
352 0.000065
353 0.000002
354 0.000000
355 0.000001
356 0.000002
357 0.000005
358 0.000020
359 0.000042
360 0.000163
361 0.000348
362 0.000551
363 0.000581
364 0.001609
365 0.001315
366 0.000820
367 0.000688
368 0.000001
369 0.000000
370 0.000000
371 0.000000
372 0.000000
373 0.000002
374 0.000052
375 0.006762
376 0.002308
377 0.000062
378 0.000003
379 0.000001
380 0.000002
381 0.000002
382 0.000001
383 0.000001
384 0.000001
385 0.000001
386 0.000002
387 0.000012
388 0.000044
389 0.000108
390 0.000193
391 0.000406
392 0.000740
393 0.000790
394 0.000867
395 0.000126
396 0.000001
397 0.000000
398 0.000000
399 0.000004
400 0.000005
401 0.000004
402 0.000015
403 0.000388
404 0.999969
405 0.001809
406 0.000009
407 0.000000
408 0.000000
409 0.000001
410 0.000001
411 0.000001
412 0.000001
413 0.000000
414 0.000001
415 0.000005
416 0.000020
417 0.000067
418 0.000073
419 0.000114
420 0.000206
421 0.000309
422 0.000365
423 0.000010
424 0.000000
425 0.000000
426 0.000002
427 0.000260
428 0.002040
429 0.000017
430 0.000001
431 0.000009
432 0.000542
433 0.001870
434 0.000031
435 0.000001
436 0.000000
437 0.000000
438 0.000001
439 0.000001
440 0.000000
441 0.000000
442 0.000001
443 0.000002
444 0.000015
445 0.000086
446 0.000076
447 0.000084
448 0.000180
449 0.000099
450 0.000102
451 0.000001
452 0.000000
453 0.000000
454 0.000022
455 0.020743
456 0.999982
457 0.000090
458 0.000003
459 0.000002
460 0.000003
461 0.000005
462 0.000003
463 0.000001
464 0.000000
465 0.000000
466 0.000000
467 0.000001
468 0.000000
469 0.000000
470 0.000000
471 0.000001
472 0.000014
473 0.000110
474 0.000142
475 0.000161
476 0.000490
477 0.000272
478 0.000041
479 0.000000
480 0.000000
481 0.000001
482 0.000168
483 0.059224
484 0.010564
485 0.000630
486 0.000018
487 0.000001
488 0.000000
489 0.000000
490 0.000000
491 0.000001
492 0.000001
493 0.000000
494 0.000000
495 0.000000
496 0.000000
497 0.000000
498 0.000000
499 0.000001
500 0.000004
501 0.000100
502 0.001024
503 0.001439
504 0.001716
505 0.001044
506 0.000022
507 0.000000
508 0.000000
509 0.000013
510 0.003263
511 0.000601
512 0.000311
513 0.000050
514 0.000005
515 0.000000
516 0.000000
517 0.000000
518 0.000000
519 0.000000
520 0.000000
521 0.000001
522 0.000000
523 0.000000
524 0.000000
525 0.000000
526 0.000000
527 0.000000
528 0.000002
529 0.000157
530 0.004426
531 0.010021
532 0.001652
533 0.001767
534 0.000026
535 0.000000
536 0.000015
537 0.002291
538 0.001012
539 0.000140
540 0.000003
541 0.000001
542 0.000000
543 0.000000
544 0.000000
545 0.000000
546 0.000000
547 0.000000
548 0.000000
549 0.000000
550 0.000000
551 0.000000
552 0.000000
553 0.000000
554 0.000000
555 0.000001
556 0.000009
557 0.000242
558 0.010021
559 0.010022
560 0.002403
561 0.003632
562 0.000046
563 0.000004
564 0.000351
565 0.035228
566 0.002050
567 0.000026
568 0.000002
569 0.000000
570 0.000000
571 0.000000
572 0.000000
573 0.000000
574 0.000000
575 0.000000
576 0.000000
577 0.000000
578 0.000000
579 0.000001
580 0.000001
581 0.000002
582 0.000002
583 0.000003
584 0.000045
585 0.003541
586 0.006162
587 0.010018
588 0.004211
589 0.006470
590 0.000689
591 0.000110
592 0.003182
593 0.002768
594 0.000036
595 0.000006
596 0.000001
597 0.000000
598 0.000000
599 0.000000
600 0.000000
601 0.000000
602 0.000000
603 0.000000
604 0.000001
605 0.000002
606 0.000003
607 0.000006
608 0.000007
609 0.000006
610 0.000004
611 0.000029
612 0.001191
613 0.002072
614 0.003609
615 0.005490
616 0.007388
617 0.010004
618 0.010003
619 0.003440
620 0.001578
621 0.000027
622 0.000007
623 0.000001
624 0.000000
625 0.000000
626 0.000000
627 0.000000
628 0.000000
629 0.000000
630 0.000000
631 0.000001
632 0.000003
633 0.000003
634 0.000009
635 0.000010
636 0.000010
637 0.000015
638 0.000142
639 0.001990
640 0.001081
641 0.001280
642 0.000000
643 0.000000
644 0.010004
645 0.010003
646 0.010000
647 0.010000
648 0.004126
649 0.000032
650 0.000004
651 0.000001
652 0.000000
653 0.000001
654 0.000002
655 0.000014
656 0.000024
657 0.000072
658 0.000102
659 0.000065
660 0.000027
661 0.000019
662 0.000032
663 0.000025
664 0.000033
665 0.000685
666 0.006751
667 0.003929
668 0.002401
669 0.000000
670 0.000000
671 0.000000
672 0.000000
673 0.010000
674 0.010000
675 0.010000
676 0.010000
677 0.009999
678 0.000094
679 0.000030
680 0.000033
681 0.000134
682 0.001195
683 0.001154
684 0.000395
685 0.000256
686 0.000240
687 0.000446
688 0.000562
689 0.001575
690 0.000926
691 0.001224
692 0.002735
693 0.010023
694 0.011273
695 0.006896
696 0.000000
697 0.000000
698 0.000000
699 0.000000
700 0.000000
701 0.000000
702 0.010000
703 0.010000
704 0.009999
705 0.007952
706 0.004486
707 0.002269
708 0.001716
709 0.001485
710 0.001282
711 0.001196
712 0.001226
713 0.000748
714 0.000808
715 0.000558
716 0.000581
717 0.000920
718 0.002271
719 0.004764
720 0.010019
721 0.010024
722 0.010020
723 0.000000
724 0.000000
725 0.000000
726 0.000000
727 0.000000
728 0.000000
729 0.000000
730 0.000000
731 0.000000
732 0.008955
733 0.005156
734 0.002963
735 0.001889
736 0.001829
737 0.001589
738 0.001485
739 0.001437
740 0.002503
741 0.002259
742 0.001503
743 0.000678
744 0.000694
745 0.000727
746 0.001340
747 0.003146
748 0.006501
749 0.010019
750 0.000000
751 0.000000
752 0.000000
753 0.000000
754 0.000000
755 0.000000
756 0.000000
757 0.000000
758 0.000000
759 0.000000
760 0.000000
761 0.003821
762 0.002230
763 0.001950
764 0.001888
765 0.001829
766 0.001771
767 0.001917
768 0.003671
769 0.006381
770 0.002426
771 0.001067
772 0.000722
773 0.000858
774 0.000898
775 0.001863
776 0.003749
777 0.000004
778 0.000976
779 0.000657
780 0.000012
781 0.000001
782 0.000000
783 0.000000
