0 0.002239
1 0.002124
2 0.001757
3 0.001913
4 0.001570
5 0.001279
6 0.001135
7 0.001070
8 0.000188
9 0.000030
10 0.000026
11 0.000049
12 0.000113
13 0.000161
14 0.000185
15 0.001739
16 0.002793
17 0.001692
18 0.001360
19 0.015360
20 0.016539
21 0.004572
22 0.001581
23 0.001161
24 0.000965
25 0.001017
26 0.001256
27 0.001321
28 0.001859
29 0.002016
30 0.001660
31 0.001570
32 0.001484
33 0.001328
34 0.001070
35 0.000660
36 0.000063
37 0.000014
38 0.000012
39 0.000022
40 0.000050
41 0.000151
42 0.000178
43 0.000924
44 0.011455
45 0.020419
46 0.003188
47 0.004042
48 0.005234
49 0.001511
50 0.000001
51 0.000001
52 0.000915
53 0.001137
54 0.001017
55 0.001256
56 0.002016
57 0.001660
58 0.001570
59 0.001484
60 0.001328
61 0.001070
62 0.001009
63 0.000243
64 0.000029
65 0.000009
66 0.000011
67 0.000010
68 0.000019
69 0.000062
70 0.000220
71 0.000554
72 0.042656
73 0.112503
74 0.006917
75 0.000659
76 0.000001
77 0.000001
78 0.000001
79 0.000001
80 0.000001
81 0.000915
82 0.001137
83 0.001018
84 0.001913
85 0.001570
86 0.001279
87 0.001135
88 0.001070
89 0.001009
90 0.000897
91 0.000082
92 0.000011
93 0.000007
94 0.000007
95 0.000006
96 0.000009
97 0.000037
98 0.000250
99 0.001722
100 0.023784
101 0.132400
102 0.000007
103 0.000001
104 0.000001
105 0.000001
106 0.000001
107 0.000001
108 0.000003
109 0.000868
110 0.000915
111 0.001138
112 0.001570
113 0.001484
114 0.001135
115 0.001070
116 0.000001
117 0.000001
118 0.000001
119 0.000001
120 0.000001
121 0.000002
122 0.000006
123 0.000006
124 0.000006
125 0.000023
126 0.000280
127 0.000355
128 0.000014
129 0.000002
130 0.000001
131 0.000001
132 0.000001
133 0.000001
134 0.000001
135 0.000002
136 0.000784
137 0.000694
138 0.000869
139 0.001683
140 0.001484
141 0.001205
142 0.001070
143 0.001009
144 0.000001
145 0.000001
146 0.000001
147 0.000001
148 0.000001
149 0.000001
150 0.000001
151 0.000001
152 0.000001
153 0.000001
154 0.000001
155 0.000001
156 0.000001
157 0.000001
158 0.000001
159 0.000001
160 0.000001
161 0.000001
162 0.000002
163 0.000006
164 0.000705
165 0.000764
166 0.001519
167 0.002523
168 0.001205
169 0.001070
170 0.001009
171 0.000897
172 0.000002
173 0.000001
174 0.000001
175 0.000001
176 0.000001
177 0.000001
178 0.000001
179 0.000001
180 0.000001
181 0.000001
182 0.000001
183 0.000001
184 0.000001
185 0.000001
186 0.000001
187 0.000001
188 0.000001
189 0.000001
190 0.000003
191 0.000566
192 0.000770
193 0.001322
194 0.002698
195 0.006020
196 0.001070
197 0.001009
198 0.000805
199 0.000711
200 0.000111
201 0.000002
202 0.000001
203 0.000001
204 0.000001
205 0.000001
206 0.000001
207 0.000001
208 0.000001
209 0.000001
210 0.000001
211 0.000001
212 0.000001
213 0.000001
214 0.000001
215 0.000001
216 0.000001
217 0.000002
218 0.000006
219 0.000239
220 0.001553
221 0.003302
222 0.005964
223 0.007428
224 0.002339
225 0.001125
226 0.000711
227 0.000669
228 0.000493
229 0.000002
230 0.000001
231 0.000001
232 0.000001
233 0.000001
234 0.000001
235 0.000001
236 0.000001
237 0.000001
238 0.000001
239 0.000001
240 0.000001
241 0.000001
242 0.000001
243 0.000001
244 0.000001
245 0.000003
246 0.000005
247 0.000024
248 0.000123
249 0.000451
250 0.000876
251 0.000894
252 0.005621
253 0.002515
254 0.001388
255 0.000392
256 0.000072
257 0.000003
258 0.000001
259 0.000001
260 0.000001
261 0.000001
262 0.000001
263 0.000001
264 0.000001
265 0.000002
266 0.000002
267 0.000001
268 0.000001
269 0.000001
270 0.000001
271 0.000001
272 0.000003
273 0.000004
274 0.000002
275 0.000009
276 0.000024
277 0.000033
278 0.000034
279 0.000034
280 0.010024
281 0.002837
282 0.000685
283 0.000097
284 0.000017
285 0.000001
286 0.000002
287 0.000001
288 0.000001
289 0.000001
290 0.000001
291 0.000001
292 0.000001
293 0.000001
294 0.000001
295 0.000001
296 0.000001
297 0.000001
298 0.000001
299 0.000002
300 0.000010
301 0.000007
302 0.000002
303 0.000024
304 0.000014
305 0.000009
306 0.000007
307 0.000006
308 0.002626
309 0.000923
310 0.000377
311 0.000065
312 0.000003
313 0.000001
314 0.000002
315 0.000001
316 0.000001
317 0.000001
318 0.000001
319 0.000001
320 0.000001
321 0.000001
322 0.000001
323 0.000001
324 0.000001
325 0.000001
326 0.000001
327 0.000005
328 0.000194
329 0.000037
330 0.000004
331 0.000003
332 0.000006
333 0.000005
334 0.000004
335 0.000006
336 0.000472
337 0.000375
338 0.000262
339 0.000137
340 0.000002
341 0.000001
342 0.000001
343 0.000002
344 0.000001
345 0.000001
346 0.000002
347 0.000002
348 0.000001
349 0.000001
350 0.000001
351 0.000001
352 0.000001
353 0.000001
354 0.000001
355 0.000010
356 0.999968
357 0.000710
358 0.000006
359 0.000002
360 0.000009
361 0.000005
362 0.000005
363 0.000005
364 0.000097
365 0.000145
366 0.000147
367 0.000185
368 0.000002
369 0.000001
370 0.000001
371 0.000003
372 0.000003
373 0.000002
374 0.000003
375 0.000002
376 0.000001
377 0.000001
378 0.000001
379 0.000001
380 0.000001
381 0.000001
382 0.000002
383 0.000006
384 0.000035
385 0.000452
386 0.000008
387 0.000003
388 0.000011
389 0.000028
390 0.000016
391 0.000012
392 0.000018
393 0.000019
394 0.000027
395 0.000006
396 0.000001
397 0.000001
398 0.000001
399 0.000004
400 0.000018
401 0.000008
402 0.000002
403 0.000001
404 0.000001
405 0.000001
406 0.000001
407 0.000001
408 0.000001
409 0.000001
410 0.000002
411 0.000003
412 0.000003
413 0.000004
414 0.000004
415 0.000003
416 0.000005
417 0.000136
418 0.000088
419 0.000045
420 0.000014
421 0.000008
422 0.000007
423 0.000001
424 0.000001
425 0.000001
426 0.000002
427 0.000023
428 0.999969
429 0.000016
430 0.000002
431 0.000001
432 0.000001
433 0.000001
434 0.000001
435 0.000001
436 0.000001
437 0.000001
438 0.000002
439 0.000002
440 0.000001
441 0.000002
442 0.000003
443 0.000002
444 0.000002
445 0.000142
446 0.000245
447 0.000208
448 0.000019
449 0.000009
450 0.000006
451 0.000001
452 0.000001
453 0.000001
454 0.000002
455 0.000118
456 0.000248
457 0.000009
458 0.000002
459 0.000001
460 0.000001
461 0.000001
462 0.000001
463 0.000001
464 0.000001
465 0.000001
466 0.000002
467 0.000001
468 0.000001
469 0.000001
470 0.000002
471 0.000002
472 0.000001
473 0.000006
474 0.000068
475 0.000360
476 0.000087
477 0.000037
478 0.000006
479 0.000001
480 0.000001
481 0.000001
482 0.000004
483 0.000006
484 0.000005
485 0.000002
486 0.000002
487 0.000001
488 0.000001
489 0.000001
490 0.000001
491 0.000001
492 0.000001
493 0.000001
494 0.000001
495 0.000001
496 0.000001
497 0.000001
498 0.000001
499 0.000002
500 0.000001
501 0.000001
502 0.000070
503 0.000326
504 0.000657
505 0.000488
506 0.000011
507 0.000001
508 0.000001
509 0.000002
510 0.000005
511 0.000003
512 0.000001
513 0.000001
514 0.000002
515 0.000001
516 0.000001
517 0.000001
518 0.000001
519 0.000001
520 0.000001
521 0.000001
522 0.000001
523 0.000001
524 0.000001
525 0.000001
526 0.000001
527 0.000002
528 0.000002
529 0.000001
530 0.000125
531 0.000636
532 0.001212
533 0.002291
534 0.000030
535 0.000002
536 0.000002
537 0.000009
538 0.000004
539 0.000001
540 0.000001
541 0.000001
542 0.000001
543 0.000001
544 0.000001
545 0.000001
546 0.000001
547 0.000001
548 0.000001
549 0.000001
550 0.000001
551 0.000001
552 0.000001
553 0.000001
554 0.000001
555 0.000001
556 0.000002
557 0.000002
558 0.000172
559 0.000225
560 0.003501
561 0.007004
562 0.000053
563 0.000003
564 0.000021
565 0.000014
566 0.000002
567 0.000001
568 0.000001
569 0.000001
570 0.000001
571 0.000001
572 0.000001
573 0.000001
574 0.000001
575 0.000001
576 0.000001
577 0.000002
578 0.000001
579 0.000001
580 0.000001
581 0.000001
582 0.000001
583 0.000001
584 0.000002
585 0.000172
586 0.000183
587 0.000239
588 0.008456
589 0.010013
590 0.000392
591 0.000015
592 0.000023
593 0.000003
594 0.000001
595 0.000001
596 0.000001
597 0.000001
598 0.000001
599 0.000001
600 0.000001
601 0.000001
602 0.000001
603 0.000001
604 0.000001
605 0.000002
606 0.000001
607 0.000001
608 0.000001
609 0.000001
610 0.000001
611 0.000002
612 0.000162
613 0.000172
614 0.000225
615 0.000239
616 0.010011
617 0.008401
618 0.003526
619 0.000137
620 0.000015
621 0.000001
622 0.000001
623 0.000001
624 0.000001
625 0.000001
626 0.000001
627 0.000001
628 0.000001
629 0.000001
630 0.000001
631 0.000001
632 0.000001
633 0.000001
634 0.000001
635 0.000001
636 0.000001
637 0.000001
638 0.000002
639 0.000162
640 0.000172
641 0.000225
642 0.000001
643 0.000001
644 0.008492
645 0.004365
646 0.001881
647 0.000814
648 0.000289
649 0.000003
650 0.000001
651 0.000001
652 0.000001
653 0.000001
654 0.000002
655 0.000004
656 0.000016
657 0.000028
658 0.000026
659 0.000004
660 0.000002
661 0.000001
662 0.000001
663 0.000001
664 0.000001
665 0.000003
666 0.000162
667 0.000212
668 0.000225
669 0.000001
670 0.000001
671 0.000001
672 0.000001
673 0.002016
674 0.001038
675 0.000844
676 0.000943
677 0.000763
678 0.000007
679 0.000004
680 0.000008
681 0.000033
682 0.000374
683 0.000355
684 0.000319
685 0.000235
686 0.000153
687 0.000060
688 0.000055
689 0.000090
690 0.000011
691 0.000006
692 0.000016
693 0.000152
694 0.000172
695 0.000225
696 0.000001
697 0.000001
698 0.000001
699 0.000001
700 0.000001
701 0.000001
702 0.001087
703 0.001036
704 0.000989
705 0.000943
706 0.000763
707 0.000726
708 0.000657
709 0.000525
710 0.000417
711 0.000375
712 0.000752
713 0.001469
714 0.000914
715 0.000168
716 0.000073
717 0.000077
718 0.000108
719 0.000115
720 0.000123
721 0.000162
722 0.000212
723 0.000001
724 0.000001
725 0.000001
726 0.000001
727 0.000001
728 0.000001
729 0.000001
730 0.000001
731 0.000001
732 0.001036
733 0.000989
734 0.000802
735 0.000763
736 0.000726
737 0.000583
738 0.000525
739 0.000500
740 0.001731
741 0.005395
742 0.002197
743 0.000467
744 0.000119
745 0.000102
746 0.000115
747 0.000152
748 0.000162
749 0.000212
750 0.000001
751 0.000001
752 0.000001
753 0.000001
754 0.000001
755 0.000001
756 0.000001
757 0.000001
758 0.000001
759 0.000001
760 0.000001
761 0.001036
762 0.000989
763 0.000803
764 0.000763
765 0.000726
766 0.000691
767 0.001111
768 0.003136
769 0.010021
770 0.005415
771 0.001048
772 0.000249
773 0.000134
774 0.000115
775 0.000131
776 0.000172
777 0.000001
778 0.000008
779 0.000005
780 0.000001
781 0.000001
782 0.000001
783 0.000001
