0 0.005657
1 0.006117
2 0.006870
3 0.009526
4 0.013375
5 0.014571
6 0.010042
7 0.005028
8 0.001119
9 0.000233
10 0.000280
11 0.000787
12 0.002004
13 0.003425
14 0.001564
15 0.000622
16 0.000238
17 0.000131
18 0.000295
19 0.000902
20 0.001724
21 0.002003
22 0.003674
23 0.005861
24 0.008117
25 0.008117
26 0.006227
27 0.004646
28 0.004608
29 0.005590
30 0.005851
31 0.006870
32 0.009916
33 0.014637
34 0.013153
35 0.006844
36 0.000902
37 0.000191
38 0.000150
39 0.000576
40 0.002266
41 0.003897
42 0.002307
43 0.000614
44 0.000148
45 0.000095
46 0.000143
47 0.000590
48 0.001641
49 0.003092
50 0.000019
51 0.000002
52 0.008117
53 0.006158
54 0.004032
55 0.003071
56 0.004178
57 0.004448
58 0.005039
59 0.005851
60 0.006870
61 0.010489
62 0.015104
63 0.005374
64 0.001015
65 0.000220
66 0.000256
67 0.000478
68 0.001892
69 0.003664
70 0.002881
71 0.000647
72 0.000135
73 0.000068
74 0.000081
75 0.000280
76 0.000057
77 0.000003
78 0.000001
79 0.000002
80 0.000002
81 0.003879
82 0.002914
83 0.002121
84 0.003727
85 0.003621
86 0.003910
87 0.004701
88 0.005614
89 0.007249
90 0.010490
91 0.003193
92 0.000759
93 0.000381
94 0.000476
95 0.000704
96 0.001088
97 0.002481
98 0.002238
99 0.000739
100 0.000169
101 0.000034
102 0.000002
103 0.000000
104 0.000001
105 0.000004
106 0.000004
107 0.000027
108 0.000268
109 0.002456
110 0.001972
111 0.002262
112 0.003299
113 0.003186
114 0.003008
115 0.003678
116 0.000000
117 0.000000
118 0.000049
119 0.000021
120 0.000014
121 0.000372
122 0.001464
123 0.001822
124 0.001100
125 0.000954
126 0.001164
127 0.000168
128 0.000009
129 0.000000
130 0.000000
131 0.000000
132 0.000001
133 0.000011
134 0.000097
135 0.000092
136 0.000627
137 0.001629
138 0.001861
139 0.002192
140 0.003459
141 0.002799
142 0.002598
143 0.002658
144 0.000000
145 0.000000
146 0.000000
147 0.000000
148 0.000004
149 0.000026
150 0.000070
151 0.000097
152 0.000082
153 0.000007
154 0.000014
155 0.000003
156 0.000001
157 0.000000
158 0.000000
159 0.000001
160 0.000019
161 0.000273
162 0.000080
163 0.000496
164 0.001616
165 0.001516
166 0.001799
167 0.001879
168 0.005114
169 0.003522
170 0.002635
171 0.002325
172 0.000051
173 0.000000
174 0.000000
175 0.000000
176 0.000000
177 0.000012
178 0.000195
179 0.000183
180 0.000001
181 0.000000
182 0.000000
183 0.000000
184 0.000000
185 0.000001
186 0.000008
187 0.000018
188 0.000006
189 0.000053
190 0.000160
191 0.000245
192 0.001347
193 0.001406
194 0.001491
195 0.002100
196 0.008030
197 0.005969
198 0.003899
199 0.002259
200 0.001254
201 0.000001
202 0.000000
203 0.000000
204 0.000000
205 0.000000
206 0.000002
207 0.000005
208 0.000009
209 0.000008
210 0.000000
211 0.000000
212 0.000010
213 0.000052
214 0.000046
215 0.000001
216 0.000001
217 0.000001
218 0.000149
219 0.000188
220 0.001355
221 0.001439
222 0.001868
223 0.002532
224 0.010000
225 0.009352
226 0.006535
227 0.004032
228 0.002359
229 0.000089
230 0.000000
231 0.000000
232 0.000000
233 0.000000
234 0.000000
235 0.000000
236 0.000001
237 0.000004
238 0.000037
239 0.000743
240 0.005058
241 0.999998
242 0.000081
243 0.000001
244 0.000000
245 0.000001
246 0.000014
247 0.000291
248 0.000321
249 0.000425
250 0.000778
251 0.001514
252 0.010000
253 0.010000
254 0.010436
255 0.005590
256 0.001606
257 0.000075
258 0.000000
259 0.000000
260 0.000000
261 0.000000
262 0.000000
263 0.000000
264 0.000000
265 0.000001
266 0.000095
267 0.000813
268 0.008163
269 0.021767
270 0.002649
271 0.000015
272 0.000001
273 0.000005
274 0.000013
275 0.000412
276 0.000447
277 0.000692
278 0.001060
279 0.001638
280 0.005550
281 0.004956
282 0.004323
283 0.002908
284 0.001737
285 0.000017
286 0.000000
287 0.000000
288 0.000000
289 0.000000
290 0.000000
291 0.000000
292 0.000001
293 0.000002
294 0.000016
295 0.000074
296 0.000722
297 0.000141
298 0.000133
299 0.000208
300 0.000034
301 0.000003
302 0.000016
303 0.001917
304 0.003132
305 0.004539
306 0.003843
307 0.003865
308 0.001522
309 0.001538
310 0.001563
311 0.001641
312 0.000349
313 0.000010
314 0.000004
315 0.000001
316 0.000000
317 0.000000
318 0.000000
319 0.000000
320 0.000004
321 0.000058
322 0.000175
323 0.000135
324 0.000002
325 0.000001
326 0.000012
327 0.000167
328 0.000050
329 0.000005
330 0.000312
331 0.006109
332 0.013850
333 0.007763
334 0.008838
335 0.008976
336 0.000985
337 0.000729
338 0.000692
339 0.000762
340 0.000052
341 0.000005
342 0.000027
343 0.000439
344 0.000010
345 0.000000
346 0.000000
347 0.000000
348 0.000001
349 0.000063
350 0.000722
351 0.000153
352 0.000010
353 0.000000
354 0.000001
355 0.000005
356 0.000004
357 0.000004
358 0.000050
359 0.001563
360 0.099544
361 0.078382
362 0.023804
363 0.006481
364 0.001536
365 0.001137
366 0.000547
367 0.000471
368 0.000008
369 0.000003
370 0.000154
371 0.999999
372 0.000101
373 0.000000
374 0.000000
375 0.000000
376 0.000000
377 0.000007
378 0.000033
379 0.000125
380 0.000037
381 0.000039
382 0.000014
383 0.000009
384 0.000002
385 0.000001
386 0.000001
387 0.000108
388 0.011606
389 0.036945
390 0.033381
391 0.021417
392 0.001768
393 0.001437
394 0.001371
395 0.000276
396 0.000003
397 0.000004
398 0.000170
399 0.001534
400 0.000186
401 0.000002
402 0.000000
403 0.000000
404 0.000000
405 0.000000
406 0.000001
407 0.000005
408 0.000238
409 0.004719
410 0.000797
411 0.000023
412 0.000001
413 0.000003
414 0.000000
415 0.000001
416 0.000063
417 0.003427
418 0.004873
419 0.004693
420 0.002173
421 0.003086
422 0.004133
423 0.000233
424 0.000005
425 0.000008
426 0.000237
427 0.000053
428 0.000012
429 0.000003
430 0.000002
431 0.000001
432 0.000000
433 0.000000
434 0.000000
435 0.000001
436 0.000164
437 0.021518
438 0.062563
439 0.000148
440 0.000015
441 0.000003
442 0.000000
443 0.000000
444 0.000001
445 0.000087
446 0.000187
447 0.000718
448 0.004389
449 0.005472
450 0.006682
451 0.000071
452 0.000007
453 0.000069
454 0.000105
455 0.000010
456 0.000002
457 0.000003
458 0.000005
459 0.000001
460 0.000000
461 0.000000
462 0.000000
463 0.000000
464 0.000018
465 0.000724
466 0.999998
467 0.001414
468 0.000021
469 0.000003
470 0.000000
471 0.000000
472 0.000000
473 0.000015
474 0.000049
475 0.000108
476 0.008344
477 0.007891
478 0.002703
479 0.000021
480 0.000012
481 0.000313
482 0.000046
483 0.000006
484 0.000004
485 0.000009
486 0.000004
487 0.000000
488 0.000000
489 0.000001
490 0.000001
491 0.000001
492 0.000002
493 0.000029
494 0.000031
495 0.000425
496 0.000030
497 0.000004
498 0.000000
499 0.000000
500 0.000000
501 0.000005
502 0.000145
503 0.000265
504 0.010000
505 0.009548
506 0.000615
507 0.000021
508 0.000052
509 0.000067
510 0.000009
511 0.000004
512 0.000014
513 0.000012
514 0.000012
515 0.000006
516 0.000007
517 0.000003
518 0.000002
519 0.000003
520 0.000001
521 0.000000
522 0.000000
523 0.000001
524 0.000030
525 0.000007
526 0.000002
527 0.000000
528 0.000000
529 0.000012
530 0.000517
531 0.001011
532 0.010000
533 0.010000
534 0.000228
535 0.000022
536 0.000149
537 0.000023
538 0.000003
539 0.000006
540 0.000008
541 0.000147
542 0.000628
543 0.001951
544 0.001187
545 0.000068
546 0.000006
547 0.000000
548 0.000000
549 0.000000
550 0.000000
551 0.000000
552 0.000002
553 0.000087
554 0.000018
555 0.000006
556 0.000006
557 0.000129
558 0.001952
559 0.001277
560 0.010000
561 0.010001
562 0.000252
563 0.000101
564 0.000062
565 0.000010
566 0.000006
567 0.000012
568 0.000219
569 0.001360
570 0.019440
571 0.999985
572 0.001010
573 0.000021
574 0.000001
575 0.000000
576 0.000000
577 0.000000
578 0.000000
579 0.000000
580 0.000001
581 0.000025
582 0.000214
583 0.000090
584 0.000212
585 0.006506
586 0.003848
587 0.002681
588 0.010001
589 0.010001
590 0.001180
591 0.000180
592 0.000052
593 0.000003
594 0.000022
595 0.000680
596 0.003261
597 0.027061
598 0.000870
599 0.000075
600 0.000007
601 0.000001
602 0.000001
603 0.000003
604 0.000001
605 0.000001
606 0.000002
607 0.000000
608 0.000001
609 0.000004
610 0.000092
611 0.000622
612 0.010002
613 0.010942
614 0.007508
615 0.005119
616 0.010001
617 0.010001
618 0.010001
619 0.001765
620 0.000062
621 0.000135
622 0.001151
623 0.006687
624 0.001910
625 0.000069
626 0.000014
627 0.000006
628 0.000005
629 0.000018
630 0.000024
631 0.000017
632 0.000058
633 0.000027
634 0.000011
635 0.000013
636 0.000006
637 0.000004
638 0.000119
639 0.004909
640 0.008642
641 0.010002
642 0.000000
643 0.000000
644 0.010001
645 0.010001
646 0.010000
647 0.010000
648 0.015304
649 0.011106
650 0.005212
651 0.000164
652 0.000030
653 0.000028
654 0.000042
655 0.000108
656 0.000570
657 0.006393
658 0.003667
659 0.000335
660 0.000072
661 0.000031
662 0.000031
663 0.000072
664 0.000026
665 0.000065
666 0.001450
667 0.002878
668 0.005032
669 0.000000
670 0.000000
671 0.000000
672 0.000000
673 0.010000
674 0.010000
675 0.010000
676 0.010000
677 0.007837
678 0.000598
679 0.000195
680 0.000413
681 0.001441
682 0.005248
683 0.003021
684 0.005618
685 0.011716
686 0.005794
687 0.001377
688 0.000374
689 0.000416
690 0.000282
691 0.000148
692 0.000231
693 0.000938
694 0.001026
695 0.001754
696 0.000000
697 0.000000
698 0.000000
699 0.000000
700 0.000000
701 0.000000
702 0.010000
703 0.010000
704 0.008548
705 0.007459
706 0.007426
707 0.009450
708 0.010005
709 0.006981
710 0.003757
711 0.003233
712 0.007729
713 0.014500
714 0.007779
715 0.002486
716 0.000656
717 0.000386
718 0.000764
719 0.000794
720 0.000826
721 0.000974
722 0.001145
723 0.000000
724 0.000000
725 0.000000
726 0.000000
727 0.000000
728 0.000000
729 0.000000
730 0.000000
731 0.000000
732 0.007495
733 0.007445
734 0.008084
735 0.010005
736 0.007922
737 0.004773
738 0.003053
739 0.005296
740 0.010188
741 0.013207
742 0.010001
743 0.004024
744 0.001159
745 0.000504
746 0.000794
747 0.000938
748 0.000974
749 0.001145
750 0.000000
751 0.000000
752 0.000000
753 0.000000
754 0.000000
755 0.000000
756 0.000000
757 0.000000
758 0.000000
759 0.000000
760 0.000000
761 0.007496
762 0.010004
763 0.009109
764 0.006055
765 0.003700
766 0.003421
767 0.007268
768 0.012451
769 0.010001
770 0.010001
771 0.005091
772 0.001800
773 0.001098
774 0.000794
775 0.000859
776 0.001011
777 0.000074
778 0.000481
779 0.000425
780 0.000052
781 0.000004
782 0.000000
783 0.000000
