0 0.002276
1 0.002162
2 0.001795
3 0.001951
4 0.001607
5 0.001316
6 0.002063
7 0.004262
8 0.001396
9 0.000217
10 0.000113
11 0.000088
12 0.000087
13 0.000121
14 0.000141
15 0.000103
16 0.000063
17 0.000025
18 0.000065
19 0.000269
20 0.000749
21 0.000795
22 0.001533
23 0.002760
24 0.004154
25 0.006466
26 0.006684
27 0.005800
28 0.001897
29 0.002053
30 0.001698
31 0.001607
32 0.001521
33 0.001364
34 0.001275
35 0.001353
36 0.000287
37 0.000119
38 0.000188
39 0.000221
40 0.000226
41 0.000135
42 0.000125
43 0.000091
44 0.000031
45 0.000015
46 0.000016
47 0.000135
48 0.000602
49 0.001304
50 0.000000
51 0.000000
52 0.006466
53 0.006685
54 0.004785
55 0.003246
56 0.002053
57 0.001698
58 0.001607
59 0.001521
60 0.001364
61 0.001105
62 0.001043
63 0.000273
64 0.000064
65 0.000046
66 0.000283
67 0.000676
68 0.000454
69 0.000179
70 0.000091
71 0.000043
72 0.000015
73 0.000007
74 0.000007
75 0.000043
76 0.000002
77 0.000000
78 0.000000
79 0.000000
80 0.000000
81 0.004697
82 0.003101
83 0.001728
84 0.002244
85 0.001607
86 0.001316
87 0.001171
88 0.001105
89 0.001043
90 0.000930
91 0.000076
92 0.000013
93 0.000031
94 0.000274
95 0.001525
96 0.001179
97 0.000401
98 0.000090
99 0.000021
100 0.000008
101 0.000002
102 0.000000
103 0.000000
104 0.000000
105 0.000001
106 0.000000
107 0.000000
108 0.000000
109 0.002449
110 0.001596
111 0.001110
112 0.003880
113 0.002044
114 0.001171
115 0.001105
116 0.000000
117 0.000000
118 0.000000
119 0.000000
120 0.000000
121 0.000008
122 0.000230
123 0.001676
124 0.002971
125 0.000838
126 0.000093
127 0.000001
128 0.000000
129 0.000000
130 0.000000
131 0.000000
132 0.000001
133 0.000001
134 0.000000
135 0.000000
136 0.000049
137 0.001221
138 0.000836
139 0.001145
140 0.007164
141 0.003659
142 0.001778
143 0.001043
144 0.000000
145 0.000000
146 0.000000
147 0.000000
148 0.000000
149 0.000000
150 0.000000
151 0.000001
152 0.000030
153 0.000007
154 0.000001
155 0.000000
156 0.000000
157 0.000000
158 0.000000
159 0.000001
160 0.000001
161 0.000000
162 0.000000
163 0.000000
164 0.001105
165 0.000622
166 0.000859
167 0.000908
168 0.010006
169 0.006947
170 0.003997
171 0.001845
172 0.000128
173 0.000000
174 0.000000
175 0.000000
176 0.000000
177 0.000000
178 0.000000
179 0.000000
180 0.000000
181 0.000000
182 0.000000
183 0.000000
184 0.000000
185 0.000000
186 0.000001
187 0.000001
188 0.000001
189 0.000000
190 0.000000
191 0.000000
192 0.000552
193 0.000600
194 0.000637
195 0.000943
196 0.008328
197 0.010008
198 0.008240
199 0.003714
200 0.000358
201 0.000004
202 0.000000
203 0.000000
204 0.000000
205 0.000000
206 0.000000
207 0.000000
208 0.000000
209 0.000000
210 0.000000
211 0.000000
212 0.000000
213 0.000000
214 0.000001
215 0.000001
216 0.000000
217 0.000000
218 0.000000
219 0.000010
220 0.000566
221 0.000600
222 0.000679
223 0.000802
224 0.003354
225 0.005640
226 0.010008
227 0.010006
228 0.004241
229 0.000053
230 0.000001
231 0.000000
232 0.000000
233 0.000000
234 0.000000
235 0.000000
236 0.000001
237 0.000001
238 0.000001
239 0.000000
240 0.000000
241 0.000001
242 0.000001
243 0.000000
244 0.000000
245 0.000000
246 0.000000
247 0.000026
248 0.000052
249 0.000076
250 0.000149
251 0.000232
252 0.001623
253 0.002123
254 0.003626
255 0.005364
256 0.002022
257 0.000003
258 0.000001
259 0.000001
260 0.000000
261 0.000000
262 0.000000
263 0.000000
264 0.000000
265 0.000001
266 0.000002
267 0.000011
268 0.000011
269 0.000002
270 0.000000
271 0.000000
272 0.000000
273 0.000000
274 0.000000
275 0.000004
276 0.000008
277 0.000014
278 0.000022
279 0.000041
280 0.002550
281 0.000648
282 0.000307
283 0.000228
284 0.000297
285 0.000001
286 0.000001
287 0.000001
288 0.000001
289 0.000000
290 0.000000
291 0.000000
292 0.000000
293 0.000000
294 0.000001
295 0.000070
296 0.999990
297 0.000002
298 0.000000
299 0.000000
300 0.000000
301 0.000000
302 0.000000
303 0.000005
304 0.000007
305 0.000010
306 0.000012
307 0.000017
308 0.001500
309 0.000476
310 0.000116
311 0.000053
312 0.000005
313 0.000000
314 0.000000
315 0.000006
316 0.000006
317 0.000001
318 0.000000
319 0.000000
320 0.000000
321 0.000000
322 0.000001
323 0.000007
324 0.000005
325 0.000001
326 0.000000
327 0.000000
328 0.000000
329 0.000000
330 0.000000
331 0.000001
332 0.000008
333 0.000009
334 0.000012
335 0.000021
336 0.001085
337 0.000761
338 0.000290
339 0.000086
340 0.000001
341 0.000000
342 0.000001
343 0.000053
344 0.999987
345 0.000004
346 0.000000
347 0.000000
348 0.000000
349 0.000000
350 0.000001
351 0.000001
352 0.000000
353 0.000000
354 0.000000
355 0.000000
356 0.000000
357 0.000000
358 0.000000
359 0.000001
360 0.000027
361 0.000020
362 0.000019
363 0.000016
364 0.000775
365 0.001142
366 0.000620
367 0.000660
368 0.000001
369 0.000000
370 0.000003
371 0.000164
372 0.000545
373 0.000023
374 0.000001
375 0.000000
376 0.000000
377 0.000000
378 0.000000
379 0.000000
380 0.000000
381 0.000000
382 0.000000
383 0.000000
384 0.000000
385 0.000000
386 0.000000
387 0.000001
388 0.000027
389 0.000073
390 0.000049
391 0.000044
392 0.000153
393 0.000260
394 0.000655
395 0.000246
396 0.000002
397 0.000003
398 0.000153
399 0.000183
400 0.000009
401 0.000003
402 0.000001
403 0.000001
404 0.000001
405 0.000000
406 0.000000
407 0.000000
408 0.000000
409 0.000000
410 0.000000
411 0.000000
412 0.000000
413 0.000000
414 0.000000
415 0.000000
416 0.000004
417 0.000212
418 0.000166
419 0.000105
420 0.000060
421 0.000163
422 0.000442
423 0.000015
424 0.000001
425 0.000040
426 0.999965
427 0.000612
428 0.000005
429 0.000002
430 0.000003
431 0.000002
432 0.000001
433 0.000000
434 0.000000
435 0.000000
436 0.000000
437 0.000000
438 0.000000
439 0.000000
440 0.000000
441 0.000000
442 0.000000
443 0.000000
444 0.000001
445 0.000160
446 0.000212
447 0.000241
448 0.000219
449 0.000193
450 0.000177
451 0.000001
452 0.000001
453 0.000094
454 0.003322
455 0.000160
456 0.000018
457 0.000005
458 0.000006
459 0.000001
460 0.000000
461 0.000000
462 0.000000
463 0.000000
464 0.000000
465 0.000000
466 0.000000
467 0.000000
468 0.000000
469 0.000000
470 0.000000
471 0.000000
472 0.000000
473 0.000015
474 0.000136
475 0.000297
476 0.001766
477 0.000829
478 0.000088
479 0.000000
480 0.000001
481 0.000156
482 0.000013
483 0.000001
484 0.000001
485 0.000005
486 0.000010
487 0.000001
488 0.000000
489 0.000000
490 0.000000
491 0.000000
492 0.000000
493 0.000000
494 0.000000
495 0.000000
496 0.000000
497 0.000000
498 0.000000
499 0.000000
500 0.000000
501 0.000001
502 0.000223
503 0.000852
504 0.010004
505 0.005761
506 0.000050
507 0.000001
508 0.000008
509 0.000045
510 0.000001
511 0.000000
512 0.000000
513 0.000001
514 0.000001
515 0.000001
516 0.000001
517 0.000000
518 0.000000
519 0.000000
520 0.000000
521 0.000000
522 0.000000
523 0.000000
524 0.000000
525 0.000000
526 0.000000
527 0.000000
528 0.000000
529 0.000001
530 0.000585
531 0.002618
532 0.010007
533 0.010011
534 0.000042
535 0.000014
536 0.001268
537 0.000008
538 0.000001
539 0.000000
540 0.000000
541 0.000000
542 0.000000
543 0.000000
544 0.000000
545 0.000000
546 0.000000
547 0.000000
548 0.000000
549 0.000000
550 0.000000
551 0.000000
552 0.000000
553 0.000000
554 0.000000
555 0.000000
556 0.000000
557 0.000005
558 0.000755
559 0.001234
560 0.010011
561 0.008086
562 0.000053
563 0.000203
564 0.000565
565 0.000010
566 0.000001
567 0.000000
568 0.000000
569 0.000000
570 0.000000
571 0.000000
572 0.000000
573 0.000000
574 0.000000
575 0.000000
576 0.000000
577 0.000000
578 0.000000
579 0.000000
580 0.000000
581 0.000000
582 0.000000
583 0.000000
584 0.000003
585 0.000650
586 0.000680
587 0.000822
588 0.007971
589 0.005293
590 0.001974
591 0.006484
592 0.000077
593 0.000001
594 0.000001
595 0.000000
596 0.000000
597 0.000000
598 0.000000
599 0.000000
600 0.000000
601 0.000000
602 0.000000
603 0.000000
604 0.000000
605 0.000000
606 0.000000
607 0.000000
608 0.000000
609 0.000000
610 0.000000
611 0.000004
612 0.000621
613 0.000650
614 0.000787
615 0.000822
616 0.005218
617 0.005300
618 0.005800
619 0.003488
620 0.000043
621 0.000001
622 0.000001
623 0.000000
624 0.000000
625 0.000000
626 0.000000
627 0.000000
628 0.000000
629 0.000000
630 0.000000
631 0.000000
632 0.000000
633 0.000000
634 0.000000
635 0.000000
636 0.000000
637 0.000000
638 0.000006
639 0.000621
640 0.000650
641 0.000787
642 0.000000
643 0.000000
644 0.005141
645 0.005958
646 0.010002
647 0.010004
648 0.003501
649 0.000013
650 0.000001
651 0.000000
652 0.000000
653 0.000000
654 0.000000
655 0.000002
656 0.000055
657 0.000315
658 0.000285
659 0.000014
660 0.000001
661 0.000000
662 0.000000
663 0.000000
664 0.000000
665 0.000009
666 0.000621
667 0.000754
668 0.000787
669 0.000000
670 0.000000
671 0.000000
672 0.000000
673 0.010002
674 0.010003
675 0.010005
676 0.010004
677 0.010003
678 0.000069
679 0.000016
680 0.000015
681 0.000047
682 0.000168
683 0.000372
684 0.000423
685 0.000514
686 0.000315
687 0.000299
688 0.000187
689 0.000336
690 0.000158
691 0.000028
692 0.000065
693 0.000594
694 0.000650
695 0.000787
696 0.000000
697 0.000000
698 0.000000
699 0.000000
700 0.000000
701 0.000000
702 0.010004
703 0.010004
704 0.010003
705 0.010000
706 0.005447
707 0.002195
708 0.000983
709 0.000812
710 0.000353
711 0.000391
712 0.000362
713 0.001026
714 0.000430
715 0.000391
716 0.000502
717 0.001150
718 0.002388
719 0.001069
720 0.000510
721 0.000621
722 0.000754
723 0.000000
724 0.000000
725 0.000000
726 0.000000
727 0.000000
728 0.000000
729 0.000000
730 0.000000
731 0.000000
732 0.010001
733 0.006447
734 0.003091
735 0.001476
736 0.001070
737 0.000888
738 0.000812
739 0.000263
740 0.000459
741 0.000609
742 0.000452
743 0.000430
744 0.000914
745 0.003755
746 0.004872
747 0.002118
748 0.000983
749 0.000754
750 0.000000
751 0.000000
752 0.000000
753 0.000000
754 0.000000
755 0.000000
756 0.000000
757 0.000000
758 0.000000
759 0.000000
760 0.000000
761 0.004272
762 0.002089
763 0.001165
764 0.001116
765 0.001070
766 0.001025
767 0.000360
768 0.000481
769 0.000513
770 0.000914
771 0.000556
772 0.001643
773 0.006797
774 0.008331
775 0.003561
776 0.001901
777 0.000000
778 0.000026
779 0.000016
780 0.000000
781 0.000000
782 0.000000
783 0.000000
