0 0.000277
1 0.000246
2 0.000162
3 0.000196
4 0.000127
5 0.000082
6 0.000064
7 0.000056
8 0.000012
9 0.000002
10 0.000001
11 0.000001
12 0.000001
13 0.000001
14 0.000001
15 0.000001
16 0.000007
17 0.000014
18 0.000175
19 0.001641
20 0.003427
21 0.002230
22 0.001890
23 0.001518
24 0.001297
25 0.001357
26 0.001625
27 0.001696
28 0.000184
29 0.000219
30 0.000144
31 0.000127
32 0.000113
33 0.000089
34 0.000056
35 0.000036
36 0.000003
37 0.000001
38 0.000001
39 0.000001
40 0.000001
41 0.000001
42 0.000001
43 0.000003
44 0.000009
45 0.000012
46 0.000007
47 0.000075
48 0.001996
49 0.001648
50 0.000000
51 0.000000
52 0.001240
53 0.001492
54 0.001357
55 0.001625
56 0.000219
57 0.000144
58 0.000127
59 0.000113
60 0.000089
61 0.000056
62 0.000050
63 0.000013
64 0.000002
65 0.000001
66 0.000001
67 0.000000
68 0.000000
69 0.000001
70 0.000002
71 0.000006
72 0.000014
73 0.000004
74 0.000001
75 0.000006
76 0.000000
77 0.000000
78 0.000000
79 0.000000
80 0.000000
81 0.001240
82 0.001492
83 0.001357
84 0.000196
85 0.000127
86 0.000082
87 0.000064
88 0.000056
89 0.000050
90 0.000039
91 0.000004
92 0.000001
93 0.000000
94 0.000000
95 0.000000
96 0.000000
97 0.000001
98 0.000005
99 0.000013
100 0.000007
101 0.000000
102 0.000000
103 0.000000
104 0.000000
105 0.000000
106 0.000000
107 0.000000
108 0.000000
109 0.001186
110 0.001240
111 0.001492
112 0.000127
113 0.000113
114 0.000064
115 0.000056
116 0.000000
117 0.000000
118 0.000000
119 0.000000
120 0.000000
121 0.000000
122 0.000000
123 0.000000
124 0.000001
125 0.000003
126 0.000014
127 0.000000
128 0.000000
129 0.000000
130 0.000000
131 0.000000
132 0.000000
133 0.000000
134 0.000000
135 0.000000
136 0.000000
137 0.000981
138 0.001186
139 0.001430
140 0.000113
141 0.000072
142 0.000056
143 0.000050
144 0.000000
145 0.000000
146 0.000000
147 0.000000
148 0.000000
149 0.000000
150 0.000000
151 0.000000
152 0.000000
153 0.000000
154 0.000000
155 0.000000
156 0.000000
157 0.000000
158 0.000000
159 0.000000
160 0.000000
161 0.000000
162 0.000000
163 0.000000
164 0.000994
165 0.000936
166 0.001134
167 0.001186
168 0.000072
169 0.000056
170 0.000050
171 0.000039
172 0.000000
173 0.000000
174 0.000000
175 0.000000
176 0.000000
177 0.000000
178 0.000000
179 0.000000
180 0.000000
181 0.000000
182 0.000000
183 0.000000
184 0.000000
185 0.000000
186 0.000000
187 0.000000
188 0.000000
189 0.000000
190 0.000000
191 0.000000
192 0.000816
193 0.000854
194 0.000894
195 0.001134
196 0.000056
197 0.000050
198 0.000032
199 0.000025
200 0.000007
201 0.000000
202 0.000000
203 0.000000
204 0.000000
205 0.000000
206 0.000000
207 0.000000
208 0.000000
209 0.000000
210 0.000000
211 0.000000
212 0.000000
213 0.000000
214 0.000000
215 0.000000
216 0.000000
217 0.000000
218 0.000000
219 0.000000
220 0.000816
221 0.000854
222 0.000854
223 0.001039
224 0.000305
225 0.000063
226 0.000025
227 0.000022
228 0.000012
229 0.000000
230 0.000000
231 0.000000
232 0.000000
233 0.000000
234 0.000000
235 0.000000
236 0.000000
237 0.000000
238 0.000000
239 0.000000
240 0.000000
241 0.000000
242 0.000000
243 0.000000
244 0.000000
245 0.000000
246 0.000000
247 0.000066
248 0.000105
249 0.000131
250 0.000237
251 0.000339
252 0.002363
253 0.000359
254 0.000096
255 0.000005
256 0.000000
257 0.000000
258 0.000000
259 0.000000
260 0.000000
261 0.000000
262 0.000000
263 0.000000
264 0.000000
265 0.000000
266 0.000000
267 0.000000
268 0.000000
269 0.000000
270 0.000000
271 0.000000
272 0.000000
273 0.000000
274 0.000000
275 0.000018
276 0.000028
277 0.000041
278 0.000057
279 0.000095
280 0.010001
281 0.000364
282 0.000013
283 0.000000
284 0.000000
285 0.000000
286 0.000000
287 0.000000
288 0.000000
289 0.000000
290 0.000000
291 0.000000
292 0.000000
293 0.000000
294 0.000000
295 0.000000
296 0.000000
297 0.000000
298 0.000000
299 0.000000
300 0.000000
301 0.000000
302 0.000000
303 0.000020
304 0.000026
305 0.000033
306 0.000040
307 0.000053
308 0.000232
309 0.000024
310 0.000005
311 0.000000
312 0.000000
313 0.000000
314 0.000000
315 0.000000
316 0.000000
317 0.000000
318 0.000000
319 0.000000
320 0.000000
321 0.000000
322 0.000000
323 0.000000
324 0.000000
325 0.000000
326 0.000000
327 0.000000
328 0.000000
329 0.000000
330 0.000000
331 0.000000
332 0.000025
333 0.000033
334 0.000040
335 0.000060
336 0.000003
337 0.000003
338 0.000002
339 0.000001
340 0.000000
341 0.000000
342 0.000000
343 0.000000
344 0.000000
345 0.000000
346 0.000000
347 0.000000
348 0.000000
349 0.000000
350 0.000000
351 0.000000
352 0.000000
353 0.000000
354 0.000000
355 0.000000
356 0.000000
357 0.000000
358 0.000000
359 0.000000
360 0.000024
361 0.000031
362 0.000043
363 0.000048
364 0.000000
365 0.000000
366 0.000001
367 0.000002
368 0.000000
369 0.000000
370 0.000000
371 0.000000
372 0.000000
373 0.000000
374 0.000000
375 0.000000
376 0.000000
377 0.000000
378 0.000000
379 0.000000
380 0.000000
381 0.000000
382 0.000000
383 0.000000
384 0.000000
385 0.000000
386 0.000000
387 0.000000
388 0.000001
389 0.000032
390 0.000036
391 0.000050
392 0.000000
393 0.000000
394 0.000000
395 0.000000
396 0.000000
397 0.000000
398 0.000000
399 0.000013
400 0.000149
401 0.000001
402 0.000000
403 0.000000
404 0.000000
405 0.000000
406 0.000000
407 0.000000
408 0.000000
409 0.000000
410 0.000000
411 0.000000
412 0.000000
413 0.000000
414 0.000000
415 0.000000
416 0.000000
417 0.000028
418 0.000036
419 0.000040
420 0.000000
421 0.000000
422 0.000000
423 0.000000
424 0.000000
425 0.000000
426 0.000024
427 0.372269
428 1.000000
429 0.000000
430 0.000000
431 0.000000
432 0.000000
433 0.000000
434 0.000000
435 0.000000
436 0.000000
437 0.000000
438 0.000000
439 0.000000
440 0.000000
441 0.000000
442 0.000000
443 0.000000
444 0.000000
445 0.000026
446 0.000034
447 0.000039
448 0.000000
449 0.000000
450 0.000000
451 0.000000
452 0.000000
453 0.000000
454 0.000035
455 0.001043
456 0.000000
457 0.000000
458 0.000000
459 0.000000
460 0.000000
461 0.000000
462 0.000000
463 0.000000
464 0.000000
465 0.000000
466 0.000000
467 0.000000
468 0.000000
469 0.000000
470 0.000000
471 0.000000
472 0.000000
473 0.000001
474 0.000029
475 0.000059
476 0.000000
477 0.000000
478 0.000000
479 0.000000
480 0.000000
481 0.000001
482 0.000004
483 0.000000
484 0.000000
485 0.000000
486 0.000000
487 0.000000
488 0.000000
489 0.000000
490 0.000000
491 0.000000
492 0.000000
493 0.000000
494 0.000000
495 0.000000
496 0.000000
497 0.000000
498 0.000000
499 0.000000
500 0.000000
501 0.000000
502 0.000104
503 0.000209
504 0.000027
505 0.000049
506 0.000002
507 0.000000
508 0.000002
509 0.000005
510 0.000000
511 0.000000
512 0.000000
513 0.000000
514 0.000000
515 0.000000
516 0.000000
517 0.000000
518 0.000000
519 0.000000
520 0.000000
521 0.000000
522 0.000000
523 0.000000
524 0.000000
525 0.000000
526 0.000000
527 0.000000
528 0.000000
529 0.000000
530 0.000469
531 0.001035
532 0.000369
533 0.001697
534 0.000137
535 0.000040
536 0.000442
537 0.000026
538 0.000000
539 0.000000
540 0.000000
541 0.000000
542 0.000000
543 0.000000
544 0.000000
545 0.000000
546 0.000000
547 0.000000
548 0.000000
549 0.000000
550 0.000000
551 0.000000
552 0.000000
553 0.000000
554 0.000000
555 0.000000
556 0.000000
557 0.000000
558 0.001035
559 0.001069
560 0.004868
561 0.019851
562 0.000121
563 0.000929
564 0.001327
565 0.000000
566 0.000000
567 0.000000
568 0.000000
569 0.000000
570 0.000000
571 0.000000
572 0.000000
573 0.000000
574 0.000000
575 0.000000
576 0.000000
577 0.000000
578 0.000000
579 0.000000
580 0.000000
581 0.000000
582 0.000000
583 0.000000
584 0.000000
585 0.001035
586 0.001069
587 0.001222
588 0.016690
589 0.010001
590 0.001177
591 0.000840
592 0.000009
593 0.000000
594 0.000000
595 0.000000
596 0.000000
597 0.000000
598 0.000000
599 0.000000
600 0.000000
601 0.000000
602 0.000000
603 0.000000
604 0.000000
605 0.000000
606 0.000000
607 0.000000
608 0.000000
609 0.000000
610 0.000000
611 0.000000
612 0.001004
613 0.001035
614 0.001185
615 0.001222
616 0.010000
617 0.006044
618 0.000609
619 0.000020
620 0.000000
621 0.000000
622 0.000000
623 0.000000
624 0.000000
625 0.000000
626 0.000000
627 0.000000
628 0.000000
629 0.000000
630 0.000000
631 0.000000
632 0.000000
633 0.000000
634 0.000000
635 0.000000
636 0.000000
637 0.000000
638 0.000000
639 0.001004
640 0.001035
641 0.001185
642 0.000000
643 0.000000
644 0.006233
645 0.001062
646 0.000150
647 0.000027
648 0.000012
649 0.000000
650 0.000000
651 0.000000
652 0.000000
653 0.000000
654 0.000000
655 0.000000
656 0.000001
657 0.000001
658 0.000000
659 0.000000
660 0.000000
661 0.000000
662 0.000000
663 0.000000
664 0.000000
665 0.000000
666 0.001004
667 0.001150
668 0.001185
669 0.000000
670 0.000000
671 0.000000
672 0.000000
673 0.000175
674 0.000044
675 0.000030
676 0.000037
677 0.000025
678 0.000000
679 0.000000
680 0.000000
681 0.000001
682 0.000007
683 0.000006
684 0.000004
685 0.000001
686 0.000000
687 0.000000
688 0.000000
689 0.000002
690 0.000007
691 0.000001
692 0.000007
693 0.000973
694 0.001035
695 0.001185
696 0.000000
697 0.000000
698 0.000000
699 0.000000
700 0.000000
701 0.000000
702 0.000049
703 0.000044
704 0.000040
705 0.000037
706 0.000025
707 0.000023
708 0.000019
709 0.000013
710 0.000009
711 0.000007
712 0.000006
713 0.000004
714 0.000001
715 0.000000
716 0.000000
717 0.000007
718 0.000824
719 0.000850
720 0.000877
721 0.001004
722 0.001150
723 0.000000
724 0.000000
725 0.000000
726 0.000000
727 0.000000
728 0.000000
729 0.000000
730 0.000000
731 0.000000
732 0.000044
733 0.000040
734 0.000027
735 0.000025
736 0.000023
737 0.000015
738 0.000013
739 0.000012
740 0.000011
741 0.000006
742 0.000002
743 0.000001
744 0.000001
745 0.000039
746 0.000850
747 0.000973
748 0.001004
749 0.001150
750 0.000000
751 0.000000
752 0.000000
753 0.000000
754 0.000000
755 0.000000
756 0.000000
757 0.000000
758 0.000000
759 0.000000
760 0.000000
761 0.000044
762 0.000040
763 0.000027
764 0.000025
765 0.000023
766 0.000021
767 0.000019
768 0.000012
769 0.000011
770 0.000004
771 0.000002
772 0.000008
773 0.000259
774 0.000850
775 0.000906
776 0.001035
777 0.000000
778 0.000001
779 0.000000
780 0.000000
781 0.000000
782 0.000000
783 0.000000
