0 0.002173
1 0.002060
2 0.001699
3 0.001852
4 0.001516
5 0.001233
6 0.001093
7 0.001029
8 0.000193
9 0.000070
10 0.000377
11 0.004652
12 0.008122
13 0.000920
14 0.000262
15 0.000095
16 0.000053
17 0.000028
18 0.000092
19 0.000423
20 0.000941
21 0.000990
22 0.001428
23 0.002679
24 0.004176
25 0.007557
26 0.007723
27 0.006735
28 0.001800
29 0.001953
30 0.001605
31 0.001516
32 0.001432
33 0.001280
34 0.001029
35 0.000612
36 0.000066
37 0.000026
38 0.000492
39 0.004921
40 0.007917
41 0.001754
42 0.000433
43 0.000065
44 0.000032
45 0.000020
46 0.000027
47 0.000162
48 0.000749
49 0.001097
50 0.000027
51 0.000001
52 0.007558
53 0.007723
54 0.005658
55 0.003842
56 0.002993
57 0.001605
58 0.001516
59 0.001432
60 0.001280
61 0.001029
62 0.000970
63 0.000243
64 0.000030
65 0.000025
66 0.000635
67 0.003375
68 0.003655
69 0.003201
70 0.000589
71 0.000084
72 0.000020
73 0.000012
74 0.000010
75 0.000049
76 0.000015
77 0.000007
78 0.000003
79 0.000001
80 0.000001
81 0.005563
82 0.003685
83 0.002104
84 0.005290
85 0.002764
86 0.001444
87 0.001093
88 0.001029
89 0.000970
90 0.000861
91 0.000085
92 0.000012
93 0.000071
94 0.000499
95 0.001497
96 0.001030
97 0.003200
98 0.001205
99 0.000142
100 0.000017
101 0.000005
102 0.000001
103 0.000001
104 0.000002
105 0.000008
106 0.000001
107 0.000001
108 0.000001
109 0.002970
110 0.001956
111 0.001355
112 0.010015
113 0.005118
114 0.002637
115 0.001338
116 0.000001
117 0.000001
118 0.000001
119 0.000001
120 0.000001
121 0.000115
122 0.000798
123 0.000383
124 0.000451
125 0.001106
126 0.001627
127 0.000023
128 0.000001
129 0.000001
130 0.000001
131 0.000001
132 0.000003
133 0.000004
134 0.000001
135 0.000001
136 0.000150
137 0.001528
138 0.001042
139 0.001357
140 0.010014
141 0.010016
142 0.005298
143 0.003004
144 0.000001
145 0.000001
146 0.000001
147 0.000001
148 0.000001
149 0.000001
150 0.000001
151 0.000001
152 0.000003
153 0.000004
154 0.000012
155 0.000005
156 0.000001
157 0.000001
158 0.000001
159 0.000003
160 0.000005
161 0.000002
162 0.000001
163 0.000001
164 0.001382
165 0.000791
166 0.001040
167 0.001095
168 0.005345
169 0.010013
170 0.010017
171 0.006064
172 0.000103
173 0.000002
174 0.000001
175 0.000001
176 0.000001
177 0.000001
178 0.000001
179 0.000001
180 0.000001
181 0.000001
182 0.000001
183 0.000001
184 0.000001
185 0.000001
186 0.000002
187 0.000006
188 0.000003
189 0.000001
190 0.000001
191 0.000002
192 0.000697
193 0.000745
194 0.000787
195 0.001124
196 0.002536
197 0.004179
198 0.007244
199 0.010016
200 0.000193
201 0.000116
202 0.000002
203 0.000001
204 0.000001
205 0.000001
206 0.000001
207 0.000001
208 0.000002
209 0.000001
210 0.000001
211 0.000001
212 0.000001
213 0.000002
214 0.000004
215 0.000003
216 0.000001
217 0.000001
218 0.000001
219 0.000028
220 0.000706
221 0.000745
222 0.000832
223 0.000998
224 0.001040
225 0.001643
226 0.002626
227 0.005691
228 0.010015
229 0.000037
230 0.000004
231 0.000002
232 0.000001
233 0.000001
234 0.000001
235 0.000001
236 0.000002
237 0.000002
238 0.000003
239 0.000003
240 0.000009
241 0.000012
242 0.000005
243 0.000001
244 0.000001
245 0.000001
246 0.000001
247 0.000045
248 0.000081
249 0.000116
250 0.000220
251 0.000326
252 0.000914
253 0.000683
254 0.000985
255 0.001403
256 0.000987
257 0.000003
258 0.000004
259 0.000013
260 0.000002
261 0.000001
262 0.000001
263 0.000001
264 0.000001
265 0.000001
266 0.000002
267 0.000006
268 0.000136
269 0.999968
270 0.000008
271 0.000001
272 0.000001
273 0.000001
274 0.000001
275 0.000014
276 0.000015
277 0.000026
278 0.000040
279 0.000069
280 0.000691
281 0.000293
282 0.000186
283 0.000090
284 0.000159
285 0.000002
286 0.000002
287 0.001624
288 0.000569
289 0.000003
290 0.000001
291 0.000001
292 0.000001
293 0.000001
294 0.000001
295 0.000003
296 0.000038
297 0.000046
298 0.000005
299 0.000001
300 0.000001
301 0.000001
302 0.000001
303 0.000070
304 0.000056
305 0.000046
306 0.000035
307 0.000036
308 0.000517
309 0.000171
310 0.000075
311 0.000088
312 0.000030
313 0.000003
314 0.000004
315 0.000309
316 0.999952
317 0.000069
318 0.000002
319 0.000001
320 0.000001
321 0.000001
322 0.000002
323 0.000002
324 0.000002
325 0.000002
326 0.000002
327 0.000001
328 0.000001
329 0.000001
330 0.000002
331 0.000031
332 0.000214
333 0.000156
334 0.000120
335 0.000123
336 0.000941
337 0.000855
338 0.001071
339 0.000710
340 0.000014
341 0.000003
342 0.000003
343 0.000059
344 0.003120
345 0.001577
346 0.000003
347 0.000001
348 0.000001
349 0.000001
350 0.000002
351 0.000002
352 0.000001
353 0.000001
354 0.000001
355 0.000001
356 0.000001
357 0.000001
358 0.000002
359 0.000004
360 0.000308
361 0.000347
362 0.000446
363 0.000286
364 0.014508
365 0.018288
366 0.011948
367 0.004114
368 0.000004
369 0.000002
370 0.000015
371 0.000019
372 0.000096
373 0.000062
374 0.000004
375 0.000002
376 0.000001
377 0.000002
378 0.000001
379 0.000001
380 0.000001
381 0.000001
382 0.000001
383 0.000001
384 0.000001
385 0.000001
386 0.000001
387 0.000002
388 0.000124
389 0.000410
390 0.000347
391 0.000473
392 0.014079
393 0.026165
394 0.019004
395 0.000689
396 0.000003
397 0.000016
398 0.000892
399 0.000020
400 0.000005
401 0.000004
402 0.000003
403 0.000003
404 0.000003
405 0.000002
406 0.000001
407 0.000001
408 0.000001
409 0.000001
410 0.000001
411 0.000001
412 0.000001
413 0.000001
414 0.000001
415 0.000001
416 0.000004
417 0.000315
418 0.000583
419 0.000602
420 0.001880
421 0.001410
422 0.002731
423 0.000102
424 0.000053
425 0.000315
426 0.005551
427 0.000018
428 0.000002
429 0.000002
430 0.000003
431 0.000005
432 0.000003
433 0.000002
434 0.000001
435 0.000001
436 0.000001
437 0.000001
438 0.000001
439 0.000001
440 0.000001
441 0.000001
442 0.000001
443 0.000001
444 0.000001
445 0.000096
446 0.000205
447 0.000383
448 0.000413
449 0.000305
450 0.001207
451 0.000007
452 0.000010
453 0.003109
454 0.999941
455 0.000020
456 0.000002
457 0.000002
458 0.000004
459 0.000003
460 0.000002
461 0.000001
462 0.000001
463 0.000001
464 0.000001
465 0.000001
466 0.000001
467 0.000001
468 0.000001
469 0.000001
470 0.000001
471 0.000001
472 0.000001
473 0.000005
474 0.000069
475 0.000220
476 0.002232
477 0.002079
478 0.000242
479 0.000002
480 0.000007
481 0.000277
482 0.000032
483 0.000004
484 0.000002
485 0.000003
486 0.000005
487 0.000003
488 0.000002
489 0.000001
490 0.000001
491 0.000001
492 0.000001
493 0.000001
494 0.000001
495 0.000001
496 0.000001
497 0.000001
498 0.000001
499 0.000001
500 0.000001
501 0.000001
502 0.000063
503 0.000237
504 0.026676
505 0.015730
506 0.000173
507 0.000003
508 0.000023
509 0.000022
510 0.000002
511 0.000001
512 0.000001
513 0.000002
514 0.000003
515 0.000002
516 0.000002
517 0.000001
518 0.000001
519 0.000001
520 0.000001
521 0.000001
522 0.000001
523 0.000001
524 0.000001
525 0.000001
526 0.000001
527 0.000001
528 0.000001
529 0.000002
530 0.000327
531 0.000848
532 0.027119
533 0.023944
534 0.000063
535 0.000011
536 0.000889
537 0.000007
538 0.000001
539 0.000001
540 0.000001
541 0.000001
542 0.000001
543 0.000002
544 0.000002
545 0.000002
546 0.000001
547 0.000001
548 0.000001
549 0.000001
550 0.000001
551 0.000001
552 0.000001
553 0.000001
554 0.000001
555 0.000001
556 0.000001
557 0.000007
558 0.000848
559 0.000883
560 0.017974
561 0.010018
562 0.000079
563 0.000097
564 0.000180
565 0.000004
566 0.000001
567 0.000001
568 0.000001
569 0.000001
570 0.000001
571 0.000001
572 0.000001
573 0.000001
574 0.000001
575 0.000001
576 0.000001
577 0.000001
578 0.000001
579 0.000001
580 0.000001
581 0.000001
582 0.000001
583 0.000001
584 0.000004
585 0.000848
586 0.000883
587 0.001049
588 0.010015
589 0.010007
590 0.001757
591 0.000547
592 0.000022
593 0.000001
594 0.000001
595 0.000001
596 0.000001
597 0.000001
598 0.000001
599 0.000001
600 0.000001
601 0.000001
602 0.000001
603 0.000001
604 0.000001
605 0.000001
606 0.000001
607 0.000001
608 0.000001
609 0.000001
610 0.000001
611 0.000005
612 0.000814
613 0.000848
614 0.001009
615 0.001049
616 0.010004
617 0.009998
618 0.010000
619 0.003313
620 0.000016
621 0.000002
622 0.000001
623 0.000001
624 0.000001
625 0.000001
626 0.000001
627 0.000001
628 0.000001
629 0.000001
630 0.000001
631 0.000001
632 0.000001
633 0.000001
634 0.000001
635 0.000001
636 0.000001
637 0.000001
638 0.000007
639 0.000814
640 0.000848
641 0.001009
642 0.000001
643 0.000001
644 0.009998
645 0.009999
646 0.010005
647 0.010012
648 0.003995
649 0.000020
650 0.000003
651 0.000001
652 0.000001
653 0.000001
654 0.000001
655 0.000002
656 0.000032
657 0.000972
658 0.000636
659 0.000031
660 0.000003
661 0.000002
662 0.000002
663 0.000001
664 0.000001
665 0.000012
666 0.000814
667 0.000970
668 0.001009
669 0.000001
670 0.000001
671 0.000001
672 0.000001
673 0.010005
674 0.010011
675 0.010014
676 0.010010
677 0.010007
678 0.000113
679 0.000048
680 0.000054
681 0.000156
682 0.000351
683 0.000104
684 0.000195
685 0.000642
686 0.000863
687 0.000661
688 0.000534
689 0.001750
690 0.001084
691 0.000181
692 0.000228
693 0.001034
694 0.000848
695 0.001009
696 0.000001
697 0.000001
698 0.000001
699 0.000001
700 0.000001
701 0.000001
702 0.010013
703 0.010011
704 0.010006
705 0.010002
706 0.009999
707 0.004907
708 0.002637
709 0.001435
710 0.000696
711 0.000159
712 0.000162
713 0.000379
714 0.001024
715 0.000814
716 0.000987
717 0.002919
718 0.010013
719 0.007215
720 0.003337
721 0.001890
722 0.001113
723 0.000001
724 0.000001
725 0.000001
726 0.000001
727 0.000001
728 0.000001
729 0.000001
730 0.000001
731 0.000001
732 0.010002
733 0.009999
734 0.006319
735 0.003547
736 0.001777
737 0.001538
738 0.001435
739 0.000320
740 0.000133
741 0.000224
742 0.000632
743 0.001009
744 0.001577
745 0.004697
746 0.010019
747 0.010008
748 0.006243
749 0.003461
750 0.000001
751 0.000001
752 0.000001
753 0.000001
754 0.000001
755 0.000001
756 0.000001
757 0.000001
758 0.000001
759 0.000001
760 0.000001
761 0.008012
762 0.004588
763 0.002348
764 0.001836
765 0.001777
766 0.001719
767 0.000679
768 0.000157
769 0.000191
770 0.000451
771 0.001010
772 0.002484
773 0.007445
774 0.010022
775 0.010015
776 0.010004
777 0.000002
778 0.000096
779 0.000033
780 0.000001
781 0.000001
782 0.000001
783 0.000001
