0 0.010033
1 0.010036
2 0.010041
3 0.010040
4 0.010047
5 0.010054
6 0.010059
7 0.010062
8 0.000482
9 0.000051
10 0.000031
11 0.000034
12 0.000039
13 0.000049
14 0.000052
15 0.000068
16 0.000059
17 0.000063
18 0.000082
19 0.000086
20 0.000114
21 0.000121
22 0.000161
23 0.000172
24 0.000148
25 0.000158
26 0.000210
27 0.000225
28 0.010037
29 0.010036
30 0.010041
31 0.010044
32 0.010047
33 0.010052
34 0.010059
35 0.004718
36 0.000152
37 0.000028
38 0.000024
39 0.000027
40 0.000034
41 0.000047
42 0.000047
43 0.000052
44 0.000056
45 0.000072
46 0.000077
47 0.000101
48 0.000086
49 0.000114
50 0.000123
51 0.000132
52 0.000138
53 0.000184
54 0.000158
55 0.000210
56 0.010036
57 0.010040
58 0.010042
59 0.010044
60 0.010048
61 0.010056
62 0.010059
63 0.000868
64 0.000065
65 0.000018
66 0.000023
67 0.000024
68 0.000027
69 0.000034
70 0.000039
71 0.000047
72 0.000053
73 0.000053
74 0.000073
75 0.000077
76 0.000096
77 0.000088
78 0.000094
79 0.000100
80 0.000132
81 0.000138
82 0.000184
83 0.000158
84 0.010037
85 0.010042
86 0.010046
87 0.010050
88 0.010053
89 0.010056
90 0.010061
91 0.000232
92 0.000030
93 0.000017
94 0.000018
95 0.000020
96 0.000024
97 0.000033
98 0.000035
99 0.000039
100 0.000047
101 0.000053
102 0.000065
103 0.000060
104 0.000078
105 0.000078
106 0.000088
107 0.000116
108 0.000123
109 0.000129
110 0.000138
111 0.000184
112 0.010043
113 0.010044
114 0.010049
115 0.010051
116 0.017129
117 0.015549
118 0.006046
119 0.000104
120 0.000016
121 0.000014
122 0.000017
123 0.000018
124 0.000023
125 0.000024
126 0.000033
127 0.000035
128 0.000045
129 0.000048
130 0.000054
131 0.000057
132 0.000074
133 0.000064
134 0.000078
135 0.000102
136 0.000115
137 0.000098
138 0.000129
139 0.000173
140 0.010045
141 0.010050
142 0.010052
143 0.010053
144 0.017236
145 0.016641
146 0.001063
147 0.000052
148 0.000012
149 0.000015
150 0.000016
151 0.000019
152 0.000021
153 0.000025
154 0.000025
155 0.000033
156 0.000029
157 0.000037
158 0.000039
159 0.000054
160 0.000057
161 0.000057
162 0.000078
163 0.000077
164 0.000100
165 0.000092
166 0.000122
167 0.000259
168 0.010051
169 0.010054
170 0.010055
171 0.010057
172 0.013680
173 0.016633
174 0.000281
175 0.000022
176 0.000010
177 0.000012
178 0.000016
179 0.000020
180 0.000021
181 0.000023
182 0.000023
183 0.000034
184 0.000031
185 0.000035
186 0.000039
187 0.000040
188 0.000051
189 0.000057
190 0.000069
191 0.000077
192 0.000076
193 0.000101
194 0.000289
195 0.001176
196 0.010054
197 0.010056
198 0.010061
199 0.010064
200 0.012477
201 0.015353
202 0.000068
203 0.000012
204 0.000010
205 0.000012
206 0.000013
207 0.000013
208 0.000017
209 0.000020
210 0.000022
211 0.000029
212 0.000031
213 0.000032
214 0.000033
215 0.000041
216 0.000045
217 0.000052
218 0.000057
219 0.000056
220 0.000118
221 0.000382
222 0.001080
223 0.006146
224 0.010056
225 0.010062
226 0.010065
227 0.010066
228 0.010074
229 0.000708
230 0.000025
231 0.000007
232 0.000008
233 0.000010
234 0.000011
235 0.000012
236 0.000015
237 0.000016
238 0.000020
239 0.000022
240 0.000027
241 0.000030
242 0.000031
243 0.000041
244 0.000043
245 0.000046
246 0.000054
247 0.000135
248 0.000420
249 0.001395
250 0.999399
251 0.002317
252 0.010058
253 0.010066
254 0.010067
255 0.010091
256 0.010139
257 0.000107
258 0.000010
259 0.000006
260 0.000007
261 0.000008
262 0.000009
263 0.000011
264 0.000014
265 0.000015
266 0.000015
267 0.000021
268 0.000021
269 0.000023
270 0.000029
271 0.000037
272 0.000034
273 0.000050
274 0.000122
275 0.000368
276 0.001767
277 0.002838
278 0.000934
279 0.000389
280 0.010066
281 0.010107
282 0.010127
283 0.010162
284 0.010180
285 0.000026
286 0.000005
287 0.000004
288 0.000005
289 0.000006
290 0.000007
291 0.000009
292 0.000009
293 0.000012
294 0.000013
295 0.000015
296 0.000020
297 0.000021
298 0.000026
299 0.000029
300 0.000041
301 0.000122
302 0.000404
303 0.001517
304 0.001381
305 0.000383
306 0.000179
307 0.000096
308 0.010125
309 0.010148
310 0.010174
311 0.010194
312 0.000338
313 0.000007
314 0.000003
315 0.000004
316 0.000004
317 0.000005
318 0.000005
319 0.000008
320 0.000008
321 0.000010
322 0.000011
323 0.000014
324 0.000016
325 0.000020
326 0.000021
327 0.000041
328 0.000118
329 0.000356
330 0.001071
331 0.000512
332 0.000172
333 0.000097
334 0.000058
335 0.000079
336 0.010165
337 0.010180
338 0.010186
339 0.010199
340 0.000034
341 0.000003
342 0.000002
343 0.000003
344 0.000003
345 0.000004
346 0.000004
347 0.000005
348 0.000006
349 0.000007
350 0.000009
351 0.000011
352 0.000013
353 0.000016
354 0.000036
355 0.000107
356 0.000290
357 0.000374
358 0.000155
359 0.000092
360 0.000045
361 0.000042
362 0.000054
363 0.000057
364 0.010173
365 0.010177
366 0.010185
367 0.010197
368 0.000008
369 0.000002
370 0.000002
371 0.000002
372 0.000003
373 0.000003
374 0.000004
375 0.000005
376 0.000005
377 0.000006
378 0.000007
379 0.000010
380 0.000013
381 0.000026
382 0.000084
383 0.000185
384 0.000153
385 0.000080
386 0.000043
387 0.000037
388 0.000038
389 0.000037
390 0.000042
391 0.000057
392 0.010176
393 0.010185
394 0.010193
395 0.000248
396 0.000003
397 0.000001
398 0.000001
399 0.000002
400 0.000002
401 0.000003
402 0.000003
403 0.000004
404 0.000004
405 0.000005
406 0.000006
407 0.000010
408 0.000021
409 0.000057
410 0.000091
411 0.000057
412 0.000034
413 0.000022
414 0.000022
415 0.000028
416 0.000036
417 0.000036
418 0.000039
419 0.000042
420 0.010174
421 0.010190
422 0.010198
423 0.000023
424 0.000002
425 0.000001
426 0.000001
427 0.000001
428 0.000002
429 0.000002
430 0.000002
431 0.000003
432 0.000003
433 0.000005
434 0.000008
435 0.000015
436 0.000031
437 0.000040
438 0.000025
439 0.000018
440 0.000014
441 0.000018
442 0.000024
443 0.000022
444 0.000027
445 0.000028
446 0.000035
447 0.000039
448 0.010173
449 0.010192
450 0.010201
451 0.000007
452 0.000001
453 0.000001
454 0.000001
455 0.000001
456 0.000001
457 0.000002
458 0.000002
459 0.000003
460 0.000003
461 0.000006
462 0.000010
463 0.000017
464 0.000018
465 0.000013
466 0.000009
467 0.000011
468 0.000012
469 0.000017
470 0.000020
471 0.000021
472 0.000025
473 0.000025
474 0.000032
475 0.000063
476 0.010133
477 0.010157
478 0.000685
479 0.000003
480 0.000001
481 0.000001
482 0.000001
483 0.000001
484 0.000001
485 0.000001
486 0.000002
487 0.000002
488 0.000004
489 0.000006
490 0.000008
491 0.000008
492 0.000007
493 0.000006
494 0.000008
495 0.000010
496 0.000011
497 0.000015
498 0.000015
499 0.000017
500 0.000035
501 0.000064
502 0.000141
503 0.000394
504 0.010078
505 0.010104
506 0.000035
507 0.000001
508 0.000001
509 0.000001
510 0.000001
511 0.000001
512 0.000001
513 0.000001
514 0.000002
515 0.000002
516 0.000003
517 0.000004
518 0.000004
519 0.000004
520 0.000004
521 0.000005
522 0.000006
523 0.000008
524 0.000009
525 0.000016
526 0.000034
527 0.000072
528 0.000178
529 0.000478
530 0.001818
531 0.010837
532 0.010079
533 0.010082
534 0.000011
535 0.000001
536 0.000001
537 0.000001
538 0.000001
539 0.000001
540 0.000001
541 0.000001
542 0.000002
543 0.000002
544 0.000002
545 0.000002
546 0.000003
547 0.000003
548 0.000004
549 0.000005
550 0.000005
551 0.000015
552 0.000031
553 0.000096
554 0.000263
555 0.001029
556 0.005691
557 0.011379
558 0.010800
559 0.010803
560 0.010075
561 0.010076
562 0.000009
563 0.000001
564 0.000001
565 0.000001
566 0.000001
567 0.000001
568 0.000001
569 0.000001
570 0.000001
571 0.000001
572 0.000001
573 0.000002
574 0.000002
575 0.000003
576 0.000006
577 0.000014
578 0.000034
579 0.000103
580 0.000574
581 0.005085
582 0.012572
583 0.012422
584 0.012518
585 0.010746
586 0.010758
587 0.010728
588 0.010071
589 0.010075
590 0.000065
591 0.000003
592 0.000001
593 0.000001
594 0.000001
595 0.000001
596 0.000001
597 0.000001
598 0.000001
599 0.000001
600 0.000001
601 0.000002
602 0.000004
603 0.000012
604 0.000041
605 0.000270
606 0.002772
607 0.011210
608 0.011168
609 0.011644
610 0.011896
611 0.012206
612 0.010708
613 0.010721
614 0.010693
615 0.010699
616 0.010069
617 0.010071
618 0.010075
619 0.000122
620 0.000004
621 0.000002
622 0.000001
623 0.000001
624 0.000001
625 0.000001
626 0.000001
627 0.000002
628 0.000004
629 0.000013
630 0.000053
631 0.001045
632 0.011416
633 0.011421
634 0.011297
635 0.011141
636 0.011077
637 0.010951
638 0.011353
639 0.010670
640 0.010673
641 0.010645
642 0.012779
643 0.012984
644 0.010068
645 0.010069
646 0.010070
647 0.010074
648 0.000983
649 0.000005
650 0.000002
651 0.000001
652 0.000002
653 0.000003
654 0.000007
655 0.000028
656 0.000306
657 0.011178
658 0.011143
659 0.011162
660 0.011204
661 0.011178
662 0.011147
663 0.011062
664 0.010997
665 0.010800
666 0.010661
667 0.010613
668 0.010610
669 0.012686
670 0.012737
671 0.012971
672 0.000000
673 0.010068
674 0.010069
675 0.010073
676 0.010071
677 0.010075
678 0.000022
679 0.000014
680 0.000029
681 0.000190
682 0.010591
683 0.011051
684 0.011189
685 0.011111
686 0.011079
687 0.011056
688 0.011028
689 0.010900
690 0.010886
691 0.010855
692 0.010804
693 0.010691
694 0.010656
695 0.010603
696 0.012659
697 0.012669
698 0.012684
699 0.012813
700 0.000000
701 0.000000
702 0.010068
703 0.010069
704 0.010070
705 0.010071
706 0.010075
707 0.010075
708 0.010077
709 0.010081
710 0.010397
711 0.010837
712 0.011177
713 0.011139
714 0.011023
715 0.010990
716 0.010965
717 0.010913
718 0.010782
719 0.010765
720 0.010745
721 0.010688
722 0.010631
723 0.012696
724 0.012295
725 0.012615
726 0.012602
727 0.012642
728 0.000000
729 0.000000
730 0.000000
731 0.000000
732 0.010069
733 0.010069
734 0.010073
735 0.010074
736 0.010075
737 0.010078
738 0.010080
739 0.010668
740 0.011034
741 0.011075
742 0.011015
743 0.010981
744 0.010905
745 0.010846
746 0.010775
747 0.010720
748 0.010703
749 0.010649
750 0.011847
751 0.011333
752 0.011325
753 0.011964
754 0.012687
755 0.012590
756 0.000000
757 0.000000
758 0.000000
759 0.000000
760 0.000000
761 0.010068
762 0.010069
763 0.010073
764 0.010073
765 0.010074
766 0.010074
767 0.010487
768 0.010891
769 0.011021
770 0.011003
771 0.010968
772 0.010883
773 0.010777
774 0.010779
775 0.010749
776 0.010696
777 0.011116
778 0.010734
779 0.010731
780 0.010914
781 0.011137
782 0.011702
783 0.012609
