0 0.007771
1 0.005457
2 0.004463
3 0.004314
4 0.003685
5 0.003285
6 0.003070
7 0.002968
8 0.000961
9 0.000269
10 0.000243
11 0.000359
12 0.000580
13 0.000731
14 0.000761
15 0.001111
16 0.000694
17 0.000394
18 0.000669
19 0.002517
20 0.005001
21 0.005001
22 0.005274
23 0.005305
24 0.006852
25 0.010828
26 0.013699
27 0.013449
28 0.010684
29 0.007771
30 0.005357
31 0.004324
32 0.003782
33 0.003354
34 0.002968
35 0.002157
36 0.000469
37 0.000156
38 0.000147
39 0.000212
40 0.000363
41 0.000702
42 0.000702
43 0.000923
44 0.001045
45 0.001120
46 0.000710
47 0.002107
48 0.004747
49 0.005006
50 0.000000
51 0.000000
52 0.010828
53 0.013699
54 0.012508
55 0.007694
56 0.013954
57 0.010684
58 0.008088
59 0.005300
60 0.004124
61 0.003192
62 0.002870
63 0.001149
64 0.000269
65 0.000110
66 0.000135
67 0.000128
68 0.000198
69 0.000406
70 0.000594
71 0.000709
72 0.002247
73 0.002160
74 0.001087
75 0.001201
76 0.000004
77 0.000000
78 0.000000
79 0.000000
80 0.000000
81 0.012508
82 0.007694
83 0.004131
84 0.013293
85 0.014281
86 0.011075
87 0.007647
88 0.004755
89 0.003636
90 0.002930
91 0.000564
92 0.000129
93 0.000091
94 0.000089
95 0.000090
96 0.000119
97 0.000259
98 0.000497
99 0.000980
100 0.002379
101 0.001863
102 0.000003
103 0.000000
104 0.000000
105 0.000000
106 0.000000
107 0.000000
108 0.000000
109 0.006823
110 0.004039
111 0.002960
112 0.010897
113 0.012622
114 0.014473
115 0.011075
116 0.000000
117 0.000000
118 0.000000
119 0.000000
120 0.000001
121 0.000033
122 0.000079
123 0.000079
124 0.000083
125 0.000132
126 0.000371
127 0.000111
128 0.000005
129 0.000000
130 0.000000
131 0.000000
132 0.000000
133 0.000000
134 0.000000
135 0.000000
136 0.006784
137 0.003501
138 0.002532
139 0.003312
140 0.009628
141 0.010897
142 0.012622
143 0.014738
144 0.000000
145 0.000000
146 0.000000
147 0.000000
148 0.000000
149 0.000000
150 0.000000
151 0.000000
152 0.000001
153 0.000000
154 0.000001
155 0.000000
156 0.000000
157 0.000000
158 0.000000
159 0.000000
160 0.000000
161 0.000000
162 0.000000
163 0.000017
164 0.003316
165 0.002382
166 0.003112
167 0.004220
168 0.010001
169 0.009628
170 0.010507
171 0.012144
172 0.000017
173 0.000000
174 0.000000
175 0.000000
176 0.000000
177 0.000000
178 0.000000
179 0.000000
180 0.000000
181 0.000000
182 0.000000
183 0.000000
184 0.000000
185 0.000000
186 0.000000
187 0.000000
188 0.000000
189 0.000000
190 0.000000
191 0.002933
192 0.002294
193 0.002860
194 0.004406
195 0.007329
196 0.010002
197 0.010001
198 0.009490
199 0.010508
200 0.001860
201 0.000006
202 0.000000
203 0.000000
204 0.000000
205 0.000000
206 0.000000
207 0.000000
208 0.000000
209 0.000000
210 0.000000
211 0.000000
212 0.000000
213 0.000000
214 0.000000
215 0.000000
216 0.000000
217 0.000000
218 0.000010
219 0.001222
220 0.003069
221 0.005018
222 0.007520
223 0.008591
224 0.008287
225 0.010002
226 0.010002
227 0.009401
228 0.010182
229 0.000007
230 0.000000
231 0.000000
232 0.000000
233 0.000000
234 0.000000
235 0.000000
236 0.000000
237 0.000000
238 0.000000
239 0.000000
240 0.000000
241 0.000000
242 0.000000
243 0.000000
244 0.000000
245 0.000000
246 0.000045
247 0.000281
248 0.000785
249 0.001769
250 0.002583
251 0.002540
252 0.005176
253 0.006880
254 0.009260
255 0.006372
256 0.001758
257 0.000002
258 0.000000
259 0.000000
260 0.000000
261 0.000000
262 0.000000
263 0.000000
264 0.000000
265 0.000000
266 0.000000
267 0.000000
268 0.000000
269 0.000000
270 0.000000
271 0.000000
272 0.000000
273 0.000000
274 0.000013
275 0.000148
276 0.000298
277 0.000365
278 0.000360
279 0.000354
280 0.002746
281 0.001579
282 0.001235
283 0.000621
284 0.000366
285 0.000003
286 0.000000
287 0.000000
288 0.000000
289 0.000000
290 0.000000
291 0.000000
292 0.000000
293 0.000000
294 0.000000
295 0.000001
296 0.000000
297 0.000000
298 0.000000
299 0.000000
300 0.000000
301 0.000009
302 0.000011
303 0.000288
304 0.000202
305 0.000150
306 0.000121
307 0.000096
308 0.000576
309 0.000250
310 0.000140
311 0.000095
312 0.000025
313 0.000001
314 0.000000
315 0.000000
316 0.000000
317 0.000000
318 0.000000
319 0.000001
320 0.000001
321 0.000000
322 0.000000
323 0.000000
324 0.000000
325 0.000000
326 0.000000
327 0.000000
328 0.000052
329 0.000140
330 0.000037
331 0.000054
332 0.000109
333 0.000079
334 0.000067
335 0.000137
336 0.000230
337 0.000096
338 0.000065
339 0.000045
340 0.000004
341 0.000000
342 0.000000
343 0.000000
344 0.000000
345 0.000001
346 0.000004
347 0.000056
348 0.000058
349 0.000013
350 0.000001
351 0.000000
352 0.000000
353 0.000000
354 0.000000
355 0.000002
356 0.999996
357 0.001432
358 0.000052
359 0.000018
360 0.000126
361 0.000113
362 0.000147
363 0.000224
364 0.000350
365 0.000229
366 0.000103
367 0.000045
368 0.000001
369 0.000000
370 0.000000
371 0.000000
372 0.000000
373 0.000015
374 0.000567
375 0.000425
376 0.000326
377 0.000322
378 0.000002
379 0.000000
380 0.000000
381 0.000000
382 0.000000
383 0.000002
384 0.000561
385 0.002047
386 0.000051
387 0.000030
388 0.000300
389 0.000716
390 0.000699
391 0.000821
392 0.000654
393 0.000322
394 0.000158
395 0.000022
396 0.000000
397 0.000000
398 0.000000
399 0.000000
400 0.000000
401 0.000050
402 0.999991
403 0.002264
404 0.001021
405 0.000067
406 0.000005
407 0.000000
408 0.000000
409 0.000000
410 0.000000
411 0.000001
412 0.000006
413 0.000074
414 0.000056
415 0.000044
416 0.000323
417 0.004153
418 0.003646
419 0.002627
420 0.000580
421 0.000535
422 0.000387
423 0.000012
424 0.000000
425 0.000000
426 0.000000
427 0.000001
428 0.000001
429 0.000017
430 0.001502
431 0.009841
432 0.000157
433 0.000006
434 0.000001
435 0.000001
436 0.000000
437 0.000000
438 0.000000
439 0.000000
440 0.000000
441 0.000006
442 0.000087
443 0.000024
444 0.000152
445 0.008514
446 0.029580
447 0.044518
448 0.000566
449 0.000453
450 0.000476
451 0.000008
452 0.000001
453 0.000001
454 0.000003
455 0.000021
456 0.000017
457 0.000010
458 0.000096
459 0.000352
460 0.000012
461 0.000001
462 0.000000
463 0.000001
464 0.000002
465 0.000002
466 0.000002
467 0.000000
468 0.000000
469 0.000001
470 0.000020
471 0.000050
472 0.000292
473 0.008285
474 0.027855
475 0.040524
476 0.000544
477 0.000513
478 0.000374
479 0.000008
480 0.000001
481 0.000004
482 0.000032
483 0.000267
484 0.000426
485 0.000052
486 0.000007
487 0.000002
488 0.000001
489 0.000000
490 0.000000
491 0.000000
492 0.000003
493 0.000105
494 0.000122
495 0.000009
496 0.000001
497 0.000001
498 0.000019
499 0.000188
500 0.000065
501 0.000556
502 0.011342
503 0.006038
504 0.000945
505 0.001604
506 0.000296
507 0.000007
508 0.000002
509 0.000008
510 0.000120
511 0.002616
512 0.999991
513 0.000230
514 0.000003
515 0.000000
516 0.000000
517 0.000000
518 0.000000
519 0.000000
520 0.000001
521 0.000542
522 0.999982
523 0.005284
524 0.000089
525 0.000002
526 0.000003
527 0.000036
528 0.000014
529 0.000032
530 0.001212
531 0.002655
532 0.003227
533 0.006644
534 0.000361
535 0.000009
536 0.000003
537 0.000029
538 0.001193
539 0.005989
540 0.003302
541 0.000085
542 0.000002
543 0.000000
544 0.000000
545 0.000000
546 0.000000
547 0.000000
548 0.000004
549 0.000233
550 0.004983
551 0.031217
552 0.002930
553 0.000070
554 0.000001
555 0.000004
556 0.000014
557 0.000056
558 0.001030
559 0.001441
560 0.009984
561 0.017322
562 0.000411
563 0.000010
564 0.000014
565 0.000420
566 0.007810
567 0.002342
568 0.000164
569 0.000009
570 0.000000
571 0.000000
572 0.000000
573 0.000001
574 0.000004
575 0.000002
576 0.000003
577 0.000003
578 0.000024
579 0.000867
580 0.003765
581 0.001090
582 0.000054
583 0.000007
584 0.000050
585 0.000987
586 0.001028
587 0.001208
588 0.018830
589 0.014616
590 0.001353
591 0.000045
592 0.000200
593 0.008295
594 0.002771
595 0.000238
596 0.000014
597 0.000004
598 0.000000
599 0.000000
600 0.000001
601 0.000003
602 0.000021
603 0.000050
604 0.000036
605 0.000001
606 0.000001
607 0.000005
608 0.000173
609 0.003581
610 0.003879
611 0.000336
612 0.002066
613 0.001266
614 0.001158
615 0.001200
616 0.012393
617 0.010003
618 0.010002
619 0.003023
620 0.006970
621 0.003967
622 0.000172
623 0.000018
624 0.000011
625 0.000008
626 0.000004
627 0.000001
628 0.000001
629 0.000003
630 0.000075
631 0.000289
632 0.000229
633 0.000019
634 0.000007
635 0.000004
636 0.000006
637 0.000141
638 0.008044
639 0.006365
640 0.003638
641 0.002479
642 0.000000
643 0.000000
644 0.010003
645 0.010002
646 0.010002
647 0.010003
648 0.013742
649 0.003485
650 0.000036
651 0.000013
652 0.000016
653 0.000012
654 0.000017
655 0.000009
656 0.000004
657 0.000077
658 0.001086
659 0.002114
660 0.001064
661 0.000686
662 0.000125
663 0.000025
664 0.000011
665 0.000338
666 0.006917
667 0.010009
668 0.007464
669 0.000000
670 0.000000
671 0.000000
672 0.000000
673 0.010002
674 0.010003
675 0.010025
676 0.007393
677 0.003703
678 0.000369
679 0.000025
680 0.000051
681 0.000122
682 0.000558
683 0.000147
684 0.000038
685 0.000114
686 0.001284
687 0.007577
688 0.010003
689 0.010000
690 0.001716
691 0.000475
692 0.000609
693 0.002181
694 0.003930
695 0.007880
696 0.000000
697 0.000000
698 0.000000
699 0.000000
700 0.000000
701 0.000000
702 0.010003
703 0.007603
704 0.003968
705 0.002005
706 0.001126
707 0.000999
708 0.000915
709 0.000751
710 0.000615
711 0.000325
712 0.000159
713 0.000196
714 0.001512
715 0.004677
716 0.010003
717 0.010002
718 0.009999
719 0.004636
720 0.002342
721 0.001958
722 0.002611
723 0.000000
724 0.000000
725 0.000000
726 0.000000
727 0.000000
728 0.000000
729 0.000000
730 0.000000
731 0.000000
732 0.002183
733 0.001364
734 0.001090
735 0.001043
736 0.000999
737 0.000824
738 0.000751
739 0.000718
740 0.000546
741 0.000536
742 0.001005
743 0.002554
744 0.007738
745 0.010003
746 0.010001
747 0.008561
748 0.004120
749 0.002456
750 0.000001
751 0.000000
752 0.000001
753 0.000001
754 0.000000
755 0.000000
756 0.000000
757 0.000000
758 0.000003
759 0.000001
760 0.000000
761 0.001364
762 0.001309
763 0.001090
764 0.001043
765 0.000999
766 0.000956
767 0.001447
768 0.001536
769 0.001477
770 0.000699
771 0.001688
772 0.004856
773 0.010003
774 0.010002
775 0.010000
776 0.007424
777 0.000037
778 0.000457
779 0.000355
780 0.000215
781 0.000002
782 0.000002
783 0.000000
