0 0.002511
1 0.003361
2 0.004108
3 0.006217
4 0.005958
5 0.005711
6 0.005711
7 0.003978
8 0.000292
9 0.000017
10 0.000010
11 0.000008
12 0.000009
13 0.000009
14 0.000009
15 0.000009
16 0.000007
17 0.000005
18 0.000029
19 0.000158
20 0.000443
21 0.000473
22 0.000624
23 0.000832
24 0.001110
25 0.002857
26 0.007243
27 0.010300
28 0.002114
29 0.002278
30 0.002757
31 0.003960
32 0.005958
33 0.005958
34 0.005711
35 0.003168
36 0.000139
37 0.000011
38 0.000005
39 0.000006
40 0.000006
41 0.000008
42 0.000007
43 0.000006
44 0.000005
45 0.000005
46 0.000010
47 0.000084
48 0.000333
49 0.000443
50 0.000000
51 0.000000
52 0.002765
53 0.007243
54 0.009629
55 0.009113
56 0.002278
57 0.001903
58 0.001807
59 0.002568
60 0.003748
61 0.005711
62 0.005711
63 0.001081
64 0.000094
65 0.000011
66 0.000008
67 0.000004
68 0.000003
69 0.000004
70 0.000004
71 0.000004
72 0.000004
73 0.000003
74 0.000005
75 0.000027
76 0.000000
77 0.000000
78 0.000000
79 0.000000
80 0.000000
81 0.009629
82 0.009113
83 0.005062
84 0.002418
85 0.001807
86 0.001494
87 0.001488
88 0.002219
89 0.003469
90 0.005711
91 0.000355
92 0.000035
93 0.000015
94 0.000008
95 0.000004
96 0.000003
97 0.000003
98 0.000003
99 0.000003
100 0.000003
101 0.000001
102 0.000000
103 0.000000
104 0.000000
105 0.000000
106 0.000000
107 0.000000
108 0.000000
109 0.008197
110 0.005062
111 0.003254
112 0.002436
113 0.001998
114 0.001392
115 0.001266
116 0.000000
117 0.000000
118 0.000000
119 0.000000
120 0.000000
121 0.000005
122 0.000013
123 0.000006
124 0.000003
125 0.000002
126 0.000002
127 0.000000
128 0.000000
129 0.000000
130 0.000000
131 0.000000
132 0.000000
133 0.000000
134 0.000000
135 0.000000
136 0.000051
137 0.004561
138 0.003079
139 0.004013
140 0.003778
141 0.002021
142 0.001556
143 0.001303
144 0.000000
145 0.000000
146 0.000000
147 0.000000
148 0.000000
149 0.000000
150 0.000000
151 0.000000
152 0.000000
153 0.000000
154 0.000000
155 0.000000
156 0.000000
157 0.000000
158 0.000000
159 0.000000
160 0.000000
161 0.000000
162 0.000000
163 0.000000
164 0.004300
165 0.002913
166 0.003793
167 0.004400
168 0.006209
169 0.004249
170 0.001854
171 0.001404
172 0.000000
173 0.000000
174 0.000000
175 0.000000
176 0.000000
177 0.000000
178 0.000000
179 0.000000
180 0.000000
181 0.000000
182 0.000000
183 0.000000
184 0.000000
185 0.000000
186 0.000000
187 0.000000
188 0.000000
189 0.000000
190 0.000000
191 0.000000
192 0.003043
193 0.003587
194 0.004369
195 0.005610
196 0.010319
197 0.007131
198 0.004560
199 0.001648
200 0.000008
201 0.000000
202 0.000000
203 0.000000
204 0.000000
205 0.000000
206 0.000000
207 0.000000
208 0.000000
209 0.000000
210 0.000000
211 0.000000
212 0.000000
213 0.000000
214 0.000000
215 0.000000
216 0.000000
217 0.000000
218 0.000000
219 0.000023
220 0.003988
221 0.004865
222 0.005375
223 0.004919
224 0.009014
225 0.011660
226 0.008334
227 0.004832
228 0.002572
229 0.000000
230 0.000000
231 0.000000
232 0.000000
233 0.000000
234 0.000000
235 0.000000
236 0.000000
237 0.000000
238 0.000000
239 0.000000
240 0.000000
241 0.000000
242 0.000000
243 0.000000
244 0.000000
245 0.000000
246 0.000000
247 0.000148
248 0.000353
249 0.000610
250 0.000936
251 0.000786
252 0.010238
253 0.009189
254 0.013365
255 0.005339
256 0.000555
257 0.000000
258 0.000000
259 0.000000
260 0.000000
261 0.000000
262 0.000000
263 0.000000
264 0.000000
265 0.000000
266 0.000000
267 0.000000
268 0.000000
269 0.000000
270 0.000000
271 0.000000
272 0.000000
273 0.000000
274 0.000000
275 0.000037
276 0.000059
277 0.000060
278 0.000051
279 0.000045
280 0.008312
281 0.003329
282 0.001319
283 0.000447
284 0.000152
285 0.000000
286 0.000000
287 0.000000
288 0.000000
289 0.000000
290 0.000000
291 0.000000
292 0.000000
293 0.000000
294 0.000000
295 0.000000
296 0.000000
297 0.000000
298 0.000000
299 0.000000
300 0.000000
301 0.000000
302 0.000000
303 0.000053
304 0.000027
305 0.000015
306 0.000010
307 0.000007
308 0.000535
309 0.000323
310 0.000214
311 0.000099
312 0.000004
313 0.000000
314 0.000000
315 0.000000
316 0.000000
317 0.000000
318 0.000000
319 0.000000
320 0.000000
321 0.000000
322 0.000000
323 0.000000
324 0.000000
325 0.000000
326 0.000000
327 0.000000
328 0.000000
329 0.000000
330 0.000000
331 0.000002
332 0.000009
333 0.000005
334 0.000004
335 0.000007
336 0.000072
337 0.000044
338 0.000045
339 0.000047
340 0.000001
341 0.000000
342 0.000000
343 0.000000
344 0.000000
345 0.000000
346 0.000000
347 0.000000
348 0.000000
349 0.000000
350 0.000006
351 0.000050
352 0.000000
353 0.000000
354 0.000000
355 0.000000
356 0.000000
357 0.000000
358 0.000000
359 0.000000
360 0.000002
361 0.000003
362 0.000004
363 0.000005
364 0.000033
365 0.000028
366 0.000023
367 0.000019
368 0.000000
369 0.000000
370 0.000000
371 0.000000
372 0.000000
373 0.000000
374 0.000000
375 0.000000
376 0.000000
377 0.000000
378 0.000001
379 0.000004
380 0.000069
381 0.000007
382 0.000000
383 0.000000
384 0.000000
385 0.000000
386 0.000000
387 0.000000
388 0.000001
389 0.000003
390 0.000003
391 0.000005
392 0.000020
393 0.000012
394 0.000007
395 0.000001
396 0.000000
397 0.000000
398 0.000000
399 0.000000
400 0.000000
401 0.000000
402 0.000000
403 0.000005
404 0.000055
405 0.000001
406 0.000000
407 0.000000
408 0.000020
409 1.000000
410 0.000000
411 0.000000
412 0.000000
413 0.000000
414 0.000000
415 0.000000
416 0.000000
417 0.000002
418 0.000003
419 0.000004
420 0.000009
421 0.000005
422 0.000005
423 0.000000
424 0.000000
425 0.000000
426 0.000000
427 0.000000
428 0.000000
429 0.000000
430 0.000000
431 0.005544
432 0.303687
433 0.000081
434 0.000000
435 0.000000
436 0.000002
437 0.000006
438 0.000000
439 0.000000
440 0.000000
441 0.000000
442 0.000000
443 0.000000
444 0.000000
445 0.000002
446 0.000003
447 0.000004
448 0.000015
449 0.000006
450 0.000003
451 0.000000
452 0.000000
453 0.000000
454 0.000000
455 0.000000
456 0.000000
457 0.000000
458 0.000001
459 1.000000
460 0.019669
461 0.000629
462 0.000005
463 0.000000
464 0.000000
465 0.000000
466 0.000000
467 0.000000
468 0.000000
469 0.000000
470 0.000000
471 0.000000
472 0.000000
473 0.000001
474 0.000003
475 0.000006
476 0.000066
477 0.000028
478 0.000002
479 0.000000
480 0.000000
481 0.000000
482 0.000000
483 0.000000
484 0.000000
485 0.000000
486 0.000000
487 0.000008
488 0.000043
489 0.000147
490 0.000015
491 0.000000
492 0.000000
493 0.000000
494 0.000000
495 0.000000
496 0.000000
497 0.000000
498 0.000000
499 0.000000
500 0.000000
501 0.000000
502 0.000017
503 0.000039
504 0.000412
505 0.000199
506 0.000001
507 0.000000
508 0.000000
509 0.000000
510 0.000000
511 0.000000
512 0.000000
513 0.000000
514 0.000000
515 0.000000
516 0.000000
517 0.000000
518 0.000002
519 0.000001
520 0.000000
521 0.000000
522 0.000000
523 0.000000
524 0.000000
525 0.000000
526 0.000000
527 0.000000
528 0.000000
529 0.000001
530 0.000345
531 0.000686
532 0.000382
533 0.000339
534 0.000001
535 0.000000
536 0.000000
537 0.000000
538 0.000000
539 0.000000
540 0.000000
541 0.000000
542 0.000000
543 0.000000
544 0.000000
545 0.000000
546 0.000000
547 0.000000
548 0.000000
549 0.000000
550 0.000000
551 0.000000
552 0.000000
553 0.000000
554 0.000000
555 0.000000
556 0.000001
557 0.000061
558 0.002936
559 0.001714
560 0.000488
561 0.000461
562 0.000001
563 0.000000
564 0.000000
565 0.000000
566 0.000000
567 0.000002
568 0.000001
569 0.000000
570 0.000000
571 0.000000
572 0.000000
573 0.000000
574 0.000000
575 0.000000
576 0.000000
577 0.000000
578 0.000000
579 0.000000
580 0.000000
581 0.000001
582 0.000010
583 0.000002
584 0.000043
585 0.010000
586 0.008108
587 0.004481
588 0.000621
589 0.000488
590 0.000012
591 0.000000
592 0.000000
593 0.000000
594 0.000009
595 0.000004
596 0.000000
597 0.000000
598 0.000000
599 0.000000
600 0.000000
601 0.000000
602 0.000000
603 0.000000
604 0.000000
605 0.000000
606 0.000000
607 0.000000
608 0.000000
609 0.000001
610 0.000002
611 0.000013
612 0.003507
613 0.008077
614 0.010000
615 0.010000
616 0.000692
617 0.000639
618 0.001195
619 0.000124
620 0.000003
621 0.000003
622 0.000002
623 0.000000
624 0.000000
625 0.000000
626 0.000000
627 0.000000
628 0.000000
629 0.000000
630 0.000000
631 0.000000
632 0.000000
633 0.000000
634 0.000000
635 0.000000
636 0.000000
637 0.000000
638 0.000003
639 0.000782
640 0.001664
641 0.003633
642 0.000000
643 0.000000
644 0.000734
645 0.001162
646 0.002969
647 0.006672
648 0.003690
649 0.000009
650 0.000001
651 0.000000
652 0.000000
653 0.000000
654 0.000000
655 0.000000
656 0.000005
657 0.000558
658 0.000320
659 0.000007
660 0.000001
661 0.000002
662 0.000002
663 0.000002
664 0.000000
665 0.000010
666 0.000462
667 0.000490
668 0.000848
669 0.000000
670 0.000000
671 0.000000
672 0.000000
673 0.002805
674 0.006075
675 0.011365
676 0.010000
677 0.010000
678 0.000012
679 0.000002
680 0.000004
681 0.000099
682 0.001869
683 0.000291
684 0.000097
685 0.000147
686 0.000085
687 0.000067
688 0.000061
689 0.001219
690 0.006666
691 0.001186
692 0.001225
693 0.000758
694 0.000603
695 0.000567
696 0.000000
697 0.000000
698 0.000000
699 0.000000
700 0.000000
701 0.000000
702 0.011024
703 0.010000
704 0.010000
705 0.004973
706 0.001791
707 0.000878
708 0.001941
709 0.005569
710 0.004678
711 0.000718
712 0.000159
713 0.000035
714 0.000027
715 0.000047
716 0.000170
717 0.001100
718 0.052159
719 0.034528
720 0.015793
721 0.005276
722 0.000868
723 0.000000
724 0.000000
725 0.000000
726 0.000000
727 0.000000
728 0.000000
729 0.000000
730 0.000000
731 0.000000
732 0.006218
733 0.002323
734 0.000958
735 0.001409
736 0.004556
737 0.009585
738 0.010000
739 0.001441
740 0.000180
741 0.000017
742 0.000009
743 0.000023
744 0.000297
745 0.002555
746 0.010000
747 0.056212
748 0.027020
749 0.014585
750 0.000000
751 0.000000
752 0.000000
753 0.000000
754 0.000000
755 0.000000
756 0.000000
757 0.000000
758 0.000000
759 0.000000
760 0.000000
761 0.001365
762 0.001161
763 0.003023
764 0.008311
765 0.010000
766 0.010000
767 0.003012
768 0.000170
769 0.000012
770 0.000006
771 0.000018
772 0.000334
773 0.005830
774 0.010000
775 0.023100
776 0.044954
777 0.000000
778 0.000454
779 0.000050
780 0.000000
781 0.000000
782 0.000000
783 0.000000
