0 0.003315
1 0.003186
2 0.002757
3 0.002942
4 0.002529
5 0.002160
6 0.001969
7 0.002363
8 0.000980
9 0.000447
10 0.000600
11 0.000754
12 0.000890
13 0.000577
14 0.000215
15 0.000119
16 0.000096
17 0.000073
18 0.000258
19 0.000992
20 0.001818
21 0.001684
22 0.001795
23 0.001866
24 0.002651
25 0.004258
26 0.007240
27 0.009652
28 0.002879
29 0.003061
30 0.002640
31 0.002529
32 0.002422
33 0.002223
34 0.001881
35 0.001260
36 0.000296
37 0.000162
38 0.000352
39 0.000589
40 0.001604
41 0.001171
42 0.000467
43 0.000100
44 0.000072
45 0.000072
46 0.000117
47 0.000523
48 0.001428
49 0.001483
50 0.000000
51 0.000000
52 0.004115
53 0.007189
54 0.009922
55 0.010697
56 0.003061
57 0.002640
58 0.002529
59 0.002422
60 0.002223
61 0.001880
62 0.001796
63 0.000595
64 0.000108
65 0.000067
66 0.000167
67 0.000465
68 0.001234
69 0.002235
70 0.000546
71 0.000130
72 0.000068
73 0.000058
74 0.000055
75 0.000202
76 0.000001
77 0.000000
78 0.000000
79 0.000000
80 0.000000
81 0.009922
82 0.010697
83 0.010732
84 0.002942
85 0.002529
86 0.002160
87 0.001969
88 0.001880
89 0.001796
90 0.001638
91 0.000253
92 0.000045
93 0.000036
94 0.000068
95 0.000267
96 0.001306
97 0.003127
98 0.001250
99 0.000253
100 0.000061
101 0.000018
102 0.000000
103 0.000000
104 0.000000
105 0.000000
106 0.000000
107 0.000000
108 0.000000
109 0.009727
110 0.010543
111 0.016094
112 0.002529
113 0.002422
114 0.001969
115 0.001880
116 0.000000
117 0.000000
118 0.000000
119 0.000000
120 0.000000
121 0.000006
122 0.000036
123 0.000167
124 0.000949
125 0.001941
126 0.002363
127 0.000031
128 0.000000
129 0.000000
130 0.000000
131 0.000000
132 0.000000
133 0.000000
134 0.000000
135 0.000000
136 0.000145
137 0.011400
138 0.019707
139 0.039778
140 0.002422
141 0.002062
142 0.001880
143 0.001796
144 0.000000
145 0.000000
146 0.000000
147 0.000000
148 0.000000
149 0.000000
150 0.000000
151 0.000000
152 0.000004
153 0.000002
154 0.000004
155 0.000000
156 0.000000
157 0.000000
158 0.000000
159 0.000000
160 0.000000
161 0.000001
162 0.000000
163 0.000000
164 0.011686
165 0.025042
166 0.048980
167 0.115311
168 0.002062
169 0.001880
170 0.001796
171 0.001638
172 0.000000
173 0.000000
174 0.000000
175 0.000000
176 0.000000
177 0.000000
178 0.000000
179 0.000000
180 0.000000
181 0.000000
182 0.000000
183 0.000000
184 0.000000
185 0.000000
186 0.000000
187 0.000000
188 0.000001
189 0.000000
190 0.000000
191 0.000002
192 0.033179
193 0.061862
194 0.161596
195 0.080373
196 0.001880
197 0.001796
198 0.001505
199 0.001365
200 0.000002
201 0.000000
202 0.000000
203 0.000000
204 0.000000
205 0.000000
206 0.000000
207 0.000000
208 0.000000
209 0.000000
210 0.000000
211 0.000000
212 0.000000
213 0.000000
214 0.000000
215 0.000001
216 0.000001
217 0.000000
218 0.000000
219 0.000751
220 0.090587
221 0.137367
222 0.069290
223 0.015782
224 0.001816
225 0.001511
226 0.001365
227 0.001300
228 0.001019
229 0.000000
230 0.000000
231 0.000000
232 0.000000
233 0.000000
234 0.000000
235 0.000000
236 0.000000
237 0.000000
238 0.000000
239 0.000000
240 0.000000
241 0.000000
242 0.000000
243 0.000001
244 0.000000
245 0.000000
246 0.000000
247 0.004948
248 0.008224
249 0.003988
250 0.001598
251 0.001149
252 0.001734
253 0.001380
254 0.001314
255 0.000744
256 0.000155
257 0.000000
258 0.000000
259 0.000000
260 0.000000
261 0.000000
262 0.000000
263 0.000000
264 0.000000
265 0.000000
266 0.000001
267 0.000002
268 0.000001
269 0.000002
270 0.000002
271 0.000000
272 0.000000
273 0.000000
274 0.000000
275 0.000478
276 0.000101
277 0.000041
278 0.000029
279 0.000029
280 0.001375
281 0.000475
282 0.000240
283 0.000084
284 0.000042
285 0.000000
286 0.000000
287 0.000000
288 0.000000
289 0.000000
290 0.000000
291 0.000000
292 0.000000
293 0.000000
294 0.000001
295 0.000016
296 0.003323
297 0.999996
298 0.000011
299 0.000000
300 0.000000
301 0.000000
302 0.000000
303 0.000025
304 0.000007
305 0.000004
306 0.000004
307 0.000006
308 0.000294
309 0.000152
310 0.000062
311 0.000026
312 0.000003
313 0.000000
314 0.000000
315 0.000000
316 0.000000
317 0.000000
318 0.000000
319 0.000000
320 0.000000
321 0.000000
322 0.000000
323 0.000004
324 0.000662
325 0.001658
326 0.000746
327 0.000000
328 0.000000
329 0.000000
330 0.000001
331 0.000005
332 0.000011
333 0.000006
334 0.000004
335 0.000007
336 0.000178
337 0.000066
338 0.000045
339 0.000023
340 0.000001
341 0.000000
342 0.000000
343 0.000000
344 0.000000
345 0.000000
346 0.000000
347 0.000000
348 0.000000
349 0.000000
350 0.000000
351 0.000001
352 0.000043
353 0.000012
354 0.000009
355 0.000001
356 0.000000
357 0.000000
358 0.000001
359 0.000003
360 0.000077
361 0.000037
362 0.000028
363 0.000015
364 0.000374
365 0.000196
366 0.000055
367 0.000017
368 0.000000
369 0.000000
370 0.000000
371 0.000000
372 0.000000
373 0.000000
374 0.000000
375 0.000000
376 0.000000
377 0.000000
378 0.000000
379 0.000003
380 0.000001
381 0.000001
382 0.000000
383 0.000000
384 0.000000
385 0.000000
386 0.000001
387 0.000002
388 0.000185
389 0.000423
390 0.000177
391 0.000099
392 0.000685
393 0.000251
394 0.000094
395 0.000008
396 0.000000
397 0.000000
398 0.000000
399 0.000000
400 0.000000
401 0.000000
402 0.000000
403 0.000000
404 0.000000
405 0.000000
406 0.000000
407 0.000001
408 0.000001
409 0.000000
410 0.000000
411 0.000000
412 0.000000
413 0.000003
414 0.000000
415 0.000003
416 0.000057
417 0.000577
418 0.000646
419 0.000701
420 0.000422
421 0.000417
422 0.000316
423 0.000005
424 0.000000
425 0.000000
426 0.000005
427 0.000001
428 0.000000
429 0.000000
430 0.000000
431 0.000000
432 0.000000
433 0.000000
434 0.000000
435 0.000000
436 0.000000
437 0.000000
438 0.000000
439 0.000000
440 0.000000
441 0.000004
442 0.000000
443 0.000000
444 0.000012
445 0.010571
446 0.002628
447 0.001390
448 0.000211
449 0.000180
450 0.000220
451 0.000003
452 0.000000
453 0.000009
454 0.000567
455 0.000017
456 0.000000
457 0.000000
458 0.000000
459 0.000000
460 0.000000
461 0.000000
462 0.000000
463 0.000000
464 0.000000
465 0.000000
466 0.000000
467 0.000000
468 0.000001
469 0.000002
470 0.000000
471 0.000000
472 0.000001
473 0.001382
474 0.019732
475 0.041618
476 0.000219
477 0.000188
478 0.000075
479 0.000001
480 0.000002
481 0.000439
482 0.999991
483 0.000033
484 0.000000
485 0.000000
486 0.000000
487 0.000000
488 0.000000
489 0.000000
490 0.000000
491 0.000000
492 0.000000
493 0.000000
494 0.000000
495 0.000000
496 0.000003
497 0.000080
498 0.000002
499 0.000000
500 0.000000
501 0.000108
502 0.015616
503 0.039332
504 0.000776
505 0.000888
506 0.000052
507 0.000001
508 0.000018
509 0.002105
510 0.000043
511 0.000014
512 0.000000
513 0.000000
514 0.000000
515 0.000000
516 0.000000
517 0.000000
518 0.000000
519 0.000000
520 0.000000
521 0.000000
522 0.000000
523 0.000000
524 0.000001
525 0.000696
526 0.000680
527 0.000003
528 0.000000
529 0.000003
530 0.004808
531 0.010686
532 0.001932
533 0.003426
534 0.000120
535 0.000036
536 0.000299
537 0.000107
538 0.000013
539 0.000003
540 0.000002
541 0.000000
542 0.000000
543 0.000000
544 0.000000
545 0.000000
546 0.000000
547 0.000000
548 0.000000
549 0.000000
550 0.000000
551 0.000000
552 0.000000
553 0.000042
554 0.999973
555 0.000351
556 0.000006
557 0.000008
558 0.000214
559 0.000662
560 0.005101
561 0.009775
562 0.000206
563 0.000115
564 0.001830
565 0.000091
566 0.000013
567 0.000005
568 0.000001
569 0.000000
570 0.000000
571 0.000000
572 0.000000
573 0.000000
574 0.000000
575 0.000000
576 0.000000
577 0.000000
578 0.000000
579 0.000000
580 0.000000
581 0.000000
582 0.000063
583 0.019599
584 0.000356
585 0.001743
586 0.000655
587 0.000350
588 0.011342
589 0.010004
590 0.001340
591 0.000334
592 0.000139
593 0.000004
594 0.000007
595 0.000004
596 0.000002
597 0.000000
598 0.000000
599 0.000000
600 0.000000
601 0.000000
602 0.000000
603 0.000000
604 0.000000
605 0.000000
606 0.000000
607 0.000000
608 0.000000
609 0.000000
610 0.000003
611 0.000672
612 0.007353
613 0.005435
614 0.002351
615 0.001109
616 0.010003
617 0.010001
618 0.004318
619 0.002805
620 0.000072
621 0.000005
622 0.000004
623 0.000002
624 0.000002
625 0.000001
626 0.000000
627 0.000000
628 0.000000
629 0.000000
630 0.000000
631 0.000000
632 0.000000
633 0.000000
634 0.000000
635 0.000000
636 0.000000
637 0.000000
638 0.000005
639 0.000763
640 0.002306
641 0.007432
642 0.000000
643 0.000001
644 0.010001
645 0.005304
646 0.003816
647 0.003740
648 0.003084
649 0.000074
650 0.000012
651 0.000004
652 0.000010
653 0.000038
654 0.000004
655 0.000001
656 0.000000
657 0.000001
658 0.000001
659 0.000000
660 0.000000
661 0.000000
662 0.000000
663 0.000000
664 0.000000
665 0.000004
666 0.000114
667 0.000299
668 0.000828
669 0.000000
670 0.000000
671 0.000001
672 0.000000
673 0.003972
674 0.003893
675 0.006139
676 0.009999
677 0.010000
678 0.000285
679 0.000174
680 0.000347
681 0.001323
682 0.000257
683 0.000005
684 0.000001
685 0.000001
686 0.000001
687 0.000001
688 0.000001
689 0.000005
690 0.000012
691 0.000008
692 0.000017
693 0.000107
694 0.000121
695 0.000161
696 0.000000
697 0.000000
698 0.000000
699 0.000000
700 0.000000
701 0.000000
702 0.006267
703 0.009999
704 0.010000
705 0.010001
706 0.010002
707 0.010003
708 0.010866
709 0.004072
710 0.000418
711 0.000012
712 0.000002
713 0.000001
714 0.000001
715 0.000001
716 0.000002
717 0.000009
718 0.000075
719 0.000080
720 0.000086
721 0.000114
722 0.000151
723 0.000000
724 0.000000
725 0.000000
726 0.000000
727 0.000000
728 0.000000
729 0.000000
730 0.000000
731 0.000000
732 0.010001
733 0.010002
734 0.010003
735 0.010003
736 0.006091
737 0.002199
738 0.000695
739 0.000041
740 0.000005
741 0.000001
742 0.000002
743 0.000002
744 0.000005
745 0.000024
746 0.000080
747 0.000107
748 0.000114
749 0.000151
750 0.000000
751 0.000000
752 0.000000
753 0.000000
754 0.000000
755 0.000000
756 0.000000
757 0.000000
758 0.000000
759 0.000000
760 0.000000
761 0.010002
762 0.010003
763 0.008597
764 0.003743
765 0.001418
766 0.000813
767 0.000147
768 0.000011
769 0.000003
770 0.000002
771 0.000002
772 0.000010
773 0.000062
774 0.000080
775 0.000092
776 0.000121
777 0.000000
778 0.000010
779 0.000008
780 0.000000
781 0.000000
782 0.000000
783 0.000000
