0 0.000475
1 0.000431
2 0.000304
3 0.000355
4 0.000248
5 0.000172
6 0.000140
7 0.000126
8 0.000006
9 0.000003
10 0.000003
11 0.000007
12 0.000032
13 0.000025
14 0.000004
15 0.000002
16 0.000002
17 0.000002
18 0.000003
19 0.000011
20 0.000064
21 0.000088
22 0.000386
23 0.002039
24 0.006260
25 0.006273
26 0.004246
27 0.001494
28 0.000337
29 0.000391
30 0.000274
31 0.000247
32 0.000224
33 0.000184
34 0.000126
35 0.000042
36 0.000003
37 0.000002
38 0.000002
39 0.000003
40 0.000012
41 0.000041
42 0.000007
43 0.000003
44 0.000002
45 0.000002
46 0.000002
47 0.000004
48 0.000057
49 0.000243
50 0.000001
51 0.000001
52 0.006275
53 0.003986
54 0.000939
55 0.000451
56 0.000391
57 0.000274
58 0.000247
59 0.000224
60 0.000184
61 0.000126
62 0.000114
63 0.000008
64 0.000003
65 0.000002
66 0.000002
67 0.000002
68 0.000004
69 0.000027
70 0.000020
71 0.000003
72 0.000002
73 0.000002
74 0.000002
75 0.000003
76 0.000001
77 0.000001
78 0.000002
79 0.000001
80 0.000001
81 0.000831
82 0.000385
83 0.000111
84 0.000355
85 0.000247
86 0.000172
87 0.000139
88 0.000126
89 0.000114
90 0.000094
91 0.000003
92 0.000002
93 0.000002
94 0.000002
95 0.000002
96 0.000002
97 0.000006
98 0.000028
99 0.000006
100 0.000002
101 0.000002
102 0.000001
103 0.000001
104 0.000001
105 0.000003
106 0.000001
107 0.000001
108 0.000001
109 0.000241
110 0.000094
111 0.000115
112 0.000247
113 0.000223
114 0.000139
115 0.000126
116 0.000001
117 0.000003
118 0.000014
119 0.000006
120 0.000002
121 0.000002
122 0.000002
123 0.000002
124 0.000002
125 0.000003
126 0.000011
127 0.000004
128 0.000002
129 0.000001
130 0.000001
131 0.000001
132 0.000003
133 0.000002
134 0.000002
135 0.000001
136 0.000004
137 0.000061
138 0.000075
139 0.000106
140 0.000223
141 0.000155
142 0.000126
143 0.000114
144 0.000001
145 0.000001
146 0.000003
147 0.000006
148 0.000012
149 0.000018
150 0.000005
151 0.000002
152 0.000002
153 0.000001
154 0.000002
155 0.000002
156 0.000001
157 0.000001
158 0.000001
159 0.000003
160 0.000004
161 0.000002
162 0.000001
163 0.000001
164 0.000055
165 0.000049
166 0.000069
167 0.000075
168 0.000155
169 0.000126
170 0.000114
171 0.000093
172 0.000001
173 0.000001
174 0.000001
175 0.000001
176 0.000003
177 0.000010
178 0.000014
179 0.000012
180 0.000004
181 0.000002
182 0.000001
183 0.000001
184 0.000001
185 0.000002
186 0.000004
187 0.000006
188 0.000003
189 0.000001
190 0.000001
191 0.000001
192 0.000039
193 0.000042
194 0.000046
195 0.000069
196 0.000126
197 0.000114
198 0.000078
199 0.000063
200 0.000002
201 0.000001
202 0.000001
203 0.000001
204 0.000001
205 0.000001
206 0.000002
207 0.000004
208 0.000003
209 0.000002
210 0.000002
211 0.000002
212 0.000004
213 0.000013
214 0.000016
215 0.000004
216 0.000001
217 0.000001
218 0.000001
219 0.000002
220 0.000039
221 0.000042
222 0.000042
223 0.000059
224 0.000114
225 0.000078
226 0.000063
227 0.000057
228 0.000036
229 0.000001
230 0.000001
231 0.000001
232 0.000001
233 0.000001
234 0.000001
235 0.000001
236 0.000001
237 0.000001
238 0.000002
239 0.000006
240 0.000085
241 0.999968
242 0.000033
243 0.000002
244 0.000001
245 0.000001
246 0.000001
247 0.000003
248 0.000003
249 0.000003
250 0.000004
251 0.000007
252 0.000103
253 0.000063
254 0.000057
255 0.000031
256 0.000006
257 0.000001
258 0.000001
259 0.000001
260 0.000001
261 0.000001
262 0.000001
263 0.000001
264 0.000001
265 0.000001
266 0.000003
267 0.000009
268 0.000064
269 0.000224
270 0.000008
271 0.000002
272 0.000001
273 0.000001
274 0.000002
275 0.000004
276 0.000003
277 0.000003
278 0.000003
279 0.000004
280 0.000063
281 0.000019
282 0.000011
283 0.000004
284 0.000003
285 0.000001
286 0.000001
287 0.000001
288 0.000001
289 0.000001
290 0.000001
291 0.000001
292 0.000001
293 0.000002
294 0.000003
295 0.000005
296 0.000005
297 0.000003
298 0.000002
299 0.000002
300 0.000001
301 0.000001
302 0.000002
303 0.000019
304 0.000025
305 0.000017
306 0.000009
307 0.000007
308 0.000013
309 0.000006
310 0.000003
311 0.000002
312 0.000002
313 0.000002
314 0.000001
315 0.000001
316 0.000001
317 0.000001
318 0.000001
319 0.000001
320 0.000002
321 0.000003
322 0.000003
323 0.000003
324 0.000002
325 0.000001
326 0.000001
327 0.000001
328 0.000001
329 0.000001
330 0.000002
331 0.000003
332 0.000016
333 0.000025
334 0.000026
335 0.000038
336 0.000005
337 0.000004
338 0.000003
339 0.000002
340 0.000002
341 0.000001
342 0.000001
343 0.000001
344 0.000001
345 0.000001
346 0.000001
347 0.000002
348 0.000002
349 0.000003
350 0.000003
351 0.000002
352 0.000001
353 0.000001
354 0.000001
355 0.000001
356 0.000001
357 0.000002
358 0.000002
359 0.000002
360 0.000003
361 0.000007
362 0.000017
363 0.000026
364 0.000005
365 0.000004
366 0.000003
367 0.000002
368 0.000002
369 0.000001
370 0.000001
371 0.000001
372 0.000001
373 0.000001
374 0.000001
375 0.000002
376 0.000002
377 0.000002
378 0.000002
379 0.000001
380 0.000001
381 0.000001
382 0.000001
383 0.000001
384 0.000002
385 0.000002
386 0.000002
387 0.000002
388 0.000002
389 0.000003
390 0.000003
391 0.000006
392 0.000003
393 0.000003
394 0.000002
395 0.000002
396 0.000002
397 0.000001
398 0.000002
399 0.000001
400 0.000001
401 0.000001
402 0.000002
403 0.000002
404 0.000002
405 0.000002
406 0.000001
407 0.000001
408 0.000001
409 0.000001
410 0.000001
411 0.000001
412 0.000002
413 0.000003
414 0.000002
415 0.000002
416 0.000002
417 0.000002
418 0.000002
419 0.000003
420 0.000003
421 0.000002
422 0.000002
423 0.000002
424 0.000002
425 0.000002
426 0.000002
427 0.000002
428 0.000001
429 0.000001
430 0.000002
431 0.000002
432 0.000002
433 0.000001
434 0.000001
435 0.000001
436 0.000001
437 0.000001
438 0.000001
439 0.000001
440 0.000002
441 0.000004
442 0.000002
443 0.000002
444 0.000002
445 0.000002
446 0.000002
447 0.000002
448 0.000003
449 0.000002
450 0.000002
451 0.000002
452 0.000002
453 0.000002
454 0.000002
455 0.000002
456 0.000002
457 0.000002
458 0.000002
459 0.000002
460 0.000001
461 0.000001
462 0.000001
463 0.000001
464 0.000001
465 0.000001
466 0.000001
467 0.000001
468 0.000001
469 0.000002
470 0.000003
471 0.000002
472 0.000002
473 0.000002
474 0.000002
475 0.000002
476 0.000020
477 0.000006
478 0.000002
479 0.000002
480 0.000002
481 0.000002
482 0.000002
483 0.000002
484 0.000002
485 0.000002
486 0.000002
487 0.000001
488 0.000001
489 0.000001
490 0.000001
491 0.000001
492 0.000001
493 0.000001
494 0.000001
495 0.000001
496 0.000001
497 0.000002
498 0.000003
499 0.000002
500 0.000002
501 0.000002
502 0.000002
503 0.000003
504 0.000741
505 0.000305
506 0.000002
507 0.000002
508 0.000002
509 0.000002
510 0.000002
511 0.000002
512 0.000002
513 0.000002
514 0.000001
515 0.000001
516 0.000001
517 0.000001
518 0.000001
519 0.000001
520 0.000001
521 0.000001
522 0.000001
523 0.000001
524 0.000001
525 0.000002
526 0.000002
527 0.000003
528 0.000002
529 0.000002
530 0.000006
531 0.000034
532 0.001387
533 0.002541
534 0.000004
535 0.000002
536 0.000002
537 0.000002
538 0.000002
539 0.000003
540 0.000002
541 0.000001
542 0.000001
543 0.000001
544 0.000001
545 0.000001
546 0.000001
547 0.000001
548 0.000001
549 0.000001
550 0.000001
551 0.000001
552 0.000001
553 0.000001
554 0.000002
555 0.000002
556 0.000002
557 0.000002
558 0.000034
559 0.000037
560 0.003823
561 0.007410
562 0.000004
563 0.000002
564 0.000002
565 0.000002
566 0.000003
567 0.000003
568 0.000002
569 0.000001
570 0.000001
571 0.000001
572 0.000001
573 0.000001
574 0.000001
575 0.000001
576 0.000001
577 0.000001
578 0.000001
579 0.000001
580 0.000001
581 0.000002
582 0.000002
583 0.000002
584 0.000002
585 0.000034
586 0.000037
587 0.000052
588 0.008788
589 0.010011
590 0.000032
591 0.000003
592 0.000002
593 0.000002
594 0.000002
595 0.000002
596 0.000002
597 0.000002
598 0.000001
599 0.000001
600 0.000001
601 0.000001
602 0.000001
603 0.000001
604 0.000001
605 0.000001
606 0.000001
607 0.000001
608 0.000001
609 0.000002
610 0.000002
611 0.000002
612 0.000032
613 0.000034
614 0.000048
615 0.000051
616 0.010010
617 0.010012
618 0.010012
619 0.000064
620 0.000003
621 0.000002
622 0.000002
623 0.000002
624 0.000002
625 0.000002
626 0.000001
627 0.000001
628 0.000001
629 0.000001
630 0.000001
631 0.000001
632 0.000001
633 0.000001
634 0.000001
635 0.000001
636 0.000001
637 0.000002
638 0.000002
639 0.000032
640 0.000034
641 0.000048
642 0.000001
643 0.000002
644 0.010011
645 0.010010
646 0.010009
647 0.010009
648 0.000722
649 0.000003
650 0.000002
651 0.000002
652 0.000002
653 0.000002
654 0.000002
655 0.000001
656 0.000001
657 0.000001
658 0.000001
659 0.000001
660 0.000001
661 0.000001
662 0.000001
663 0.000001
664 0.000002
665 0.000002
666 0.000032
667 0.000044
668 0.000048
669 0.000001
670 0.000002
671 0.000002
672 0.000001
673 0.010009
674 0.010008
675 0.010007
676 0.010003
677 0.006013
678 0.000003
679 0.000002
680 0.000002
681 0.000006
682 0.000024
683 0.000002
684 0.000002
685 0.000002
686 0.000002
687 0.000002
688 0.000002
689 0.000003
690 0.000002
691 0.000002
692 0.000002
693 0.000029
694 0.000034
695 0.000048
696 0.000001
697 0.000001
698 0.000001
699 0.000002
700 0.000001
701 0.000001
702 0.010006
703 0.010003
704 0.007215
705 0.003166
706 0.001377
707 0.000816
708 0.000741
709 0.000597
710 0.000112
711 0.000005
712 0.000002
713 0.000002
714 0.000002
715 0.000002
716 0.000002
717 0.000004
718 0.000019
719 0.000021
720 0.000023
721 0.000032
722 0.000044
723 0.000001
724 0.000001
725 0.000002
726 0.000001
727 0.000001
728 0.000001
729 0.000001
730 0.000001
731 0.000001
732 0.003875
733 0.001737
734 0.000899
735 0.000856
736 0.000815
737 0.000661
738 0.000597
739 0.000017
740 0.000003
741 0.000002
742 0.000002
743 0.000002
744 0.000003
745 0.000007
746 0.000021
747 0.000029
748 0.000032
749 0.000044
750 0.000001
751 0.000001
752 0.000001
753 0.000001
754 0.000002
755 0.000001
756 0.000001
757 0.000001
758 0.000002
759 0.000002
760 0.000001
761 0.001148
762 0.001096
763 0.000897
764 0.000855
765 0.000815
766 0.000777
767 0.000077
768 0.000004
769 0.000002
770 0.000002
771 0.000002
772 0.000004
773 0.000017
774 0.000021
775 0.000025
776 0.000034
777 0.000001
778 0.000002
779 0.000002
780 0.000002
781 0.000001
782 0.000001
783 0.000001
