0 0.002875
1 0.003242
2 0.003099
3 0.003603
4 0.003668
5 0.005357
6 0.007425
7 0.006584
8 0.000227
9 0.000009
10 0.000004
11 0.000003
12 0.000004
13 0.000004
14 0.000003
15 0.000003
16 0.000003
17 0.000002
18 0.000010
19 0.000059
20 0.000182
21 0.000197
22 0.000271
23 0.000292
24 0.000247
25 0.000267
26 0.000364
27 0.000392
28 0.002231
29 0.002818
30 0.002918
31 0.003099
32 0.003291
33 0.003921
34 0.005926
35 0.003451
36 0.000111
37 0.000007
38 0.000003
39 0.000003
40 0.000003
41 0.000003
42 0.000003
43 0.000002
44 0.000002
45 0.000002
46 0.000004
47 0.000030
48 0.000132
49 0.000182
50 0.000003
51 0.000002
52 0.000229
53 0.000314
54 0.000267
55 0.000364
56 0.002134
57 0.002103
58 0.002368
59 0.002918
60 0.003099
61 0.003007
62 0.003889
63 0.000646
64 0.000048
65 0.000009
66 0.000005
67 0.000003
68 0.000002
69 0.000002
70 0.000002
71 0.000002
72 0.000002
73 0.000002
74 0.000002
75 0.000009
76 0.000004
77 0.000001
78 0.000001
79 0.000002
80 0.000002
81 0.000229
82 0.000314
83 0.000267
84 0.001869
85 0.001678
86 0.001695
87 0.002072
88 0.002667
89 0.002832
90 0.003007
91 0.000117
92 0.000015
93 0.000010
94 0.000007
95 0.000003
96 0.000002
97 0.000002
98 0.000002
99 0.000002
100 0.000002
101 0.000001
102 0.000001
103 0.000001
104 0.000001
105 0.000001
106 0.000001
107 0.000002
108 0.000004
109 0.000212
110 0.000229
111 0.000314
112 0.001523
113 0.001437
114 0.001231
115 0.001530
116 0.000000
117 0.000001
118 0.000001
119 0.000001
120 0.000001
121 0.000001
122 0.000010
123 0.000006
124 0.000003
125 0.000002
126 0.000001
127 0.000001
128 0.000001
129 0.000001
130 0.000001
131 0.000001
132 0.000001
133 0.000001
134 0.000002
135 0.000003
136 0.000121
137 0.000154
138 0.000212
139 0.000292
140 0.001436
141 0.001156
142 0.001021
143 0.001031
144 0.000001
145 0.000001
146 0.000001
147 0.000001
148 0.000001
149 0.000001
150 0.000001
151 0.000001
152 0.000001
153 0.000001
154 0.000001
155 0.000001
156 0.000001
157 0.000001
158 0.000001
159 0.000001
160 0.000001
161 0.000001
162 0.000002
163 0.000005
164 0.000157
165 0.000142
166 0.000197
167 0.000212
168 0.001156
169 0.001021
170 0.000960
171 0.000848
172 0.000001
173 0.000001
174 0.000001
175 0.000001
176 0.000001
177 0.000001
178 0.000001
179 0.000001
180 0.000001
181 0.000001
182 0.000001
183 0.000001
184 0.000001
185 0.000001
186 0.000001
187 0.000001
188 0.000001
189 0.000001
190 0.000003
191 0.000067
192 0.000113
193 0.000122
194 0.000132
195 0.000197
196 0.001026
197 0.000960
198 0.000757
199 0.000664
200 0.000001
201 0.000001
202 0.000001
203 0.000001
204 0.000001
205 0.000001
206 0.000001
207 0.000001
208 0.000001
209 0.000001
210 0.000001
211 0.000001
212 0.000001
213 0.000001
214 0.000001
215 0.000001
216 0.000001
217 0.000001
218 0.000002
219 0.000007
220 0.000113
221 0.000122
222 0.000122
223 0.000169
224 0.000975
225 0.000769
226 0.000664
227 0.000622
228 0.000450
229 0.000001
230 0.000001
231 0.000001
232 0.000001
233 0.000001
234 0.000001
235 0.000001
236 0.000001
237 0.000001
238 0.000001
239 0.000001
240 0.000001
241 0.000001
242 0.000001
243 0.000001
244 0.000001
245 0.000001
246 0.000001
247 0.000001
248 0.000001
249 0.000001
250 0.000003
251 0.000006
252 0.000916
253 0.000674
254 0.000632
255 0.000399
256 0.000113
257 0.000001
258 0.000001
259 0.000001
260 0.000001
261 0.000001
262 0.000001
263 0.000001
264 0.000001
265 0.000001
266 0.000001
267 0.000001
268 0.000001
269 0.000001
270 0.000001
271 0.000001
272 0.000001
273 0.000001
274 0.000001
275 0.000001
276 0.000001
277 0.000001
278 0.000001
279 0.000001
280 0.000664
281 0.000279
282 0.000179
283 0.000062
284 0.000036
285 0.000001
286 0.000001
287 0.000001
288 0.000001
289 0.000001
290 0.000001
291 0.000001
292 0.000001
293 0.000001
294 0.000001
295 0.000001
296 0.000001
297 0.000001
298 0.000001
299 0.000001
300 0.000001
301 0.000001
302 0.000001
303 0.000001
304 0.000001
305 0.000001
306 0.000001
307 0.000001
308 0.000231
309 0.000107
310 0.000045
311 0.000023
312 0.000002
313 0.000001
314 0.000001
315 0.000001
316 0.000001
317 0.000001
318 0.000001
319 0.000001
320 0.000001
321 0.000001
322 0.000001
323 0.000001
324 0.000001
325 0.000001
326 0.000001
327 0.000001
328 0.000001
329 0.000001
330 0.000001
331 0.000001
332 0.000001
333 0.000001
334 0.000001
335 0.000002
336 0.000088
337 0.000046
338 0.000034
339 0.000019
340 0.000001
341 0.000001
342 0.000001
343 0.000001
344 0.000001
345 0.000001
346 0.000001
347 0.000001
348 0.000001
349 0.000001
350 0.000002
351 0.000002
352 0.000001
353 0.000001
354 0.000001
355 0.000001
356 0.000001
357 0.000001
358 0.000001
359 0.000001
360 0.000001
361 0.000001
362 0.000002
363 0.000002
364 0.000059
365 0.000055
366 0.000042
367 0.000024
368 0.000001
369 0.000001
370 0.000001
371 0.000001
372 0.000001
373 0.000001
374 0.000001
375 0.000001
376 0.000001
377 0.000001
378 0.000002
379 0.000002
380 0.000002
381 0.000002
382 0.000002
383 0.000001
384 0.000001
385 0.000001
386 0.000001
387 0.000001
388 0.000001
389 0.000002
390 0.000003
391 0.000005
392 0.000043
393 0.000035
394 0.000030
395 0.000002
396 0.000001
397 0.000001
398 0.000001
399 0.000001
400 0.000001
401 0.000001
402 0.000001
403 0.000001
404 0.000001
405 0.000001
406 0.000001
407 0.000002
408 0.000003
409 0.000003
410 0.000004
411 0.000003
412 0.000001
413 0.000001
414 0.000001
415 0.000001
416 0.000001
417 0.000004
418 0.000004
419 0.000002
420 0.000041
421 0.000023
422 0.000020
423 0.000001
424 0.000001
425 0.000001
426 0.000001
427 0.000001
428 0.000001
429 0.000001
430 0.000001
431 0.000001
432 0.000001
433 0.000001
434 0.000001
435 0.000001
436 0.000002
437 0.000007
438 0.000015
439 0.000010
440 0.000002
441 0.000001
442 0.000001
443 0.000001
444 0.000001
445 0.000002
446 0.000001
447 0.000001
448 0.000049
449 0.000023
450 0.000016
451 0.000001
452 0.000001
453 0.000001
454 0.000001
455 0.000001
456 0.000001
457 0.000001
458 0.000001
459 0.000001
460 0.000001
461 0.000001
462 0.000001
463 0.000001
464 0.000002
465 0.000005
466 0.000681
467 0.999913
468 0.000019
469 0.000002
470 0.000001
471 0.000001
472 0.000001
473 0.000001
474 0.000001
475 0.000001
476 0.000235
477 0.000099
478 0.000005
479 0.000001
480 0.000001
481 0.000001
482 0.000001
483 0.000001
484 0.000001
485 0.000001
486 0.000001
487 0.000001
488 0.000001
489 0.000001
490 0.000001
491 0.000001
492 0.000001
493 0.000004
494 0.000016
495 0.999951
496 0.003445
497 0.000007
498 0.000001
499 0.000001
500 0.000001
501 0.000001
502 0.000001
503 0.000001
504 0.001719
505 0.000789
506 0.000002
507 0.000001
508 0.000001
509 0.000001
510 0.000001
511 0.000001
512 0.000001
513 0.000001
514 0.000001
515 0.000001
516 0.000001
517 0.000001
518 0.000001
519 0.000001
520 0.000001
521 0.000001
522 0.000003
523 0.000004
524 0.000042
525 0.000015
526 0.000002
527 0.000001
528 0.000001
529 0.000001
530 0.000003
531 0.000006
532 0.001660
533 0.001571
534 0.000002
535 0.000001
536 0.000001
537 0.000001
538 0.000001
539 0.000001
540 0.000001
541 0.000001
542 0.000001
543 0.000001
544 0.000001
545 0.000001
546 0.000001
547 0.000001
548 0.000001
549 0.000001
550 0.000001
551 0.000001
552 0.000002
553 0.000057
554 0.000026
555 0.000002
556 0.000001
557 0.000003
558 0.000070
559 0.000024
560 0.001862
561 0.001813
562 0.000002
563 0.000001
564 0.000001
565 0.000001
566 0.000001
567 0.000001
568 0.000001
569 0.000001
570 0.000001
571 0.000001
572 0.000001
573 0.000001
574 0.000001
575 0.000001
576 0.000001
577 0.000001
578 0.000001
579 0.000001
580 0.000001
581 0.000003
582 0.004783
583 0.000462
584 0.000029
585 0.005574
586 0.000698
587 0.000187
588 0.002090
589 0.001862
590 0.000017
591 0.000001
592 0.000001
593 0.000001
594 0.000001
595 0.000001
596 0.000001
597 0.000001
598 0.000001
599 0.000001
600 0.000001
601 0.000001
602 0.000001
603 0.000001
604 0.000001
605 0.000001
606 0.000001
607 0.000001
608 0.000001
609 0.000001
610 0.000006
611 0.006577
612 0.010025
613 0.009992
614 0.009984
615 0.001964
616 0.002203
617 0.002090
618 0.001862
619 0.000034
620 0.000001
621 0.000001
622 0.000001
623 0.000002
624 0.000002
625 0.000002
626 0.000001
627 0.000001
628 0.000001
629 0.000001
630 0.000001
631 0.000001
632 0.000001
633 0.000001
634 0.000001
635 0.000001
636 0.000001
637 0.000001
638 0.000002
639 0.000690
640 0.005602
641 0.010025
642 0.000001
643 0.000002
644 0.002262
645 0.002203
646 0.002145
647 0.001913
648 0.000308
649 0.000001
650 0.000001
651 0.000001
652 0.000001
653 0.000001
654 0.000001
655 0.000001
656 0.000001
657 0.000001
658 0.000001
659 0.000001
660 0.000001
661 0.000001
662 0.000001
663 0.000001
664 0.000001
665 0.000001
666 0.000015
667 0.000115
668 0.000753
669 0.000001
670 0.000001
671 0.000002
672 0.000001
673 0.002262
674 0.002203
675 0.001966
676 0.002090
677 0.001862
678 0.000003
679 0.000002
680 0.000004
681 0.000027
682 0.000026
683 0.000001
684 0.000001
685 0.000001
686 0.000001
687 0.000001
688 0.000002
689 0.000003
690 0.000001
691 0.000001
692 0.000001
693 0.000005
694 0.000007
695 0.000026
696 0.000001
697 0.000001
698 0.000001
699 0.000001
700 0.000001
701 0.000001
702 0.002262
703 0.002203
704 0.002145
705 0.002090
706 0.001862
707 0.001813
708 0.001719
709 0.001530
710 0.000185
711 0.000003
712 0.000001
713 0.000001
714 0.000001
715 0.000002
716 0.000002
717 0.000002
718 0.000004
719 0.000004
720 0.000004
721 0.000006
722 0.000008
723 0.000001
724 0.000001
725 0.000001
726 0.000001
727 0.000001
728 0.000001
729 0.000001
730 0.000001
731 0.000001
732 0.002203
733 0.002145
734 0.001913
735 0.001862
736 0.001813
737 0.001615
738 0.001530
739 0.000013
740 0.000001
741 0.000001
742 0.000001
743 0.000002
744 0.000003
745 0.000003
746 0.000004
747 0.000005
748 0.000006
749 0.000008
750 0.000001
751 0.000001
752 0.000000
753 0.000001
754 0.000001
755 0.000001
756 0.000001
757 0.000001
758 0.000001
759 0.000001
760 0.000001
761 0.002203
762 0.002145
763 0.001913
764 0.001862
765 0.001813
766 0.001765
767 0.000079
768 0.000002
769 0.000001
770 0.000002
771 0.000002
772 0.000003
773 0.000005
774 0.000004
775 0.000004
776 0.000006
777 0.000001
778 0.000001
779 0.000001
780 0.000001
781 0.000001
782 0.000001
783 0.000001
