0 0.001120
1 0.001040
2 0.000795
3 0.001098
4 0.001952
5 0.004737
6 0.010005
7 0.012535
8 0.000603
9 0.000021
10 0.000005
11 0.000004
12 0.000004
13 0.000004
14 0.000006
15 0.000014
16 0.000034
17 0.000021
18 0.000102
19 0.001789
20 0.013332
21 0.030515
22 0.017246
23 0.005650
24 0.001821
25 0.001046
26 0.000956
27 0.001009
28 0.000861
29 0.000965
30 0.000735
31 0.000679
32 0.000959
33 0.002141
34 0.005776
35 0.005999
36 0.000524
37 0.000023
38 0.000006
39 0.000003
40 0.000003
41 0.000004
42 0.000009
43 0.000023
44 0.000022
45 0.000014
46 0.000035
47 0.000938
48 0.027126
49 0.019437
50 0.012488
51 0.000001
52 0.000960
53 0.000854
54 0.000751
55 0.000954
56 0.000965
57 0.000735
58 0.000679
59 0.000628
60 0.000538
61 0.000785
62 0.001966
63 0.001217
64 0.000246
65 0.000044
66 0.000014
67 0.000003
68 0.000002
69 0.000004
70 0.000012
71 0.000024
72 0.000016
73 0.000012
74 0.000022
75 0.000618
76 0.028892
77 0.000003
78 0.000001
79 0.000001
80 0.000001
81 0.000666
82 0.000852
83 0.000751
84 0.000897
85 0.000679
86 0.000511
87 0.000433
88 0.000399
89 0.000368
90 0.000645
91 0.000142
92 0.000054
93 0.000063
94 0.000022
95 0.000006
96 0.000002
97 0.000006
98 0.000020
99 0.000020
100 0.000011
101 0.000012
102 0.000023
103 0.000019
104 0.000002
105 0.000001
106 0.000001
107 0.000000
108 0.000000
109 0.000627
110 0.000666
111 0.000852
112 0.000679
113 0.000628
114 0.000433
115 0.000399
116 0.000001
117 0.000001
118 0.000003
119 0.000001
120 0.000001
121 0.000015
122 0.000073
123 0.000015
124 0.000012
125 0.000010
126 0.000024
127 0.000007
128 0.000015
129 0.000042
130 0.000002
131 0.000001
132 0.000001
133 0.000000
134 0.000000
135 0.000000
136 0.000008
137 0.000486
138 0.000627
139 0.000818
140 0.000628
141 0.000470
142 0.000399
143 0.000368
144 0.000000
145 0.000001
146 0.000001
147 0.000001
148 0.000002
149 0.000001
150 0.000001
151 0.000001
152 0.000002
153 0.000007
154 0.000019
155 0.000021
156 0.000004
157 0.000002
158 0.000001
159 0.000001
160 0.000000
161 0.000000
162 0.000000
163 0.000000
164 0.000495
165 0.000457
166 0.000600
167 0.000637
168 0.000761
169 0.000399
170 0.000368
171 0.000313
172 0.000002
173 0.000000
174 0.000000
175 0.000000
176 0.000001
177 0.000002
178 0.000003
179 0.000005
180 0.000011
181 0.000008
182 0.000002
183 0.000001
184 0.000001
185 0.000001
186 0.000001
187 0.000000
188 0.000000
189 0.000000
190 0.000000
191 0.000001
192 0.000385
193 0.000410
194 0.000436
195 0.000894
196 0.001658
197 0.000761
198 0.000286
199 0.000229
200 0.000011
201 0.000001
202 0.000000
203 0.000000
204 0.000000
205 0.000001
206 0.000002
207 0.000020
208 0.999976
209 0.000216
210 0.000005
211 0.000001
212 0.000001
213 0.000001
214 0.000001
215 0.000000
216 0.000000
217 0.000000
218 0.000000
219 0.000005
220 0.000385
221 0.000410
222 0.000940
223 0.001250
224 0.005759
225 0.001920
226 0.000792
227 0.000273
228 0.000140
229 0.000002
230 0.000001
231 0.000000
232 0.000000
233 0.000000
234 0.000000
235 0.000001
236 0.000002
237 0.000006
238 0.000005
239 0.000003
240 0.000002
241 0.000001
242 0.000001
243 0.000000
244 0.000000
245 0.000000
246 0.000000
247 0.000024
248 0.000043
249 0.000124
250 0.000258
251 0.000391
252 0.010021
253 0.007247
254 0.002920
255 0.000896
256 0.000277
257 0.000001
258 0.000001
259 0.000001
260 0.000000
261 0.000000
262 0.000000
263 0.000000
264 0.000001
265 0.000001
266 0.000002
267 0.000002
268 0.000001
269 0.000001
270 0.000001
271 0.000001
272 0.000000
273 0.000000
274 0.000001
275 0.000043
276 0.000050
277 0.000055
278 0.000063
279 0.000060
280 0.010011
281 0.010023
282 0.010031
283 0.003822
284 0.001084
285 0.000001
286 0.000001
287 0.000001
288 0.000000
289 0.000000
290 0.000000
291 0.000000
292 0.000001
293 0.000001
294 0.000001
295 0.000001
296 0.000001
297 0.000001
298 0.000001
299 0.000001
300 0.000001
301 0.000001
302 0.000001
303 0.000273
304 0.000217
305 0.000167
306 0.000062
307 0.000059
308 0.002206
309 0.005200
310 0.010035
311 0.010052
312 0.000565
313 0.000002
314 0.000001
315 0.000001
316 0.000001
317 0.000000
318 0.000000
319 0.000001
320 0.000001
321 0.000001
322 0.000001
323 0.000001
324 0.000000
325 0.000000
326 0.000000
327 0.000000
328 0.000001
329 0.000001
330 0.000001
331 0.000012
332 0.000375
333 0.000240
334 0.000228
335 0.000227
336 0.000383
337 0.000777
338 0.001850
339 0.004824
340 0.000083
341 0.000001
342 0.000001
343 0.000001
344 0.000001
345 0.000001
346 0.000001
347 0.000001
348 0.000001
349 0.000001
350 0.000000
351 0.000000
352 0.000000
353 0.000000
354 0.000000
355 0.000000
356 0.000000
357 0.000001
358 0.000001
359 0.000001
360 0.000159
361 0.000181
362 0.000240
363 0.000255
364 0.000118
365 0.000140
366 0.000272
367 0.000224
368 0.000001
369 0.000001
370 0.000001
371 0.000002
372 0.000003
373 0.000002
374 0.000001
375 0.000001
376 0.000001
377 0.000000
378 0.000000
379 0.000000
380 0.000000
381 0.000000
382 0.000000
383 0.000000
384 0.000000
385 0.000001
386 0.000001
387 0.000001
388 0.000019
389 0.000159
390 0.000181
391 0.000255
392 0.000085
393 0.000045
394 0.000013
395 0.000001
396 0.000001
397 0.000001
398 0.000001
399 0.000001
400 0.000014
401 0.000065
402 0.000007
403 0.000001
404 0.000000
405 0.000000
406 0.000000
407 0.000000
408 0.000000
409 0.000000
410 0.000000
411 0.000000
412 0.000000
413 0.000001
414 0.000001
415 0.000001
416 0.000001
417 0.000088
418 0.000169
419 0.000181
420 0.000032
421 0.000008
422 0.000003
423 0.000001
424 0.000001
425 0.000001
426 0.000001
427 0.000001
428 0.000080
429 0.999980
430 0.000009
431 0.000001
432 0.000001
433 0.000000
434 0.000000
435 0.000000
436 0.000000
437 0.000000
438 0.000000
439 0.000000
440 0.000001
441 0.000000
442 0.000000
443 0.000001
444 0.000001
445 0.000025
446 0.000055
447 0.000104
448 0.000013
449 0.000003
450 0.000002
451 0.000001
452 0.000001
453 0.000001
454 0.000001
455 0.000002
456 0.000011
457 0.000007
458 0.000002
459 0.000001
460 0.000001
461 0.000001
462 0.000000
463 0.000000
464 0.000000
465 0.000000
466 0.000000
467 0.000000
468 0.000001
469 0.000001
470 0.000000
471 0.000000
472 0.000001
473 0.000001
474 0.000017
475 0.000058
476 0.000041
477 0.000013
478 0.000001
479 0.000001
480 0.000001
481 0.000001
482 0.000001
483 0.000003
484 0.000002
485 0.000001
486 0.000001
487 0.000001
488 0.000001
489 0.000001
490 0.000001
491 0.000001
492 0.000000
493 0.000000
494 0.000000
495 0.000000
496 0.000001
497 0.000001
498 0.000001
499 0.000000
500 0.000001
501 0.000001
502 0.000033
503 0.000126
504 0.000652
505 0.000224
506 0.000002
507 0.000001
508 0.000001
509 0.000001
510 0.000003
511 0.000002
512 0.000001
513 0.000001
514 0.000001
515 0.000001
516 0.000001
517 0.000001
518 0.000001
519 0.000001
520 0.000001
521 0.000000
522 0.000000
523 0.000000
524 0.000001
525 0.000001
526 0.000001
527 0.000001
528 0.000001
529 0.000001
530 0.000233
531 0.000788
532 0.000615
533 0.000861
534 0.000005
535 0.000001
536 0.000001
537 0.000003
538 0.000002
539 0.000001
540 0.000000
541 0.000001
542 0.000001
543 0.000001
544 0.000001
545 0.000000
546 0.000001
547 0.000001
548 0.000001
549 0.000001
550 0.000000
551 0.000000
552 0.000001
553 0.000001
554 0.000001
555 0.000001
556 0.000001
557 0.000001
558 0.000788
559 0.000822
560 0.001337
561 0.002543
562 0.000013
563 0.000001
564 0.000007
565 0.000015
566 0.000001
567 0.000001
568 0.000000
569 0.000001
570 0.000001
571 0.000001
572 0.000001
573 0.000000
574 0.000000
575 0.000000
576 0.000001
577 0.000001
578 0.000001
579 0.000001
580 0.000001
581 0.000001
582 0.000001
583 0.000001
584 0.000001
585 0.000788
586 0.000822
587 0.000984
588 0.003184
589 0.006288
590 0.000313
591 0.000015
592 0.000011
593 0.000002
594 0.000001
595 0.000001
596 0.000001
597 0.000000
598 0.000001
599 0.000001
600 0.000001
601 0.000001
602 0.000000
603 0.000000
604 0.000000
605 0.000001
606 0.000001
607 0.000001
608 0.000001
609 0.000001
610 0.000001
611 0.000001
612 0.000755
613 0.000788
614 0.000945
615 0.000984
616 0.007721
617 0.010017
618 0.010014
619 0.000334
620 0.000014
621 0.000001
622 0.000001
623 0.000001
624 0.000001
625 0.000000
626 0.000001
627 0.000001
628 0.000001
629 0.000001
630 0.000001
631 0.000001
632 0.000001
633 0.000000
634 0.000001
635 0.000001
636 0.000001
637 0.000001
638 0.000002
639 0.000755
640 0.000788
641 0.000945
642 0.000000
643 0.000000
644 0.010015
645 0.010013
646 0.005876
647 0.002449
648 0.000391
649 0.000001
650 0.000001
651 0.000001
652 0.000001
653 0.000001
654 0.000001
655 0.000001
656 0.000010
657 0.000184
658 0.000092
659 0.000001
660 0.000001
661 0.000001
662 0.000001
663 0.000001
664 0.000001
665 0.000003
666 0.000755
667 0.000907
668 0.000945
669 0.000000
670 0.000001
671 0.000000
672 0.000001
673 0.006008
674 0.003047
675 0.001321
676 0.000924
677 0.000753
678 0.000004
679 0.000002
680 0.000005
681 0.000024
682 0.000113
683 0.000094
684 0.000107
685 0.000246
686 0.000183
687 0.000058
688 0.000017
689 0.000043
690 0.000025
691 0.000009
692 0.000031
693 0.000724
694 0.000788
695 0.000945
696 0.000000
697 0.000000
698 0.000000
699 0.000001
700 0.000000
701 0.000000
702 0.001669
703 0.001013
704 0.000967
705 0.000924
706 0.000753
707 0.000717
708 0.000652
709 0.000525
710 0.000233
711 0.000103
712 0.000102
713 0.000278
714 0.000259
715 0.000162
716 0.000079
717 0.000150
718 0.000574
719 0.000600
720 0.000627
721 0.000755
722 0.000907
723 0.000000
724 0.000001
725 0.000001
726 0.000000
727 0.000000
728 0.000000
729 0.000000
730 0.000000
731 0.000000
732 0.001013
733 0.000967
734 0.000790
735 0.000753
736 0.000717
737 0.000581
738 0.000525
739 0.000138
740 0.000136
741 0.000181
742 0.000273
743 0.000259
744 0.000306
745 0.000596
746 0.000933
747 0.000724
748 0.000755
749 0.000907
750 0.000001
751 0.000001
752 0.000001
753 0.000001
754 0.000001
755 0.000000
756 0.000000
757 0.000000
758 0.000000
759 0.000000
760 0.000000
761 0.001013
762 0.000967
763 0.000790
764 0.000753
765 0.000717
766 0.000684
767 0.000261
768 0.000146
769 0.000171
770 0.000362
771 0.000345
772 0.000997
773 0.002355
774 0.001467
775 0.000756
776 0.000788
777 0.000001
778 0.000008
779 0.000004
780 0.000001
781 0.000001
782 0.000001
783 0.000000
