0 0.004921
1 0.001893
2 0.001448
3 0.001546
4 0.001208
5 0.000954
6 0.000831
7 0.000776
8 0.000164
9 0.000091
10 0.000188
11 0.000405
12 0.000327
13 0.000159
14 0.000041
15 0.000016
16 0.000009
17 0.000007
18 0.000047
19 0.000371
20 0.001149
21 0.001337
22 0.002420
23 0.003657
24 0.004653
25 0.004653
26 0.004929
27 0.004929
28 0.007214
29 0.004716
30 0.001781
31 0.001288
32 0.001159
33 0.000996
34 0.000776
35 0.000474
36 0.000057
37 0.000066
38 0.000205
39 0.000322
40 0.000227
41 0.000077
42 0.000023
43 0.000009
44 0.000006
45 0.000006
46 0.000013
47 0.000156
48 0.001049
49 0.001953
50 0.000005
51 0.000000
52 0.004653
53 0.004929
54 0.004653
55 0.003972
56 0.012549
57 0.007205
58 0.004563
59 0.001695
60 0.001082
61 0.000799
62 0.000725
63 0.000197
64 0.000043
65 0.000068
66 0.000388
67 0.000230
68 0.000103
69 0.000023
70 0.000009
71 0.000005
72 0.000005
73 0.000004
74 0.000005
75 0.000045
76 0.000005
77 0.000000
78 0.000000
79 0.000000
80 0.000000
81 0.004653
82 0.003969
83 0.002586
84 0.009022
85 0.012407
86 0.007228
87 0.004020
88 0.001438
89 0.000797
90 0.000656
91 0.000071
92 0.000033
93 0.000094
94 0.000282
95 0.000202
96 0.000043
97 0.000013
98 0.000005
99 0.000004
100 0.000004
101 0.000001
102 0.000000
103 0.000000
104 0.000000
105 0.000000
106 0.000000
107 0.000000
108 0.000000
109 0.003353
110 0.002531
111 0.002072
112 0.009442
113 0.009022
114 0.012265
115 0.008121
116 0.000000
117 0.000000
118 0.000000
119 0.000000
120 0.000001
121 0.000099
122 0.000217
123 0.000126
124 0.000016
125 0.000005
126 0.000003
127 0.000000
128 0.000000
129 0.000000
130 0.000000
131 0.000000
132 0.000000
133 0.000000
134 0.000000
135 0.000000
136 0.001135
137 0.002087
138 0.001666
139 0.001630
140 0.009884
141 0.009442
142 0.009022
143 0.012312
144 0.000003
145 0.000000
146 0.000000
147 0.000000
148 0.000000
149 0.000000
150 0.000000
151 0.000000
152 0.000000
153 0.000000
154 0.000000
155 0.000000
156 0.000000
157 0.000000
158 0.000000
159 0.000000
160 0.000000
161 0.000000
162 0.000000
163 0.000001
164 0.002054
165 0.001330
166 0.001280
167 0.001329
168 0.010000
169 0.009884
170 0.009550
171 0.009125
172 0.008919
173 0.000048
174 0.000000
175 0.000000
176 0.000000
177 0.000000
178 0.000000
179 0.000000
180 0.000000
181 0.000000
182 0.000000
183 0.000000
184 0.000000
185 0.000000
186 0.000000
187 0.000000
188 0.000000
189 0.000000
190 0.000000
191 0.000164
192 0.001123
193 0.000946
194 0.000985
195 0.001372
196 0.005557
197 0.010000
198 0.010000
199 0.009550
200 0.009125
201 0.000710
202 0.000006
203 0.000000
204 0.000000
205 0.000000
206 0.000000
207 0.000000
208 0.000000
209 0.000000
210 0.000000
211 0.000000
212 0.000000
213 0.000000
214 0.000000
215 0.000000
216 0.000000
217 0.000000
218 0.000001
219 0.000215
220 0.000896
221 0.000942
222 0.001045
223 0.001223
224 0.002010
225 0.003578
226 0.006506
227 0.010000
228 0.009659
229 0.002086
230 0.000005
231 0.000001
232 0.000001
233 0.000000
234 0.000000
235 0.000000
236 0.000000
237 0.000000
238 0.000000
239 0.000000
240 0.000000
241 0.000000
242 0.000000
243 0.000000
244 0.000000
245 0.000000
246 0.000001
247 0.000090
248 0.000149
249 0.000200
250 0.000344
251 0.000477
252 0.000713
253 0.001154
254 0.002101
255 0.003247
256 0.001799
257 0.000045
258 0.000003
259 0.000010
260 0.000029
261 0.000001
262 0.000000
263 0.000000
264 0.000000
265 0.000000
266 0.000000
267 0.000000
268 0.000000
269 0.000000
270 0.000000
271 0.000000
272 0.000000
273 0.000000
274 0.000000
275 0.000021
276 0.000036
277 0.000055
278 0.000080
279 0.000130
280 0.000484
281 0.000162
282 0.000135
283 0.000093
284 0.000181
285 0.000010
286 0.000030
287 0.000320
288 0.000242
289 0.000019
290 0.000000
291 0.000000
292 0.000000
293 0.000000
294 0.000000
295 0.000000
296 0.000000
297 0.000000
298 0.000000
299 0.000000
300 0.000000
301 0.000000
302 0.000000
303 0.000023
304 0.000032
305 0.000041
306 0.000049
307 0.000086
308 0.000098
309 0.000046
310 0.000024
311 0.000025
312 0.000015
313 0.000009
314 0.000180
315 1.000000
316 0.000010
317 0.000000
318 0.000000
319 0.000000
320 0.000000
321 0.000000
322 0.000000
323 0.000000
324 0.000000
325 0.000000
326 0.000000
327 0.000000
328 0.000000
329 0.000000
330 0.000000
331 0.000002
332 0.000031
333 0.000051
334 0.000091
335 0.000199
336 0.000041
337 0.000045
338 0.000064
339 0.000093
340 0.000004
341 0.000003
342 0.000099
343 0.000074
344 0.000000
345 0.000000
346 0.000000
347 0.000000
348 0.000001
349 0.000001
350 0.000003
351 0.000000
352 0.000000
353 0.000000
354 0.000000
355 0.000000
356 0.000000
357 0.000000
358 0.000000
359 0.000000
360 0.000065
361 0.000126
362 0.000250
363 0.000408
364 0.000105
365 0.000203
366 0.000270
367 0.000163
368 0.000002
369 0.000000
370 0.000007
371 0.000000
372 0.000000
373 0.000000
374 0.000000
375 0.000002
376 0.000759
377 0.007526
378 0.000020
379 0.000000
380 0.000000
381 0.000000
382 0.000000
383 0.000000
384 0.000000
385 0.000000
386 0.000000
387 0.000000
388 0.000033
389 0.000383
390 0.000479
391 0.000537
392 0.000253
393 0.000224
394 0.000158
395 0.000011
396 0.000000
397 0.000000
398 0.000000
399 0.000000
400 0.000000
401 0.000000
402 0.000000
403 0.000022
404 0.999999
405 0.005954
406 0.000037
407 0.000000
408 0.000000
409 0.000000
410 0.000000
411 0.000000
412 0.000000
413 0.000000
414 0.000000
415 0.000000
416 0.000003
417 0.000453
418 0.000529
419 0.000374
420 0.000218
421 0.000120
422 0.000048
423 0.000000
424 0.000000
425 0.000000
426 0.000000
427 0.000000
428 0.000000
429 0.000000
430 0.000000
431 0.000034
432 0.000047
433 0.000025
434 0.000003
435 0.000000
436 0.000000
437 0.000000
438 0.000000
439 0.000000
440 0.000000
441 0.000000
442 0.000000
443 0.000000
444 0.000000
445 0.000329
446 0.000202
447 0.000141
448 0.000163
449 0.000037
450 0.000011
451 0.000000
452 0.000000
453 0.000000
454 0.000000
455 0.000000
456 0.000000
457 0.000000
458 0.000001
459 0.000000
460 0.000000
461 0.000000
462 0.000000
463 0.000000
464 0.000001
465 0.000000
466 0.000001
467 0.000000
468 0.000000
469 0.000000
470 0.000000
471 0.000000
472 0.000000
473 0.000014
474 0.000066
475 0.000079
476 0.000307
477 0.000059
478 0.000003
479 0.000000
480 0.000000
481 0.000000
482 0.000000
483 0.000000
484 0.000000
485 0.000000
486 0.000000
487 0.000000
488 0.000000
489 0.000000
490 0.000000
491 0.000000
492 0.000014
493 0.001544
494 0.000365
495 0.000006
496 0.000000
497 0.000000
498 0.000000
499 0.000000
500 0.000000
501 0.000001
502 0.000123
503 0.000250
504 0.001167
505 0.000309
506 0.000004
507 0.000000
508 0.000000
509 0.000000
510 0.000000
511 0.000000
512 0.000000
513 0.000000
514 0.000000
515 0.000000
516 0.000000
517 0.000000
518 0.000000
519 0.000000
520 0.000004
521 0.999999
522 0.198641
523 0.000039
524 0.000000
525 0.000000
526 0.000000
527 0.000000
528 0.000000
529 0.000001
530 0.000557
531 0.001309
532 0.000761
533 0.000692
534 0.000010
535 0.000001
536 0.000000
537 0.000000
538 0.000000
539 0.000000
540 0.000000
541 0.000000
542 0.000000
543 0.000000
544 0.000000
545 0.000000
546 0.000000
547 0.000000
548 0.000000
549 0.000003
550 0.000021
551 0.000717
552 0.000004
553 0.000000
554 0.000000
555 0.000000
556 0.000000
557 0.000004
558 0.001309
559 0.001354
560 0.000925
561 0.000884
562 0.000015
563 0.000002
564 0.000001
565 0.000001
566 0.000003
567 0.000001
568 0.000000
569 0.000000
570 0.000000
571 0.000000
572 0.000000
573 0.000000
574 0.000000
575 0.000000
576 0.000000
577 0.000000
578 0.000000
579 0.000002
580 0.003320
581 0.000098
582 0.000004
583 0.000000
584 0.000001
585 0.001309
586 0.001354
587 0.001561
588 0.001121
589 0.000983
590 0.000117
591 0.000011
592 0.000002
593 0.000002
594 0.000002
595 0.000001
596 0.000000
597 0.000000
598 0.000000
599 0.000000
600 0.000000
601 0.000000
602 0.000000
603 0.000000
604 0.000000
605 0.000000
606 0.000000
607 0.000000
608 0.000008
609 0.006228
610 0.000119
611 0.000053
612 0.002262
613 0.001372
614 0.001511
615 0.001561
616 0.001287
617 0.001986
618 0.003649
619 0.000796
620 0.000021
621 0.000004
622 0.000002
623 0.000001
624 0.000001
625 0.000000
626 0.000000
627 0.000000
628 0.000000
629 0.000000
630 0.000000
631 0.000000
632 0.000000
633 0.000000
634 0.000000
635 0.000000
636 0.000000
637 0.000009
638 0.001005
639 0.005903
640 0.003671
641 0.002637
642 0.000000
643 0.000000
644 0.002177
645 0.003813
646 0.007895
647 0.010001
648 0.004190
649 0.000038
650 0.000004
651 0.000001
652 0.000001
653 0.000001
654 0.000002
655 0.000006
656 0.000038
657 0.000868
658 0.004150
659 0.000156
660 0.000026
661 0.000003
662 0.000000
663 0.000000
664 0.000001
665 0.000073
666 0.010000
667 0.010493
668 0.006723
669 0.000000
670 0.000000
671 0.000000
672 0.000000
673 0.008004
674 0.010001
675 0.010001
676 0.010001
677 0.009867
678 0.000069
679 0.000018
680 0.000016
681 0.000059
682 0.000486
683 0.000462
684 0.000591
685 0.001987
686 0.008047
687 0.008646
688 0.010762
689 0.010157
690 0.000425
691 0.000272
692 0.000956
693 0.010000
694 0.010000
695 0.010000
696 0.000000
697 0.000000
698 0.000000
699 0.000000
700 0.000000
701 0.000000
702 0.010001
703 0.010001
704 0.010213
705 0.005062
706 0.002417
707 0.000895
708 0.000808
709 0.000659
710 0.000537
711 0.000486
712 0.001287
713 0.004493
714 0.010000
715 0.021420
716 0.017231
717 0.008572
718 0.004579
719 0.005250
720 0.010000
721 0.010000
722 0.010000
723 0.000000
724 0.000000
725 0.000000
726 0.000000
727 0.000000
728 0.000000
729 0.000000
730 0.000000
731 0.000000
732 0.005551
733 0.002711
734 0.001147
735 0.000925
736 0.000884
737 0.000725
738 0.000659
739 0.000868
740 0.002761
741 0.008214
742 0.010000
743 0.035387
744 0.027344
745 0.005454
746 0.004638
747 0.004697
748 0.006841
749 0.010000
750 0.000000
751 0.000000
752 0.000000
753 0.000000
754 0.000000
755 0.000000
756 0.000000
757 0.000000
758 0.000000
759 0.000000
760 0.000000
761 0.001575
762 0.001179
763 0.000968
764 0.000925
765 0.000884
766 0.000845
767 0.001796
768 0.004801
769 0.010000
770 0.013448
771 0.034275
772 0.028632
773 0.006904
774 0.004638
775 0.004757
776 0.004817
777 0.000000
778 0.000145
779 0.000075
780 0.000000
781 0.000000
782 0.000000
783 0.000000
