4
0	-1	-1	-1	-1	
1	-1	-1	-1	-1	
2	-1	-1	-1	-1	
3	-1	-1	-1	-1	
4	-1	-1	-1	-1	
5	-1	-1	-1	-1	
6	-1	-1	-1	-1	
7	-1	-1	-1	-1	
8	-1	-1	-1	-1	
9	-1	-1	-1	-1	
10	-1	-1	-1	-1	
11	-1	-1	-1	-1	
12	-1	-1	-1	-1	
13	-1	-1	-1	-1	
14	-1	-1	-1	-1	
15	-1	-1	-1	-1	
16	-1	-1	-1	-1	
17	-1	-1	-1	-1	
18	-1	-1	-1	-1	
19	-1	-1	-1	-1	
20	-1	-1	-1	-1	
21	-1	-1	-1	-1	
22	-1	-1	-1	-1	
23	-1	-1	-1	-1	
24	-1	-1	-1	-1	
25	-1	-1	-1	-1	
26	-1	-1	-1	-1	
27	-1	-1	-1	-1	
28	-1	-1	-1	-1	
29	-1	-1	-1	-1	
30	-1	-1	-1	-1	
31	-1	-1	-1	-1	
32	-1	-1	-1	-1	
33	-1	-1	-1	-1	
34	-1	-1	-1	-1	
35	-1	-1	-1	-1	
36	-1	-1	-1	-1	
37	-1	-1	-1	-1	
38	-1	-1	-1	-1	
39	-1	-1	-1	-1	
40	-1	-1	-1	-1	
41	-1	-1	-1	-1	
42	-1	-1	-1	-1	
43	-1	-1	-1	-1	
44	-1	-1	-1	-1	
45	-1	-1	-1	-1	
46	-1	-1	-1	-1	
47	-1	-1	-1	-1	
48	-1	-1	-1	-1	
49	-1	-1	-1	-1	
50	-1	-1	-1	-1	
51	-1	-1	-1	-1	
52	-1	-1	-1	-1	
53	-1	-1	-1	-1	
54	-1	-1	-1	-1	
55	-1	-1	-1	-1	
56	-1	-1	-1	-1	
57	-1	-1	-1	-1	
58	-1	-1	-1	-1	
59	-1	-1	-1	-1	
60	-1	-1	-1	-1	
61	-1	-1	-1	-1	
62	-1	-1	-1	-1	
63	-1	-1	-1	-1	
64	-1	-1	-1	-1	
65	-1	-1	-1	-1	
66	-1	-1	-1	-1	
67	-1	-1	-1	-1	
68	-1	-1	-1	-1	
69	-1	-1	-1	-1	
70	-1	-1	-1	-1	
71	-1	-1	-1	-1	
72	-1	-1	-1	-1	
73	-1	-1	-1	-1	
74	-1	-1	-1	-1	
75	-1	-1	-1	-1	
76	-1	-1	-1	-1	
77	-1	-1	-1	-1	
78	-1	-1	-1	-1	
79	-1	-1	-1	-1	
80	-1	-1	-1	-1	
81	-1	-1	-1	-1	
82	-1	-1	-1	-1	
83	-1	-1	-1	-1	
84	-1	-1	223	-1	
85	-1	-1	250	-1	
86	-1	-1	223	-1	
87	-1	-1	223	-1	
88	-1	-1	223	-1	
89	-1	-1	250	-1	
90	-1	-1	249	-1	
91	-1	-1	276	-1	
92	-1	-1	249	-1	
93	-1	-1	249	-1	
94	-1	-1	249	-1	
95	-1	-1	249	-1	
96	-1	-1	222	-1	
97	-1	-1	249	-1	
98	-1	-1	248	-1	
99	-1	-1	275	-1	
100	-1	-1	248	-1	
101	-1	-1	248	-1	
102	-1	-1	248	-1	
103	-1	-1	248	-1	
104	-1	-1	248	-1	
105	-1	-1	248	-1	
106	-1	-1	248	-1	
107	-1	-1	248	-1	
108	-1	-1	248	-1	
109	-1	-1	247	-1	
110	-1	-1	274	-1	
111	-1	-1	274	-1	
112	-1	-1	274	-1	
113	-1	-1	274	-1	
114	-1	-1	274	-1	
115	-1	-1	274	-1	
116	-1	-1	274	-1	
117	-1	-1	247	-1	
118	-1	-1	247	-1	
119	-1	-1	246	-1	
120	-1	-1	246	-1	
121	-1	-1	246	-1	
122	-1	-1	246	-1	
123	-1	-1	246	-1	
124	-1	-1	246	-1	
125	-1	-1	245	-1	
126	-1	-1	245	-1	
127	-1	-1	245	-1	
128	-1	-1	245	-1	
129	-1	-1	245	-1	
130	-1	-1	245	-1	
131	-1	-1	245	-1	
132	-1	-1	245	-1	
133	-1	-1	245	-1	
134	-1	-1	245	-1	
135	-1	-1	244	-1	
136	-1	-1	244	-1	
137	-1	-1	244	-1	
138	-1	-1	244	-1	
139	-1	-1	244	-1	
140	-1	-1	244	-1	
141	-1	-1	243	-1	
142	-1	-1	243	-1	
143	-1	-1	243	-1	
144	-1	-1	243	-1	
145	-1	-1	243	-1	
146	-1	-1	243	-1	
147	-1	-1	242	-1	
148	-1	-1	242	-1	
149	-1	-1	242	-1	
150	-1	-1	242	-1	
151	-1	-1	242	-1	
152	-1	-1	242	-1	
153	-1	-1	241	-1	
154	-1	-1	241	-1	
155	-1	-1	241	-1	
156	-1	-1	241	-1	
157	-1	-1	241	-1	
158	-1	-1	241	-1	
159	-1	-1	240	-1	
160	-1	-1	240	-1	
161	-1	-1	240	-1	
162	-1	-1	240	-1	
163	-1	-1	240	-1	
164	-1	-1	240	-1	
165	-1	-1	240	-1	
166	-1	-1	239	-1	
167	-1	-1	239	-1	
168	-1	-1	239	-1	
169	-1	-1	239	-1	
170	-1	-1	239	-1	
171	-1	-1	239	-1	
172	-1	-1	239	-1	
173	-1	-1	238	-1	
174	-1	-1	238	-1	
175	-1	-1	238	-1	
176	-1	-1	238	-1	
177	-1	-1	238	-1	
178	-1	-1	237	-1	
179	-1	-1	237	-1	
180	-1	-1	237	-1	
181	-1	-1	237	-1	
182	-1	-1	237	-1	
183	-1	-1	237	-1	
184	-1	-1	236	-1	
185	-1	-1	236	-1	
186	-1	-1	236	-1	
187	-1	-1	236	-1	
188	-1	-1	236	-1	
189	-1	-1	236	-1	
190	-1	-1	236	-1	
191	-1	-1	236	-1	
192	-1	-1	235	-1	
193	-1	-1	235	-1	
194	-1	-1	235	-1	
195	-1	-1	263	-1	
196	-1	-1	263	-1	
197	-1	-1	263	-1	
198	-1	-1	263	-1	
199	-1	-1	263	-1	
200	-1	-1	263	-1	
201	-1	-1	262	-1	
202	-1	-1	262	-1	
203	-1	-1	262	-1	
204	-1	-1	262	-1	
205	-1	-1	262	-1	
206	-1	-1	262	-1	
207	-1	-1	262	-1	
208	-1	-1	261	-1	
209	-1	-1	261	-1	
210	-1	-1	261	-1	
211	-1	-1	261	-1	
212	-1	-1	261	-1	
213	-1	-1	261	-1	
214	-1	-1	261	-1	
215	-1	-1	261	-1	
216	-1	-1	261	-1	
217	-1	-1	261	-1	
218	-1	-1	260	-1	
219	-1	-1	260	-1	
220	-1	-1	288	-1	
221	-1	-1	288	-1	
222	-1	-1	288	-1	
223	-1	-1	288	-1	
224	-1	-1	288	-1	
225	-1	-1	288	-1	
226	-1	-1	288	-1	
227	-1	-1	287	-1	
228	-1	-1	287	-1	
229	-1	-1	287	-1	
230	-1	-1	287	-1	
231	-1	-1	315	-1	
232	-1	-1	315	-1	
233	-1	-1	315	-1	
234	-1	-1	315	-1	
235	-1	-1	315	-1	
236	-1	-1	315	-1	
237	-1	-1	315	-1	
238	-1	-1	315	-1	
239	-1	-1	315	-1	
240	-1	-1	315	-1	
241	-1	-1	343	-1	
242	-1	-1	343	-1	
243	-1	-1	343	-1	
244	-1	-1	343	-1	
245	-1	-1	342	-1	
246	-1	-1	342	-1	
247	-1	-1	342	-1	
248	-1	-1	342	-1	
249	-1	-1	342	-1	
250	-1	-1	342	-1	
251	-1	-1	370	-1	
252	-1	-1	370	-1	
253	-1	-1	370	-1	
254	-1	-1	370	-1	
255	-1	-1	370	-1	
256	-1	-1	370	-1	
257	-1	-1	398	-1	
258	-1	-1	398	-1	
259	-1	-1	398	-1	
260	-1	-1	398	-1	
261	-1	-1	398	-1	
262	-1	-1	398	-1	
263	-1	-1	398	-1	
264	-1	-1	398	-1	
265	-1	-1	398	-1	
266	-1	-1	398	-1	
267	-1	-1	426	-1	
268	-1	-1	426	-1	
269	-1	-1	426	-1	
270	-1	-1	426	-1	
271	-1	-1	426	-1	
272	-1	-1	426	-1	
273	-1	-1	426	-1	
274	-1	-1	426	-1	
275	-1	-1	426	-1	
276	-1	-1	426	-1	
277	-1	-1	427	-1	
278	-1	-1	427	-1	
279	-1	-1	427	-1	
280	-1	-1	427	-1	
281	-1	-1	427	-1	
282	-1	-1	427	-1	
283	-1	-1	427	-1	
284	-1	-1	427	-1	
285	-1	-1	428	-1	
286	-1	-1	428	-1	
287	-1	-1	428	-1	
288	-1	-1	428	-1	
289	-1	-1	428	-1	
290	-1	-1	428	-1	
291	-1	-1	428	-1	
292	-1	-1	428	-1	
293	-1	-1	428	-1	
294	-1	-1	428	-1	
295	-1	-1	428	-1	
296	-1	-1	429	-1	
297	-1	-1	429	-1	
298	-1	-1	429	-1	
299	-1	-1	429	-1	
300	-1	-1	429	-1	
301	-1	-1	429	-1	
302	-1	-1	429	-1	
303	-1	-1	429	-1	
304	-1	-1	430	-1	
305	-1	-1	430	-1	
306	-1	-1	430	-1	
307	-1	-1	430	-1	
308	-1	-1	430	-1	
309	-1	-1	430	-1	
310	-1	-1	430	-1	
311	-1	-1	458	-1	
312	-1	-1	431	-1	
313	-1	-1	431	-1	
314	-1	-1	459	-1	
315	-1	-1	459	-1	
316	-1	-1	459	-1	
317	-1	-1	459	-1	
318	-1	-1	459	-1	
319	-1	-1	459	-1	
320	-1	-1	432	-1	
321	-1	-1	460	-1	
322	-1	-1	460	-1	
323	-1	-1	460	-1	
324	-1	-1	460	-1	
325	-1	-1	460	-1	
326	-1	-1	460	-1	
327	-1	-1	433	-1	
328	-1	-1	433	-1	
329	-1	-1	433	-1	
330	-1	-1	433	-1	
331	-1	-1	433	-1	
332	-1	-1	434	-1	
333	-1	-1	462	-1	
334	-1	-1	462	-1	
335	-1	-1	462	-1	
336	-1	-1	462	-1	
337	-1	-1	462	-1	
338	-1	-1	462	-1	
339	-1	-1	463	-1	
340	-1	-1	463	-1	
341	-1	-1	463	-1	
342	-1	-1	463	-1	
343	-1	-1	463	-1	
344	-1	-1	463	-1	
345	-1	-1	463	-1	
346	-1	-1	463	-1	
347	-1	-1	464	-1	
348	-1	-1	464	-1	
349	-1	-1	464	-1	
350	-1	-1	464	-1	
351	-1	-1	464	-1	
352	-1	-1	464	-1	
353	-1	-1	464	-1	
354	-1	-1	465	-1	
355	-1	-1	465	-1	
356	-1	-1	465	-1	
357	-1	-1	465	-1	
358	-1	-1	465	-1	
359	-1	-1	465	-1	
360	-1	-1	465	-1	
361	-1	-1	465	-1	
362	-1	-1	494	-1	
363	-1	-1	494	-1	
364	-1	-1	494	-1	
365	-1	-1	494	-1	
366	-1	-1	494	-1	
367	-1	-1	466	-1	
368	-1	-1	494	-1	
369	-1	-1	466	-1	
370	-1	-1	466	-1	
371	-1	-1	466	-1	
372	-1	-1	466	-1	
373	-1	-1	495	-1	
374	-1	-1	495	-1	
375	-1	-1	495	-1	
376	-1	-1	495	-1	
377	-1	-1	495	-1	
378	-1	-1	495	-1	
379	-1	-1	495	-1	
380	-1	-1	495	-1	
381	-1	-1	496	-1	
382	-1	-1	496	-1	
383	-1	-1	496	-1	
384	-1	-1	496	-1	
385	-1	-1	496	-1	
386	-1	-1	496	-1	
387	-1	-1	496	-1	
388	-1	-1	496	-1	
389	-1	-1	496	-1	
390	-1	-1	496	-1	
391	-1	-1	496	-1	
392	-1	-1	496	-1	
393	-1	-1	496	-1	
394	-1	-1	496	-1	
395	-1	-1	525	-1	
396	-1	-1	525	-1	
397	-1	-1	525	-1	
398	-1	-1	525	-1	
399	-1	-1	525	-1	
400	-1	-1	525	-1	
401	-1	-1	525	-1	
402	-1	-1	525	-1	
403	-1	-1	525	-1	
404	-1	-1	525	-1	
405	-1	-1	525	-1	
406	-1	-1	525	-1	
407	-1	-1	525	-1	
408	-1	-1	525	-1	
409	-1	-1	525	-1	
410	-1	-1	525	-1	
411	-1	-1	525	-1	
412	-1	-1	525	-1	
413	-1	-1	525	-1	
414	-1	-1	525	-1	
415	-1	-1	525	-1	
416	-1	-1	525	-1	
417	-1	-1	525	-1	
418	-1	-1	525	-1	
419	-1	-1	525	-1	
420	-1	-1	525	-1	
421	-1	-1	525	-1	
422	-1	195	525	-1	
423	-1	195	525	-1	
424	-1	195	525	-1	
425	-1	195	525	-1	
426	-1	195	525	-1	
427	-1	195	525	-1	
428	-1	195	525	-1	
429	-1	195	525	-1	
430	-1	222	525	-1	
431	-1	221	525	-1	
432	-1	221	496	-1	
433	-1	221	496	-1	
434	-1	221	496	-1	
435	-1	221	496	-1	
436	-1	221	496	-1	
437	-1	221	496	-1	
438	-1	221	495	-1	
439	-1	221	495	-1	
440	-1	194	495	-1	
441	-1	167	495	-1	
442	-1	167	495	-1	
443	-1	166	495	-1	
444	-1	193	495	-1	
445	-1	220	495	-1	
446	-1	220	495	-1	
447	-1	220	495	-1	
448	-1	220	495	-1	
449	-1	220	494	-1	
450	-1	220	494	-1	
451	-1	220	494	-1	
452	-1	247	494	-1	
453	-1	247	494	-1	
454	-1	247	494	-1	
455	-1	246	494	-1	
456	-1	246	494	-1	
457	-1	247	493	-1	
458	-1	247	493	-1	
459	-1	247	493	-1	
460	-1	247	493	-1	
461	-1	246	493	-1	
462	-1	273	493	-1	
463	-1	273	493	-1	
464	-1	273	493	-1	
465	-1	273	492	-1	
466	-1	273	492	-1	
467	-1	273	492	-1	
468	-1	273	492	-1	
469	-1	273	492	-1	
470	-1	301	492	-1	
471	-1	301	492	-1	
472	-1	300	492	-1	
473	-1	300	463	-1	
474	-1	300	463	-1	
475	-1	300	463	-1	
476	-1	300	463	-1	
477	-1	328	463	-1	
478	-1	328	463	-1	
479	-1	328	463	-1	
480	-1	328	463	-1	
481	-1	328	462	-1	
482	-1	327	462	-1	
483	-1	327	462	-1	
484	-1	355	462	-1	
485	-1	355	462	-1	
486	-1	355	462	-1	
487	-1	355	462	-1	
488	-1	355	462	-1	
489	-1	354	462	-1	
490	-1	354	433	-1	
491	-1	354	433	-1	
492	-1	354	461	-1	
493	-1	354	461	-1	
494	-1	354	461	-1	
495	-1	354	461	-1	
496	-1	381	461	-1	
497	-1	381	461	-1	
498	-1	381	461	-1	
499	-1	381	460	-1	
500	-1	381	460	-1	
501	-1	409	460	-1	
502	-1	409	460	-1	
503	-1	409	460	-1	
504	-1	409	459	-1	
505	-1	409	459	-1	
506	-1	409	459	-1	
507	-1	409	459	-1	
508	-1	436	431	-1	
509	-1	436	431	-1	
510	-1	436	431	-1	
511	-1	436	431	-1	
512	-1	436	430	-1	
513	-1	436	430	-1	
514	-1	436	430	-1	
515	-1	436	430	-1	
516	-1	464	430	-1	
517	-1	464	430	-1	
518	-1	464	430	-1	
519	-1	464	430	-1	
520	-1	464	430	-1	
521	-1	464	429	-1	
522	-1	491	429	-1	
523	-1	491	429	-1	
524	-1	491	429	-1	
525	-1	491	429	-1	
526	-1	491	429	-1	
527	-1	491	429	-1	
528	-1	491	429	-1	
529	-1	491	429	-1	
530	-1	519	429	-1	
531	-1	519	456	-1	
532	-1	519	456	-1	
533	-1	519	456	-1	
534	-1	519	456	-1	
535	-1	519	456	-1	
536	-1	519	456	-1	
537	-1	519	456	-1	
538	-1	547	456	-1	
539	-1	547	456	-1	
540	-1	547	456	-1	
541	-1	547	456	-1	
542	-1	547	428	-1	
543	-1	547	428	-1	
544	-1	547	455	-1	
545	-1	547	455	-1	
546	-1	547	483	-1	
547	-1	547	483	-1	
548	-1	547	483	-1	
549	-1	575	483	-1	
550	-1	575	483	-1	
551	-1	576	483	-1	
552	-1	576	483	-1	
553	-1	576	483	-1	
554	-1	576	483	-1	
555	-1	576	483	-1	
556	-1	576	483	-1	
557	-1	576	510	-1	
558	-1	576	510	-1	
559	-1	576	510	-1	
560	-1	576	510	-1	
561	-1	576	510	-1	
562	-1	576	510	-1	
563	-1	576	510	-1	
564	-1	577	510	-1	
565	-1	577	510	-1	
566	-1	577	510	-1	
567	-1	577	510	-1	
568	-1	577	510	-1	
569	-1	577	510	-1	
570	-1	577	510	-1	
571	-1	577	510	-1	
572	-1	577	510	-1	
573	-1	577	510	-1	
574	-1	577	510	-1	
575	-1	578	510	-1	
576	-1	578	510	-1	
577	-1	578	510	-1	
578	-1	578	510	-1	
579	-1	578	510	-1	
580	-1	578	510	-1	
581	-1	578	510	-1	
582	-1	578	510	-1	
583	-1	578	510	-1	
584	-1	578	510	-1	
585	-1	550	510	-1	
586	-1	550	510	-1	
587	-1	550	510	-1	
588	-1	550	510	-1	
589	-1	550	510	-1	
590	-1	550	510	-1	
591	-1	550	510	-1	
592	-1	551	510	-1	
593	-1	523	510	-1	
594	-1	523	510	-1	
595	-1	523	510	-1	
596	-1	523	510	-1	
597	-1	523	510	-1	
598	-1	523	510	-1	
599	-1	523	510	-1	
600	-1	523	510	-1	
601	-1	523	510	-1	
602	-1	523	510	-1	
603	-1	495	510	-1	
604	-1	495	510	-1	
605	-1	495	510	-1	
606	-1	496	510	-1	
607	-1	496	510	-1	
608	-1	496	483	-1	
609	-1	496	483	-1	
610	-1	468	483	-1	
611	-1	468	483	-1	
612	-1	468	483	-1	
613	-1	468	483	-1	
614	-1	469	483	-1	
615	-1	469	483	-1	
616	-1	469	483	-1	
617	-1	469	483	-1	
618	-1	440	483	-1	
619	-1	440	483	-1	
620	-1	440	483	-1	
621	-1	440	483	-1	
622	-1	440	483	-1	
623	-1	440	483	-1	
624	-1	412	483	-1	
625	-1	412	483	-1	
626	-1	412	456	-1	
627	-1	412	456	-1	
628	-1	412	456	-1	
629	-1	384	456	-1	
630	-1	384	456	-1	
631	-1	384	456	-1	
632	-1	384	456	-1	
633	-1	384	456	-1	
634	-1	384	456	-1	
635	-1	384	456	-1	
636	-1	384	456	-1	
637	-1	356	456	-1	
638	-1	356	456	-1	
639	-1	356	428	-1	
640	-1	356	428	-1	
641	-1	356	428	-1	
642	-1	356	428	-1	
643	-1	356	428	-1	
644	-1	356	428	-1	
645	-1	356	428	-1	
646	-1	328	428	-1	
647	-1	328	428	-1	
648	-1	328	428	-1	
649	-1	328	428	-1	
650	-1	328	428	-1	
651	-1	328	428	-1	
652	-1	328	428	-1	
653	-1	327	428	-1	
654	-1	299	428	-1	
655	-1	299	428	-1	
656	-1	299	428	-1	
657	-1	299	428	-1	
658	-1	299	428	-1	
659	-1	299	428	-1	
660	-1	299	428	-1	
661	-1	299	428	-1	
662	-1	298	428	-1	
663	-1	298	428	-1	
664	-1	270	428	-1	
665	-1	270	428	-1	
666	-1	270	428	-1	
667	-1	270	428	-1	
668	-1	270	428	-1	
669	-1	270	428	-1	
670	-1	270	428	-1	
671	-1	269	428	-1	
672	-1	269	428	-1	
673	-1	269	428	-1	
674	-1	269	428	-1	
675	-1	241	428	-1	
676	-1	241	428	-1	
677	-1	241	428	-1	
678	-1	241	428	-1	
679	-1	240	428	-1	
680	-1	240	428	-1	
681	-1	240	428	-1	
682	-1	240	428	-1	
683	-1	240	428	-1	
684	-1	240	428	-1	
685	-1	240	428	-1	
686	-1	240	428	-1	
687	-1	240	428	-1	
688	-1	239	428	-1	
689	-1	239	428	-1	
690	-1	239	428	-1	
691	-1	211	428	-1	
692	-1	211	428	-1	
693	-1	211	428	-1	
694	-1	211	428	-1	
695	-1	210	428	-1	
696	-1	210	428	-1	
697	-1	210	428	-1	
698	-1	210	428	-1	
699	-1	210	428	-1	
700	-1	210	428	-1	
701	-1	210	428	-1	
702	-1	210	428	-1	
703	-1	209	428	-1	
704	-1	209	428	-1	
705	-1	209	428	-1	
706	-1	209	428	-1	
707	-1	209	428	-1	
708	-1	209	428	-1	
709	-1	209	429	-1	
710	-1	209	429	-1	
711	-1	209	429	-1	
712	-1	209	429	-1	
713	-1	209	429	-1	
714	-1	208	429	-1	
715	-1	208	429	-1	
716	-1	208	429	-1	
717	-1	208	429	-1	
718	-1	208	429	-1	
719	-1	208	429	-1	
720	-1	208	429	-1	
721	-1	207	430	-1	
722	-1	207	430	-1	
723	-1	207	430	-1	
724	-1	207	430	-1	
725	-1	207	430	-1	
726	-1	207	430	-1	
727	-1	207	430	-1	
728	-1	207	431	-1	
729	-1	207	431	-1	
730	-1	207	431	-1	
731	-1	207	431	-1	
732	-1	235	431	-1	
733	-1	235	431	-1	
734	-1	235	431	-1	
735	-1	234	432	-1	
736	-1	234	432	-1	
737	-1	234	432	-1	
738	-1	234	432	-1	
739	-1	234	432	-1	
740	-1	234	432	-1	
741	-1	234	432	-1	
742	-1	234	433	-1	
743	-1	262	433	-1	
744	-1	262	433	-1	
745	-1	262	433	-1	
746	-1	262	433	-1	
747	-1	261	433	-1	
748	-1	261	433	-1	
749	-1	261	433	-1	
750	-1	261	406	-1	
751	-1	261	434	-1	
752	-1	261	434	-1	
753	-1	261	434	-1	
754	-1	261	434	-1	
755	-1	289	435	-1	
756	-1	289	435	-1	
757	-1	289	435	-1	
758	-1	289	435	-1	
759	-1	289	435	-1	
760	-1	289	435	-1	
761	-1	289	435	-1	
762	-1	289	435	-1	
763	-1	317	436	-1	
764	-1	317	436	-1	
765	-1	317	436	-1	
766	-1	317	436	-1	
767	-1	317	436	-1	
768	-1	317	436	-1	
769	-1	345	436	-1	
770	-1	345	436	-1	
771	-1	345	437	-1	
772	-1	345	437	-1	
773	-1	345	437	-1	
774	-1	345	437	-1	
775	-1	373	437	-1	
776	-1	373	437	-1	
777	-1	373	437	-1	
778	-1	373	437	-1	
779	-1	373	466	-1	
780	-1	372	466	-1	
781	-1	372	466	-1	
782	-1	372	466	-1	
783	-1	372	466	-1	
784	-1	400	466	-1	
785	-1	400	466	-1	
786	-1	400	466	-1	
787	-1	400	467	-1	
788	-1	400	467	-1	
789	-1	400	467	-1	
790	-1	400	467	-1	
791	-1	428	467	-1	
792	-1	428	467	-1	
793	-1	428	467	-1	
794	-1	428	467	-1	
795	-1	428	467	-1	
796	-1	428	467	-1	
797	-1	428	467	-1	
798	-1	456	467	-1	
799	-1	456	467	-1	
800	-1	456	467	-1	
801	-1	456	467	-1	
802	-1	456	467	-1	
803	-1	456	496	-1	
804	-1	456	496	-1	
805	-1	456	496	-1	
806	-1	484	496	-1	
807	-1	484	496	-1	
808	-1	484	496	-1	
809	-1	484	468	-1	
810	-1	484	497	-1	
811	-1	484	497	-1	
812	-1	512	497	-1	
813	-1	512	497	-1	
814	-1	512	497	-1	
815	-1	512	497	-1	
816	-1	512	497	-1	
817	-1	512	497	-1	
818	-1	512	497	-1	
819	-1	512	497	-1	
820	-1	540	497	-1	
821	-1	540	497	-1	
822	-1	541	497	-1	
823	-1	541	497	-1	
824	-1	541	497	-1	
825	-1	541	497	-1	
826	-1	541	497	-1	
827	-1	541	497	-1	
828	-1	541	497	-1	
829	-1	569	497	-1	
830	-1	569	468	-1	
831	-1	569	468	-1	
832	-1	569	468	-1	
833	-1	569	468	-1	
834	-1	570	468	-1	
835	-1	570	468	-1	
836	-1	570	468	-1	
837	-1	570	468	-1	
838	-1	570	468	-1	
839	-1	570	467	-1	
840	-1	570	467	-1	
841	-1	570	467	-1	
842	-1	570	467	-1	
843	-1	570	467	-1	
844	-1	570	467	-1	
845	-1	570	467	-1	
846	-1	570	467	-1	
847	-1	598	467	-1	
848	-1	598	467	-1	
849	195	599	467	-1	
850	194	599	467	-1	
851	221	599	467	-1	
852	248	599	466	-1	
853	247	599	466	-1	
854	247	600	466	-1	
855	247	600	466	-1	
856	247	600	466	-1	
857	247	600	466	-1	
858	247	600	466	-1	
859	247	600	466	-1	
860	247	600	465	-1	
861	246	601	465	-1	
862	273	601	465	-1	
863	273	601	465	-1	
864	273	601	465	-1	
865	273	601	465	-1	
866	273	601	465	-1	
867	273	601	465	-1	
868	273	601	465	-1	
869	273	602	465	-1	
870	273	602	465	-1	
871	273	602	465	-1	
872	272	602	464	-1	
873	272	602	464	-1	
874	272	602	464	-1	
875	272	602	464	-1	
876	272	603	464	-1	
877	272	603	464	-1	
878	272	603	464	-1	
879	271	603	464	-1	
880	271	603	463	-1	
881	271	604	463	-1	
882	271	604	463	-1	
883	271	604	463	-1	
884	271	604	463	-1	
885	298	604	463	-1	
886	270	604	491	-1	
887	270	604	491	-1	
888	270	605	491	-1	
889	270	605	491	-1	
890	270	577	490	-1	
891	270	577	490	-1	
892	270	577	490	-1	
893	270	577	490	-1	
894	269	577	490	-1	
895	269	577	490	-1	
896	269	578	490	-1	
897	269	578	490	-1	
898	269	578	490	-1	
899	269	578	490	-1	
900	269	577	490	-1	
901	268	577	490	-1	
902	268	578	517	-1	
903	268	578	517	-1	
904	268	550	517	-1	
905	268	550	517	-1	
906	268	550	517	-1	
907	268	550	517	-1	
908	267	550	517	-1	
909	267	550	517	-1	
910	267	551	516	-1	
911	267	551	516	-1	
912	295	551	516	-1	
913	295	551	516	-1	
914	295	523	516	-1	
915	295	523	516	-1	
916	295	523	516	-1	
917	294	523	516	-1	
918	294	523	516	-1	
919	294	523	516	-1	
920	294	523	515	-1	
921	294	523	515	-1	
922	294	495	515	-1	
923	294	495	515	-1	
924	294	495	515	-1	
925	294	495	515	-1	
926	293	495	515	-1	
927	293	495	514	-1	
928	293	467	514	-1	
929	293	467	514	-1	
930	293	467	514	-1	
931	293	468	514	-1	
932	293	468	514	-1	
933	293	468	514	-1	
934	293	468	514	-1	
935	293	468	514	-1	
936	293	440	514	-1	
937	292	440	514	-1	
938	292	440	514	-1	
939	292	440	513	-1	
940	292	440	513	-1	
941	292	440	513	-1	
942	292	412	513	-1	
943	292	412	513	-1	
944	291	412	513	-1	
945	291	412	513	-1	
946	291	412	513	-1	
947	291	412	513	-1	
948	291	384	513	-1	
949	291	384	513	-1	
950	291	384	513	-1	
951	291	384	512	-1	
952	291	384	512	-1	
953	291	384	512	-1	
954	291	384	512	-1	
955	290	384	512	-1	
956	290	383	512	-1	
957	290	383	512	-1	
958	290	355	511	-1	
959	290	355	511	-1	
960	290	355	511	-1	
961	290	355	511	-1	
962	290	355	511	-1	
963	290	355	511	-1	
964	290	355	511	-1	
965	289	327	511	-1	
966	289	327	483	-1	
967	289	327	483	-1	
968	289	327	483	-1	
969	289	327	483	-1	
970	289	326	483	-1	
971	289	326	483	-1	
972	289	326	483	-1	
973	289	326	483	-1	
974	289	298	482	-1	
975	289	298	482	-1	
976	288	298	482	-1	
977	288	298	482	-1	
978	288	298	482	-1	
979	288	298	482	-1	
980	288	298	482	-1	
981	288	297	454	-1	
982	288	297	454	-1	
983	288	269	454	-1	
984	288	269	454	-1	
985	316	269	454	-1	
986	316	269	454	-1	
987	316	269	454	-1	
988	316	269	454	-1	
989	316	269	454	-1	
990	316	269	454	-1	
991	316	269	454	-1	
992	316	269	454	-1	
993	316	269	454	-1	
994	316	268	454	-1	
995	316	268	454	-1	
996	316	268	454	-1	
997	316	268	426	-1	
998	316	268	426	-1	
999	316	268	426	-1	
1000	316	268	426	-1	
1001	316	268	426	-1	
1002	344	268	426	-1	
1003	344	268	426	-1	
1004	344	268	426	-1	
1005	344	296	426	-1	
1006	344	296	426	-1	
1007	344	296	426	-1	
1008	344	296	426	-1	
1009	344	296	426	-1	
1010	344	296	426	-1	
1011	344	296	426	-1	
1012	344	296	426	-1	
1013	344	296	454	-1	
1014	372	296	454	-1	
1015	372	296	454	-1	
1016	372	296	454	-1	
1017	372	324	454	-1	
1018	372	324	454	-1	
1019	372	324	454	-1	
1020	372	324	454	-1	
1021	372	324	454	-1	
1022	372	324	454	-1	
1023	372	324	454	-1	
1024	372	324	454	-1	
1025	372	352	454	-1	
1026	372	352	427	-1	
1027	372	352	427	-1	
1028	372	352	427	-1	
1029	372	352	427	-1	
1030	372	352	427	-1	
1031	372	352	427	-1	
1032	372	381	427	-1	
1033	372	381	426	-1	
1034	372	381	426	-1	
1035	372	381	426	-1	
1036	372	381	426	-1	
1037	372	381	426	-1	
1038	372	381	426	-1	
1039	372	381	398	-1	
1040	400	381	398	-1	
1041	401	409	398	-1	
1042	401	409	398	-1	
1043	401	409	398	-1	
1044	401	409	398	-1	
1045	401	409	398	-1	
1046	401	409	398	-1	
1047	401	409	398	-1	
1048	401	409	398	-1	
1049	402	438	398	-1	
1050	402	438	370	-1	
1051	402	438	370	-1	
1052	402	438	370	-1	
1053	402	438	370	-1	
1054	402	438	370	-1	
1055	402	438	370	-1	
1056	402	466	370	-1	
1057	402	466	370	-1	
1058	403	466	370	-1	
1059	403	466	370	-1	
1060	403	466	343	-1	
1061	403	466	343	-1	
1062	403	466	343	-1	
1063	403	494	343	-1	
1064	403	494	315	-1	
1065	403	494	315	-1	
1066	403	494	315	-1	
1067	403	494	315	-1	
1068	404	494	315	-1	
1069	404	494	315	-1	
1070	404	494	315	-1	
1071	404	522	315	-1	
1072	404	522	315	-1	
1073	404	522	315	-1	
1074	404	522	315	-1	
1075	404	521	315	-1	
1076	405	521	315	-1	
1077	405	521	315	-1	
1078	405	521	315	-1	
1079	405	521	315	-1	
1080	405	521	315	-1	
1081	405	521	315	-1	
1082	405	521	315	-1	
1083	378	521	287	-1	
1084	378	521	287	-1	
1085	406	521	287	-1	
1086	406	548	287	-1	
1087	406	548	287	-1	
1088	406	548	287	-1	
1089	406	548	287	-1	
1090	407	548	287	-1	
1091	407	548	287	-1	
1092	407	548	288	-1	
1093	407	547	288	-1	
1094	407	547	288	-1	
1095	407	547	288	-1	
1096	407	547	288	-1	
1097	408	547	288	-1	
1098	408	547	288	-1	
1099	408	546	288	-1	
1100	408	546	288	-1	
1101	408	546	288	-1	
1102	408	546	288	-1	
1103	408	546	261	-1	
1104	408	546	261	-1	
1105	408	546	261	-1	
1106	409	546	261	-1	
1107	409	546	261	-1	
1108	409	573	261	-1	
1109	409	573	261	-1	
1110	409	573	261	-1	
1111	409	573	261	-1	
1112	409	573	261	-1	
1113	437	573	261	-1	
1114	437	573	261	-1	
1115	437	573	262	-1	
1116	438	572	262	-1	
1117	438	572	262	-1	
1118	438	572	262	-1	
1119	438	572	262	-1	
1120	438	572	262	-1	
1121	438	572	262	-1	
1122	438	572	262	-1	
1123	438	572	262	-1	
1124	438	571	263	-1	
1125	438	571	263	-1	
1126	438	571	263	-1	
1127	467	571	263	-1	
1128	467	571	263	-1	
1129	467	571	263	-1	
1130	467	570	263	-1	
1131	467	570	236	-1	
1132	467	570	236	-1	
1133	467	570	236	-1	
1134	467	570	236	-1	
1135	467	570	236	-1	
1136	467	570	236	-1	
1137	467	570	236	-1	
1138	468	570	236	-1	
1139	468	570	236	-1	
1140	468	570	236	-1	
1141	468	569	237	-1	
1142	468	596	237	-1	
1143	468	596	237	-1	
1144	468	596	237	-1	
1145	468	596	265	-1	
1146	468	596	265	-1	
1147	496	596	265	-1	
1148	496	596	265	-1	
1149	496	596	266	-1	
1150	496	595	266	-1	
1151	496	568	266	-1	
1152	496	568	266	-1	
1153	496	568	266	-1	
1154	496	568	266	-1	
1155	496	568	266	-1	
1156	497	567	266	-1	
1157	497	567	266	-1	
1158	497	567	267	-1	
1159	497	567	267	-1	
1160	497	567	267	-1	
1161	497	567	267	-1	
1162	525	539	267	-1	
1163	525	539	267	-1	
1164	525	539	295	-1	
1165	525	539	268	-1	
1166	525	539	268	-1	
1167	525	539	268	-1	
1168	526	511	296	-1	
1169	526	511	296	-1	
1170	526	511	296	-1	
1171	526	511	296	-1	
1172	526	511	296	-1	
1173	526	510	296	-1	
1174	555	510	296	-1	
1175	555	510	296	-1	
1176	526	510	296	-1	
1177	526	510	297	-1	
1178	526	510	297	-1	
1179	526	482	297	-1	
1180	526	482	297	-1	
1181	526	482	297	-1	
1182	554	482	297	-1	
1183	554	509	297	-1	
1184	554	481	297	195	
1185	554	481	325	222	
1186	554	481	326	249	
1187	554	481	326	248	
1188	554	481	326	248	
1189	554	453	326	248	
1190	554	453	326	247	
1191	554	453	326	247	
1192	554	453	326	247	
1193	554	453	326	247	
1194	554	453	326	247	
1195	554	453	326	247	
1196	554	453	326	247	
1197	553	425	326	246	
1198	553	425	354	245	
1199	553	425	354	245	
1200	553	425	354	245	
1201	553	425	354	245	
1202	553	425	354	245	
1203	582	425	354	245	
1204	581	425	354	245	
1205	581	425	354	245	
1206	581	397	354	245	
1207	581	397	354	245	
1208	581	397	354	245	
1209	581	397	354	245	
1210	581	397	354	273	
1211	581	397	354	272	
1212	581	397	354	272	
1213	581	397	383	272	
1214	581	397	383	272	
1215	581	397	383	272	
1216	581	369	382	272	
1217	581	369	382	272	
1218	581	369	382	272	
1219	581	369	383	272	
1220	581	369	383	272	
1221	581	369	383	299	
1222	581	369	383	299	
1223	552	341	411	299	
1224	552	341	411	299	
1225	552	341	411	299	
1226	552	314	411	299	
1227	552	314	411	299	
1228	552	314	411	298	
1229	552	314	411	298	
1230	553	314	411	298	
1231	553	314	411	298	
1232	553	314	411	298	
1233	553	314	411	298	
1234	553	314	411	325	
1235	553	314	411	325	
1236	553	314	411	325	
1237	524	286	411	325	
1238	524	286	439	325	
1239	524	286	439	325	
1240	525	286	439	324	
1241	525	286	439	324	
1242	525	286	439	352	
1243	525	287	439	352	
1244	525	287	439	352	
1245	525	287	466	352	
1246	525	287	466	351	
1247	525	259	466	351	
1248	525	259	466	351	
1249	496	259	466	351	
1250	496	259	466	351	
1251	496	259	466	351	
1252	497	259	466	351	
1253	497	259	466	351	
1254	497	260	466	350	
1255	497	260	466	350	
1256	497	260	466	350	
1257	497	260	466	350	
1258	469	260	466	350	
1259	469	260	465	350	
1260	469	232	465	350	
1261	469	232	465	350	
1262	469	232	465	349	
1263	469	232	465	349	
1264	441	232	465	349	
1265	441	233	493	376	
1266	441	233	493	349	
1267	441	233	493	349	
1268	413	233	493	349	
1269	442	233	492	349	
1270	442	233	492	349	
1271	442	233	492	349	
1272	414	233	492	376	
1273	414	233	492	376	
1274	414	233	492	348	
1275	414	233	492	376	
1276	414	233	492	376	
1277	414	234	492	376	
1278	414	234	492	375	
1279	414	234	491	375	
1280	414	234	491	375	
1281	414	234	463	375	
1282	414	234	463	375	
1283	386	235	463	375	
1284	386	235	463	375	
1285	386	235	463	375	
1286	386	235	463	375	
1287	386	235	463	402	
1288	386	235	463	402	
1289	386	235	463	402	
1290	386	235	463	402	
1291	386	236	462	402	
1292	386	236	462	402	
1293	386	236	462	402	
1294	358	236	462	402	
1295	358	236	462	402	
1296	358	236	462	401	
1297	329	265	462	401	
1298	329	265	462	401	
1299	329	265	462	401	
1300	329	265	462	401	
1301	329	265	462	429	
1302	329	265	462	429	
1303	329	265	433	429	
1304	329	265	433	428	
1305	329	265	433	428	
1306	329	266	433	428	
1307	329	265	433	428	
1308	329	266	433	428	
1309	329	294	433	428	
1310	329	294	433	428	
1311	329	294	433	428	
1312	329	295	433	428	
1313	329	295	433	456	
1314	301	295	433	456	
1315	301	323	404	456	
1316	301	323	404	456	
1317	301	323	404	456	
1318	301	323	404	456	
1319	301	323	404	456	
1320	301	323	404	483	
1321	301	323	404	483	
1322	301	323	404	483	
1323	301	323	404	483	
1324	301	323	375	483	
1325	301	323	375	511	
1326	300	351	375	511	
1327	272	351	375	511	
1328	272	351	375	511	
1329	272	351	375	511	
1330	272	351	375	511	
1331	272	380	375	512	
1332	272	380	375	512	
1333	272	380	375	512	
1334	271	380	375	512	
1335	271	380	375	539	
1336	271	380	375	539	
1337	271	380	403	539	
1338	271	380	374	540	
1339	271	380	374	540	
1340	271	380	374	540	
1341	271	380	374	540	
1342	271	408	374	540	
1343	271	408	374	540	
1344	270	408	374	540	
1345	270	408	373	568	
1346	270	408	373	568	
1347	270	437	373	568	
1348	270	437	373	568	
1349	270	437	373	595	
1350	270	437	373	596	
1351	270	437	373	596	
1352	269	437	373	596	
1353	269	437	373	596	
1354	269	465	373	597	
1355	269	465	373	597	
1356	269	466	372	597	
1357	269	466	372	624	
1358	269	466	344	624	
1359	269	466	344	624	
1360	269	466	344	624	
1361	269	466	344	625	
1362	269	494	344	625	
1363	269	494	344	598	
1364	268	494	344	599	
1365	268	494	343	599	
1366	268	494	343	626	
1367	268	495	343	626	
1368	268	495	343	626	
1369	268	495	343	626	
1370	268	495	343	626	
1371	268	523	343	626	
1372	268	523	343	626	
1373	268	523	343	626	
1374	268	523	343	626	
1375	268	523	343	627	
1376	268	523	343	627	
1377	295	523	343	627	
1378	295	523	343	628	
1379	295	524	343	627	
1380	295	524	343	627	
1381	295	524	371	627	
1382	295	524	371	627	
1383	295	524	371	656	
1384	295	524	371	684	
1385	295	524	371	712	
1386	295	524	371	712	
1387	295	524	371	712	
1388	295	524	398	685	
1389	295	524	398	685	
1390	295	524	398	685	
1391	295	524	398	685	
1392	295	524	398	658	
1393	295	525	398	658	
1394	322	525	398	658	
1395	322	525	398	658	
1396	322	525	398	658	
1397	322	525	398	658	
1398	322	525	398	630	
1399	322	525	398	631	
1400	322	525	398	631	
1401	322	497	398	631	
1402	322	497	425	631	
1403	322	497	453	631	
1404	322	497	453	631	
1405	322	498	453	632	
1406	322	498	453	632	
1407	322	498	453	632	
1408	321	498	453	632	
1409	321	498	453	632	
1410	349	498	453	632	
1411	349	498	453	632	
1412	349	498	453	632	
1413	349	470	453	632	
1414	349	470	453	632	
1415	349	470	453	633	
1416	349	470	453	633	
1417	349	470	481	633	
1418	349	470	481	633	
1419	349	470	481	633	
1420	349	470	481	633	
1421	349	470	481	633	
1422	349	471	481	633	
1423	349	442	481	605	
1424	349	442	454	605	
1425	349	442	454	605	
1426	377	442	454	605	
1427	377	442	454	605	
1428	376	442	454	606	
1429	376	442	454	606	
1430	376	442	454	606	
1431	376	442	482	606	
1432	376	442	482	606	
1433	376	442	482	606	
1434	376	442	482	606	
1435	376	414	482	606	
1436	376	414	482	578	
1437	376	414	482	578	
1438	376	414	510	578	
1439	376	414	483	578	
1440	376	414	483	578	
1441	403	385	483	578	
1442	375	385	483	578	
1443	375	385	511	578	
1444	375	385	511	550	
1445	375	385	511	550	
1446	375	385	511	550	
1447	375	385	511	550	
1448	375	385	511	550	
1449	375	385	511	550	
1450	375	385	511	550	
1451	403	385	512	550	
1452	403	356	512	550	
1453	402	356	512	550	
1454	402	356	512	550	
1455	402	356	512	551	
1456	402	356	512	522	
1457	402	356	512	522	
1458	402	356	512	522	
1459	402	356	512	523	
1460	401	356	512	523	
1461	401	356	512	523	
1462	401	327	541	523	
1463	401	327	541	523	
1464	401	327	541	523	
1465	401	327	541	523	
1466	401	327	541	494	
1467	401	327	541	494	
1468	401	327	541	494	
1469	401	327	541	494	
1470	400	299	541	494	
1471	400	298	542	494	
1472	400	298	542	494	
1473	400	298	542	494	
1474	400	298	542	466	
1475	400	298	542	466	
1476	372	298	542	466	
1477	372	270	570	466	
1478	372	270	570	466	
1479	372	269	570	466	
1480	371	269	570	466	
1481	371	269	570	466	
1482	371	269	570	466	
1483	371	269	570	466	
1484	371	269	570	466	
1485	371	269	570	466	
1486	371	269	570	466	
1487	371	241	571	466	
1488	371	240	571	466	
1489	371	240	571	438	
1490	371	240	571	437	
1491	371	240	571	437	
1492	371	240	571	437	
1493	343	240	544	437	
1494	343	240	573	437	
1495	343	240	573	437	
1496	343	212	573	437	
1497	343	212	573	437	
1498	343	212	573	437	
1499	343	211	573	437	
